0
0 d=791
0
791 A 4 0 -1 2 1 -2
791 A 5 0 2 1 -2 -1
791 A 6 0 -1 2 1 -2
791 A 8 0 3 2 -3 -2
791 A 8 0 -3 2 3 -2
791 A 8 0 1 2 -1 -2
791 A 8 0 -1 2 1 -2
791 A 9 0 -1 2 1 -2
791 A 10 0 3 4 -3 -4
791 A 11 0 -1 2 1 -2
791 A 12 0 5 2 -5 -2
791 A 12 0 -1 2 1 -2
791 A -1 1 89 0 -89 0
791 A 0 1 89 0 -89 0
791 A -2 1 51 0 -51 0
791 A -2 1 49 0 -49 0
791 A -2 1 97 1 -97 -1
791 A 1 1 51 0 -51 0
791 A 1 1 49 0 -49 0
791 A 1 1 -98 1 98 -1
791 A -3 1 64 1 -64 -1
791 A -3 1 35 0 -35 0
791 A -3 1 98 1 -98 -1
791 A 2 1 -99 1 99 -1
791 A 2 1 35 0 -35 0
791 A 2 1 -65 1 65 -1
791 A -4 1 37 1 -37 -1
791 A -4 1 29 0 -29 0
791 A 3 1 29 0 -29 0
791 A 3 1 -38 1 38 -1
791 A 15 0 7 1 -7 -1
791 A 15 0 -2 4 2 -4
791 A -6 1 31 1 -31 -1
791 A -6 1 65 2 -65 -2
791 A 5 1 -32 1 32 -1
791 A 5 1 -67 2 67 -2
791 A -7 1 57 2 -57 -2
791 A -7 1 24 1 -24 -1
791 A -7 1 75 2 -75 -2
791 A -7 1 34 1 -34 -1
791 A 6 1 -77 2 77 -2
791 A 6 1 -35 1 35 -1
791 A 6 1 -25 1 25 -1
791 A 6 1 -59 2 59 -2
791 A 16 0 -5 2 5 -2
791 A 16 0 -3 6 3 -6
791 A 16 0 3 2 -3 -2
791 A 16 0 5 6 -5 -6
791 A -9 1 82 3 -82 -3
791 A 8 1 -85 3 85 -3
791 A -10 1 87 4 -87 -4
791 A 9 1 -91 4 91 -4
791 A 17 0 7 3 -7 -3
791 A -11 1 67 4 -67 -4
791 A 10 1 -71 4 71 -4
791 A 18 0 -1 2 1 -2
791 A 19 0 7 5 -7 -5
791 A -14 1 25 1 -25 -1
791 A 13 1 -26 1 26 -1
791 A 20 0 7 6 -7 -6
791 A 20 0 -3 6 3 -6
791 A -15 1 20 1 -20 -1
791 A -15 1 37 2 -37 -2
791 A -15 1 79 6 -79 -6
791 A 14 1 -39 2 39 -2
791 A 14 1 -85 6 85 -6
791 A 14 1 -21 1 21 -1
791 A 22 0 -1 2 1 -2
791 A -18 1 73 6 -73 -6
791 A 17 1 -79 6 79 -6
791 A -19 1 47 6 -47 -6
791 A 18 1 -53 6 53 -6
791 A 24 0 11 2 -11 -2
791 A 24 0 -11 4 11 -4
791 A 24 0 -11 10 11 -10
791 A 24 0 7 10 -7 -10
791 A 24 0 7 4 -7 -4
791 A 24 0 -7 2 7 -2
791 A 24 0 5 2 -5 -2
791 A 24 0 -5 4 5 -4
791 A 24 0 1 10 -1 -10
791 A 24 0 1 4 -1 -4
791 A 24 0 -5 10 5 -10
791 A -22 1 23 3 -23 -3
791 A 21 1 -26 3 26 -3
791 A 27 0 8 11 -8 -11
791 A -1 2 -171 1 171 -1
791 A -8 2 29 0 -29 0
791 A 6 2 29 0 -29 0
791 A 30 0 -7 14 7 -14
791 A -14 2 35 2 -35 -2
791 A 12 2 -37 2 37 -2
791 A -31 1 66 13 -66 -13
791 A -31 1 2 3 -2 -3
791 A 30 1 -79 13 79 -13
791 A 30 1 -5 3 5 -3
791 A -22 2 21 2 -21 -2
791 A 20 2 -23 2 23 -2
791 A 40 0 -7 4 7 -4
791 A 40 0 3 4 -3 -4
791 A 38 1 -17 4 17 -4
791 A -39 1 13 4 -13 -4
791 A 5 0 -1 2 -1 2
791 A 17 0 6 5 6 5
791 A 25 0 -6 12 -6 12
791 A 5 0 -2 2 0 1
791 A 5 0 -1 1 0 2
791 A 7 0 -4 3 1 3
791 A 7 0 -4 2 1 1
791 A 7 0 -3 1 2 1
791 A 7 0 -3 2 2 -3
791 A 7 0 -3 3 0 -1
791 A 7 0 2 2 -2 1
791 A 7 0 -2 2 0 2
791 A 7 0 1 2 1 -3
791 A 7 0 -1 1 0 -3
791 A 9 0 -5 4 2 -1
791 A 9 0 4 1 2 -4
791 A 9 0 -4 2 -2 -2
791 A 9 0 1 4 -1 -1
791 A 11 0 -6 5 2 -1
791 A 11 0 -6 4 2 4
791 A 11 0 -6 3 2 2
791 A 11 0 -6 2 2 1
791 A 11 0 5 1 2 -4
791 A 11 0 -5 1 -2 5
791 A 11 0 -5 2 -2 -5
791 A 11 0 -5 3 -2 -3
791 A 11 0 -5 4 -2 3
791 A 11 0 -7 5 -3 -2
791 A 11 0 -7 4 -3 -4
791 A 11 0 4 3 -3 -5
791 A 11 0 4 2 -3 1
791 A 11 0 4 1 -3 5
791 A 11 0 -4 1 3 1
791 A 11 0 -4 2 3 3
791 A 11 0 -4 3 3 -2
791 A 11 0 -4 5 3 -4
791 A 11 0 1 5 -1 -1
791 A 11 0 1 4 -1 3
791 A 11 0 1 3 -1 -2
791 A 11 0 -1 5 1 -4
791 A 13 0 -7 6 6 -3
791 A 13 0 -7 5 -1 4
791 A 13 0 -7 4 4 1
791 A 13 0 -7 3 -3 1
791 A 13 0 -7 2 -1 -3
791 A 13 0 6 1 1 -2
791 A 13 0 -6 1 -3 2
791 A 13 0 -6 2 3 -5
791 A 13 0 -6 4 -3 -6
791 A 13 0 -6 5 -4 6
791 A 13 0 -6 6 0 -5
791 A 13 0 -8 6 4 -1
791 A 13 0 -8 5 2 -1
791 A 13 0 -8 4 2 2
791 A 13 0 5 3 -4 -5
791 A 13 0 5 2 4 -3
791 A 13 0 5 1 1 2
791 A 13 0 -5 1 3 4
791 A 13 0 -5 2 3 2
791 A 13 0 -5 3 -1 5
791 A 13 0 -5 4 1 4
791 A 13 0 -5 5 0 -6
791 A 13 0 -5 6 1 -6
791 A 13 0 -9 6 -2 -4
791 A 13 0 4 4 -4 2
791 A 13 0 4 3 2 1
791 A 13 0 4 2 2 -5
791 A 13 0 -4 4 0 -1
791 A 13 0 -4 5 2 3
791 A 13 0 3 5 -1 -1
791 A 13 0 3 3 -1 -6
791 A 13 0 3 1 -2 -6
791 A 13 0 -3 3 0 3
791 A 13 0 -3 4 2 5
791 A 13 0 -2 2 0 -2
791 A 13 0 -2 3 1 -3
791 A 13 0 1 5 -2 6
791 A 13 0 -1 1 0 -4
791 A 13 0 -2 4 -3 6
791 A -1 1 97 0 -49 0
791 A -1 1 95 0 25 0
791 A -1 1 91 0 -37 0
791 A -1 1 83 0 31 0
791 A -1 1 73 0 -19 0
791 A -1 1 71 0 -53 0
791 A -1 1 67 0 65 0
791 A -1 1 59 0 -47 0
791 A -1 1 43 0 23 0
791 A -1 1 35 0 -17 0
791 A 0 1 97 0 -49 0
791 A 0 1 95 0 25 0
791 A 0 1 91 0 -37 0
791 A 0 1 83 0 31 0
791 A 0 1 73 0 -19 0
791 A 0 1 71 0 -53 0
791 A 0 1 67 0 65 0
791 A 0 1 59 0 -47 0
791 A 0 1 43 0 23 0
791 A 0 1 35 0 -17 0
791 A -2 1 95 1 -33 0
791 A -2 1 91 1 43 0
791 A -2 1 81 1 53 0
791 A -2 1 79 1 77 1
791 A -2 1 69 1 -31 0
791 A -2 1 61 0 59 0
791 A -2 1 47 0 17 0
791 A -2 1 41 0 39 0
791 A -2 1 37 0 27 0
791 A -2 1 21 0 19 0
791 A 1 1 61 0 59 0
791 A 1 1 53 0 82 -1
791 A 1 1 47 0 17 0
791 A 1 1 43 0 92 -1
791 A 1 1 41 0 39 0
791 A 1 1 37 0 27 0
791 A 1 1 33 0 -96 1
791 A 1 1 31 0 -70 1
791 A 1 1 21 0 19 0
791 A 1 1 -78 1 -80 1
791 A -3 1 94 1 -58 -1
791 A -3 1 88 1 62 1
791 A -3 1 70 1 92 1
791 A -3 1 52 1 86 1
791 A -3 1 46 1 -25 0
791 A -3 1 40 1 -19 0
791 A -3 1 50 1 -74 -1
791 A -3 1 68 1 -23 0
791 A 2 1 -95 1 59 -1
791 A 2 1 -93 1 -71 1
791 A 2 1 -89 1 -63 1
791 A 2 1 -87 1 -53 1
791 A 2 1 25 0 -47 1
791 A 2 1 23 0 -69 1
791 A 2 1 19 0 -41 1
791 A 2 1 -51 1 75 -1
791 A -4 1 27 1 -57 -1
791 A -4 1 39 1 79 1
791 A -4 1 43 1 63 1
791 A -4 1 55 1 -85 -1
791 A -4 1 95 2 49 1
791 A -4 1 75 1 93 2
791 A -4 1 23 0 69 1
791 A -4 1 33 1 17 0
791 A 3 1 -86 1 56 -1
791 A 3 1 -80 1 -40 1
791 A 3 1 23 0 70 -1
791 A 3 1 17 0 34 -1
791 A 3 1 -28 1 58 -1
791 A 3 1 -64 1 -44 1
791 A 3 1 -76 1 -95 2
791 A 3 1 -97 2 -50 1
791 A -5 1 34 1 85 2
791 A -5 1 24 1 15 0
791 A -5 1 19 0 -23 0
791 A -5 1 36 1 91 2
791 A -5 1 71 2 -30 -1
791 A -5 1 81 2 93 2
791 A -5 1 97 2 50 1
791 A -5 1 67 2 -17 0
791 A -5 1 52 1 60 1
791 A -5 1 42 1 46 1
791 A -5 1 32 1 48 1
791 A -5 1 22 1 -95 -2
791 A -5 1 73 2 21 0
791 A 4 1 17 0 -69 2
791 A 4 1 21 0 75 -2
791 A 4 1 -25 1 -15 0
791 A 4 1 -33 1 -49 1
791 A 4 1 -37 1 -93 2
791 A 4 1 -53 1 -61 1
791 A 4 1 -73 2 31 -1
791 A 4 1 -97 2 23 -1
791 A 4 1 19 0 -23 0
791 A 4 1 -35 1 -87 2
791 A 4 1 -43 1 -47 1
791 A 4 1 -51 1 -99 2
791 A 4 1 -83 2 -95 2
791 A 15 0 -5 4 2 -7
791 A 15 0 -5 7 -1 -4
791 A 15 0 4 7 -1 2
791 A -6 1 91 3 17 1
791 A -6 1 91 2 -25 -1
791 A -6 1 73 2 53 1
791 A -6 1 67 2 89 2
791 A -6 1 61 2 -19 -1
791 A -6 1 55 2 17 0
791 A -6 1 55 1 59 2
791 A -6 1 49 1 23 1
791 A -6 1 43 1 89 3
791 A -6 1 37 1 47 1
791 A 5 1 -54 1 -75 2
791 A 5 1 -44 1 -92 3
791 A 5 1 -26 1 93 -2
791 A 5 1 -56 1 -61 2
791 A 5 1 -91 2 -69 2
791 A 5 1 17 0 57 -2
791 A 5 1 -18 1 -94 3
791 A 5 1 -38 1 -48 1
791 A 5 1 -63 2 20 -1
791 A 5 1 -50 1 -24 1
791 A -7 1 92 3 -17 0
791 A -7 1 22 1 77 2
791 A -7 1 80 3 12 1
791 A -7 1 59 2 16 1
791 A -7 1 45 2 47 2
791 A -7 1 63 2 -46 -1
791 A 6 1 -95 3 17 0
791 A 6 1 -65 2 47 -1
791 A 6 1 -13 1 -83 3
791 A 6 1 -49 2 -47 2
791 A 6 1 -61 2 -17 1
791 A 6 1 -79 2 -23 1
791 A -8 1 13 1 -89 -4
791 A -8 1 45 2 -17 -1
791 A -8 1 81 3 -59 -2
791 A -8 1 73 3 -39 -2
791 A -8 1 49 2 -35 -1
791 A -8 1 33 1 -23 -1
791 A -8 1 25 1 -61 -2
791 A -8 1 71 3 -91 -4
791 A -8 1 87 4 -87 -3
791 A -8 1 63 2 37 1
791 A -8 1 39 1 19 1
791 A -8 1 11 1 -83 -3
791 A -8 1 51 2 -67 -3
791 A 7 1 -36 1 51 -2
791 A 7 1 -20 1 -40 1
791 A 7 1 -34 1 24 -1
791 A 7 1 -41 2 76 -3
791 A 7 1 -90 3 91 -4
791 A 7 1 -38 1 -65 2
791 A 7 1 -18 1 47 -2
791 A 7 1 -53 2 70 -3
791 A 7 1 -74 3 95 -4
791 A 7 1 -61 2 84 -3
791 A 7 1 -86 3 12 -1
791 A 7 1 -93 4 14 -1
791 A 7 1 -63 2 26 -1
791 A 16 0 -9 6 1 2
791 A 16 0 -7 2 -1 6
791 A 16 0 -7 6 -1 -6
791 A 16 0 -5 6 5 2
791 A 16 0 -3 2 3 6
791 A 16 0 -1 2 -7 -2
791 A -9 1 85 4 20 1
791 A -9 1 76 3 -70 -3
791 A -9 1 22 1 -43 -2
791 A -9 1 14 1 -38 -1
791 A -9 1 41 2 -83 -4
791 A -9 1 77 4 34 1
791 A -9 1 74 3 -95 -4
791 A -9 1 91 4 8 1
791 A -9 1 55 2 -28 -1
791 A -9 1 10 1 53 2
791 A 8 1 -11 1 -55 2
791 A 8 1 -35 1 -81 4
791 A 8 1 -43 2 87 -4
791 A 8 1 -99 4 77 -3
791 A 8 1 -21 1 -89 4
791 A 8 1 -29 1 57 -2
791 A 8 1 -45 2 23 -1
791 A 8 1 -73 3 79 -3
791 A 8 1 -15 1 39 -1
791 A 8 1 -95 4 -9 1
791 A -10 1 13 1 15 1
791 A -10 1 27 1 -69 -4
791 A -10 1 27 2 29 2
791 A -10 1 67 4 -25 -1
791 A -10 1 87 5 73 3
791 A -10 1 81 4 79 4
791 A -10 1 9 1 -61 -3
791 A -10 1 19 1 89 5
791 A -10 1 59 3 35 2
791 A -10 1 21 1 45 2
791 A -10 1 41 2 -55 -3
791 A 9 1 -22 1 -47 2
791 A 9 1 -31 2 -29 2
791 A 9 1 -58 3 43 -2
791 A 9 1 -76 3 -92 5
791 A 9 1 -85 4 -83 4
791 A 9 1 -94 5 -20 1
791 A 9 1 -26 1 71 -4
791 A 9 1 -10 1 64 -3
791 A 9 1 -28 1 73 -4
791 A 9 1 -37 2 -62 3
791 A 9 1 -16 1 -14 1
791 A 17 0 -9 8 -1 -8
791 A 17 0 -9 7 8 -6
791 A 17 0 -9 6 7 -3
791 A 17 0 -9 2 -2 -3
791 A 17 0 -8 2 -4 -7
791 A 17 0 -8 5 2 -8
791 A 17 0 -8 7 -11 8
791 A 17 0 -8 8 0 6
791 A 17 0 -10 8 7 -6
791 A 17 0 -10 7 -6 3
791 A 17 0 -10 4 -3 -2
791 A 17 0 -7 2 2 -6
791 A 17 0 -7 4 2 -3
791 A 17 0 -7 7 0 2
791 A 17 0 -11 7 -6 -2
791 A 17 0 -6 4 2 4
791 A 17 0 -6 6 0 8
791 A 17 0 -6 7 -3 4
791 A 17 0 -6 8 -3 -5
791 A 17 0 -12 8 1 2
791 A 17 0 -5 2 -6 -4
791 A 17 0 -5 3 -7 -2
791 A 17 0 -5 4 -3 5
791 A 17 0 -4 2 2 2
791 A 17 0 -4 3 1 3
791 A 17 0 -4 6 -5 -2
791 A 17 0 -3 2 4 8
791 A 17 0 -3 6 5 7
791 A 17 0 -2 2 0 7
791 A 17 0 -2 4 -1 2
791 A 17 0 -2 5 1 4
791 A 17 0 -1 3 -3 -4
791 A 17 0 -1 4 -1 7
791 A 17 0 1 6 -2 -8
791 A 17 0 1 7 3 8
791 A 17 0 2 6 -2 -7
791 A 17 0 3 3 3 7
791 A 17 0 3 6 -4 -3
791 A -11 1 71 4 -42 -3
791 A -11 1 60 3 -31 -2
791 A -11 1 16 1 35 2
791 A -11 1 50 3 86 5
791 A -11 1 26 1 -14 -1
791 A -11 1 18 1 -52 -3
791 A -11 1 29 2 -96 -5
791 A -11 1 73 4 -85 -4
791 A -11 1 84 5 69 4
791 A -11 1 80 5 51 2
791 A -11 1 46 3 -28 -1
791 A -11 1 45 2 -12 -1
791 A -11 1 65 4 -43 -2
791 A -11 1 64 3 83 4
791 A -11 1 20 1 94 5
791 A 10 1 -45 2 69 -4
791 A 10 1 -15 1 27 -1
791 A 10 1 -45 3 75 -4
791 A 10 1 -55 3 19 -1
791 A 10 1 -85 5 -53 2
791 A 10 1 -63 3 33 -2
791 A 10 1 -17 1 -37 2
791 A 10 1 -47 2 13 -1
791 A 10 1 -67 3 -87 4
791 A 10 1 -77 4 89 -4
791 A 10 1 -101 5 31 -2
791 A 10 1 -21 1 -99 5
791 A 10 1 -29 1 49 -3
791 A 10 1 -89 5 -73 4
791 A 10 1 -91 5 -53 3
791 A 18 0 7 4 5 8
791 A 18 0 -7 2 -5 -2
791 A 18 0 -7 8 -5 4
791 A 18 0 1 4 -1 8
791 A -12 1 29 2 -77 -5
791 A -12 1 65 4 37 3
791 A -12 1 11 1 31 1
791 A -12 1 55 3 17 1
791 A -12 1 43 3 47 2
791 A 11 1 -49 2 -46 3
791 A 11 1 -82 5 31 -2
791 A 11 1 -18 1 -58 3
791 A 11 1 -69 4 -40 3
791 A 11 1 -32 1 -12 1
791 A -13 1 21 2 -61 -4
791 A -13 1 24 1 -41 -2
791 A -13 1 66 5 75 4
791 A -13 1 12 1 -46 -3
791 A -13 1 56 3 -28 -1
791 A -13 1 17 2 55 4
791 A -13 1 91 6 90 5
791 A -13 1 52 3 22 1
791 A -13 1 16 1 35 2
791 A 12 1 -19 2 -59 4
791 A 12 1 -43 2 25 -1
791 A 12 1 -55 3 -23 1
791 A 12 1 -79 4 -71 5
791 A 12 1 -95 5 -97 6
791 A 12 1 -59 3 29 -1
791 A 12 1 -13 1 49 -3
791 A 12 1 -37 2 -17 1
791 A 12 1 -65 4 23 -2
791 A 19 0 -10 9 8 -4
791 A 19 0 -10 4 -3 -2
791 A 19 0 -10 3 5 -6
791 A 19 0 -9 3 -9 5
791 A 19 0 -9 4 -7 2
791 A 19 0 -9 7 -5 -8
791 A 19 0 -9 9 0 -5
791 A 19 0 -11 9 8 -2
791 A 19 0 -8 5 4 -6
791 A 19 0 -8 7 1 7
791 A 19 0 -8 9 -3 8
791 A 19 0 -12 7 -6 3
791 A 19 0 -7 4 -1 5
791 A 19 0 -7 6 2 -7
791 A 19 0 -13 9 5 -3
791 A 19 0 -13 8 -2 -7
791 A 19 0 -6 2 -4 -2
791 A 19 0 -6 6 0 2
791 A 19 0 -6 7 3 -2
791 A 19 0 -6 9 -1 3
791 A 19 0 -5 2 -6 -4
791 A 19 0 -5 5 0 -9
791 A 19 0 -5 7 -1 -6
791 A 19 0 -5 8 -1 9
791 A 19 0 -5 9 -4 9
791 A 19 0 -4 5 3 4
791 A 19 0 -3 9 -2 3
791 A 19 0 -2 2 0 6
791 A 19 0 -2 6 -3 -5
791 A 19 0 -1 2 -8 -3
791 A 19 0 -1 6 -7 -3
791 A 19 0 -1 7 -1 -2
791 A 19 0 1 9 -4 -4
791 A 19 0 2 3 -4 -9
791 A 19 0 2 9 -6 -2
791 A 19 0 3 3 5 7
791 A 19 0 4 5 6 3
791 A 19 0 5 2 5 4
791 A 19 0 5 9 -6 -7
791 A -14 1 21 2 17 1
791 A -14 1 63 4 -43 -4
791 A -14 1 33 2 -39 -3
791 A -14 1 75 6 71 5
791 A -14 1 73 6 83 6
791 A -14 1 13 1 -85 -7
791 A -14 1 57 4 -23 -1
791 A 13 1 -18 1 -23 2
791 A 13 1 -76 5 -81 6
791 A 13 1 -24 1 61 -4
791 A 13 1 -67 4 47 -4
791 A 13 1 -35 2 42 -3
791 A 13 1 -14 1 92 -7
791 A 13 1 -79 6 -89 6
791 A 20 0 -11 6 -5 2
791 A 20 0 9 2 -1 2
791 A 20 0 -7 2 -5 6
791 A 20 0 5 6 3 2
791 A 20 0 5 2 -1 6
791 A -15 1 25 2 44 3
791 A -15 1 35 2 -53 -4
791 A -15 1 17 2 -86 -7
791 A -15 1 32 3 -23 -2
791 A -15 1 92 7 -14 -1
791 A -15 1 68 5 52 3
791 A -15 1 61 4 -70 -5
791 A 14 1 -65 4 75 -5
791 A 14 1 -37 2 57 -4
791 A 14 1 -19 2 93 -7
791 A 14 1 -47 3 -27 2
791 A 14 1 -73 5 -55 3
791 A 14 1 -15 1 99 -7
791 A 14 1 -25 2 35 -3
791 A -16 1 57 5 99 7
791 A -16 1 93 7 15 2
791 A -16 1 61 6 21 2
791 A -16 1 67 6 -11 -2
791 A -16 1 83 6 51 4
791 A -16 1 23 3 21 1
791 A -16 1 71 6 59 5
791 A -16 1 15 1 49 4
791 A -16 1 81 7 27 2
791 A 15 1 -22 1 -26 3
791 A 15 1 -67 6 -23 2
791 A 15 1 -64 5 -77 6
791 A 15 1 -89 6 -55 4
791 A 15 1 -29 2 -88 7
791 A 15 1 -16 1 -53 4
791 A 15 1 -106 7 -62 5
791 A 15 1 -13 2 73 -6
791 A 15 1 -100 7 -17 2
791 A 21 0 -11 10 8 -4
791 A 21 0 -8 10 -1 5
791 A 21 0 4 4 -1 -10
791 A 21 0 -4 5 -2 10
791 A -17 1 65 6 78 7
791 A -17 1 26 3 75 6
791 A -17 1 53 4 -33 -4
791 A -17 1 15 2 92 7
791 A -17 1 81 6 45 4
791 A -17 1 64 5 24 1
791 A -17 1 91 8 62 5
791 A -17 1 23 2 -16 -1
791 A 16 1 -71 6 -85 7
791 A 16 1 -87 6 -49 4
791 A 16 1 -17 1 25 -2
791 A 16 1 -17 2 -99 7
791 A 16 1 -81 6 -29 3
791 A 16 1 -69 5 -25 1
791 A 16 1 -37 4 57 -4
791 A 16 1 -67 5 -99 8
791 A -18 1 25 1 -85 -7
791 A -18 1 29 3 31 3
791 A -18 1 65 7 -41 -3
791 A -18 1 23 1 -83 -7
791 A -18 1 37 4 -19 -1
791 A -18 1 35 4 -71 -6
791 A -18 1 31 2 65 6
791 A 17 1 -20 1 41 -4
791 A 17 1 -71 6 -33 2
791 A 17 1 -26 1 92 -7
791 A 17 1 -77 6 39 -4
791 A 17 1 -32 3 -34 3
791 A 17 1 -72 7 44 -3
791 A 17 1 -24 1 90 -7
791 A 23 0 -12 9 -1 -3
791 A 23 0 -12 7 -11 3
791 A 23 0 -12 5 -10 6
791 A 23 0 -12 3 8 -5
791 A 23 0 -12 2 -7 -6
791 A 23 0 -11 7 7 -5
791 A 23 0 -13 11 -5 7
791 A 23 0 -13 9 -5 6
791 A 23 0 -13 7 -8 6
791 A 23 0 -13 6 -10 -2
791 A 23 0 -13 5 -9 3
791 A 23 0 -10 3 -9 6
791 A 23 0 -10 4 -5 -11
791 A 23 0 -14 9 -8 4
791 A 23 0 9 5 2 -4
791 A 23 0 9 3 -3 -5
791 A 23 0 -9 4 -4 6
791 A 23 0 -9 11 -7 4
791 A 23 0 -15 9 -8 11
791 A 23 0 8 5 6 3
791 A 23 0 8 3 5 7
791 A 23 0 -8 3 1 -4
791 A 23 0 -16 11 -6 -4
791 A 23 0 -16 10 6 10
791 A 23 0 7 9 -4 8
791 A 23 0 7 5 4 6
791 A 23 0 7 3 3 6
791 A 23 0 -7 3 6 -7
791 A 23 0 -7 11 -5 8
791 A 23 0 6 11 3 -6
791 A 23 0 6 9 -3 11
791 A 23 0 6 7 2 6
791 A 23 0 -6 6 0 -3
791 A 23 0 5 9 4 4
791 A 23 0 5 4 -2 6
791 A 23 0 5 3 3 -4
791 A 23 0 4 9 -1 6
791 A 23 0 4 7 -2 -5
791 A 23 0 4 3 1 -7
791 A 23 0 -4 3 -3 -9
791 A 23 0 3 4 -2 11
791 A 23 0 -3 3 0 -6
791 A 23 0 2 11 -2 7
791 A 23 0 -3 8 -4 11
791 A -19 1 15 2 49 6
791 A -19 1 88 9 69 8
791 A -19 1 18 1 -16 -3
791 A -19 1 55 6 55 4
791 A 18 1 -61 6 -59 4
791 A 18 1 -97 9 -77 8
791 A 18 1 -19 1 19 -3
791 A 18 1 -55 6 -17 2
791 A -20 1 31 4 51 5
791 A -20 1 67 7 75 7
791 A -20 1 65 8 -49 -5
791 A -20 1 15 3 51 4
791 A -20 1 55 6 -29 -4
791 A -20 1 17 2 -31 -2
791 A -20 1 61 6 -39 -3
791 A -20 1 19 2 -9 -2
791 A -20 1 35 3 33 2
791 A 19 1 -42 3 67 -6
791 A 19 1 -18 3 -55 4
791 A 19 1 -56 5 -35 4
791 A 19 1 -21 2 11 -2
791 A 19 1 -82 7 -74 7
791 A 19 1 -33 2 19 -2
791 A 19 1 -35 2 -38 3
791 A 19 1 -54 5 73 -8
791 A 19 1 -33 4 61 -6
791 A -21 1 16 3 -49 -4
791 A -21 1 68 9 -38 -3
791 A -21 1 67 8 29 2
791 A 20 1 -31 2 -75 8
791 A 20 1 -53 4 19 -3
791 A 20 1 -77 9 41 -3
791 A 25 0 -12 4 -3 11
791 A 25 0 -14 4 -5 -12
791 A 25 0 -15 6 -7 12
791 A 25 0 -9 3 -4 -2
791 A 25 0 -17 12 -10 -4
791 A 25 0 -8 11 8 4
791 A 25 0 -6 2 -6 -3
791 A 25 0 -5 12 9 6
791 A 25 0 -2 4 7 11
791 A -22 1 75 8 -27 -2
791 A -22 1 25 4 -81 -8
791 A -22 1 87 10 -21 -1
791 A 21 1 -83 8 29 -2
791 A 21 1 -22 1 97 -10
791 A 21 1 -89 8 29 -4
791 A -23 1 67 8 -23 -4
791 A -23 1 21 4 -12 -3
791 A -23 1 11 2 63 8
791 A -23 1 79 10 -60 -7
791 A -23 1 27 2 43 4
791 A -23 1 5 2 23 2
791 A -23 1 84 9 -29 -2
791 A 22 1 -31 2 93 -9
791 A 22 1 -75 8 27 -4
791 A 22 1 -7 2 -25 2
791 A 22 1 -29 2 -47 4
791 A 22 1 -71 8 -13 2
791 A 22 1 -25 4 15 -3
791 A 22 1 -67 7 89 -10
791 A 27 0 -11 7 -4 -7
791 A 27 0 -8 10 8 -13
791 A 27 0 -5 7 2 -7
791 A 27 0 -5 13 2 -10
791 A -24 1 59 7 73 11
791 A -24 1 29 3 85 11
791 A 23 1 -66 7 -84 11
791 A 23 1 -32 3 -96 11
791 A 28 0 -15 6 11 -2
791 A 28 0 -13 10 -11 10
791 A 28 0 -11 6 -9 6
791 A 28 0 9 6 -9 -2
791 A 28 0 -9 2 -7 2
791 A 28 0 7 2 5 2
791 A 28 0 5 6 3 6
791 A 28 0 3 10 1 10
791 A -1 2 29 0 -96 1
791 A -1 2 68 0 -175 1
791 A -1 2 -90 1 137 0
791 A -1 2 141 0 -166 1
791 A -1 2 -156 1 -162 1
791 A -3 2 178 0 -67 0
791 A -3 2 139 1 164 1
791 A -3 2 127 1 65 1
791 A -3 2 67 1 29 0
791 A -3 2 64 1 44 1
791 A -3 2 40 1 32 1
791 A -3 2 38 1 -74 -1
791 A -3 2 47 1 -41 0
791 A 1 2 178 0 -67 0
791 A 1 2 -165 1 -140 1
791 A 1 2 -128 1 -66 1
791 A 1 2 -75 1 39 -1
791 A 1 2 -68 1 -29 0
791 A 1 2 -65 1 -45 1
791 A 1 2 -48 1 41 0
791 A 1 2 -41 1 -33 1
791 A -25 1 22 3 -31 -6
791 A -25 1 32 3 -54 -5
791 A -25 1 61 10 81 10
791 A 24 1 -37 6 25 -3
791 A 24 1 -91 10 -71 10
791 A 24 1 -59 5 35 -3
791 A -5 2 173 2 68 0
791 A -5 2 67 0 136 1
791 A -5 2 117 2 -86 0
791 A -5 2 162 2 -29 0
791 A -5 2 64 1 91 0
791 A -5 2 66 1 53 0
791 A -5 2 101 2 -165 -1
791 A 3 2 -164 2 29 0
791 A 3 2 -137 1 -67 0
791 A 3 2 -119 2 86 0
791 A 3 2 68 0 175 -2
791 A 3 2 -65 1 -91 0
791 A 3 2 53 0 67 -1
791 A 3 2 -166 1 103 -2
791 A -7 2 51 1 -122 -2
791 A -7 2 68 1 126 2
791 A -7 2 188 3 -50 0
791 A -7 2 63 1 136 2
791 A 5 2 -138 2 -64 1
791 A 5 2 -128 2 -69 1
791 A 5 2 -124 2 52 -1
791 A 5 2 50 0 -191 3
791 A -8 2 119 2 -43 0
791 A 6 2 43 0 -121 2
791 A 29 0 -11 11 0 10
791 A 29 0 -19 13 -1 -7
791 A 29 0 -10 10 0 11
791 A 29 0 -10 11 5 3
791 A 29 0 -20 13 -4 5
791 A 29 0 -9 3 -9 10
791 A 29 0 8 13 5 -10
791 A 29 0 -8 3 -1 11
791 A 29 0 -8 7 -6 -13
791 A 29 0 7 13 -1 5
791 A 29 0 6 3 -1 10
791 A 29 0 -6 10 2 -5
791 A 29 0 -3 5 4 -10
791 A -26 1 49 6 13 3
791 A -26 1 35 4 9 2
791 A 25 1 -55 6 -16 3
791 A 25 1 -39 4 -11 2
791 A -9 2 31 1 137 3
791 A -9 2 133 3 -67 -1
791 A -9 2 62 2 -125 -3
791 A 7 2 -68 1 136 -3
791 A 7 2 -64 2 128 -3
791 A 7 2 -32 1 -140 3
791 A -11 2 63 2 -128 -3
791 A 9 2 -131 3 65 -2
791 A 30 0 -13 8 -5 4
791 A 30 0 5 8 1 4
791 A -27 1 35 6 -44 -7
791 A 26 1 -41 6 51 -7
791 A -13 2 173 5 -156 -4
791 A -13 2 63 2 55 1
791 A -13 2 40 1 165 4
791 A 11 2 -160 4 178 -5
791 A 11 2 -169 4 -41 1
791 A 11 2 -56 1 -65 2
791 A -28 1 85 12 -51 -7
791 A 27 1 -58 7 97 -12
791 A -14 2 99 4 -181 -6
791 A -14 2 27 2 157 6
791 A -14 2 145 6 63 2
791 A 12 2 -187 6 103 -4
791 A 12 2 -163 6 -29 2
791 A 12 2 -151 6 -65 2
791 A 31 0 -16 4 1 -10
791 A 31 0 -15 4 -9 8
791 A 31 0 -15 5 -11 10
791 A 31 0 -18 7 1 -5
791 A 31 0 12 4 9 -10
791 A 31 0 11 7 4 -5
791 A 31 0 11 4 1 8
791 A 31 0 10 5 1 10
791 A 31 0 -10 10 0 -8
791 A 31 0 -8 8 0 -10
791 A -15 2 56 1 43 1
791 A -15 2 131 5 67 2
791 A -15 2 161 6 -50 -1
791 A -15 2 50 2 61 3
791 A -15 2 68 2 46 1
791 A 13 2 -69 2 -136 5
791 A 13 2 -167 6 51 -1
791 A 13 2 -47 1 -70 2
791 A 13 2 -44 1 -57 1
791 A 13 2 -64 3 -52 2
791 A -29 1 75 12 -30 -3
791 A -29 1 55 6 -71 -12
791 A -29 1 16 3 63 10
791 A 28 1 -33 3 87 -12
791 A 28 1 -61 6 83 -12
791 A 28 1 -19 3 -73 10
791 A -30 1 49 7 -67 -10
791 A 29 1 -56 7 77 -10
791 A -18 2 187 8 167 6
791 A -18 2 179 8 -53 -2
791 A 16 2 -195 8 -173 6
791 A 16 2 -55 2 187 -8
791 A -19 2 78 5 67 3
791 A -19 2 37 2 143 8
791 A 17 2 -70 3 -83 5
791 A 17 2 -39 2 -151 8
791 A -31 1 82 15 55 10
791 A -31 1 89 12 22 3
791 A 30 1 -97 15 -65 10
791 A 30 1 -101 12 -25 3
791 A -21 2 67 3 182 8
791 A 19 2 -70 3 -190 8
791 A 35 0 -16 17 -11 12
791 A 35 0 -15 17 -1 -9
791 A 35 0 -12 12 0 -9
791 A 35 0 -10 9 2 -17
791 A 35 0 -9 9 0 -12
791 A 35 0 -1 17 -1 12
791 A -33 1 83 16 -68 -11
791 A 32 1 -79 11 99 -16
791 A -23 2 95 6 149 8
791 A -23 2 41 2 -167 -8
791 A 21 2 -43 2 175 -8
791 A 21 2 -101 6 -157 8
791 A 37 0 -16 18 2 -18
791 A 37 0 -13 14 -2 -9
791 A 37 0 -11 9 1 -14
791 A -27 2 181 13 98 6
791 A 25 2 -194 13 -104 6
791 A -30 2 37 2 161 12
791 A 28 2 -173 12 -39 2
791 A 38 1 -93 16 -25 3
791 A -39 1 77 16 22 3
791 S -6 3 10 0
791 S -2 1 10 0
791 S -2 1 5 0
791 S 1 2 5 0
791 S 1 1 4 0
791 S 3 1 10 0
791 S -1 3 10 0
791 S -5 3 8 0
791 S 1 1 8 0
791 S -6 5 12 0
791 S -6 1 12 0
791 S 6 1 15 0
791 S -6 4 15 0
791 S -3 2 15 0
791 S -3 7 15 0
791 S 0 1 6 0
791 S -4 4 9 0
791 S -2 2 9 0
791 S -1 1 9 0
791 S 0 5 11 0
791 S 0 4 11 0
791 S 0 3 11 0
791 S 0 2 11 0
791 S 0 1 11 0
791 S -3 1 6 0
791 S -6 5 14 0
791 S -4 1 14 0
791 S 2 3 14 0
791 S -3 1 12 0
791 S -3 5 12 0
791 S 3 1 7 0
791 S 2 3 7 0
791 S -1 2 7 0
791 S 2 1 12 0
791 S -2 5 12 0
791 S -5 3 14 0
791 S 3 1 14 0
791 S 1 5 14 0
791 S 2 1 6 0
791 S -5 5 11 0
791 S -4 4 11 0
791 S -3 3 11 0
791 S -2 2 11 0
791 S -1 1 11 0
791 S 0 4 9 0
791 S 0 2 9 0
791 S 0 1 9 0
791 S -1 1 6 0
791 S -7 1 15 0
791 S -4 7 15 0
791 S 2 4 15 0
791 S 1 2 15 0
791 S 5 1 12 0
791 S 1 5 12 0
791 S 2 3 8 0
791 S -2 1 8 0
791 S -4 1 10 0
791 S -2 3 10 0
791 S -2 1 4 0
791 S -3 2 5 0
791 S 1 1 5 0
791 S 3 3 10 0
791 S 1 1 10 0
791 T 1112 552 1946 0 0
791 T 1801 1421 1110 0 0
791 T 1948 954 1803 0 0
791 T 946 115 1941 0 0
791 T 923 120 1774 0 0
791 T 929 1799 1943 0 0
791 T 1421 956 552 0 0
791 T 2240 1369 1049 0 0
791 T 2765 2634 2238 0 0
791 T 1051 1773 2767 0 0
791 T 2634 1775 1369 0 0
791 T 1677 1974 2517 0 0
791 T 2519 2921 2624 0 0
791 T 2622 185 1679 0 0
791 T 3110 132 3008 0 0
791 T 2755 1267 3112 0 0
791 T 3006 149 2753 0 0
791 T 499 428 384 0 0
791 T 423 490 377 0 0
791 T 499 383 387 0 0
791 T 471 479 493 0 0
791 T 445 397 451 0 0
791 T 460 434 414 0 0
791 T 437 364 404 0 0
791 T 473 445 481 0 0
791 T 456 431 406 0 0
791 T 426 372 416 0 0
791 T 375 408 364 0 0
791 T 412 375 419 0 0
791 T 393 369 487 0 0
791 T 492 503 502 0 0
791 T 513 367 399 0 0
791 T 507 515 495 0 0
791 T 389 377 474 0 0
791 T 463 485 481 0 0
791 T 417 461 478 0 0
791 T 392 468 434 0 0
791 T 509 472 444 0 0
791 T 430 386 458 0 0
791 T 450 402 507 0 0
791 T 456 443 395 0 0
791 T 412 509 366 0 0
791 T 465 421 440 0 0
791 T 382 1143 572 0 0
791 T 570 237 497 0 0
791 T 237 1141 428 0 0
791 T 1554 1815 2183 0 0
791 T 2181 1797 2673 0 0
791 T 2675 1870 1556 0 0
791 T 1870 1799 1815 0 0
791 T 1747 1794 1769 0 0
791 T 1833 1817 1856 0 0
791 T 1868 1891 1858 0 0
791 T 1750 1762 1812 0 0
791 T 1754 1758 1780 0 0
791 T 1861 1815 1754 0 0
791 T 1823 1851 1841 0 0
791 T 1746 1774 1761 0 0
791 T 1845 1829 1876 0 0
791 T 1893 1884 1876 0 0
791 T 1810 1826 1893 0 0
791 T 1765 1781 1806 0 0
791 T 1844 1842 1844 0 0
791 T 1868 1864 1856 0 0
791 T 222 1913 1936 0 0
791 T 1934 94 1528 0 0
791 T 95 1514 1932 0 0
791 T 1526 1593 224 0 0
791 T 1534 221 1575 0 0
791 T 1517 1571 245 0 0
791 T 1593 93 1913 0 0
791 T 1563 92 1904 0 0
791 T 355 284 304 0 0
791 T 308 352 278 0 0
791 T 320 300 336 0 0
791 T 359 291 295 0 0
791 T 324 330 286 0 0
791 T 315 280 316 0 0
791 T 311 284 320 0 0
791 T 347 288 300 0 0
791 T 338 302 333 0 0
791 T 344 292 328 0 0
791 T 330 294 326 0 0
791 T 273 309 324 0 0
791 T 251 896 353 0 0
791 T 302 689 249 0 0
791 T 896 691 284 0 0
791 T 1466 744 379 0 0
791 T 791 1436 421 0 0
791 T 385 1012 572 0 0
791 T 383 239 1012 0 0
791 T 280 1131 1100 0 0
791 T 1098 65 306 0 0
791 T 352 66 1131 0 0
791 T 2486 2757 469 0 0
791 T 495 2587 2488 0 0
791 T 2757 2585 479 0 0
791 T 2099 533 1961 0 0
791 T 1963 575 2047 0 0
791 T 2045 1782 2097 0 0
791 T 1782 573 533 0 0
791 T 3108 3040 2254 0 0
791 T 2256 750 3102 0 0
791 T 3104 3140 3106 0 0
791 T 3125 3117 3136 0 0
791 T 3140 752 3040 0 0
791 T 15 2091 1688 0 0
791 T 2158 2457 16 0 0
791 T 1686 412 2160 0 0
791 T 2457 410 2091 0 0
791 T 2468 2648 2927 0 0
791 T 1016 2770 2466 0 0
791 T 2770 119 2648 0 0
791 T 2939 2582 706 0 0
791 T 708 1623 784 0 0
791 T 796 1630 683 0 0
791 T 782 2533 2937 0 0
791 T 2533 1621 2582 0 0
791 T 1489 2401 2439 0 0
791 T 2437 851 1364 0 0
791 T 1362 1358 1491 0 0
791 T 1387 1440 1428 0 0
791 T 1391 1454 1361 0 0
791 T 1464 1400 1416 0 0
791 T 1439 1423 1449 0 0
791 T 1383 1356 1349 0 0
791 T 1486 1494 1491 0 0
791 T 1432 1404 1384 0 0
791 T 1347 1412 1377 0 0
791 T 1458 1464 1476 0 0
791 T 1453 1445 1401 0 0
791 T 1435 1465 1405 0 0
791 T 1480 1348 1376 0 0
791 T 1380 1352 1372 0 0
791 T 1478 1486 1483 0 0
791 T 1359 1444 1432 0 0
791 T 1470 1395 1407 0 0
791 T 1358 849 2401 0 0
791 T 3275 14 3330 0 0
791 T 3332 519 3317 0 0
791 T 3319 829 3273 0 0
791 T 829 517 14 0 0
791 T 540 1130 2723 0 0
791 T 350 139 1130 0 0
791 T 525 451 873 0 0
791 T 875 399 215 0 0
791 T 213 445 527 0 0
791 T 2394 631 2520 0 0
791 T 2518 311 2678 0 0
791 T 2680 972 2396 0 0
791 T 972 309 631 0 0
791 T 179 2442 1642 0 0
791 T 1671 0 1644 0 0
791 T 0 2425 2442 0 0
791 T 178 1671 2425 0 0
791 T 2825 570 3097 0 0
791 T 3099 3124 420 0 0
791 T 418 3185 2827 0 0
791 T 3185 3122 570 0 0
791 T 1865 2095 2563 0 0
791 T 2561 2329 1308 0 0
791 T 1306 2476 1867 0 0
791 T 2476 2331 2095 0 0
791 T 1858 1284 1216 0 0
791 T 3090 516 1860 0 0
791 T 516 2599 1284 0 0
791 T 1990 818 3226 0 0
791 T 3228 515 2889 0 0
791 T 2891 1290 1992 0 0
791 T 1290 513 818 0 0
791 T 1605 952 14 0 0
791 T 1568 930 10 0 0
791 T 1040 728 1607 0 0
791 T 1038 738 1566 0 0
791 T 952 726 34 0 0
791 T 930 740 32 0 0
791 T 2361 2138 2119 0 0
791 T 2117 871 2403 0 0
791 T 2401 2375 2363 0 0
791 T 2243 2371 2269 0 0
791 T 2384 2300 2320 0 0
791 T 2389 2323 2303 0 0
791 T 2316 2310 2294 0 0
791 T 2414 2340 2364 0 0
791 T 2335 2333 2335 1 0
791 T 2327 2299 2283 0 0
791 T 2340 2356 2314 0 0
791 T 2308 2272 2296 0 0
791 T 2376 2378 2386 0 0
791 T 2251 2287 2281 0 0
791 T 2320 2346 2342 0 0
791 T 2399 2386 2405 0 0
791 T 2307 2360 2289 0 0
791 T 2245 2261 2253 0 0
791 T 2360 2379 2330 0 0
791 T 2375 869 2138 0 0
791 T 2643 1719 1217 0 0
791 T 2706 736 2641 0 0
791 T 1219 2180 2708 0 0
791 T 736 2178 1719 0 0
791 T 2630 3093 816 0 0
791 T 2808 2197 2632 0 0
791 T 814 193 2806 0 0
791 T 3202 3251 1454 0 0
791 T 1456 3215 2414 0 0
791 T 2416 1555 3204 0 0
791 T 1555 3213 3251 0 0
791 T 1950 1996 4 0 0
791 T 2034 469 1952 0 0
791 T 3 2183 2036 0 0
791 T 469 2181 1996 0 0
791 T 2710 868 1641 0 0
791 T 2443 866 196 0 0
791 T 1817 574 669 0 0
791 T 671 275 259 0 0
791 T 257 1530 1819 0 0
791 T 263 1919 1404 0 0
791 T 1402 1197 2656 0 0
791 T 2654 2568 261 0 0
791 T 2568 1199 1919 0 0
791 T 271 1387 1573 0 0
791 T 257 1534 1426 0 0
791 T 2791 986 2113 0 0
791 T 2622 118 2789 0 0
791 T 2115 1882 2624 0 0
791 T 118 1884 986 0 0
791 T 1906 975 116 0 0
791 T 1906 1836 962 0 0
791 T 968 1879 1912 0 0
791 T 1047 1388 420 0 0
791 T 1006 1437 1045 0 0
791 T 418 1427 1008 0 0
791 T 1210 723 239 0 0
791 T 237 2066 172 0 0
791 T 2066 721 3035 0 0
791 T 81 1707 554 0 0
791 T 2326 2881 82 0 0
791 T 556 1903 2328 0 0
791 T 2881 1901 1707 0 0
791 T 2774 1361 3251 0 0
791 T 3204 1391 2776 0 0
791 T 130 207 134 0 0
791 T 207 1319 1280 0 0
791 T 440 2080 749 0 0
791 T 751 1021 266 0 0
791 T 268 1113 438 0 0
791 T 1113 1023 2080 0 0
791 T 3246 598 3025 0 0
791 T 582 3271 3248 0 0
791 T 3027 3004 584 0 0
791 T 3271 3002 598 0 0
791 T 813 2499 1961 0 0
791 T 987 1145 815 0 0
791 T 1963 1323 985 0 0
791 T 1145 1321 2499 0 0
791 T 1908 2857 1550 0 0
791 T 1552 644 975 0 0
791 T 1508 989 648 0 0
791 T 644 2859 115 0 0
791 T 2088 1632 1977 0 0
791 T 2103 1624 1987 0 0
791 T 1979 3042 2406 0 0
791 T 2408 3071 2086 0 0
791 T 3071 3044 1632 0 0
791 T 2163 1174 1642 0 0
791 T 0 2151 2161 0 0
791 T 2151 1671 1174 0 0
791 T 2491 2811 1176 0 0
791 T 2482 2877 2489 0 0
791 T 1174 1072 2484 0 0
791 T 2877 1070 2811 0 0
791 T 1251 286 126 0 0
791 T 1249 287 108 0 0
791 T 1675 1741 230 0 0
791 T 811 1330 1673 0 0
791 T 1281 868 1741 0 0
791 T 1330 0 1283 0 0
791 T 2707 372 2843 0 0
791 T 2841 2419 735 0 0
791 T 2644 2417 372 0 0
791 T 1802 1052 387 0 0
791 T 385 2237 1634 0 0
791 T 1636 1370 1804 0 0
791 T 1167 3125 3315 0 0
791 T 1230 886 1165 0 0
791 T 3313 3276 1232 0 0
791 T 886 3274 3125 0 0
791 T 1733 2151 1462 0 0
791 T 1414 2845 1735 0 0
791 T 2845 1398 2151 0 0
791 T 7 1741 2211 0 0
791 T 2209 232 2218 0 0
791 T 224 2188 2223 0 0
791 T 2220 1673 8 0 0
791 T 434 665 616 0 0
791 T 416 616 2 0 0
791 T 1 667 458 0 0
791 T 2911 2977 7 0 0
791 T 1743 2382 2909 0 0
791 T 2977 2384 2211 0 0
791 T 2093 1923 512 0 0
791 T 510 2796 2474 0 0
791 T 2331 2794 1923 0 0
791 T 247 1646 1663 0 0
791 T 2492 266 2302 0 0
791 T 2304 795 3118 0 0
791 T 3120 1029 2490 0 0
791 T 1029 793 266 0 0
791 T 956 1082 1225 0 0
791 T 1227 255 1980 0 0
791 T 1978 919 954 0 0
791 T 919 253 1082 0 0
791 T 1350 1592 1 0 0
791 T 939 782 2 0 0
791 T 782 2633 1352 0 0
791 T 2633 939 1592 0 0
791 T 1796 2388 745 0 0
791 T 220 2049 1794 0 0
791 T 2049 676 2388 0 0
791 T 595 555 1442 0 0
791 T 85 1737 593 0 0
791 T 1737 1441 1706 0 0
791 T 1221 2610 1364 0 0
791 T 1955 2547 1223 0 0
791 T 264 1955 1362 0 0
791 T 2547 264 2610 0 0
791 T 706 2951 1811 0 0
791 T 2990 3210 708 0 0
791 T 1809 1055 2992 0 0
791 T 3210 1053 2951 0 0
791 T 2475 2836 2620 0 0
791 T 2618 2565 1866 0 0
791 T 2565 2834 1307 0 0
791 T 3131 2785 1307 0 0
791 T 2565 717 3129 0 0
791 T 2785 719 2836 0 0
791 T 3286 902 3295 0 0
791 T 3293 3318 3291 0 0
791 T 3289 3284 3288 0 0
791 T 3279 3275 3271 0 0
791 T 3284 3320 902 0 0
791 T 2144 2280 1906 0 0
791 T 1552 3093 2142 0 0
791 T 3093 2859 2280 0 0
791 T 760 901 4 0 0
791 T 600 1068 758 0 0
791 T 3 1597 598 0 0
791 T 1068 1599 901 0 0
791 T 2570 376 695 0 0
791 T 693 645 1514 0 0
791 T 1525 704 644 0 0
791 T 1516 1259 2572 0 0
791 T 1259 647 376 0 0
791 T 2601 2269 1068 0 0
791 T 1066 2369 3178 0 0
791 T 3180 2243 2603 0 0
791 T 1451 1897 1325 0 0
791 T 1271 1439 1327 0 0
791 T 1423 1271 1897 0 0
791 T 587 899 1300 0 0
791 T 1298 1312 246 0 0
791 T 1312 842 545 0 0
791 T 842 897 491 0 0
791 T 1771 2451 2105 0 0
791 T 2107 655 1745 0 0
791 T 1794 653 2451 0 0
791 T 2193 1154 2032 0 0
791 T 2030 88 630 0 0
791 T 632 1262 2195 0 0
791 T 1116 404 603 0 0
791 T 601 362 267 0 0
791 T 303 724 233 0 0
791 T 235 238 225 0 0
791 T 256 223 239 0 0
791 T 244 254 250 0 0
791 T 252 236 248 0 0
791 T 231 227 243 0 0
791 T 227 1211 301 0 0
791 T 1590 1942 2886 0 0
791 T 3081 2176 1592 0 0
791 T 2888 2260 3083 0 0
791 T 2176 2258 1942 0 0
791 T 1076 1712 1173 0 0
791 T 1695 1150 1175 0 0
791 T 1150 442 1074 0 0
791 T 442 1695 1712 0 0
791 T 964 291 2278 0 0
791 T 291 1834 2144 0 0
791 T 2147 1856 1604 0 0
791 T 1602 1819 2667 0 0
791 T 2665 1833 2145 0 0
791 T 2031 874 3219 0 0
791 T 2683 876 631 0 0
791 T 1266 2549 2289 0 0
791 T 2487 1755 1268 0 0
791 T 2291 2035 2485 0 0
791 T 1755 2033 2549 0 0
791 T 3269 3317 3297 0 0
791 T 3299 829 3277 0 0
791 T 3184 708 2124 0 0
791 T 2122 2750 1278 0 0
791 T 1280 3150 3182 0 0
791 T 3150 2752 708 0 0
791 T 214 1370 953 0 0
791 T 1945 1634 216 0 0
791 T 681 1236 1814 0 0
791 T 1816 1293 794 0 0
791 T 270 2963 2991 0 0
791 T 2989 871 3160 0 0
791 T 3158 2747 272 0 0
791 T 2747 869 2963 0 0
791 T 1622 2039 2013 0 0
791 T 2066 1625 2019 0 0
791 T 2015 1412 707 0 0
791 T 2008 1409 680 0 0
791 T 1445 686 2014 0 0
791 T 693 2024 1448 0 0
791 T 2008 686 1366 0 0
791 T 1387 708 2023 0 0
791 T 783 1410 2039 0 0
791 T 2416 2574 1997 0 0
791 T 1999 1535 980 0 0
791 T 978 1726 2414 0 0
791 T 1726 1533 2574 0 0
791 T 2080 467 1866 0 0
791 T 1860 737 2078 0 0
791 T 467 739 1891 0 0
791 T 1351 1100 2081 0 0
791 T 2083 2307 1381 0 0
791 T 1356 2305 1100 0 0
791 T 1000 2320 1649 0 0
791 T 1396 2384 998 0 0
791 T 1651 2298 1394 0 0
791 T 244 928 318 0 0
791 T 334 657 242 0 0
791 T 928 659 300 0 0
791 T 1117 221 1081 0 0
791 T 271 1424 1083 0 0
791 T 1450 259 1119 0 0
791 T 1905 2434 9 0 0
791 T 1942 442 1907 0 0
791 T 10 2431 1944 0 0
791 T 442 2429 2434 0 0
791 T 2301 3125 3042 0 0
791 T 3044 838 2391 0 0
791 T 2323 840 3125 0 0
791 T 7 1022 1666 0 0
791 T 1668 2851 3164 0 0
791 T 3162 3021 8 0 0
791 T 3021 2849 1022 0 0
791 T 2798 3014 995 0 0
791 T 3010 2780 979 0 0
791 T 767 2839 2800 0 0
791 T 993 1 765 0 0
791 T 2839 2 3014 0 0
791 T 2679 2777 1501 0 0
791 T 1503 846 545 0 0
791 T 547 2936 2677 0 0
791 T 2936 848 2777 0 0
791 T 2074 668 1111 0 0
791 T 1109 1791 1272 0 0
791 T 1270 313 2076 0 0
791 T 313 1789 668 0 0
791 T 266 1064 475 0 0
791 T 483 651 268 0 0
791 T 1064 649 445 0 0
791 T 2613 1257 2999 0 0
791 T 2997 1516 1446 0 0
791 T 1448 2572 2615 0 0
791 T 333 1121 946 0 0
791 T 948 393 317 0 0
791 T 299 395 1121 0 0
791 T 2943 1812 2593 0 0
791 T 2595 1764 1062 0 0
791 T 1064 1750 2941 0 0
791 T 562 885 1173 0 0
791 T 1076 711 564 0 0
791 T 885 709 1710 0 0
791 T 2533 1389 1182 0 0
791 T 2126 2762 2535 0 0
791 T 1184 2605 2128 0 0
791 T 2762 2607 1389 0 0
791 T 2169 1161 884 0 0
791 T 2638 1246 2171 0 0
791 T 882 2455 2640 0 0
791 T 1246 2453 1161 0 0
791 T 1161 854 2099 0 0
791 T 1136 799 1163 0 0
791 T 2097 985 1134 0 0
791 T 799 987 854 0 0
791 T 1986 1389 714 0 0
791 T 2003 715 1419 0 0
791 T 1985 729 1373 0 0
791 T 1997 732 1427 0 0
791 T 2000 727 1392 0 0
791 T 2003 1375 711 0 0
791 T 716 2154 908 0 0
791 T 906 3166 1988 0 0
791 T 3166 2156 1389 0 0
791 T 1836 2433 1497 0 0
791 T 1499 2553 2666 0 0
791 T 2146 2555 2433 0 0
791 T 1111 1174 2511 0 0
791 T 2852 2821 1109 0 0
791 T 2509 2462 2850 0 0
791 T 2821 2464 1174 0 0
791 T 2296 1384 611 0 0
791 T 609 2423 2314 0 0
791 T 2310 2421 1384 0 0
791 T 1035 530 425 0 0
791 T 427 1660 2198 0 0
791 T 1660 532 164 0 0
791 T 1752 1105 6 0 0
791 T 1810 1715 1105 0 0
791 T 1715 1764 5 0 0
791 T 1310 1060 217 0 0
791 T 219 1475 842 0 0
791 T 547 1473 1060 0 0
791 T 4 1230 1080 0 0
791 T 1078 2169 597 0 0
791 T 1600 2171 1230 0 0
791 T 2948 2191 3268 0 0
791 T 3266 2849 1620 0 0
791 T 1618 3240 2946 0 0
791 T 3240 2851 2191 0 0
791 T 2045 1162 862 0 0
791 T 922 1079 2047 0 0
791 T 864 762 924 0 0
791 T 1079 764 1162 0 0
791 T 972 2945 2382 0 0
791 T 2853 2780 970 0 0
791 T 2384 85 2855 0 0
791 T 2780 86 2945 0 0
791 T 1930 647 1000 0 0
791 T 1936 643 964 0 0
791 T 998 693 96 0 0
791 T 962 701 94 0 0
791 T 11 2180 1649 0 0
791 T 1055 1719 12 0 0
791 T 1651 736 1053 0 0
791 T 1601 1286 3 0 0
791 T 2095 2148 4 0 0
791 T 1855 2095 1286 0 0
791 T 2291 1146 770 0 0
791 T 772 2056 1268 0 0
791 T 2056 1148 2549 0 0
791 T 1714 298 2134 0 0
791 T 2136 269 1809 0 0
791 T 1106 271 298 0 0
791 T 3321 1232 3331 0 0
791 T 3329 3293 3205 0 0
791 T 3207 2931 3323 0 0
791 T 2931 3295 1232 0 0
791 T 1221 389 1527 0 0
791 T 642 1759 1223 0 0
791 T 1759 702 389 0 0
791 T 785 857 1495 0 0
791 T 1493 1 1087 0 0
791 T 1085 432 787 0 0
791 T 432 2 857 0 0
791 T 1489 1088 1552 0 0
791 T 1550 1 1488 0 0
791 T 2464 461 1669 0 0
791 T 461 2821 2151 0 0
791 T 310 406 788 0 0
791 T 1086 456 312 0 0
791 T 2132 2538 2347 0 0
791 T 1214 2696 2130 0 0
791 T 2345 865 1216 0 0
791 T 2696 867 2538 0 0
791 T 731 3207 2983 0 0
791 T 3172 3010 729 0 0
791 T 2981 847 3170 0 0
791 T 3010 845 3207 0 0
791 T 730 1621 767 0 0
791 T 1625 717 750 0 0
791 T 765 2531 2932 0 0
791 T 2930 2594 732 0 0
791 T 2594 2529 1621 0 0
791 T 2330 1052 788 0 0
791 T 786 2069 1305 0 0
791 T 2564 2071 1052 0 0
791 T 69 3145 3002 0 0
791 T 7 3025 3145 0 0
791 T 414 637 228 0 0
791 T 226 941 428 0 0
791 T 941 639 372 0 0
791 T 1739 1929 2854 0 0
791 T 2856 2393 1503 0 0
791 T 1501 511 1737 0 0
791 T 511 2395 1929 0 0
791 T 267 1541 373 0 0
791 T 1541 603 408 0 0
791 T 2310 886 1430 0 0
791 T 886 2421 1404 0 0
791 T 2968 2232 3263 0 0
791 T 3261 2878 1620 0 0
791 T 3231 2968 1618 0 0
791 T 3229 2880 2232 0 0
791 T 2087 104 253 0 0
791 T 169 254 2085 0 0
791 T 2076 1424 1275 0 0
791 T 315 1275 1900 0 0
791 T 1043 2792 2520 0 0
791 T 402 1988 2535 0 0
791 T 1184 716 404 0 0
791 T 1778 689 2657 0 0
791 T 2659 2548 1756 0 0
791 T 2548 691 1758 0 0
791 T 2462 3101 1023 0 0
791 T 266 2255 2464 0 0
791 T 2448 1703 2366 0 0
791 T 2368 837 617 0 0
791 T 1970 839 1703 0 0
791 T 1250 771 52 0 0
791 T 772 159 1252 0 0
791 T 2786 543 2837 0 0
791 T 3016 53 2788 0 0
791 T 236 2124 2006 0 0
791 T 678 1839 234 0 0
791 T 1839 1411 2124 0 0
791 T 2165 1812 257 0 0
791 T 259 1091 309 0 0
791 T 311 1680 2167 0 0
791 T 1680 1089 1812 0 0
791 T 210 619 639 0 0
791 T 619 242 458 0 0
791 T 2241 365 2915 0 0
791 T 2065 3059 2243 0 0
791 T 2913 2619 2067 0 0
791 T 3059 2617 365 0 0
791 T 2043 1450 1314 0 0
791 T 615 1070 2041 0 0
791 T 1316 1879 613 0 0
791 T 1070 1877 1450 0 0
791 T 315 1327 2042 0 0
791 T 1315 1897 313 0 0
791 T 837 540 2001 0 0
791 T 1417 913 839 0 0
791 T 913 713 540 0 0
791 T 3213 2364 2744 0 0
791 T 2742 2338 1456 0 0
791 T 3025 3120 2481 0 0
791 T 2483 887 600 0 0
791 T 3246 885 3120 0 0
791 T 3176 3106 1720 0 0
791 T 1718 3301 2958 0 0
791 T 2960 1160 3174 0 0
791 T 1160 3303 3106 0 0
791 T 1045 409 1514 0 0
791 T 1930 411 1261 0 0
791 T 2164 1463 1685 0 0
791 T 1687 1736 0 0 0
791 T 1722 613 882 0 0
791 T 884 1885 79 0 0
791 T 80 316 1724 0 0
791 T 316 1887 613 0 0
791 T 1773 1377 781 0 0
791 T 2037 1347 1775 0 0
791 T 487 968 2203 0 0
791 T 1586 649 485 0 0
791 T 968 651 2704 0 0
791 T 1294 1861 380 0 0
791 T 378 1754 795 0 0
791 T 2658 2892 2087 0 0
791 T 2085 3031 692 0 0
791 T 3031 2890 1777 0 0
791 T 3199 2819 417 0 0
791 T 3197 373 2862 0 0
791 T 2864 412 2819 0 0
791 T 478 1007 1561 0 0
791 T 1902 1333 480 0 0
791 T 1102 2873 3071 0 0
791 T 3069 681 3136 0 0
791 T 3134 2753 1104 0 0
791 T 2753 683 2873 0 0
791 T 428 616 836 0 0
791 T 372 836 2 0 0
791 T 485 772 299 0 0
791 T 369 1123 772 0 0
791 T 2817 2314 906 0 0
791 T 908 2110 1476 0 0
791 T 1474 2160 2819 0 0
791 T 2160 2112 2314 0 0
791 T 536 1324 1133 0 0
791 T 218 589 1460 0 0
791 T 589 841 1464 0 0
791 T 2589 516 1329 0 0
791 T 0 2597 2591 0 0
791 T 674 3244 3055 0 0
791 T 3053 3305 99 0 0
791 T 19 3307 3244 0 0
791 T 2959 2939 2949 0 0
791 T 2972 2932 2944 0 0
791 T 1053 3326 2957 0 0
791 T 2939 3328 3212 0 0
791 T 1838 1277 827 0 0
791 T 825 2751 1412 0 0
791 T 2813 2382 3239 0 0
791 T 970 2813 1619 0 0
791 T 1503 2311 711 0 0
791 T 1710 1431 1501 0 0
791 T 682 295 2173 0 0
791 T 1799 359 684 0 0
791 T 291 1799 2175 0 0
791 T 3050 3124 2814 0 0
791 T 2212 2904 3052 0 0
791 T 2816 2734 2210 0 0
791 T 2904 2736 3124 0 0
791 T 1035 256 381 0 0
791 T 1010 221 1033 0 0
791 T 877 3107 2245 0 0
791 T 2247 3175 1957 0 0
791 T 1959 1719 879 0 0
791 T 900 502 18 0 0
791 T 17 501 841 0 0
791 T 705 933 272 0 0
791 T 264 682 940 0 0
791 T 3158 3003 707 0 0
791 T 933 3001 2745 0 0
791 T 939 2764 3008 0 0
791 T 3097 2361 1851 0 0
791 T 1849 828 572 0 0
791 T 2825 826 2361 0 0
791 T 327 399 856 0 0
791 T 1041 513 325 0 0
791 T 854 365 1043 0 0
791 T 547 2111 711 0 0
791 T 2111 848 2309 0 0
791 T 493 1014 864 0 0
791 T 862 293 505 0 0
791 T 515 295 1014 0 0
791 T 802 517 16 0 0
791 T 518 41 804 0 0
791 T 2297 1023 2912 0 0
791 T 2319 1744 1023 0 0
791 T 3140 719 3074 0 0
791 T 3076 1625 3040 0 0
791 T 2479 2069 1862 0 0
791 T 1287 1052 2477 0 0
791 T 1864 2564 1285 0 0
791 T 3152 2014 826 0 0
791 T 828 688 2124 0 0
791 T 2122 1445 3150 0 0
791 T 1029 2060 1064 0 0
791 T 2060 793 473 0 0
791 T 2540 1167 1064 0 0
791 T 2252 1537 2538 0 0
791 T 1062 703 2250 0 0
791 T 1537 701 1167 0 0
791 T 1168 696 1497 0 0
791 T 1578 1695 1360 0 0
791 T 2403 678 1580 0 0
791 T 678 851 1695 0 0
791 T 1375 768 2101 0 0
791 T 2059 1755 391 0 0
791 T 3292 3011 664 0 0
791 T 662 846 517 0 0
791 T 519 3206 3290 0 0
791 T 1197 2525 127 0 0
791 T 128 2797 2654 0 0
791 T 1404 2799 2525 0 0
791 T 611 2270 2082 0 0
791 T 2084 1846 214 0 0
791 T 1846 2272 780 0 0
791 T 1148 2198 1484 0 0
791 T 1884 2805 1146 0 0
791 T 1482 2629 1882 0 0
791 T 1604 2421 3064 0 0
791 T 3062 609 3233 0 0
791 T 3235 2314 1602 0 0
791 T 155 3013 2788 0 0
791 T 1131 1275 2360 0 0
791 T 2358 1316 1098 0 0
791 T 1275 280 1316 0 0
791 T 2680 2167 1975 0 0
791 T 1973 1125 546 0 0
791 T 2935 1127 2167 0 0
791 T 1051 922 889 0 0
791 T 1963 2478 891 0 0
791 T 922 1288 1961 0 0
791 T 2976 2300 1637 0 0
791 T 7 2896 2974 0 0
791 T 1639 1031 8 0 0
791 T 2896 1029 2300 0 0
791 T 2868 2125 2938 0 0
791 T 781 2763 2866 0 0
791 T 1149 2261 2020 0 0
791 T 918 395 1151 0 0
791 T 2018 966 920 0 0
791 T 395 968 2261 0 0
791 T 1468 548 90 0 0
791 T 588 1434 76 0 0
791 T 240 2019 1196 0 0
791 T 105 2066 238 0 0
791 T 1250 2055 23 0 0
791 T 3104 3023 2510 0 0
791 T 3281 3137 3254 0 0
791 T 3256 543 3290 0 0
791 T 3287 541 3137 0 0
791 T 1414 1139 588 0 0
791 T 586 679 2118 0 0
791 T 2120 827 1416 0 0
791 T 827 677 1139 0 0
791 T 2832 2219 2734 0 0
791 T 2954 1620 2736 0 0
791 T 2219 927 2956 0 0
791 T 1620 925 2830 0 0
791 T 1260 323 786 0 0
791 T 788 1191 157 0 0
791 T 136 1189 323 0 0
791 T 3198 2880 1657 0 0
791 T 1659 72 530 0 0
791 T 532 3116 3200 0 0
791 T 3116 71 2880 0 0
791 T 288 700 6 0 0
791 T 5 735 322 0 0
791 T 330 733 700 0 0
791 T 25 3124 3238 0 0
791 T 67 2849 3124 0 0
791 T 1290 493 217 0 0
791 T 219 505 818 0 0
791 T 2524 2706 810 0 0
791 T 2245 2842 2522 0 0
791 T 812 371 2247 0 0
791 T 3088 532 2818 0 0
791 T 2315 1821 3086 0 0
791 T 532 1823 905 0 0
791 T 3018 1562 1391 0 0
791 T 2156 3349 3020 0 0
791 T 3349 3166 1562 0 0
791 T 1843 1727 1698 0 0
791 T 1700 2579 1821 0 0
791 T 1851 2577 1727 0 0
791 T 145 209 143 0 0
791 T 3004 870 3212 0 0
791 T 1676 2895 2325 0 0
791 T 2281 1032 1674 0 0
791 T 700 1703 2131 0 0
791 T 2695 2625 698 0 0
791 T 2625 1213 1703 0 0
791 T 212 2556 2574 0 0
791 T 2556 1697 1576 0 0
791 T 2993 2850 463 0 0
791 T 2149 1111 2995 0 0
791 T 3087 2908 2338 0 0
791 T 2356 2906 1822 0 0
791 T 1872 634 533 0 0
791 T 1158 2773 1870 0 0
791 T 535 2508 1160 0 0
791 T 2773 2506 634 0 0
791 T 518 48 831 0 0
791 T 675 2439 2361 0 0
791 T 2363 1556 3243 0 0
791 T 1556 2437 3054 0 0
791 T 831 1103 1524 0 0
791 T 1522 2867 3299 0 0
791 T 3277 2865 1103 0 0
791 T 737 608 1594 0 0
791 T 623 1562 728 0 0
791 T 1596 1198 467 0 0
791 T 1891 1200 608 0 0
791 T 0 1950 1921 0 0
791 T 2359 2092 1923 0 0
791 T 2092 2063 0 0 0
791 T 2063 2359 1950 0 0
791 T 1262 2393 366 0 0
791 T 368 2519 2193 0 0
791 T 1127 2981 1812 0 0
791 T 2933 257 2981 0 0
791 T 1568 2676 2576 0 0
791 T 2429 1798 1566 0 0
791 T 2574 2184 2431 0 0
791 T 593 2383 1929 0 0
791 T 646 1393 595 0 0
791 T 2630 1552 995 0 0
791 T 993 2142 816 0 0
791 T 2325 2219 2975 0 0
791 T 2973 2905 26 0 0
791 T 25 3067 2327 0 0
791 T 3067 2907 2219 0 0
791 T 2024 374 2615 0 0
791 T 1169 1991 2233 0 0
791 T 764 562 1171 0 0
791 T 2235 2107 762 0 0
791 T 562 2105 1991 0 0
791 T 3056 3250 636 0 0
791 T 202 3305 3054 0 0
791 T 3305 204 3250 0 0
791 T 1620 935 1639 0 0
791 T 935 2732 2974 0 0
791 T 2300 2730 1618 0 0
791 T 591 1450 966 0 0
791 T 1910 1070 589 0 0
791 T 1354 833 770 0 0
791 T 2291 1316 1356 0 0
791 T 1316 1146 833 0 0
791 T 2326 2831 3232 0 0
791 T 3230 3113 25 0 0
791 T 3068 3115 2831 0 0
791 T 301 1240 242 0 0
791 T 1240 690 254 0 0
791 T 2918 1157 2674 0 0
791 T 1553 2776 2920 0 0
791 T 3132 994 2654 0 0
791 T 994 720 261 0 0
791 T 260 730 978 0 0
791 T 266 1586 461 0 0
791 T 2252 1778 1031 0 0
791 T 1778 701 2060 0 0
791 T 214 2270 2496 0 0
791 T 2029 2244 216 0 0
791 T 2494 2370 2031 0 0
791 T 1017 1500 701 0 0
791 T 1019 1537 693 0 0
791 T 703 963 37 0 0
791 T 695 999 39 0 0
791 T 963 1498 9 0 0
791 T 1000 1540 12 0 0
791 T 1849 2415 2902 0 0
791 T 2904 2339 3099 0 0
791 T 464 1344 621 0 0
791 T 726 2557 462 0 0
791 T 2557 1564 1344 0 0
791 T 3257 1401 2804 0 0
791 T 2802 1447 3190 0 0
791 T 3192 1453 3259 0 0
791 T 2379 2459 2604 0 0
791 T 1065 2670 2377 0 0
791 T 2459 2672 2270 0 0
791 T 3001 3145 165 0 0
791 T 166 3261 2747 0 0
791 T 935 3263 3145 0 0
791 T 1085 976 284 0 0
791 T 976 455 318 0 0
791 T 662 1101 802 0 0
791 T 16 1103 848 0 0
791 T 1229 1603 573 0 0
791 T 575 2470 1166 0 0
791 T 2470 1601 887 0 0
791 T 1166 2666 2900 0 0
791 T 2898 1603 2802 0 0
791 T 2804 1820 1168 0 0
791 T 2492 374 1643 0 0
791 T 374 2812 2162 0 0
791 T 1540 2320 2180 0 0
791 T 2254 1670 1585 0 0
791 T 431 2389 2213 0 0
791 T 2215 953 408 0 0
791 T 454 955 2389 0 0
791 T 658 340 1237 0 0
791 T 2691 820 660 0 0
791 T 820 912 340 0 0
791 T 979 2904 2579 0 0
791 T 966 1193 1119 0 0
791 T 1111 523 662 0 0
791 T 664 852 2511 0 0
791 T 852 521 1176 0 0
791 T 893 1443 808 0 0
791 T 806 340 236 0 0
791 T 2294 2457 1102 0 0
791 T 1104 2672 2306 0 0
791 T 1142 825 1003 0 0
791 T 1001 1367 944 0 0
791 T 942 233 1144 0 0
791 T 233 1365 825 0 0
791 T 890 293 262 0 0
791 T 938 2173 892 0 0
791 T 353 916 874 0 0
791 T 450 914 1613 0 0
791 T 1072 1326 1885 0 0
791 T 882 1172 1070 0 0
791 T 1095 256 386 0 0
791 T 983 250 1093 0 0
791 T 388 244 981 0 0
791 T 3313 13 3321 0 0
791 T 3323 1127 2941 0 0
791 T 2943 1704 3315 0 0
791 T 1704 1125 13 0 0
791 T 689 641 1956 0 0
791 T 218 216 208 0 0
791 T 1299 1137 216 0 0
791 T 154 1456 2739 0 0
791 T 1221 2544 153 0 0
791 T 2737 2605 1223 0 0
791 T 2544 2607 1456 0 0
791 T 2828 478 2845 0 0
791 T 2847 463 3188 0 0
791 T 452 688 342 0 0
791 T 1509 910 450 0 0
791 T 910 580 688 0 0
791 T 2904 2980 25 0 0
791 T 26 2729 2577 0 0
791 T 2729 2978 977 0 0
791 T 2266 2106 2465 0 0
791 T 1015 923 2268 0 0
791 T 923 2769 2106 0 0
791 T 3163 979 3265 0 0
791 T 3267 2778 161 0 0
791 T 162 3010 3161 0 0
791 T 1448 2899 2356 0 0
791 T 2354 1604 3191 0 0
791 T 264 895 1358 0 0
791 T 281 1729 1360 0 0
791 T 1729 690 262 0 0
791 T 714 450 359 0 0
791 T 2735 2906 3113 0 0
791 T 2339 2736 420 0 0
791 T 461 1428 1561 0 0
791 T 1996 0 2028 0 0
791 T 2026 1921 3 0 0
791 T 447 2037 2593 0 0
791 T 2037 651 1764 0 0
791 T 2726 509 2436 0 0
791 T 472 2726 2429 0 0
791 T 131 2762 2609 0 0
791 T 2611 939 3110 0 0
791 T 581 3278 3134 0 0
791 T 3136 3276 3247 0 0
791 T 464 2652 1999 0 0
791 T 1564 730 2652 0 0
791 T 898 549 1462 0 0
791 T 1464 1243 502 0 0
791 T 1004 382 1849 0 0
791 T 2206 650 1478 0 0
791 T 1374 1746 2208 0 0
791 T 650 1748 1348 0 0
791 T 852 3283 3105 0 0
791 T 3103 3256 850 0 0
791 T 1488 2050 1131 0 0
791 T 1129 2379 1494 0 0
791 T 1489 2377 2050 0 0
791 T 237 1117 920 0 0
791 T 142 306 1099 0 0
791 T 2743 3250 3243 0 0
791 T 1542 2304 1641 0 0
791 T 866 2302 2214 0 0
791 T 969 2210 2954 0 0
791 T 2871 2538 2323 0 0
791 T 429 2696 2869 0 0
791 T 2321 865 431 0 0
791 T 1390 2917 2413 0 0
791 T 2917 725 2573 0 0
791 T 2288 2179 2521 0 0
791 T 1608 2664 2286 0 0
791 T 2523 2341 1606 0 0
791 T 2664 2343 2179 0 0
791 T 2351 494 1333 0 0
791 T 1904 472 2349 0 0
791 T 1684 667 822 0 0
791 T 824 1792 83 0 0
791 T 84 314 1682 0 0
791 T 3253 663 3023 0 0
791 T 1842 1205 1254 0 0
791 T 1026 1842 1003 0 0
791 T 1363 643 1732 0 0
791 T 386 857 665 0 0
791 T 2833 2065 3178 0 0
791 T 1066 3073 2835 0 0
791 T 3073 2369 2065 0 0
791 T 1996 2026 211 0 0
791 T 2374 674 1490 0 0
791 T 1809 730 2970 0 0
791 T 2552 1321 1863 0 0
791 T 2499 2055 1861 0 0
791 T 646 364 276 0 0
791 T 364 991 565 0 0
791 T 2420 2273 1719 0 0
791 T 640 879 2273 0 0
791 T 1209 354 632 0 0
791 T 630 283 227 0 0
791 T 2035 1322 1814 0 0
791 T 1203 3 1134 0 0
791 T 535 1554 1201 0 0
791 T 1554 1323 3 0 0
791 T 2012 754 1222 0 0
791 T 1224 1767 824 0 0
791 T 822 305 2010 0 0
791 T 305 1765 754 0 0
791 T 1819 1179 344 0 0
791 T 3334 3319 560 0 0
791 T 558 3269 3210 0 0
791 T 3212 3297 3336 0 0
791 T 477 2138 1734 0 0
791 T 2825 1413 2138 0 0
791 T 2725 1996 2575 0 0
791 T 2307 2513 2586 0 0
791 T 2760 2062 2305 0 0
791 T 2062 480 2513 0 0
791 T 2958 1810 2581 0 0
791 T 1258 408 276 0 0
791 T 1095 530 382 0 0
791 T 500 532 254 0 0
791 T 3027 2878 1029 0 0
791 T 740 93 931 0 0
791 T 951 92 728 0 0
791 T 2348 1859 1743 0 0
791 T 987 2409 1043 0 0
791 T 2520 2411 2114 0 0
791 T 271 633 345 0 0
791 T 633 1106 288 0 0
791 T 2193 798 2113 0 0
791 T 2115 521 2032 0 0
791 T 1156 523 798 0 0
791 T 969 231 925 0 0
791 T 81 2968 2747 0 0
791 T 2745 925 2884 0 0
791 T 2325 927 2968 0 0
791 T 2868 3005 2 0 0
791 T 2866 581 2755 0 0
791 T 2753 43 3005 0 0
791 T 603 2718 955 0 0
791 T 806 333 721 0 0
791 T 437 991 219 0 0
791 T 217 567 404 0 0
791 T 505 1182 357 0 0
791 T 2647 656 1763 0 0
791 T 1714 55 2645 0 0
791 T 1606 1158 737 0 0
791 T 1158 725 1567 0 0
791 T 3309 3063 102 0 0
791 T 3234 3309 19 0 0
791 T 1356 1121 2 0 0
791 T 626 1876 2113 0 0
791 T 2493 1845 628 0 0
791 T 2115 1831 2495 0 0
791 T 1660 2986 2862 0 0
791 T 2879 373 2986 0 0
791 T 601 2102 1896 0 0
791 T 1894 2584 1114 0 0
791 T 404 2582 2102 0 0
791 T 1110 824 1155 0 0
791 T 1874 1347 604 0 0
791 T 1884 2103 1347 0 0
791 T 512 2148 2026 0 0
791 T 2506 1362 3054 0 0
791 T 587 2961 2686 0 0
791 T 1966 1056 585 0 0
791 T 2688 2135 1968 0 0
791 T 1056 2133 2961 0 0
791 T 559 11 904 0 0
791 T 11 3335 3282 0 0
791 T 443 975 948 0 0
791 T 1168 3141 2942 0 0
791 T 3141 2539 1751 0 0
791 T 902 560 50 0 0
791 T 757 35 560 0 0
791 T 3234 3259 2741 0 0
791 T 3259 3309 173 0 0
791 T 174 20 2743 0 0
791 T 3161 3009 73 0 0
791 T 3024 543 3009 0 0
791 T 1026 1418 982 0 0
791 T 984 840 1214 0 0
791 T 1102 3155 2408 0 0
791 T 2875 2088 3155 0 0
791 T 475 960 213 0 0
791 T 1405 991 960 0 0
791 T 1980 2392 1074 0 0
791 T 1076 455 919 0 0
791 T 214 1350 1548 0 0
791 T 1546 1380 953 0 0
791 T 1055 1937 1434 0 0
791 T 1883 765 1480 0 0
791 T 1486 767 2630 0 0
791 T 446 2529 2016 0 0
791 T 2468 298 2685 0 0
791 T 1965 1716 2466 0 0
791 T 1600 2838 3293 0 0
791 T 2931 2840 2169 0 0
791 T 285 770 1341 0 0
791 T 1343 485 348 0 0
791 T 2452 2387 217 0 0
791 T 1895 5 1678 0 0
791 T 1826 1091 5 0 0
791 T 1808 2456 2740 0 0
791 T 2738 2503 1767 0 0
791 T 1781 2501 2456 0 0
791 T 1681 278 1722 0 0
791 T 2957 1825 1116 0 0
791 T 1114 2524 1159 0 0
791 T 2524 1827 3175 0 0
791 T 2841 1958 1828 0 0
791 T 2640 2527 1454 0 0
791 T 1448 2799 2638 0 0
791 T 332 2499 2480 0 0
791 T 2055 332 2072 0 0
791 T 1188 502 1463 0 0
791 T 579 1098 2700 0 0
791 T 2228 1847 577 0 0
791 T 1847 1547 1098 0 0
791 T 3064 671 3258 0 0
791 T 1404 2471 3062 0 0
791 T 2471 2801 671 0 0
791 T 1492 643 284 0 0
791 T 2106 1774 2647 0 0
791 T 1189 785 46 0 0
791 T 1667 1617 979 0 0
791 T 2024 2554 2356 0 0
791 T 935 1574 2022 0 0
791 T 2354 1697 933 0 0
791 T 3305 3251 173 0 0
791 T 15 1736 2063 0 0
791 T 2914 1340 2029 0 0
791 T 1340 368 216 0 0
791 T 942 879 1217 0 0
791 T 909 877 1367 0 0
791 T 1245 344 398 0 0
791 T 855 290 1247 0 0
791 T 2870 1970 1749 0 0
791 T 2322 3141 1970 0 0
791 T 623 1903 949 0 0
791 T 606 1914 932 0 0
791 T 622 481 348 0 0
791 T 1583 958 624 0 0
791 T 1590 947 605 0 0
791 T 481 960 525 0 0
791 T 2228 604 1379 0 0
791 T 686 1245 448 0 0
791 T 1245 1445 2529 0 0
791 T 798 821 664 0 0
791 T 662 2126 1135 0 0
791 T 2126 823 1164 0 0
791 T 1079 1288 573 0 0
791 T 2227 1875 1409 0 0
791 T 342 718 1833 0 0
791 T 1856 720 1179 0 0
791 T 1051 1274 857 0 0
791 T 2331 1495 1274 0 0
791 T 809 2428 198 0 0
791 T 2716 1672 811 0 0
791 T 3147 2878 1637 0 0
791 T 870 600 560 0 0
791 T 1339 513 873 0 0
791 T 2636 3084 892 0 0
791 T 890 190 2765 0 0
791 T 1060 711 905 0 0
791 T 1162 2502 1182 0 0
791 T 823 2607 2502 0 0
791 T 1701 3128 3143 0 0
791 T 1304 490 1293 0 0
791 T 1186 1244 490 0 0
791 T 516 3217 2914 0 0
791 T 2283 1605 2131 0 0
791 T 2129 2663 2249 0 0
791 T 1466 1925 1127 0 0
791 T 1937 329 1925 0 0
791 T 906 251 1418 0 0
791 T 251 2156 2002 0 0
791 T 2382 3051 25 0 0
791 T 3185 2851 1635 0 0
791 T 1633 67 570 0 0
791 T 2370 3040 2019 0 0
791 T 871 587 1580 0 0
791 T 1203 3284 3303 0 0
791 T 1158 849 1201 0 0
791 T 2288 1778 1673 0 0
791 T 1514 3151 3348 0 0
791 T 3342 3181 1516 0 0
791 T 807 263 1430 0 0
791 T 1137 233 1279 0 0
791 T 1057 1320 249 0 0
791 T 1801 1274 665 0 0
791 T 450 565 820 0 0
791 T 2468 657 2352 0 0
791 T 2350 928 2685 0 0
791 T 2346 1540 2663 0 0
791 T 1199 2528 154 0 0
791 T 2738 2637 1197 0 0
791 T 3156 2586 2397 0 0
791 T 2586 1101 2386 0 0
791 T 881 1808 1199 0 0
791 T 1983 351 883 0 0
791 T 1197 774 1981 0 0
791 T 351 776 1808 0 0
791 T 2651 2560 1392 0 0
791 T 2604 2793 410 0 0
791 T 368 2473 2602 0 0
791 T 2971 3207 1125 0 0
791 T 119 891 2765 0 0
791 T 2300 2977 1668 0 0
791 T 2566 722 1892 0 0
791 T 722 2617 1859 0 0
791 T 984 620 429 0 0
791 T 431 2365 1214 0 0
791 T 733 671 1828 0 0
791 T 1091 669 322 0 0
791 T 16 2139 2513 0 0
791 T 1431 1692 333 0 0
791 T 335 608 1383 0 0
791 T 1401 606 1692 0 0
791 T 830 3 803 0 0
791 T 3 1523 663 0 0
791 T 2628 2447 429 0 0
791 T 697 2871 2447 0 0
791 T 3166 1320 3193 0 0
791 T 732 2784 3168 0 0
791 T 3195 2156 730 0 0
791 T 2784 2154 1320 0 0
791 T 2291 1951 2758 0 0
791 T 2255 2201 810 0 0
791 T 2261 369 2201 0 0
791 T 2376 1068 2515 0 0
791 T 2513 2669 2386 0 0
791 T 1150 680 524 0 0
791 T 580 1830 1409 0 0
791 T 2006 880 578 0 0
791 T 880 680 1830 0 0
791 T 1989 218 2397 0 0
791 T 2399 496 2890 0 0
791 T 228 970 318 0 0
791 T 1656 1408 1651 0 0
791 T 699 1125 1654 0 0
791 T 2783 1375 905 0 0
791 T 3140 2785 1065 0 0
791 T 494 2268 761 0 0
791 T 2779 3171 258 0 0
791 T 0 1207 1256 0 0
791 T 607 116 2886 0 0
791 T 2940 1201 3298 0 0
791 T 2125 1521 1201 0 0
791 T 2915 3036 1857 0 0
791 T 810 60 2426 0 0
791 T 1864 421 1302 0 0
791 T 2185 2279 644 0 0
791 T 642 2858 191 0 0
791 T 152 569 1635 0 0
791 T 1707 1579 471 0 0
791 T 1579 2883 2352 0 0
791 T 427 1877 1148 0 0
791 T 599 884 763 0 0
791 T 1655 1472 2297 0 0
791 T 1472 950 2327 0 0
791 T 2283 952 1653 0 0
791 T 709 1785 250 0 0
791 T 2155 1787 1375 0 0
791 T 1604 3222 3260 0 0
791 T 3222 2354 1456 0 0
791 T 799 2409 365 0 0
791 T 3221 2315 2743 0 0
791 T 1224 2542 132 0 0
791 T 2762 2544 1361 0 0
791 T 793 3133 3041 0 0
791 T 13 1655 2129 0 0
791 T 1219 2287 812 0 0
791 T 1331 1779 1217 0 0
791 T 1383 1121 1591 0 0
791 T 2172 2798 2529 0 0
791 T 2508 1554 849 0 0
791 T 1184 291 864 0 0
791 T 1870 359 1233 0 0
791 T 930 292 2260 0 0
791 T 2258 2222 608 0 0
791 T 292 1916 2222 0 0
791 T 908 1786 1320 0 0
791 T 376 1516 1386 0 0
791 T 707 1514 2615 0 0
791 T 292 2503 2048 0 0
791 T 2100 2456 290 0 0
791 T 514 1779 3080 0 0
791 T 2545 1266 2876 0 0
791 T 2874 2485 2660 0 0
791 T 77 659 1991 0 0
791 T 3333 1203 3325 0 0
791 T 3327 3303 11 0 0
791 T 1472 622 553 0 0
791 T 21 958 1470 0 0
791 T 3116 3088 418 0 0
791 T 3019 2649 1341 0 0
791 T 3338 2651 2155 0 0
791 T 328 263 813 0 0
791 T 889 330 815 0 0
791 T 845 2296 2160 0 0
791 T 3347 2998 2124 0 0
791 T 2089 2795 2379 0 0
791 T 2086 2398 3045 0 0
791 T 3047 2587 2875 0 0
791 T 24 1192 2071 0 0
791 T 1249 331 1192 0 0
791 T 269 1609 1871 0 0
791 T 3045 2659 495 0 0
791 T 3344 2613 2123 0 0
791 T 1076 839 2405 0 0
791 T 738 2344 1116 0 0
791 T 2900 696 2555 0 0
791 T 657 2235 1334 0 0
791 T 495 2233 2466 0 0
791 T 2208 537 1793 0 0
791 T 1772 539 1374 0 0
791 T 1560 1477 966 0 0
791 T 3059 2833 2601 0 0
791 T 128 3129 3014 0 0
791 T 878 3040 2262 0 0
791 T 2908 2578 933 0 0
791 T 549 216 1400 0 0
791 T 216 898 1414 0 0
791 T 1475 2861 1687 0 0
791 T 600 1069 562 0 0
791 T 328 718 2143 0 0
791 T 2687 2746 1577 0 0
791 T 2548 681 3110 0 0
791 T 1726 2334 1697 0 0
791 T 3286 1065 2840 0 0
791 T 760 15 558 0 0
791 T 15 1066 872 0 0
791 T 434 2010 1981 0 0
791 T 710 1770 840 0 0
791 T 1557 1793 1131 0 0
791 T 1920 721 606 0 0
791 T 721 264 1690 0 0
791 T 2407 1771 564 0 0
791 T 628 2624 1895 0 0
791 T 2624 61 1678 0 0
791 T 1858 1021 2343 0 0
791 T 1989 2449 2405 0 0
791 T 205 3310 3259 0 0
791 T 199 3063 3310 0 0
791 T 219 1481 965 0 0
791 T 1909 1659 217 0 0
791 T 1659 1878 1481 0 0
791 T 1713 2647 183 0 0
791 T 2845 1636 2995 0 0
791 T 424 750 1867 0 0
791 T 750 1303 1855 0 0
791 T 1025 1821 382 0 0
791 T 22 990 1396 0 0
791 T 1560 1485 218 0 0
791 T 3337 1562 3195 0 0
791 T 698 1749 635 0 0
791 T 1016 329 1041 0 0
791 T 1636 1398 1109 0 0
791 T 2726 2025 2554 0 0
791 T 1457 1071 1657 0 0
791 T 2185 290 1935 0 0
791 T 370 2274 1218 0 0
791 T 2808 813 117 0 0
791 T 879 1149 2369 0 0
791 T 323 1190 107 0 0
791 T 1094 1028 906 0 0
791 T 2988 2161 1070 0 0
791 T 2442 868 58 0 0
791 T 2164 1457 2863 0 0
791 T 607 2887 187 0 0
791 T 523 2371 1831 0 0
791 U 637 8 8 0 0
791 U 1958 8 10 0 0
791 U 2417 10 8 0 0
791 U 143 8 7 0 0
791 U 121 7 8 1 0
791 U 669 10 10 0 0
791 U 206 9 10 0 0
791 U 200 10 9 0 0
791 U 50 2 2 0 0
791 U 3 2 2 -1 1
791 U 36 2 2 -1 1
791 U 217 11 13 0 0
791 U 748 13 11 0 0
791 U 675 13 13 0 0
791 U 19 13 14 0 0
791 U 99 14 13 0 0
791 U 6 12 11 -1 0
791 U 654 11 11 0 0
791 U 56 11 12 0 0
791 U 1037 15 15 0 0
791 U 9 15 16 0 0
791 U 31 16 15 0 0
791 U 14 16 15 0 0
791 U 34 15 16 0 0
791 U 1041 19 17 0 0
791 U 2924 18 19 0 0
791 U 118 17 18 0 0
791 U 1927 17 20 0 0
791 U 124 20 19 0 0
791 U 90 20 19 0 0
791 U 1974 18 20 0 0
791 U 186 18 17 0 0
791 U 83 21 22 0 0
791 U 1154 22 24 0 0
791 U 1272 24 21 0 0
791 U 87 23 24 0 0
791 U 1261 24 21 0 0
791 U 95 23 24 0 0
791 U 1045 21 23 0 0
791 U 97 21 22 1 0
791 U 1011 28 26 0 0
791 U 147 27 28 1 0
791 U 2223 26 27 0 0
791 U 190 27 28 0 0
791 U 2238 28 25 0 0
791 U 3084 25 27 0 0
791 U 187 26 25 0 0
791 U 151 25 26 0 0
791 U 3228 35 34 0 0
791 U 3032 34 32 0 0
791 U 3077 32 35 0 0
791 U 78 33 34 0 0
791 U 2690 34 36 0 0
791 U 1256 30 36 0 0
791 U 1001 36 29 0 0
791 U 63 29 30 0 0
791 U 2591 29 36 0 0
791 U 1219 31 29 0 0
791 U 1240 31 34 0 0
791 U 911 36 31 0 0
791 U 169 34 33 0 0
791 U 181 35 36 0 0
791 U 25 37 38 0 0
791 U 2229 37 37 0 0
791 U 72 38 37 0 0
791 U 165 37 38 0 0
791 U 81 38 37 0 0
791 U 1302 44 42 0 0
791 U 113 43 44 0 0
791 U 1188 42 43 0 0
791 U 1625 39 41 0 0
791 U 1194 41 40 0 0
791 U 106 40 39 0 0
791 U 589 42 44 0 0
791 U 259 44 39 0 0
791 U 1180 43 39 0 0
791 U 18 42 41 0 0
791 U 30 39 40 0 0
791 U 7 3 4 0 0
791 U 74 4 3 0 0
791 U 543 4 4 0 0
791 U 54 4 3 0 0
791 U 1 3 4 0 0
791 U 556 54 51 0 0
791 U 21 51 52 0 0
791 U 1584 52 54 0 0
791 U 356 51 50 0 0
791 U 1645 50 54 0 0
791 U 525 46 51 0 0
791 U 1616 50 46 0 0
791 U 534 47 54 0 0
791 U 347 54 45 0 0
791 U 1609 45 47 0 0
791 U 112 48 47 0 0
791 U 349 47 49 0 0
791 U 539 49 48 0 0
791 U 358 46 47 0 0
791 U 138 54 53 0 0
791 U 1569 49 54 0 0
791 U 28 45 46 0 0
791 U 150 56 55 0 0
791 U 1268 55 55 0 0
791 U 131 55 56 0 0
791 U 52 55 56 0 0
791 U 24 56 55 -1 0
791 U 2225 57 62 0 0
791 U 1548 62 57 0 0
791 U 2718 62 62 0 0
791 U 1543 59 62 0 0
791 U 2709 59 59 0 0
791 U 2215 62 59 0 0
791 U 2698 58 58 0 0
791 U 195 60 59 0 0
791 U 180 59 60 0 0
791 U 141 57 58 0 0
791 U 109 58 57 0 0
791 U 1257 64 64 0 0
791 U 157 63 64 0 0
791 U 136 64 63 0 0
791 U 3344 64 66 0 0
791 U 3346 66 64 0 0
791 U 1277 66 66 0 0
791 U 168 66 65 0 0
791 U 133 65 66 0 0
791 U 742 67 72 -1 0
791 U 791 72 67 0 0
791 U 231 67 67 0 0
791 U 247 71 71 0 0
791 U 774 70 71 1 0
791 U 754 71 70 0 0
791 U 57 68 67 0 0
791 U 60 67 68 -1 0
791 U 221 69 69 -1 0
791 U 176 70 69 0 0
791 U 3338 73 75 0 0
791 U 3350 75 73 0 0
791 U 1317 75 75 0 0
791 U 126 73 74 0 0
791 U 160 74 73 0 0
791 U 1342 74 74 0 0
791 U 168 76 75 0 0
791 U 130 75 76 0 0
791 U 2721 81 81 0 0
791 U 111 81 82 0 0
791 U 139 82 81 0 0
791 U 2703 77 77 0 0
791 U 1585 77 80 0 0
791 U 2204 80 77 0 0
791 U 2714 80 80 0 0
791 U 197 79 80 0 0
791 U 177 80 79 0 0
791 U 2208 82 77 0 0
791 U 1557 77 82 0 0
791 U 1305 83 83 0 0
791 U 23 83 84 0 0
791 U 45 84 83 0 0
791 U 155 83 84 0 0
791 U 127 84 83 0 0
791 U 1530 85 87 0 0
791 U 574 87 94 0 0
791 U 275 94 85 0 0
791 U 343 88 85 0 0
791 U 30 85 86 0 0
791 U 339 92 89 0 0
791 U 595 93 92 0 0
791 U 1663 89 93 0 0
791 U 1510 89 85 0 0
791 U 566 85 92 0 0
791 U 1505 94 92 0 0
791 U 22 92 91 0 0
791 U 578 87 90 0 0
791 U 307 89 87 0 0
791 U 1517 94 89 0 0
791 U 109 88 87 0 0
791 U 137 93 94 0 0
791 U 8 6 5 0 0
791 U 584 5 5 0 0
791 U 70 5 6 0 0
791 U 44 5 6 0 0
791 U 2 6 5 -1 0
791 U 1632 96 98 0 0
791 U 104 95 96 0 0
791 U 1226 98 95 0 0
791 U 1235 95 99 0 0
791 U 272 99 96 0 0
791 U 27 96 95 0 0
791 U 114 100 99 0 0
791 U 1244 99 98 0 0
791 U 1295 98 100 0 0
791 U 17 97 98 0 0
791 U 549 98 100 0 0
791 U 86 102 101 0 0
791 U 2192 101 101 0 0
791 U 161 101 102 0 0
791 U 25 101 102 0 0
791 U 67 102 101 0 0
791 U 1208 103 105 0 0
791 U 1025 105 104 0 0
791 U 64 104 103 -1 0
791 U 3217 106 109 0 0
791 U 3035 109 107 0 0
791 U 3092 107 106 0 0
791 U 88 110 109 0 0
791 U 2682 109 105 0 0
791 U 1209 108 109 0 0
791 U 913 105 108 0 0
791 U 2597 103 106 0 0
791 U 182 106 105 0 0
791 U 1215 108 104 0 0
791 U 171 109 110 0 0
791 U 194 112 111 0 0
791 U 2198 111 114 0 0
791 U 3094 114 112 0 0
791 U 164 114 113 0 0
791 U 1035 113 111 0 0
791 U 148 112 111 0 0
791 U 2187 113 112 0 0
791 U 191 113 114 0 0
791 U 1006 117 115 0 0
791 U 97 115 116 0 0
791 U 1327 116 117 0 0
791 U 77 118 117 0 0
791 U 1169 117 115 0 0
791 U 1336 115 118 0 0
791 U 92 118 117 0 0
791 U 79 116 115 0 0
791 U 1013 122 120 0 0
791 U 2926 119 122 0 0
791 U 120 120 119 0 0
791 U 76 121 122 0 0
791 U 1965 119 121 0 0
791 U 1939 122 119 0 0
791 U 184 119 120 0 0
791 U 123 121 122 0 0
791 U 11 123 124 0 0
791 U 39 124 123 0 0
791 U 1018 123 123 0 0
791 U 38 123 124 0 0
791 U 10 124 123 -1 0
791 U 609 126 126 0 0
791 U 20 126 125 -1 0
791 U 101 125 126 0 0
791 U 626 127 127 0 0
791 U 215 127 125 0 0
791 U 777 125 127 0 0
791 U 6 128 127 0 0
791 U 61 127 128 0 0
791 U 42 1 1 0 -1
791 U 4 1 1 0 -1
791 U 48 1 1 0 0
791 U 620 129 129 0 0
791 U 121 129 130 0 0
791 U 146 130 129 0 0
791 U 2445 129 131 0 0
791 U 1971 131 129 0 0
791 U 636 131 131 0 0
791 U 201 131 132 0 0
791 U 204 132 131 0 0
791 Q 89 245 75 248 0 0 0 0 0 0
791 Q 2334 175 2333 176 0 0 0 0 1 0
791 Q 435 229 435 229 0 0 0 0 0 0
791 Q 208 389 231 467 0 0 0 0 0 0
791 Q 2334 224 2334 224 0 0 0 0 0 0
