0
0 d=241
0
241 A 5 0 0 2 0 -2
241 A 7 0 0 3 0 -3
241 A 10 0 0 3 0 -3
241 A 10 0 5 2 -5 -2
241 A 11 0 0 1 0 -1
241 A 14 0 0 3 0 -3
241 A 14 0 7 4 -7 -4
241 A -2 1 97 1 -97 -1
241 A 2 1 -97 1 97 -1
241 A -5 1 103 2 -103 -2
241 A 5 1 -103 2 103 -2
241 A -7 1 52 1 -52 -1
241 A 7 1 -52 1 52 -1
241 A -10 1 22 1 -22 -1
241 A 10 1 -22 1 22 -1
241 A -12 1 75 3 -75 -3
241 A 12 1 -75 3 75 -3
241 A 20 0 5 2 -5 -2
241 A 20 0 -5 2 5 -2
241 A -14 1 110 7 -110 -7
241 A 14 1 -110 7 110 -7
241 A 22 0 11 10 -11 -10
241 A -21 1 99 10 -99 -10
241 A 21 1 -99 10 99 -10
241 A -22 1 107 11 -107 -11
241 A 22 1 -107 11 107 -11
241 A 28 0 7 10 -7 -10
241 A 28 0 -7 10 7 -10
241 A 0 2 -240 1 240 -1
241 A -4 2 144 1 -144 -1
241 A 4 2 -144 1 144 -1
241 A -10 2 103 2 -103 -2
241 A 10 2 -103 2 103 -2
241 A -14 2 45 2 -45 -2
241 A 14 2 -45 2 45 -2
241 A -24 2 166 9 -166 -9
241 A 24 2 -166 9 166 -9
241 A 4 0 0 1 0 1
241 A 4 0 2 1 2 1
241 A 5 0 0 1 0 1
241 A 6 0 0 1 0 1
241 A 8 0 0 3 0 3
241 A 8 0 0 1 0 1
241 A 8 0 4 3 4 3
241 A 8 0 4 1 4 1
241 A 9 0 0 2 0 2
241 A 10 0 0 1 0 1
241 A 12 0 0 5 0 5
241 A 12 0 0 1 0 1
241 A 12 0 6 5 6 5
241 A 12 0 6 1 6 1
241 A 15 0 0 4 0 4
241 A 15 0 0 1 0 1
241 A 16 0 0 7 0 7
241 A 16 0 8 7 8 7
241 A 16 0 8 1 8 1
241 A 20 0 10 9 10 9
241 A 24 0 12 7 12 7
241 A 24 0 12 5 12 5
241 A 32 0 16 9 16 9
241 A 5 0 2 2 1 -1
241 A 5 0 -2 2 -1 -1
241 A 6 0 2 1 2 -1
241 A 7 0 3 3 -3 3
241 A 7 0 3 1 -2 3
241 A 7 0 -3 1 2 3
241 A 7 0 2 2 -1 1
241 A 7 0 -2 2 1 1
241 A 7 0 1 2 1 -2
241 A 7 0 0 2 0 -1
241 A 8 0 2 3 -2 -1
241 A 8 0 -2 1 2 -3
241 A 9 0 4 4 -2 2
241 A 9 0 4 2 4 -2
241 A 9 0 4 1 1 2
241 A 9 0 -4 1 -1 2
241 A 9 0 -4 4 2 2
241 A 9 0 3 4 -3 1
241 A 9 0 3 2 -3 2
241 A 9 0 3 1 -3 4
241 A 9 0 2 4 2 -4
241 A 9 0 2 1 -1 -4
241 A 9 0 -2 1 1 -4
241 A 9 0 1 1 1 -1
241 A 9 0 0 4 0 1
241 A 10 0 4 1 -2 3
241 A 10 0 -4 1 2 3
241 A 11 0 5 4 -3 -2
241 A 11 0 5 3 -1 5
241 A 11 0 5 2 5 -2
241 A 11 0 5 1 3 -5
241 A 11 0 -5 1 -3 -5
241 A 11 0 -5 3 1 5
241 A 11 0 -5 4 3 -2
241 A 11 0 4 5 -2 -3
241 A 11 0 4 3 1 2
241 A 11 0 4 2 -4 2
241 A 11 0 4 1 -1 3
241 A 11 0 -4 1 1 3
241 A 11 0 -4 3 -1 2
241 A 11 0 -4 5 2 -3
241 A 11 0 3 4 2 1
241 A 11 0 3 1 1 -4
241 A 11 0 -3 1 -1 -4
241 A 11 0 -3 4 -2 1
241 A 11 0 2 5 -2 5
241 A 11 0 2 4 2 -4
241 A 11 0 0 5 0 2
241 A 11 0 0 4 0 -3
241 A 12 0 4 5 4 1
241 A 12 0 -4 1 -4 5
241 A 12 0 2 5 2 1
241 A 12 0 -2 1 -2 5
241 A 13 0 6 6 -3 3
241 A 13 0 6 5 -2 6
241 A 13 0 6 4 4 6
241 A 13 0 6 3 -4 2
241 A 13 0 6 2 6 -2
241 A 13 0 6 1 5 -3
241 A 13 0 -6 1 -5 -3
241 A 13 0 -6 3 4 2
241 A 13 0 -6 4 -4 6
241 A 13 0 -6 5 2 6
241 A 13 0 -6 6 3 3
241 A 13 0 5 6 2 -5
241 A 13 0 5 5 -1 1
241 A 13 0 5 4 3 -5
241 A 13 0 5 2 -5 2
241 A 13 0 5 1 -3 -2
241 A 13 0 -5 1 3 -2
241 A 13 0 -5 4 -3 -5
241 A 13 0 -5 5 1 1
241 A 13 0 -5 6 -2 -5
241 A 13 0 4 5 1 2
241 A 13 0 4 4 2 -2
241 A 13 0 4 3 -4 3
241 A 13 0 4 1 -3 4
241 A 13 0 -4 1 3 4
241 A 13 0 -4 4 -2 -2
241 A 13 0 -4 5 -1 2
241 A 13 0 3 6 -3 6
241 A 13 0 3 1 -1 -4
241 A 13 0 -3 1 1 -4
241 A 13 0 2 4 2 -4
241 A 13 0 2 3 -1 -5
241 A 13 0 2 1 1 6
241 A 13 0 -2 1 -1 6
241 A 13 0 -2 3 1 -5
241 A 13 0 1 3 1 -3
241 A 13 0 0 6 0 -4
241 A 13 0 0 5 0 3
241 A 13 0 0 2 0 1
241 A 14 0 6 5 6 -5
241 A 14 0 6 1 2 -5
241 A 14 0 -6 1 -2 -5
241 A 14 0 4 3 -4 3
241 A 14 0 4 1 2 3
241 A 14 0 -4 1 -2 3
241 A 14 0 0 5 0 1
241 A 15 0 7 7 1 -1
241 A 15 0 7 2 1 4
241 A 15 0 -7 2 -1 4
241 A 15 0 -7 7 -1 -1
241 A 15 0 6 4 -3 7
241 A 15 0 6 1 -3 -2
241 A 15 0 -6 1 3 -2
241 A 15 0 -6 4 3 7
241 A 15 0 5 7 5 -7
241 A 15 0 5 4 5 -1
241 A 15 0 5 2 5 -2
241 A 15 0 5 1 5 -4
241 A 15 0 4 4 -2 2
241 A 15 0 4 1 -2 -7
241 A 15 0 -4 1 2 -7
241 A 15 0 -4 4 2 2
241 A 15 0 0 7 0 -2
241 A 0 1 112 0 71 0
241 A 0 1 99 0 -56 0
241 A 0 1 75 0 -45 0
241 A 0 1 67 0 -18 0
241 A 0 1 43 0 28 0
241 A -1 1 119 0 61 0
241 A -1 1 117 0 91 0
241 A -1 1 115 0 101 0
241 A -1 1 111 0 109 0
241 A -1 1 89 0 87 0
241 A -1 1 75 0 -71 0
241 A -1 1 73 0 -63 0
241 A -1 1 67 0 65 0
241 A -1 1 59 0 41 0
241 A -1 1 57 0 -17 0
241 A -1 1 51 0 -19 0
241 A -1 1 45 0 43 0
241 A -1 1 39 0 31 0
241 A -1 1 29 0 25 0
241 A -1 1 23 0 21 0
241 A 1 1 119 0 61 0
241 A 1 1 117 0 91 0
241 A 1 1 115 0 101 0
241 A 1 1 111 0 109 0
241 A 1 1 89 0 87 0
241 A 1 1 75 0 -71 0
241 A 1 1 73 0 -63 0
241 A 1 1 67 0 65 0
241 A 1 1 59 0 41 0
241 A 1 1 57 0 -17 0
241 A 1 1 51 0 -19 0
241 A 1 1 45 0 43 0
241 A 1 1 39 0 31 0
241 A 1 1 29 0 25 0
241 A 1 1 23 0 21 0
241 A -2 1 67 1 69 1
241 A -2 1 71 1 -47 0
241 A -2 1 85 1 105 1
241 A -2 1 95 1 -48 0
241 A -2 1 99 1 112 1
241 A -2 1 101 1 86 1
241 A -2 1 104 1 102 1
241 A -2 1 94 1 72 1
241 A -2 1 74 1 29 0
241 A -2 1 70 1 17 0
241 A -2 1 66 1 18 0
241 A -2 1 64 1 -26 0
241 A -2 1 52 0 -33 0
241 A -2 1 46 0 -16 0
241 A -2 1 36 0 34 0
241 A -2 1 32 0 -23 0
241 A -2 1 24 0 51 0
241 A -2 1 57 0 -43 0
241 A -2 1 53 0 -37 0
241 A 2 1 17 0 70 -1
241 A 2 1 23 0 -32 0
241 A 2 1 29 0 74 -1
241 A 2 1 33 0 -52 0
241 A 2 1 37 0 -53 0
241 A 2 1 43 0 -57 0
241 A 2 1 47 0 -71 1
241 A 2 1 51 0 24 0
241 A 2 1 -67 1 -69 1
241 A 2 1 -85 1 -105 1
241 A 2 1 -95 1 48 0
241 A 2 1 -99 1 -112 1
241 A 2 1 -101 1 -86 1
241 A 2 1 46 0 -16 0
241 A 2 1 36 0 34 0
241 A 2 1 26 0 -64 1
241 A 2 1 18 0 66 -1
241 A 2 1 -72 1 -94 1
241 A 2 1 -102 1 -104 1
241 A -3 1 116 1 21 0
241 A -3 1 98 1 96 1
241 A -3 1 86 1 -56 -1
241 A -3 1 50 1 33 0
241 A -3 1 44 1 114 1
241 A -3 1 41 0 -58 -1
241 A -3 1 29 0 -66 -1
241 A -3 1 17 0 -100 -1
241 A -3 1 40 1 90 1
241 A -3 1 46 1 48 1
241 A -3 1 64 1 94 1
241 A -3 1 39 0 -106 -1
241 A -3 1 118 1 -31 0
241 A 3 1 -116 1 -21 0
241 A 3 1 -98 1 -96 1
241 A 3 1 -86 1 56 -1
241 A 3 1 41 0 -58 1
241 A 3 1 29 0 -66 1
241 A 3 1 17 0 -100 1
241 A 3 1 31 0 -118 1
241 A 3 1 -40 1 -90 1
241 A 3 1 -46 1 -48 1
241 A 3 1 -64 1 -94 1
241 A 3 1 -106 1 39 0
241 A 3 1 -114 1 -44 1
241 A 3 1 33 0 50 -1
241 A 16 0 6 7 2 -5
241 A 16 0 6 5 2 -7
241 A 16 0 6 1 2 -3
241 A 16 0 -6 1 -2 -3
241 A 16 0 -6 5 -2 -7
241 A 16 0 -6 7 -2 -5
241 A 16 0 4 7 -4 7
241 A 16 0 4 5 -4 -3
241 A 16 0 4 1 -4 1
241 A 16 0 -4 3 4 -5
241 A 16 0 8 5 -8 -3
241 A -4 1 98 2 76 1
241 A -4 1 87 1 44 1
241 A -4 1 67 1 72 1
241 A -4 1 27 0 19 0
241 A -4 1 100 2 65 1
241 A -4 1 92 2 -18 0
241 A -4 1 56 1 -30 0
241 A 4 1 18 0 -92 2
241 A 4 1 30 0 -56 1
241 A 4 1 -98 2 -76 1
241 A 4 1 -87 1 -44 1
241 A 4 1 -67 1 -72 1
241 A 4 1 27 0 19 0
241 A 4 1 -65 1 -100 2
241 A -5 1 93 2 -26 -1
241 A -5 1 73 2 -115 -2
241 A -5 1 38 1 -89 -2
241 A -5 1 23 0 -71 -2
241 A -5 1 22 1 -64 -1
241 A -5 1 32 1 105 2
241 A -5 1 42 1 -17 0
241 A -5 1 74 1 91 2
241 A -5 1 34 1 70 1
241 A -5 1 25 0 107 2
241 A -5 1 101 2 117 2
241 A 5 1 23 0 -71 2
241 A 5 1 17 0 -42 1
241 A 5 1 -22 1 64 -1
241 A 5 1 -32 1 -105 2
241 A 5 1 -107 2 -25 0
241 A 5 1 -117 2 -101 2
241 A 5 1 -74 1 -91 2
241 A 5 1 -26 1 93 -2
241 A 5 1 -115 2 73 -2
241 A 5 1 -70 1 -34 1
241 A 5 1 -89 2 38 -1
241 A -6 1 27 1 -36 -1
241 A -6 1 112 3 43 1
241 A -6 1 70 2 -107 -3
241 A -6 1 74 2 -23 -1
241 A -6 1 65 2 -18 0
241 A -6 1 59 1 86 2
241 A -6 1 17 0 102 2
241 A -6 1 90 2 19 0
241 A 6 1 -27 1 36 -1
241 A 6 1 -74 2 23 -1
241 A 6 1 -86 2 -59 1
241 A 6 1 17 0 102 -2
241 A 6 1 19 0 90 -2
241 A 6 1 -43 1 -112 3
241 A 6 1 18 0 -65 2
241 A 6 1 -107 3 70 -2
241 A 17 0 8 8 -8 8
241 A 17 0 8 6 -4 3
241 A 17 0 8 5 3 -4
241 A 17 0 8 3 -7 -8
241 A 17 0 8 1 8 -1
241 A 17 0 -8 3 7 -8
241 A 17 0 -8 5 -3 -4
241 A 17 0 -8 6 4 3
241 A 17 0 7 7 3 -3
241 A 17 0 7 3 -3 -6
241 A 17 0 7 2 1 7
241 A 17 0 7 1 -7 1
241 A 17 0 -7 2 -1 7
241 A 17 0 -7 3 3 -6
241 A 17 0 -7 7 -3 -3
241 A 17 0 6 8 4 6
241 A 17 0 6 6 -5 5
241 A 17 0 6 5 5 -7
241 A 17 0 6 4 6 -4
241 A 17 0 6 2 2 5
241 A 17 0 -6 2 -2 5
241 A 17 0 -6 5 -5 -7
241 A 17 0 -6 6 5 5
241 A 17 0 -6 8 -4 6
241 A 17 0 5 8 -3 -2
241 A 17 0 5 3 -5 3
241 A 17 0 5 2 4 -5
241 A 17 0 -5 2 -4 -5
241 A 17 0 -5 8 3 -2
241 A 17 0 4 8 -1 2
241 A 17 0 -4 8 1 2
241 A 17 0 3 5 3 -5
241 A 17 0 2 7 1 5
241 A 17 0 2 4 -2 4
241 A 17 0 2 2 2 -2
241 A 17 0 -2 7 -1 5
241 A -7 1 89 2 -86 -3
241 A -7 1 54 1 19 0
241 A -7 1 16 1 49 2
241 A -7 1 106 3 116 3
241 A -7 1 92 3 -63 -2
241 A -7 1 55 2 14 1
241 A -7 1 90 3 -67 -2
241 A -7 1 32 1 -98 -3
241 A -7 1 77 2 -44 -1
241 A 7 1 -89 2 86 -3
241 A 7 1 -54 1 -19 0
241 A 7 1 -16 1 -49 2
241 A 7 1 -44 1 77 -2
241 A 7 1 -106 3 -116 3
241 A 7 1 -55 2 -14 1
241 A 7 1 -90 3 67 -2
241 A 7 1 -63 2 92 -3
241 A 7 1 -98 3 32 -1
241 A -8 1 84 3 40 1
241 A -8 1 77 2 -66 -2
241 A -8 1 21 1 13 1
241 A -8 1 43 2 23 1
241 A -8 1 110 4 -42 -2
241 A -8 1 102 3 -38 -1
241 A -8 1 94 3 -105 -4
241 A -8 1 46 1 72 3
241 A -8 1 111 4 -24 -1
241 A -8 1 95 3 33 1
241 A -8 1 47 2 -76 -2
241 A -8 1 104 3 -88 -3
241 A -8 1 48 2 65 2
241 A -8 1 75 2 100 3
241 A 8 1 -76 2 47 -2
241 A 8 1 -84 3 -40 1
241 A 8 1 -100 3 -75 2
241 A 8 1 -77 2 66 -2
241 A 8 1 -43 2 -23 1
241 A 8 1 -102 3 38 -1
241 A 8 1 -94 3 105 -4
241 A 8 1 -46 1 -72 3
241 A 8 1 -42 2 110 -4
241 A 8 1 -95 3 -33 1
241 A 8 1 -65 2 -48 2
241 A 8 1 -104 3 88 -3
241 A 8 1 -24 1 111 -4
241 A 8 1 -13 1 -21 1
241 A -9 1 98 3 67 2
241 A -9 1 71 2 96 3
241 A -9 1 42 1 74 3
241 A -9 1 22 1 99 4
241 A -9 1 68 3 43 2
241 A -9 1 115 4 109 4
241 A 9 1 -98 3 -67 2
241 A 9 1 -71 2 -96 3
241 A 9 1 -109 4 -115 4
241 A 9 1 -42 1 -74 3
241 A 9 1 -68 3 -43 2
241 A 9 1 -99 4 -22 1
241 A 18 0 6 7 -6 7
241 A 18 0 4 7 4 -7
241 A 18 0 4 5 -2 7
241 A 18 0 -4 5 2 7
241 A -10 1 65 3 -100 -4
241 A -10 1 85 4 20 1
241 A -10 1 106 5 -64 -3
241 A -10 1 86 4 36 1
241 A -10 1 76 3 -54 -2
241 A -10 1 26 1 111 5
241 A -10 1 34 2 -80 -4
241 A -10 1 77 3 -41 -1
241 A -10 1 43 2 62 3
241 A -10 1 83 4 -41 -2
241 A -10 1 110 5 90 4
241 A -10 1 60 3 -52 -2
241 A -10 1 101 4 -74 -3
241 A 10 1 -65 3 100 -4
241 A 10 1 -85 4 -20 1
241 A 10 1 -76 3 54 -2
241 A 10 1 -36 1 -86 4
241 A 10 1 -26 1 -111 5
241 A 10 1 -34 2 80 -4
241 A 10 1 -64 3 106 -5
241 A 10 1 -74 3 101 -4
241 A 10 1 -77 3 41 -1
241 A 10 1 -43 2 -62 3
241 A 10 1 -83 4 41 -2
241 A 10 1 -52 2 60 -3
241 A 10 1 -90 4 -110 5
241 A 19 0 -9 3 -6 -2
241 A 19 0 -8 9 -2 -7
241 A 19 0 -7 4 -5 8
241 A 19 0 -6 2 -9 -3
241 A 19 0 -6 7 -4 8
241 A 19 0 -6 9 1 -8
241 A 19 0 -5 2 5 2
241 A 19 0 -5 5 3 3
241 A 19 0 -4 5 -4 -5
241 A 19 0 -3 3 5 5
241 A 19 0 -3 5 2 -3
241 A 19 0 -2 7 -8 -9
241 A 19 0 1 8 -6 -9
241 A 19 0 2 3 -3 -5
241 A 19 0 4 8 6 7
241 A 19 0 5 8 7 4
241 A -11 1 104 5 74 3
241 A -11 1 93 4 -26 -1
241 A -11 1 38 1 -89 -4
241 A -11 1 16 1 45 2
241 A -11 1 18 1 -14 -1
241 A -11 1 68 3 32 1
241 A 11 1 -93 4 26 -1
241 A 11 1 -38 1 89 -4
241 A 11 1 -18 1 14 -1
241 A 11 1 -74 3 -104 5
241 A 11 1 -68 3 -32 1
241 A 11 1 -45 2 -16 1
241 A -12 1 66 4 -107 -6
241 A -12 1 103 5 -89 -4
241 A -12 1 55 2 -27 -1
241 A -12 1 29 2 90 4
241 A -12 1 28 2 25 1
241 A -12 1 69 4 66 3
241 A -12 1 33 2 15 1
241 A -12 1 46 3 -72 -3
241 A -12 1 107 5 -47 -3
241 A 12 1 -66 3 -69 4
241 A 12 1 -66 4 107 -6
241 A 12 1 -90 4 -29 2
241 A 12 1 -103 5 89 -4
241 A 12 1 -55 2 27 -1
241 A 12 1 -28 2 -25 1
241 A 12 1 -15 1 -33 2
241 A 12 1 -107 5 47 -3
241 A 12 1 -72 3 46 -3
241 A 20 0 9 6 3 -2
241 A 20 0 -9 6 -3 -2
241 A -13 1 82 5 -27 -2
241 A -13 1 70 3 -40 -3
241 A 13 1 -70 3 40 -3
241 A 13 1 -27 2 82 -5
241 A -14 1 105 7 -85 -5
241 A -14 1 108 7 42 2
241 A -14 1 24 2 28 1
241 A -14 1 60 4 -92 -5
241 A -14 1 41 3 95 6
241 A -14 1 19 2 -51 -3
241 A -14 1 87 5 97 5
241 A 14 1 -105 7 85 -5
241 A 14 1 -60 4 92 -5
241 A 14 1 -97 5 -87 5
241 A 14 1 -51 3 19 -2
241 A 14 1 -42 2 -108 7
241 A 14 1 -28 1 -24 2
241 A 14 1 -95 6 -41 3
241 A 21 0 9 4 -3 -8
241 A 21 0 -9 4 3 -8
241 A 21 0 8 8 5 -5
241 A 21 0 -8 8 -5 -5
241 A 21 0 7 8 7 -2
241 A 21 0 7 4 7 -4
241 A 21 0 7 2 7 -8
241 A 21 0 6 5 6 2
241 A 21 0 -6 2 -6 5
241 A -15 1 66 5 -105 -6
241 A 15 1 -66 5 105 -6
241 A 22 0 4 9 -4 9
241 A -16 1 39 3 -24 -1
241 A -16 1 71 5 -31 -3
241 A -16 1 54 4 -75 -4
241 A -16 1 27 1 56 3
241 A -16 1 108 8 83 6
241 A -16 1 80 6 16 2
241 A -16 1 33 2 -66 -4
241 A 16 1 -24 1 39 -3
241 A 16 1 -56 3 -27 1
241 A 16 1 -71 5 31 -3
241 A 16 1 -54 4 75 -4
241 A 16 1 -83 6 -108 8
241 A 16 1 -66 4 33 -2
241 A 16 1 -16 2 -80 6
241 A 23 0 -11 11 -4 -4
241 A 23 0 -10 11 2 -7
241 A 23 0 -8 3 4 -10
241 A 23 0 -7 6 -2 -5
241 A 23 0 -5 4 3 7
241 A 23 0 -5 5 5 5
241 A 23 0 -5 6 4 -9
241 A 23 0 -4 4 -11 -11
241 A 23 0 -3 4 3 4
241 A 23 0 -3 7 5 4
241 A 23 0 -2 5 -7 -6
241 A 23 0 2 7 -10 -11
241 A 23 0 4 9 -5 -6
241 A 23 0 4 10 -8 -3
241 A -17 1 56 5 58 3
241 A -17 1 20 1 -26 -1
241 A 17 1 -58 3 -56 5
241 A 17 1 -26 1 20 -1
241 A -18 1 95 6 -77 -5
241 A -18 1 102 8 83 7
241 A -18 1 19 1 -78 -5
241 A -18 1 58 5 -24 -1
241 A 18 1 -95 6 77 -5
241 A 18 1 -24 1 58 -5
241 A 18 1 -78 5 19 -1
241 A 18 1 -83 7 -102 8
241 A 25 0 -12 12 -6 -6
241 A 25 0 -10 2 -10 -7
241 A 25 0 -10 3 -10 12
241 A 25 0 -10 7 -10 -2
241 A 25 0 -6 6 -12 -12
241 A 25 0 -5 4 5 9
241 A 25 0 -5 6 5 6
241 A 25 0 -5 9 5 4
241 A 25 0 10 3 10 12
241 A -20 1 70 6 107 10
241 A -20 1 101 8 67 5
241 A -20 1 42 3 -24 -1
241 A 20 1 -70 6 -107 10
241 A 20 1 -67 5 -101 8
241 A 20 1 -24 1 42 -3
241 A -21 1 61 4 -43 -4
241 A 21 1 -61 4 43 -4
241 A -22 1 81 8 -92 -8
241 A -22 1 27 1 -30 -2
241 A 22 1 -30 2 27 -1
241 A 22 1 -81 8 92 -8
241 A 27 0 12 13 -3 -8
241 A 27 0 -12 13 3 -8
241 A 27 0 10 10 -8 8
241 A 27 0 -10 10 8 8
241 A 27 0 6 11 -6 -7
241 A 27 0 6 2 -6 2
241 A 27 0 -6 7 6 -11
241 A 28 0 13 6 -5 -2
241 A 28 0 -13 6 5 -2
241 A -24 1 105 12 -31 -2
241 A -24 1 53 5 37 2
241 A 24 1 -37 2 -53 5
241 A 24 1 -105 12 31 -2
241 A 29 0 -9 3 -8 7
241 A 29 0 8 7 9 3
241 A -26 1 124 12 -92 -9
241 A -26 1 70 8 65 6
241 A -26 1 11 3 80 10
241 A -26 1 36 2 -42 -6
241 A 26 1 -65 6 -70 8
241 A 26 1 -124 12 92 -9
241 A 26 1 -11 3 -80 10
241 A 26 1 -36 2 42 -6
241 A 31 0 -15 3 11 -4
241 A 31 0 -12 4 12 4
241 A 31 0 -7 8 -6 2
241 A 31 0 6 2 7 8
241 A 31 0 11 4 -15 -3
241 A -4 2 34 1 32 1
241 A -4 2 46 1 146 1
241 A -4 2 102 1 104 1
241 A -4 2 172 1 174 1
241 A 4 2 -34 1 -32 1
241 A 4 2 -46 1 -146 1
241 A 4 2 -102 1 -104 1
241 A 4 2 -174 1 -172 1
241 A -6 2 51 0 49 0
241 A -6 2 143 2 145 2
241 A 6 2 49 0 51 0
241 A 6 2 -145 2 -143 2
241 A -10 2 105 2 37 0
241 A -10 2 39 0 -171 -4
241 A 10 2 37 0 105 -2
241 A 10 2 39 0 -171 4
241 A -15 2 53 1 -120 -3
241 A 15 2 -53 1 120 -3
241 A 35 0 13 13 9 -9
241 A 35 0 -13 13 -9 -9
241 A 37 0 12 11 -12 11
241 A -34 1 53 9 43 4
241 A 34 1 -43 4 -53 9
241 A 39 0 19 19 10 -10
241 A 39 0 -19 19 -10 -10
241 A 39 0 9 10 -9 10
241 A 41 0 -20 20 -20 -20
241 A 41 0 -19 20 19 20
241 A 47 0 23 10 -23 10
241 A 49 0 -4 4 4 4
241 A 53 0 -13 22 13 22
241 A 61 0 -25 5 25 5
241 A 71 0 -7 7 7 7
241 A 83 0 41 25 -41 25
241 A 89 0 11 11 -11 11
241 A 93 0 -12 35 12 35
241 A 103 0 17 17 -17 17
241 A 107 0 53 18 -53 18
241 A 113 0 28 28 -28 28
241 A 119 0 59 59 -59 59
241 S -5 1 14 0
241 S 3 5 14 0
241 S -1 3 14 0
241 S -2 1 5 0
241 S 1 2 5 0
241 S -5 5 11 0
241 S -4 4 11 0
241 S -3 3 11 0
241 S -2 2 11 0
241 S -1 1 11 0
241 S -3 1 10 0
241 S 1 3 10 0
241 S 3 2 7 0
241 S -2 1 7 0
241 S 1 3 7 0
241 S -3 2 7 0
241 S 2 1 7 0
241 S -1 3 7 0
241 S 3 1 10 0
241 S -1 3 10 0
241 S 5 5 11 0
241 S 4 4 11 0
241 S 3 3 11 0
241 S 2 2 11 0
241 S 1 1 11 0
241 S 2 1 5 0
241 S -1 2 5 0
241 S 5 1 14 0
241 S -3 5 14 0
241 S 1 3 14 0
241 T 1188 462 232 0 0
241 T 234 438 1081 0 0
241 T 1083 456 1190 0 0
241 T 456 436 462 0 0
241 T 459 487 473 0 0
241 T 410 421 440 0 0
241 T 425 439 407 0 0
241 T 483 490 465 0 0
241 T 411 419 373 0 0
241 T 343 477 385 0 0
241 T 364 404 353 0 0
241 T 479 488 482 0 0
241 T 351 449 373 0 0
241 T 455 460 433 0 0
241 T 355 399 369 0 0
241 T 426 447 392 0 0
241 T 401 361 370 0 0
241 T 414 468 376 0 0
241 T 403 443 433 0 0
241 T 363 430 365 0 0
241 T 382 428 340 0 0
241 T 390 494 420 0 0
241 T 385 351 395 0 0
241 T 475 347 391 0 0
241 T 412 444 494 0 0
241 T 417 381 467 0 0
241 T 356 396 357 0 0
241 T 450 346 378 0 0
241 T 484 470 454 0 0
241 T 271 2274 1879 0 0
241 T 1233 1000 269 0 0
241 T 1877 1424 1235 0 0
241 T 1000 1426 2274 0 0
241 T 2011 2057 1574 0 0
241 T 391 711 2009 0 0
241 T 1572 874 389 0 0
241 T 711 872 2057 0 0
241 T 2282 42 1565 0 0
241 T 1464 45 2286 0 0
241 T 1567 2031 1443 0 0
241 T 2284 1760 2280 0 0
241 T 1404 2035 1466 0 0
241 T 1441 85 1406 0 0
241 T 2471 2029 42 0 0
241 T 2035 2474 45 0 0
241 T 207 1483 1161 0 0
241 T 910 291 205 0 0
241 T 1163 1630 908 0 0
241 T 291 1628 1483 0 0
241 T 337 473 748 0 0
241 T 750 485 1714 0 0
241 T 1712 459 339 0 0
241 T 765 440 1208 0 0
241 T 1210 423 171 0 0
241 T 169 410 767 0 0
241 T 846 2206 631 0 0
241 T 629 2378 2102 0 0
241 T 2100 1125 844 0 0
241 T 1128 857 2095 0 0
241 T 1125 2376 2206 0 0
241 T 1653 220 1352 0 0
241 T 1436 224 1655 0 0
241 T 1354 217 1438 0 0
241 T 224 219 220 0 0
241 T 178 202 192 0 0
241 T 180 200 181 0 0
241 T 205 185 193 0 0
241 T 197 177 189 0 0
241 T 208 196 218 0 0
241 T 212 204 209 0 0
241 T 214 225 220 0 0
241 T 190 98 184 0 0
241 T 1102 2037 327 0 0
241 T 2040 1134 331 0 0
241 T 1626 974 641 0 0
241 T 1710 385 1624 0 0
241 T 974 387 267 0 0
241 T 323 1084 1503 0 0
241 T 1501 324 298 0 0
241 T 296 276 321 0 0
241 T 313 302 304 0 0
241 T 269 241 319 0 0
241 T 314 298 292 0 0
241 T 259 309 241 0 0
241 T 274 247 244 0 0
241 T 255 264 281 0 0
241 T 301 281 320 0 0
241 T 251 310 253 0 0
241 T 286 318 256 0 0
241 T 275 262 238 0 0
241 T 276 248 291 0 0
241 T 276 326 1084 0 0
241 T 1244 496 1670 0 0
241 T 261 1387 1246 0 0
241 T 1387 688 496 0 0
241 T 157 1632 1454 0 0
241 T 164 160 159 0 0
241 T 141 143 141 -1 0
241 T 161 153 164 0 0
241 T 143 147 151 0 0
241 T 1452 1368 166 0 0
241 T 160 1370 1632 0 0
241 T 405 2197 1772 0 0
241 T 1774 638 427 0 0
241 T 439 636 2197 0 0
241 T 326 887 623 0 0
241 T 621 1783 1501 0 0
241 T 298 1781 887 0 0
241 T 165 594 591 0 0
241 T 589 750 1413 0 0
241 T 1389 781 544 0 0
241 T 1415 1381 167 0 0
241 T 1381 748 594 0 0
241 T 187 465 1161 0 0
241 T 1057 483 185 0 0
241 T 1163 488 1059 0 0
241 T 1286 1221 1201 0 0
241 T 1227 304 1467 0 0
241 T 506 313 1225 0 0
241 T 1465 300 504 0 0
241 T 239 1074 497 0 0
241 T 499 1268 1725 0 0
241 T 1268 1072 659 0 0
241 T 375 289 1525 0 0
241 T 1527 925 409 0 0
241 T 419 927 289 0 0
241 T 1586 1960 1523 0 0
241 T 2203 862 1584 0 0
241 T 1521 959 2201 0 0
241 T 862 957 1960 0 0
241 T 2268 2321 1844 0 0
241 T 1429 2167 2321 0 0
241 T 2325 2273 1813 0 0
241 T 2173 1392 2327 0 0
241 T 2218 57 961 0 0
241 T 58 2242 932 0 0
241 T 572 972 1550 0 0
241 T 984 533 1555 0 0
241 T 1544 982 557 0 0
241 T 1548 2131 2099 0 0
241 T 2097 1769 574 0 0
241 T 1769 2129 972 0 0
241 T 562 1001 1722 0 0
241 T 270 1138 560 0 0
241 T 1001 1136 657 0 0
241 T 134 515 1053 0 0
241 T 1594 1677 132 0 0
241 T 1055 569 1592 0 0
241 T 1677 571 515 0 0
241 T 528 899 1507 0 0
241 T 584 925 1495 0 0
241 T 1475 900 559 0 0
241 T 1505 1744 1051 0 0
241 T 1049 146 530 0 0
241 T 146 1746 899 0 0
241 T 1121 1873 875 0 0
241 T 859 1855 26 0 0
241 T 1878 1123 827 0 0
241 T 1863 844 1109 0 0
241 T 1108 820 1880 0 0
241 T 2213 405 1123 0 0
241 T 873 2175 2215 0 0
241 T 405 2173 1873 0 0
241 T 2301 2379 231 0 0
241 T 229 1141 696 0 0
241 T 698 2479 2303 0 0
241 T 2479 1143 2379 0 0
241 T 2310 639 1511 0 0
241 T 1509 2186 914 0 0
241 T 912 2397 2308 0 0
241 T 2397 2184 639 0 0
241 T 2105 2209 647 0 0
241 T 2136 2132 2107 0 0
241 T 2132 2120 2150 0 0
241 T 2142 2107 2111 0 0
241 T 2226 2134 705 0 0
241 T 2234 2211 2224 0 0
241 T 739 1529 1924 0 0
241 T 799 1515 1927 0 0
241 T 1158 2003 737 0 0
241 T 1926 1807 1156 0 0
241 T 2003 1805 1529 0 0
241 T 426 1534 1035 0 0
241 T 1033 330 438 0 0
241 T 404 328 1534 0 0
241 T 326 2050 1272 0 0
241 T 1274 2133 623 0 0
241 T 885 2135 2050 0 0
241 T 1868 409 1449 0 0
241 T 1788 443 1870 0 0
241 T 1451 420 1790 0 0
241 T 2195 2302 1421 0 0
241 T 1423 629 498 0 0
241 T 496 1304 2193 0 0
241 T 1304 631 2302 0 0
241 T 2401 170 2376 0 0
241 T 1127 2156 2403 0 0
241 T 2156 2206 170 0 0
241 T 1295 7 1541 0 0
241 T 1484 273 1543 0 0
241 T 1486 6 1277 0 0
241 T 7 2 6 0 0
241 T 810 1309 956 0 0
241 T 861 833 808 0 0
241 T 879 849 835 0 0
241 T 883 847 857 0 0
241 T 825 865 823 0 0
241 T 812 838 821 0 0
241 T 874 841 808 0 0
241 T 833 1961 1309 0 0
241 T 1837 231 1126 0 0
241 T 211 1186 1839 0 0
241 T 1124 249 209 0 0
241 T 1186 251 231 0 0
241 T 2405 404 2264 0 0
241 T 2266 1773 563 0 0
241 T 561 2198 2407 0 0
241 T 998 2271 1391 0 0
241 T 1389 1919 1194 0 0
241 T 1192 285 996 0 0
241 T 285 1917 2271 0 0
241 T 1933 2170 15 0 0
241 T 2170 870 1900 0 0
241 T 1902 1470 14 0 0
241 T 1470 868 1935 0 0
241 T 729 1581 336 0 0
241 T 338 1754 1639 0 0
241 T 304 1752 1581 0 0
241 T 1226 1099 2265 0 0
241 T 560 1976 1224 0 0
241 T 1976 1774 1099 0 0
241 T 48 1787 1130 0 0
241 T 1780 1098 1991 0 0
241 T 387 1536 624 0 0
241 T 626 177 341 0 0
241 T 477 179 1536 0 0
241 T 2165 775 2222 0 0
241 T 403 1910 2167 0 0
241 T 2220 1168 401 0 0
241 T 1910 1170 775 0 0
241 T 1912 1146 780 0 0
241 T 1893 740 1145 0 0
241 T 1919 805 1169 0 0
241 T 754 1898 29 0 0
241 T 2042 1747 1498 0 0
241 T 1922 1580 2040 0 0
241 T 1496 836 1920 0 0
241 T 833 1469 1921 0 0
241 T 1580 838 1747 0 0
241 T 1751 1577 1191 0 0
241 T 235 2085 1749 0 0
241 T 2085 461 1577 0 0
241 T 1037 1244 717 0 0
241 T 1026 6 1039 0 0
241 T 719 1432 1024 0 0
241 T 6 1434 1244 0 0
241 T 355 1519 1196 0 0
241 T 1198 506 366 0 0
241 T 404 504 1519 0 0
241 T 639 2482 2306 0 0
241 T 262 1038 499 0 0
241 T 191 482 1064 0 0
241 T 1066 490 1091 0 0
241 T 1089 479 189 0 0
241 T 1364 1351 1323 0 0
241 T 1368 1282 1318 0 0
241 T 1279 1302 1253 0 0
241 T 1356 1336 1379 0 0
241 T 1287 1258 1257 0 0
241 T 1378 1354 1362 0 0
241 T 1380 1290 1322 0 0
241 T 1340 1270 1246 0 0
241 T 1254 1241 1260 0 0
241 T 1243 1241 1243 1 0
241 T 1365 1319 1347 0 0
241 T 1293 1261 1334 0 0
241 T 1250 1375 1264 0 0
241 T 1321 952 162 0 0
241 T 160 1041 1366 0 0
241 T 1041 954 1351 0 0
241 T 449 1546 1472 0 0
241 T 375 1472 1029 0 0
241 T 349 1029 1546 0 0
241 T 2067 315 1740 0 0
241 T 1742 302 936 0 0
241 T 938 306 2065 0 0
241 T 965 137 1099 0 0
241 T 918 1173 138 0 0
241 T 619 2476 2496 0 0
241 T 935 170 617 0 0
241 T 2498 2488 933 0 0
241 T 170 2490 2476 0 0
241 T 435 1434 2051 0 0
241 T 2049 2120 453 0 0
241 T 460 2122 1434 0 0
241 T 11 1785 1397 0 0
241 T 1438 1756 10 0 0
241 T 1948 1741 1174 0 0
241 T 1756 47 1155 0 0
241 T 1956 1765 1172 0 0
241 T 139 1260 1950 0 0
241 T 1260 917 1741 0 0
241 T 2130 9 2260 0 0
241 T 2262 1414 2096 0 0
241 T 1551 1412 9 0 0
241 T 1553 1403 134 0 0
241 T 2024 1955 174 0 0
241 T 172 1842 1408 0 0
241 T 1410 278 2026 0 0
241 T 278 1840 1955 0 0
241 T 1354 816 1164 0 0
241 T 1166 993 1438 0 0
241 T 993 818 219 0 0
241 T 2155 2311 890 0 0
241 T 8 2249 2153 0 0
241 T 2249 24 2311 0 0
241 T 1897 1155 2375 0 0
241 T 1914 2382 1148 0 0
241 T 1332 1756 1899 0 0
241 T 2373 46 1334 0 0
241 T 1769 1765 1791 0 0
241 T 1779 1772 1769 0 0
241 T 1761 1749 1738 0 0
241 T 2072 587 1771 0 0
241 T 1789 660 2074 0 0
241 T 587 662 1765 0 0
241 T 651 770 1267 0 0
241 T 1265 734 2088 0 0
241 T 2090 772 649 0 0
241 T 772 732 770 0 0
241 T 752 758 740 0 0
241 T 785 738 770 0 0
241 T 788 807 783 0 0
241 T 744 760 738 0 0
241 T 783 792 799 0 0
241 T 317 1601 1182 0 0
241 T 1180 543 271 0 0
241 T 241 541 1601 0 0
241 T 313 2231 1098 0 0
241 T 2266 2229 504 0 0
241 T 384 1891 1118 0 0
241 T 1116 1249 478 0 0
241 T 342 1251 1891 0 0
241 T 302 892 2032 0 0
241 T 1405 894 504 0 0
241 T 84 1933 1936 0 0
241 T 14 2163 1938 0 0
241 T 2170 84 2163 0 0
241 T 2386 2493 1105 0 0
241 T 1142 2488 2403 0 0
241 T 1107 85 1140 0 0
241 T 2401 2391 2384 0 0
241 T 294 1566 1205 0 0
241 T 1207 500 312 0 0
241 T 500 1564 298 0 0
241 T 2430 2119 1678 0 0
241 T 570 2117 2455 0 0
241 T 2258 1131 1370 0 0
241 T 1316 2240 2256 0 0
241 T 1131 2242 1282 0 0
241 T 667 1806 171 0 0
241 T 725 172 1827 0 0
241 T 1892 1929 564 0 0
241 T 1645 689 1894 0 0
241 T 566 173 1647 0 0
241 T 689 175 1929 0 0
241 T 1603 1361 225 0 0
241 T 227 610 317 0 0
241 T 1182 608 1361 0 0
241 T 1572 241 345 0 0
241 T 1574 95 1597 0 0
241 T 1599 377 257 0 0
241 T 1433 1274 1070 0 0
241 T 1068 324 434 0 0
241 T 986 780 566 0 0
241 T 536 980 787 0 0
241 T 583 751 956 0 0
241 T 2115 1912 984 0 0
241 T 564 1144 2113 0 0
241 T 697 763 2129 0 0
241 T 2131 942 2317 0 0
241 T 2319 1520 699 0 0
241 T 1520 940 763 0 0
241 T 1528 968 797 0 0
241 T 1515 970 736 0 0
241 T 1497 131 877 0 0
241 T 128 1511 832 0 0
241 T 833 921 1499 0 0
241 T 1469 921 839 0 0
241 T 1509 876 889 0 0
241 T 13 1713 1382 0 0
241 T 593 484 12 0 0
241 T 1490 216 1603 0 0
241 T 1363 221 1488 0 0
241 T 137 1253 1988 0 0
241 T 1990 1300 1518 0 0
241 T 1516 1279 139 0 0
241 T 128 1996 2022 0 0
241 T 2020 738 1586 0 0
241 T 1584 1325 130 0 0
241 T 1325 736 1996 0 0
241 T 2231 2418 1519 0 0
241 T 1517 2289 1096 0 0
241 T 315 2291 2418 0 0
241 T 1118 2006 835 0 0
241 T 1923 1827 1116 0 0
241 T 2006 1825 1469 0 0
241 T 1751 929 199 0 0
241 T 197 989 1191 0 0
241 T 989 931 1579 0 0
241 T 907 2347 1751 0 0
241 T 2085 2371 905 0 0
241 T 2371 235 2347 0 0
241 T 824 355 183 0 0
241 T 371 807 182 0 0
241 T 1342 829 802 0 0
241 T 828 1293 1218 0 0
241 T 1216 1457 368 0 0
241 T 370 136 830 0 0
241 T 136 1459 1293 0 0
241 T 819 392 172 0 0
241 T 1179 426 817 0 0
241 T 174 445 1177 0 0
241 T 147 752 1895 0 0
241 T 771 1908 156 0 0
241 T 159 783 1917 0 0
241 T 11 742 1896 0 0
241 T 806 144 1914 0 0
241 T 2290 1781 1302 0 0
241 T 1300 2094 2417 0 0
241 T 2094 1783 312 0 0
241 T 845 1855 11 0 0
241 T 821 154 1876 0 0
241 T 1875 809 154 0 0
241 T 1882 826 151 0 0
241 T 1863 858 148 0 0
241 T 1398 1301 847 0 0
241 T 1301 1786 1855 0 0
241 T 1485 244 1028 0 0
241 T 1542 1028 247 0 0
241 T 886 335 1130 0 0
241 T 2093 293 884 0 0
241 T 293 859 335 0 0
241 T 350 255 1134 0 0
241 T 109 1100 1132 0 0
241 T 1100 249 372 0 0
241 T 915 333 1835 0 0
241 T 957 1818 339 0 0
241 T 2030 2439 2348 0 0
241 T 2357 2426 2028 0 0
241 T 2350 228 2359 0 0
241 T 1902 838 32 0 0
241 T 839 44 1900 0 0
241 T 235 1238 253 0 0
241 T 283 1040 233 0 0
241 T 1238 1042 264 0 0
241 T 884 2150 453 0 0
241 T 1969 320 1444 0 0
241 T 1446 283 2016 0 0
241 T 2018 301 1971 0 0
241 T 633 4 1331 0 0
241 T 1329 740 1802 0 0
241 T 1800 994 635 0 0
241 T 994 742 4 0 0
241 T 1846 775 286 0 0
241 T 1916 773 2321 0 0
241 T 62 1899 754 0 0
241 T 1488 1472 1471 0 0
241 T 1507 1462 1497 0 0
241 T 1825 1674 1490 0 0
241 T 1674 2006 1472 0 0
241 T 1009 193 1649 0 0
241 T 1651 187 1212 0 0
241 T 1214 205 1011 0 0
241 T 569 1195 703 0 0
241 T 1665 999 571 0 0
241 T 223 1379 666 0 0
241 T 664 1338 1561 0 0
241 T 1563 1356 221 0 0
241 T 43 796 1858 0 0
241 T 1856 1388 2282 0 0
241 T 1565 1390 796 0 0
241 T 760 1400 1525 0 0
241 T 125 1388 1425 0 0
241 T 119 1390 1427 0 0
241 T 876 1461 1451 0 0
241 T 1464 838 1427 0 0
241 T 1622 394 878 0 0
241 T 1449 973 1620 0 0
241 T 394 975 1461 0 0
241 T 1624 152 1548 0 0
241 T 9 1686 1626 0 0
241 T 152 1684 1413 0 0
241 T 2223 1428 1917 0 0
241 T 805 1430 402 0 0
241 T 1571 84 1592 0 0
241 T 1569 128 1731 0 0
241 T 134 87 128 0 0
241 T 1269 6 1419 0 0
241 T 1417 1016 658 0 0
241 T 1016 4 1075 0 0
241 T 1326 915 769 0 0
241 T 158 1478 1324 0 0
241 T 1478 1910 915 0 0
241 T 1249 843 2057 0 0
241 T 2145 519 2199 0 0
241 T 1104 189 2147 0 0
241 T 2197 1082 1106 0 0
241 T 189 1080 519 0 0
241 T 847 1839 1305 0 0
241 T 1307 231 2103 0 0
241 T 1092 409 1734 0 0
241 T 1732 168 1336 0 0
241 T 1338 766 1094 0 0
241 T 154 427 634 0 0
241 T 632 818 1351 0 0
241 T 1349 1176 152 0 0
241 T 898 2401 2367 0 0
241 T 2382 201 2365 0 0
241 T 2386 984 2380 0 0
241 T 896 836 1905 0 0
241 T 1891 903 835 0 0
241 T 1887 877 924 0 0
241 T 1907 1580 145 0 0
241 T 1604 2054 460 0 0
241 T 1419 137 1606 0 0
241 T 462 2141 1417 0 0
241 T 137 2143 2054 0 0
241 T 2487 2194 2179 0 0
241 T 2177 1385 2307 0 0
241 T 1422 95 1385 0 0
241 T 1421 1269 236 0 0
241 T 1480 418 687 0 0
241 T 418 1631 1641 0 0
241 T 1876 1394 2215 0 0
241 T 873 2327 1878 0 0
241 T 1853 856 61 0 0
241 T 1205 1172 2254 0 0
241 T 2252 1767 568 0 0
241 T 570 1956 1207 0 0
241 T 2263 22 2317 0 0
241 T 133 1222 1003 0 0
241 T 1202 129 997 0 0
241 T 1358 226 1589 0 0
241 T 1228 609 1356 0 0
241 T 1591 316 1230 0 0
241 T 2349 2471 77 0 0
241 T 2474 2347 75 0 0
241 T 694 1324 1071 0 0
241 T 1069 1476 441 0 0
241 T 443 158 692 0 0
241 T 1360 1655 665 0 0
241 T 1609 1309 134 0 0
241 T 132 1033 1018 0 0
241 T 1016 633 1611 0 0
241 T 633 1035 1309 0 0
241 T 1692 991 179 0 0
241 T 166 1179 1840 0 0
241 T 1842 1348 163 0 0
241 T 161 1685 1382 0 0
241 T 1685 955 1290 0 0
241 T 2395 2202 699 0 0
241 T 1092 6 1300 0 0
241 T 1397 1007 1094 0 0
241 T 1007 846 6 0 0
241 T 84 950 906 0 0
241 T 2552 2554 2552 1 0
241 T 1932 541 1474 0 0
241 T 1488 543 869 0 0
241 T 815 550 1465 0 0
241 T 210 1149 255 0 0
241 T 1149 1015 1124 0 0
241 T 1857 2163 779 0 0
241 T 777 1936 1531 0 0
241 T 1529 15 1859 0 0
241 T 2447 2344 2032 0 0
241 T 1632 911 1282 0 0
241 T 9 1631 1634 0 0
241 T 1280 1160 8 0 0
241 T 1740 681 1558 0 0
241 T 1457 503 403 0 0
241 T 361 501 1218 0 0
241 T 2178 1330 497 0 0
241 T 239 1610 2176 0 0
241 T 1610 1074 1330 0 0
241 T 813 306 173 0 0
241 T 564 1904 815 0 0
241 T 1889 810 524 0 0
241 T 1904 1647 306 0 0
241 T 301 329 1559 0 0
241 T 937 680 329 0 0
241 T 2015 2088 1599 0 0
241 T 2088 2234 2059 0 0
241 T 334 671 1612 0 0
241 T 565 1941 1861 0 0
241 T 1111 2156 567 0 0
241 T 2156 846 1941 0 0
241 T 1615 1926 2039 0 0
241 T 768 1848 538 0 0
241 T 1864 566 795 0 0
241 T 738 982 1848 0 0
241 T 986 798 1864 0 0
241 T 1869 763 972 0 0
241 T 266 1625 1539 0 0
241 T 233 2360 2307 0 0
241 T 1329 2068 235 0 0
241 T 2305 688 1331 0 0
241 T 2068 690 2360 0 0
241 T 1411 165 444 0 0
241 T 1866 1615 149 0 0
241 T 151 1797 984 0 0
241 T 798 1799 1615 0 0
241 T 2239 402 2459 0 0
241 T 2435 1456 2237 0 0
241 T 512 1835 653 0 0
241 T 655 415 135 0 0
241 T 1052 413 1835 0 0
241 T 158 1495 1628 0 0
241 T 1630 927 701 0 0
241 T 703 584 156 0 0
241 T 786 913 1999 0 0
241 T 2114 742 1930 0 0
241 T 174 2182 2112 0 0
241 T 2182 688 742 0 0
241 T 1553 1085 1799 0 0
241 T 151 1087 533 0 0
241 T 638 1106 235 0 0
241 T 1106 2483 2360 0 0
241 T 1047 512 184 0 0
241 T 1142 2188 1045 0 0
241 T 186 2119 1140 0 0
241 T 2188 2117 512 0 0
241 T 1397 224 1702 0 0
241 T 1596 773 412 0 0
241 T 468 775 258 0 0
241 T 325 1476 401 0 0
241 T 1372 1066 1057 0 0
241 T 2229 406 2467 0 0
241 T 13 1683 1370 0 0
241 T 1368 852 595 0 0
241 T 484 854 1683 0 0
241 T 1456 1335 1950 0 0
241 T 1172 2278 1458 0 0
241 T 1335 2276 1741 0 0
241 T 191 1694 1191 0 0
241 T 196 1539 1090 0 0
241 T 90 1831 1810 0 0
241 T 1808 145 1559 0 0
241 T 1500 151 1831 0 0
241 T 1225 548 175 0 0
241 T 567 821 898 0 0
241 T 525 902 862 0 0
241 T 914 852 577 0 0
241 T 2087 136 2123 0 0
241 T 1579 1435 136 0 0
241 T 1125 2365 1881 0 0
241 T 1128 1852 2352 0 0
241 T 1883 896 2156 0 0
241 T 171 586 1959 0 0
241 T 1206 545 169 0 0
241 T 545 569 586 0 0
241 T 561 573 548 0 0
241 T 535 111 529 0 0
241 T 526 113 536 0 0
241 T 578 555 568 0 0
241 T 561 541 580 0 0
241 T 464 194 1480 0 0
241 T 1900 1424 2285 0 0
241 T 2244 2298 56 0 0
241 T 2217 1321 2246 0 0
241 T 1321 960 2298 0 0
241 T 1409 412 604 0 0
241 T 320 1982 1411 0 0
241 T 606 522 322 0 0
241 T 1982 520 412 0 0
241 T 615 84 673 0 0
241 T 613 2511 2503 0 0
241 T 2497 2510 675 0 0
241 T 2513 2509 2510 0 0
241 T 2094 2353 60 0 0
241 T 81 2355 1302 0 0
241 T 1705 397 1658 0 0
241 T 1607 5 1656 0 0
241 T 1707 4 1576 0 0
241 T 1513 762 135 0 0
241 T 132 1520 739 0 0
241 T 2434 1334 2067 0 0
241 T 313 2279 2432 0 0
241 T 997 1115 717 0 0
241 T 719 1275 131 0 0
241 T 1275 1113 1202 0 0
241 T 2359 645 2140 0 0
241 T 2109 2209 2357 0 0
241 T 1213 461 228 0 0
241 T 1737 1605 1215 0 0
241 T 230 2053 1739 0 0
241 T 1533 959 1873 0 0
241 T 152 1308 1535 0 0
241 T 2106 2078 936 0 0
241 T 683 1296 2104 0 0
241 T 1296 330 2078 0 0
241 T 1487 1093 1252 0 0
241 T 1254 902 244 0 0
241 T 902 1095 1030 0 0
241 T 410 1621 763 0 0
241 T 1455 2073 2248 0 0
241 T 552 256 1589 0 0
241 T 1228 286 554 0 0
241 T 414 650 2012 0 0
241 T 2014 946 1980 0 0
241 T 520 944 650 0 0
241 T 517 1819 712 0 0
241 T 714 390 130 0 0
241 T 128 1062 519 0 0
241 T 1062 388 1819 0 0
241 T 2371 2410 2035 0 0
241 T 8 597 489 0 0
241 T 1056 599 1280 0 0
241 T 642 561 1235 0 0
241 T 547 158 1195 0 0
241 T 1527 1552 1513 0 0
241 T 1531 1561 1545 0 0
241 T 1101 276 1525 0 0
241 T 1515 2063 1103 0 0
241 T 276 2061 1552 0 0
241 T 1760 869 778 0 0
241 T 125 2162 2169 0 0
241 T 798 30 1859 0 0
241 T 342 894 1972 0 0
241 T 1947 945 380 0 0
241 T 1974 3 1945 0 0
241 T 389 1445 607 0 0
241 T 521 1968 391 0 0
241 T 1444 420 165 0 0
241 T 167 492 604 0 0
241 T 2369 704 2123 0 0
241 T 905 136 704 0 0
241 T 1380 1154 2245 0 0
241 T 2247 2108 12 0 0
241 T 2108 1152 1713 0 0
241 T 966 1780 1252 0 0
241 T 919 90 964 0 0
241 T 1446 1820 168 0 0
241 T 1820 165 1209 0 0
241 T 646 137 951 0 0
241 T 1717 1578 359 0 0
241 T 357 928 148 0 0
241 T 150 988 1719 0 0
241 T 1800 218 1350 0 0
241 T 1348 198 1238 0 0
241 T 1236 208 1802 0 0
241 T 1675 395 1164 0 0
241 T 557 385 1673 0 0
241 T 1166 349 559 0 0
241 T 1332 2372 79 0 0
241 T 582 475 1818 0 0
241 T 1063 345 580 0 0
241 T 2167 327 913 0 0
241 T 2175 957 329 0 0
241 T 234 1803 1150 0 0
241 T 1148 743 2071 0 0
241 T 2064 1153 754 0 0
241 T 1335 740 1439 0 0
241 T 447 1778 1400 0 0
241 T 1449 1506 128 0 0
241 T 1453 9 1495 0 0
241 T 1839 1006 695 0 0
241 T 693 7 1307 0 0
241 T 1138 1299 1220 0 0
241 T 657 135 1299 0 0
241 T 1405 1315 364 0 0
241 T 1315 894 1196 0 0
241 T 550 155 1233 0 0
241 T 573 642 155 0 0
241 T 1735 557 418 0 0
241 T 2000 1544 1733 0 0
241 T 416 980 2002 0 0
241 T 1367 1078 161 0 0
241 T 1840 1076 1320 0 0
241 T 314 2237 1172 0 0
241 T 2252 2239 500 0 0
241 T 544 1564 792 0 0
241 T 1561 779 554 0 0
241 T 721 1779 2099 0 0
241 T 572 1774 723 0 0
241 T 106 623 683 0 0
241 T 1995 1317 233 0 0
241 T 283 1820 1993 0 0
241 T 1820 1040 1317 0 0
241 T 752 339 305 0 0
241 T 1153 937 339 0 0
241 T 1396 214 1337 0 0
241 T 767 212 1004 0 0
241 T 2257 2294 59 0 0
241 T 1317 935 2294 0 0
241 T 591 1455 855 0 0
241 T 548 1426 820 0 0
241 T 945 1217 1312 0 0
241 T 2362 174 2385 0 0
241 T 2492 172 2483 0 0
241 T 443 1766 696 0 0
241 T 698 2189 435 0 0
241 T 2189 1764 401 0 0
241 T 195 383 686 0 0
241 T 1698 629 1861 0 0
241 T 150 1792 1696 0 0
241 T 1792 856 629 0 0
241 T 2414 191 2339 0 0
241 T 2337 1964 73 0 0
241 T 1964 189 18 0 0
241 T 1943 631 170 0 0
241 T 1353 1488 725 0 0
241 T 174 1674 1355 0 0
241 T 2338 86 2335 0 0
241 T 70 1985 2333 0 0
241 T 1985 87 1965 0 0
241 T 1808 529 320 0 0
241 T 1831 320 533 0 0
241 T 1151 2385 2114 0 0
241 T 2182 2362 1149 0 0
241 T 2148 2370 2226 0 0
241 T 1584 1307 1038 0 0
241 T 260 2192 1586 0 0
241 T 213 1345 1838 0 0
241 T 764 692 1345 0 0
241 T 182 1394 367 0 0
241 T 183 363 1431 0 0
241 T 1429 109 1394 0 0
241 T 2039 1797 1512 0 0
241 T 2062 1799 327 0 0
241 T 137 803 354 0 0
241 T 1279 1199 803 0 0
241 T 358 978 144 0 0
241 T 1014 976 930 0 0
241 T 2498 2507 2500 0 0
241 T 2395 956 2317 0 0
241 T 1271 137 1659 0 0
241 T 55 121 53 0 0
241 T 1771 1871 699 0 0
241 T 1140 2335 1676 0 0
241 T 186 2430 2335 0 0
241 T 459 2140 2077 0 0
241 T 2079 1418 437 0 0
241 T 981 1262 245 0 0
241 T 135 2020 1962 0 0
241 T 1510 1997 1609 0 0
241 T 1611 784 2187 0 0
241 T 130 1025 1068 0 0
241 T 1736 979 205 0 0
241 T 627 120 685 0 0
241 T 2150 1130 1682 0 0
241 T 13 2257 2148 0 0
241 T 279 1077 229 0 0
241 T 231 1323 1954 0 0
241 T 286 1113 571 0 0
241 T 869 216 241 0 0
241 T 417 1851 1158 0 0
241 T 1648 454 514 0 0
241 T 516 456 1695 0 0
241 T 660 1174 170 0 0
241 T 1096 720 175 0 0
241 T 264 350 1463 0 0
241 T 935 1995 2340 0 0
241 T 2342 2018 617 0 0
241 T 2018 1993 168 0 0
241 T 2328 963 1955 0 0
241 T 230 2299 2330 0 0
241 T 1090 1288 9 0 0
241 T 1067 599 1288 0 0
241 T 1498 1134 2081 0 0
241 T 2083 281 1504 0 0
241 T 1463 283 1134 0 0
241 T 1625 955 1088 0 0
241 T 374 559 1093 0 0
241 T 145 1663 1009 0 0
241 T 1011 1606 977 0 0
241 T 359 1604 1663 0 0
241 T 1359 724 1703 0 0
241 T 1416 1034 1299 0 0
241 T 320 1559 1050 0 0
241 T 1547 554 1938 0 0
241 T 1212 455 1044 0 0
241 T 1046 433 229 0 0
241 T 1231 578 1112 0 0
241 T 2245 68 2296 0 0
241 T 1345 1822 163 0 0
241 T 2152 878 639 0 0
241 T 1347 1185 205 0 0
241 T 1590 214 1562 0 0
241 T 2353 48 1303 0 0
241 T 1755 752 688 0 0
241 T 1716 2 1663 0 0
241 T 1167 1028 981 0 0
241 T 2516 2518 2516 1 0
241 T 518 1728 563 0 0
241 T 561 1570 1061 0 0
241 T 873 472 240 0 0
241 T 2064 2373 63 0 0
241 T 2421 2191 569 0 0
241 T 1812 872 271 0 0
241 T 1747 331 2081 0 0
241 T 331 1048 281 0 0
241 T 1731 2147 2412 0 0
241 T 2337 1104 1729 0 0
241 T 2536 2538 2536 1 0
241 T 1118 91 1157 0 0
241 T 2560 2562 2560 1 0
241 T 2358 951 2052 0 0
241 T 955 266 198 0 0
241 T 581 1136 1181 0 0
241 T 1805 1732 1561 0 0
241 T 1155 1291 2219 0 0
241 T 2108 936 458 0 0
241 T 386 2006 903 0 0
241 T 909 1316 162 0 0
241 T 1079 1346 911 0 0
241 T 452 334 1683 0 0
241 T 470 854 334 0 0
241 T 1815 318 472 0 0
241 T 458 600 1813 0 0
241 T 318 602 484 0 0
241 T 778 212 257 0 0
241 T 1586 1025 695 0 0
241 T 708 895 522 0 0
241 T 895 2010 1969 0 0
241 T 235 2294 2342 0 0
241 T 1846 468 318 0 0
241 T 600 454 1844 0 0
241 T 175 1979 575 0 0
241 T 825 407 1394 0 0
241 T 1245 1706 138 0 0
241 T 2500 677 2482 0 0
241 T 2493 960 2502 0 0
241 T 677 962 175 0 0
241 T 1250 708 811 0 0
241 T 146 1754 1647 0 0
241 T 795 295 171 0 0
241 T 2450 2295 2148 0 0
241 T 2295 67 2259 0 0
241 T 2015 2211 678 0 0
241 T 618 95 676 0 0
241 T 2009 618 2224 0 0
241 T 363 1315 1443 0 0
241 T 2148 2411 2341 0 0
241 T 2343 2032 2226 0 0
241 T 292 1794 1614 0 0
241 T 1865 1696 294 0 0
241 T 1378 724 220 0 0
241 T 290 1077 1186 0 0
241 T 1266 465 1156 0 0
241 T 2019 2032 2009 0 0
241 T 2029 2014 2025 0 0
241 T 1611 2021 835 0 0
241 T 2331 2025 677 0 0
241 T 2210 2029 2329 0 0
241 T 1260 1540 1165 0 0
241 T 1167 4 1333 0 0
241 T 1947 521 536 0 0
241 T 526 523 1972 0 0
241 T 220 1339 1701 0 0
241 T 2075 2154 1495 0 0
241 T 1569 344 540 0 0
241 T 1594 552 376 0 0
241 T 333 1793 1691 0 0
241 T 393 1887 1401 0 0
241 T 427 1779 1887 0 0
241 T 1055 577 376 0 0
241 T 577 1834 470 0 0
241 T 1985 19 184 0 0
241 T 2426 2111 2330 0 0
241 T 1737 948 2350 0 0
241 T 2027 1980 297 0 0
241 T 561 2146 2461 0 0
241 T 1884 1768 637 0 0
241 T 380 1850 1267 0 0
241 T 651 538 382 0 0
241 T 926 1621 1403 0 0
241 T 1441 946 501 0 0
241 T 299 944 2031 0 0
241 T 159 1210 1346 0 0
241 T 2423 2255 401 0 0
241 T 527 710 341 0 0
241 T 926 2153 1769 0 0
241 T 2299 2441 2109 0 0
241 T 1699 169 566 0 0
241 U 2415 6 6 0 0
241 U 2461 2 6 0 0
241 U 518 6 2 0 0
241 U 2407 2 2 0 0
241 U 2465 2 5 0 0
241 U 506 5 2 0 0
241 U 19 7 6 0 0
241 U 72 6 7 0 0
241 U 2417 4 4 0 0
241 U 61 5 4 0 0
241 U 80 4 5 0 0
241 U 130 9 10 0 0
241 U 848 10 9 0 0
241 U 889 10 10 0 0
241 U 922 9 9 0 0
241 U 15 9 8 -1 0
241 U 32 8 9 0 0
241 U 24 10 11 0 0
241 U 9 11 10 0 0
241 U 1636 15 21 0 0
241 U 307 21 15 0 0
241 U 690 15 15 0 0
241 U 702 17 17 0 0
241 U 285 17 19 0 0
241 U 1664 19 17 0 0
241 U 686 13 13 0 0
241 U 53 12 13 0 0
241 U 51 13 12 -1 0
241 U 16 20 21 0 0
241 U 730 21 21 0 0
241 U 34 21 20 0 0
241 U 291 16 13 0 0
241 U 1640 13 16 0 0
241 U 262 19 14 0 0
241 U 1669 14 19 0 0
241 U 718 19 19 0 0
241 U 2410 25 23 0 0
241 U 233 23 25 0 0
241 U 2444 23 23 0 0
241 U 2448 24 24 0 0
241 U 13 25 24 0 0
241 U 67 24 25 0 0
241 U 44 22 23 0 0
241 U 74 23 22 0 0
241 U 1111 30 28 0 0
241 U 148 28 30 0 0
241 U 880 30 30 0 0
241 U 26 31 30 0 0
241 U 10 30 31 0 0
241 U 864 29 29 0 0
241 U 20 26 27 0 0
241 U 38 27 26 0 0
241 U 841 27 27 0 0
241 U 153 27 29 0 0
241 U 1120 29 27 0 0
241 U 64 1 1 0 0
241 U 1 1 1 -1 0
241 U 11 37 36 0 0
241 U 28 36 37 0 0
241 U 757 36 36 0 0
241 U 157 33 35 0 0
241 U 790 35 35 0 0
241 U 1171 35 33 0 0
241 U 144 34 36 0 0
241 U 1146 36 34 0 0
241 U 734 33 33 0 0
241 U 21 33 32 -1 0
241 U 40 32 33 0 0
241 U 2443 40 40 0 0
241 U 230 40 38 0 0
241 U 2424 38 40 0 0
241 U 2436 39 39 0 0
241 U 43 39 38 0 0
241 U 76 38 39 0 0
241 U 12 40 41 0 0
241 U 69 41 40 0 0
241 U 271 49 47 0 0
241 U 1723 47 49 0 0
241 U 640 47 47 0 0
241 U 624 43 43 0 0
241 U 265 43 46 0 0
241 U 1708 46 43 0 0
241 U 54 42 43 0 0
241 U 51 43 42 0 0
241 U 237 45 48 0 0
241 U 1727 48 45 0 0
241 U 657 48 48 0 0
241 U 668 51 51 0 0
241 U 1691 51 45 0 0
241 U 293 45 51 0 0
241 U 629 44 44 0 0
241 U 16 50 51 0 0
241 U 37 51 50 0 0
241 U 135 52 55 0 0
241 U 968 52 52 0 0
241 U 744 55 52 0 0
241 U 942 54 54 0 0
241 U 30 53 52 0 0
241 U 14 52 53 0 0
241 U 22 55 54 0 0
241 U 8 54 55 0 0
241 U 70 61 60 0 0
241 U 2428 60 60 0 0
241 U 18 60 61 0 0
241 U 2455 56 60 0 0
241 U 514 60 56 0 0
241 U 2420 56 56 0 0
241 U 2456 57 58 0 0
241 U 2432 58 58 0 0
241 U 503 58 57 0 0
241 U 63 59 58 0 0
241 U 79 58 59 0 0
241 Q 1760 2474 85 2469 1 0 0 0 0 0
241 Q 325 2525 329 2531 0 0 0 0 0 0
241 Q 2529 1134 2538 1100 0 0 0 0 0 0
241 Q 2037 2536 2042 2527 0 0 0 0 0 0
241 Q 0 1284 0 1284 0 0 0 0 0 0
241 Q 1203 106 1221 0 1 0 0 0 0 0
241 Q 1846 2314 1815 86 0 0 0 0 0 0
241 Q 86 2273 2517 2270 0 0 0 0 0 0
241 Q 2519 1392 2531 1431 0 0 0 0 0 0
241 Q 2167 2529 2175 2312 0 0 0 0 0 0
241 Q 96 2242 1 2216 0 0 1 0 0 0
241 Q 963 1 934 96 0 1 -1 0 0 -1
241 Q 1 57 1 59 0 0 0 1 0 1
241 Q 117 195 511 177 0 0 0 0 -1 0
241 Q 143 117 143 117 0 0 0 0 1 0
241 Q 179 2127 193 141 0 0 0 0 0 0
241 Q 2125 509 2125 509 0 0 0 0 0 0
241 Q 1113 2138 1136 0 0 0 0 0 0 0
241 Q 0 1021 0 1021 0 0 0 0 0 0
241 Q 1023 1138 88 1115 0 0 0 0 0 0
241 Q 88 2136 88 2136 0 0 0 0 0 0
241 Q 93 720 89 662 0 0 0 0 0 0
241 Q 660 2551 722 2541 0 0 0 0 0 0
241 Q 2543 93 2543 93 0 0 0 0 0 0
241 Q 89 2549 89 2549 0 0 0 0 0 0
241 Q 699 2505 637 2486 0 0 0 0 0 0
241 Q 1097 2548 1173 2545 0 0 0 0 0 0
241 Q 2547 916 2553 967 0 0 0 0 0 0
241 Q 137 2555 136 2550 0 0 0 0 0 0
241 Q 114 11 103 10 0 0 0 0 0 0
241 Q 1399 1 1436 114 0 0 0 0 0 0
241 Q 1756 1 1785 103 0 0 0 0 0 0
241 Q 202 508 202 508 0 0 0 0 0 0
241 Q 2542 727 2534 665 0 0 0 0 0 0
241 Q 169 2545 172 2540 0 0 0 0 0 0
241 Q 1825 2547 1806 2532 0 0 0 0 0 0
241 Q 274 1340 274 1340 0 0 0 0 0 0
241 Q 800 85 829 272 -1 0 0 0 0 0
241 Q 1833 2521 1818 2312 0 0 0 0 0 0
241 Q 2314 959 2527 913 0 0 0 0 0 0
241 Q 2525 337 2523 333 0 0 0 0 0 0
241 Q 2520 104 2520 104 0 0 0 0 0 0
241 Q 104 729 100 671 0 0 0 0 0 0
241 Q 669 2532 731 2522 0 0 0 0 0 0
241 Q 2534 100 2534 100 0 0 0 0 0 0
241 Q 2088 82 2059 127 0 0 1 0 0 0
241 Q 127 843 123 732 0 0 -1 0 0 0
241 Q 1265 123 1251 82 0 0 0 0 1 0
241 Q 2558 82 2558 82 0 0 0 0 0 0
241 Q 82 673 1 615 0 0 0 0 0 0
241 Q 613 2562 675 2556 0 0 0 0 0 0
241 Q 2560 1 2560 1 0 0 0 0 0 0
241 Q 1259 118 1258 0 0 0 0 0 -1 0
241 Q 83 2248 2047 2261 0 0 0 0 0 0
241 Q 2319 2044 2310 83 0 0 0 0 0 0
241 Q 2045 24 2046 22 0 0 0 0 0 0
241 Q 76 1760 74 1763 0 0 0 0 0 0
241 Q 2127 1649 2 1694 0 0 0 0 0 0
241 Q 2505 2397 0 2393 0 0 0 0 0 0
241 Q 2486 2202 0 2186 0 0 0 0 0 0
241 Q 950 2558 904 2555 0 0 0 0 0 0
241 Q 142 681 1240 623 0 0 0 0 0 0
241 Q 99 489 91 491 0 0 0 0 0 0
241 Q 1614 2532 1583 2526 0 0 0 0 0 0
241 Q 1158 2544 1117 2538 0 0 0 0 0 0
241 Q 35 100 37 101 0 0 0 0 0 0
241 Q 101 16 104 17 0 0 0 0 0 0
241 Q 511 714 104 652 0 0 0 0 0 0
241 Q 654 2520 712 2127 0 0 0 0 0 0
241 Q 1655 1 1700 100 0 0 0 0 0 0
241 Q 100 224 114 226 0 0 0 0 0 0
241 Q 1059 97 1066 82 -1 0 0 0 0 0
241 Q 82 1374 82 1374 0 0 0 0 0 0
241 Q 2047 1413 92 1453 0 0 0 0 0 0
241 Q 83 2073 92 2097 0 0 0 0 0 0
241 Q 898 97 986 511 -1 0 0 0 0 0
241 Q 2389 97 2389 97 0 0 0 0 1 0
241 Q 430 200 430 200 0 0 0 0 0 0
241 Q 2549 644 2559 706 0 0 0 0 0 0
241 Q 1617 423 89 445 0 0 0 0 0 0
241 Q 1402 82 1450 1619 0 0 0 0 0 0
241 Q 1791 82 1778 89 0 0 0 0 0 0
241 Q 132 1616 130 509 0 0 0 0 0 0
241 Q 511 1506 83 1555 0 0 0 0 0 0
241 Q 104 388 1618 414 0 0 0 0 0 0
241 Q 492 88 494 104 0 0 0 0 0 0
241 Q 853 2047 750 1 0 0 0 -1 0 0
241 Q 1 591 92 589 0 0 0 1 0 1
241 Q 85 1217 3 1196 0 0 0 0 -1 0
241 Q 92 727 100 665 0 0 0 0 0 0
241 Q 860 273 786 0 0 0 0 0 0 0
241 Q 0 537 1241 527 0 0 0 0 0 0
241 Q 2506 82 2506 82 0 0 0 0 0 0
241 Q 1 2514 1 2514 0 0 0 0 0 0
241 Q 83 2397 1023 2393 0 0 0 0 0 0
241 Q 2046 956 1021 914 0 0 0 0 0 0
241 Q 512 2314 518 2126 0 0 0 0 0 0
241 Q 454 3 456 2312 0 0 0 0 0 0
241 Q 310 448 310 448 0 0 0 0 0 0
241 Q 1 1363 93 1357 0 0 0 1 0 1
241 Q 2562 65 2563 64 0 0 0 0 -1 0
241 Q 83 2233 83 2233 0 0 0 0 0 0
241 Q 2519 1427 1285 1388 0 0 0 0 0 0
241 Q 1183 88 1230 1 0 0 0 0 0 0
241 Q 1 577 1023 583 0 0 0 0 0 0
241 Q 93 608 89 610 0 0 0 0 0 0
241 Q 603 87 601 2 0 0 0 0 0 0
241 Q 598 82 596 103 0 0 0 0 0 0
241 Q 103 1289 97 1283 1 0 0 0 0 0
241 Q 1 1128 103 1153 0 0 0 1 0 1
241 Q 111 83 111 83 0 0 0 0 0 0
241 Q 83 529 97 535 0 0 0 0 0 0
241 Q 647 88 705 82 0 0 0 0 0 0
241 Q 49 1 47 1 0 1 0 0 0 -1
241 Q 932 2513 961 2390 0 0 0 0 0 0
241 Q 123 20 126 21 0 0 0 0 0 0
241 Q 39 122 41 123 1 0 0 0 0 0
