0
0 d=451
0
451 A 5 0 2 1 -2 -1
451 A 7 0 3 1 -3 -1
451 A 10 0 3 4 -3 -4
451 A -2 1 24 0 -24 0
451 A 1 1 24 0 -24 0
451 A -3 1 47 1 -47 -1
451 A 2 1 -48 1 48 -1
451 A -5 1 15 1 -15 -1
451 A 4 1 -16 1 16 -1
451 A -6 1 12 0 -12 0
451 A 5 1 12 0 -12 0
451 A -7 1 40 3 -40 -3
451 A 6 1 -43 3 43 -3
451 A 14 0 -3 6 3 -6
451 A -1 2 -104 1 104 -1
451 A 5 0 -1 2 -1 2
451 A 9 0 -1 2 -1 2
451 A 13 0 4 5 4 5
451 A 4 0 1 1 2 -1
451 A 4 0 -1 1 0 1
451 A 5 0 -2 2 0 1
451 A 5 0 -1 1 0 2
451 A 6 0 2 1 3 -1
451 A 6 0 -2 1 1 1
451 A 6 0 -1 1 0 -1
451 A 7 0 -4 3 -1 -3
451 A 7 0 -4 2 -1 -1
451 A 7 0 -3 3 0 -2
451 A 7 0 2 3 -1 2
451 A 7 0 2 2 2 -1
451 A 7 0 -2 2 0 -3
451 A 7 0 -1 1 0 1
451 A 8 0 -5 3 -2 1
451 A 8 0 3 1 4 -3
451 A 8 0 -3 1 -2 -1
451 A 8 0 -3 3 0 3
451 A 8 0 2 3 1 1
451 A 8 0 -2 3 1 -3
451 A 8 0 1 3 4 -1
451 A 8 0 -1 1 0 1
451 A 9 0 -5 4 -2 1
451 A 9 0 -5 2 -3 -2
451 A 9 0 4 1 -2 4
451 A 9 0 -4 1 -3 -1
451 A 9 0 -4 2 2 2
451 A 9 0 -4 4 0 -4
451 A 9 0 -6 4 1 2
451 A 9 0 -3 1 1 -4
451 A 9 0 -3 2 2 4
451 A 9 0 -3 4 -2 -1
451 A 9 0 -2 2 0 1
451 A 9 0 1 4 1 1
451 A 9 0 -1 1 0 2
451 A 10 0 4 1 5 -3
451 A 10 0 -4 3 1 3
451 A 10 0 -3 1 -2 -1
451 A 10 0 -3 3 0 -1
451 A 10 0 2 3 5 -1
451 A 10 0 -1 1 0 -3
451 A -1 1 51 0 31 0
451 A -1 1 47 0 12 0
451 A -1 1 41 0 11 0
451 A 0 1 51 0 31 0
451 A 0 1 47 0 12 0
451 A 0 1 41 0 11 0
451 A -2 1 45 1 22 0
451 A -2 1 50 1 40 1
451 A -2 1 46 1 -12 0
451 A -2 1 42 1 -34 0
451 A -2 1 21 0 -11 0
451 A 1 1 34 0 -43 1
451 A 1 1 22 0 46 -1
451 A 1 1 21 0 -11 0
451 A 1 1 12 0 -47 1
451 A 1 1 -41 1 -51 1
451 A -3 1 49 1 16 0
451 A -3 1 22 0 24 1
451 A -3 1 51 1 11 0
451 A -3 1 30 1 18 0
451 A 2 1 11 0 52 -1
451 A 2 1 -25 1 -22 0
451 A 2 1 -31 1 -18 0
451 A 2 1 -50 1 -16 0
451 A 11 0 -6 4 -4 3
451 A 11 0 -6 3 3 3
451 A 11 0 -6 2 5 -3
451 A 11 0 -5 1 4 1
451 A 11 0 -5 2 5 -4
451 A 11 0 -7 5 2 5
451 A 11 0 4 2 -2 -3
451 A 11 0 -4 1 -2 3
451 A 11 0 3 2 -1 -4
451 A 11 0 3 1 -1 3
451 A 11 0 -3 2 3 -5
451 A 11 0 -3 4 -1 4
451 A 11 0 2 4 1 3
451 A 11 0 -2 2 0 2
451 A 11 0 1 2 2 -5
451 A -4 1 22 1 20 1
451 A -4 1 47 1 45 1
451 A -4 1 23 1 33 1
451 A -4 1 19 1 34 1
451 A -4 1 15 1 42 1
451 A -4 1 48 1 12 0
451 A -4 1 44 1 13 0
451 A 3 1 -49 1 -12 0
451 A 3 1 -46 1 -48 1
451 A 3 1 -43 1 -16 1
451 A 3 1 -34 1 -24 1
451 A 3 1 13 0 45 -1
451 A 3 1 -20 1 -35 1
451 A 3 1 -23 1 -21 1
451 A -5 1 34 1 -48 -2
451 A -5 1 41 2 -50 -2
451 A -5 1 32 1 -13 -1
451 A 4 1 -14 1 33 -1
451 A 4 1 -50 2 35 -1
451 A 4 1 -52 2 43 -2
451 A -6 1 9 1 13 1
451 A -6 1 39 2 8 1
451 A -6 1 32 1 -52 -2
451 A -6 1 28 2 19 1
451 A -6 1 25 1 -48 -2
451 A -6 1 41 2 -21 -1
451 A 5 1 -54 2 33 -1
451 A 5 1 -26 1 50 -2
451 A 5 1 -41 2 -9 1
451 A 5 1 -22 1 43 -2
451 A 5 1 -10 1 -14 1
451 A 5 1 -20 1 -30 2
451 A 12 0 -4 5 -1 5
451 A 12 0 1 5 6 -5
451 A -7 1 32 2 43 3
451 A -7 1 47 3 -43 -2
451 A -7 1 33 2 -26 -1
451 A -7 1 9 1 22 1
451 A -7 1 22 2 -42 -2
451 A -7 1 50 3 17 1
451 A 6 1 -27 1 35 -2
451 A 6 1 -45 2 50 -3
451 A 6 1 -44 2 24 -2
451 A 6 1 -10 1 -23 1
451 A 6 1 -34 2 -46 3
451 A 6 1 -53 3 -18 1
451 A 13 0 -2 4 5 3
451 A -8 1 20 2 37 3
451 A -8 1 8 1 -50 -3
451 A 7 1 -53 3 9 -1
451 A 7 1 -22 2 -40 3
451 A -9 1 29 3 -49 -3
451 A -9 1 15 2 19 1
451 A 8 1 -20 1 -17 2
451 A 8 1 -52 3 32 -3
451 A -10 1 29 3 46 4
451 A 9 1 -32 3 -50 4
451 A -12 1 38 3 36 5
451 A 11 1 -41 3 -41 5
451 S -3 2 7 0
451 S 2 1 7 0
451 S -1 3 7 0
451 S -3 2 5 0
451 S 1 1 5 0
451 S 5 1 11 0
451 S 4 3 11 0
451 S 3 5 11 0
451 S -2 4 11 0
451 S -1 2 11 0
451 S -2 1 5 0
451 S 1 2 5 0
451 S -3 1 7 0
451 S -2 3 7 0
451 S 1 2 7 0
451 T 414 249 198 0 0
451 T 243 196 394 0 0
451 T 411 245 203 0 0
451 T 200 243 501 0 0
451 T 252 195 516 0 0
451 T 503 233 416 0 0
451 T 15 408 511 0 0
451 T 514 395 236 0 0
451 T 233 241 249 0 0
451 T 79 575 316 0 0
451 T 314 63 286 0 0
451 T 25 61 575 0 0
451 T 583 593 13 0 0
451 T 246 32 593 0 0
451 T 581 399 248 0 0
451 T 276 112 164 0 0
451 T 162 104 532 0 0
451 T 530 107 274 0 0
451 T 107 102 112 0 0
451 T 130 132 130 0 0
451 T 113 108 125 0 0
451 T 111 120 128 0 0
451 T 122 114 121 0 0
451 T 130 104 120 0 0
451 T 259 268 261 0 0
451 T 538 387 257 0 0
451 T 380 541 258 0 0
451 T 18 374 526 0 0
451 T 263 193 540 0 0
451 T 207 542 266 0 0
451 T 387 195 268 0 0
451 T 264 206 378 0 0
451 T 391 186 256 0 0
451 T 366 374 378 0 0
451 T 391 387 371 0 0
451 T 374 57 541 0 0
451 T 528 380 10 0 0
451 T 58 540 389 0 0
451 T 557 334 96 0 0
451 T 94 223 156 0 0
451 T 154 291 559 0 0
451 T 291 221 334 0 0
451 T 498 95 504 0 0
451 T 55 462 500 0 0
451 T 502 405 53 0 0
451 T 513 409 56 0 0
451 T 413 9 510 0 0
451 T 462 407 95 0 0
451 T 100 98 100 0 0
451 T 91 98 77 0 0
451 T 94 88 76 0 0
451 T 81 73 88 0 0
451 T 410 145 108 0 0
451 T 106 142 426 0 0
451 T 428 163 412 0 0
451 T 163 144 145 0 0
451 T 166 150 158 0 0
451 T 177 156 172 0 0
451 T 183 41 175 0 0
451 T 174 166 180 0 0
451 T 182 136 160 0 0
451 T 171 147 143 0 0
451 T 154 134 164 0 0
451 T 149 137 140 0 0
451 T 369 572 256 0 0
451 T 254 597 34 0 0
451 T 13 599 572 0 0
451 T 2 522 545 0 0
451 T 547 69 364 0 0
451 T 346 70 522 0 0
451 T 68 71 70 0 0
451 T 68 62 63 0 0
451 T 118 256 79 0 0
451 T 245 102 89 0 0
451 T 256 44 247 0 0
451 T 350 229 217 0 0
451 T 363 281 250 0 0
451 T 264 289 345 0 0
451 T 364 164 515 0 0
451 T 54 425 362 0 0
451 T 74 158 463 0 0
451 T 408 160 88 0 0
451 T 375 406 150 0 0
451 T 509 527 151 0 0
451 T 337 329 354 0 0
451 T 363 347 359 0 0
451 T 333 317 343 0 0
451 T 322 314 305 0 0
451 T 331 312 313 0 0
451 T 356 46 520 0 0
451 T 518 280 339 0 0
451 T 280 48 329 0 0
451 T 454 45 168 0 0
451 T 160 46 470 0 0
451 T 76 177 241 0 0
451 T 396 557 74 0 0
451 T 557 194 177 0 0
451 T 384 125 11 0 0
451 T 401 113 382 0 0
451 T 12 106 403 0 0
451 T 353 269 212 0 0
451 T 210 156 84 0 0
451 T 82 505 355 0 0
451 T 505 154 269 0 0
451 T 530 306 96 0 0
451 T 105 433 306 0 0
451 T 188 6 480 0 0
451 T 3 201 449 0 0
451 T 7 3 6 0 0
451 T 548 98 521 0 0
451 T 147 486 109 0 0
451 T 126 389 145 0 0
451 T 486 391 120 0 0
451 T 382 64 340 0 0
451 T 61 403 322 0 0
451 T 191 201 188 0 0
451 T 191 208 197 0 0
451 T 186 142 440 0 0
451 T 438 424 189 0 0
451 T 424 144 201 0 0
451 T 380 3 321 0 0
451 T 323 229 262 0 0
451 T 206 231 3 0 0
451 T 268 498 228 0 0
451 T 226 81 205 0 0
451 T 81 500 542 0 0
451 T 535 139 556 0 0
451 T 4 550 533 0 0
451 T 554 525 6 0 0
451 T 550 527 139 0 0
451 T 592 587 192 0 0
451 T 495 20 21 0 0
451 T 49 51 49 0 0
451 T 49 48 45 0 0
451 T 48 307 535 0 0
451 T 7 519 533 0 0
451 T 142 486 273 0 0
451 T 196 172 289 0 0
451 T 128 431 354 0 0
451 T 506 301 126 0 0
451 T 566 512 4 0 0
451 T 6 549 520 0 0
451 T 518 137 568 0 0
451 T 549 510 137 0 0
451 T 147 111 446 0 0
451 T 448 103 410 0 0
451 T 173 57 216 0 0
451 T 214 495 228 0 0
451 T 226 53 181 0 0
451 T 7 584 570 0 0
451 T 594 7 599 0 0
451 T 353 384 297 0 0
451 T 165 374 85 0 0
451 T 564 196 134 0 0
451 T 76 386 562 0 0
451 T 136 265 74 0 0
451 T 600 44 593 0 0
451 T 458 77 69 0 0
451 T 489 72 89 0 0
451 T 535 294 324 0 0
451 T 556 324 9 0 0
451 T 294 139 10 0 0
451 T 419 413 407 0 0
451 T 412 397 395 0 0
451 T 2 1 2 0 0
451 T 391 171 443 0 0
451 T 441 348 60 0 0
451 T 540 346 171 0 0
451 T 288 403 307 0 0
451 T 332 89 580 0 0
451 T 64 299 330 0 0
451 T 578 23 62 0 0
451 T 154 237 532 0 0
451 T 237 221 306 0 0
451 T 6 415 339 0 0
451 T 337 9 568 0 0
451 T 500 242 213 0 0
451 T 215 199 95 0 0
451 T 212 343 282 0 0
451 T 242 476 176 0 0
451 T 58 474 498 0 0
451 T 294 46 314 0 0
451 T 448 303 141 0 0
451 T 202 90 446 0 0
451 T 79 488 188 0 0
451 T 149 280 293 0 0
451 T 111 171 303 0 0
451 T 484 121 58 0 0
451 T 468 56 124 0 0
451 T 86 385 344 0 0
451 T 342 563 83 0 0
451 T 171 120 506 0 0
451 T 178 272 120 0 0
451 T 474 373 81 0 0
451 T 58 56 40 0 0
451 T 201 584 396 0 0
451 T 250 337 219 0 0
451 T 134 237 104 0 0
451 T 570 188 385 0 0
451 T 327 271 238 0 0
451 T 67 576 577 0 0
451 T 167 76 473 0 0
451 T 156 282 562 0 0
451 T 199 219 6 0 0
451 T 10 277 140 0 0
451 T 388 319 393 0 0
451 T 281 163 195 0 0
451 T 126 443 141 0 0
451 T 425 114 441 0 0
451 T 396 334 86 0 0
451 T 266 181 464 0 0
451 U 439 2 5 0 0
451 U 35 5 6 0 0
451 U 587 6 2 0 0
451 U 276 3 5 0 0
451 U 96 5 2 0 0
451 U 435 2 3 0 0
451 U 19 6 5 0 0
451 U 79 4 1 0 0
451 U 288 3 1 0 0
451 U 12 4 3 0 0
451 U 25 3 4 0 0
451 U 233 8 10 0 0
451 U 56 10 8 0 0
451 U 398 8 8 0 0
451 U 14 8 7 -1 0
451 U 32 7 8 0 0
451 U 420 10 10 0 0
451 U 10 10 9 0 0
451 U 16 9 10 0 0
451 U 28 11 12 0 0
451 U 320 12 12 0 0
451 U 29 12 11 1 0
451 U 452 11 17 -1 0
451 U 477 17 11 0 0
451 U 326 16 16 1 0
451 U 38 16 15 0 0
451 U 310 14 14 1 0
451 U 459 20 14 0 0
451 U 492 14 20 0 0
451 U 481 19 18 0 0
451 U 465 18 19 0 0
451 U 350 18 18 0 0
451 U 358 20 20 0 0
451 U 454 13 16 0 0
451 U 470 16 13 1 0
451 U 372 23 23 0 0
451 U 13 23 24 0 0
451 U 34 24 23 0 0
451 U 58 22 24 0 0
451 U 259 24 22 0 0
451 U 9 21 22 1 0
451 U 17 22 21 0 0
451 U 367 22 22 0 0
451 U 82 28 29 0 0
451 U 304 26 28 0 0
451 U 430 29 26 0 0
451 U 36 28 27 0 0
451 U 423 27 30 0 0
451 U 590 30 28 0 0
451 U 22 28 27 0 0
451 U 92 25 30 0 0
451 U 298 30 26 0 0
451 U 23 26 25 0 0
451 U 12 26 25 -1 0
451 Q 132 98 132 98 0 0 0 0 0 0
451 Q 114 352 114 352 0 0 0 0 0 0
451 Q 219 0 229 116 0 0 0 0 0 0
451 Q 252 0 262 67 0 0 0 0 0 0
451 Q 2 289 0 281 0 0 0 1 -1 1
451 Q 341 0 335 51 0 0 0 0 0 0
451 Q 130 184 50 176 0 0 0 0 0 0
451 Q 38 1 37 1 0 1 0 0 0 -1
451 Q 270 8 237 1 -1 0 0 -1 0 0
451 Q 2 223 52 209 0 0 0 1 -1 1
451 Q 496 40 496 40 0 0 0 0 0 0
451 Q 40 20 39 22 0 0 0 0 0 0
451 Q 327 2 327 2 0 0 0 0 0 0
451 Q 29 0 28 0 0 0 0 0 0 0
