0
0 d=615
0
615 A 4 0 -1 2 1 -2
615 A 7 0 -1 2 1 -2
615 A 8 0 3 2 -3 -2
615 A 8 0 -3 2 3 -2
615 A 8 0 1 2 -1 -2
615 A 8 0 -1 2 1 -2
615 A 11 0 -1 2 1 -2
615 A -1 1 43 0 -43 0
615 A 0 1 43 0 -43 0
615 A -2 1 51 1 -51 -1
615 A -2 1 25 0 -25 0
615 A -2 1 75 1 -75 -1
615 A 1 1 25 0 -25 0
615 A 1 1 -52 1 52 -1
615 A 1 1 -76 1 76 -1
615 A -3 1 46 1 -46 -1
615 A -3 1 76 1 -76 -1
615 A -3 1 31 0 -31 0
615 A 2 1 -77 1 77 -1
615 A 2 1 31 0 -31 0
615 A 2 1 -47 1 47 -1
615 A 13 0 4 5 -4 -5
615 A -6 1 41 1 -41 -1
615 A -6 1 39 1 -39 -1
615 A 5 1 -42 1 42 -1
615 A 5 1 -40 1 40 -1
615 A 14 0 -1 2 1 -2
615 A -8 1 21 1 -21 -1
615 A 7 1 -22 1 22 -1
615 A 16 0 -5 2 5 -2
615 A 16 0 -3 6 3 -6
615 A 16 0 3 2 -3 -2
615 A 16 0 5 6 -5 -6
615 A -11 1 12 1 -12 -1
615 A -11 1 21 2 -21 -2
615 A -11 1 65 4 -65 -4
615 A 10 1 -13 1 13 -1
615 A 10 1 -23 2 23 -2
615 A 10 1 -69 4 69 -4
615 A -14 1 13 2 -13 -2
615 A -14 1 57 5 -57 -5
615 A 13 1 -62 5 62 -5
615 A 13 1 -15 2 15 -2
615 A -18 1 49 5 -49 -5
615 A 17 1 -54 5 54 -5
615 A 22 0 -1 2 1 -2
615 A 23 0 -2 4 2 -4
615 A -1 2 124 0 -124 0
615 A -1 2 -102 1 102 -1
615 A -1 2 -22 1 22 -1
615 A -4 2 53 0 -53 0
615 A -4 2 25 0 -25 0
615 A -4 2 127 2 -127 -2
615 A 2 2 53 0 -53 0
615 A 2 2 25 0 -25 0
615 A 2 2 -129 2 129 -2
615 A -6 2 31 0 -31 0
615 A 4 2 31 0 -31 0
615 A -10 2 49 2 -49 -2
615 A 8 2 -51 2 51 -2
615 A -16 2 25 2 -25 -2
615 A 14 2 -27 2 27 -2
615 A -44 2 45 10 -45 -10
615 A 42 2 -55 10 55 -10
615 A 13 0 6 1 6 1
615 A 19 0 7 5 7 5
615 A 5 0 -3 2 -1 -2
615 A 5 0 -2 1 1 1
615 A 5 0 -2 2 0 2
615 A 5 0 -1 1 0 -1
615 A 7 0 -4 3 2 -1
615 A 7 0 -4 2 2 2
615 A 7 0 3 1 2 3
615 A 7 0 -3 1 -2 -1
615 A 7 0 -3 2 -2 3
615 A 7 0 1 3 -1 -1
615 A 7 0 1 2 -1 3
615 A 9 0 -5 2 3 2
615 A 9 0 -4 1 3 -2
615 A 9 0 -4 4 0 -2
615 A 9 0 -6 4 2 4
615 A 9 0 3 1 -1 -2
615 A 9 0 -3 1 -1 4
615 A 9 0 -3 4 2 1
615 A 9 0 -2 2 0 -4
615 A 9 0 -1 1 0 1
615 A 11 0 -6 5 2 -1
615 A 11 0 -6 4 2 4
615 A 11 0 -6 3 2 2
615 A 11 0 -6 2 2 1
615 A 11 0 5 1 2 -4
615 A 11 0 -5 1 -2 5
615 A 11 0 -5 2 -2 -5
615 A 11 0 -5 3 -2 -3
615 A 11 0 -5 4 -2 3
615 A 11 0 -7 5 -3 -2
615 A 11 0 -7 4 -3 -4
615 A 11 0 4 3 -3 -5
615 A 11 0 4 2 -3 1
615 A 11 0 4 1 -3 5
615 A 11 0 -4 1 3 1
615 A 11 0 -4 2 3 3
615 A 11 0 -4 3 3 -2
615 A 11 0 -4 5 3 -4
615 A 11 0 1 5 -1 -1
615 A 11 0 1 4 -1 3
615 A 11 0 1 3 -1 -2
615 A 11 0 -1 5 1 -4
615 A 12 0 -5 2 -3 2
615 A 12 0 3 2 1 2
615 A -1 1 75 0 39 0
615 A -1 1 73 0 -19 0
615 A -1 1 71 0 13 0
615 A -1 1 69 0 29 0
615 A -1 1 67 0 -23 0
615 A -1 1 65 0 45 0
615 A -1 1 59 0 -47 0
615 A -1 1 57 0 27 0
615 A -1 1 41 0 15 0
615 A -1 1 37 0 -25 0
615 A 0 1 75 0 39 0
615 A 0 1 73 0 -19 0
615 A 0 1 71 0 13 0
615 A 0 1 69 0 29 0
615 A 0 1 67 0 -23 0
615 A 0 1 65 0 45 0
615 A 0 1 59 0 -47 0
615 A 0 1 57 0 27 0
615 A 0 1 41 0 15 0
615 A 0 1 37 0 -25 0
615 A -2 1 71 1 47 0
615 A -2 1 57 1 37 0
615 A -2 1 53 1 17 0
615 A -2 1 49 0 35 0
615 A -2 1 41 0 19 0
615 A 1 1 49 0 35 0
615 A 1 1 47 0 72 -1
615 A 1 1 41 0 19 0
615 A 1 1 37 0 58 -1
615 A 1 1 17 0 54 -1
615 A -3 1 74 1 27 0
615 A -3 1 56 1 -19 0
615 A -3 1 44 1 17 0
615 A -3 1 38 1 36 1
615 A -3 1 34 1 -13 0
615 A -3 1 40 1 -64 -1
615 A -3 1 58 1 -21 0
615 A -3 1 60 1 30 1
615 A 2 1 -75 1 -27 0
615 A 2 1 -65 1 41 -1
615 A 2 1 21 0 -59 1
615 A 2 1 19 0 -57 1
615 A 2 1 17 0 45 -1
615 A 2 1 13 0 -35 1
615 A 2 1 -31 1 -61 1
615 A 2 1 -37 1 -39 1
615 A -4 1 23 1 39 1
615 A -4 1 35 1 17 0
615 A -4 1 71 2 21 0
615 A -4 1 59 1 -25 -1
615 A -4 1 47 1 13 0
615 A -4 1 37 1 -73 -2
615 A -4 1 69 2 -65 -1
615 A -4 1 57 1 -45 -1
615 A 3 1 17 0 36 -1
615 A 3 1 13 0 48 -1
615 A 3 1 -40 1 -24 1
615 A 3 1 -46 1 58 -1
615 A 3 1 -73 2 -21 0
615 A 3 1 -66 1 71 -2
615 A 3 1 -60 1 26 -1
615 A 3 1 -75 2 38 -1
615 A 13 0 -7 5 -8 6
615 A 13 0 -7 4 -5 2
615 A 13 0 -7 2 5 2
615 A 13 0 -6 1 9 -6
615 A 13 0 -6 2 -3 5
615 A 13 0 -6 4 -4 5
615 A 13 0 -6 5 5 -1
615 A 13 0 -5 3 3 -2
615 A 13 0 -5 6 -1 6
615 A 13 0 -4 3 -1 -3
615 A 13 0 -4 6 1 -3
615 A 13 0 -3 3 0 2
615 A 13 0 -3 6 1 -2
615 A 13 0 -2 2 0 3
615 A 13 0 -2 3 2 -6
615 A 13 0 -2 4 -5 -3
615 A 13 0 -2 5 4 2
615 A 13 0 -1 5 2 4
615 A 13 0 1 2 -2 -3
615 A 13 0 1 5 -4 -1
615 A 13 0 2 5 2 6
615 A 13 0 3 2 3 4
615 A 13 0 3 6 -5 -1
615 A -5 1 67 2 51 2
615 A -5 1 42 1 32 1
615 A -5 1 17 0 -36 -1
615 A -5 1 18 1 -48 -1
615 A -5 1 63 2 -26 -1
615 A -5 1 75 2 -38 -1
615 A -5 1 55 2 -73 -2
615 A -5 1 50 1 -19 0
615 A 4 1 17 0 -37 1
615 A 4 1 -33 1 -43 1
615 A 4 1 -49 1 19 -1
615 A 4 1 -53 2 -69 2
615 A 4 1 -57 2 75 -2
615 A 4 1 -65 2 27 -1
615 A 4 1 -77 2 39 -1
615 A 4 1 19 0 -51 1
615 A -6 1 43 2 -69 -3
615 A -6 1 43 1 15 0
615 A -6 1 37 1 65 2
615 A -6 1 25 1 71 3
615 A -6 1 13 1 23 1
615 A -6 1 33 1 27 1
615 A 5 1 -67 2 -38 1
615 A 5 1 -28 1 -34 1
615 A 5 1 -14 1 -24 1
615 A 5 1 -44 1 -15 0
615 A 5 1 -74 3 -26 1
615 A 5 1 -45 2 72 -3
615 A -7 1 59 2 37 2
615 A -7 1 45 2 72 3
615 A -7 1 24 1 -12 -1
615 A -7 1 10 1 16 1
615 A -7 1 18 1 33 2
615 A -7 1 60 3 61 2
615 A -7 1 64 3 62 3
615 A -7 1 43 2 41 2
615 A -7 1 22 1 20 1
615 A -7 1 26 1 74 3
615 A 6 1 -75 3 -47 2
615 A 6 1 -63 2 -63 3
615 A 6 1 -27 1 -77 3
615 A 6 1 -21 1 -23 1
615 A 6 1 -39 2 -61 2
615 A 6 1 -45 2 -43 2
615 A 6 1 -25 1 13 -1
615 A 6 1 -11 1 -17 1
615 A 6 1 -35 2 -19 1
615 A 6 1 -65 3 -67 3
615 A -8 1 69 4 55 3
615 A -8 1 29 1 9 1
615 A 7 1 -10 1 -30 1
615 A 7 1 -73 4 -58 3
615 A 15 0 -8 2 9 -7
615 A 15 0 -7 7 0 7
615 A 15 0 6 2 -2 -7
615 A 15 0 -6 4 2 4
615 A 15 0 -10 7 3 7
615 A 15 0 -5 2 3 2
615 A 15 0 -4 7 3 -2
615 A 15 0 -3 4 -1 4
615 A 15 0 -2 2 0 2
615 A 15 0 1 2 3 -7
615 A -9 1 59 4 -42 -3
615 A -9 1 41 2 -14 -1
615 A -9 1 31 2 56 3
615 A -9 1 40 3 -18 -1
615 A -9 1 69 4 63 4
615 A -9 1 71 4 10 1
615 A -9 1 35 2 54 3
615 A -9 1 8 1 66 3
615 A -9 1 73 4 58 3
615 A -9 1 37 2 -28 -1
615 A -9 1 20 1 -30 -1
615 A 8 1 -11 1 -75 4
615 A 8 1 -19 1 43 -3
615 A 8 1 -43 2 15 -1
615 A 8 1 -59 3 -33 2
615 A 8 1 -67 4 -73 4
615 A 8 1 -39 2 29 -1
615 A 8 1 -31 1 21 -1
615 A 8 1 -9 1 -69 3
615 A 8 1 -57 3 -37 2
615 A 8 1 -63 4 45 -3
615 A 8 1 -61 3 -77 4
615 A -10 1 61 4 -19 -1
615 A -10 1 51 4 -39 -2
615 A -10 1 21 1 -43 -2
615 A -10 1 11 1 -53 -4
615 A -10 1 19 2 15 1
615 A -10 1 75 4 -57 -3
615 A -10 1 43 3 -67 -5
615 A -10 1 33 2 13 1
615 A -10 1 67 4 37 2
615 A 9 1 -41 2 55 -4
615 A 9 1 -22 1 45 -2
615 A 9 1 -60 3 79 -4
615 A 9 1 -12 1 57 -4
615 A 9 1 -21 2 -16 1
615 A 9 1 -39 2 -71 4
615 A 9 1 -20 1 65 -4
615 A 9 1 -35 2 -14 1
615 A 9 1 -46 3 72 -5
615 A 16 0 -9 6 1 2
615 A 16 0 -7 2 -1 6
615 A 16 0 -7 6 -1 -6
615 A 16 0 -5 6 5 2
615 A 16 0 -3 2 3 6
615 A 16 0 -1 2 -7 -2
615 A -11 1 38 3 -64 -5
615 A -11 1 27 2 -53 -4
615 A -11 1 40 3 25 2
615 A -11 1 51 4 14 1
615 A -11 1 46 3 -72 -5
615 A 10 1 -27 2 -43 3
615 A 10 1 -57 4 29 -2
615 A 10 1 -77 5 49 -3
615 A 10 1 -69 5 41 -3
615 A 10 1 -15 1 -55 4
615 A -12 1 55 4 -13 -1
615 A -12 1 21 2 -41 -4
615 A -12 1 33 3 17 1
615 A -12 1 25 2 23 1
615 A -12 1 11 1 51 3
615 A -12 1 59 5 -65 -6
615 A -12 1 25 1 49 3
615 A -12 1 37 2 39 3
615 A -12 1 75 5 -65 -5
615 A 11 1 -39 2 -42 3
615 A 11 1 -27 2 -24 1
615 A 11 1 -71 6 64 -5
615 A 11 1 -18 1 -36 3
615 A 11 1 -26 1 -52 3
615 A 11 1 -59 4 14 -1
615 A 11 1 -70 5 80 -5
615 A 11 1 -54 3 -12 1
615 A 11 1 -23 2 45 -4
615 A 17 0 -9 4 9 -3
615 A 17 0 -9 2 -7 -2
615 A 17 0 -8 2 6 2
615 A 17 0 -8 4 10 -7
615 A 17 0 -8 5 -10 6
615 A 17 0 -10 8 -2 -8
615 A 17 0 -10 4 5 -8
615 A 17 0 7 3 -4 8
615 A 17 0 -7 2 1 -3
615 A 17 0 -7 8 -3 7
615 A 17 0 6 4 3 -8
615 A 17 0 6 3 -5 -4
615 A 17 0 -6 3 2 2
615 A 17 0 -6 4 -6 5
615 A 17 0 -6 8 -2 8
615 A 17 0 5 2 2 -3
615 A 17 0 4 6 3 5
615 A 17 0 4 4 -3 -7
615 A 17 0 -4 2 3 3
615 A 17 0 -4 3 4 -5
615 A 17 0 -4 4 0 -4
615 A 17 0 -4 7 -1 8
615 A 17 0 2 4 1 5
615 A 17 0 1 3 1 -5
615 A -13 1 64 5 -71 -6
615 A -13 1 25 2 40 3
615 A -13 1 28 3 24 1
615 A -13 1 52 5 -27 -2
615 A -13 1 59 4 -42 -3
615 A 12 1 -29 2 57 -5
615 A 12 1 -77 6 69 -5
615 A 12 1 -31 3 -25 1
615 A 12 1 -43 3 -27 2
615 A 12 1 -63 4 45 -3
615 A -14 1 15 2 55 5
615 A -14 1 55 6 15 1
615 A 13 1 -16 1 -61 6
615 A 13 1 -60 5 -17 2
615 A 19 0 -10 2 7 -3
615 A 19 0 -9 3 -11 4
615 A 19 0 -9 5 8 -9
615 A 19 0 -11 5 3 -7
615 A 19 0 8 2 -4 -3
615 A 19 0 -8 3 5 3
615 A 19 0 7 4 6 3
615 A 19 0 -13 9 -3 -2
615 A 19 0 6 7 5 9
615 A 19 0 6 5 4 -7
615 A 19 0 -6 5 -1 -5
615 A 19 0 -5 2 -4 -9
615 A 19 0 4 5 1 -9
615 A -15 1 17 2 -16 -1
615 A -15 1 69 6 -42 -3
615 A -15 1 61 6 -60 -5
615 A -15 1 38 5 -14 -1
615 A -15 1 22 1 29 2
615 A 14 1 -65 5 67 -6
615 A 14 1 -23 1 -31 2
615 A 14 1 -19 2 17 -1
615 A 14 1 -75 6 45 -3
615 A 14 1 -15 1 43 -5
615 A -16 1 65 7 21 3
615 A -16 1 31 4 45 6
615 A -16 1 53 6 -39 -5
615 A -16 1 37 3 -19 -2
615 A -16 1 57 6 39 4
615 A 15 1 -43 4 -63 6
615 A 15 1 -21 2 40 -3
615 A 15 1 -24 3 -72 7
615 A 15 1 -35 4 -51 6
615 A 15 1 -44 5 59 -6
615 A 20 0 -9 6 -7 6
615 A 20 0 -7 2 -5 2
615 A 20 0 5 2 3 2
615 A 20 0 -5 6 1 -6
615 A 20 0 3 6 1 6
615 A -17 1 42 5 59 6
615 A -17 1 23 4 -35 -4
615 A -17 1 22 3 18 1
615 A 16 1 -39 4 27 -4
615 A 16 1 -19 1 -25 3
615 A 16 1 -65 6 -47 5
615 A 21 0 -9 8 4 -10
615 A 21 0 -8 5 15 -10
615 A 21 0 -6 10 -1 -8
615 A 21 0 5 10 -3 -5
615 A 21 0 -5 2 3 2
615 A 21 0 -3 5 -2 5
615 A -18 1 23 2 -21 -1
615 A -18 1 67 7 53 5
615 A -18 1 11 2 47 5
615 A -18 1 65 7 -45 -7
615 A 17 1 -25 2 22 -1
615 A 17 1 -58 5 -74 7
615 A 17 1 -72 7 52 -7
615 A 17 1 -52 5 -13 2
615 A -19 1 71 8 34 5
615 A -19 1 31 4 -13 -2
615 A -19 1 11 2 -24 -3
615 A 18 1 -39 5 -79 8
615 A 18 1 -27 3 13 -2
615 A 18 1 -35 4 15 -2
615 A 23 0 -12 11 -10 5
615 A 23 0 -15 8 -8 4
615 A 23 0 -7 4 3 4
615 A 23 0 -7 6 3 -5
615 A 23 0 -6 3 3 3
615 A 23 0 -6 4 -6 11
615 A 23 0 -5 11 2 4
615 A 23 0 -2 5 -1 -6
615 A 23 0 1 11 5 5
615 A 23 0 4 4 7 8
615 A -21 1 36 7 27 2
615 A 20 1 -29 2 -43 7
615 A 24 0 -13 10 -3 -2
615 A 24 0 -15 10 -1 -2
615 A 24 0 -9 2 1 -10
615 A 24 0 -9 10 -7 -2
615 A 24 0 5 10 3 -2
615 A 24 0 -5 2 -3 -10
615 A -1 2 -100 1 68 0
615 A -1 2 -99 1 -52 1
615 A -1 2 67 0 -51 1
615 A -1 2 -66 1 -31 1
615 A -1 2 52 0 -36 1
615 A -22 1 45 8 21 5
615 A -22 1 1 2 43 8
615 A 21 1 -3 2 -51 8
615 A 21 1 -26 5 -53 8
615 A -4 2 101 0 135 2
615 A 2 2 101 0 137 -2
615 A 25 0 -13 12 -16 8
615 A 25 0 -14 11 3 11
615 A 25 0 8 8 1 12
615 A -7 2 32 0 54 2
615 A -7 2 64 2 48 2
615 A -7 2 50 1 139 2
615 A -7 2 51 1 101 1
615 A 5 2 -51 1 -141 2
615 A 5 2 -56 2 -32 0
615 A 5 2 -66 2 -50 2
615 A 5 2 -102 1 -52 1
615 A 27 0 -6 11 -5 11
615 A -13 2 131 6 56 1
615 A 11 2 -137 6 -57 1
615 A 29 0 -11 5 6 5
615 A -27 1 32 9 32 7
615 A 26 1 -39 7 -41 9
615 A -17 2 48 4 -34 -1
615 A 15 2 -35 1 52 -4
615 A 31 0 -4 7 -3 7
615 A -30 1 19 4 41 6
615 A 29 1 -23 4 -47 6
615 A -22 2 21 2 133 8
615 A 20 2 -23 2 -141 8
615 A 49 0 -32 16 16 16
615 S 1 1 6 0
615 S 1 1 4 0
615 S -7 5 12 0
615 S 1 1 12 0
615 S -3 1 8 0
615 S -1 3 8 0
615 S -5 5 11 0
615 S -4 4 11 0
615 S -3 3 11 0
615 S -2 2 11 0
615 S -1 1 11 0
615 S -4 3 10 0
615 S 2 1 10 0
615 S 0 3 7 0
615 S 0 2 7 0
615 S 0 1 7 0
615 S 2 1 5 0
615 S -1 2 5 0
615 S -7 5 14 0
615 S -7 3 14 0
615 S -7 1 14 0
615 S 56 2 7 -1
615 S 35 1 7 -1
615 S 14 0 7 -1
615 S -3 1 10 0
615 S 1 3 10 0
615 S -3 3 7 0
615 S -2 2 7 0
615 S -1 1 7 0
615 S 2 1 8 0
615 S -2 3 8 0
615 S 0 5 11 0
615 S 0 4 11 0
615 S 0 3 11 0
615 S 0 2 11 0
615 S 0 1 11 0
615 S -2 1 4 0
615 S 2 5 12 0
615 S -2 1 12 0
615 S -2 1 6 0
615 T 1560 1287 1173 0 0
615 T 1395 1059 1558 0 0
615 T 1175 1540 1393 0 0
615 T 1059 1538 1287 0 0
615 T 601 609 616 0 0
615 T 586 562 573 0 0
615 T 577 569 625 0 0
615 T 640 652 642 0 0
615 T 600 636 606 0 0
615 T 598 590 615 0 0
615 T 645 627 631 0 0
615 T 133 652 573 0 0
615 T 581 565 579 0 0
615 T 611 608 620 0 0
615 T 601 593 618 0 0
615 T 572 570 572 -1 0
615 T 614 830 664 0 0
615 T 662 269 603 0 0
615 T 269 832 609 0 0
615 T 294 224 252 0 0
615 T 225 245 300 0 0
615 T 237 273 271 0 0
615 T 278 283 247 0 0
615 T 243 263 277 0 0
615 T 256 227 263 0 0
615 T 218 254 267 0 0
615 T 303 235 239 0 0
615 T 292 231 243 0 0
615 T 268 274 230 0 0
615 T 221 257 260 0 0
615 T 235 287 269 0 0
615 T 7 527 296 0 0
615 T 250 543 8 0 0
615 T 527 541 224 0 0
615 T 1393 482 763 0 0
615 T 761 1497 1059 0 0
615 T 1081 1455 1324 0 0
615 T 1301 1467 1083 0 0
615 T 1322 144 1303 0 0
615 T 1295 1317 148 0 0
615 T 1467 142 1455 0 0
615 T 1443 1778 1472 0 0
615 T 1470 1642 700 0 0
615 T 655 1610 1441 0 0
615 T 698 2 653 0 0
615 T 715 3 684 0 0
615 T 1458 1463 891 0 0
615 T 1154 489 1460 0 0
615 T 1463 462 1163 0 0
615 T 1022 212 600 0 0
615 T 598 187 532 0 0
615 T 530 201 1024 0 0
615 T 201 185 212 0 0
615 T 195 193 195 1 0
615 T 206 190 198 0 0
615 T 181 183 181 -1 0
615 T 215 213 215 0 0
615 T 708 300 180 0 0
615 T 454 225 706 0 0
615 T 178 247 456 0 0
615 T 658 1392 1620 0 0
615 T 1618 385 1586 0 0
615 T 1588 908 660 0 0
615 T 908 387 1392 0 0
615 T 1218 393 764 0 0
615 T 762 668 545 0 0
615 T 547 861 1220 0 0
615 T 861 666 393 0 0
615 T 380 35 583 0 0
615 T 631 45 338 0 0
615 T 1757 183 1740 0 0
615 T 1752 194 1741 0 0
615 T 1466 971 1738 0 0
615 T 941 1456 1759 0 0
615 T 971 894 943 0 0
615 T 158 160 158 1 0
615 T 174 164 168 0 0
615 T 167 162 156 0 0
615 T 160 178 170 0 0
615 T 1029 782 10 0 0
615 T 12 1026 768 0 0
615 T 422 446 782 0 0
615 T 766 428 446 0 0
615 T 1031 54 424 0 0
615 T 1026 56 428 0 0
615 T 658 346 1053 0 0
615 T 1055 292 209 0 0
615 T 211 1118 660 0 0
615 T 1632 1290 1104 0 0
615 T 1525 1306 1630 0 0
615 T 1102 1523 1527 0 0
615 T 1306 1521 1290 0 0
615 T 539 1375 1156 0 0
615 T 16 937 537 0 0
615 T 1154 1516 15 0 0
615 T 937 1514 1375 0 0
615 T 887 799 609 0 0
615 T 611 820 900 0 0
615 T 898 896 885 0 0
615 T 863 878 869 0 0
615 T 896 818 799 0 0
615 T 200 959 440 0 0
615 T 438 288 208 0 0
615 T 190 286 959 0 0
615 T 269 853 1442 0 0
615 T 1469 850 239 0 0
615 T 706 333 1289 0 0
615 T 1629 1295 708 0 0
615 T 333 1293 1101 0 0
615 T 1116 1014 6 0 0
615 T 1320 374 1114 0 0
615 T 1146 1320 5 0 0
615 T 374 1146 1014 0 0
615 T 129 1808 1468 0 0
615 T 1801 1806 184 0 0
615 T 131 1454 1803 0 0
615 T 407 1640 1730 0 0
615 T 1732 546 1652 0 0
615 T 1650 1324 405 0 0
615 T 1324 548 1640 0 0
615 T 1787 1748 1300 0 0
615 T 314 1731 1785 0 0
615 T 1298 759 316 0 0
615 T 1731 757 1748 0 0
615 T 3 1 3 0 0
615 T 1037 451 427 0 0
615 T 1051 456 424 0 0
615 T 425 1210 139 0 0
615 T 137 1338 1039 0 0
615 T 1338 1212 451 0 0
615 T 886 917 156 0 0
615 T 784 1221 888 0 0
615 T 154 1434 782 0 0
615 T 1221 1436 917 0 0
615 T 751 1193 683 0 0
615 T 681 405 197 0 0
615 T 655 401 206 0 0
615 T 199 635 749 0 0
615 T 635 407 1193 0 0
615 T 646 25 1195 0 0
615 T 611 332 963 0 0
615 T 961 173 900 0 0
615 T 1018 689 388 0 0
615 T 905 1635 1020 0 0
615 T 689 1633 1389 0 0
615 T 1229 1167 98 0 0
615 T 97 1138 1259 0 0
615 T 1257 1207 1231 0 0
615 T 1282 1236 1256 0 0
615 T 1239 1256 1221 0 0
615 T 1206 1202 1203 0 0
615 T 1207 1140 1167 0 0
615 T 760 1166 546 0 0
615 T 548 1066 858 0 0
615 T 860 341 758 0 0
615 T 341 1068 1166 0 0
615 T 265 556 1002 0 0
615 T 1004 562 220 0 0
615 T 562 554 254 0 0
615 T 1252 1013 1530 0 0
615 T 1135 1580 1250 0 0
615 T 1532 1377 1133 0 0
615 T 1580 1379 1013 0 0
615 T 449 744 1656 0 0
615 T 1212 81 744 0 0
615 T 237 778 203 0 0
615 T 201 478 301 0 0
615 T 235 480 778 0 0
615 T 930 573 523 0 0
615 T 521 564 140 0 0
615 T 138 586 932 0 0
615 T 460 167 579 0 0
615 T 473 882 458 0 0
615 T 472 875 456 0 0
615 T 627 168 475 0 0
615 T 172 1186 717 0 0
615 T 1158 879 1186 0 0
615 T 178 762 1160 0 0
615 T 1743 1581 1328 0 0
615 T 1762 1717 1741 0 0
615 T 1326 1783 1764 0 0
615 T 1717 1781 1581 0 0
615 T 701 510 466 0 0
615 T 468 970 357 0 0
615 T 359 1077 703 0 0
615 T 1077 972 510 0 0
615 T 644 243 509 0 0
615 T 511 855 638 0 0
615 T 652 853 243 0 0
615 T 1616 1642 1612 0 0
615 T 1610 401 1246 0 0
615 T 1270 429 1642 0 0
615 T 429 214 401 0 0
615 T 415 182 405 0 0
615 T 1356 1505 967 0 0
615 T 1354 1428 1690 0 0
615 T 965 687 1428 0 0
615 T 687 1507 1692 0 0
615 T 640 1512 1315 0 0
615 T 1533 947 638 0 0
615 T 1313 1625 1535 0 0
615 T 947 1627 1512 0 0
615 T 811 1562 69 0 0
615 T 726 995 1562 0 0
615 T 722 999 1551 0 0
615 T 809 398 728 0 0
615 T 724 833 410 0 0
615 T 995 400 70 0 0
615 T 412 67 999 0 0
615 T 643 552 140 0 0
615 T 1038 291 641 0 0
615 T 552 289 1337 0 0
615 T 152 1112 909 0 0
615 T 746 18 150 0 0
615 T 911 341 748 0 0
615 T 591 735 188 0 0
615 T 186 713 416 0 0
615 T 202 429 700 0 0
615 T 414 1131 589 0 0
615 T 1131 565 29 0 0
615 T 1131 715 735 0 0
615 T 678 1421 1284 0 0
615 T 1409 1423 223 0 0
615 T 703 1234 1411 0 0
615 T 1759 1683 408 0 0
615 T 1637 434 1757 0 0
615 T 1683 436 1729 0 0
615 T 8 1275 1094 0 0
615 T 284 1273 795 0 0
615 T 140 147 139 0 0
615 T 152 149 142 0 0
615 T 974 639 138 0 0
615 T 929 0 976 0 0
615 T 622 535 487 0 0
615 T 452 515 624 0 0
615 T 1746 1694 682 0 0
615 T 3 1761 1748 0 0
615 T 1761 715 1694 0 0
615 T 1592 1598 1541 0 0
615 T 1485 775 1590 0 0
615 T 832 1489 1598 0 0
615 T 775 273 830 0 0
615 T 741 1571 416 0 0
615 T 414 1414 450 0 0
615 T 1655 1416 1571 0 0
615 T 988 1114 377 0 0
615 T 1524 808 986 0 0
615 T 379 1493 1522 0 0
615 T 808 1495 1114 0 0
615 T 383 1259 437 0 0
615 T 960 737 381 0 0
615 T 737 199 1259 0 0
615 T 1720 1773 1681 0 0
615 T 210 1685 1773 0 0
615 T 1679 210 1718 0 0
615 T 1685 1679 1683 0 0
615 T 1015 846 380 0 0
615 T 5 987 846 0 0
615 T 1530 1445 1036 0 0
615 T 1034 401 1377 0 0
615 T 1135 403 1445 0 0
615 T 33 557 313 0 0
615 T 315 676 37 0 0
615 T 5 674 557 0 0
615 T 482 530 1287 0 0
615 T 1487 1173 530 0 0
615 T 1483 1014 718 0 0
615 T 720 1378 442 0 0
615 T 634 332 1024 0 0
615 T 1022 843 726 0 0
615 T 728 173 636 0 0
615 T 140 1343 1004 0 0
615 T 1002 486 397 0 0
615 T 470 989 410 0 0
615 T 399 1266 138 0 0
615 T 1266 488 1343 0 0
615 T 1274 672 376 0 0
615 T 672 283 171 0 0
615 T 1458 625 537 0 0
615 T 625 491 1375 0 0
615 T 1397 821 680 0 0
615 T 319 412 1399 0 0
615 T 678 1061 317 0 0
615 T 412 1063 821 0 0
615 T 1064 840 397 0 0
615 T 506 1217 869 0 0
615 T 694 717 508 0 0
615 T 871 419 696 0 0
615 T 717 417 1217 0 0
615 T 1651 1748 1167 0 0
615 T 1335 1363 1030 0 0
615 T 235 1335 1568 0 0
615 T 1032 753 1566 0 0
615 T 1025 743 1575 0 0
615 T 753 1361 233 0 0
615 T 954 1618 1055 0 0
615 T 346 1392 956 0 0
615 T 1375 1371 1355 0 0
615 T 1371 1368 1352 0 0
615 T 1691 1418 1373 0 0
615 T 1371 1420 1427 0 0
615 T 1256 771 806 0 0
615 T 808 622 1223 0 0
615 T 1237 624 771 0 0
615 T 277 855 722 0 0
615 T 412 1247 279 0 0
615 T 1247 835 855 0 0
615 T 353 520 12 0 0
615 T 11 390 1326 0 0
615 T 1328 729 355 0 0
615 T 729 392 520 0 0
615 T 30 1352 735 0 0
615 T 713 1350 565 0 0
615 T 1429 942 268 0 0
615 T 266 1226 923 0 0
615 T 921 899 1431 0 0
615 T 899 1228 942 0 0
615 T 1477 631 85 0 0
615 T 1066 665 1479 0 0
615 T 665 473 631 0 0
615 T 274 923 946 0 0
615 T 948 1228 232 0 0
615 T 208 443 172 0 0
615 T 170 1214 653 0 0
615 T 1214 441 401 0 0
615 T 1783 355 1724 0 0
615 T 1722 731 1762 0 0
615 T 1810 1437 981 0 0
615 T 983 1555 115 0 0
615 T 1675 1553 1437 0 0
615 T 1465 61 1808 0 0
615 T 587 1518 1306 0 0
615 T 1527 921 585 0 0
615 T 1518 923 1632 0 0
615 T 1626 1274 1114 0 0
615 T 1116 1502 1534 0 0
615 T 1502 1276 1316 0 0
615 T 1766 1768 1766 0 0
615 T 170 246 470 0 0
615 T 154 1572 1130 0 0
615 T 590 744 156 0 0
615 T 340 808 1536 0 0
615 T 639 515 338 0 0
615 T 515 946 808 0 0
615 T 580 461 1354 0 0
615 T 549 902 419 0 0
615 T 417 1190 321 0 0
615 T 323 1659 551 0 0
615 T 1659 1192 902 0 0
615 T 608 752 501 0 0
615 T 503 198 598 0 0
615 T 1162 1505 16 0 0
615 T 1153 184 1164 0 0
615 T 184 1515 1505 0 0
615 T 983 1143 1669 0 0
615 T 1671 363 523 0 0
615 T 521 393 981 0 0
615 T 393 361 1143 0 0
615 T 728 1676 487 0 0
615 T 485 1438 408 0 0
615 T 406 1556 726 0 0
615 T 768 1357 701 0 0
615 T 1077 424 766 0 0
615 T 784 426 1077 0 0
615 T 424 359 1357 0 0
615 T 545 318 1084 0 0
615 T 318 1637 1456 0 0
615 T 108 1415 1192 0 0
615 T 904 1413 1815 0 0
615 T 1145 146 1169 0 0
615 T 146 1574 1561 0 0
615 T 1383 1169 1563 0 0
615 T 1381 1576 1147 0 0
615 T 613 736 532 0 0
615 T 885 1227 971 0 0
615 T 1164 499 1356 0 0
615 T 578 497 1464 0 0
615 T 387 347 890 0 0
615 T 497 1005 385 0 0
615 T 1005 570 1044 0 0
615 T 1042 540 347 0 0
615 T 1752 1596 1297 0 0
615 T 1747 1713 1750 0 0
615 T 1713 1788 1596 0 0
615 T 1316 701 814 0 0
615 T 816 466 308 0 0
615 T 306 512 1314 0 0
615 T 380 769 1525 0 0
615 T 1496 1102 769 0 0
615 T 665 166 647 0 0
615 T 1597 391 1135 0 0
615 T 1133 501 1492 0 0
615 T 501 389 831 0 0
615 T 170 1252 1048 0 0
615 T 1046 744 789 0 0
615 T 373 742 1252 0 0
615 T 1011 260 1384 0 0
615 T 1382 259 1035 0 0
615 T 1033 221 1009 0 0
615 T 840 1624 783 0 0
615 T 1624 997 1030 0 0
615 T 9 999 838 0 0
615 T 994 823 14 0 0
615 T 1584 953 289 0 0
615 T 210 1619 1582 0 0
615 T 280 471 672 0 0
615 T 749 662 351 0 0
615 T 349 1279 607 0 0
615 T 1279 664 502 0 0
615 T 551 650 975 0 0
615 T 755 573 261 0 0
615 T 724 133 753 0 0
615 T 652 724 263 0 0
615 T 1271 850 780 0 0
615 T 778 755 424 0 0
615 T 744 425 785 0 0
615 T 422 225 1269 0 0
615 T 225 753 850 0 0
615 T 110 902 1572 0 0
615 T 1794 274 1790 0 0
615 T 127 231 1792 0 0
615 T 1796 265 125 0 0
615 T 1449 88 581 0 0
615 T 695 1076 1451 0 0
615 T 583 458 693 0 0
615 T 568 155 904 0 0
615 T 566 694 166 0 0
615 T 694 904 161 0 0
615 T 210 606 330 0 0
615 T 963 620 212 0 0
615 T 1330 1447 11 0 0
615 T 766 260 1332 0 0
615 T 260 1028 1447 0 0
615 T 1775 498 1582 0 0
615 T 1685 1619 498 0 0
615 T 1529 1025 1384 0 0
615 T 1146 741 1531 0 0
615 T 595 322 362 0 0
615 T 1648 1304 414 0 0
615 T 1721 506 1646 0 0
615 T 416 1607 1723 0 0
615 T 506 1605 1304 0 0
615 T 206 1441 1248 0 0
615 T 588 534 377 0 0
615 T 770 536 922 0 0
615 T 923 485 1239 0 0
615 T 1149 1083 951 0 0
615 T 949 915 160 0 0
615 T 158 1180 1151 0 0
615 T 1180 913 1083 0 0
615 T 689 1601 953 0 0
615 T 875 658 691 0 0
615 T 1588 214 1601 0 0
615 T 1494 1501 339 0 0
615 T 435 540 313 0 0
615 T 540 1684 1786 0 0
615 T 1650 1202 681 0 0
615 T 1202 1168 1695 0 0
615 T 728 1172 1540 0 0
615 T 1538 1384 995 0 0
615 T 1285 726 336 0 0
615 T 179 1022 1287 0 0
615 T 730 813 6 0 0
615 T 813 391 709 0 0
615 T 711 517 5 0 0
615 T 233 1551 1346 0 0
615 T 1385 722 235 0 0
615 T 1348 997 1387 0 0
615 T 664 937 1418 0 0
615 T 1689 1516 662 0 0
615 T 722 135 755 0 0
615 T 1566 882 1551 0 0
615 T 647 682 1368 0 0
615 T 1800 1798 1800 0 0
615 T 1470 1272 204 0 0
615 T 1479 860 761 0 0
615 T 1387 437 410 0 0
615 T 824 397 496 0 0
615 T 494 838 409 0 0
615 T 1070 381 1316 0 0
615 T 703 988 1072 0 0
615 T 381 986 814 0 0
615 T 527 807 702 0 0
615 T 543 677 770 0 0
615 T 581 93 1450 0 0
615 T 410 50 998 0 0
615 T 399 51 993 0 0
615 T 1038 232 510 0 0
615 T 918 609 370 0 0
615 T 372 614 189 0 0
615 T 191 603 920 0 0
615 T 1434 1726 1407 0 0
615 T 964 1239 1405 0 0
615 T 824 1422 471 0 0
615 T 838 488 1430 0 0
615 T 767 453 1412 0 0
615 T 781 1401 449 0 0
615 T 1819 1817 1819 1 0
615 T 0 1415 1437 0 0
615 T 1308 801 678 0 0
615 T 555 310 1306 0 0
615 T 680 433 553 0 0
615 T 310 435 801 0 0
615 T 1346 1335 884 0 0
615 T 1743 290 1598 0 0
615 T 1590 220 1750 0 0
615 T 1668 1512 669 0 0
615 T 1517 1661 708 0 0
615 T 1138 730 508 0 0
615 T 1073 382 1140 0 0
615 T 506 846 1075 0 0
615 T 382 848 730 0 0
615 T 25 1367 751 0 0
615 T 1278 688 532 0 0
615 T 530 775 350 0 0
615 T 608 773 688 0 0
615 T 333 1171 1058 0 0
615 T 449 1222 945 0 0
615 T 936 1504 772 0 0
615 T 677 1070 934 0 0
615 T 1070 543 1504 0 0
615 T 938 675 435 0 0
615 T 313 673 16 0 0
615 T 1588 1007 1686 0 0
615 T 543 381 1276 0 0
615 T 691 281 152 0 0
615 T 150 367 192 0 0
615 T 190 1088 689 0 0
615 T 943 1241 840 0 0
615 T 267 486 1241 0 0
615 T 718 1213 1035 0 0
615 T 751 311 1418 0 0
615 T 349 937 311 0 0
615 T 1554 173 1196 0 0
615 T 645 176 984 0 0
615 T 192 600 1048 0 0
615 T 1046 590 369 0 0
615 T 216 1044 1007 0 0
615 T 1601 1686 1044 0 0
615 T 1713 1678 190 0 0
615 T 1627 1317 671 0 0
615 T 1341 220 523 0 0
615 T 1693 1137 1201 0 0
615 T 1247 991 671 0 0
615 T 1062 554 941 0 0
615 T 554 397 1241 0 0
615 T 146 785 812 0 0
615 T 1576 69 785 0 0
615 T 435 944 317 0 0
615 T 967 497 15 0 0
615 T 16 355 712 0 0
615 T 710 466 965 0 0
615 T 466 353 497 0 0
615 T 908 1589 1300 0 0
615 T 1298 351 13 0 0
615 T 14 1176 906 0 0
615 T 1176 349 1589 0 0
615 T 802 344 934 0 0
615 T 1305 1070 344 0 0
615 T 357 505 1081 0 0
615 T 951 395 359 0 0
615 T 505 393 1149 0 0
615 T 230 1735 1492 0 0
615 T 44 1790 1735 0 0
615 T 191 1634 1595 0 0
615 T 1772 1687 189 0 0
615 T 1593 537 1770 0 0
615 T 1687 539 1634 0 0
615 T 1331 874 1310 0 0
615 T 1312 905 432 0 0
615 T 404 956 1329 0 0
615 T 318 1283 992 0 0
615 T 1398 471 1283 0 0
615 T 254 575 850 0 0
615 T 1154 1709 295 0 0
615 T 249 1698 1163 0 0
615 T 1665 1320 946 0 0
615 T 915 215 951 0 0
615 T 872 552 162 0 0
615 T 900 1240 840 0 0
615 T 426 1197 510 0 0
615 T 1197 450 230 0 0
615 T 114 1142 1438 0 0
615 T 1142 0 1189 0 0
615 T 956 1600 1326 0 0
615 T 11 1134 954 0 0
615 T 1271 708 1049 0 0
615 T 186 1230 747 0 0
615 T 912 479 188 0 0
615 T 1230 477 344 0 0
615 T 5 1295 1169 0 0
615 T 178 1264 700 0 0
615 T 202 481 180 0 0
615 T 1264 483 431 0 0
615 T 1418 1365 79 0 0
615 T 303 911 212 0 0
615 T 210 150 326 0 0
615 T 299 151 658 0 0
615 T 465 1721 1683 0 0
615 T 467 1740 1605 0 0
615 T 416 1738 1681 0 0
615 T 1137 1764 1647 0 0
615 T 1645 716 1203 0 0
615 T 836 440 234 0 0
615 T 1 928 977 0 0
615 T 979 1547 928 0 0
615 T 1547 1545 1547 0 0
615 T 894 62 59 0 0
615 T 1455 60 1803 0 0
615 T 762 1264 1010 0 0
615 T 1012 431 1396 0 0
615 T 1280 615 389 0 0
615 T 391 736 688 0 0
615 T 1265 726 75 0 0
615 T 84 1167 1230 0 0
615 T 1123 1 1100 0 0
615 T 1322 199 1202 0 0
615 T 833 269 207 0 0
615 T 164 982 665 0 0
615 T 1663 1293 924 0 0
615 T 188 1302 1202 0 0
615 T 1236 456 1359 0 0
615 T 1057 339 858 0 0
615 T 339 1499 1479 0 0
615 T 424 63 1032 0 0
615 T 70 427 1028 0 0
615 T 358 1605 1466 0 0
615 T 518 356 27 0 0
615 T 710 42 356 0 0
615 T 357 1234 1049 0 0
615 T 811 76 137 0 0
615 T 320 916 420 0 0
615 T 418 1179 545 0 0
615 T 523 163 863 0 0
615 T 1200 969 783 0 0
615 T 969 229 1401 0 0
615 T 1289 300 826 0 0
615 T 7 1107 1291 0 0
615 T 90 1258 1140 0 0
615 T 1476 259 996 0 0
615 T 13 1311 1474 0 0
615 T 259 1309 823 0 0
615 T 1450 848 717 0 0
615 T 1484 380 1452 0 0
615 T 1126 1 1183 0 0
615 T 968 305 389 0 0
615 T 1071 525 1521 0 0
615 T 688 925 233 0 0
615 T 925 618 303 0 0
615 T 239 620 686 0 0
615 T 235 978 662 0 0
615 T 285 601 978 0 0
615 T 1477 92 630 0 0
615 T 1508 1546 1516 0 0
615 T 1755 1485 265 0 0
615 T 39 1795 1753 0 0
615 T 906 1593 219 0 0
615 T 1476 431 1176 0 0
615 T 1151 762 870 0 0
615 T 717 1180 864 0 0
615 T 1351 73 1425 0 0
615 T 1009 1538 1475 0 0
615 T 687 1545 661 0 0
615 T 947 885 1403 0 0
615 T 612 774 240 0 0
615 T 176 839 1405 0 0
615 T 812 139 48 0 0
615 T 138 785 47 0 0
615 T 865 394 420 0 0
615 T 759 802 6 0 0
615 T 5 934 857 0 0
615 T 422 1361 478 0 0
615 T 1188 1036 653 0 0
615 T 307 736 1427 0 0
615 T 587 851 553 0 0
615 T 14 559 316 0 0
615 T 757 557 351 0 0
615 T 1102 1057 6 0 0
615 T 1046 501 206 0 0
615 T 1252 441 501 0 0
615 T 878 521 551 0 0
615 T 1292 527 343 0 0
615 T 1158 1010 700 0 0
615 T 311 1519 850 0 0
615 T 140 788 82 0 0
615 T 1602 1634 348 0 0
615 T 308 1509 856 0 0
615 T 218 190 1020 0 0
615 T 936 338 1103 0 0
615 T 1705 652 1011 0 0
615 T 1035 575 1704 0 0
615 T 739 746 144 0 0
615 T 1784 500 1681 0 0
615 T 673 803 350 0 0
615 T 152 738 18 0 0
615 T 149 1090 960 0 0
615 T 1684 1771 1713 0 0
615 U 31 3 4 0 0
615 U 2 4 4 0 0
615 U 23 4 3 1 0
615 U 102 4 3 0 0
615 U 42 2 2 0 0
615 U 5 2 2 -1 1
615 U 28 2 2 -1 1
615 U 124 6 5 0 0
615 U 311 5 5 0 0
615 U 106 5 6 0 0
615 U 80 6 5 0 0
615 U 26 5 6 0 0
615 U 13 7 8 0 0
615 U 496 8 8 0 0
615 U 51 8 7 0 0
615 U 49 8 7 0 0
615 U 9 7 8 0 0
615 U 1658 10 11 0 0
615 U 1814 12 10 0 0
615 U 108 11 12 0 0
615 U 110 9 10 0 0
615 U 1654 10 11 0 0
615 U 82 10 9 0 0
615 U 1338 9 11 0 0
615 U 78 12 11 0 0
615 U 1068 16 14 0 0
615 U 473 14 15 0 0
615 U 86 15 16 0 0
615 U 64 14 13 0 0
615 U 478 13 16 0 0
615 U 1335 16 14 0 0
615 U 65 15 16 0 0
615 U 84 13 14 0 0
615 U 251 21 19 0 0
615 U 382 19 23 0 0
615 U 1096 23 21 0 0
615 U 22 21 22 0 0
615 U 283 24 21 0 0
615 U 386 21 25 0 0
615 U 1100 25 19 0 0
615 U 362 17 25 0 0
615 U 72 25 26 0 0
615 U 219 26 17 0 0
615 U 1089 24 19 0 0
615 U 288 19 18 0 0
615 U 365 18 24 0 0
615 U 1087 17 22 0 0
615 U 95 25 26 0 0
615 U 1182 20 25 0 0
615 U 18 24 23 0 0
615 U 443 30 28 0 0
615 U 1482 28 28 0 0
615 U 1578 28 30 0 0
615 U 1491 29 29 0 0
615 U 35 28 27 0 0
615 U 93 27 28 0 0
615 U 128 30 29 0 0
615 U 118 29 30 0 0
615 U 842 32 32 0 0
615 U 180 32 34 0 0
615 U 335 34 32 0 0
615 U 828 34 34 0 0
615 U 8 34 33 0 0
615 U 20 33 34 0 0
615 U 817 35 35 0 0
615 U 57 35 36 0 0
615 U 59 36 35 0 0
615 U 173 31 36 0 0
615 U 332 36 31 0 0
615 U 43 38 37 1 0
615 U 40 37 38 0 0
615 U 141 37 37 -1 0
615 U 146 40 40 0 0
615 U 463 38 40 1 0
615 U 492 40 38 0 0
615 U 100 39 40 0 0
615 U 142 44 50 0 0
615 U 132 50 49 0 0
615 U 130 43 44 0 0
615 U 183 49 43 0 0
615 U 1712 48 50 0 0
615 U 222 42 48 0 0
615 U 1699 44 42 0 0
615 U 1707 47 51 0 0
615 U 133 51 45 0 0
615 U 1702 45 41 0 0
615 U 104 52 45 0 0
615 U 4 42 48 0 0
615 U 0 51 45 0 0
615 U 1487 53 53 0 0
615 U 482 53 55 0 0
615 U 1560 55 53 0 0
615 U 45 55 56 0 0
615 U 1500 56 56 0 0
615 U 91 56 55 0 0
615 U 126 53 54 0 0
615 U 119 54 53 0 0
615 U 171 57 59 0 0
615 U 376 59 57 0 0
615 U 792 57 57 0 0
615 U 61 61 62 0 0
615 U 58 62 61 0 0
615 U 798 61 61 0 0
615 U 370 57 62 0 0
615 U 155 62 57 0 0
615 U 794 59 59 0 0
615 U 7 59 60 0 0
615 U 21 60 59 0 0
615 U 87 65 66 0 0
615 U 1075 63 65 0 0
615 U 457 66 63 0 0
615 U 438 65 64 0 0
615 U 90 64 63 0 0
615 U 1346 66 64 0 0
615 U 65 65 66 0 0
615 U 67 63 64 0 0
615 U 78 76 75 0 0
615 U 292 75 68 0 0
615 U 321 68 76 0 0
615 U 1105 73 71 0 0
615 U 295 71 69 0 0
615 U 342 69 73 0 0
615 U 1112 73 70 0 0
615 U 303 70 67 0 0
615 U 326 67 73 0 0
615 U 300 73 72 0 0
615 U 19 72 71 0 0
615 U 17 73 74 0 0
615 U 346 71 75 0 0
615 U 1118 68 71 0 0
615 U 1127 75 70 0 0
615 U 96 76 75 0 0
615 U 1124 70 76 0 0
615 U 12 78 77 0 0
615 U 446 77 77 0 0
615 U 55 77 78 0 0
615 U 53 77 78 0 0
615 U 10 78 77 -1 0
615 U 1669 79 82 0 0
615 U 113 82 81 0 0
615 U 1810 81 79 0 0
615 U 116 80 79 0 0
615 U 1676 79 82 0 0
615 U 76 79 80 0 0
615 U 1344 80 82 0 0
615 U 72 81 82 0 0
615 U 34 1 1 0 -1
615 U 6 1 1 0 -1
615 U 38 1 1 0 0
615 U 122 83 84 0 0
615 U 308 84 84 0 0
615 U 111 84 83 0 0
615 U 29 84 83 0 0
615 U 74 83 84 0 0
615 Q 147 340 4 378 0 0 0 0 0 0
615 Q 581 1 629 145 0 0 0 0 0 0
615 Q 2 45 3 35 0 0 0 0 0 0
615 Q 263 194 261 159 1 0 0 0 0 0
615 Q 228 142 280 158 0 0 0 0 0 0
615 Q 184 621 1 623 0 0 1 0 0 0
615 Q 1820 4 1820 4 0 0 0 0 0 0
615 Q 101 1817 102 1818 -1 0 -1 0 0 0
615 Q 143 254 196 241 0 0 0 0 0 0
615 Q 881 154 196 176 0 0 0 0 0 0
615 Q 164 194 162 570 1 0 -1 0 0 0
615 Q 535 2 515 0 0 0 0 0 0 0
615 Q 265 141 231 1541 0 0 0 0 0 0
615 Q 100 1767 99 1768 0 0 0 0 0 0
615 Q 867 593 867 593 0 0 0 0 0 0
615 Q 1725 195 1725 195 0 0 0 0 0 0
615 Q 1718 1819 1716 1727 0 0 0 0 0 0
615 Q 620 1253 603 1798 0 0 0 0 0 0
615 Q 671 1615 706 146 0 0 0 0 0 0
615 Q 1613 1512 273 1519 0 0 0 0 0 0
615 Q 192 1797 211 1726 0 0 0 0 0 0
615 Q 1678 1818 1680 1799 1 0 0 0 0 0
615 Q 1614 122 1615 124 0 0 0 0 0 0
615 Q 310 1778 308 1616 0 0 0 0 0 0
615 Q 111 1780 106 1613 0 0 0 0 0 0
615 Q 991 213 1051 146 0 0 0 0 0 0
615 Q 148 1766 148 1766 0 0 0 0 0 0
615 Q 1610 24 1611 111 0 0 0 0 0 0
615 Q 106 1643 32 1642 0 0 0 0 0 0
615 Q 1623 881 1623 881 0 0 0 0 0 0
615 Q 145 1283 865 1235 0 0 0 0 0 0
615 Q 1284 594 1236 1766 0 0 0 0 0 0
