370 A 7 0 0 -1 0 1
370 A 11 0 0 -5 0 5
370 A 14 0 7 -1 -7 1
370 A 14 0 7 -6 -7 6
370 A 17 0 0 -8 0 8
370 A 0 1 -149 0 149 0
370 A -1 1 -160 0 160 0
370 A 1 1 -160 0 160 0
370 A -2 1 -67 0 67 0
370 A 2 1 -67 0 67 0
370 A -6 1 -51 -1 51 1
370 A 6 1 51 -1 -51 1
370 A -9 1 -104 -2 104 2
370 A 9 1 104 -2 -104 2
370 A 22 0 11 -5 -11 5
370 A 22 0 11 -6 -11 6
370 A -15 1 -39 -2 39 2
370 A 15 1 39 -2 -39 2
370 A 28 0 -7 -6 7 6
370 A 28 0 7 -6 -7 6
370 A 29 0 0 -5 0 5
370 A 34 0 17 -8 -17 8
370 A 0 2 -149 0 149 0
370 A 0 2 -221 0 221 0
370 A 0 2 -369 0 369 0
370 A -2 2 -159 -1 159 1
370 A 2 2 159 -1 -159 1
370 A -12 2 -57 0 57 0
370 A 12 2 -57 0 57 0
370 A 0 4 -149 0 149 0
370 A 6 0 3 -1 3 -1
370 A 9 0 0 -1 0 -1
370 A 17 0 0 -2 0 -2
370 A 18 0 9 -1 9 -1
370 A 19 0 0 -6 0 -6
370 A 23 0 0 -9 0 -9
370 A 27 0 0 -8 0 -8
370 A 29 0 0 -2 0 -2
370 A 51 0 0 -19 0 -19
370 A 57 0 0 -25 0 -25
370 A 59 0 0 -15 0 -15
370 A 61 0 0 -30 0 -30
370 A 69 0 0 -14 0 -14
370 A 87 0 0 -31 0 -31
370 A 113 0 0 -47 0 -47
370 A 153 0 0 -19 0 -19
370 A 167 0 0 -28 0 -28
370 A 177 0 0 -44 0 -44
370 A 183 0 0 -91 0 -91
370 A 4 0 -1 -1 -1 1
370 A 5 0 -1 -1 1 -1
370 A 5 0 -2 -1 -2 1
370 A 5 0 -1 -2 1 -2
370 A 5 0 -2 -2 -2 2
370 A 6 0 -1 -1 -1 1
370 A 7 0 -2 -1 3 2
370 A 7 0 2 -1 -3 2
370 A 7 0 -3 -1 3 -1
370 A 7 0 0 -2 0 -3
370 A 7 0 -1 -2 2 3
370 A 7 0 1 -2 -2 3
370 A 7 0 -1 -3 -1 3
370 A 8 0 -1 -1 3 -3
370 A 8 0 1 -1 -3 -3
370 A 8 0 -3 -1 1 -3
370 A 8 0 3 -1 -1 -3
370 A 9 0 -1 -1 -4 4
370 A 9 0 1 -1 4 4
370 A 9 0 -2 -1 4 -2
370 A 9 0 2 -1 -4 -2
370 A 9 0 -3 -1 3 -1
370 A 9 0 -4 -1 -4 1
370 A 9 0 0 -2 0 4
370 A 9 0 -1 -2 2 -4
370 A 9 0 1 -2 -2 -4
370 A 9 0 -2 -2 -2 2
370 A 9 0 -3 -2 3 4
370 A 9 0 3 -2 -3 4
370 A 9 0 -1 -4 -1 4
370 A 10 0 -1 -1 1 -1
370 A 10 0 -3 -1 -3 1
370 A 10 0 -1 -3 1 -3
370 A 10 0 -3 -3 -3 3
370 A 11 0 0 -1 0 3
370 A 11 0 -1 -1 -4 4
370 A 11 0 1 -1 4 4
370 A 11 0 -3 -1 5 2
370 A 11 0 3 -1 -5 2
370 A 11 0 -4 -1 4 -1
370 A 11 0 -5 -1 -5 1
370 A 11 0 0 -2 0 -4
370 A 11 0 -1 -2 -3 -5
370 A 11 0 1 -2 3 -5
370 A 11 0 -2 -2 -2 2
370 A 11 0 -3 -2 -2 5
370 A 11 0 3 -2 2 5
370 A 11 0 -1 -3 5 -4
370 A 11 0 1 -3 -5 -4
370 A 11 0 -2 -3 2 -3
370 A 11 0 -3 -3 -5 5
370 A 11 0 3 -3 5 5
370 A 11 0 -4 -3 2 4
370 A 11 0 4 -3 -2 4
370 A 11 0 -1 -4 4 -5
370 A 11 0 1 -4 -4 -5
370 A 12 0 -1 -1 -1 1
370 A 12 0 -3 -1 -3 5
370 A 12 0 3 -1 3 5
370 A 12 0 -5 -1 -5 1
370 A 12 0 -1 -5 -1 5
370 A 12 0 -5 -5 -5 5
370 A 13 0 0 -1 0 2
370 A 13 0 -1 -1 2 -2
370 A 13 0 1 -1 -2 -2
370 A 13 0 -2 -1 -5 -4
370 A 13 0 2 -1 5 -4
370 A 13 0 -3 -1 -5 6
370 A 13 0 3 -1 5 6
370 A 13 0 -4 -1 -1 -3
370 A 13 0 4 -1 1 -3
370 A 13 0 -5 -1 1 5
370 A 13 0 5 -1 -1 5
370 A 13 0 -6 -1 2 4
370 A 13 0 6 -1 -2 4
370 A 13 0 -1 -2 -1 2
370 A 13 0 -3 -2 6 -4
370 A 13 0 3 -2 -6 -4
370 A 13 0 -4 -2 4 -2
370 A 13 0 -5 -2 -6 5
370 A 13 0 5 -2 6 5
370 A 13 0 -6 -2 4 3
370 A 13 0 6 -2 -4 3
370 A 13 0 0 -3 0 5
370 A 13 0 -2 -3 -4 6
370 A 13 0 2 -3 4 6
370 A 13 0 -3 -3 5 -5
370 A 13 0 3 -3 -5 -5
370 A 13 0 -5 -3 5 -3
370 A 13 0 -6 -3 -6 3
370 A 13 0 0 -4 0 -6
370 A 13 0 -1 -4 -2 -5
370 A 13 0 1 -4 2 -5
370 A 13 0 -3 -4 3 -4
370 A 13 0 -4 -4 -6 6
370 A 13 0 4 -4 6 6
370 A 13 0 -3 -5 1 -6
370 A 13 0 3 -5 -1 -6
370 A 13 0 -4 -5 3 6
370 A 13 0 4 -5 -3 6
370 A 13 0 -2 -6 -2 6
370 A 14 0 -3 -1 3 -1
370 A 14 0 -5 -1 -3 -5
370 A 14 0 5 -1 3 -5
370 A 14 0 -1 -3 -1 3
370 A 14 0 -5 -3 -1 -5
370 A 14 0 5 -3 1 -5
370 A 14 0 7 -3 7 5
370 A 15 0 -1 -1 -4 4
370 A 15 0 1 -1 4 4
370 A 15 0 -2 -1 -2 1
370 A 15 0 -3 -1 -3 -4
370 A 15 0 3 -1 3 -4
370 A 15 0 -4 -1 -1 4
370 A 15 0 4 -1 1 4
370 A 15 0 -6 -1 6 -1
370 A 15 0 -7 -1 -7 1
370 A 15 0 -1 -2 -4 -7
370 A 15 0 1 -2 4 -7
370 A 15 0 -2 -2 -2 2
370 A 15 0 -3 -2 -3 7
370 A 15 0 3 -2 3 7
370 A 15 0 -4 -2 -1 -7
370 A 15 0 4 -2 1 -7
370 A 15 0 -6 -2 6 -2
370 A 15 0 -7 -2 -7 2
370 A 15 0 -2 -4 -2 4
370 A 15 0 -6 -4 6 -4
370 A 15 0 -7 -4 -7 4
370 A 15 0 -2 -7 -2 7
370 A 15 0 -6 -7 6 -7
370 A 15 0 -7 -7 -7 7
370 A 16 0 -1 -1 -5 5
370 A 16 0 1 -1 5 5
370 A 16 0 -3 -1 -7 -3
370 A 16 0 3 -1 7 -3
370 A 16 0 -5 -1 -1 -3
370 A 16 0 5 -1 1 -3
370 A 16 0 -7 -1 -3 5
370 A 16 0 7 -1 3 5
370 A 16 0 -3 -3 -7 7
370 A 16 0 3 -3 7 7
370 A 16 0 -5 -3 -1 7
370 A 16 0 5 -3 1 7
370 A 16 0 -1 -5 -5 -7
370 A 16 0 1 -5 5 -7
370 A 16 0 -7 -5 -3 -7
370 A 16 0 7 -5 3 -7
370 A 17 0 0 -1 0 -4
370 A 17 0 -1 -1 -6 6
370 A 17 0 1 -1 6 6
370 A 17 0 -3 -1 4 -7
370 A 17 0 3 -1 -4 -7
370 A 17 0 -4 -1 6 7
370 A 17 0 4 -1 -6 7
370 A 17 0 -5 -1 -3 4
370 A 17 0 5 -1 3 4
370 A 17 0 -6 -1 -3 -8
370 A 17 0 6 -1 3 -8
370 A 17 0 -7 -1 -4 3
370 A 17 0 7 -1 4 3
370 A 17 0 -8 -1 -1 -2
370 A 17 0 8 -1 1 -2
370 A 17 0 -2 -2 -3 3
370 A 17 0 2 -2 3 3
370 A 17 0 -3 -2 2 -7
370 A 17 0 3 -2 -2 -7
370 A 17 0 -5 -2 -7 -4
370 A 17 0 5 -2 7 -4
370 A 17 0 -6 -2 2 5
370 A 17 0 6 -2 -2 5
370 A 17 0 -7 -2 -7 2
370 A 17 0 -8 -2 3 -5
370 A 17 0 8 -2 -3 -5
370 A 17 0 0 -3 0 -7
370 A 17 0 -1 -3 -1 3
370 A 17 0 -2 -3 1 7
370 A 17 0 2 -3 -1 7
370 A 17 0 -5 -3 -2 8
370 A 17 0 5 -3 2 8
370 A 17 0 -7 -3 -6 5
370 A 17 0 7 -3 6 5
370 A 17 0 -8 -3 -7 -8
370 A 17 0 8 -3 7 -8
370 A 17 0 -1 -4 7 6
370 A 17 0 1 -4 -7 6
370 A 17 0 -2 -4 -4 8
370 A 17 0 2 -4 4 8
370 A 17 0 -4 -4 7 -7
370 A 17 0 4 -4 -7 -7
370 A 17 0 -5 -4 -1 -6
370 A 17 0 5 -4 1 -6
370 A 17 0 -6 -4 1 5
370 A 17 0 6 -4 -1 5
370 A 17 0 0 -5 0 6
370 A 17 0 -4 -5 4 -5
370 A 17 0 -5 -5 -8 8
370 A 17 0 5 -5 8 8
370 A 17 0 -8 -5 -4 -6
370 A 17 0 8 -5 4 -6
370 A 17 0 -2 -6 8 -7
370 A 17 0 2 -6 -8 -7
370 A 17 0 -3 -6 3 -6
370 A 17 0 -8 -6 5 -8
370 A 17 0 8 -6 -5 -8
370 A 17 0 -5 -7 -5 7
370 A 17 0 -6 -8 6 -8
370 A 18 0 -1 -1 5 -5
370 A 18 0 1 -1 -5 -5
370 A 18 0 -3 -1 3 -1
370 A 18 0 -5 -1 -5 1
370 A 18 0 -7 -1 5 7
370 A 18 0 7 -1 -5 7
370 A 18 0 -1 -5 -1 5
370 A 18 0 -3 -5 3 7
370 A 18 0 3 -5 -3 7
370 A 18 0 -7 -5 -1 -7
370 A 18 0 7 -5 1 -7
370 A 18 0 9 -5 9 7
370 A 18 0 -7 -7 -7 7
370 A 19 0 0 -1 0 2
370 A 19 0 -1 -1 2 -2
370 A 19 0 1 -1 -2 -2
370 A 19 0 -2 -1 6 -3
370 A 19 0 2 -1 -6 -3
370 A 19 0 -3 -1 -3 1
370 A 19 0 -4 -1 7 3
370 A 19 0 4 -1 -7 3
370 A 19 0 -5 -1 -6 5
370 A 19 0 5 -1 6 5
370 A 19 0 -6 -1 9 8
370 A 19 0 6 -1 -9 8
370 A 19 0 -7 -1 7 -1
370 A 19 0 -8 -1 -9 -6
370 A 19 0 8 -1 9 -6
370 A 19 0 -9 -1 2 4
370 A 19 0 9 -1 -2 4
370 A 19 0 -1 -2 -1 2
370 A 19 0 -3 -2 -5 -3
370 A 19 0 3 -2 5 -3
370 A 19 0 -4 -2 3 8
370 A 19 0 4 -2 -3 8
370 A 19 0 -5 -2 6 9
370 A 19 0 5 -2 -6 9
370 A 19 0 -6 -2 8 -9
370 A 19 0 6 -2 -8 -9
370 A 19 0 -7 -2 5 4
370 A 19 0 7 -2 -5 4
370 A 19 0 -8 -2 -6 -8
370 A 19 0 8 -2 6 -8
370 A 19 0 -9 -2 3 -7
370 A 19 0 9 -2 -3 -7
370 A 19 0 0 -3 0 7
370 A 19 0 -1 -3 -3 9
370 A 19 0 1 -3 3 9
370 A 19 0 -2 -3 -4 6
370 A 19 0 2 -3 4 6
370 A 19 0 -3 -3 7 -7
370 A 19 0 3 -3 -7 -7
370 A 19 0 -4 -3 2 8
370 A 19 0 4 -3 -2 8
370 A 19 0 -8 -3 7 -5
370 A 19 0 8 -3 -7 -5
370 A 19 0 -9 -3 -1 -6
370 A 19 0 9 -3 1 -6
370 A 19 0 0 -4 0 -9
370 A 19 0 -1 -4 8 6
370 A 19 0 1 -4 -8 6
370 A 19 0 -3 -4 3 -4
370 A 19 0 -4 -4 -9 9
370 A 19 0 4 -4 9 9
370 A 19 0 -6 -4 7 8
370 A 19 0 6 -4 -7 8
370 A 19 0 -7 -4 -4 5
370 A 19 0 7 -4 4 5
370 A 19 0 -8 -4 -8 4
370 A 19 0 -9 -4 -3 -5
370 A 19 0 9 -4 3 -5
370 A 19 0 0 -5 0 8
370 A 19 0 -1 -5 9 -7
370 A 19 0 1 -5 -9 -7
370 A 19 0 -2 -5 2 -5
370 A 19 0 -5 -5 8 -8
370 A 19 0 5 -5 -8 -8
370 A 19 0 -8 -5 2 -6
370 A 19 0 8 -5 -2 -6
370 A 19 0 -9 -5 -5 7
370 A 19 0 9 -5 5 7
370 A 19 0 -3 -6 6 7
370 A 19 0 3 -6 -6 7
370 A 19 0 -5 -6 -2 -9
370 A 19 0 5 -6 2 -9
370 A 19 0 -6 -6 -6 6
370 A 19 0 -7 -6 -1 9
370 A 19 0 7 -6 1 9
370 A 19 0 -1 -7 4 -9
370 A 19 0 1 -7 -4 -9
370 A 19 0 -2 -7 5 -8
370 A 19 0 2 -7 -5 -8
370 A 19 0 -4 -7 4 -7
370 A 19 0 -8 -7 -1 8
370 A 19 0 8 -7 1 8
370 A 19 0 -4 -8 -5 -9
370 A 19 0 4 -8 5 -9
370 A 19 0 -7 -9 -7 9
370 A 0 1 -21 0 141 0
370 A 0 1 -23 0 177 0
370 A 0 1 -27 0 -137 0
370 A 0 1 -29 0 -51 0
370 A 0 1 -31 0 -179 0
370 A 0 1 -47 0 63 0
370 A 0 1 -49 0 -151 0
370 A 0 1 -59 0 69 0
370 A 0 1 -61 0 91 0
370 A 0 1 -71 0 -99 0
370 A 0 1 -73 0 147 0
370 A 0 1 -77 0 173 0
370 A 0 1 -79 0 89 0
370 A 0 1 -93 0 -183 0
370 A 0 1 -97 0 103 0
370 A 0 1 -113 0 167 0
370 A 0 1 -131 0 161 0
370 A 0 1 -133 0 -153 0
370 A 0 1 -139 0 -181 0
370 A 0 1 -143 0 -163 0
370 A -1 1 -20 0 167 0
370 A -1 1 -24 0 -170 0
370 A -1 1 -26 0 157 0
370 A -1 1 -27 0 55 0
370 A -1 1 -32 0 58 0
370 A -1 1 -50 0 141 0
370 A -1 1 -51 0 -80 0
370 A -1 1 -52 0 -107 0
370 A -1 1 -54 0 -158 0
370 A -1 1 -65 0 137 0
370 A -1 1 -66 0 -163 0
370 A -1 1 -79 0 -108 0
370 A -1 1 -88 0 156 0
370 A -1 1 -104 0 132 0
370 A -1 1 -113 0 -174 0
370 A -1 1 -117 0 -130 0
370 A -1 1 -144 0 -152 0
370 A 1 1 -20 0 167 0
370 A 1 1 -24 0 -170 0
370 A 1 1 -26 0 157 0
370 A 1 1 -27 0 55 0
370 A 1 1 -32 0 58 0
370 A 1 1 -50 0 141 0
370 A 1 1 -51 0 -80 0
370 A 1 1 -52 0 -107 0
370 A 1 1 -54 0 -158 0
370 A 1 1 -65 0 137 0
370 A 1 1 -66 0 -163 0
370 A 1 1 -79 0 -108 0
370 A 1 1 -88 0 156 0
370 A 1 1 -104 0 132 0
370 A 1 1 -113 0 -174 0
370 A 1 1 -117 0 -130 0
370 A 1 1 -144 0 -152 0
370 A -2 1 -21 0 -89 0
370 A -2 1 -23 0 -65 0
370 A -2 1 -27 0 95 1
370 A -2 1 -31 0 179 1
370 A -2 1 -35 0 169 1
370 A -2 1 -37 0 91 0
370 A -2 1 -39 0 -161 -1
370 A -2 1 -43 0 87 0
370 A -2 1 -45 0 131 1
370 A -2 1 -47 0 -181 -1
370 A -2 1 -49 0 -143 -1
370 A -2 1 -61 0 -139 -1
370 A -2 1 -63 0 93 1
370 A -2 1 -69 0 101 1
370 A -2 1 -71 0 -79 0
370 A -2 1 -81 0 155 1
370 A -2 1 -93 0 183 1
370 A -2 1 -99 -1 -135 -1
370 A -2 1 -107 -1 173 1
370 A -2 1 -109 -1 153 1
370 A -2 1 -111 -1 -137 -1
370 A -2 1 -115 -1 -177 -1
370 A -2 1 -129 -1 -175 -1
370 A -2 1 -133 -1 167 1
370 A 2 1 -21 0 -89 0
370 A 2 1 -23 0 -65 0
370 A 2 1 -27 0 95 -1
370 A 2 1 -31 0 179 -1
370 A 2 1 -35 0 169 -1
370 A 2 1 -37 0 91 0
370 A 2 1 -39 0 -161 1
370 A 2 1 -43 0 87 0
370 A 2 1 -45 0 131 -1
370 A 2 1 -47 0 -181 1
370 A 2 1 -49 0 -143 1
370 A 2 1 -61 0 -139 1
370 A 2 1 -63 0 93 -1
370 A 2 1 -69 0 101 -1
370 A 2 1 -71 0 -79 0
370 A 2 1 -81 0 155 -1
370 A 2 1 -93 0 183 -1
370 A 2 1 99 -1 135 -1
370 A 2 1 107 -1 -173 1
370 A 2 1 109 -1 -153 1
370 A 2 1 111 -1 137 -1
370 A 2 1 115 -1 177 -1
370 A 2 1 129 -1 175 -1
370 A 2 1 133 -1 -167 1
370 A -3 1 -23 0 33 0
370 A -3 1 -36 0 176 1
370 A -3 1 -57 0 130 1
370 A -3 1 -69 -1 -97 -1
370 A -3 1 -77 -1 -87 -1
370 A -3 1 -79 -1 -168 -1
370 A -3 1 -83 -1 116 1
370 A -3 1 -108 -1 137 1
370 A -3 1 -144 -1 -162 -1
370 A -3 1 -156 -1 -171 -1
370 A 3 1 -23 0 33 0
370 A 3 1 -36 0 176 -1
370 A 3 1 -57 0 130 -1
370 A 3 1 69 -1 97 -1
370 A 3 1 77 -1 87 -1
370 A 3 1 79 -1 168 -1
370 A 3 1 83 -1 -116 1
370 A 3 1 108 -1 -137 1
370 A 3 1 144 -1 162 -1
370 A 3 1 156 -1 171 -1
370 A -4 1 -21 0 -139 -2
370 A -4 1 -23 0 -143 -2
370 A -4 1 -25 0 135 1
370 A -4 1 -27 0 139 1
370 A -4 1 -29 0 -165 -2
370 A -4 1 -31 0 133 1
370 A -4 1 -33 0 113 1
370 A -4 1 -37 0 -69 -1
370 A -4 1 -39 0 95 1
370 A -4 1 -41 0 109 1
370 A -4 1 -47 0 111 1
370 A -4 1 -45 -1 -59 -1
370 A -4 1 -61 -1 -91 -1
370 A -4 1 -63 -1 117 1
370 A -4 1 -79 -1 -89 -1
370 A -4 1 -97 -1 -103 -1
370 A -4 1 -131 -1 175 2
370 A -4 1 -137 -2 -181 -2
370 A -4 1 -153 -2 -179 -2
370 A -4 1 -161 -2 -177 -2
370 A -4 1 -169 -2 -173 -2
370 A 4 1 -21 0 -139 2
370 A 4 1 -23 0 -143 2
370 A 4 1 -25 0 135 -1
370 A 4 1 -27 0 139 -1
370 A 4 1 -29 0 -165 2
370 A 4 1 -31 0 133 -1
370 A 4 1 -33 0 113 -1
370 A 4 1 -37 0 -69 1
370 A 4 1 -39 0 95 -1
370 A 4 1 -41 0 109 -1
370 A 4 1 -47 0 111 -1
370 A 4 1 45 -1 59 -1
370 A 4 1 61 -1 91 -1
370 A 4 1 63 -1 -117 1
370 A 4 1 79 -1 89 -1
370 A 4 1 97 -1 103 -1
370 A 4 1 131 -1 -175 2
370 A 4 1 137 -2 181 -2
370 A 4 1 153 -2 179 -2
370 A 4 1 161 -2 177 -2
370 A 4 1 169 -2 173 -2
370 A -5 1 -21 0 -89 -1
370 A -5 1 -24 0 -171 -2
370 A -5 1 -26 0 71 1
370 A -5 1 -27 0 -112 -1
370 A -5 1 -34 0 -141 -2
370 A -5 1 -38 0 47 1
370 A -5 1 -39 0 -76 -1
370 A -5 1 -36 -1 101 1
370 A -5 1 -37 -1 -42 -1
370 A -5 1 -48 -1 77 1
370 A -5 1 -49 -1 129 2
370 A -5 1 -54 -1 144 2
370 A -5 1 -57 -1 -162 -2
370 A -5 1 -64 -1 -156 -2
370 A -5 1 -72 -1 113 1
370 A -5 1 -78 -1 -128 -2
370 A -5 1 -81 -1 -114 -2
370 A -5 1 -109 -2 -146 -2
370 A -5 1 -132 -2 143 2
370 A -5 1 -151 -2 -174 -2
370 A -5 1 -152 -2 168 2
370 A 5 1 -21 0 -89 1
370 A 5 1 -24 0 -171 2
370 A 5 1 -26 0 71 -1
370 A 5 1 -27 0 -112 1
370 A 5 1 -34 0 -141 2
370 A 5 1 -38 0 47 -1
370 A 5 1 -39 0 -76 1
370 A 5 1 36 -1 -101 1
370 A 5 1 37 -1 42 -1
370 A 5 1 48 -1 -77 1
370 A 5 1 49 -1 -129 2
370 A 5 1 54 -1 -144 2
370 A 5 1 57 -1 162 -2
370 A 5 1 64 -1 156 -2
370 A 5 1 72 -1 -113 1
370 A 5 1 78 -1 128 -2
370 A 5 1 81 -1 114 -2
370 A 5 1 109 -2 146 -2
370 A 5 1 132 -2 -143 2
370 A 5 1 151 -2 174 -2
370 A 5 1 152 -2 -168 2
370 A 20 0 -7 -1 -7 1
370 A 20 0 -9 -1 -1 9
370 A 20 0 9 -1 1 9
370 A 20 0 -9 -2 9 -2
370 A 20 0 -1 -3 -9 7
370 A 20 0 1 -3 9 7
370 A 20 0 -3 -3 -3 3
370 A 20 0 -7 -3 -7 3
370 A 20 0 -9 -6 9 -6
370 A 20 0 -3 -7 -3 7
370 A 20 0 -3 -9 -3 9
370 A 20 0 -7 -9 -7 9
370 A -6 1 -23 0 47 1
370 A -6 1 -25 0 59 1
370 A -6 1 -33 0 -111 -2
370 A -6 1 -33 -1 159 3
370 A -6 1 -35 -1 -93 -1
370 A -6 1 -49 -1 -143 -2
370 A -6 1 -53 -1 105 2
370 A -6 1 -55 -1 -175 -3
370 A -6 1 -63 -1 141 2
370 A -6 1 -65 -1 165 3
370 A -6 1 -69 -1 145 2
370 A -6 1 -91 -1 -101 -2
370 A -6 1 -103 -2 155 3
370 A -6 1 -109 -2 139 2
370 A -6 1 -115 -2 -177 -3
370 A -6 1 -131 -2 147 2
370 A -6 1 -157 -2 179 3
370 A 6 1 -23 0 47 -1
370 A 6 1 -25 0 59 -1
370 A 6 1 -33 0 -111 2
370 A 6 1 33 -1 -159 3
370 A 6 1 35 -1 93 -1
370 A 6 1 49 -1 143 -2
370 A 6 1 53 -1 -105 2
370 A 6 1 55 -1 175 -3
370 A 6 1 63 -1 -141 2
370 A 6 1 65 -1 -165 3
370 A 6 1 69 -1 -145 2
370 A 6 1 91 -1 101 -2
370 A 6 1 103 -2 -155 3
370 A 6 1 109 -2 -139 2
370 A 6 1 115 -2 177 -3
370 A 6 1 131 -2 -147 2
370 A 6 1 157 -2 -179 3
370 A -7 1 -24 0 -171 -3
370 A -7 1 -27 0 -24 -1
370 A -7 1 -29 -1 -114 -2
370 A -7 1 -33 -1 -178 -3
370 A -7 1 -43 -1 155 3
370 A -7 1 -48 -1 139 3
370 A -7 1 -50 -1 -133 -2
370 A -7 1 -56 -1 -119 -2
370 A -7 1 -66 -1 -118 -2
370 A -7 1 -73 -1 96 2
370 A -7 1 -77 -2 177 3
370 A -7 1 -81 -2 -151 -3
370 A -7 1 -85 -2 161 3
370 A -7 1 -97 -2 130 3
370 A -7 1 -103 -2 133 3
370 A -7 1 -163 -3 -168 -3
370 A 7 1 -24 0 -171 3
370 A 7 1 -27 0 -24 1
370 A 7 1 29 -1 114 -2
370 A 7 1 33 -1 178 -3
370 A 7 1 43 -1 -155 3
370 A 7 1 48 -1 -139 3
370 A 7 1 50 -1 133 -2
370 A 7 1 56 -1 119 -2
370 A 7 1 66 -1 118 -2
370 A 7 1 73 -1 -96 2
370 A 7 1 77 -2 -177 3
370 A 7 1 81 -2 151 -3
370 A 7 1 85 -2 -161 3
370 A 7 1 97 -2 -130 3
370 A 7 1 103 -2 -133 3
370 A 7 1 163 -3 168 -3
370 A -8 1 -23 0 127 3
370 A -8 1 -25 0 159 4
370 A -8 1 -27 0 177 4
370 A -8 1 -29 -1 -113 -2
370 A -8 1 -33 -1 -111 -2
370 A -8 1 -37 -1 -119 -2
370 A -8 1 -45 -1 -115 -2
370 A -8 1 -49 -1 83 2
370 A -8 1 -51 -1 87 2
370 A -8 1 -57 -1 175 4
370 A -8 1 -61 -1 163 4
370 A -8 1 -67 -1 -73 -1
370 A -8 1 -67 -2 -159 -3
370 A -8 1 -97 -2 145 3
370 A -8 1 -105 -2 141 3
370 A -8 1 -107 -2 -163 -3
370 A -8 1 -167 -4 -173 -4
370 A 8 1 -23 0 127 -3
370 A 8 1 -25 0 159 -4
370 A 8 1 -27 0 177 -4
370 A 8 1 29 -1 113 -2
370 A 8 1 33 -1 111 -2
370 A 8 1 37 -1 119 -2
370 A 8 1 45 -1 115 -2
370 A 8 1 49 -1 -83 2
370 A 8 1 51 -1 -87 2
370 A 8 1 57 -1 -175 4
370 A 8 1 61 -1 -163 4
370 A 8 1 67 -1 73 -1
370 A 8 1 67 -2 159 -3
370 A 8 1 97 -2 -145 3
370 A 8 1 105 -2 -141 3
370 A 8 1 107 -2 163 -3
370 A 8 1 167 -4 173 -4
370 A 21 0 -9 -1 3 2
370 A 21 0 9 -1 -3 2
370 A 21 0 -10 -1 -4 -8
370 A 21 0 10 -1 4 -8
370 A 21 0 0 -2 0 4
370 A 21 0 -1 -2 2 -4
370 A 21 0 1 -2 -2 -4
370 A 21 0 -4 -2 5 8
370 A 21 0 4 -2 -5 8
370 A 21 0 -10 -2 2 8
370 A 21 0 10 -2 -2 8
370 A 21 0 -1 -4 -1 4
370 A 21 0 -6 -4 -6 -10
370 A 21 0 6 -4 6 -10
370 A 21 0 -7 -4 -7 -5
370 A 21 0 7 -4 7 -5
370 A 21 0 0 -5 0 10
370 A 21 0 -1 -5 2 -10
370 A 21 0 1 -5 -2 -10
370 A 21 0 -3 -5 9 -8
370 A 21 0 3 -5 -9 -8
370 A 21 0 -8 -5 -5 -10
370 A 21 0 8 -5 5 -10
370 A 21 0 -3 -8 3 -8
370 A 21 0 -7 -8 -7 8
370 A 21 0 -1 -10 -1 10
370 A -9 1 -23 0 -80 -2
370 A -9 1 -27 -1 177 4
370 A -9 1 -30 -1 -149 -4
370 A -9 1 -31 -1 -106 -2
370 A -9 1 -33 -1 -168 -4
370 A -9 1 -45 -1 115 3
370 A -9 1 -50 -1 -89 -2
370 A -9 1 -52 -1 -171 -4
370 A -9 1 -53 -1 -62 -2
370 A -9 1 -59 -1 -99 -3
370 A -9 1 -61 -2 -110 -3
370 A -9 1 -63 -2 -170 -4
370 A -9 1 -65 -2 -136 -3
370 A -9 1 -66 -2 -84 -2
370 A -9 1 -85 -2 -135 -3
370 A -9 1 -100 -2 145 3
370 A -9 1 -160 -4 178 4
370 A 9 1 -23 0 -80 2
370 A 9 1 27 -1 -177 4
370 A 9 1 30 -1 149 -4
370 A 9 1 31 -1 106 -2
370 A 9 1 33 -1 168 -4
370 A 9 1 45 -1 -115 3
370 A 9 1 50 -1 89 -2
370 A 9 1 52 -1 171 -4
370 A 9 1 53 -1 62 -2
370 A 9 1 59 -1 99 -3
370 A 9 1 61 -2 110 -3
370 A 9 1 63 -2 170 -4
370 A 9 1 65 -2 136 -3
370 A 9 1 66 -2 84 -2
370 A 9 1 85 -2 135 -3
370 A 9 1 100 -2 -145 3
370 A 9 1 160 -4 -178 4
370 A -10 1 -23 0 -113 -3
370 A -10 1 -17 -1 -67 -2
370 A -10 1 -19 -1 -61 -2
370 A -10 1 -23 -1 47 1
370 A -10 1 -27 -1 -97 -3
370 A -10 1 -31 -1 -119 -3
370 A -10 1 -39 -1 -171 -4
370 A -10 1 -51 -1 101 3
370 A -10 1 -51 -2 -109 -3
370 A -10 1 -69 -2 129 4
370 A -10 1 -81 -2 91 3
370 A -10 1 -87 -2 93 3
370 A -10 1 -93 -2 -143 -4
370 A -10 1 -107 -3 173 5
370 A -10 1 -127 -4 -157 -4
370 A -10 1 -153 -4 167 4
370 A 10 1 -23 0 -113 3
370 A 10 1 17 -1 67 -2
370 A 10 1 19 -1 61 -2
370 A 10 1 23 -1 -47 1
370 A 10 1 27 -1 97 -3
370 A 10 1 31 -1 119 -3
370 A 10 1 39 -1 171 -4
370 A 10 1 51 -1 -101 3
370 A 10 1 51 -2 109 -3
370 A 10 1 69 -2 -129 4
370 A 10 1 81 -2 -91 3
370 A 10 1 87 -2 -93 3
370 A 10 1 93 -2 143 -4
370 A 10 1 107 -3 -173 5
370 A 10 1 127 -4 157 -4
370 A 10 1 153 -4 -167 4
370 A 22 0 11 -1 11 3
370 A 22 0 -3 -3 -5 5
370 A 22 0 3 -3 5 5
370 A 22 0 -3 -5 -1 9
370 A 22 0 3 -5 1 9
370 A 22 0 11 -7 11 -9
370 A -11 1 -12 -1 -53 -1
370 A -11 1 -13 -1 -170 -5
370 A -11 1 -14 -1 -161 -5
370 A -11 1 -17 -1 173 5
370 A -11 1 -28 -1 -159 -5
370 A -11 1 -32 -1 -104 -3
370 A -11 1 -46 -1 79 3
370 A -11 1 -48 -1 -178 -5
370 A -11 1 -56 -2 -85 -2
370 A -11 1 -64 -2 133 4
370 A -11 1 -69 -2 -177 -5
370 A -11 1 -71 -2 99 3
370 A -11 1 -81 -2 -110 -3
370 A -11 1 -82 -2 -148 -5
370 A -11 1 -95 -3 179 5
370 A -11 1 -123 -3 148 4
370 A -11 1 -127 -4 146 5
370 A 11 1 12 -1 53 -1
370 A 11 1 13 -1 170 -5
370 A 11 1 14 -1 161 -5
370 A 11 1 17 -1 -173 5
370 A 11 1 28 -1 159 -5
370 A 11 1 32 -1 104 -3
370 A 11 1 46 -1 -79 3
370 A 11 1 48 -1 178 -5
370 A 11 1 56 -2 85 -2
370 A 11 1 64 -2 -133 4
370 A 11 1 69 -2 177 -5
370 A 11 1 71 -2 -99 3
370 A 11 1 81 -2 110 -3
370 A 11 1 82 -2 148 -5
370 A 11 1 95 -3 -179 5
370 A 11 1 123 -3 -148 4
370 A 11 1 127 -4 -146 5
370 A -12 1 -13 -1 -137 -4
370 A -12 1 -17 -1 135 5
370 A -12 1 -19 -1 139 5
370 A -12 1 -21 -1 -73 -3
370 A -12 1 -23 -1 175 5
370 A -12 1 -29 -1 115 4
370 A -12 1 -33 -1 -157 -5
370 A -12 1 -41 -1 73 2
370 A -12 1 -65 -2 -171 -5
370 A -12 1 -71 -2 -151 -5
370 A -12 1 -83 -2 173 6
370 A -12 1 -75 -3 -153 -5
370 A -12 1 -81 -3 -87 -3
370 A -12 1 -105 -4 -155 -5
370 A -12 1 -131 -4 -141 -5
370 A 12 1 13 -1 137 -4
370 A 12 1 17 -1 -135 5
370 A 12 1 19 -1 -139 5
370 A 12 1 21 -1 73 -3
370 A 12 1 23 -1 -175 5
370 A 12 1 29 -1 -115 4
370 A 12 1 33 -1 157 -5
370 A 12 1 41 -1 -73 2
370 A 12 1 65 -2 171 -5
370 A 12 1 71 -2 151 -5
370 A 12 1 83 -2 -173 6
370 A 12 1 75 -3 153 -5
370 A 12 1 81 -3 87 -3
370 A 12 1 105 -4 155 -5
370 A 12 1 131 -4 141 -5
370 A 23 0 0 -2 0 -6
370 A 23 0 -1 -2 -5 10
370 A 23 0 1 -2 5 10
370 A 23 0 -3 -2 11 8
370 A 23 0 3 -2 -11 8
370 A 23 0 -4 -2 4 -2
370 A 23 0 -5 -2 -11 9
370 A 23 0 5 -2 11 9
370 A 23 0 -7 -2 9 4
370 A 23 0 7 -2 -9 4
370 A 23 0 -11 -2 9 -10
370 A 23 0 11 -2 -9 -10
370 A 23 0 0 -3 0 -4
370 A 23 0 -1 -3 -6 -5
370 A 23 0 1 -3 6 -5
370 A 23 0 -7 -3 8 -10
370 A 23 0 7 -3 -8 -10
370 A 23 0 -11 -3 11 -3
370 A 23 0 -1 -4 7 -5
370 A 23 0 1 -4 -7 -5
370 A 23 0 -2 -4 9 5
370 A 23 0 2 -4 -9 5
370 A 23 0 -6 -4 -6 4
370 A 23 0 0 -5 0 -7
370 A 23 0 -3 -5 2 -11
370 A 23 0 3 -5 -2 -11
370 A 23 0 -4 -5 -9 -6
370 A 23 0 4 -5 9 -6
370 A 23 0 -1 -6 6 10
370 A 23 0 1 -6 -6 10
370 A 23 0 -10 -6 3 -11
370 A 23 0 10 -6 -3 -11
370 A 23 0 -11 -6 -9 7
370 A 23 0 11 -6 9 7
370 A 23 0 -4 -7 -4 7
370 A 23 0 -8 -7 8 -7
370 A 23 0 -10 -7 4 11
370 A 23 0 10 -7 -4 11
370 A 23 0 -11 -7 -1 9
370 A 23 0 11 -7 1 9
370 A 23 0 -2 -9 5 -11
370 A 23 0 2 -9 -5 -11
370 A 23 0 -10 -10 10 -10
370 A 23 0 -11 -10 -11 10
370 A -13 1 -13 -1 -163 -5
370 A -13 1 -16 -1 -158 -5
370 A -13 1 -24 -1 76 2
370 A -13 1 -25 -1 -104 -4
370 A -13 1 -26 -1 -100 -4
370 A -13 1 -27 -1 -178 -6
370 A -13 1 -30 -1 -123 -5
370 A -13 1 -35 -1 94 4
370 A -13 1 -38 -1 48 2
370 A -13 1 -39 -1 -75 -3
370 A -13 1 -49 -1 -74 -3
370 A -13 1 -47 -2 70 2
370 A -13 1 -49 -2 76 3
370 A -13 1 -53 -2 77 3
370 A -13 1 -54 -2 -89 -3
370 A -13 1 -60 -2 -68 -2
370 A -13 1 -74 -2 156 5
370 A -13 1 -77 -2 105 4
370 A -13 1 -78 -3 90 3
370 A -13 1 -83 -3 165 6
370 A -13 1 -84 -3 97 4
370 A -13 1 -102 -3 -159 -6
370 A -13 1 -106 -3 119 4
370 A -13 1 -99 -4 -179 -6
370 A -13 1 -126 -5 -141 -5
370 A -13 1 -127 -5 -155 -6
370 A -13 1 -128 -5 -151 -6
370 A -13 1 -140 -5 -156 -6
370 A -13 1 -157 -6 -172 -6
370 A 13 1 13 -1 163 -5
370 A 13 1 16 -1 158 -5
370 A 13 1 24 -1 -76 2
370 A 13 1 25 -1 104 -4
370 A 13 1 26 -1 100 -4
370 A 13 1 27 -1 178 -6
370 A 13 1 30 -1 123 -5
370 A 13 1 35 -1 -94 4
370 A 13 1 38 -1 -48 2
370 A 13 1 39 -1 75 -3
370 A 13 1 49 -1 74 -3
370 A 13 1 47 -2 -70 2
370 A 13 1 49 -2 -76 3
370 A 13 1 53 -2 -77 3
370 A 13 1 54 -2 89 -3
370 A 13 1 60 -2 68 -2
370 A 13 1 74 -2 -156 5
370 A 13 1 77 -2 -105 4
370 A 13 1 78 -3 -90 3
370 A 13 1 83 -3 -165 6
370 A 13 1 84 -3 -97 4
370 A 13 1 102 -3 159 -6
370 A 13 1 106 -3 -119 4
370 A 13 1 99 -4 179 -6
370 A 13 1 126 -5 141 -5
370 A 13 1 127 -5 155 -6
370 A 13 1 128 -5 151 -6
370 A 13 1 140 -5 156 -6
370 A 13 1 157 -6 172 -6
370 A -14 1 -15 -1 -25 -1
370 A -14 1 -27 -1 -41 -2
370 A -14 1 -31 -1 155 6
370 A -14 1 -45 -1 -175 -6
370 A -14 1 -71 -2 165 7
370 A -14 1 -73 -2 171 7
370 A -14 1 -63 -3 -151 -5
370 A -14 1 -65 -3 -131 -5
370 A -14 1 -87 -3 145 5
370 A -14 1 -129 -5 -149 -5
370 A 14 1 15 -1 25 -1
370 A 14 1 27 -1 41 -2
370 A 14 1 31 -1 -155 6
370 A 14 1 45 -1 175 -6
370 A 14 1 71 -2 -165 7
370 A 14 1 73 -2 -171 7
370 A 14 1 63 -3 151 -5
370 A 14 1 65 -3 131 -5
370 A 14 1 87 -3 -145 5
370 A 14 1 129 -5 149 -5
370 A -15 1 -21 -1 176 7
370 A -15 1 -23 -1 32 1
370 A -15 1 -24 -1 -31 -2
370 A -15 1 -29 -1 179 7
370 A -15 1 -33 -1 32 2
370 A -15 1 -43 -1 172 7
370 A -15 1 -41 -2 116 4
370 A -15 1 -48 -2 162 7
370 A -15 1 -59 -3 -156 -6
370 A -15 1 -61 -3 -114 -4
370 A -15 1 -68 -3 -153 -7
370 A -15 1 -84 -3 -136 -6
370 A -15 1 -79 -4 154 6
370 A -15 1 -81 -4 136 5
370 A -15 1 -98 -4 117 4
370 A -15 1 -134 -5 174 7
370 A -15 1 -138 -5 167 6
370 A 15 1 21 -1 -176 7
370 A 15 1 23 -1 -32 1
370 A 15 1 24 -1 31 -2
370 A 15 1 29 -1 -179 7
370 A 15 1 33 -1 -32 2
370 A 15 1 43 -1 -172 7
370 A 15 1 41 -2 -116 4
370 A 15 1 48 -2 -162 7
370 A 15 1 59 -3 156 -6
370 A 15 1 61 -3 114 -4
370 A 15 1 68 -3 153 -7
370 A 15 1 84 -3 136 -6
370 A 15 1 79 -4 -154 6
370 A 15 1 81 -4 -136 5
370 A 15 1 98 -4 -117 4
370 A 15 1 134 -5 -174 7
370 A 15 1 138 -5 -167 6
370 A 25 0 -4 -2 -1 -12
370 A 25 0 4 -2 1 -12
370 A 25 0 -9 -2 -6 -7
370 A 25 0 9 -2 6 -7
370 A 25 0 -1 -3 -4 12
370 A 25 0 1 -3 4 12
370 A 25 0 -7 -3 8 -7
370 A 25 0 7 -3 -8 -7
370 A 25 0 -11 -3 11 -3
370 A 25 0 -12 -3 -12 3
370 A 25 0 -7 -4 3 9
370 A 25 0 7 -4 -3 9
370 A 25 0 -8 -4 12 -6
370 A 25 0 8 -4 -12 -6
370 A 25 0 -9 -4 9 -4
370 A 25 0 -2 -6 -2 6
370 A 25 0 -11 -6 -4 9
370 A 25 0 11 -6 4 9
370 A 25 0 -11 -7 11 -7
370 A 25 0 -7 -9 3 -11
370 A 25 0 7 -9 -3 -11
370 A 25 0 -9 -9 9 -9
370 A 25 0 -9 -11 9 -11
370 A -16 1 -27 -2 111 5
370 A -16 1 -29 -2 115 5
370 A -16 1 -109 -4 -163 -7
370 A -16 1 -129 -6 -169 -7
370 A 16 1 27 -2 -111 5
370 A 16 1 29 -2 -115 5
370 A 16 1 109 -4 163 -7
370 A 16 1 129 -6 169 -7
370 A -17 1 -23 -1 -177 -8
370 A -17 1 -28 -1 -120 -5
370 A -17 1 -32 -1 150 7
370 A -17 1 -36 -1 167 7
370 A -17 1 -54 -3 -97 -5
370 A -17 1 -63 -3 -135 -6
370 A -17 1 -90 -4 -103 -4
370 A -17 1 -142 -6 180 8
370 A 17 1 23 -1 177 -8
370 A 17 1 28 -1 120 -5
370 A 17 1 32 -1 -150 7
370 A 17 1 36 -1 -167 7
370 A 17 1 54 -3 97 -5
370 A 17 1 63 -3 135 -6
370 A 17 1 90 -4 103 -4
370 A 17 1 142 -6 -180 8
370 A -18 1 -23 -2 -139 -6
370 A 18 1 23 -2 139 -6
370 A 27 0 -8 -2 7 5
370 A 27 0 8 -2 -7 5
370 A 27 0 -11 -2 -2 -7
370 A 27 0 11 -2 2 -7
370 A 27 0 -12 -2 3 13
370 A 27 0 12 -2 -3 13
370 A 27 0 -3 -4 12 -7
370 A 27 0 3 -4 -12 -7
370 A 27 0 -5 -4 1 10
370 A 27 0 5 -4 -1 10
370 A 27 0 0 -7 0 -13
370 A 27 0 -1 -7 2 13
370 A 27 0 1 -7 -2 13
370 A 27 0 -12 -8 12 10
370 A 27 0 12 -8 -12 10
370 A 27 0 -1 -13 -1 13
370 A -19 1 -35 -1 81 5
370 A -19 1 -38 -2 107 5
370 A -19 1 -79 -4 178 9
370 A -19 1 -97 -4 -148 -8
370 A -19 1 -95 -5 113 6
370 A -19 1 -110 -5 -138 -7
370 A 19 1 35 -1 -81 5
370 A 19 1 38 -2 -107 5
370 A 19 1 79 -4 -178 9
370 A 19 1 97 -4 148 -8
370 A 19 1 95 -5 -113 6
370 A 19 1 110 -5 138 -7
370 A 28 0 -1 -2 9 10
370 A 28 0 1 -2 -9 10
370 A 28 0 -3 -2 -5 -6
370 A 28 0 3 -2 5 -6
370 A 28 0 -1 -11 -1 11
370 A -21 1 -31 -1 36 2
370 A -21 1 -35 -1 -181 -10
370 A -21 1 -49 -3 105 5
370 A 21 1 31 -1 -36 2
370 A 21 1 35 -1 181 -10
370 A 21 1 49 -3 -105 5
370 A 29 0 -4 -2 -10 5
370 A 29 0 4 -2 10 5
370 A 29 0 0 -3 0 -11
370 A 29 0 -12 -3 -2 -14
370 A 29 0 12 -3 2 -14
370 A 29 0 -14 -7 -7 -11
370 A 29 0 14 -7 7 -11
370 A 29 0 -6 -11 6 -11
370 A 29 0 -14 -11 -10 12
370 A 29 0 14 -11 10 12
370 A 29 0 -9 -12 9 -12
370 A -23 1 -31 -2 179 11
370 A -23 1 -75 -4 139 8
370 A -23 1 -76 -5 112 7
370 A 23 1 31 -2 -179 11
370 A 23 1 75 -4 -139 8
370 A 23 1 76 -5 -112 7
370 A -24 1 -123 -9 -173 -10
370 A 24 1 123 -9 173 -10
370 A 31 0 0 -2 0 8
370 A 31 0 0 -3 0 -5
370 A 31 0 -7 -4 15 -13
370 A 31 0 7 -4 -15 -13
370 A 31 0 -8 -4 8 -4
370 A 31 0 -4 -11 3 15
370 A 31 0 4 -11 -3 15
370 A 31 0 -14 -12 14 -12
370 A -25 1 -27 -3 178 12
370 A -25 1 -86 -5 181 12
370 A -25 1 -152 -9 -167 -10
370 A 25 1 27 -3 -178 12
370 A 25 1 86 -5 -181 12
370 A 25 1 152 -9 167 -10
370 A -26 1 -27 -1 141 9
370 A 26 1 27 -1 -141 9
370 A 33 0 -9 -7 -15 8
370 A 33 0 9 -7 15 8
370 A 33 0 0 -8 0 10
370 A 33 0 -15 -10 15 -10
370 A -27 1 -27 -1 103 9
370 A -27 1 -32 -1 -41 -4
370 A -27 1 -35 -2 -95 -7
370 A -27 1 -71 -6 -94 -7
370 A -27 1 -72 -6 148 10
370 A -27 1 -129 -8 -125 -10
370 A -27 1 -143 -9 -150 -11
370 A 27 1 27 -1 -103 9
370 A 27 1 32 -1 41 -4
370 A 27 1 35 -2 95 -7
370 A 27 1 71 -6 94 -7
370 A 27 1 72 -6 -148 10
370 A 27 1 129 -8 125 -10
370 A 27 1 143 -9 150 -11
370 A 34 0 -11 -9 11 -9
370 A -29 1 -46 -2 147 13
370 A -29 1 -63 -5 88 6
370 A -29 1 -84 -5 -109 -7
370 A -29 1 -56 -6 84 6
370 A 29 1 46 -2 -147 13
370 A 29 1 63 -5 -88 6
370 A 29 1 84 -5 109 -7
370 A 29 1 56 -6 -84 6
370 A 35 0 -11 -6 11 -6
370 A 35 0 -12 -6 -17 -9
370 A 35 0 12 -6 17 -9
370 A -31 1 -36 -2 -150 -14
370 A -31 1 -137 -11 132 12
370 A 31 1 36 -2 150 -14
370 A 31 1 137 -11 -132 12
370 A 37 0 -1 -3 1 -3
370 A 37 0 -1 -5 1 -5
370 A 37 0 -1 -6 1 -6
370 A 37 0 -1 -9 1 -9
370 A 37 0 -1 -14 1 -14
370 A 37 0 -18 -14 -2 18
370 A 37 0 18 -14 2 18
370 A 37 0 -1 -15 1 -15
370 A 37 0 -1 -18 1 -18
370 A -33 1 -55 -4 182 16
370 A 33 1 55 -4 -182 16
370 A 0 2 -63 1 -323 1
370 A 0 2 -73 0 -223 0
370 A -2 2 -51 -1 263 1
370 A -2 2 -53 -1 -157 -1
370 A 2 2 51 -1 -263 1
370 A 2 2 53 -1 157 -1
370 A 39 0 0 -4 0 -19
370 A 39 0 -8 -4 -11 -14
370 A 39 0 8 -4 11 -14
370 A 39 0 -18 -10 18 -10
370 A 39 0 -19 -10 -19 10
370 A 39 0 -2 -19 -2 19
370 A -12 2 -59 0 -265 -4
370 A -12 2 -57 -2 141 2
370 A -12 2 -161 -2 -267 -4
370 A 12 2 -59 0 -265 4
370 A 12 2 57 -2 -141 2
370 A 12 2 161 -2 267 -4
370 A 41 0 -12 -3 -16 4
370 A 41 0 12 -3 16 4
370 A 41 0 0 -4 0 10
370 A 41 0 -14 -16 14 -16
370 A -16 2 -155 -4 263 6
370 A 16 2 155 -4 -263 6
370 A -37 1 -16 -3 -30 -4
370 A 37 1 16 -3 30 -4
370 A -43 1 -27 -3 95 14
370 A -43 1 -56 -5 137 13
370 A 43 1 27 -3 -95 14
370 A 43 1 56 -5 -137 13
370 A 49 0 0 -4 0 -5
370 A 49 0 -10 -5 -12 6
370 A 49 0 10 -5 12 6
370 A -47 1 -18 -5 -34 -6
370 A 47 1 18 -5 34 -6
370 A 51 0 -20 -5 25 -19
370 A 51 0 20 -5 -25 -19
370 A 51 0 -21 -5 21 -5
370 A 55 0 -24 -3 24 -3
370 A 57 0 -14 -7 28 -14
370 A 57 0 14 -7 -28 -14
370 A 57 0 -15 -7 15 -7
370 A -55 1 -64 -14 -111 -21
370 A 55 1 64 -14 111 -21
370 A -10 3 -113 -1 -393 -2
370 A 10 3 113 -1 393 -2
370 A 59 0 0 -6 0 -8
370 A 59 0 -29 -6 29 -6
370 A 59 0 -22 -11 22 -11
370 A 59 0 -1 -15 -29 22
370 A 59 0 1 -15 29 22
370 A 61 0 -30 -15 -1 -30
370 A 61 0 30 -15 1 -30
370 A -59 1 -93 -15 183 29
370 A 59 1 93 -15 -183 29
370 A 63 0 -1 -31 -1 31
370 A 65 0 -16 -4 16 -4
370 A 69 0 0 -7 0 -28
370 A 75 0 -9 -14 9 -14
370 A 89 0 -38 -19 38 -19
370 A 89 0 -44 -39 44 -39
370 A 95 0 -41 -34 41 -34
370 A 115 0 -19 -48 19 -48
370 A 121 0 -40 -10 40 -10
370 A 131 0 -65 -11 65 -11
370 A 137 0 -55 -41 55 -41
370 A 143 0 -29 -43 29 -43
370 A 155 0 -39 -58 39 -58
370 A 161 0 -80 -20 80 -20
370 A 169 0 -56 -28 56 -28
370 A 179 0 -89 -45 89 -45
370 S 0 1 5 0
370 S 0 2 5 0
370 S 1 1 7 0
370 S 2 2 7 0
370 S 3 3 7 0
370 S -1 1 7 0
370 S -2 2 7 0
370 S -3 3 7 0
370 S 0 1 10 0
370 S 0 3 10 0
370 S 2 1 11 0
370 S 4 2 11 0
370 S -5 3 11 0
370 S -3 4 11 0
370 S -1 5 11 0
370 S -2 1 11 0
370 S -4 2 11 0
370 S 5 3 11 0
370 S 3 4 11 0
370 S 1 5 11 0
370 S -6 1 14 0
370 S -4 3 14 0
370 S -2 5 14 0
370 S 6 1 14 0
370 S 4 3 14 0
370 S 2 5 14 0
370 S 2 1 17 0
370 S 4 2 17 0
370 S 6 3 17 0
370 S 8 4 17 0
370 S -7 5 17 0
370 S -5 6 17 0
370 S -3 7 17 0
370 S -1 8 17 0
370 S -2 1 17 0
370 S -4 2 17 0
370 S -6 3 17 0
370 S -8 4 17 0
370 S 7 5 17 0
370 S 5 6 17 0
370 S 3 7 17 0
370 S 1 8 17 0
370 T 570 573 569 -1 0
370 T 567 2338 2402 0 0
370 T 2404 13 572 1 0
370 T 13 2340 573 0 0
370 T 6 3 7 0 0
370 T 5 3122 2987 0 0
370 T 2989 3057 4 0 0
370 T 3057 3124 3 -1 0
370 T 1274 1278 1271 0 0
370 T 1273 1632 1534 0 0
370 T 1536 7 1276 0 0
370 T 7 1630 1278 0 0
370 T 1276 7 1467 0 0
370 T 1268 1285 1274 0 0
370 T 1469 1726 1266 0 0
370 T 1285 1728 7 0 0
370 T 806 810 803 0 0
370 T 805 2062 2303 0 0
370 T 2305 276 808 0 0
370 T 276 2064 810 0 0
370 T 808 279 2235 0 0
370 T 804 817 806 0 0
370 T 2237 2148 802 0 0
370 T 817 2146 279 0 0
370 T 1205 106 1750 0 0
370 T 1197 1236 1203 0 0
370 T 1752 1522 1195 0 0
370 T 1236 1524 106 0 0
370 T 1200 1239 1190 0 0
370 T 1192 1457 1790 0 0
370 T 1792 106 1198 0 0
370 T 106 1455 1239 0 0
370 T 389 855 2706 0 0
370 T 381 449 387 0 0
370 T 2708 2596 379 0 0
370 T 449 2594 855 0 0
370 T 384 442 374 0 0
370 T 376 2526 2774 0 0
370 T 2776 852 382 0 0
370 T 852 2528 442 0 0
370 T 114 1206 1694 0 0
370 T 1696 1215 1746 0 0
370 T 1748 1200 116 0 0
370 T 1200 1217 1206 0 0
370 T 116 1203 1786 0 0
370 T 1601 1206 114 0 0
370 T 1788 1212 1599 0 0
370 T 1206 1210 1203 0 0
370 T 582 586 579 0 0
370 T 581 504 2354 0 0
370 T 2356 2288 584 0 0
370 T 2288 502 586 0 0
370 T 584 2218 2418 0 0
370 T 576 593 582 0 0
370 T 2420 499 574 0 0
370 T 593 501 2218 0 0
370 T 665 401 2402 0 0
370 T 2340 403 659 0 0
370 T 480 405 401 0 0
370 T 194 794 1934 0 0
370 T 1936 789 2014 0 0
370 T 2016 792 196 0 0
370 T 792 787 794 0 0
370 T 196 792 2098 0 0
370 T 1853 801 194 0 0
370 T 2100 782 1851 0 0
370 T 801 784 792 0 0
370 T 1054 174 2927 0 0
370 T 2929 2864 229 -1 0
370 T 2864 180 1055 0 0
370 T 70 178 174 0 0
370 T 1165 77 1159 0 0
370 T 1189 1185 1181 -1 0
370 T 749 818 739 0 0
370 T 741 1896 2398 0 0
370 T 2400 288 747 0 0
370 T 288 1894 818 0 0
370 T 744 291 2335 0 0
370 T 736 825 742 0 0
370 T 2337 1978 734 0 0
370 T 825 1980 291 0 0
370 T 773 347 2350 0 0
370 T 765 810 771 0 0
370 T 2352 2120 763 0 0
370 T 810 2118 347 0 0
370 T 768 817 758 0 0
370 T 760 2034 2414 0 0
370 T 2416 347 766 0 0
370 T 347 2036 817 0 0
370 T 2989 123 3119 -1 0
370 T 3121 120 3050 0 0
370 T 3052 122 2987 0 0
370 T 122 118 123 0 0
370 T 2420 457 2491 0 0
370 T 2493 447 574 0 0
370 T 447 455 501 0 0
370 T 580 445 2558 0 0
370 T 2560 451 2355 0 0
370 T 503 453 445 0 0
370 T 424 980 2739 -1 0
370 T 420 426 422 0 0
370 T 2741 2808 418 1 0
370 T 426 2806 980 0 0
370 T 2161 201 2770 0 0
370 T 2772 203 2998 0 0
370 T 3000 224 2159 0 0
370 T 224 205 201 0 0
370 T 2156 224 3066 0 0
370 T 2705 198 2154 0 0
370 T 3068 208 2703 0 0
370 T 198 206 224 0 0
370 T 433 458 435 0 0
370 T 437 878 2870 0 0
370 T 2937 876 431 0 0
370 T 2872 237 2935 0 0
370 T 1113 173 2014 0 0
370 T 1936 1763 1111 0 0
370 T 1763 789 173 0 0
370 T 1108 1805 1851 0 0
370 T 2100 166 1106 0 0
370 T 166 782 1805 0 0
370 T 1105 1297 1111 0 0
370 T 1936 150 1103 0 0
370 T 1297 152 1765 0 0
370 T 1108 1298 1098 0 0
370 T 1100 149 1851 0 0
370 T 1803 147 1298 0 0
370 T 789 881 779 0 0
370 T 777 875 783 0 0
370 T 126 1443 1139 0 0
370 T 1149 2120 128 0 0
370 T 1141 1307 1147 0 0
370 T 2120 1309 1443 0 0
370 T 128 2034 1142 0 0
370 T 1144 1312 1134 0 0
370 T 1136 1512 126 0 0
370 T 1512 1310 2034 0 0
370 T 1073 1149 1063 0 0
370 T 1065 2030 1662 0 0
370 T 1664 155 1071 0 0
370 T 155 2032 1149 0 0
370 T 1068 155 1567 0 0
370 T 1060 1142 1066 0 0
370 T 1569 2116 1058 0 0
370 T 1142 2114 155 0 0
370 T 741 2528 2070 0 0
370 T 733 850 739 0 0
370 T 2072 444 731 0 0
370 T 736 857 726 0 0
370 T 728 447 1987 0 0
370 T 1989 2594 734 0 0
370 T 165 1445 763 0 0
370 T 2352 1309 163 0 0
370 T 160 1310 2414 0 0
370 T 760 1510 158 0 0
370 T 281 2526 3099 0 0
370 T 273 323 279 0 0
370 T 3101 1289 271 0 0
370 T 323 1287 2526 0 0
370 T 276 328 270 0 0
370 T 272 1290 3031 0 0
370 T 3033 2596 274 0 0
370 T 2596 1292 328 0 0
370 T 261 838 1778 0 0
370 T 1780 893 2478 0 0
370 T 2480 832 259 0 0
370 T 832 891 838 0 0
370 T 256 827 2546 0 0
370 T 1741 837 254 0 0
370 T 2548 894 1739 0 0
370 T 837 896 827 0 0
370 T 593 506 2799 0 0
370 T 2801 493 2218 0 0
370 T 499 491 506 0 0
370 T 2288 494 2731 0 0
370 T 2733 506 586 0 0
370 T 506 496 504 0 0
370 T 1536 1963 1283 0 0
370 T 1963 7 1268 0 0
370 T 1280 1881 1467 0 0
370 T 1271 7 1881 0 0
370 T 140 138 140 1 0
370 T 537 918 2439 0 0
370 T 2441 932 2374 0 0
370 T 2376 924 535 0 0
370 T 924 930 918 0 0
370 T 1033 1524 2066 0 0
370 T 1025 1234 1031 0 0
370 T 2068 108 1023 0 0
370 T 1028 1241 1018 0 0
370 T 1020 108 1983 0 0
370 T 1985 1455 1026 0 0
370 T 582 2495 2795 0 0
370 T 2797 855 591 0 0
370 T 855 2497 576 0 0
370 T 588 852 2727 0 0
370 T 2729 2565 582 0 0
370 T 579 2563 852 0 0
370 T 437 2946 1155 0 0
370 T 429 456 435 0 0
370 T 1157 2762 427 0 0
370 T 456 2764 2946 0 0
370 T 432 451 422 0 0
370 T 424 2832 1150 0 0
370 T 1152 2884 430 0 0
370 T 2884 2830 451 0 0
370 T 137 133 141 1 0
370 T 2178 2739 135 0 0
370 T 133 2808 2179 0 0
370 T 2400 281 2842 0 0
370 T 2844 284 747 0 0
370 T 284 279 286 0 0
370 T 744 284 2906 0 0
370 T 2908 274 2335 0 0
370 T 293 276 284 0 0
370 T 389 847 1918 0 0
370 T 1920 922 2706 0 0
370 T 857 924 847 0 0
370 T 1837 844 382 0 0
370 T 2776 921 1835 0 0
370 T 844 919 850 0 0
370 T 957 502 2398 0 0
370 T 2400 508 3002 0 0
370 T 3004 496 955 0 0
370 T 952 491 3070 0 0
370 T 2337 501 950 0 0
370 T 3072 508 2335 0 0
370 T 189 215 179 0 0
370 T 181 2573 1063 0 0
370 T 1065 3022 187 0 0
370 T 3022 2571 215 0 0
370 T 184 3092 1058 0 0
370 T 176 220 182 0 0
370 T 1060 2503 174 0 0
370 T 220 2505 3092 0 0
370 T 601 1896 2799 0 0
370 T 593 622 599 0 0
370 T 622 506 1896 0 0
370 T 596 622 586 0 0
370 T 2733 1978 594 0 0
370 T 1978 506 622 0 0
370 T 725 2713 1774 0 0
370 T 717 927 723 0 0
370 T 1776 338 715 0 0
370 T 927 340 2713 0 0
370 T 720 927 710 0 0
370 T 712 337 1735 0 0
370 T 1737 2779 718 0 0
370 T 2779 335 927 0 0
370 T 253 300 243 0 0
370 T 245 961 3010 0 0
370 T 3012 2455 251 0 0
370 T 2455 959 300 0 0
370 T 248 2393 3078 0 0
370 T 244 295 246 0 0
370 T 3080 961 242 0 0
370 T 295 959 2393 0 0
370 T 1089 1188 1095 0 0
370 T 1093 1182 1083 0 0
370 T 521 905 2078 0 0
370 T 2080 1996 569 -1 0
370 T 915 901 905 0 0
370 T 1996 899 515 0 0
370 T 1065 415 2482 0 0
370 T 2484 691 1662 0 0
370 T 2032 693 415 0 0
370 T 1569 696 2550 0 0
370 T 2552 412 1058 0 0
370 T 412 694 2114 0 0
370 T 781 464 3083 0 0
370 T 3085 3016 193 -1 0
370 T 3016 465 775 0 0
370 T 459 463 464 0 0
370 T 227 2551 2482 0 0
370 T 417 413 421 1 0
370 T 1229 1307 1219 0 0
370 T 1221 144 1382 0 0
370 T 1384 2454 1227 0 0
370 T 2454 142 1307 0 0
370 T 1224 2392 1383 0 0
370 T 1220 1312 1222 0 0
370 T 1312 145 2392 0 0
370 T 2360 919 579 0 0
370 T 2565 842 2358 0 0
370 T 576 924 2422 0 0
370 T 2424 849 2495 0 0
370 T 189 1602 1071 0 0
370 T 1081 2441 187 0 0
370 T 1073 1318 1079 0 0
370 T 2441 1320 1602 0 0
370 T 184 2375 1074 0 0
370 T 1076 1317 1066 0 0
370 T 1068 1701 182 0 0
370 T 1701 1315 2375 0 0
370 T 741 624 3002 0 0
370 T 3072 624 734 0 0
370 T 1384 958 1959 0 0
370 T 1961 299 1227 0 0
370 T 1224 296 1875 0 0
370 T 1877 958 1383 0 0
370 T 657 279 2070 0 0
370 T 741 3101 655 0 0
370 T 652 3031 734 0 0
370 T 1989 276 650 0 0
370 T 253 2941 2623 0 0
370 T 2625 3034 243 0 0
370 T 298 3036 2941 0 0
370 T 244 3104 2618 0 0
370 T 2620 2875 246 0 0
370 T 2875 3102 297 0 0
370 T 126 2367 1131 0 0
370 T 1133 1258 1139 0 0
370 T 1445 1260 2367 0 0
370 T 1136 1265 1126 0 0
370 T 1128 2433 126 0 0
370 T 2433 1263 1510 0 0
370 T 733 2729 2266 0 0
370 T 2268 586 739 0 0
370 T 736 593 2199 0 0
370 T 2201 2795 726 0 0
370 T 189 185 193 1 0
370 T 3085 36 187 -1 0
370 T 185 37 3014 0 0
370 T 230 1082 1778 0 0
370 T 1780 1325 2346 0 0
370 T 2348 1076 232 0 0
370 T 1076 1323 1082 0 0
370 T 232 1079 2410 0 0
370 T 1741 1089 230 0 0
370 T 2412 1325 1739 0 0
370 T 1089 1323 1079 0 0
370 T 565 294 1906 0 0
370 T 657 3103 563 0 0
370 T 1908 2876 655 0 0
370 T 560 3037 650 0 0
370 T 652 2938 1823 0 0
370 T 1825 301 558 0 0
370 T 3012 143 3211 0 0
370 T 3213 1308 251 0 0
370 T 248 1311 3151 0 0
370 T 3153 144 3078 0 0
370 T 565 610 555 0 0
370 T 557 2386 1906 0 0
370 T 296 2388 610 0 0
370 T 552 610 558 0 0
370 T 1825 2452 550 0 0
370 T 610 2450 299 0 0
370 T 2268 594 3002 0 0
370 T 3072 601 2199 0 0
370 T 437 870 1782 0 0
370 T 1784 885 2870 0 0
370 T 880 883 870 0 0
370 T 1745 869 430 0 0
370 T 2936 882 1743 0 0
370 T 869 884 875 0 0
370 T 1109 1305 1111 0 0
370 T 1113 316 2010 0 0
370 T 2097 318 1107 0 0
370 T 2012 614 2095 0 0
370 T 1005 2502 1474 0 0
370 T 997 1059 1003 0 0
370 T 1476 177 995 0 0
370 T 1000 1064 990 0 0
370 T 992 178 1407 0 0
370 T 1409 2572 998 0 0
370 T 153 1318 2890 0 0
370 T 145 155 151 0 0
370 T 2892 2837 143 0 0
370 T 155 2835 1318 0 0
370 T 1315 148 2956 0 0
370 T 2767 157 1317 0 0
370 T 2954 142 2769 0 0
370 T 157 144 148 0 0
370 T 5 3183 3119 0 0
370 T 3124 123 3183 0 0
370 T 3053 3245 5 0 0
370 T 3245 123 3054 0 0
370 T 2268 1583 955 0 0
370 T 1583 594 494 0 0
370 T 952 1680 2199 0 0
370 T 493 601 1680 0 0
370 T 1177 1282 1167 0 0
370 T 1169 1729 2127 0 0
370 T 2129 4 1175 0 0
370 T 1172 4 2043 0 0
370 T 1168 1281 1170 0 0
370 T 2045 1631 1166 0 0
370 T 373 695 3006 0 0
370 T 365 411 371 0 0
370 T 3008 2117 363 0 0
370 T 368 416 358 0 0
370 T 360 2031 3074 0 0
370 T 3076 692 366 0 0
370 T 165 1260 2791 0 0
370 T 2793 2369 763 0 0
370 T 760 2431 2723 0 0
370 T 2725 1263 158 0 0
370 T 757 763 747 0 0
370 T 749 1447 2534 0 0
370 T 2536 181 755 0 0
370 T 181 1449 763 0 0
370 T 752 174 2467 0 0
370 T 744 760 750 0 0
370 T 2469 1516 742 0 0
370 T 760 1514 174 0 0
370 T 397 441 387 0 0
370 T 389 2827 519 0 0
370 T 521 2054 395 0 0
370 T 2054 2829 441 0 0
370 T 392 2140 514 0 0
370 T 384 438 390 0 0
370 T 516 2761 382 0 0
370 T 438 2759 2140 0 0
370 T 341 1771 379 0 0
370 T 2708 1316 339 0 0
370 T 1316 2596 1771 0 0
370 T 336 1319 2774 0 0
370 T 376 1813 334 0 0
370 T 1813 2526 1319 0 0
370 T 665 2369 747 0 0
370 T 757 2791 663 0 0
370 T 660 2725 750 0 0
370 T 744 2431 658 0 0
370 T 365 1127 3146 0 0
370 T 357 409 363 0 0
370 T 3148 2428 355 0 0
370 T 409 2426 1127 0 0
370 T 360 409 354 0 0
370 T 356 2362 3206 0 0
370 T 3208 1132 358 0 0
370 T 1132 2364 409 0 0
370 T 114 1210 2435 0 0
370 T 2437 1205 1694 0 0
370 T 1601 1198 2371 0 0
370 T 2373 1217 114 0 0
370 T 329 1772 1299 0 0
370 T 1301 1315 1291 0 0
370 T 1296 1810 322 0 0
370 T 1288 1320 1294 0 0
370 T 833 238 2742 0 0
370 T 2744 1530 839 0 0
370 T 1530 240 892 0 0
370 T 836 1465 2810 0 0
370 T 2812 238 826 0 0
370 T 895 240 1465 0 0
370 T 2123 111 2040 0 0
370 T 2136 118 2051 0 0
370 T 2038 1366 2134 0 0
370 T 2053 1368 2125 0 0
370 T 2305 328 3026 0 0
370 T 3028 272 808 0 0
370 T 808 271 3094 0 0
370 T 3096 323 2235 0 0
370 T 2844 671 2534 0 0
370 T 1449 673 282 0 0
370 T 2469 668 2906 0 0
370 T 282 666 1514 0 0
370 T 997 1055 987 0 0
370 T 989 1054 991 0 0
370 T 1920 2895 339 0 0
370 T 2895 922 1314 0 0
370 T 336 2961 1835 0 0
370 T 1321 921 2961 0 0
370 T 2173 1879 2226 0 0
370 T 2228 1273 2427 0 0
370 T 2429 7 2171 0 0
370 T 2168 7 2363 0 0
370 T 2296 1965 2166 0 0
370 T 2365 1266 2294 0 0
370 T 533 911 3111 0 0
370 T 1752 871 531 0 0
370 T 3113 865 1750 0 0
370 T 871 863 911 0 0
370 T 528 868 1790 0 0
370 T 1792 858 3043 0 0
370 T 3045 908 526 0 0
370 T 908 860 868 0 0
370 T 1192 351 3043 0 0
370 T 1455 858 351 0 0
370 T 3112 350 1194 0 0
370 T 350 864 1525 0 0
370 T 2072 504 3134 0 0
370 T 3136 452 731 0 0
370 T 728 455 3194 0 0
370 T 3196 499 1987 0 0
370 T 2228 1120 408 0 0
370 T 1120 1273 1126 0 0
370 T 408 1123 2294 0 0
370 T 1133 1266 1123 0 0
370 T 2613 477 2902 0 0
370 T 2904 467 2994 0 0
370 T 2996 497 2611 0 0
370 T 497 469 477 0 0
370 T 2608 490 3062 0 0
370 T 2841 470 2606 0 0
370 T 3064 468 2839 0 0
370 T 470 466 490 0 0
370 T 457 2681 3174 0 0
370 T 3176 108 2947 0 0
370 T 2763 106 2681 0 0
370 T 2885 108 3234 0 0
370 T 3236 2674 450 0 0
370 T 2674 106 2833 0 0
370 T 557 1217 3138 0 0
370 T 3140 535 1906 0 0
370 T 2388 537 1217 1 0
370 T 1825 536 3198 0 0
370 T 3200 1210 550 0 0
370 T 1210 534 2450 -1 0
370 T 2536 2468 75 -1 0
370 T 3257 154 3211 0 0
370 T 3012 147 3255 0 0
370 T 3252 152 3078 0 0
370 T 3153 154 3250 0 0
370 T 2661 1752 1694 0 0
370 T 2437 106 2659 0 0
370 T 2656 106 2371 0 0
370 T 1601 1790 2654 0 0
370 T 1700 2897 535 0 0
370 T 2961 1605 536 0 0
370 T 1231 2451 2386 0 0
370 T 296 300 302 1 0
370 T 1664 2835 1079 0 0
370 T 1076 2769 1567 0 0
370 T 253 1140 1490 0 0
370 T 1492 1130 2858 0 0
370 T 2860 1259 251 0 0
370 T 248 1264 2922 0 0
370 T 1425 1135 246 0 0
370 T 2924 1129 1423 0 0
370 T 1045 695 2998 0 0
370 T 2772 2046 1043 0 0
370 T 2046 203 695 0 0
370 T 1040 2132 2703 0 0
370 T 3068 692 1038 0 0
370 T 692 208 2132 0 0
370 T 1025 2763 1898 0 0
370 T 1017 1154 1023 0 0
370 T 1900 428 1015 0 0
370 T 1020 1153 1010 0 0
370 T 1012 423 1815 0 0
370 T 1817 2833 1018 0 0
370 T 1476 2928 987 0 0
370 T 988 2862 1407 0 0
370 T 2732 292 3583 0 0
370 T 3585 822 595 0 0
370 T 818 3468 601 0 0
370 T 3468 286 2799 0 0
370 T 1217 1233 1211 0 0
370 T 357 1122 3442 0 0
370 T 3444 2297 363 0 0
370 T 360 2227 3558 0 0
370 T 3560 1121 354 0 0
370 T 649 260 1774 0 0
370 T 725 3605 647 0 0
370 T 3605 2713 260 0 0
370 T 257 644 1737 0 0
370 T 2781 3489 255 0 0
370 T 3489 720 644 0 0
370 T 753 73 755 0 0
370 T 837 931 839 0 0
370 T 330 2922 3146 0 0
370 T 365 1425 332 0 0
370 T 332 1490 358 0 0
370 T 3208 2860 330 0 0
370 T 2068 2679 1898 0 0
370 T 1817 2676 1983 0 0
370 T 2760 316 3619 0 0
370 T 3621 970 439 0 0
370 T 970 314 2141 0 0
370 T 975 3505 440 0 0
370 T 2055 321 977 0 0
370 T 3505 319 2826 0 0
370 T 557 1748 647 0 0
370 T 649 1694 3138 0 0
370 T 644 1786 550 0 0
370 T 3200 1601 642 0 0
370 T 1160 1801 430 0 0
370 T 1152 1246 1158 0 0
370 T 1801 1248 2882 0 0
370 T 436 1758 1162 0 0
370 T 1164 1244 1154 0 0
370 T 2949 1242 1758 0 0
370 T 1053 1174 1043 0 0
370 T 2772 523 1051 0 0
370 T 523 2046 1174 0 0
370 T 1048 523 2703 0 0
370 T 1040 1173 1046 0 0
370 T 1173 2132 523 0 0
370 T 3148 6 3563 0 0
370 T 3565 2172 355 0 0
370 T 356 2167 3447 0 0
370 T 3449 6 3206 0 0
370 T 114 117 113 -1 0
370 T 2653 3169 116 0 0
370 T 3169 1 3226 -1 0
370 T 3228 2649 117 0 0
370 T 1748 1239 2510 0 0
370 T 2512 1192 116 0 0
370 T 116 1195 2578 0 0
370 T 2580 1236 1786 0 0
370 T 126 3326 3022 0 0
370 T 2573 3161 128 0 0
370 T 3161 217 3326 0 0
370 T 128 3219 2503 0 0
370 T 3092 3333 126 0 0
370 T 3333 218 3219 0 0
370 T 210 2883 3355 0 0
370 T 3357 108 3494 0 0
370 T 3496 3236 212 0 0
370 T 212 3174 3610 0 0
370 T 3352 2949 210 0 0
370 T 3612 108 3350 0 0
370 T 1125 3033 1354 0 0
370 T 1117 1290 1123 0 0
370 T 1356 270 1115 0 0
370 T 1120 1289 1114 0 0
370 T 1357 3099 1118 0 0
370 T 725 860 731 0 0
370 T 3136 1539 723 0 0
370 T 860 1541 450 0 0
370 T 728 863 718 0 0
370 T 720 1472 3194 0 0
370 T 457 1470 863 0 0
370 T 189 2443 771 0 0
370 T 773 2898 179 0 0
370 T 217 2900 2443 0 0
370 T 176 2964 766 0 0
370 T 768 2381 182 0 0
370 T 2381 2962 218 0 0
370 T 618 621 617 -1 0
370 T 1249 3513 620 0 0
370 T 3513 2 3626 0 0
370 T 3628 1245 621 0 0
370 T 3028 1395 815 0 0
370 T 1395 272 804 0 0
370 T 812 1396 3094 0 0
370 T 221 688 1758 0 0
370 T 2949 3507 219 0 0
370 T 3507 1242 688 0 0
370 T 216 3625 2883 0 0
370 T 1800 683 214 0 0
370 T 683 1249 3625 0 0
370 T 2161 10 2994 0 0
370 T 2904 1386 2159 0 0
370 T 1386 467 10 0 0
370 T 2156 1389 2839 0 0
370 T 3064 10 2154 0 0
370 T 209 2191 3498 0 0
370 T 3500 2460 199 0 0
370 T 225 2458 2191 0 0
370 T 200 2394 3614 0 0
370 T 3616 2191 202 0 0
370 T 2191 2396 225 0 0
370 T 741 1120 2270 0 0
370 T 2272 1355 655 0 0
370 T 652 1356 2203 0 0
370 T 2205 1123 734 0 0
370 T 557 540 548 0 0
370 T 546 3546 647 0 0
370 T 1746 3548 540 0 0
370 T 548 543 550 0 0
370 T 644 3432 546 0 0
370 T 543 3430 1788 0 0
370 T 210 214 207 0 0
370 T 209 3625 3355 0 0
370 T 204 221 210 0 0
370 T 3352 3507 202 0 0
370 T 881 142 2382 0 0
370 T 2384 1392 871 0 0
370 T 884 1390 142 0 0
370 T 868 1391 2446 0 0
370 T 2448 145 874 0 0
370 T 1604 1149 3024 0 0
370 T 3090 1142 1699 0 0
370 T 2512 148 3607 0 0
370 T 3609 3041 116 0 0
370 T 3041 146 1190 0 0
370 T 116 3107 3491 0 0
370 T 3493 151 2578 0 0
370 T 1197 153 3107 0 0
370 T 397 3521 1918 0 0
370 T 439 847 3521 0 0
370 T 1837 3635 390 0 0
370 T 3635 844 440 0 0
370 T 817 3165 284 0 0
370 T 3165 2146 286 0 0
370 T 284 3223 810 0 0
370 T 293 2064 3223 0 0
370 T 1764 1286 2890 0 0
370 T 2956 1293 1802 0 0
370 T 565 1222 1910 0 0
370 T 1912 1828 513 1 0
370 T 1828 1228 559 0 0
370 T 1232 1226 1222 0 0
370 T 657 2307 3134 0 0
370 T 281 504 2307 0 0
370 T 3196 2241 650 0 0
370 T 2241 499 274 0 0
370 T 169 2588 2866 0 0
370 T 3309 3532 167 0 0
370 T 2868 150 3307 0 0
370 T 3532 152 2588 0 0
370 T 149 3648 2518 0 0
370 T 2520 172 2932 0 0
370 T 2930 3310 147 0 0
370 T 3310 170 3648 0 0
370 T 342 1999 395 0 0
370 T 405 2408 344 0 0
370 T 397 476 403 0 0
370 T 2408 474 1999 0 0
370 T 344 2342 398 0 0
370 T 400 471 390 0 0
370 T 392 2084 342 0 0
370 T 2084 473 2342 0 0
370 T 1033 353 3426 0 0
370 T 3428 865 2066 0 0
370 T 1985 858 3542 0 0
370 T 3544 353 1026 0 0
370 T 3213 1148 1490 0 0
370 T 1425 1143 3151 0 0
370 T 733 2674 3130 0 0
370 T 3132 160 2266 0 0
370 T 2727 158 2674 0 0
370 T 726 3190 2679 0 0
370 T 2681 165 2797 0 0
370 T 2201 163 3190 0 0
370 T 173 1287 3087 0 0
370 T 3089 2893 787 0 0
370 T 784 2955 3019 0 0
370 T 3021 1292 166 0 0
370 T 946 726 2066 0 0
370 T 3428 720 948 0 0
370 T 948 723 3542 0 0
370 T 1985 733 946 0 0
370 T 264 258 254 0 0
370 T 256 3674 2410 0 0
370 T 2349 3717 258 0 0
370 T 3717 1 3674 -1 -1
370 T 957 2309 2842 0 0
370 T 2908 2239 950 0 0
370 T 293 3617 2754 0 0
370 T 681 2395 291 0 0
370 T 2756 199 679 0 0
370 T 288 2461 674 0 0
370 T 676 200 2822 0 0
370 T 2824 3499 286 0 0
370 T 582 1427 163 0 0
370 T 1427 2495 2681 0 0
370 T 160 1496 582 0 0
370 T 2674 2565 1496 0 0
370 T 2356 2697 163 0 0
370 T 2697 2288 1429 0 0
370 T 160 2697 2418 0 0
370 T 1494 2218 2697 0 0
370 T 3056 908 2188 0 0
370 T 2189 910 3123 0 0
370 T 908 912 914 1 0
370 T 2744 487 3711 0 0
370 T 3713 630 839 0 0
370 T 630 489 1532 0 0
370 T 836 630 3671 0 0
370 T 3673 484 2810 0 0
370 T 1463 482 630 0 0
370 T 1447 810 2900 0 0
370 T 2962 817 1516 0 0
370 T 8 2170 2358 0 0
370 T 2565 3481 9 0 0
370 T 3481 842 2170 0 0
370 T 9 3595 2495 0 0
370 T 2424 2169 8 0 0
370 T 2169 849 3595 0 0
370 T 749 3485 2270 0 0
370 T 820 1120 3485 0 0
370 T 2205 3599 742 0 0
370 T 3599 1123 823 0 0
370 T 3713 3672 69 -1 0
370 T 627 631 632 0 0
370 T 840 1325 3714 0 0
370 T 3676 1325 835 0 0
370 T 381 489 371 0 0
370 T 369 483 375 0 0
370 T 1904 123 723 0 0
370 T 3136 985 1902 0 0
370 T 123 983 1541 0 0
370 T 720 123 1819 0 0
370 T 1821 985 3194 0 0
370 T 1470 983 123 0 0
370 T 887 891 895 0 0
370 T 1465 1533 3386 -1 0
370 T 2969 606 3059 0 0
370 T 3061 605 2990 0 0
370 T 2992 607 2967 0 0
370 T 607 603 606 0 0
370 T 709 845 699 0 0
370 T 701 439 1326 0 0
370 T 1328 3636 707 0 0
370 T 704 3518 1327 0 0
370 T 700 846 702 0 0
370 T 2092 2104 2086 0 0
370 T 2088 602 2002 0 0
370 T 2008 111 2090 0 0
370 T 2004 2019 2006 0 0
370 T 2122 2076 2080 0 0
370 T 1994 1990 2041 0 0
370 T 357 1114 1334 0 0
370 T 1336 1291 3442 0 0
370 T 3560 1288 1335 0 0
370 T 3008 156 3703 0 0
370 T 3705 1145 363 0 0
370 T 360 1146 3663 0 0
370 T 3665 156 3074 0 0
370 T 1257 1708 620 0 0
370 T 1249 1259 1255 0 0
370 T 1708 1261 3511 0 0
370 T 620 1610 1250 0 0
370 T 1252 1264 1242 0 0
370 T 3629 1262 1610 0 0
370 T 668 2964 3163 0 0
370 T 3225 2898 671 0 0
370 T 330 3151 3703 0 0
370 T 3008 3252 332 0 0
370 T 332 3255 3074 0 0
370 T 3665 3213 330 0 0
370 T 657 2644 2074 0 0
370 T 2076 1363 563 0 0
370 T 1363 2642 3105 0 0
370 T 560 1364 1991 0 0
370 T 1993 2644 650 0 0
370 T 3035 2642 1364 0 0
370 T 581 2145 1350 0 0
370 T 1352 2980 2559 0 0
370 T 442 2978 2145 0 0
370 T 1353 2059 574 0 0
370 T 2493 2983 1351 0 0
370 T 2059 2985 449 0 0
370 T 1904 3680 647 0 0
370 T 3680 123 3603 0 0
370 T 644 3718 1819 0 0
370 T 3489 123 3718 0 0
370 T 649 2577 1642 0 0
370 T 1644 3284 1774 0 0
370 T 258 3282 2577 0 0
370 T 257 2509 3279 0 0
370 T 3281 1549 1737 0 0
370 T 642 1547 2509 0 0
370 T 1053 1180 1047 0 0
370 T 477 1807 687 0 0
370 T 689 3534 467 0 0
370 T 497 3536 1807 0 0
370 T 468 3652 682 0 0
370 T 684 1769 470 0 0
370 T 1769 3650 490 0 0
370 T 749 3334 2846 0 0
370 T 2848 128 2270 0 0
370 T 3483 126 3334 0 0
370 T 2205 128 2910 0 0
370 T 2912 3334 742 0 0
370 T 3334 126 3601 0 0
370 T 3313 1768 1678 0 0
370 T 1680 964 2931 0 0
370 T 146 962 1768 0 0
370 T 1585 1806 3306 0 0
370 T 2869 967 1583 0 0
370 T 1806 969 153 0 0
370 T 2124 2185 2039 0 0
370 T 2135 2183 2052 0 0
370 T 3328 1602 2118 0 0
370 T 2036 1701 3331 0 0
370 T 1045 3119 955 0 0
370 T 1035 1039 1043 0 0
370 T 1039 951 3050 0 0
370 T 194 197 193 -1 0
370 T 1097 3465 196 0 0
370 T 3465 112 3578 0 0
370 T 3580 1093 197 0 0
370 T 3089 2689 779 0 0
370 T 879 2687 2891 0 0
370 T 776 2682 3019 0 0
370 T 2957 2684 876 0 0
370 T 1928 2647 2346 0 0
370 T 2413 2653 1842 0 0
370 T 2561 3687 163 0 0
370 T 3687 450 2695 0 0
370 T 160 3729 2491 0 0
370 T 2695 457 3729 0 0
370 T 1928 3157 232 0 0
370 T 3157 2647 1074 0 0
370 T 232 3215 1843 0 0
370 T 1081 2652 3215 0 0
370 T 261 3679 3275 0 0
370 T 3277 122 2710 0 0
370 T 3270 2778 124 0 0
370 T 3719 256 3272 0 0
370 T 2637 172 2002 0 0
370 T 2641 2692 2635 0 0
370 T 2088 166 2639 0 0
370 T 2157 2788 2599 0 0
370 T 2601 246 3187 0 0
370 T 3189 1634 2155 0 0
370 T 3065 1561 2599 0 0
370 T 2602 3127 251 0 0
370 T 2720 2160 2604 0 0
370 T 3127 2158 1730 0 0
370 T 1656 2997 2604 0 0
370 T 1113 323 3707 0 0
370 T 3709 308 2010 0 0
370 T 314 306 323 0 0
370 T 2096 311 3667 0 0
370 T 3669 328 1106 0 0
370 T 328 313 321 0 0
370 T 3333 530 3026 0 0
370 T 2305 1757 3331 0 0
370 T 1757 328 530 0 0
370 T 3328 1795 2235 0 0
370 T 3096 529 3326 0 0
370 T 529 323 1795 0 0
370 T 1133 1868 3599 0 0
370 T 1268 825 1868 0 0
370 T 3485 1950 1126 0 0
370 T 1950 818 1271 0 0
370 T 2609 2691 2611 0 0
370 T 2613 169 2990 0 0
370 T 3061 171 2607 0 0
370 T 481 487 483 0 0
370 T 1097 1194 1103 0 0
370 T 1936 3108 1095 0 0
370 T 1100 1193 1090 0 0
370 T 1092 3038 1851 0 0
370 T 2689 2836 2382 0 0
370 T 2448 2766 2682 0 0
370 T 1025 545 3654 0 0
370 T 3656 1482 1031 0 0
370 T 1482 543 1236 0 0
370 T 1028 1417 3694 0 0
370 T 3696 538 1018 0 0
370 T 1239 540 1417 0 0
370 T 946 3190 1898 0 0
370 T 1817 3132 946 0 0
370 T 529 3725 1600 0 0
370 T 867 2657 3725 0 0
370 T 873 3684 2661 0 0
370 T 531 1696 3684 0 0
370 T 2625 2643 2615 0 0
370 T 2617 1363 243 0 0
370 T 2616 2643 2618 0 0
370 T 1741 1188 3459 0 0
370 T 3461 1097 230 0 0
370 T 231 1091 3574 0 0
370 T 3576 1182 1779 0 0
370 T 2369 1868 3334 0 0
370 T 3334 1950 2431 0 0
370 T 3313 3651 599 0 0
370 T 596 3537 3306 0 0
370 T 429 3693 1782 0 0
370 T 872 3691 454 0 0
370 T 1745 3731 422 0 0
370 T 453 3733 867 0 0
370 T 2380 3852 464 0 0
370 T 3785 2445 465 0 0
370 T 3852 121 3783 0 0
370 T 637 1270 3803 0 0
370 T 705 1537 635 0 0
370 T 637 1953 1546 0 0
370 T 638 1643 1869 0 0
370 T 1269 3737 640 0 0
370 T 1468 708 640 0 0
370 T 2840 235 2902 0 0
370 T 184 3016 42 0 0
370 T 3084 189 41 0 0
370 T 2305 2194 3219 0 0
370 T 220 2196 1755 0 0
370 T 3161 2194 2235 0 0
370 T 1797 2196 215 0 0
370 T 681 1392 3682 0 0
370 T 2661 2382 679 0 0
370 T 676 2448 2654 0 0
370 T 3724 1391 674 0 0
370 T 2653 2689 2659 0 0
370 T 2437 3114 2651 0 0
370 T 2689 3116 108 0 0
370 T 2656 2682 2646 0 0
370 T 2648 3048 2371 0 0
370 T 108 3046 2682 0 0
370 T 829 137 2805 0 0
370 T 2803 3457 256 0 0
370 T 3457 135 2546 0 0
370 T 130 3573 2480 0 0
370 T 830 2737 132 0 0
370 T 2737 261 3573 0 0
370 T 2605 2630 2611 0 0
370 T 2630 1655 495 0 0
370 T 2608 2629 2598 0 0
370 T 492 1560 2629 0 0
370 T 1664 680 3215 0 0
370 T 2650 678 2837 0 0
370 T 3157 675 1567 0 0
370 T 2767 677 2649 0 0
370 T 1900 1816 945 1 0
370 T 817 3173 3331 0 0
370 T 347 1701 3173 0 0
370 T 1604 349 3231 0 0
370 T 3233 812 3328 0 0
370 T 3432 2578 1482 0 0
370 T 1417 2512 3546 0 0
370 T 2499 2174 2228 0 0
370 T 3559 1418 2501 0 0
370 T 2174 1420 361 0 0
370 T 2294 2174 2569 0 0
370 T 2567 1489 3445 0 0
370 T 362 1487 2174 0 0
370 T 3273 981 2783 1 0
370 T 1597 979 3718 0 0
370 T 978 1692 3680 1 0
370 T 3274 2715 980 0 0
370 T 3305 3847 163 0 0
370 T 2561 210 3303 0 0
370 T 3847 212 3689 0 0
370 T 160 3781 3298 0 0
370 T 3300 210 2491 0 0
370 T 3727 212 3781 0 0
370 T 705 1528 935 0 0
370 T 937 2587 1326 0 0
370 T 3521 2589 1528 0 0
370 T 939 1326 2518 0 0
370 T 1460 709 941 0 0
370 T 2520 3636 1458 0 0
370 T 3171 530 1397 0 0
370 T 1394 529 3233 0 0
370 T 665 1868 2846 0 0
370 T 2912 1950 658 0 0
370 T 1472 913 3692 0 0
370 T 3730 906 1539 0 0
370 T 1212 3114 3167 0 0
370 T 3229 3048 1215 0 0
370 T 2507 68 2576 -1 0
370 T 796 3108 3463 0 0
370 T 3581 3038 799 0 0
370 T 2805 24 3466 0 0
370 T 3468 3838 135 0 0
370 T 132 3772 3582 0 0
370 T 3584 26 2735 0 0
370 T 365 2498 3815 0 0
370 T 3817 3397 371 0 0
370 T 3397 2500 413 0 0
370 T 368 3390 3747 0 0
370 T 3749 2568 358 0 0
370 T 414 2566 3390 0 0
370 T 334 3278 3837 0 0
370 T 341 1717 2474 0 0
370 T 3285 3767 339 0 0
370 T 2476 832 3283 0 0
370 T 829 2544 3280 0 0
370 T 1621 336 2544 0 0
370 T 133 898 2107 0 0
370 T 597 1712 131 0 0
370 T 2109 3795 595 0 0
370 T 1614 136 600 0 0
370 T 903 136 2025 0 0
370 T 2023 598 3863 0 0
370 T 3577 1450 2478 0 0
370 T 891 1452 1185 0 0
370 T 2548 1521 3459 0 0
370 T 1186 1519 896 0 0
370 T 1105 1811 3707 0 0
370 T 3669 1773 1098 0 0
370 T 1924 2745 3283 0 0
370 T 2476 239 1922 0 0
370 T 3280 2811 1839 0 0
370 T 1841 239 2542 0 0
370 T 2805 2815 2799 0 0
370 T 3455 1559 2799 0 0
370 T 2825 2827 2819 0 0
370 T 1634 2829 3500 0 0
370 T 2825 3502 1594 0 0
370 T 2733 2749 2735 0 0
370 T 2733 1656 3573 0 0
370 T 2753 2761 2755 0 0
370 T 3614 2759 1732 0 0
370 T 1693 3620 2755 0 0
370 T 2088 3306 2210 0 0
370 T 2212 3533 2639 0 0
370 T 2636 3647 2278 0 0
370 T 2280 3313 2003 0 0
370 T 0 3539 3422 0 0
370 T 3424 1028 2152 0 0
370 T 2153 1030 3539 0 0
370 T 1028 1032 1034 1 0
370 T 3609 886 3490 0 0
370 T 1006 1010 1003 0 0
370 T 1001 1016 1007 0 0
370 T 1692 3971 679 0 0
370 T 3971 3621 201 0 0
370 T 198 3503 3989 0 0
370 T 3987 1597 676 0 0
370 T 597 1373 2103 0 0
370 T 2087 3822 595 0 0
370 T 3822 2091 1373 0 0
370 T 2129 3794 1370 0 0
370 T 2102 2106 2127 0 0
370 T 2122 1363 3860 0 0
370 T 3858 565 2080 0 0
370 T 599 2018 1373 0 0
370 T 1371 2009 3757 0 0
370 T 3755 2003 601 0 0
370 T 1373 3864 2043 0 0
370 T 2045 2024 2020 0 0
370 T 1995 558 3792 0 0
370 T 3790 1364 2040 0 0
370 T 330 3258 3563 0 0
370 T 2924 6 3258 0 0
370 T 3449 3265 330 0 0
370 T 3265 6 2858 0 0
370 T 1169 17 1370 0 0
370 T 3814 1487 2228 0 0
370 T 2294 1420 3748 0 0
370 T 2630 3570 2289 0 0
370 T 2218 3457 2628 0 0
370 T 2244 937 1544 0 0
370 T 3857 1528 2242 0 0
370 T 1639 938 2310 0 0
370 T 2312 1459 3787 0 0
370 T 376 3709 3751 0 0
370 T 3753 1103 334 0 0
370 T 340 1101 3818 0 0
370 T 3820 3666 378 0 0
370 T 3480 2667 2226 0 0
370 T 1881 2669 845 0 0
370 T 2296 2672 3594 0 0
370 T 846 2670 1963 0 0
370 T 133 3630 2498 0 0
370 T 2113 972 131 0 0
370 T 2500 3408 2111 0 0
370 T 972 3406 3630 0 0
370 T 975 3514 3411 0 0
370 T 3413 2568 2029 0 0
370 T 2027 134 977 0 0
370 T 134 2566 3514 0 0
370 T 1352 2147 3762 0 0
370 T 3764 204 2559 0 0
370 T 2978 202 2147 0 0
370 T 2493 207 3830 0 0
370 T 3832 2065 1351 0 0
370 T 2065 209 2985 0 0
370 T 3764 221 3303 0 0
370 T 3300 214 3830 0 0
370 T 2977 3234 2563 0 0
370 T 1496 452 2975 0 0
370 T 2972 455 1427 0 0
370 T 2497 3176 2970 0 0
370 T 1432 211 2971 0 0
370 T 2496 3613 1430 0 0
370 T 2976 211 1499 0 0
370 T 1501 3495 2562 0 0
370 T 1572 462 183 0 0
370 T 465 1668 189 0 0
370 T 3325 1795 3219 0 0
370 T 2305 217 3323 0 0
370 T 3320 218 2235 0 0
370 T 3161 1757 3318 0 0
370 T 397 2589 3883 0 0
370 T 3885 1526 1918 0 0
370 T 3880 2519 390 0 0
370 T 1837 1461 3878 0 0
370 T 2689 3409 2951 0 0
370 T 2953 2517 108 0 0
370 T 2517 3407 3114 0 0
370 T 108 2583 2887 0 0
370 T 2889 3410 2682 0 0
370 T 3048 3412 2583 0 0
370 T 405 3385 2274 0 0
370 T 2276 1841 344 0 0
370 T 1841 3383 2406 0 0
370 T 344 1922 2207 0 0
370 T 2209 3385 398 0 0
370 T 2344 3383 1922 0 0
370 T 441 1403 199 0 0
370 T 1403 976 3988 0 0
370 T 3970 971 1404 0 0
370 T 3349 1977 207 0 0
370 T 2133 1723 3347 0 0
370 T 1977 1725 693 0 0
370 T 204 1891 3342 0 0
370 T 3344 1629 2047 0 0
370 T 694 1627 1891 0 0
370 T 3373 2325 1247 0 0
370 T 3625 1975 3371 0 0
370 T 2325 1977 683 0 0
370 T 1244 2255 3366 0 0
370 T 3368 1893 3507 0 0
370 T 688 1891 2255 0 0
370 T 2220 3689 2975 0 0
370 T 2972 3727 2286 0 0
370 T 1432 3778 2287 0 0
370 T 1499 2219 3846 0 0
370 T 269 3290 2279 0 0
370 T 2637 2085 267 0 0
370 T 2085 3646 3290 0 0
370 T 267 1998 2638 0 0
370 T 2213 3289 269 0 0
370 T 3289 3532 1998 0 0
370 T 1528 3527 2246 0 0
370 T 2593 3868 1526 0 0
370 T 3868 15 3527 0 0
370 T 1461 3798 2523 0 0
370 T 2316 3645 1459 0 0
370 T 3645 15 3798 1 0
370 T 266 3978 2342 0 0
370 T 2636 473 3978 0 0
370 T 2408 3964 266 0 0
370 T 3964 474 2639 0 0
370 T 797 889 799 0 0
370 T 2101 3903 2014 0 0
370 T 264 269 266 0 0
370 T 3981 234 3962 0 0
370 T 2329 125 911 0 0
370 T 3692 983 2327 0 0
370 T 908 125 2259 0 0
370 T 2261 983 3730 0 0
370 T 3917 4048 128 0 0
370 T 2573 328 3915 0 0
370 T 4048 326 3159 0 0
370 T 128 4014 3910 0 0
370 T 3912 323 2503 0 0
370 T 3221 325 4014 0 0
370 T 641 1278 4027 0 0
370 T 4029 1881 707 0 0
370 T 704 1963 3995 0 0
370 T 3997 1285 634 0 0
370 T 397 3531 4039 0 0
370 T 4041 153 3883 0 0
370 T 3880 146 4007 0 0
370 T 4009 3649 390 0 0
370 T 4029 2669 699 0 0
370 T 700 2670 3995 0 0
370 T 3325 527 4014 0 0
370 T 4048 532 3318 0 0
370 T 1996 3761 2915 0 0
370 T 2917 1671 515 0 0
370 T 2851 518 1574 0 0
370 T 3829 2081 2853 0 0
370 T 775 3895 2242 0 0
370 T 1576 1528 3895 0 0
370 T 2312 3900 780 0 0
370 T 3900 1459 1671 0 0
370 T 2760 3991 203 0 0
370 T 3991 1731 2192 0 0
370 T 2193 1636 3976 0 0
370 T 3974 2829 209 0 0
370 T 342 3286 4039 0 0
370 T 4009 3293 342 0 0
370 T 245 1384 3247 0 0
370 T 3249 1874 3010 0 0
370 T 3080 1960 3246 0 0
370 T 3245 2261 2188 0 0
370 T 2188 2327 3183 0 0
370 T 1961 967 2583 0 0
370 T 2516 965 1874 0 0
370 T 757 3891 2538 0 0
370 T 2540 2324 663 0 0
370 T 2324 3893 2793 0 0
370 T 660 2254 2471 0 0
370 T 2473 3888 750 0 0
370 T 2723 3886 2254 0 0
370 T 1257 1302 1251 0 0
370 T 2904 3341 2770 0 0
370 T 199 3339 1388 0 0
370 T 2705 3338 2839 0 0
370 T 165 4022 3891 0 0
370 T 1258 2322 4022 0 0
370 T 3888 4056 158 0 0
370 T 4056 2256 1265 0 0
370 T 381 2061 4035 0 0
370 T 4037 2985 387 0 0
370 T 384 2978 4003 0 0
370 T 4005 2143 374 0 0
370 T 2689 3633 2311 0 0
370 T 2313 971 2951 0 0
370 T 2245 3515 2682 0 0
370 T 2889 976 2243 0 0
370 T 2208 237 2274 0 0
370 T 641 1722 1330 0 0
370 T 1332 2698 4027 0 0
370 T 1280 2700 1722 0 0
370 T 1333 1628 634 0 0
370 T 3997 2698 1331 0 0
370 T 1628 2700 1283 0 0
370 T 3365 1808 2583 0 0
370 T 1961 151 3363 0 0
370 T 3360 148 1875 0 0
370 T 2517 1766 3358 0 0
370 T 1045 7 2530 0 0
370 T 2532 3183 955 0 0
370 T 952 3245 2463 0 0
370 T 2465 7 1038 0 0
370 T 3297 803 1350 0 0
370 T 3833 2305 3295 0 0
370 T 2236 3764 3297 0 0
370 T 1332 2665 699 0 0
370 T 2665 2698 2667 0 0
370 T 2672 2698 2662 0 0
370 T 2212 3535 3823 0 0
370 T 3825 468 3966 0 0
370 T 3968 686 2210 0 0
370 T 2280 685 3982 0 0
370 T 3757 3653 2278 0 0
370 T 3984 467 3755 0 0
370 T 389 207 1914 0 0
370 T 1916 3976 519 0 0
370 T 516 3990 1831 0 0
370 T 1833 204 382 0 0
370 T 511 3203 3142 0 0
370 T 3144 313 555 0 0
370 T 553 307 3203 0 0
370 T 313 309 305 -1 0
370 T 941 307 1474 0 0
370 T 1005 4043 939 0 0
370 T 4043 2502 307 0 0
370 T 936 4013 998 0 0
370 T 1409 312 934 0 0
370 T 312 2572 4013 0 0
370 T 1488 134 3438 0 0
370 T 1484 1509 1486 0 0
370 T 3440 2246 1482 0 0
370 T 1484 153 3434 0 0
370 T 3436 2225 1486 0 0
370 T 8 3475 1498 0 0
370 T 1500 1518 1502 0 0
370 T 2225 1520 3475 0 0
370 T 1500 3473 28 0 0
370 T 134 3471 1520 0 0
370 T 1417 1440 1419 0 0
370 T 1421 2291 3550 0 0
370 T 3552 146 1415 0 0
370 T 1417 2316 3554 0 0
370 T 3556 133 1419 0 0
370 T 1433 1451 1435 0 0
370 T 31 3587 1431 0 0
370 T 3587 131 1451 0 0
370 T 1433 3593 8 0 0
370 T 3593 1451 2291 0 0
370 T 373 3376 1646 0 0
370 T 1648 1552 513 -1 0
370 T 3387 3380 3376 0 0
370 T 1552 3378 367 0 0
370 T 3297 3319 3303 0 0
370 T 3300 3324 3294 0 0
370 T 545 306 1478 0 0
370 T 1480 3204 548 0 0
370 T 548 3142 1411 0 0
370 T 1413 313 538 0 0
370 T 3277 3273 3269 -1 0
370 T 2028 3401 415 0 0
370 T 3401 3410 3391 0 0
370 T 412 3402 2110 0 0
370 T 3396 3409 3402 0 0
370 T 3349 3373 3355 0 0
370 T 3352 3366 3342 0 0
370 T 3817 3368 1646 0 0
370 T 3374 3366 3395 0 0
370 T 1553 3371 3747 0 0
370 T 3392 3373 3381 0 0
370 T 3373 4025 1255 0 0
370 T 1252 4055 3366 0 0
370 T 3357 4053 1870 0 0
370 T 1872 3932 3494 0 0
370 T 106 3930 4053 0 0
370 T 1956 4019 3350 0 0
370 T 3612 3932 1954 0 0
370 T 4019 3930 106 0 0
370 T 2163 3754 3823 0 0
370 T 2092 2008 2165 0 0
370 T 3861 2184 3790 0 0
370 T 2716 2785 3269 1 0
370 T 165 1721 2486 0 0
370 T 2488 3391 3891 0 0
370 T 4024 3393 1721 0 0
370 T 3888 3396 2554 0 0
370 T 2556 1623 158 0 0
370 T 1623 3394 4054 0 0
370 T 641 482 1478 0 0
370 T 1480 376 3738 0 0
370 T 3740 366 639 0 0
370 T 636 373 3806 0 0
370 T 1413 489 634 0 0
370 T 3808 379 1411 0 0
370 T 111 3843 3774 0 0
370 T 3776 3420 671 0 0
370 T 669 3421 3843 0 0
370 T 3420 3419 3414 -1 0
370 T 3941 2138 2951 0 0
370 T 2313 315 3939 0 0
370 T 3936 320 2243 0 0
370 T 2889 2056 3934 0 0
370 T 2212 669 1926 0 0
370 T 1844 671 2279 0 0
370 T 2472 1 2538 0 -1
370 T 1053 2126 2530 0 0
370 T 2465 2044 1046 0 0
370 T 3293 3415 3287 0 0
370 T 2417 3181 3827 0 0
370 T 1619 3179 348 0 0
370 T 2351 3759 3241 0 0
370 T 3239 1715 348 0 0
370 T 3629 2924 3453 0 0
370 T 3567 2858 3511 0 0
370 T 153 3525 1526 0 0
370 T 22 3868 3525 0 0
370 T 1461 3639 146 0 0
370 T 3639 3798 20 0 0
370 T 522 3342 4163 0 0
370 T 4165 1629 1175 0 0
370 T 1172 1723 4139 0 0
370 T 4141 3349 522 0 0
370 T 3265 3261 3269 1 0
370 T 1336 4104 1486 0 0
370 T 1293 2568 4104 0 0
370 T 1421 4099 1335 0 0
370 T 4099 2498 1286 0 0
370 T 4165 2701 1167 0 0
370 T 1168 2701 4139 0 0
370 T 522 1954 1374 0 0
370 T 1376 2666 4163 0 0
370 T 3344 2668 1954 0 0
370 T 1377 1872 522 0 0
370 T 4141 2673 1375 0 0
370 T 1872 2671 3347 0 0
370 T 3089 3633 3899 0 0
370 T 3896 3515 3019 0 0
370 T 1542 943 1640 0 0
370 T 4169 119 4142 0 0
370 T 1169 2664 1374 0 0
370 T 3405 78 3399 0 0
370 T 1221 3240 3790 0 0
370 T 3861 3179 1219 0 0
370 T 3179 2184 3240 0 0
370 T 4012 319 3915 0 0
370 T 3912 316 4042 0 0
370 T 3451 3266 3568 0 0
370 T 521 3936 4155 0 0
370 T 4157 2887 395 0 0
370 T 392 2953 4131 0 0
370 T 4133 3939 514 0 0
370 T 1912 4125 2078 0 0
370 T 2852 158 1910 0 0
370 T 158 3826 4125 0 0
370 T 1829 165 2914 0 0
370 T 1997 4118 1827 0 0
370 T 4118 3760 165 0 0
370 T 3381 1718 1255 0 0
370 T 1252 1624 3374 0 0
370 T 173 4152 3899 0 0
370 T 1289 3633 4152 0 0
370 T 3896 4174 166 0 0
370 T 4174 3515 1290 0 0
370 T 4105 4176 135 0 0
370 T 132 4150 4098 0 0
370 T 373 1626 3875 0 0
370 T 3877 1892 3006 0 0
370 T 3872 1724 366 0 0
370 T 3076 1974 3870 0 0
370 T 2163 3983 3966 0 0
370 T 4041 3525 1918 0 0
370 T 1837 3639 4007 0 0
370 T 4118 3238 1307 0 0
370 T 1312 3180 4125 0 0
370 T 1336 4177 3438 0 0
370 T 3556 4151 1335 0 0
370 T 4037 2063 1914 0 0
370 T 1833 2149 4003 0 0
370 T 3249 3359 3255 0 0
370 T 3252 3364 3246 0 0
370 T 3315 3317 3315 1 0
370 T 1005 3919 1638 0 0
370 T 2311 3921 4045 0 0
370 T 1545 3924 998 0 0
370 T 4011 3922 2245 0 0
370 T 1336 169 3699 0 0
370 T 3701 3895 3438 0 0
370 T 3556 3900 3659 0 0
370 T 3661 170 1335 0 0
370 T 4081 2583 395 0 0
370 T 4157 106 4079 0 0
370 T 392 2517 4074 0 0
370 T 4076 106 4131 0 0
370 T 1552 4092 1418 0 0
370 T 4092 3370 2294 0 0
370 T 4095 2226 3367 0 0
370 T 1647 1487 4097 0 0
370 T 3365 688 4146 0 0
370 T 4148 474 2583 0 0
370 T 2517 473 4170 0 0
370 T 4172 683 3358 0 0
370 T 4051 2671 3371 0 0
370 T 3368 2668 4021 0 0
370 T 2856 311 379 0 0
370 T 3821 2094 2854 0 0
370 T 376 308 2918 0 0
370 T 2920 2012 3751 0 0
370 T 641 4001 548 0 0
370 T 4001 482 3202 0 0
370 T 548 4031 634 0 0
370 T 3144 489 4031 0 0
370 T 545 2920 3738 0 0
370 T 3808 2854 538 0 0
370 T 3821 3812 3808 0 0
370 T 538 3810 2096 0 0
370 T 3738 3742 3751 0 0
370 T 2010 3744 545 0 0
370 T 3592 4189 1420 0 0
370 T 4189 1450 3551 0 0
370 T 1486 4191 3475 0 0
370 T 3436 1520 4191 0 0
370 T 4180 1461 3554 0 0
370 T 1417 3645 4178 0 0
370 T 4184 3526 1483 0 0
370 T 3441 1527 4182 0 0
370 T 3588 45 1431 0 0
370 T 1501 46 3471 0 0
370 T 342 4062 1918 0 0
370 T 3288 3525 4062 0 0
370 T 1837 4060 342 0 0
370 T 4060 3639 3291 0 0
370 T 3526 3957 3645 0 0
370 T 3798 3955 3869 0 0
370 T 238 1718 2250 0 0
370 T 2321 1625 239 0 0
370 T 1552 2880 4187 0 0
370 T 2880 4092 3592 0 0
370 T 4192 2942 1647 0 0
370 T 3474 4095 2942 0 0
370 T 3526 3189 3541 0 0
370 T 3422 3126 3645 0 0
370 T 1432 2878 4219 0 0
370 T 4221 4092 9 0 0
370 T 2942 1501 4209 0 0
370 T 4207 8 4097 0 0
370 T 1872 108 2943 0 0
370 T 2945 4021 3494 0 0
370 T 2881 108 1954 0 0
370 T 3612 4051 2879 0 0
370 T 3701 1574 4183 0 0
370 T 4180 1673 3659 0 0
370 T 801 1857 3908 0 0
370 T 3906 3909 3905 -1 0
370 T 237 1941 1857 0 0
370 T 1941 797 3909 0 0
370 T 657 2616 4211 0 0
370 T 4213 2622 2074 0 0
370 T 2617 652 4201 0 0
370 T 4199 1991 2619 0 0
370 T 3925 3935 3915 0 0
370 T 3912 3940 3918 0 0
370 T 2540 4085 2402 0 0
370 T 399 4083 2322 0 0
370 T 2341 4086 2471 0 0
370 T 2256 4088 404 0 0
370 T 941 4137 987 0 0
370 T 309 2928 4137 0 0
370 T 988 4159 934 0 0
370 T 4159 2862 310 0 0
370 T 3365 1891 4115 0 0
370 T 4117 2257 4146 0 0
370 T 4112 1977 3358 0 0
370 T 4172 2323 4110 0 0
370 T 1940 2251 171 0 0
370 T 169 2320 1854 0 0
370 T 2540 4205 572 0 0
370 T 4205 4085 12 0 0
370 T 572 4215 2471 0 0
370 T 12 4086 4215 0 0
370 T 3480 4018 4095 0 0
370 T 4092 4052 3594 0 0
370 T 3774 2874 3868 0 0
370 T 3799 2941 3845 0 0
370 T 4208 4021 2563 0 0
370 T 4218 2495 4053 0 0
370 T 3926 3918 3922 0 0
370 T 4081 4146 403 0 0
370 T 400 4172 4074 0 0
370 T 3740 3870 1330 0 0
370 T 1333 3877 3806 0 0
370 T 3953 223 1634 0 0
370 T 3976 2396 3951 0 0
370 T 3948 2458 3990 0 0
370 T 1732 223 3946 0 0
370 T 3577 3588 3571 0 0
370 T 3457 3470 3459 0 0
370 T 3607 3548 3552 0 0
370 T 3434 3430 3493 0 0
370 T 3000 3949 3126 0 0
370 T 3188 3950 3066 0 0
370 T 3877 4280 332 0 0
370 T 4280 1892 3250 0 0
370 T 332 4266 3870 0 0
370 T 3257 1974 4266 0 0
370 T 341 1970 1650 0 0
370 T 1652 4236 3819 0 0
370 T 1098 4234 1970 0 0
370 T 1557 1888 334 0 0
370 T 3753 4239 1555 0 0
370 T 1888 4241 1105 0 0
370 T 4301 1932 3742 0 0
370 T 3813 1846 4299 0 0
370 T 3744 2165 3811 0 0
370 T 1846 2163 1932 0 0
370 T 3428 4260 3130 0 0
370 T 1817 4258 718 0 0
370 T 3192 4255 3542 0 0
370 T 725 4257 1898 0 0
370 T 3877 4128 1650 0 0
370 T 1652 1345 332 0 0
370 T 1345 4126 4278 0 0
370 T 332 1342 1555 0 0
370 T 1557 4128 3870 0 0
370 T 4268 4126 1342 0 0
370 T 3249 4111 4266 0 0
370 T 4280 4116 3246 0 0
370 T 1328 4232 987 0 0
370 T 4135 4230 2518 0 0
370 T 2588 4233 4161 0 0
370 T 4081 4115 4087 0 0
370 T 4084 4112 4074 0 0
370 T 3405 4194 2050 0 0
370 T 2137 4195 3399 0 0
370 T 4301 4106 1330 0 0
370 T 1332 4332 3742 0 0
370 T 1930 4330 4106 0 0
370 T 3812 4342 1331 0 0
370 T 4109 4344 1849 0 0
370 T 3249 4107 1342 0 0
370 T 4113 4126 4107 0 0
370 T 4108 4126 4114 0 0
370 T 1033 4352 3130 0 0
370 T 351 4260 4352 0 0
370 T 3192 4338 1026 0 0
370 T 4338 4255 351 0 0
370 T 2904 4277 1051 0 0
370 T 4277 3341 525 0 0
370 T 1048 4287 2839 0 0
370 T 525 3338 4287 0 0
370 T 3874 3818 4345 0 0
370 T 4331 3752 3873 0 0
370 T 1033 4308 2266 0 0
370 T 4350 160 4308 0 0
370 T 2201 4311 1026 0 0
370 T 4311 163 4340 0 0
370 T 681 3952 4283 0 0
370 T 4285 3975 291 0 0
370 T 288 3993 4271 0 0
370 T 4273 3947 674 0 0
370 T 2876 4291 671 0 0
370 T 4291 3866 3418 0 0
370 T 668 4297 2938 0 0
370 T 3418 3800 4297 0 0
370 T 4073 4282 519 0 0
370 T 1916 292 4071 0 0
370 T 516 4272 4066 0 0
370 T 4068 287 1831 0 0
370 T 546 4222 1642 0 0
370 T 3548 2577 4222 0 0
370 T 1549 4229 546 0 0
370 T 4229 2507 3430 0 0
370 T 1652 4113 4415 0 0
370 T 4417 1849 3819 0 0
370 T 4234 1847 4113 0 0
370 T 3753 1930 4387 0 0
370 T 4389 4114 1555 0 0
370 T 4114 1932 4241 0 0
370 T 3113 2262 4347 0 0
370 T 4349 1889 1195 0 0
370 T 1889 2264 353 0 0
370 T 1192 1971 4335 0 0
370 T 4337 2332 3043 0 0
370 T 353 2330 1971 0 0
370 T 2633 4248 1658 0 0
370 T 1660 1564 229 1 0
370 T 1564 4242 2627 0 0
370 T 4250 4244 4248 0 0
370 T 1033 3529 4359 0 0
370 T 4361 3188 2152 0 0
370 T 2152 3126 4355 0 0
370 T 4357 3643 1026 0 0
370 T 4417 4107 3875 0 0
370 T 3872 4108 4387 0 0
370 T 173 1684 1858 0 0
370 T 1945 1586 167 0 0
370 T 2272 4304 4211 0 0
370 T 2614 4302 1357 0 0
370 T 4305 2205 4201 0 0
370 T 4255 4259 4264 1 0
370 T 533 4323 4347 0 0
370 T 913 2262 4323 0 0
370 T 907 4319 2331 0 0
370 T 527 4334 4319 0 0
370 T 3586 2286 4423 0 0
370 T 4425 2633 3577 0 0
370 T 3459 2626 4395 0 0
370 T 4397 2220 3472 0 0
370 T 3656 4183 4359 0 0
370 T 4357 4180 3694 0 0
370 T 1684 4245 3923 0 0
370 T 3921 4247 1586 0 0
370 T 4068 3162 4003 0 0
370 T 4036 3225 4070 0 0
370 T 1097 4346 4239 0 0
370 T 4236 4336 1090 0 0
370 T 46 4395 3847 0 0
370 T 3781 4425 44 0 0
370 T 4224 1866 3999 0 0
370 T 4033 1952 4227 0 0
370 T 1860 69 1943 0 0
370 T 4306 4314 4312 0 0
370 T 1340 9 355 0 0
370 T 3565 2360 1338 0 0
370 T 2425 3448 1340 0 0
370 T 4276 4373 1870 0 0
370 T 1377 4371 3338 0 0
370 T 1956 4370 4286 0 0
370 T 230 2282 1658 0 0
370 T 1660 4365 3575 0 0
370 T 1092 4363 2282 0 0
370 T 230 1563 2214 0 0
370 T 2216 4368 1095 0 0
370 T 3461 4366 1563 0 0
370 T 4189 4453 3547 0 0
370 T 1452 3608 4453 0 0
370 T 3433 4467 4190 0 0
370 T 4467 3490 1519 0 0
370 T 3866 4064 4441 0 0
370 T 4439 3286 22 0 0
370 T 20 3293 4457 0 0
370 T 4455 4058 3800 0 0
370 T 3297 49 1346 0 0
370 T 1348 4458 3303 0 0
370 T 4458 48 3321 0 0
370 T 3300 4444 1347 0 0
370 T 3322 48 4444 0 0
370 T 1348 2231 163 0 0
370 T 2231 4458 3849 0 0
370 T 1347 158 2299 0 0
370 T 2301 3781 4442 0 0
370 T 4452 1178 4467 0 0
370 T 1932 4393 1095 0 0
370 T 2216 107 1930 0 0
370 T 4393 109 4366 0 0
370 T 1092 4419 1847 0 0
370 T 1849 107 2282 0 0
370 T 4365 109 4419 0 0
370 T 3546 1551 4463 0 0
370 T 4465 2881 4450 0 0
370 T 4468 2943 4447 0 0
370 T 4449 1648 3432 0 0
370 T 4457 3414 4438 0 0
370 T 4257 1887 4519 0 0
370 T 4521 2264 4338 0 0
370 T 2333 4525 4353 0 0
370 T 4259 4523 1970 0 0
370 T 2575 4479 4463 0 0
370 T 4222 1551 4479 0 0
370 T 4449 4476 2509 0 0
370 T 4476 1648 4229 0 0
370 T 165 4519 4539 0 0
370 T 4541 2264 4311 0 0
370 T 4308 2330 4535 0 0
370 T 4537 4524 158 0 0
370 T 4348 4116 4391 0 0
370 T 4421 4111 4334 0 0
370 T 2488 2183 2555 0 0
370 T 1684 4496 3915 0 0
370 T 3937 4494 4243 0 0
370 T 3912 4486 1587 0 0
370 T 4248 4488 3938 0 0
370 T 2264 1 2331 0 -1
370 T 4060 4295 4542 0 0
370 T 4544 3420 4455 1 0
370 T 4441 3420 4543 0 0
370 T 4545 4293 4062 0 0
370 T 1684 2233 128 0 0
370 T 2233 4496 4046 0 0
370 T 128 2299 1587 0 0
370 T 4016 4486 2299 0 0
370 T 3320 59 4458 0 0
370 T 4445 61 3322 0 0
370 T 4157 4369 4554 0 0
370 T 4556 4390 4079 0 0
370 T 4076 4420 4562 0 0
370 T 4564 4362 4131 0 0
370 T 4556 4347 4087 0 0
370 T 4084 4337 4562 0 0
370 T 1045 4427 3126 0 0
370 T 697 3949 4427 0 0
370 T 3188 4401 1038 0 0
370 T 4401 3950 690 0 0
370 T 165 1967 1674 0 0
370 T 1676 4587 4539 0 0
370 T 4521 4589 1967 0 0
370 T 1581 1885 158 0 0
370 T 4537 4587 1579 0 0
370 T 1885 4589 4522 0 0
370 T 4552 4322 4215 0 0
370 T 4088 4324 4603 0 0
370 T 4318 4593 4084 0 0
370 T 4318 4561 4204 0 0
370 T 3934 4369 4613 0 0
370 T 4599 4362 3941 0 0
370 T 4476 4480 4470 -1 0
370 T 126 1946 1358 0 0
370 T 1360 1865 127 0 0
370 T 3849 4496 4630 0 0
370 T 4636 4486 3779 0 0
370 T 4499 3446 3563 0 0
370 T 4465 4581 4446 0 0
370 T 4245 4397 4368 0 0
370 T 4247 4364 4424 0 0
370 T 1593 108 1946 0 0
370 T 1865 109 1687 0 0
370 T 4525 4530 4519 0 0
370 T 4599 4422 4487 0 0
370 T 4497 4396 4613 0 0
370 T 1676 1400 171 0 0
370 T 169 1398 1578 0 0
370 T 4037 2899 4491 0 0
370 T 4493 672 4071 0 0
370 T 4068 667 4483 0 0
370 T 4485 2965 4003 0 0
370 T 1884 1 1967 -1 0
370 T 4481 4584 1686 0 0
370 T 1688 1592 69 -1 0
370 T 1592 4585 4475 0 0
370 T 4579 4583 4584 0 0
370 T 4233 1398 4567 0 0
370 T 2360 4402 1350 0 0
370 T 2143 4404 921 0 0
370 T 1353 4432 2422 0 0
370 T 922 4430 2061 0 0
370 T 2464 2024 4382 0 0
370 T 4384 2018 1047 0 0
370 T 2109 2532 4413 0 0
370 T 4411 1051 2103 0 0
370 T 4577 4284 3215 0 0
370 T 1664 3953 4575 0 0
370 T 4572 3946 1567 0 0
370 T 3157 4270 4570 0 0
370 T 4433 4527 4402 0 0
370 T 4073 3217 4638 0 0
370 T 4640 4575 519 0 0
370 T 516 4572 4642 0 0
370 T 4644 3155 4066 0 0
370 T 4625 1360 4303 0 0
370 T 4073 1845 4619 0 0
370 T 4621 230 4638 0 0
370 T 4616 1926 4066 0 0
370 T 4644 230 4614 0 0
370 T 4624 4371 4547 0 0
370 T 2484 4398 4575 0 0
370 T 4572 4428 2550 0 0
370 T 2150 1038 4407 0 0
370 T 4409 4380 0 -1 0
370 T 4380 1044 2151 0 0
370 T 2360 2425 4505 1 0
370 T 4640 4671 2850 0 0
370 T 1575 4673 4577 0 0
370 T 2916 4668 4642 0 0
370 T 4570 4666 1672 0 0
370 T 4493 2280 4619 0 0
370 T 4616 2210 4483 0 0
370 T 4621 4678 2850 0 0
370 T 232 4671 4678 0 0
370 T 2916 4676 4614 0 0
370 T 4676 4668 232 0 0
370 T 4621 4682 1910 0 0
370 T 4680 158 4682 0 0
370 T 1829 4689 4614 0 0
370 T 4689 165 4674 0 0
370 T 4361 4401 4407 0 0
370 T 4381 4427 4355 0 0
370 T 1344 4569 4663 0 0
370 T 4429 4180 4649 0 0
370 T 4647 3696 4381 0 0
370 T 4407 3654 4657 0 0
370 T 4655 4183 4399 0 0
370 T 2551 4667 4660 0 0
370 T 4658 1671 4427 0 0
370 T 4401 1576 4652 0 0
370 T 4650 4672 2485 0 0
370 T 4658 3661 4649 0 0
370 T 4655 3699 4652 0 0
370 T 4647 82 4656 0 0
370 T 4676 4703 2214 0 0
370 T 1565 4705 4666 0 0
370 T 2284 4700 4678 0 0
370 T 4673 4698 1658 0 0
370 T 4658 4708 4653 0 0
370 T 2284 4711 4682 0 0
370 T 4711 4700 160 0 0
370 T 4688 4716 2215 0 0
370 T 162 4702 4716 0 0
370 T 4691 4683 4687 0 0
370 T 4705 4747 1674 0 0
370 T 1969 4749 4717 0 0
370 T 1581 4752 4698 0 0
370 T 4711 4750 1883 0 0
370 T 4689 4744 1930 0 0
370 T 4715 107 4744 0 0
370 T 1849 4739 4682 0 0
370 T 4739 107 4713 0 0
370 T 3563 4663 4720 0 0
370 T 4723 4665 3448 0 0
370 T 4718 227 4725 0 0
370 T 4753 4760 108 0 0
370 T 4760 1884 4738 0 0
370 T 108 4754 4746 0 0
370 T 4745 1966 4754 0 0
370 T 4753 4764 1702 0 0
370 T 1704 1381 108 0 0
370 T 1381 4762 4758 0 0
370 T 108 1378 1607 0 0
370 T 1609 4764 4746 0 0
370 T 4756 4762 1378 0 0
370 T 1340 4729 4663 0 0
370 T 4729 2423 4723 0 0
370 T 4727 4718 2358 0 0
370 T 4700 4704 4706 1 0
370 T 4742 88 4740 0 0
370 T 4749 91 4751 0 0
370 T 4731 4733 4731 1 0
370 T 1608 1 1702 0 -1
370 T 4729 1350 4771 0 0
370 T 4782 4784 4782 -1 0
370 T 4060 2940 4594 0 0
370 T 4596 666 4542 0 0
370 T 4545 673 4606 0 0
370 T 4608 2874 4062 0 0
370 T 4799 4801 4799 1 0
370 T 4817 4815 4817 -1 0
370 T 4822 4824 4822 -1 0
370 U 56 1 1 0 0
370 U 1 1 1 0 0
370 U 1366 2 5 0 0
370 U 111 2 2 0 0
370 U 118 5 5 0 0
370 U 53 3 2 0 0
370 U 19 5 4 0 0
370 U 9 6 7 0 0
370 U 2293 9 6 0 0
370 U 1435 7 9 0 0
370 U 1440 10 6 0 0
370 U 146 9 10 0 0
370 U 133 9 6 0 0
370 U 2316 10 9 0 0
370 U 30 7 6 0 0
370 U 2524 10 8 0 0
370 U 14 11 10 1 0
370 U 20 10 11 0 0
370 U 2222 12 15 0 0
370 U 8 13 12 0 0
370 U 1505 15 13 0 0
370 U 29 13 12 0 0
370 U 136 14 13 0 0
370 U 1508 16 12 0 0
370 U 2247 15 16 0 0
370 U 152 16 15 0 0
370 U 2593 16 14 0 0
370 U 23 17 16 0 0
370 U 15 16 17 0 0
370 U 4546 18 20 0 0
370 U 227 18 18 0 0
370 U 237 20 20 0 0
370 U 67 19 18 0 0
370 U 55 21 20 0 0
370 U 3450 22 27 0 0
370 U 249 29 22 0 0
370 U 1611 27 29 0 0
370 U 2789 30 22 0 0
370 U 1635 29 30 0 0
370 U 1560 31 22 0 0
370 U 11 30 31 0 0
370 U 257 25 22 0 0
370 U 2816 31 25 0 0
370 U 2785 26 22 0 0
370 U 1595 25 26 0 0
370 U 39 26 27 0 0
370 U 2819 24 28 0 0
370 U 320 28 27 0 0
370 U 25 25 24 0 0
370 U 288 30 25 0 0
370 U 34 27 26 0 0
370 U 251 32 39 0 0
370 U 3569 37 32 0 0
370 U 1708 39 37 0 0
370 U 2716 36 32 0 0
370 U 38 37 36 1 0
370 U 261 35 32 0 0
370 U 1693 36 35 0 0
370 U 1656 41 32 0 0
370 U 2747 35 41 0 0
370 U 2720 40 32 0 0
370 U 10 41 40 0 0
370 U 1732 40 39 0 0
370 U 2752 38 34 0 0
370 U 314 37 38 0 0
370 U 293 41 34 0 0
370 U 27 35 34 0 0
370 U 33 37 36 0 0
370 U 13 42 43 0 0
370 U 4604 46 42 0 0
370 U 4551 43 46 0 0
370 U 4556 44 42 0 0
370 U 533 46 44 0 0
370 U 521 46 42 0 0
370 U 4611 44 46 0 0
370 U 65 43 42 0 0
370 U 59 45 44 0 0
370 U 4633 46 45 0 0
370 U 46 45 44 0 0
370 U 4590 48 52 0 0
370 U 12 49 48 1 0
370 U 4560 52 49 0 0
370 U 63 49 48 0 0
370 U 516 53 49 0 0
370 U 4565 50 48 0 0
370 U 4600 52 50 0 0
370 U 527 50 52 0 0
370 U 44 51 50 0 0
370 U 4636 52 51 0 0
370 U 60 51 50 0 0
370 U 1542 54 60 0 0
370 U 705 65 54 0 0
370 U 3855 60 65 0 0
370 U 3805 69 54 0 0
370 U 1631 65 69 0 0
370 U 1548 58 54 0 0
370 U 821 69 58 0 0
370 U 713 66 54 0 0
370 U 3835 58 66 0 0
370 U 4144 66 60 0 0
370 U 3827 56 63 0 0
370 U 1576 65 56 0 0
370 U 902 63 65 0 0
370 U 777 60 56 0 0
370 U 42 57 56 0 0
370 U 1573 60 57 0 0
370 U 769 66 56 0 0
370 U 3850 61 66 0 0
370 U 1621 66 63 0 0
370 U 3841 62 58 0 0
370 U 1616 69 62 0 0
370 U 25 59 58 0 0
370 U 828 62 59 0 0
370 U 50 61 60 1 0
370 U 3865 69 64 0 0
370 U 16 69 68 0 0
370 U 1642 70 74 0 0
370 U 3736 85 70 0 0
370 U 823 74 85 0 0
370 U 709 81 70 0 0
370 U 1728 85 81 0 0
370 U 1640 76 70 0 0
370 U 3788 81 76 0 0
370 U 717 82 70 0 0
370 U 4167 76 82 0 0
370 U 3768 82 74 0 0
370 U 3758 72 79 0 0
370 U 773 82 72 0 0
370 U 1714 79 82 0 0
370 U 1668 77 72 0 0
370 U 3785 82 77 0 0
370 U 41 73 72 0 0
370 U 780 77 73 0 0
370 U 1672 81 72 0 0
370 U 900 81 79 0 0
370 U 833 79 74 0 0
370 U 27 75 74 0 0
370 U 3773 79 75 0 0
370 U 1711 78 85 0 0
370 U 50 77 76 0 0
370 U 3794 80 85 0 0
370 U 17 84 85 0 0
370 Q 69 1161 2 1163 0 0 0 0 -1 0
370 Q 77 2 77 2 0 0 0 0 0 0
370 Q 111 1185 1 1187 0 -1 0 0 0 0
370 Q 1179 113 1179 113 0 0 0 0 0 0
370 Q 191 785 236 787 0 0 0 0 0 0
370 Q 0 2969 138 2967 -1 0 1 0 0 0
370 Q 191 1085 1 1087 -1 0 0 0 0 0
370 Q 0 993 227 995 0 0 0 0 0 0
370 Q 989 70 987 0 0 0 0 0 0 0
370 Q 71 73 71 73 0 0 0 0 0 0
370 Q 629 931 629 931 0 0 0 0 0 0
370 Q 0 1001 419 1003 0 0 0 0 0 0
370 Q 69 1153 615 1155 0 0 0 0 -1 0
370 Q 511 377 626 379 0 0 0 0 0 0
370 Q 75 1049 112 1051 0 0 0 0 -1 0
370 Q 263 1844 111 1926 0 0 0 0 0 0
370 Q 0 1009 942 1008 0 0 0 0 0 0
370 Q 2585 118 2514 1233 0 0 0 0 0 0
370 Q 120 967 303 965 0 0 0 0 0 0
370 Q 2992 3317 3059 0 0 0 0 0 0 0
370 Q 138 608 3315 609 0 0 0 0 0 0
370 Q 617 34 614 32 0 0 0 0 0 0
370 Q 1924 478 1838 265 0 0 0 0 0 0
370 Q 1 3410 118 3408 0 0 0 1 1 1
370 Q 511 4004 118 4035 0 0 0 0 0 0
370 Q 2059 120 2144 626 0 0 0 0 0 0
370 Q 221 3958 215 461 0 0 0 0 0 0
370 Q 686 76 684 3960 0 0 0 0 0 0
370 Q 2252 1304 2319 889 0 0 0 0 0 0
370 Q 228 252 3957 246 0 0 0 0 0 0
370 Q 2620 110 2622 226 0 0 0 0 0 0
370 Q 2601 228 2603 0 0 0 0 0 0 0
370 Q 2613 4251 2607 0 0 0 0 0 0 0
370 Q 167 3317 173 4253 0 0 0 0 0 0
370 Q 0 1013 3928 1015 0 0 0 0 0 0
370 Q 3958 2898 121 2965 0 0 0 0 0 0
370 Q 3267 337 4262 339 0 0 0 0 0 0
370 Q 4264 927 121 926 0 0 0 0 0 0
370 Q 139 2937 81 2870 0 0 0 0 0 0
370 Q 1784 3 1742 141 0 0 0 0 0 0
370 Q 3 883 81 885 0 0 0 0 0 0
370 Q 568 4212 227 4199 0 0 0 0 0 0
370 Q 4315 2868 302 2931 0 0 0 0 0 0
370 Q 1680 121 1582 4317 0 0 0 0 0 0
370 Q 3397 1 3391 4377 1 1 0 0 0 -1
370 Q 4375 3401 118 3403 0 0 0 0 0 0
370 Q 1860 3927 1943 3317 0 0 0 0 0 0
370 Q 2488 4377 2555 73 0 0 0 0 0 0
370 Q 2136 78 2051 4374 0 0 0 0 0 0
370 Q 567 2913 4473 2846 0 0 0 0 0 0
370 Q 1866 4471 1953 478 0 0 0 0 0 0
370 Q 567 2204 4506 2270 0 0 0 0 0 0
370 Q 127 4473 126 4508 0 0 0 0 0 0
370 Q 4527 121 4527 121 0 0 0 0 0 0
370 Q 4315 169 4515 171 0 0 0 0 0 0
370 Q 4517 2586 302 2521 0 0 0 0 0 0
370 Q 137 3942 131 421 0 0 0 0 0 0
370 Q 976 78 970 3944 0 0 0 0 0 0
370 Q 3942 2806 138 2741 0 0 0 0 0 0
370 Q 3267 1556 4530 1650 0 0 0 0 0 0
370 Q 4233 4517 4231 229 0 0 0 0 0 0
370 Q 1025 4436 1019 0 0 0 0 0 0 0
370 Q 543 83 541 4434 0 0 0 0 0 0
370 Q 1872 4511 1955 1181 0 0 0 0 0 0
370 Q 4513 106 4580 107 0 0 0 0 0 0
370 Q 4506 4302 226 4304 0 0 0 0 0 0
370 Q 1360 4512 1358 4509 0 0 0 0 0 0
370 Q 4472 1865 4510 1946 0 0 0 0 0 0
370 Q 4552 914 4559 569 0 0 0 0 0 0
370 Q 4373 236 4371 4511 0 0 0 0 0 0
370 Q 18 4527 19 4526 0 0 0 0 0 0
370 Q 4315 1580 4531 1674 0 0 0 0 0 0
370 Q 1400 4533 1398 4515 0 0 0 0 0 0
370 Q 65 566 62 569 0 0 0 0 0 0
370 Q 511 4484 3959 4491 0 0 0 0 0 0
370 Q 4569 4533 4567 229 0 0 0 0 0 0
370 Q 1344 4531 1342 4501 0 0 0 0 0 0
370 Q 227 4625 4512 4623 0 0 0 0 0 0
370 Q 75 4384 603 4411 0 0 0 0 -1 0
370 Q 139 425 4326 427 0 0 0 0 0 0
370 Q 4328 979 3943 981 0 0 0 0 1 0
370 Q 3691 3 3732 4326 0 0 0 0 0 0
370 Q 4691 2281 3960 2210 0 0 0 0 0 0
370 Q 3968 76 3983 4693 0 0 0 0 0 0
370 Q 80 54 81 55 0 0 0 0 0 0
370 Q 1336 85 1334 83 0 0 0 0 0 0
370 Q 85 167 4709 173 0 0 0 0 0 0
370 Q 83 3813 4733 3742 0 0 0 0 0 0
370 Q 2010 4731 2097 4434 0 0 0 0 0 0
370 Q 85 1400 91 1398 0 0 0 0 0 0
370 Q 2006 4733 2092 93 0 0 0 0 0 0
370 Q 2 2260 4628 2327 0 0 0 0 0 0
370 Q 984 4327 985 4626 0 0 0 0 0 0
370 Q 916 3244 4628 3183 0 0 0 0 0 0
370 Q 89 1380 91 1378 0 0 0 0 0 0
370 Q 4773 4529 4771 229 0 0 0 0 0 0
370 Q 3989 87 3970 3945 0 0 0 0 0 0
370 Q 79 1404 87 1402 0 0 0 0 0 0
370 Q 66 4773 19 4770 0 0 0 0 0 0
370 Q 4735 677 86 679 0 0 0 0 0 0
370 Q 1692 3944 1594 4737 0 0 0 0 0 0
370 Q 4695 953 4628 955 0 0 0 0 0 0
370 Q 2532 916 2462 4697 0 0 0 0 0 0
370 Q 52 93 53 92 0 0 0 0 0 0
370 Q 3680 4329 3719 4737 0 0 0 0 0 0
370 Q 4767 645 4737 647 0 0 0 0 0 0
370 Q 1904 4329 1818 4769 0 0 0 0 0 0
370 Q 3136 4626 3195 4769 0 0 0 0 0 0
370 Q 657 4775 651 4769 0 0 0 0 0 0
370 Q 2309 4626 2238 4777 0 0 0 0 0 0
370 Q 4695 2909 4777 2842 0 0 0 0 0 0
370 Q 4735 3725 95 3682 0 0 0 0 0 0
370 Q 1390 95 1392 86 0 0 0 0 0 0
370 Q 4735 1600 4781 1694 0 0 0 0 0 0
370 Q 529 95 531 4779 0 0 0 0 0 0
370 Q 4767 3201 4781 3138 0 0 0 0 0 0
370 Q 4767 1824 4788 1906 0 0 0 0 0 0
370 Q 535 4781 537 4786 0 0 0 0 -1 0
370 Q 4775 2941 4788 2874 0 0 0 0 0 0
370 Q 4695 2468 4782 2534 0 0 0 0 0 0
370 Q 667 4777 673 4784 0 0 0 0 0 0
370 Q 4779 3233 97 3170 0 0 0 0 0 0
370 Q 1396 97 1394 95 0 0 0 0 0 0
370 Q 4779 1604 4790 1698 0 0 0 0 0 0
370 Q 347 97 346 4792 0 0 0 0 0 0
370 Q 4786 2960 4790 2895 0 0 0 0 0 0
370 Q 4795 337 4790 339 0 0 0 0 0 0
370 Q 1920 4786 1834 4797 0 0 0 0 0 0
370 Q 4803 1717 4792 1618 0 0 0 0 0 0
370 Q 3180 97 3239 4805 0 0 0 0 0 0
370 Q 4801 4060 4789 4063 0 0 0 0 0 0
370 Q 4609 4774 4594 4799 0 0 0 0 0 0
370 Q 342 4800 343 4797 0 0 0 0 0 0
370 Q 4799 4544 4785 4542 0 0 -1 0 0 0
370 Q 4795 2545 4803 2474 0 0 0 0 0 0
370 Q 99 2488 4805 2555 0 0 0 0 0 0
370 Q 4795 1840 4808 1922 0 0 0 0 0 0
370 Q 240 4803 241 4806 0 0 0 0 0 0
370 Q 165 4813 159 99 0 0 0 0 0 0
370 Q 1719 4805 1624 4811 0 0 0 0 0 0
370 Q 4800 2277 4808 2207 0 0 0 0 0 0
370 Q 2320 4811 2251 4806 0 0 0 0 0 0
370 Q 1348 100 1346 99 0 0 0 0 0 0
370 Q 4813 2298 100 2233 0 0 0 0 0 0
370 Q 4819 129 100 128 0 0 0 0 0 0
370 Q 1684 4813 1586 4821 0 0 0 0 0 0
370 Q 4819 1949 103 1862 0 0 0 0 0 0
370 Q 1361 103 1359 100 0 0 0 0 0 0
370 Q 4815 169 4811 171 0 0 0 0 0 0
370 Q 1940 4806 1854 4817 0 0 0 0 0 0
370 Q 4819 1592 4822 1686 0 0 0 0 0 0
370 Q 107 103 106 4824 0 0 0 0 0 0
370 Q 4815 1945 4821 1858 0 0 0 0 0 0
370 Q 1380 105 1378 103 0 0 0 0 0 0
370 Q 4824 1705 105 1607 0 0 0 0 0 0
370 Q 104 56 105 57 0 0 0 0 0 0
