309 A 5 0 0 -1 0 1
309 A 10 0 0 -1 0 1
309 A 10 0 5 -4 -5 4
309 A 13 0 0 -3 0 3
309 A 0 1 -104 0 104 0
309 A -1 1 -61 0 61 0
309 A 1 1 -61 0 61 0
309 A -4 1 -47 -1 47 1
309 A 4 1 47 -1 -47 1
309 A -6 1 -79 -2 79 2
309 A -6 1 -127 -2 127 2
309 A 6 1 79 -2 -79 2
309 A 6 1 127 -2 -127 2
309 A -9 1 -145 -4 145 4
309 A 9 1 145 -4 -145 4
309 A 20 0 -5 -6 5 6
309 A 20 0 5 -6 -5 6
309 A 23 0 0 -4 0 4
309 A 26 0 13 -10 -13 10
309 A -30 1 -71 -8 71 8
309 A 30 1 71 -8 -71 8
309 A 0 2 -104 1 104 -1
309 A 0 2 -205 0 205 0
309 A 0 2 -308 1 308 -1
309 A -2 2 -61 0 61 0
309 A 2 2 -61 0 61 0
309 A -3 2 -290 -1 290 1
309 A 3 2 290 -1 -290 1
309 A -12 2 -79 -2 79 2
309 A -12 2 -188 -3 188 3
309 A 12 2 79 -2 -79 2
309 A 12 2 188 -3 -188 3
309 A 0 4 -205 2 205 -2
309 A 4 0 0 -1 0 -1
309 A 4 0 2 -1 2 -1
309 A 5 0 0 -2 0 -2
309 A 7 0 0 -1 0 -1
309 A 10 0 0 -3 0 -3
309 A 11 0 0 -1 0 -1
309 A 13 0 0 -2 0 -2
309 A 14 0 0 -1 0 -1
309 A 19 0 0 -2 0 -2
309 A 20 0 10 -3 10 -3
309 A 20 0 0 -7 0 -7
309 A 20 0 10 -7 10 -7
309 A 25 0 0 -8 0 -8
309 A 28 0 0 -13 0 -13
309 A 28 0 14 -13 14 -13
309 A 38 0 0 -17 0 -17
309 A 50 0 0 -17 0 -17
309 A 55 0 0 -23 0 -23
309 A 76 0 0 -17 0 -17
309 A 91 0 0 -15 0 -15
309 A 100 0 0 -33 0 -33
309 A 5 0 -2 -1 -1 -2
309 A 5 0 2 -1 1 -2
309 A 6 0 -2 -1 2 -1
309 A 7 0 -1 -1 -3 3
309 A 7 0 1 -1 3 3
309 A 7 0 -2 -1 -1 -3
309 A 7 0 2 -1 1 -3
309 A 7 0 -3 -1 1 2
309 A 7 0 3 -1 -1 2
309 A 7 0 0 -2 0 3
309 A 7 0 -2 -2 2 -2
309 A 7 0 -3 -2 -3 2
309 A 7 0 -2 -3 -2 3
309 A 8 0 0 -1 0 3
309 A 8 0 -2 -1 2 -1
309 A 8 0 4 -1 4 3
309 A 8 0 -2 -3 2 -3
309 A 9 0 -1 -1 -2 2
309 A 9 0 1 -1 2 2
309 A 9 0 -2 -1 -1 -4
309 A 9 0 2 -1 1 -4
309 A 9 0 -4 -1 4 -1
309 A 9 0 -1 -2 -2 4
309 A 9 0 1 -2 2 4
309 A 9 0 -4 -2 4 -2
309 A 9 0 -4 -4 4 -4
309 A 10 0 -2 -1 4 3
309 A 10 0 2 -1 -4 3
309 A 11 0 -1 -1 -5 5
309 A 11 0 1 -1 5 5
309 A 11 0 -2 -1 -4 2
309 A 11 0 2 -1 4 2
309 A 11 0 -3 -1 -3 1
309 A 11 0 -4 -1 -3 -2
309 A 11 0 4 -1 3 -2
309 A 11 0 -5 -1 4 -3
309 A 11 0 5 -1 -4 -3
309 A 11 0 0 -2 0 5
309 A 11 0 -1 -2 -2 4
309 A 11 0 1 -2 2 4
309 A 11 0 -2 -2 3 -3
309 A 11 0 2 -2 -3 -3
309 A 11 0 -5 -2 -4 -5
309 A 11 0 5 -2 4 -5
309 A 11 0 0 -3 0 -4
309 A 11 0 -1 -3 -1 3
309 A 11 0 -2 -3 1 4
309 A 11 0 2 -3 -1 4
309 A 11 0 -5 -3 5 -3
309 A 11 0 -3 -4 1 -5
309 A 11 0 3 -4 -1 -5
309 A 11 0 -4 -4 -4 4
309 A 11 0 -5 -4 2 5
309 A 11 0 5 -4 -2 5
309 A 11 0 -3 -5 3 -5
309 A 12 0 -2 -1 2 -1
309 A 12 0 -4 -1 4 -1
309 A 12 0 -1 -2 1 -2
309 A 12 0 -2 -5 2 -5
309 A 12 0 -4 -5 4 -5
309 A 13 0 0 -1 0 -4
309 A 13 0 -1 -1 6 -6
309 A 13 0 1 -1 -6 -6
309 A 13 0 -2 -1 2 -1
309 A 13 0 -3 -1 -6 2
309 A 13 0 3 -1 6 2
309 A 13 0 -5 -1 2 -3
309 A 13 0 5 -1 -2 -3
309 A 13 0 -6 -1 -1 -2
309 A 13 0 6 -1 1 -2
309 A 13 0 -2 -2 3 -3
309 A 13 0 2 -2 -3 -3
309 A 13 0 -3 -2 -1 5
309 A 13 0 3 -2 1 5
309 A 13 0 -4 -2 1 6
309 A 13 0 4 -2 -1 6
309 A 13 0 -4 -3 2 5
309 A 13 0 4 -3 -2 5
309 A 13 0 -5 -3 4 -5
309 A 13 0 5 -3 -4 -5
309 A 13 0 -6 -3 5 4
309 A 13 0 6 -3 -5 4
309 A 13 0 -1 -4 -5 -6
309 A 13 0 1 -4 5 -6
309 A 13 0 -2 -4 -3 6
309 A 13 0 2 -4 3 6
309 A 13 0 -4 -4 -5 5
309 A 13 0 4 -4 5 5
309 A 13 0 -6 -4 6 -4
309 A 13 0 0 -5 0 -6
309 A 13 0 -3 -5 -3 5
309 A 13 0 -4 -6 -4 6
309 A 14 0 -2 -1 6 -3
309 A 14 0 2 -1 -6 -3
309 A 14 0 -4 -1 6 -5
309 A 14 0 4 -1 -6 -5
309 A 14 0 -6 -1 -4 3
309 A 14 0 6 -1 4 3
309 A 14 0 0 -3 0 -5
309 A 14 0 -2 -3 -2 3
309 A 14 0 -2 -5 2 -5
309 A 14 0 -4 -5 -4 5
309 A 15 0 -2 -1 -1 -7
309 A 15 0 2 -1 1 -7
309 A 15 0 -5 -1 5 -4
309 A 15 0 5 -1 -5 -4
309 A 15 0 -7 -1 4 -7
309 A 15 0 7 -1 -4 -7
309 A 15 0 -1 -2 -2 4
309 A 15 0 1 -2 2 4
309 A 15 0 -4 -2 7 4
309 A 15 0 4 -2 -7 4
309 A 15 0 -5 -2 5 -2
309 A 15 0 -5 -7 5 -7
309 A 16 0 0 -1 0 3
309 A 16 0 -2 -1 2 7
309 A 16 0 2 -1 -2 7
309 A 16 0 -4 -1 4 3
309 A 16 0 4 -1 -4 3
309 A 16 0 -6 -1 6 7
309 A 16 0 6 -1 -6 7
309 A 16 0 8 -1 8 3
309 A 16 0 -2 -3 2 -3
309 A 16 0 -6 -3 6 -3
309 A 16 0 0 -5 0 7
309 A 16 0 -2 -5 2 -5
309 A 16 0 -4 -5 4 7
309 A 16 0 4 -5 -4 7
309 A 16 0 -6 -5 6 -5
309 A 16 0 8 -5 8 7
309 A 17 0 0 -1 0 -6
309 A 17 0 -1 -1 -4 4
309 A 17 0 1 -1 4 4
309 A 17 0 -2 -1 -7 -5
309 A 17 0 2 -1 7 -5
309 A 17 0 -3 -1 -4 7
309 A 17 0 3 -1 4 7
309 A 17 0 -4 -1 2 8
309 A 17 0 4 -1 -2 8
309 A 17 0 -5 -1 2 3
309 A 17 0 5 -1 -2 3
309 A 17 0 -6 -1 8 -7
309 A 17 0 6 -1 -8 -7
309 A 17 0 -7 -1 7 -1
309 A 17 0 -8 -1 -8 1
309 A 17 0 0 -2 0 -3
309 A 17 0 -1 -2 4 -8
309 A 17 0 1 -2 -4 -8
309 A 17 0 -2 -2 -2 2
309 A 17 0 -3 -2 5 8
309 A 17 0 3 -2 -5 8
309 A 17 0 -4 -2 5 6
309 A 17 0 4 -2 -5 6
309 A 17 0 -5 -2 -4 5
309 A 17 0 5 -2 4 5
309 A 17 0 -6 -2 -2 -5
309 A 17 0 6 -2 2 -5
309 A 17 0 -7 -2 -1 -7
309 A 17 0 7 -2 1 -7
309 A 17 0 -8 -2 1 4
309 A 17 0 8 -2 -1 4
309 A 17 0 -1 -3 -3 -8
309 A 17 0 1 -3 3 -8
309 A 17 0 -3 -3 -7 7
309 A 17 0 3 -3 7 7
309 A 17 0 -4 -3 8 -6
309 A 17 0 4 -3 -8 -6
309 A 17 0 -5 -3 5 -3
309 A 17 0 -6 -3 -8 4
309 A 17 0 6 -3 8 4
309 A 17 0 -7 -3 3 6
309 A 17 0 7 -3 -3 6
309 A 17 0 -8 -3 7 8
309 A 17 0 8 -3 -7 8
309 A 17 0 0 -4 0 7
309 A 17 0 -2 -4 2 -4
309 A 17 0 -3 -4 -8 5
309 A 17 0 3 -4 8 5
309 A 17 0 -5 -4 1 6
309 A 17 0 5 -4 -1 6
309 A 17 0 -6 -4 -6 4
309 A 17 0 -7 -4 2 -6
309 A 17 0 7 -4 -2 -6
309 A 17 0 0 -5 0 -8
309 A 17 0 -1 -5 -2 -7
309 A 17 0 1 -5 2 -7
309 A 17 0 -3 -5 -3 5
309 A 17 0 -5 -5 6 -6
309 A 17 0 5 -5 -6 -6
309 A 17 0 -6 -5 -5 7
309 A 17 0 6 -5 5 7
309 A 17 0 -4 -6 -6 -8
309 A 17 0 4 -6 6 -8
309 A 17 0 -7 -6 6 7
309 A 17 0 7 -6 -6 7
309 A 17 0 -3 -7 1 -8
309 A 17 0 3 -7 -1 -8
309 A 17 0 -8 -8 8 -8
309 A 0 1 -19 0 -65 0
309 A 0 1 -20 0 -139 0
309 A 0 1 -25 0 136 0
309 A 0 1 -26 0 107 0
309 A 0 1 -34 0 100 0
309 A 0 1 -35 0 53 0
309 A 0 1 -41 0 98 0
309 A 0 1 -49 0 82 0
309 A 0 1 -50 0 68 0
309 A 0 1 -52 0 -101 0
309 A 0 1 -55 0 118 0
309 A 0 1 -67 0 -83 0
309 A 0 1 -70 0 -128 0
309 A 0 1 -86 0 -97 0
309 A 0 1 -106 0 -137 0
309 A 0 1 -130 0 145 0
309 A -1 1 -19 0 49 0
309 A -1 1 -21 0 -59 0
309 A -1 1 -23 0 27 0
309 A -1 1 -33 0 47 0
309 A -1 1 -37 0 -67 0
309 A -1 1 -39 0 -151 0
309 A -1 1 -41 0 121 0
309 A -1 1 -51 0 -79 0
309 A -1 1 -53 0 117 0
309 A -1 1 -63 0 -123 0
309 A -1 1 -77 0 153 0
309 A -1 1 -81 0 111 0
309 A -1 1 -83 0 127 0
309 A -1 1 -97 0 -147 0
309 A -1 1 -129 0 149 0
309 A 1 1 -19 0 49 0
309 A 1 1 -21 0 -59 0
309 A 1 1 -23 0 27 0
309 A 1 1 -33 0 47 0
309 A 1 1 -37 0 -67 0
309 A 1 1 -39 0 -151 0
309 A 1 1 -41 0 121 0
309 A 1 1 -51 0 -79 0
309 A 1 1 -53 0 117 0
309 A 1 1 -63 0 -123 0
309 A 1 1 -77 0 153 0
309 A 1 1 -81 0 111 0
309 A 1 1 -83 0 127 0
309 A 1 1 -97 0 -147 0
309 A 1 1 -129 0 149 0
309 A -2 1 -18 0 85 1
309 A -2 1 -19 0 33 0
309 A -2 1 -20 0 47 0
309 A -2 1 -30 0 -73 0
309 A -2 1 -49 0 113 1
309 A -2 1 -66 0 -145 -1
309 A -2 1 -81 -1 130 1
309 A -2 1 -109 -1 139 1
309 A 2 1 -18 0 85 -1
309 A 2 1 -19 0 33 0
309 A 2 1 -20 0 47 0
309 A 2 1 -30 0 -73 0
309 A 2 1 -49 0 113 -1
309 A 2 1 -66 0 -145 1
309 A 2 1 81 -1 -130 1
309 A 2 1 109 -1 -139 1
309 A -3 1 -19 0 64 1
309 A -3 1 -23 0 80 1
309 A -3 1 -25 0 -86 -1
309 A -3 1 -31 0 -41 0
309 A -3 1 -35 0 -106 -1
309 A -3 1 -37 0 43 0
309 A -3 1 -52 -1 130 1
309 A -3 1 -56 -1 -94 -1
309 A -3 1 -68 -1 -100 -1
309 A -3 1 -74 -1 92 1
309 A -3 1 -82 -1 -98 -1
309 A -3 1 -110 -1 -118 -1
309 A -3 1 -116 -1 152 1
309 A -3 1 -136 -1 148 1
309 A -3 1 -140 -1 146 1
309 A 3 1 -19 0 64 -1
309 A 3 1 -23 0 80 -1
309 A 3 1 -25 0 -86 1
309 A 3 1 -31 0 -41 0
309 A 3 1 -35 0 -106 1
309 A 3 1 -37 0 43 0
309 A 3 1 52 -1 -130 1
309 A 3 1 56 -1 94 -1
309 A 3 1 68 -1 100 -1
309 A 3 1 74 -1 -92 1
309 A 3 1 82 -1 98 -1
309 A 3 1 110 -1 118 -1
309 A 3 1 116 -1 -152 1
309 A 3 1 136 -1 -148 1
309 A 3 1 140 -1 -146 1
309 A 18 0 -4 -1 4 -1
309 A 18 0 -8 -1 2 -7
309 A 18 0 8 -1 -2 -7
309 A 18 0 -2 -5 8 7
309 A 18 0 2 -5 -8 7
309 A 18 0 -4 -5 4 -5
309 A 18 0 -4 -7 4 -7
309 A -4 1 -21 0 31 0
309 A -4 1 -22 0 125 2
309 A -4 1 -24 0 141 2
309 A -4 1 -32 0 -124 -2
309 A -4 1 -33 0 -120 -2
309 A -4 1 -34 0 -82 -1
309 A -4 1 -39 -1 -64 -1
309 A -4 1 -40 -1 -92 -1
309 A -4 1 -45 -1 -118 -2
309 A -4 1 -58 -1 -144 -2
309 A -4 1 -59 -1 -94 -1
309 A -4 1 -60 -1 -62 -1
309 A -4 1 -63 -1 -93 -1
309 A -4 1 -65 -1 -138 -2
309 A -4 1 -70 -1 -97 -1
309 A -4 1 -72 -1 -116 -2
309 A -4 1 -83 -1 -119 -2
309 A -4 1 -95 -1 -143 -2
309 A -4 1 -98 -1 -129 -2
309 A -4 1 -121 -2 -123 -2
309 A 4 1 -21 0 31 0
309 A 4 1 -22 0 125 -2
309 A 4 1 -24 0 141 -2
309 A 4 1 -32 0 -124 2
309 A 4 1 -33 0 -120 2
309 A 4 1 -34 0 -82 1
309 A 4 1 39 -1 64 -1
309 A 4 1 40 -1 92 -1
309 A 4 1 45 -1 118 -2
309 A 4 1 58 -1 144 -2
309 A 4 1 59 -1 94 -1
309 A 4 1 60 -1 62 -1
309 A 4 1 63 -1 93 -1
309 A 4 1 65 -1 138 -2
309 A 4 1 70 -1 97 -1
309 A 4 1 72 -1 116 -2
309 A 4 1 83 -1 119 -2
309 A 4 1 95 -1 143 -2
309 A 4 1 98 -1 129 -2
309 A 4 1 121 -2 123 -2
309 A -5 1 -19 0 -113 -2
309 A -5 1 -21 0 -149 -2
309 A -5 1 -23 0 -29 0
309 A -5 1 -25 0 137 2
309 A -5 1 -27 0 94 1
309 A -5 1 -33 0 76 1
309 A -5 1 -30 -1 95 2
309 A -5 1 -36 -1 -52 -1
309 A -5 1 -38 -1 91 2
309 A -5 1 -48 -1 -58 -1
309 A -5 1 -66 -1 -117 -2
309 A -5 1 -74 -1 -88 -1
309 A -5 1 -82 -1 -109 -2
309 A -5 1 -119 -2 135 2
309 A -5 1 -129 -2 151 2
309 A 5 1 -19 0 -113 2
309 A 5 1 -21 0 -149 2
309 A 5 1 -23 0 -29 0
309 A 5 1 -25 0 137 -2
309 A 5 1 -27 0 94 -1
309 A 5 1 -33 0 76 -1
309 A 5 1 30 -1 -95 2
309 A 5 1 36 -1 52 -1
309 A 5 1 38 -1 -91 2
309 A 5 1 48 -1 58 -1
309 A 5 1 66 -1 117 -2
309 A 5 1 74 -1 88 -1
309 A 5 1 82 -1 109 -2
309 A 5 1 119 -2 -135 2
309 A 5 1 129 -2 -151 2
309 A -6 1 -19 0 97 2
309 A -6 1 -22 0 -41 -1
309 A -6 1 -28 0 31 1
309 A -6 1 -23 -1 107 2
309 A -6 1 -28 -1 -65 -1
309 A -6 1 -46 -1 67 1
309 A -6 1 -50 -1 -136 -3
309 A -6 1 -53 -1 -70 -1
309 A -6 1 -61 -1 91 2
309 A -6 1 -92 -2 -124 -2
309 A -6 1 -109 -2 -122 -2
309 A -6 1 -115 -2 145 3
309 A -6 1 -131 -2 134 3
309 A 6 1 -19 0 97 -2
309 A 6 1 -22 0 -41 1
309 A 6 1 -28 0 31 -1
309 A 6 1 23 -1 -107 2
309 A 6 1 28 -1 65 -1
309 A 6 1 46 -1 -67 1
309 A 6 1 50 -1 136 -3
309 A 6 1 53 -1 70 -1
309 A 6 1 61 -1 -91 2
309 A 6 1 92 -2 124 -2
309 A 6 1 109 -2 122 -2
309 A 6 1 115 -2 -145 3
309 A 6 1 131 -2 -134 3
309 A -7 1 -19 0 -99 -2
309 A -7 1 -23 0 95 2
309 A -7 1 -25 0 36 1
309 A -7 1 -22 -1 -30 -1
309 A -7 1 -24 -1 -113 -2
309 A -7 1 -28 -1 112 3
309 A -7 1 -40 -1 -85 -2
309 A -7 1 -50 -1 -136 -3
309 A -7 1 -60 -1 150 3
309 A -7 1 -63 -2 79 2
309 A -7 1 -71 -2 118 3
309 A -7 1 -97 -2 -108 -3
309 A -7 1 -126 -3 130 3
309 A -7 1 -140 -3 148 3
309 A 7 1 -19 0 -99 2
309 A 7 1 -23 0 95 -2
309 A 7 1 -25 0 36 -1
309 A 7 1 22 -1 30 -1
309 A 7 1 24 -1 113 -2
309 A 7 1 28 -1 -112 3
309 A 7 1 40 -1 85 -2
309 A 7 1 50 -1 136 -3
309 A 7 1 60 -1 -150 3
309 A 7 1 63 -2 -79 2
309 A 7 1 71 -2 -118 3
309 A 7 1 97 -2 108 -3
309 A 7 1 126 -3 -130 3
309 A 7 1 140 -3 -148 3
309 A 19 0 -8 -1 7 -8
309 A 19 0 8 -1 -7 -8
309 A 19 0 -9 -1 -1 -2
309 A 19 0 9 -1 1 -2
309 A 19 0 -2 -2 8 -8
309 A 19 0 2 -2 -8 -8
309 A 19 0 -3 -2 6 -4
309 A 19 0 3 -2 -6 -4
309 A 19 0 -5 -2 -2 -3
309 A 19 0 5 -2 2 -3
309 A 19 0 -6 -2 -6 2
309 A 19 0 -7 -2 -1 3
309 A 19 0 7 -2 1 3
309 A 19 0 -4 -3 1 4
309 A 19 0 4 -3 -1 4
309 A 19 0 -5 -3 -4 -9
309 A 19 0 5 -3 4 -9
309 A 19 0 -8 -3 6 -7
309 A 19 0 8 -3 -6 -7
309 A 19 0 -9 -3 -4 -5
309 A 19 0 9 -3 4 -5
309 A 19 0 -2 -4 5 9
309 A 19 0 2 -4 -5 9
309 A 19 0 -3 -4 9 7
309 A 19 0 3 -4 -9 7
309 A 19 0 -4 -4 4 -4
309 A 19 0 -5 -4 -9 -8
309 A 19 0 5 -4 9 -8
309 A 19 0 -9 -4 1 8
309 A 19 0 9 -4 -1 8
309 A 19 0 -2 -5 9 6
309 A 19 0 2 -5 -9 6
309 A 19 0 -3 -5 3 -5
309 A 19 0 -5 -5 7 -7
309 A 19 0 5 -5 -7 -7
309 A 19 0 -6 -5 7 -9
309 A 19 0 6 -5 -7 -9
309 A 19 0 -7 -5 -4 -8
309 A 19 0 7 -5 4 -8
309 A 19 0 0 -6 0 -7
309 A 19 0 -1 -6 2 7
309 A 19 0 1 -6 -2 7
309 A 19 0 -3 -6 -3 6
309 A 19 0 -1 -7 -1 7
309 A 19 0 -8 -7 -6 -9
309 A 19 0 8 -7 6 -9
309 A 19 0 -2 -8 2 -8
309 A 19 0 -5 -8 8 -9
309 A 19 0 5 -8 -8 -9
309 A -8 1 -20 0 48 1
309 A -8 1 -21 0 -55 -2
309 A -8 1 -16 -1 139 4
309 A -8 1 -31 -1 -129 -3
309 A -8 1 -41 -1 -113 -3
309 A -8 1 -43 -1 -93 -3
309 A -8 1 -63 -2 69 2
309 A -8 1 -65 -2 143 4
309 A -8 1 -107 -3 136 4
309 A -8 1 -118 -3 144 4
309 A 8 1 -20 0 48 -1
309 A 8 1 -21 0 -55 2
309 A 8 1 16 -1 -139 4
309 A 8 1 31 -1 129 -3
309 A 8 1 41 -1 113 -3
309 A 8 1 43 -1 93 -3
309 A 8 1 63 -2 -69 2
309 A 8 1 65 -2 -143 4
309 A 8 1 107 -3 -136 4
309 A 8 1 118 -3 -144 4
309 A -9 1 -20 -1 -94 -3
309 A -9 1 -22 -1 124 3
309 A -9 1 -28 -1 -110 -3
309 A -9 1 -38 -1 65 2
309 A -9 1 -44 -1 -85 -2
309 A -9 1 -50 -1 92 3
309 A -9 1 -52 -1 -143 -4
309 A -9 1 -71 -2 122 3
309 A -9 1 -82 -3 -125 -4
309 A 9 1 20 -1 94 -3
309 A 9 1 22 -1 -124 3
309 A 9 1 28 -1 110 -3
309 A 9 1 38 -1 -65 2
309 A 9 1 44 -1 85 -2
309 A 9 1 50 -1 -92 3
309 A 9 1 52 -1 143 -4
309 A 9 1 71 -2 -122 3
309 A 9 1 82 -3 125 -4
309 A 20 0 10 -1 10 -9
309 A 20 0 -9 -2 -3 -6
309 A 20 0 9 -2 3 -6
309 A -10 1 -11 -1 29 1
309 A -10 1 -12 -1 73 2
309 A -10 1 -26 -1 95 3
309 A -10 1 -46 -1 128 4
309 A -10 1 -44 -2 107 4
309 A -10 1 -58 -2 -144 -5
309 A -10 1 -69 -2 -143 -5
309 A -10 1 -77 -2 -116 -4
309 A -10 1 -78 -3 138 4
309 A -10 1 -80 -3 -105 -4
309 A 10 1 11 -1 -29 1
309 A 10 1 12 -1 -73 2
309 A 10 1 26 -1 -95 3
309 A 10 1 46 -1 -128 4
309 A 10 1 44 -2 -107 4
309 A 10 1 58 -2 144 -5
309 A 10 1 69 -2 143 -5
309 A 10 1 77 -2 116 -4
309 A 10 1 78 -3 -138 4
309 A 10 1 80 -3 105 -4
309 A -11 1 -12 -1 132 5
309 A -11 1 -18 -1 67 2
309 A -11 1 -26 -1 71 2
309 A -11 1 -40 -1 -37 -2
309 A -11 1 -46 -1 61 2
309 A -11 1 -69 -2 -134 -5
309 A -11 1 -86 -3 115 4
309 A -11 1 -94 -3 138 5
309 A -11 1 -98 -3 107 4
309 A -11 1 -125 -4 -146 -5
309 A -11 1 -142 -5 148 5
309 A 11 1 12 -1 -132 5
309 A 11 1 18 -1 -67 2
309 A 11 1 26 -1 -71 2
309 A 11 1 40 -1 37 -2
309 A 11 1 46 -1 -61 2
309 A 11 1 69 -2 134 -5
309 A 11 1 86 -3 -115 4
309 A 11 1 94 -3 -138 5
309 A 11 1 98 -3 -107 4
309 A 11 1 125 -4 146 -5
309 A 11 1 142 -5 -148 5
309 A 21 0 -2 -2 2 -2
309 A 21 0 -5 -2 5 -2
309 A 21 0 -7 -2 7 10
309 A 21 0 7 -2 -7 10
309 A 21 0 -10 -2 4 -5
309 A 21 0 10 -2 -4 -5
309 A 21 0 -7 -4 7 5
309 A 21 0 7 -4 -7 5
309 A 21 0 -5 -5 5 -5
309 A 21 0 -7 -8 7 -8
309 A 21 0 -8 -8 -10 10
309 A 21 0 8 -8 10 10
309 A -12 1 -14 -1 86 3
309 A -12 1 -17 -1 89 3
309 A -12 1 -19 -1 130 5
309 A -12 1 -25 -1 37 1
309 A -12 1 -35 -2 143 6
309 A -12 1 -38 -2 59 3
309 A -12 1 -47 -2 86 4
309 A -12 1 -49 -2 139 6
309 A -12 1 -55 -2 -62 -2
309 A -12 1 -62 -3 -136 -6
309 A -12 1 -115 -4 142 6
309 A -12 1 -112 -5 127 5
309 A -12 1 -113 -5 -139 -5
309 A -12 1 -128 -5 140 5
309 A 12 1 14 -1 -86 3
309 A 12 1 17 -1 -89 3
309 A 12 1 19 -1 -130 5
309 A 12 1 25 -1 -37 1
309 A 12 1 35 -2 -143 6
309 A 12 1 38 -2 -59 3
309 A 12 1 47 -2 -86 4
309 A 12 1 49 -2 -139 6
309 A 12 1 55 -2 62 -2
309 A 12 1 62 -3 136 -6
309 A 12 1 115 -4 -142 6
309 A 12 1 112 -5 -127 5
309 A 12 1 113 -5 139 -5
309 A 12 1 128 -5 -140 5
309 A -13 1 -16 -1 20 1
309 A -13 1 -18 -1 -120 -5
309 A -13 1 -26 -1 -36 -1
309 A -13 1 -31 -2 -70 -3
309 A -13 1 -51 -2 97 4
309 A -13 1 -130 -5 -136 -5
309 A 13 1 16 -1 -20 1
309 A 13 1 18 -1 120 -5
309 A 13 1 26 -1 36 -1
309 A 13 1 31 -2 70 -3
309 A 13 1 51 -2 -97 4
309 A 13 1 130 -5 136 -5
309 A 22 0 -8 -5 8 -5
309 A 22 0 -2 -7 10 9
309 A 22 0 2 -7 -10 9
309 A -14 1 -19 -1 -97 -4
309 A -14 1 -30 -1 -143 -7
309 A -14 1 -35 -1 78 4
309 A -14 1 -38 -1 40 2
309 A -14 1 -38 -2 106 5
309 A -14 1 -60 -2 76 4
309 A -14 1 -65 -3 76 3
309 A -14 1 -85 -4 -98 -4
309 A -14 1 -112 -5 -127 -5
309 A -14 1 -128 -5 143 6
309 A -14 1 -115 -6 -138 -7
309 A 14 1 19 -1 97 -4
309 A 14 1 30 -1 143 -7
309 A 14 1 35 -1 -78 4
309 A 14 1 38 -1 -40 2
309 A 14 1 38 -2 -106 5
309 A 14 1 60 -2 -76 4
309 A 14 1 65 -3 -76 3
309 A 14 1 85 -4 98 -4
309 A 14 1 112 -5 127 -5
309 A 14 1 128 -5 -143 6
309 A 14 1 115 -6 138 -7
309 A 23 0 -6 -2 -9 3
309 A 23 0 6 -2 9 3
309 A 23 0 -2 -3 1 10
309 A 23 0 2 -3 -1 10
309 A 23 0 -3 -3 7 -7
309 A 23 0 3 -3 -7 -7
309 A 23 0 -2 -4 -7 -9
309 A 23 0 2 -4 7 -9
309 A 23 0 -3 -4 9 11
309 A 23 0 3 -4 -9 11
309 A 23 0 -4 -4 11 -11
309 A 23 0 4 -4 -11 -11
309 A 23 0 -5 -4 5 -4
309 A 23 0 -1 -5 11 -9
309 A 23 0 1 -5 -11 -9
309 A 23 0 -2 -5 2 -5
309 A 23 0 -8 -5 -1 -8
309 A 23 0 8 -5 1 -8
309 A 23 0 -6 -7 -2 10
309 A 23 0 6 -7 2 10
309 A 23 0 -10 -11 -10 11
309 A -15 1 -20 -1 -31 -2
309 A -15 1 -25 -2 -128 -7
309 A -15 1 -83 -4 134 7
309 A 15 1 20 -1 31 -2
309 A 15 1 25 -2 128 -7
309 A 15 1 83 -4 -134 7
309 A -16 1 -21 -1 88 5
309 A -16 1 -25 -2 132 6
309 A -16 1 -26 -2 -151 -7
309 A -16 1 -27 -2 137 7
309 A -16 1 -44 -2 91 5
309 A -16 1 -87 -5 107 6
309 A -16 1 -113 -6 -134 -7
309 A -16 1 -133 -6 152 7
309 A 16 1 21 -1 -88 5
309 A 16 1 25 -2 -132 6
309 A 16 1 26 -2 151 -7
309 A 16 1 27 -2 -137 7
309 A 16 1 44 -2 -91 5
309 A 16 1 87 -5 -107 6
309 A 16 1 113 -6 134 -7
309 A 16 1 133 -6 -152 7
309 A 24 0 -1 -2 -11 -2
309 A 24 0 1 -2 11 -2
309 A 24 0 -1 -10 -11 -10
309 A 24 0 1 -10 11 -10
309 A -17 1 -30 -1 -110 -7
309 A -17 1 -34 -1 61 4
309 A -17 1 -52 -3 -107 -6
309 A -17 1 -96 -5 -142 -7
309 A 17 1 30 -1 110 -7
309 A 17 1 34 -1 -61 4
309 A 17 1 52 -3 107 -6
309 A 17 1 96 -5 142 -7
309 A 25 0 -1 -2 -2 4
309 A 25 0 1 -2 2 4
309 A 25 0 -6 -2 -2 9
309 A 25 0 6 -2 2 9
309 A 25 0 -9 -3 7 6
309 A 25 0 9 -3 -7 6
309 A 25 0 -10 -3 10 12
309 A 25 0 10 -3 -10 12
309 A 25 0 -5 -4 -5 9
309 A 25 0 5 -4 5 9
309 A 25 0 -12 -4 -1 -8
309 A 25 0 12 -4 1 -8
309 A 25 0 -5 -6 -5 6
309 A 25 0 -8 -6 -9 -12
309 A 25 0 8 -6 9 -12
309 A 25 0 -8 -11 11 -12
309 A 25 0 8 -11 -11 -12
309 A -18 1 -25 -1 121 8
309 A -18 1 -26 -1 -97 -5
309 A -18 1 -55 -3 79 4
309 A -18 1 -98 -5 122 8
309 A -18 1 -136 -7 -140 -9
309 A 18 1 25 -1 -121 8
309 A 18 1 26 -1 97 -5
309 A 18 1 55 -3 -79 4
309 A 18 1 98 -5 -122 8
309 A 18 1 136 -7 140 -9
309 A -19 1 -50 -3 130 7
309 A 19 1 50 -3 -130 7
309 A 26 0 -8 -3 -4 -5
309 A 26 0 8 -3 4 -5
309 A 26 0 -10 -7 2 9
309 A 26 0 10 -7 -2 9
309 A -20 1 -29 -1 106 7
309 A -20 1 -90 -6 141 10
309 A -20 1 -109 -8 -140 -10
309 A 20 1 29 -1 -106 7
309 A 20 1 90 -6 -141 10
309 A 20 1 109 -8 140 -10
309 A 27 0 -13 -2 13 -2
309 A 27 0 -1 -5 7 -8
309 A 27 0 1 -5 -7 -8
309 A 27 0 -5 -5 5 -5
309 A 27 0 -7 -7 -8 8
309 A 27 0 7 -7 8 8
309 A 27 0 -4 -8 4 -8
309 A 27 0 -4 -10 4 -10
309 A 27 0 -10 -10 -11 11
309 A 27 0 10 -10 11 11
309 A 27 0 -13 -11 13 -11
309 A -21 1 -38 -3 -139 -10
309 A 21 1 38 -3 139 -10
309 A 28 0 -2 -9 2 -9
309 A -22 1 -33 -2 37 3
309 A 22 1 33 -2 -37 3
309 A -23 1 -53 -4 140 11
309 A 23 1 53 -4 -140 11
309 A 29 0 -6 -2 13 -14
309 A 29 0 6 -2 -13 -14
309 A 29 0 -12 -2 -1 5
309 A 29 0 12 -2 1 5
309 A 29 0 -2 -3 2 -3
309 A 29 0 -3 -3 -14 14
309 A 29 0 3 -3 14 14
309 A 29 0 -7 -12 7 -12
309 A -24 1 -46 -4 100 7
309 A -24 1 -47 -4 -112 -9
309 A -24 1 -85 -6 -131 -10
309 A 24 1 46 -4 -100 7
309 A 24 1 47 -4 112 -9
309 A 24 1 85 -6 131 -10
309 A 30 0 -10 -3 10 -3
309 A 30 0 -5 -4 5 14
309 A 30 0 5 -4 -5 14
309 A 31 0 -6 -2 6 -2
309 A 31 0 -13 -3 15 -13
309 A 31 0 13 -3 -15 -13
309 A 31 0 -14 -3 14 -3
309 A 31 0 -3 -4 4 5
309 A 31 0 3 -4 -4 5
309 A 31 0 -6 -5 9 8
309 A 31 0 6 -5 -9 8
309 A 31 0 -15 -5 -10 -7
309 A 31 0 15 -5 10 -7
309 A 31 0 -7 -8 14 15
309 A 31 0 7 -8 -14 15
309 A -26 1 -30 -1 -91 -8
309 A -26 1 -27 -2 113 11
309 A -26 1 -54 -4 -85 -8
309 A -26 1 -110 -9 -149 -12
309 A 26 1 30 -1 91 -8
309 A 26 1 27 -2 -113 11
309 A 26 1 54 -4 85 -8
309 A 26 1 110 -9 149 -12
309 A 32 0 -14 -13 14 -13
309 A 33 0 -10 -10 16 -16
309 A 33 0 10 -10 -16 -16
309 A 33 0 -14 -16 14 -16
309 A -28 1 -32 -2 68 6
309 A -28 1 -34 -3 36 5
309 A -28 1 -101 -8 -136 -14
309 A 28 1 32 -2 -68 6
309 A 28 1 34 -3 -36 5
309 A 28 1 101 -8 136 -14
309 A -29 1 -41 -2 -35 -4
309 A 29 1 41 -2 35 -4
309 A 34 0 -8 -9 8 -9
309 A -30 1 -28 -3 -164 -14
309 A -30 1 -46 -5 136 15
309 A 30 1 28 -3 164 -14
309 A 30 1 46 -5 -136 15
309 A 35 0 -9 -3 12 -4
309 A 35 0 9 -3 -12 -4
309 A 35 0 -8 -9 -4 -13
309 A 35 0 8 -9 4 -13
309 A 0 2 -34 1 100 1
309 A -2 2 -51 0 231 0
309 A -2 2 -63 0 187 0
309 A 2 2 -51 0 231 0
309 A 2 2 -63 0 187 0
309 A -3 2 -82 0 -167 0
309 A 3 2 -82 0 -167 0
309 A -6 2 -103 0 241 2
309 A 6 2 -103 0 241 -2
309 A 36 0 -13 -2 13 -2
309 A 36 0 -13 -10 13 -10
309 A -8 2 -60 -1 -62 -1
309 A -8 2 -182 -3 -184 -3
309 A 8 2 60 -1 62 -1
309 A 8 2 182 -3 184 -3
309 A -32 1 -34 -3 134 16
309 A 32 1 34 -3 -134 16
309 A 37 0 -9 -3 -5 14
309 A 37 0 9 -3 5 14
309 A 37 0 -6 -6 -11 11
309 A 37 0 6 -6 11 11
309 A 37 0 -18 -6 16 7
309 A 37 0 18 -6 -16 7
309 A -12 2 -47 0 287 6
309 A -12 2 -167 -4 -253 -6
309 A 12 2 -47 0 287 -6
309 A 12 2 167 -4 253 -6
309 A 38 0 -16 -5 16 -5
309 A -34 1 -71 -9 103 10
309 A 34 1 71 -9 -103 10
309 A 39 0 -19 -4 19 -4
309 A 39 0 -7 -17 7 -17
309 A -18 2 -35 -2 -85 -2
309 A 18 2 35 -2 85 -2
309 A -36 1 -89 -9 -82 -11
309 A 36 1 89 -9 82 -11
309 A -37 1 -68 -9 -111 -16
309 A 37 1 68 -9 111 -16
309 A 41 0 -5 -5 5 -5
309 A 43 0 -21 -7 4 13
309 A 43 0 21 -7 -4 13
309 A 43 0 -5 -13 5 -13
309 A -40 1 -37 -2 -70 -6
309 A 40 1 37 -2 70 -6
309 A 44 0 -14 -5 14 -5
309 A 45 0 -5 -17 5 -17
309 A 47 0 -12 -4 1 -16
309 A 47 0 12 -4 -1 -16
309 A 47 0 -23 -8 23 -8
309 A 49 0 -12 -4 23 -24
309 A 49 0 12 -4 -23 -24
309 A 49 0 -24 -8 -13 -12
309 A 49 0 24 -8 13 -12
309 A 49 0 -12 -12 12 -12
309 A 51 0 -10 -16 10 -16
309 A 51 0 -25 -25 25 -25
309 A -3 3 -76 -1 154 -1
309 A 3 3 76 -1 -154 -1
309 A -52 1 -25 -9 127 26
309 A 52 1 25 -9 -127 26
309 A 57 0 -4 -4 4 -4
309 A 61 0 -22 -13 22 -13
309 A 67 0 -33 -28 33 -28
309 A 69 0 -25 -5 25 -5
309 A 0 4 -104 -1 104 -1
309 A 79 0 -26 -35 26 -35
309 A 81 0 -40 -29 40 -29
309 A 83 0 -7 -7 7 -7
309 A 95 0 -40 -8 40 -8
309 A 109 0 -33 -11 33 -11
309 A 117 0 -58 -35 58 -35
309 A 123 0 -46 -46 46 -46
309 A 127 0 -48 -16 48 -16
309 A 137 0 -23 -23 23 -23
309 A 147 0 -37 -37 37 -37
309 A 153 0 -76 -76 76 -76
309 S 1 1 5 0
309 S 2 2 5 0
309 S -1 1 5 0
309 S -2 2 5 0
309 S 3 1 6 0
309 S 1 1 10 0
309 S 3 3 10 0
309 S -1 1 10 0
309 S -3 3 10 0
309 S 4 1 13 0
309 S -5 2 13 0
309 S -1 3 13 0
309 S 3 4 13 0
309 S -6 5 13 0
309 S -2 6 13 0
309 S -4 1 13 0
309 S 5 2 13 0
309 S 1 3 13 0
309 S -3 4 13 0
309 S 6 5 13 0
309 S 2 6 13 0
309 S 6 1 15 0
309 S -3 2 15 0
309 S -6 4 15 0
309 S -3 7 15 0
309 S -6 1 15 0
309 S 3 2 15 0
309 S 6 4 15 0
309 S 3 7 15 0
309 T 2 4 2 1 0
309 T 601 282 2043 0 0
309 T 2045 330 2002 0 0
309 T 2004 288 599 0 0
309 T 288 332 282 0 0
309 T 669 1113 1214 0 0
309 T 661 894 667 0 0
309 T 1216 114 659 0 0
309 T 894 116 1113 0 0
309 T 664 901 654 0 0
309 T 656 121 1155 0 0
309 T 1157 1142 662 0 0
309 T 1142 119 901 0 0
309 T 793 789 785 -1 0
309 T 393 399 383 0 0
309 T 385 2060 503 0 0
309 T 505 1604 391 0 0
309 T 1604 2058 399 0 0
309 T 498 386 1656 0 0
309 T 1654 394 2018 0 0
309 T 2020 380 500 0 0
309 T 380 396 386 0 0
309 T 553 298 2051 0 0
309 T 1712 296 551 0 0
309 T 2053 293 1710 0 0
309 T 296 291 298 0 0
309 T 548 296 1766 0 0
309 T 1768 290 2011 0 0
309 T 2013 305 546 0 0
309 T 305 292 296 0 0
309 T 141 164 131 0 0
309 T 133 2192 2127 0 0
309 T 2129 1951 139 0 0
309 T 1951 2190 164 0 0
309 T 136 1948 2091 0 0
309 T 128 164 134 0 0
309 T 2093 2230 126 0 0
309 T 164 2232 1948 0 0
309 T 741 860 731 0 0
309 T 733 1333 1234 0 0
309 T 1236 146 739 0 0
309 T 146 1331 860 0 0
309 T 736 145 1175 0 0
309 T 728 860 734 0 0
309 T 1177 1411 726 0 0
309 T 860 1413 145 0 0
309 T 540 481 2042 0 0
309 T 1693 451 538 0 0
309 T 2044 445 1691 0 0
309 T 451 443 481 0 0
309 T 544 457 1747 0 0
309 T 1749 447 2003 0 0
309 T 2005 480 542 0 0
309 T 480 449 457 0 0
309 T 241 794 2082 0 0
309 T 233 284 239 0 0
309 T 2084 2067 231 0 0
309 T 284 2069 794 0 0
309 T 236 287 226 0 0
309 T 228 2029 2118 0 0
309 T 2120 801 234 0 0
309 T 801 2027 287 0 0
309 T 653 820 643 0 0
309 T 645 1507 1122 0 0
309 T 1124 158 651 0 0
309 T 158 1509 820 0 0
309 T 648 158 1091 0 0
309 T 640 823 646 0 0
309 T 1093 1569 638 0 0
309 T 823 1567 158 0 0
309 T 177 1365 755 -1 0
309 T 753 1442 175 0 0
309 T 757 816 751 0 0
309 T 1442 814 1365 0 0
309 T 467 469 467 1 0
309 T 216 214 216 1 0
309 T 757 810 747 0 0
309 T 745 812 751 0 0
309 T 725 864 731 0 0
309 T 729 866 719 0 0
309 T 541 569 543 0 0
309 T 1748 1185 599 0 0
309 T 1185 446 286 0 0
309 T 600 1243 1691 0 0
309 T 285 445 1243 0 0
309 T 261 281 251 0 0
309 T 253 779 1702 0 0
309 T 1704 2237 259 0 0
309 T 2237 781 281 0 0
309 T 256 2195 1758 0 0
309 T 248 274 254 0 0
309 T 1760 776 246 0 0
309 T 274 774 2195 0 0
309 T 149 156 143 0 0
309 T 197 1795 715 0 0
309 T 189 202 195 0 0
309 T 717 2185 187 0 0
309 T 202 2183 1795 0 0
309 T 192 209 182 0 0
309 T 184 2223 710 0 0
309 T 712 1741 190 0 0
309 T 1741 2225 209 0 0
309 T 497 2237 535 0 0
309 T 537 261 1530 0 0
309 T 1532 1702 495 0 0
309 T 492 1760 1471 0 0
309 T 532 2195 490 0 0
309 T 1473 254 530 0 0
309 T 273 301 279 0 0
309 T 277 303 267 0 0
309 T 197 1121 723 0 0
309 T 725 882 715 0 0
309 T 1797 884 1121 0 0
309 T 720 1151 190 0 0
309 T 712 881 718 0 0
309 T 1151 879 1739 0 0
309 T 153 1736 855 0 0
309 T 857 899 847 0 0
309 T 849 969 151 0 0
309 T 969 901 1736 0 0
309 T 852 1790 150 0 0
309 T 848 896 850 0 0
309 T 1790 894 966 0 0
309 T 189 2061 1827 0 0
309 T 1829 2258 195 0 0
309 T 2258 2059 204 0 0
309 T 192 2304 1822 0 0
309 T 1824 2019 182 0 0
309 T 207 2021 2304 0 0
309 T 1805 132 2034 0 0
309 T 2036 138 2238 0 0
309 T 2240 165 1803 0 0
309 T 1800 165 2282 0 0
309 T 1997 127 1798 0 0
309 T 2284 137 1995 0 0
309 T 677 762 667 0 0
309 T 669 1628 1522 0 0
309 T 1524 272 675 0 0
309 T 272 1626 762 0 0
309 T 672 267 1463 0 0
309 T 664 761 670 0 0
309 T 1465 1678 662 0 0
309 T 761 1680 267 0 0
309 T 493 2177 371 0 0
309 T 1312 329 491 0 0
309 T 2177 327 2134 0 0
309 T 2113 1730 491 0 0
309 T 1730 451 327 0 0
309 T 325 457 1789 0 0
309 T 495 1390 323 0 0
309 T 1787 2076 497 0 0
309 T 495 375 2216 0 0
309 T 2214 2099 323 0 0
309 T 161 156 160 0 0
309 T 158 870 2106 0 0
309 T 2145 876 159 0 0
309 T 2108 353 2143 0 0
309 T 433 1784 836 0 0
309 T 425 477 431 0 0
309 T 834 2187 423 0 0
309 T 477 2189 1784 0 0
309 T 834 418 2227 0 0
309 T 1728 428 836 0 0
309 T 2229 475 1726 0 0
309 T 428 477 418 0 0
309 T 339 1759 1702 0 0
309 T 781 777 785 1 0
309 T 184 1186 923 0 0
309 T 925 944 927 0 0
309 T 929 1663 182 0 0
309 T 1663 942 1186 0 0
309 T 188 1612 927 0 0
309 T 925 1249 186 0 0
309 T 1249 944 1612 0 0
309 T 189 989 708 0 0
309 T 706 710 703 0 0
309 T 705 2064 187 0 0
309 T 2064 712 989 0 0
309 T 184 2022 698 0 0
309 T 708 1046 182 0 0
309 T 700 717 706 0 0
309 T 1046 715 2022 0 0
309 T 1873 311 2135 0 0
309 T 2176 321 1871 0 0
309 T 321 326 311 0 0
309 T 1868 321 2214 0 0
309 T 2101 316 1866 0 0
309 T 316 325 321 0 0
309 T 593 2192 531 0 0
309 T 1588 131 591 0 0
309 T 126 1641 596 0 0
309 T 594 534 2232 0 0
309 T 661 2009 1126 0 0
309 T 653 875 659 0 0
309 T 1128 222 651 0 0
309 T 875 224 2009 0 0
309 T 656 872 646 0 0
309 T 648 221 1095 0 0
309 T 1097 2047 654 0 0
309 T 2047 219 872 0 0
309 T 273 310 263 0 0
309 T 265 2322 763 0 0
309 T 1629 2324 310 0 0
309 T 264 317 266 0 0
309 T 760 2280 262 0 0
309 T 317 2278 1679 0 0
309 T 169 2309 1710 0 0
309 T 2053 1971 167 0 0
309 T 1971 293 2309 0 0
309 T 168 1971 2011 0 0
309 T 1768 2263 166 0 0
309 T 2263 290 1971 0 0
309 T 169 948 695 0 0
309 T 705 2072 167 0 0
309 T 697 759 703 0 0
309 T 2072 761 948 0 0
309 T 168 2030 698 0 0
309 T 700 764 694 0 0
309 T 947 762 2030 0 0
309 T 117 1620 1423 0 0
309 T 1425 1433 1427 0 0
309 T 1006 1431 1620 0 0
309 T 6 1615 1431 0 0
309 T 16 1423 1615 0 0
309 T 115 1600 1396 0 0
309 T 1394 1398 1461 0 0
309 T 1008 1400 1600 0 0
309 T 1345 1670 118 0 0
309 T 1349 1351 1343 0 0
309 T 1670 1353 1069 0 0
309 T 1353 1669 6 0 0
309 T 1669 1345 18 0 0
309 T 1379 1321 1317 0 0
309 T 1315 1650 120 0 0
309 T 1650 1319 1067 0 0
309 T 121 1734 1915 0 0
309 T 1917 967 1142 0 0
309 T 1912 1792 114 0 0
309 T 1113 968 1910 0 0
309 T 809 1273 287 0 0
309 T 801 882 807 0 0
309 T 1273 884 2029 0 0
309 T 284 1211 802 0 0
309 T 804 881 794 0 0
309 T 2067 879 1211 0 0
309 T 1789 1732 617 1 0
309 T 332 329 325 0 0
309 T 581 1772 1030 0 0
309 T 1032 1836 1126 0 0
309 T 1128 194 579 0 0
309 T 194 1834 1772 0 0
309 T 576 193 1095 0 0
309 T 973 1714 574 0 0
309 T 1097 1831 971 0 0
309 T 1714 1833 193 0 0
309 T 1056 1369 551 0 0
309 T 1712 1291 1054 0 0
309 T 1369 1293 294 0 0
309 T 548 1447 995 0 0
309 T 997 1288 1766 0 0
309 T 294 1286 1447 0 0
309 T 1285 408 2034 0 0
309 T 2036 398 2162 0 0
309 T 2164 418 1283 0 0
309 T 418 400 408 0 0
309 T 1280 425 2202 0 0
309 T 1997 403 1278 0 0
309 T 2204 397 1995 0 0
309 T 403 395 425 0 0
309 T 1216 1828 1126 0 0
309 T 2007 1826 116 0 0
309 T 1097 1823 1155 0 0
309 T 119 1825 2049 0 0
309 T 877 889 867 0 0
309 T 865 891 871 0 0
309 T 441 2314 843 0 0
309 T 433 464 439 0 0
309 T 845 1622 431 0 0
309 T 464 1624 2314 0 0
309 T 436 459 426 0 0
309 T 428 1676 838 0 0
309 T 840 2272 434 0 0
309 T 2272 1674 459 0 0
309 T 505 2062 543 0 0
309 T 545 712 1750 0 0
309 T 1752 987 503 0 0
309 T 500 1048 1695 0 0
309 T 540 2024 498 0 0
309 T 1697 715 538 0 0
309 T 241 786 1134 0 0
309 T 1136 843 2082 0 0
309 T 796 845 786 0 0
309 T 1105 793 234 0 0
309 T 2120 840 1103 0 0
309 T 793 838 799 0 0
309 T 1140 310 415 0 0
309 T 21 1870 1138 0 0
309 T 1867 23 1109 0 0
309 T 1107 410 315 0 0
309 T 845 828 836 0 0
309 T 1782 826 1624 0 0
309 T 836 831 838 0 0
309 T 1674 833 1728 0 0
309 T 385 819 1538 0 0
309 T 1540 1480 341 1 0
309 T 1480 825 379 0 0
309 T 817 823 819 0 0
309 T 141 1117 559 0 0
309 T 561 557 565 1 0
309 T 1983 1148 1117 0 0
309 T 557 1146 135 0 0
309 T 573 1560 970 0 0
309 T 908 7 571 0 0
309 T 972 1850 906 0 0
309 T 7 1852 1560 0 0
309 T 570 1031 1500 0 0
309 T 1498 1855 7 0 0
309 T 1855 1033 909 0 0
309 T 221 437 1102 0 0
309 T 2121 2273 219 0 0
309 T 441 225 1136 0 0
309 T 2316 2084 225 0 0
309 T 2149 228 2199 0 0
309 T 2201 82 2158 0 0
309 T 2160 230 2147 0 0
309 T 230 82 228 0 0
309 T 625 1266 1082 0 0
309 T 1084 1989 1455 0 0
309 T 1457 163 623 0 0
309 T 163 1987 1266 0 0
309 T 620 163 1375 0 0
309 T 1025 1208 618 0 0
309 T 1377 1990 1023 0 0
309 T 1208 1992 163 0 0
309 T 265 472 946 0 0
309 T 2324 2033 472 0 0
309 T 471 2071 2278 0 0
309 T 1115 25 1953 0 0
309 T 1947 29 1148 0 0
309 T 385 203 1534 0 0
309 T 1536 2261 503 0 0
309 T 500 2303 1475 0 0
309 T 1477 208 378 0 0
309 T 281 1018 771 0 0
309 T 773 889 779 0 0
309 T 2237 887 1018 0 0
309 T 776 890 766 0 0
309 T 768 1081 274 0 0
309 T 1081 892 2195 0 0
309 T 149 150 139 0 0
309 T 141 1737 2211 0 0
309 T 2213 856 147 0 0
309 T 144 851 2171 0 0
309 T 136 153 142 0 0
309 T 2173 1791 134 0 0
309 T 1476 621 2111 0 0
309 T 1360 619 207 0 0
309 T 2141 2423 207 0 0
309 T 2423 461 621 0 0
309 T 622 1440 204 0 0
309 T 1535 2075 624 0 0
309 T 622 462 2481 0 0
309 T 2479 2105 204 0 0
309 T 317 1738 2471 0 0
309 T 2473 1976 320 0 0
309 T 1976 1740 322 0 0
309 T 320 1979 2415 0 0
309 T 2417 1796 310 0 0
309 T 329 1794 1979 0 0
309 T 497 887 1386 0 0
309 T 1388 1020 535 0 0
309 T 532 1079 1307 0 0
309 T 1309 892 490 0 0
309 T 1696 172 1750 0 0
309 T 189 400 1042 0 0
309 T 1044 1603 1827 0 0
309 T 1824 1657 983 0 0
309 T 985 395 182 0 0
309 T 393 2398 1538 0 0
309 T 401 819 2398 0 0
309 T 822 396 2456 0 0
309 T 2454 388 1481 0 0
309 T 520 315 1150 0 0
309 T 880 2473 518 0 0
309 T 519 2414 882 0 0
309 T 1121 313 521 0 0
309 T 393 1837 1698 0 0
309 T 1700 223 1538 0 0
309 T 2400 225 1837 0 0
309 T 1481 220 1754 0 0
309 T 1756 1830 386 0 0
309 T 1830 218 2454 0 0
309 T 833 1258 423 0 0
309 T 1258 840 2189 0 0
309 T 420 1200 826 0 0
309 T 2227 843 1200 0 0
309 T 417 2322 1863 0 0
309 T 409 470 415 0 0
309 T 1865 2033 407 0 0
309 T 412 473 402 0 0
309 T 404 2071 1858 0 0
309 T 1860 2280 410 0 0
309 T 1524 300 2374 0 0
309 T 2376 280 675 0 0
309 T 672 275 2430 0 0
309 T 2432 303 1463 0 0
309 T 987 698 2183 0 0
309 T 2225 705 1048 0 0
309 T 1140 1627 1863 0 0
309 T 1860 1681 1107 0 0
309 T 1216 2259 579 0 0
309 T 576 2305 1155 0 0
309 T 1124 2142 659 0 0
309 T 656 2108 1091 0 0
309 T 1285 117 2038 0 0
309 T 2040 2000 689 1 0
309 T 2000 119 1279 0 0
309 T 77 121 117 0 0
309 T 1649 5 1594 0 0
309 T 1644 198 1590 0 0
309 T 1596 1173 1642 0 0
309 T 1592 1231 1647 0 0
309 T 512 207 1434 0 0
309 T 1884 2225 510 0 0
309 T 1436 1739 1882 0 0
309 T 511 2182 1886 0 0
309 T 1888 1796 1355 0 0
309 T 1357 205 513 0 0
309 T 1813 187 2162 0 0
309 T 2036 1044 1811 0 0
309 T 1808 983 1995 0 0
309 T 2204 184 1806 0 0
309 T 553 1254 930 0 0
309 T 932 1958 2051 0 0
309 T 300 1960 1254 0 0
309 T 933 1196 546 0 0
309 T 2013 1965 931 0 0
309 T 1196 1963 303 0 0
309 T 133 129 79 -1 0
309 T 79 2014 2055 0 0
309 T 2057 631 131 1 0
309 T 631 2016 129 0 0
309 T 367 371 375 0 0
309 T 1744 1455 1803 0 0
309 T 2240 625 1742 0 0
309 T 1800 1377 1687 0 0
309 T 1689 618 2282 0 0
309 T 690 693 689 -1 0
309 T 2040 600 692 0 0
309 T 600 2000 693 1 0
309 T 589 252 1382 0 0
309 T 1384 258 2378 0 0
309 T 2380 280 587 0 0
309 T 584 275 2434 0 0
309 T 1305 247 582 0 0
309 T 2436 257 1303 0 0
309 T 705 1884 2123 0 0
309 T 2125 1503 167 0 0
309 T 1503 1882 2070 0 0
309 T 168 1565 2087 0 0
309 T 2089 1887 698 0 0
309 T 2032 1889 1565 0 0
309 T 597 1632 683 0 0
309 T 685 681 689 1 0
309 T 214 1685 1632 0 0
309 T 681 1683 591 0 0
309 T 177 1893 1407 0 0
309 T 1409 1899 1326 0 0
309 T 1328 1895 175 0 0
309 T 1895 1901 1893 0 0
309 T 1805 1821 1811 0 0
309 T 1821 132 1042 0 0
309 T 1808 1814 1798 0 0
309 T 985 127 1814 0 0
309 T 653 2401 1030 0 0
309 T 1032 398 643 0 0
309 T 640 397 971 0 0
309 T 973 2455 646 0 0
309 T 1404 1923 1486 0 0
309 T 1549 1921 1322 0 0
309 T 1821 1905 1827 0 0
309 T 1905 132 1605 0 0
309 T 1824 1906 1814 0 0
309 T 1655 127 1906 0 0
309 T 932 1954 167 0 0
309 T 1954 1958 1973 0 0
309 T 1973 1965 1957 0 0
309 T 197 2269 731 0 0
309 T 1119 864 2269 0 0
309 T 728 2311 190 0 0
309 T 2311 867 1153 0 0
309 T 489 1110 527 0 0
309 T 529 969 2382 0 0
309 T 2384 1913 487 0 0
309 T 484 1914 2438 0 0
309 T 524 1145 482 0 0
309 T 2440 966 522 0 0
309 T 669 528 2486 0 0
309 T 2488 486 1214 0 0
309 T 1157 485 2510 0 0
309 T 2512 523 662 0 0
309 T 389 1848 1590 0 0
309 T 393 85 387 0 0
309 T 1644 1842 391 0 0
309 T 753 12 2523 0 0
309 T 2525 2102 175 0 0
309 T 12 757 2500 0 0
309 T 2498 175 2139 0 0
309 T 141 1916 2394 0 0
309 T 2396 118 2211 0 0
309 T 2173 117 2450 0 0
309 T 2452 1911 134 0 0
309 T 367 359 363 0 0
309 T 365 2469 487 0 0
309 T 485 2410 359 0 0
309 T 2410 213 2469 0 0
309 T 365 232 1038 0 0
309 T 1040 2247 487 0 0
309 T 2467 2249 232 0 0
309 T 484 2293 979 0 0
309 T 981 227 358 0 0
309 T 227 2291 2413 0 0
309 T 685 772 675 0 0
309 T 2376 1019 683 0 0
309 T 680 1080 2430 0 0
309 T 672 767 678 0 0
309 T 1897 326 1354 0 0
309 T 1889 1980 1895 0 0
309 T 1892 1975 1882 0 0
309 T 1436 325 1890 0 0
309 T 377 1874 1218 0 0
309 T 1220 1015 495 0 0
309 T 2216 1017 1874 0 0
309 T 492 1076 1159 0 0
309 T 1161 1881 370 0 0
309 T 1881 1074 2174 0 0
309 T 1945 1993 1951 0 0
309 T 2192 1207 1943 0 0
309 T 1948 1986 1938 0 0
309 T 1940 1269 2230 0 0
309 T 537 1939 1526 0 0
309 T 1528 1268 595 0 0
309 T 592 1206 1467 0 0
309 T 1469 1944 530 0 0
309 T 1136 1104 2333 -1 0
309 T 466 437 441 0 0
309 T 749 857 739 0 0
309 T 1236 2210 747 0 0
309 T 744 2172 1175 0 0
309 T 736 850 742 0 0
309 T 1048 512 2123 0 0
309 T 2089 512 987 0 0
309 T 1865 2180 1498 0 0
309 T 1857 1886 1863 0 0
309 T 1886 6 2180 0 0
309 T 1860 1885 1850 0 0
309 T 1560 2218 1858 0 0
309 T 2218 6 1885 0 0
309 T 589 1037 2486 0 0
309 T 669 1341 587 0 0
309 T 1341 528 1037 0 0
309 T 584 1419 662 0 0
309 T 2512 974 582 0 0
309 T 974 523 1419 0 0
309 T 677 2462 587 0 0
309 T 2462 762 1339 0 0
309 T 584 2408 670 0 0
309 T 1421 761 2408 0 0
309 T 1809 89 1811 0 0
309 T 1813 9 2158 0 0
309 T 2201 8 1807 0 0
309 T 253 236 244 0 0
309 T 245 238 247 0 0
309 T 589 1774 1526 0 0
309 T 1528 2340 1382 0 0
309 T 250 2338 1774 0 0
309 T 1305 2335 1467 0 0
309 T 1469 1720 582 0 0
309 T 1720 2337 249 0 0
309 T 1881 1935 1871 0 0
309 T 1076 321 1935 0 0
309 T 1868 1932 1874 0 0
309 T 1932 321 1015 0 0
309 T 2500 954 747 0 0
309 T 812 956 12 0 0
309 T 744 957 2522 0 0
309 T 1644 1838 1698 0 0
309 T 1835 1840 1844 0 0
309 T 1756 1838 1591 0 0
309 T 1847 1840 1832 0 0
309 T 1857 1562 407 0 0
309 T 404 1504 1850 0 0
309 T 529 416 1130 0 0
309 T 1132 406 2490 0 0
309 T 2492 471 527 0 0
309 T 524 472 2514 0 0
309 T 1101 411 522 0 0
309 T 2516 405 1099 0 0
309 T 960 1955 291 0 0
309 T 2309 1965 958 0 0
309 T 961 1958 2263 0 0
309 T 917 964 919 0 0
309 T 921 1232 2442 0 0
309 T 2444 195 915 0 0
309 T 195 1230 964 0 0
309 T 917 193 2387 0 0
309 T 2389 1170 919 0 0
309 T 962 1172 193 0 0
309 T 1524 1960 1634 0 0
309 T 1636 1256 2374 0 0
309 T 1585 1963 1463 0 0
309 T 2432 1194 1583 0 0
309 T 733 145 2295 0 0
309 T 2297 2252 173 1 0
309 T 2252 147 727 0 0
309 T 509 828 2570 0 0
309 T 1565 1200 507 0 0
309 T 2572 418 1563 0 0
309 T 508 1258 1503 0 0
309 T 1505 425 2614 0 0
309 T 2616 831 506 0 0
309 T 1857 2571 399 0 0
309 T 396 2617 1850 0 0
309 T 1945 2472 1074 0 0
309 T 1076 521 1571 0 0
309 T 1573 879 1943 0 0
309 T 1940 884 1511 0 0
309 T 1017 2414 1938 0 0
309 T 1513 521 1015 0 0
309 T 233 444 2166 0 0
309 T 2168 1244 239 0 0
309 T 236 1182 2206 0 0
309 T 2208 447 226 0 0
309 T 1945 1977 1935 0 0
309 T 1932 1978 1938 0 0
309 T 1328 1887 2390 0 0
309 T 2392 1980 175 0 0
309 T 176 1975 2446 0 0
309 T 2448 1884 1406 0 0
309 T 357 447 359 0 0
309 T 980 2206 355 0 0
309 T 1039 354 2166 0 0
309 T 442 356 364 0 0
309 T 553 1918 2055 0 0
309 T 2016 1924 547 0 0
309 T 1928 1922 1918 0 0
309 T 1399 2154 1621 0 0
309 T 1432 2156 1601 0 0
309 T 1670 2152 1321 0 0
309 T 1650 2150 1351 0 0
309 T 1424 38 1615 0 0
309 T 1668 37 1343 0 0
309 T 563 2451 2394 0 0
309 T 1914 1910 1985 1 0
309 T 645 2572 906 0 0
309 T 637 828 643 0 0
309 T 908 507 635 0 0
309 T 640 831 634 0 0
309 T 909 2614 638 0 0
309 T 241 1719 2595 0 0
309 T 2597 2336 244 0 0
309 T 244 2339 2551 0 0
309 T 2553 1777 234 0 0
309 T 293 2578 1447 0 0
309 T 1288 2580 298 0 0
309 T 1369 2624 290 0 0
309 T 305 2622 1291 0 0
309 T 177 2419 747 -1 0
309 T 2139 954 2419 0 0
309 T 744 2477 174 0 0
309 T 2477 957 2105 0 0
309 T 1744 1968 1634 0 0
309 T 1584 1969 1686 0 0
309 T 1849 935 1402 0 0
309 T 1324 937 1843 0 0
309 T 527 2546 1372 0 0
309 T 1370 1344 1340 0 0
309 T 1036 1342 2546 0 0
309 T 1450 2592 524 0 0
309 T 1418 1422 1452 0 0
309 T 2592 1424 975 0 0
309 T 1388 1397 1382 0 0
309 T 1384 2598 535 0 0
309 T 2598 1395 1018 0 0
309 T 1404 1447 1398 0 0
309 T 1400 997 2603 0 0
309 T 2605 546 1402 0 0
309 T 532 2556 1303 0 0
309 T 1305 1314 1307 0 0
309 T 1081 1316 2556 0 0
309 T 1321 1369 1323 0 0
309 T 1325 553 2559 0 0
309 T 2561 1054 1319 0 0
309 T 741 1413 2295 0 0
309 T 2253 1331 734 0 0
309 T 801 1513 2611 0 0
309 T 2613 1938 807 0 0
309 T 804 1945 2567 0 0
309 T 2569 1571 794 0 0
309 T 2341 1980 1706 0 0
309 T 1228 2390 2339 0 0
309 T 1708 177 1226 1 0
309 T 2336 2448 1167 0 0
309 T 1169 174 1762 -1 0
309 T 1764 1975 2334 0 0
309 T 373 146 1162 0 0
309 T 1164 1291 2115 0 0
309 T 1337 1293 146 0 0
309 T 2133 2577 147 0 0
309 T 2577 458 1290 0 0
309 T 142 377 1224 0 0
309 T 1289 1416 144 0 0
309 T 1222 2078 1287 0 0
309 T 1289 465 2619 0 0
309 T 2621 2097 144 0 0
309 T 809 904 803 0 0
309 T 1906 1900 1904 0 0
309 T 1488 2017 2603 0 0
309 T 2605 126 2722 0 0
309 T 2724 632 1486 -1 0
309 T 1548 631 2734 1 0
309 T 2561 2055 1546 0 0
309 T 2736 133 2559 0 0
309 T 1636 2538 683 0 0
309 T 2538 1256 1021 0 0
309 T 680 2545 1583 0 0
309 T 1078 1194 2545 0 0
309 T 201 199 201 -1 0
309 T 1488 628 1547 0 0
309 T 1100 2095 2591 0 0
309 T 1131 2547 2131 0 0
309 T 465 2366 1082 0 0
309 T 2480 1266 2366 0 0
309 T 1025 2373 458 0 0
309 T 2373 1208 2422 0 0
309 T 121 1729 2355 0 0
309 T 2353 1782 115 0 0
309 T 1180 1986 807 0 0
309 T 2613 1946 1178 0 0
309 T 804 1993 1238 0 0
309 T 1240 1953 2567 0 0
309 T 1307 2286 121 0 0
309 T 2286 1303 1653 0 0
309 T 114 2244 1388 0 0
309 T 1599 1384 2244 0 0
309 T 308 306 308 1 0
309 T 117 2274 1419 0 0
309 T 1618 1451 2274 0 0
309 T 6 2256 1409 0 0
309 T 1407 1411 1431 0 0
309 T 1617 1413 2256 0 0
309 T 1341 2320 118 0 0
309 T 2320 1373 1672 0 0
309 T 1353 1333 1329 0 0
309 T 1327 2298 6 0 0
309 T 2298 1331 1667 0 0
309 T 509 2578 2691 0 0
309 T 2693 1449 950 0 0
309 T 952 291 507 0 0
309 T 2688 2624 506 0 0
309 T 953 1367 2686 0 0
309 T 1180 350 1239 0 0
309 T 1876 1926 1878 0 0
309 T 1941 2340 2600 0 0
309 T 1943 2557 2336 0 0
309 T 869 519 2762 0 0
309 T 2764 314 2311 0 0
309 T 2269 313 2794 0 0
309 T 2796 519 862 0 0
309 T 627 1022 1082 0 0
309 T 2368 2372 2362 -1 0
309 T 597 2852 1746 0 0
309 T 1748 2760 1638 0 0
309 T 127 2758 2852 0 0
309 T 1691 1587 2792 0 0
309 T 2790 130 2834 0 0
309 T 2836 592 1693 0 0
309 T 677 2670 1526 0 0
309 T 1776 2672 2464 0 0
309 T 1469 2669 670 0 0
309 T 2406 2667 1718 0 0
309 T 2601 1930 1706 0 0
309 T 1764 1937 2555 0 0
309 T 489 1779 1218 0 0
309 T 1160 1724 483 0 0
309 T 257 1569 2343 0 0
309 T 261 307 255 0 0
309 T 2345 2361 2347 0 0
309 T 2349 1506 259 0 0
309 T 581 140 1130 0 0
309 T 2548 2707 579 0 0
309 T 2707 2132 140 0 0
309 T 576 2712 2590 0 0
309 T 1101 135 574 0 0
309 T 135 2094 2712 0 0
309 T 581 1577 2490 0 0
309 T 138 406 1577 0 0
309 T 2516 1515 574 0 0
309 T 1515 405 137 0 0
309 T 153 613 958 0 0
309 T 2309 2767 151 0 0
309 T 2767 1965 613 0 0
309 T 152 2801 2263 0 0
309 T 610 1958 2801 0 0
309 T 2813 1594 918 0 0
309 T 2388 1644 2811 0 0
309 T 2808 1591 2442 0 0
309 T 921 1648 2806 0 0
309 T 357 2528 2855 0 0
309 T 2857 2403 359 0 0
309 T 449 2405 2528 0 0
309 T 2858 362 2459 0 0
309 T 2461 444 2502 0 0
309 T 2504 356 2860 0 0
309 T 2861 1715 914 0 0
309 T 916 613 355 0 0
309 T 613 1717 2505 0 0
309 T 917 1773 2854 0 0
309 T 2527 1771 610 0 0
309 T 152 2708 2575 0 0
309 T 2621 2711 151 0 0
309 T 1528 2940 683 0 0
309 T 1630 2938 1266 0 0
309 T 680 2958 1467 0 0
309 T 1208 2960 1684 0 0
309 T 903 905 903 1 0
309 T 956 2426 207 0 0
309 T 2426 2421 2425 0 0
309 T 2477 2482 2479 0 0
309 T 204 2484 955 0 0
309 T 1285 1575 2238 0 0
309 T 2284 1517 1278 0 0
309 T 2839 341 2824 0 0
309 T 1821 2508 2006 0 0
309 T 117 2506 1903 0 0
309 T 2048 2530 1814 0 0
309 T 1908 2532 118 0 0
309 T 10 2802 2586 0 0
309 T 2633 2773 11 0 0
309 T 2588 905 2631 0 0
309 T 2773 903 2802 0 0
309 T 916 2756 2519 0 0
309 T 2521 1840 2386 0 0
309 T 190 1838 2756 0 0
309 T 2444 1840 2495 0 0
309 T 2497 2786 915 0 0
309 T 2786 1838 197 0 0
309 T 1228 1494 223 0 0
309 T 221 1557 1166 0 0
309 T 2756 1717 1847 0 0
309 T 1844 1771 2786 0 0
309 T 2657 459 1054 0 0
309 T 1712 2574 2655 0 0
309 T 2652 2620 1766 0 0
309 T 997 464 2650 0 0
309 T 1056 1672 2791 0 0
309 T 2793 2152 2561 0 0
309 T 2603 2155 2759 0 0
309 T 2761 1618 995 0 0
309 T 2593 39 2742 0 0
309 T 2744 1616 974 0 0
309 T 1037 1666 2774 0 0
309 T 2776 37 2547 0 0
309 T 2461 1212 1659 0 0
309 T 1608 1271 2402 0 0
309 T 2521 1700 2811 0 0
309 T 2808 1754 2495 0 0
309 T 1400 11 2746 1 0
309 T 2748 27 1394 0 0
309 T 1317 30 2778 0 0
309 T 2780 11 1319 0 0
309 T 2821 1683 2426 0 0
309 T 1581 1088 2819 0 0
309 T 2428 2914 1579 0 0
309 T 1088 2916 1683 0 0
309 T 2815 2483 1630 0 0
309 T 1028 1520 2817 0 0
309 T 1632 2918 1026 0 0
309 T 1520 2920 2483 0 0
309 T 1388 2507 2943 0 0
309 T 2945 1904 2242 0 0
309 T 2288 1907 2923 0 0
309 T 2925 2533 1307 0 0
309 T 1398 1847 2965 0 0
309 T 2963 935 1449 0 0
309 T 1367 936 2969 0 0
309 T 2967 1844 1321 0 0
309 T 209 2741 950 0 0
309 T 2693 2582 207 0 0
309 T 2582 1449 2741 0 0
309 T 204 2628 2686 0 0
309 T 953 2727 202 0 0
309 T 2727 1367 2628 0 0
309 T 2857 1845 2494 0 0
309 T 2496 2783 359 0 0
309 T 2783 1843 2405 0 0
309 T 1849 2861 2521 0 0
309 T 2519 363 2750 0 0
309 T 2752 2460 1847 0 0
309 T 937 952 939 0 0
309 T 941 207 1658 0 0
309 T 1660 2741 935 0 0
309 T 937 2726 1607 0 0
309 T 1609 205 939 0 0
309 T 765 2321 2663 0 0
309 T 2665 121 2463 0 0
309 T 117 2661 2408 0 0
309 T 2276 761 2661 0 0
309 T 169 2767 2647 0 0
309 T 2649 153 1710 0 0
309 T 2644 2801 166 0 0
309 T 1768 150 2642 0 0
309 T 770 2670 2938 0 0
309 T 2960 2669 769 0 0
309 T 2629 332 2582 0 0
309 T 2588 1272 2627 0 0
309 T 2584 1211 2631 0 0
309 T 912 2269 2775 0 0
309 T 2720 195 910 0 0
309 T 2777 733 2718 0 0
309 T 913 192 2730 0 0
309 T 2732 726 2743 0 0
309 T 2745 2311 911 0 0
309 T 1677 1057 2565 0 0
309 T 2563 2654 2273 0 0
309 T 2315 2653 2609 0 0
309 T 2607 994 1623 0 0
309 T 2973 1614 727 0 0
309 T 1176 2255 2971 0 0
309 T 1235 2974 2299 0 0
309 T 732 1668 2974 0 0
309 T 2157 2851 2722 0 0
309 T 2834 2153 2737 0 0
309 T 2357 2910 1775 0 0
309 T 1720 2908 2351 0 0
309 T 2641 1169 244 0 0
309 T 2597 2448 2639 0 0
309 T 244 1226 2634 0 0
309 T 2636 2390 2551 0 0
309 T 2665 1729 2951 0 0
309 T 2953 2357 2463 0 0
309 T 2409 2350 2931 0 0
309 T 2933 1783 2658 0 0
309 T 1088 2717 2959 0 0
309 T 2914 1207 2717 0 0
309 T 2714 1028 2940 0 0
309 T 1266 2918 2716 0 0
309 T 2629 1609 2968 0 0
309 T 2962 1659 2583 0 0
309 T 1036 2977 2718 0 0
309 T 2732 2970 975 0 0
309 T 497 869 2947 0 0
309 T 2949 875 1386 0 0
309 T 1309 872 2927 0 0
309 T 2929 862 490 0 0
309 T 2449 2220 2254 0 0
309 T 2391 2298 2180 0 0
309 T 505 2845 1530 0 0
309 T 1532 1594 2999 0 0
309 T 3001 2700 503 0 0
309 T 2700 1596 2845 0 0
309 T 1470 2986 1647 0 0
309 T 1649 2704 2826 0 0
309 T 2828 501 1472 0 0
309 T 501 2702 2986 0 0
309 T 171 1555 1494 0 0
309 T 213 211 213 -1 0
309 T 1724 72 1779 0 0
309 T 773 1027 2679 0 0
309 T 2681 2677 2685 1 0
309 T 352 1087 1027 0 0
309 T 2677 1089 767 0 0
309 T 2813 2843 2246 0 0
309 T 2248 2698 918 0 0
309 T 2807 2291 2826 0 0
309 T 920 2704 2291 0 0
309 T 2665 1677 2830 0 0
309 T 2832 832 2951 0 0
309 T 829 2848 2933 0 0
309 T 1625 2660 2848 0 0
309 T 2673 2717 2679 0 0
309 T 2676 2717 2666 0 0
309 T 177 1064 1490 -1 0
309 T 2885 2997 175 0 0
309 T 1492 2671 2883 0 0
309 T 2997 2673 1064 0 0
309 T 176 3007 2878 0 0
309 T 2880 2668 1550 0 0
309 T 1552 1003 174 0 0
309 T 1003 2666 3007 0 0
309 T 2885 1581 747 0 0
309 T 2421 1579 2995 0 0
309 T 744 1519 2878 0 0
309 T 3009 1521 2475 0 0
309 T 2588 2785 1320 0 0
309 T 2966 2403 2586 0 0
309 T 1399 2751 2630 0 0
309 T 2632 2461 2964 0 0
309 T 1332 3035 1411 0 0
309 T 857 1579 2990 0 0
309 T 3005 1520 851 0 0
309 T 1396 3048 1706 0 0
309 T 1019 1930 3048 0 0
309 T 1764 3043 1315 0 0
309 T 3043 1937 1080 0 0
309 T 2693 2689 2697 1 0
309 T 2078 341 2117 0 0
309 T 1064 2370 2679 0 0
309 T 2370 2995 2715 0 0
309 T 2676 2369 1003 0 0
309 T 2715 3009 2369 0 0
309 T 1192 2991 2911 0 0
309 T 2909 3004 1251 0 0
309 T 2885 2992 739 0 0
309 T 736 3002 2878 0 0
309 T 2953 2910 2671 0 0
309 T 2668 2909 2931 0 0
309 T 2649 2709 2655 0 0
309 T 2652 2710 2642 0 0
309 T 2345 2904 1482 0 0
309 T 1544 2905 2347 0 0
309 T 1484 72 1542 0 0
309 T 3009 2921 2479 0 0
309 T 2994 2422 2917 0 0
309 T 2893 273 1498 0 0
309 T 1561 267 2887 0 0
309 T 1821 2956 223 0 0
309 T 2956 2508 874 0 0
309 T 220 2934 1814 0 0
309 T 873 2530 2934 0 0
309 T 2885 2912 2875 0 0
309 T 2877 1191 739 0 0
309 T 736 1253 2870 0 0
309 T 2872 2907 2878 0 0
309 T 2781 2802 2783 0 0
309 T 2753 2772 2747 0 0
309 T 3089 1521 2382 0 0
309 T 2384 2814 2943 0 0
309 T 2945 1027 3087 0 0
309 T 3084 1088 2923 0 0
309 T 2440 1579 3082 0 0
309 T 2925 2821 2438 0 0
309 T 1492 2951 2875 0 0
309 T 2872 2933 1550 0 0
309 T 573 3018 2775 0 0
309 T 912 264 571 0 0
309 T 264 2269 3018 0 0
309 T 2745 3017 570 0 0
309 T 3017 2311 263 0 0
309 T 273 2797 3019 0 0
309 T 3016 2763 266 0 0
309 T 1877 1255 2895 0 0
309 T 2897 97 2899 0 0
309 T 2901 1196 1879 0 0
309 T 2949 2955 2943 0 0
309 T 2927 2923 2935 0 0
309 T 3033 2794 1571 0 0
309 T 1076 864 3031 0 0
309 T 3028 867 1015 0 0
309 T 1513 2764 3026 0 0
309 T 2793 450 3054 0 0
309 T 3060 457 2759 0 0
309 T 1224 299 2867 0 0
309 T 2865 305 1162 0 0
309 T 2832 2705 1663 0 0
309 T 1612 2699 2847 0 0
309 T 1773 2768 3118 0 0
309 T 3120 1964 2527 0 0
309 T 2505 1959 3130 0 0
309 T 3132 2798 1715 0 0
309 T 972 3126 2591 0 0
309 T 2711 3128 1717 0 0
309 T 1771 3114 2708 0 0
309 T 2549 3116 1031 0 0
309 T 2563 3068 2121 0 0
309 T 3068 2654 219 0 0
309 T 2083 3070 2609 0 0
309 T 224 2653 3070 0 0
309 T 2080 2581 2867 0 0
309 T 2864 2623 2114 0 0
309 T 2384 3125 1218 0 0
309 T 1781 3123 1911 0 0
309 T 1161 3135 2438 0 0
309 T 1916 3137 1723 0 0
309 T 537 2979 2999 0 0
309 T 259 1594 2979 0 0
309 T 2989 2984 530 0 0
309 T 2984 1648 256 0 0
309 T 3149 1373 2791 0 0
309 T 1056 2318 3147 0 0
309 T 3144 2276 995 0 0
309 T 2761 1451 3142 0 0
309 T 1220 3026 2947 0 0
309 T 2929 3033 1159 0 0
309 T 169 3121 3171 0 0
309 T 3173 1770 2647 0 0
309 T 2644 1716 3166 0 0
309 T 3168 3131 166 0 0
309 T 3181 1570 2891 0 0
309 T 2889 1513 3175 0 0
309 T 697 41 926 0 0
309 T 928 3078 703 0 0
309 T 3078 40 761 0 0
309 T 700 3076 927 0 0
309 T 762 40 3076 0 0
309 T 3089 3192 1218 0 0
309 T 1519 3125 3192 0 0
309 T 1161 3195 3082 0 0
309 T 3195 3135 1581 0 0
309 T 1032 3222 2775 0 0
309 T 3020 3224 1501 0 0
309 T 2745 3208 971 0 0
309 T 1559 3206 3015 0 0
309 T 1611 3078 2062 0 0
309 T 2024 3076 1665 0 0
309 T 2893 2797 3223 0 0
309 T 3209 2763 2886 0 0
309 T 3011 3013 3011 1 0
309 T 3224 36 3115 0 0
309 T 3129 38 3206 0 0
309 T 3053 3051 3053 -1 0
309 T 3051 2770 2803 0 0
309 T 2945 3160 1382 0 0
309 T 3160 1904 1599 0 0
309 T 3155 1651 1909 0 0
309 T 2923 1303 3157 0 0
309 T 3173 3115 2655 0 0
309 T 2652 3129 3166 0 0
309 T 924 2896 3263 0 0
309 T 3265 3182 187 0 0
309 T 3182 2894 1246 0 0
309 T 184 3189 3251 0 0
309 T 3253 2899 923 0 0
309 T 1188 2901 3189 0 0
309 T 1821 1026 3107 0 0
309 T 3109 3268 223 0 0
309 T 3268 1028 2954 0 0
309 T 220 3254 3102 0 0
309 T 3104 1089 1814 0 0
309 T 2936 1087 3254 0 0
309 T 2830 763 3227 0 0
309 T 3229 2321 1675 0 0
309 T 1625 2275 3211 0 0
309 T 3213 760 2848 0 0
309 T 89 3250 3263 0 0
309 T 3099 3103 3107 0 0
309 T 2949 3267 3087 0 0
309 T 3254 2928 3085 0 0
309 T 169 1262 1050 0 0
309 T 1052 3289 3171 0 0
309 T 3119 3287 1262 0 0
309 T 166 991 1202 0 0
309 T 1204 3297 3133 0 0
309 T 3168 3295 991 0 0
309 T 3178 1059 44 0 0
309 T 46 1001 3176 0 0
309 T 3307 1000 3133 0 0
309 T 1204 3193 3309 0 0
309 T 3193 3297 1000 0 0
309 T 3194 1061 3289 0 0
309 T 1262 3312 3196 0 0
309 T 3312 3121 1061 0 0
309 T 3181 3030 3223 0 0
309 T 3209 3029 3174 0 0
309 T 1544 1191 2155 0 0
309 T 2153 1252 1482 0 0
309 T 3190 3026 3269 0 0
309 T 3255 3033 3197 0 0
309 T 365 2773 3219 0 0
309 T 3221 2748 2519 0 0
309 T 2781 3204 2496 0 0
309 T 3204 2802 359 0 0
309 T 505 1613 3095 0 0
309 T 3097 3078 543 0 0
309 T 540 3076 3090 0 0
309 T 3092 1663 498 0 0
309 T 760 59 3078 0 0
309 T 3077 61 762 0 0
309 T 1813 3263 3314 0 0
309 T 3316 3182 2162 1 0
309 T 2204 3189 3315 0 0
309 T 3317 3253 1806 0 0
309 T 2564 1649 3272 0 0
309 T 3270 255 3338 0 0
309 T 3340 2983 2562 0 0
309 T 2608 2980 3335 0 0
309 T 3274 1595 2606 0 0
309 T 3337 260 3276 0 0
309 T 3272 173 3275 0 0
309 T 3001 2848 3095 0 0
309 T 2832 2989 3092 0 0
309 T 3161 3157 3165 1 0
309 T 3316 3343 1283 1 0
309 T 3343 3182 420 0 0
309 T 1280 3348 3315 0 0
309 T 423 3189 3348 0 0
309 T 2564 3226 3147 0 0
309 T 3144 3212 2606 0 0
309 T 225 3238 3379 0 0
309 T 3381 993 3071 0 0
309 T 2650 991 3238 0 0
309 T 3069 1050 3375 0 0
309 T 3377 3237 218 0 0
309 T 3237 1052 2657 0 0
309 T 3097 758 3414 0 0
309 T 3409 765 3090 0 0
309 T 3316 3398 2038 1 0
309 T 115 3400 3345 0 0
309 T 2001 3405 3315 0 0
309 T 3346 3403 120 0 0
309 T 990 171 1052 0 0
309 T 3375 2326 3380 0 0
309 T 3237 3289 3117 0 0
309 T 3126 3294 3239 0 0
309 T 3001 3211 3414 0 0
309 T 3227 2989 3409 0 0
309 T 2641 1176 3303 0 0
309 T 3301 1234 2635 0 0
309 T 3360 3107 3379 0 0
309 T 3240 3109 3332 0 0
309 T 3377 3104 3366 0 0
309 T 3323 3102 3235 0 0
309 T 3365 3238 3266 0 0
309 T 3256 3237 3371 0 0
309 T 3126 3390 3364 0 0
309 T 3430 1001 3128 0 0
309 T 3362 3028 3432 0 0
309 T 1001 3026 3390 0 0
309 T 3114 1058 3428 0 0
309 T 3426 3031 3372 0 0
309 T 3370 3397 3116 0 0
309 T 3397 3033 1058 0 0
309 T 2327 3291 3282 0 0
309 T 3284 3108 9 0 0
309 T 8 3102 3291 0 0
309 T 2080 2692 3259 0 0
309 T 3261 506 2867 0 0
309 T 2864 509 3247 0 0
309 T 3249 2687 2114 0 0
309 T 3428 3234 3195 0 0
309 T 3192 3241 3430 0 0
309 T 3206 3391 69 0 0
309 T 64 3396 3224 0 0
309 T 2988 2564 3447 0 0
309 T 2998 3443 2608 0 0
309 T 3206 998 3452 0 0
309 T 3450 3027 69 0 0
309 T 3454 1061 3224 0 0
309 T 64 3032 3456 0 0
309 T 3032 3457 45 0 0
309 T 46 3451 3027 0 0
309 T 2945 3420 2378 0 0
309 T 260 3418 3158 0 0
309 T 2436 3410 2923 0 0
309 T 3157 3412 255 0 0
309 T 54 3374 3290 0 0
309 T 3378 57 3284 0 0
309 T 2869 1199 3387 0 0
309 T 3385 1260 2863 0 0
309 T 3405 1183 3475 0 0
309 T 3473 1244 3399 0 0
309 T 3161 3465 2347 0 0
309 T 3465 3460 73 1 0
309 T 2345 3458 3155 0 0
309 T 3421 3465 1508 0 0
309 T 1566 3459 3411 0 0
309 T 2040 1243 3215 0 0
309 T 3217 1693 692 0 0
309 T 692 1746 3199 0 0
309 T 3201 1185 1999 0 0
309 T 3261 1562 3387 0 0
309 T 3384 1504 3247 0 0
309 T 3435 3437 3435 1 0
309 T 3355 3419 3410 0 0
309 T 3316 3470 3215 1 0
309 T 3201 3477 3315 0 0
309 T 3316 3485 692 1 0
309 T 3485 3470 1691 0 0
309 T 692 3487 3315 0 0
309 T 1748 3477 3487 0 0
309 T 3477 1192 3523 0 0
309 T 3521 1251 3471 0 0
309 T 3488 3485 688 1 0
309 T 3480 3477 3473 0 0
309 T 3507 3509 3507 1 0
309 T 3501 1232 3299 0 0
309 T 3305 1170 3503 0 0
309 T 3525 1070 3546 0 0
309 T 3553 1012 3519 0 0
309 T 3521 3527 3523 0 0
309 T 3389 1203 3515 0 0
309 T 3513 1264 3383 0 0
309 T 3537 3535 3537 -1 0
309 T 3517 3552 3538 0 0
309 T 3545 3547 3511 0 0
309 T 1072 1012 73 1 0
309 T 3553 3534 3546 0 0
309 T 339 3543 3538 0 0
309 T 3328 1708 2519 0 0
309 T 2496 1763 3318 0 0
309 T 3563 3565 3563 1 0
309 T 3579 3581 3579 1 0
309 T 3596 3594 3596 1 0
309 T 3616 3614 3616 1 0
309 U 52 1 1 0 0
309 U 1 1 1 -1 0
309 U 14 2 3 0 0
309 U 4 2 2 0 0
309 U 51 3 2 0 0
309 U 115 4 6 0 0
309 U 1429 4 4 0 0
309 U 1008 6 4 0 0
309 U 17 5 4 0 0
309 U 7 4 5 0 0
309 U 1459 6 6 0 0
309 U 27 7 6 0 0
309 U 11 6 7 -1 0
309 U 1066 8 10 0 0
309 U 1346 8 8 0 0
309 U 121 10 8 0 0
309 U 6 9 8 0 0
309 U 18 8 9 0 0
309 U 1380 10 10 0 0
309 U 10 11 10 0 0
309 U 31 10 11 0 0
309 U 123 12 12 0 0
309 U 49 13 12 0 0
309 U 71 13 12 0 0
309 U 219 14 17 0 0
309 U 3369 14 14 0 0
309 U 3324 17 14 0 0
309 U 55 15 14 0 0
309 U 9 14 15 0 0
309 U 3372 17 17 0 0
309 U 65 17 16 0 0
309 U 37 16 17 0 0
309 U 3330 18 21 0 0
309 U 3358 18 18 0 0
309 U 225 21 18 0 0
309 U 8 19 18 0 0
309 U 56 18 19 0 0
309 U 3363 21 21 0 0
309 U 38 21 20 0 0
309 U 69 20 21 0 0
309 U 2111 22 28 0 0
309 U 1312 33 22 0 0
309 U 451 28 33 0 0
309 U 373 25 22 0 0
309 U 2136 33 25 0 0
309 U 2117 31 22 0 0
309 U 1335 25 31 0 0
309 U 2824 30 22 0 0
309 U 42 31 30 0 0
309 U 381 26 22 0 0
309 U 1364 30 26 0 0
309 U 1358 26 28 0 0
309 U 21 25 24 0 0
309 U 416 32 25 0 0
309 U 2133 29 24 0 0
309 U 1373 33 29 0 0
309 U 458 29 30 0 0
309 U 12 27 26 0 0
309 U 2140 30 27 0 0
309 U 35 32 33 0 0
309 U 2078 34 43 0 0
309 U 377 37 34 0 0
309 U 1416 43 37 0 0
309 U 1392 45 34 0 0
309 U 2099 37 45 0 0
309 U 2076 40 34 0 0
309 U 457 45 40 0 0
309 U 385 38 34 0 0
309 U 1441 40 38 0 0
309 U 2841 42 34 0 0
309 U 1443 38 42 0 0
309 U 43 42 43 -1 0
309 U 2096 41 36 0 0
309 U 464 42 41 0 0
309 U 413 45 36 0 0
309 U 1450 41 45 0 0
309 U 22 37 36 0 0
309 U 2104 43 38 0 0
309 U 12 39 38 0 0
309 U 33 45 44 0 0
309 U 1586 46 48 0 0
309 U 533 50 46 0 0
309 U 2127 48 50 0 0
309 U 3449 48 46 0 0
309 U 3340 50 48 0 0
309 U 3408 53 46 0 0
309 U 3147 48 53 0 0
309 U 541 52 46 0 0
309 U 60 53 52 0 0
309 U 3056 52 48 0 0
309 U 62 48 49 0 0
309 U 561 51 48 0 0
309 U 25 51 50 0 0
309 U 35 52 53 0 0
309 U 3414 54 61 0 0
309 U 3444 56 54 0 0
309 U 3145 61 56 0 0
309 U 537 58 54 0 0
309 U 3334 56 58 0 0
309 U 1640 56 54 0 0
309 U 2092 58 56 0 0
309 U 545 60 54 0 0
309 U 3059 56 60 0 0
309 U 58 60 61 0 0
309 U 67 56 57 0 0
309 U 554 57 58 0 0
309 U 33 61 60 0 0
309 U 29 58 59 0 0
309 Q 4 95 4 95 -1 0 1 0 0 0
309 Q 123 789 74 791 0 0 0 0 0 0
309 Q 783 125 783 125 0 0 0 0 0 0
309 Q 469 633 214 631 -1 0 1 0 0 0
309 Q 199 753 72 755 0 0 0 0 0 0
309 Q 749 77 743 201 0 0 0 0 0 0
309 Q 72 812 77 810 0 0 0 0 0 0
309 Q 171 721 5 723 0 0 0 0 0 0
309 Q 864 3 866 154 0 0 0 0 0 0
309 Q 145 1296 147 91 0 0 1 0 0 0
309 Q 156 1294 156 1294 0 0 0 0 0 0
309 Q 281 1297 275 605 0 0 0 0 0 0
309 Q 603 269 514 271 0 0 0 0 0 0
309 Q 301 516 303 1295 0 0 0 0 0 0
309 Q 615 445 569 447 0 0 0 0 0 0
309 Q 0 2149 217 2147 -1 0 1 0 0 0
309 Q 352 891 2 889 0 0 0 0 0 0
309 Q 123 797 516 799 0 0 0 0 0 0
309 Q 514 842 74 840 0 0 0 0 0 0
309 Q 81 849 1 847 0 0 0 0 0 0
309 Q 857 347 851 81 0 0 0 0 0 0
309 Q 901 1 895 349 0 0 0 0 0 0
309 Q 884 566 878 5 0 0 0 0 0 0
309 Q 335 369 335 369 0 0 0 0 0 0
309 Q 377 90 371 337 0 0 0 0 -1 0
309 Q 124 1141 181 1107 0 0 0 0 0 0
309 Q 1860 1 1862 122 0 1 0 0 0 -1
309 Q 1628 1 1679 179 0 1 0 0 0 -1
309 Q 199 1324 73 1402 0 0 0 0 0 0
309 Q 1488 3 1547 201 0 0 0 0 0 0
309 Q 5 1923 73 1921 0 0 0 0 0 0
309 Q 21 122 23 125 0 0 0 0 0 0
309 Q 124 1872 180 1866 0 0 0 0 0 0
309 Q 0 1801 351 1803 0 0 0 0 0 0
309 Q 1744 2 1686 0 0 0 0 0 0 0
309 Q 353 1374 4 1457 0 0 0 0 0 0
309 Q 242 2332 243 341 0 0 0 0 0 0
309 Q 75 28 74 24 -1 0 0 0 -1 0
309 Q 1953 347 1947 75 0 0 0 0 0 0
309 Q 1148 349 1115 74 0 0 -1 0 0 0
309 Q 343 1612 213 1663 0 0 0 0 0 0
309 Q 944 2 942 345 0 0 0 0 0 0
309 Q 1186 211 1249 4 0 0 0 0 0 0
309 Q 2028 214 2067 4 0 0 0 0 0 0
309 Q 567 1211 216 1272 0 0 0 0 0 0
309 Q 75 1785 1300 1726 0 0 0 0 -1 0
309 Q 2229 181 2186 75 0 0 0 0 0 0
309 Q 179 477 1298 476 0 0 0 0 0 0
309 Q 211 437 628 439 0 0 0 0 0 0
309 Q 433 2365 427 213 0 0 0 0 0 0
309 Q 1636 616 1582 0 0 0 0 0 0 0
309 Q 1969 614 1968 2 0 0 0 0 0 0
309 Q 73 935 84 937 0 0 0 0 0 0
309 Q 1200 181 1259 515 0 0 0 0 0 0
309 Q 661 348 655 1277 0 0 0 0 0 0
309 Q 1275 665 1 667 0 -1 0 0 0 0
309 Q 781 95 775 125 0 0 0 0 1 0
309 Q 1982 348 1982 348 0 0 0 0 0 0
309 Q 1275 1464 179 1522 0 0 0 0 0 0
309 Q 335 237 606 239 0 0 0 0 0 0
309 Q 2168 80 2207 337 0 0 0 0 0 0
309 Q 608 1185 80 1242 0 0 0 0 0 0
309 Q 357 81 355 87 0 0 0 0 0 0
309 Q 87 980 336 1038 0 0 0 0 0 0
309 Q 607 117 1301 119 0 0 0 0 0 0
309 Q 2357 74 2351 609 1 0 0 0 0 0
309 Q 335 2552 1 2595 0 0 0 0 0 0
309 Q 1721 1 1774 606 0 0 0 0 0 0
309 Q 1236 562 1174 201 0 0 0 0 0 0
309 Q 123 1561 605 1498 0 0 0 0 0 0
309 Q 2178 603 2221 1 0 0 0 0 0 0
309 Q 2160 2326 2199 0 0 0 0 0 0 0
309 Q 217 226 2328 232 0 0 0 0 0 0
309 Q 123 2568 74 2611 0 0 0 0 0 0
309 Q 1511 74 1572 516 0 0 0 0 -1 0
309 Q 561 306 555 173 0 0 0 0 0 0
309 Q 2329 2084 4 2119 0 0 0 0 0 0
309 Q 1224 1297 1162 337 0 0 0 0 0 0
309 Q 123 1241 346 1178 0 0 0 0 0 0
309 Q 1084 903 1022 4 0 0 0 0 0 0
309 Q 425 1298 419 2537 0 0 0 0 0 0
309 Q 2535 429 179 431 0 0 0 0 0 0
309 Q 0 1092 306 1122 0 0 0 0 0 0
309 Q 645 2360 639 0 0 0 0 0 0 0
309 Q 213 1724 1926 1779 0 0 0 0 0 0
309 Q 2535 213 2535 213 0 0 0 0 0 0
309 Q 2365 179 2365 179 0 0 0 0 0 0
309 Q 2683 777 2 779 0 0 0 0 0 0
309 Q 2683 125 2683 125 0 0 0 0 0 0
309 Q 2331 1168 565 1226 0 0 0 0 0 0
309 Q 1494 563 1557 468 0 0 0 0 0 0
309 Q 345 2404 566 2459 0 0 0 0 0 0
309 Q 1661 217 1606 343 0 0 0 0 0 0
309 Q 1899 513 2694 512 0 0 0 0 0 0
309 Q 74 2908 1 2910 0 -1 0 0 1 0
309 Q 2529 614 2502 345 0 0 0 0 0 0
309 Q 2641 564 2635 341 0 0 0 0 0 0
309 Q 637 93 635 0 0 0 0 0 0 0
309 Q 2360 832 93 826 0 0 0 0 0 0
309 Q 2992 1 3003 81 0 1 0 0 0 -1
309 Q 347 1520 1 1579 0 -1 0 0 0 0
309 Q 83 920 92 918 0 0 0 0 0 0
309 Q 210 2700 92 2702 0 0 0 0 0 0
309 Q 75 1253 80 1190 0 0 0 0 -1 0
309 Q 0 1464 3039 1522 0 0 0 0 0 0
309 Q 1275 0 1275 0 0 0 0 0 0 0
309 Q 179 3041 179 3041 0 0 0 0 0 0
309 Q 123 2889 514 2891 0 0 0 0 0 0
309 Q 335 361 101 363 0 0 0 0 0 0
309 Q 79 932 96 930 0 0 0 0 0 0
309 Q 1064 178 1002 125 0 0 0 0 0 0
309 Q 1813 3099 1807 0 0 0 0 0 0 0
309 Q 2869 516 2863 337 0 0 0 0 0 0
309 Q 505 1900 499 3013 0 0 0 0 0 0
309 Q 3011 389 79 391 0 0 0 0 0 0
309 Q 343 2849 93 2830 0 0 0 0 0 0
309 Q 1964 3039 1958 616 0 0 0 0 0 0
309 Q 173 2877 2358 2871 0 0 0 0 0 0
309 Q 1250 2360 1193 3035 0 0 0 0 0 0
309 Q 173 1492 343 1551 0 0 0 0 0 0
309 Q 2930 345 2953 2358 0 0 0 0 0 0
309 Q 123 3177 74 3179 -1 0 0 0 0 0
309 Q 2535 1249 3065 1186 0 0 0 0 0 0
309 Q 3063 4 3063 4 0 0 0 0 0 0
309 Q 661 3112 655 0 0 0 0 0 0 0
309 Q 348 3110 348 3110 0 0 0 0 0 0
309 Q 1544 2358 1482 3165 0 0 0 0 0 0
309 Q 3112 2107 306 2144 0 0 0 0 0 0
309 Q 1983 1520 3244 1579 0 0 0 0 0 0
309 Q 1 3242 1 3242 0 -1 0 1 0 1
309 Q 123 2897 3065 2899 0 0 0 0 0 0
309 Q 3189 2535 3183 125 0 0 0 0 0 0
309 Q 45 74 47 75 1 0 0 0 0 0
309 Q 122 1001 74 1059 -1 0 0 0 0 0
309 Q 179 1204 1 1263 0 -1 0 0 0 0
309 Q 1265 3242 1202 3041 0 0 0 0 0 0
309 Q 1881 3279 1875 125 0 0 0 0 0 0
309 Q 1937 181 1931 3281 0 0 0 0 0 0
309 Q 3139 1765 180 1706 0 0 0 0 0 0
309 Q 1396 3233 1314 3141 0 0 0 0 0 0
309 Q 3046 178 3044 3231 0 0 0 0 0 0
309 Q 3120 3039 3131 345 0 0 0 0 0 0
309 Q 3279 1257 3065 1194 0 0 0 0 0 0
309 Q 73 3193 3244 3195 0 0 0 0 0 0
309 Q 1080 3230 1018 3281 0 0 0 0 0 0
309 Q 3348 1298 3342 125 0 0 0 0 0 0
309 Q 171 66 172 62 0 0 0 0 0 0
309 Q 3230 2539 3065 2545 0 0 0 0 0 0
309 Q 1060 73 998 345 0 0 0 0 0 0
309 Q 3313 3039 3307 73 0 0 0 0 0 0
309 Q 3405 606 3399 125 0 0 0 0 0 0
309 Q 335 3204 3230 3219 0 0 0 0 0 0
309 Q 2771 3232 2804 101 0 0 1 0 0 0
309 Q 3151 525 99 527 0 0 0 0 0 0
309 Q 2492 77 2515 3153 0 0 0 0 0 0
309 Q 99 471 77 473 0 0 0 0 0 0
309 Q 2748 3232 2779 3141 0 0 0 0 0 0
309 Q 3233 30 3230 26 0 0 0 0 0 0
309 Q 3305 201 3299 341 0 0 0 0 0 0
309 Q 335 2496 3141 2519 0 0 0 0 0 0
309 Q 3435 1549 468 1486 0 0 0 0 0 0
309 Q 2724 215 2735 3437 0 0 0 0 0 0
309 Q 2545 3050 2539 4 0 0 0 0 0 0
309 Q 3230 3052 3230 3052 0 0 0 0 0 0
309 Q 3389 180 3383 337 0 0 0 0 0 0
309 Q 335 2637 3422 2639 0 0 0 0 0 0
309 Q 3424 2393 1 2446 0 0 0 0 0 0
309 Q 281 157 275 3025 0 0 0 0 0 0
309 Q 3023 605 3023 605 0 0 0 0 0 0
309 Q 2301 602 2254 3425 0 0 0 0 0 0
309 Q 3467 2088 2694 2123 0 0 0 0 0 0
309 Q 1048 1899 986 3469 0 0 0 0 0 0
309 Q 3477 80 3471 125 0 0 0 0 0 0
309 Q 3151 585 3024 587 0 0 0 0 0 0
309 Q 2380 156 2435 3153 0 0 0 0 0 0
309 Q 87 912 103 910 0 0 0 0 0 0
309 Q 2720 3491 2731 87 0 0 0 0 0 0
309 Q 191 3493 197 103 0 0 0 0 0 0
309 Q 1752 3468 1694 3013 0 0 0 0 0 0
309 Q 2850 3478 2837 216 0 0 0 0 0 0
309 Q 1036 603 974 87 0 0 0 0 0 0
309 Q 1234 3491 1176 3424 0 0 0 0 0 0
309 Q 3351 1584 3 1634 0 0 0 0 0 0
309 Q 1744 615 1686 3353 0 0 0 0 0 0
309 Q 3467 169 3496 167 0 0 0 0 0 0
309 Q 3494 1562 2694 1505 0 0 0 0 0 0
309 Q 3351 681 3051 683 0 0 0 0 0 0
309 Q 335 3301 3491 3303 0 0 0 0 0 0
309 Q 123 3509 123 3509 0 0 0 0 0 0
309 Q 3507 1241 3110 1178 0 0 0 0 0 0
309 Q 3525 75 3519 125 -1 0 0 0 0 0
309 Q 1544 3526 1482 3437 0 0 0 0 0 0
309 Q 339 3385 3494 3387 0 0 0 0 0 0
309 Q 3467 992 3537 1050 0 0 0 0 0 0
309 Q 1264 3535 1203 3496 0 0 0 0 0 0
309 Q 1232 105 1170 3493 0 0 0 0 0 0
309 Q 103 962 105 964 0 0 0 0 0 0
309 Q 341 3505 4 3499 0 0 0 0 0 0
309 Q 3548 1 3551 125 0 1 0 0 0 -1
309 Q 75 1012 1 1070 0 -1 0 0 -1 0
309 Q 3517 1 3511 337 0 0 0 0 0 0
309 Q 3508 48 3509 49 0 0 0 0 1 0
309 Q 3540 124 3543 337 0 0 0 0 0 0
309 Q 335 3501 105 3503 0 0 0 0 0 0
309 Q 581 3438 575 3153 0 0 0 0 0 0
309 Q 1575 77 1516 3440 0 0 0 0 0 0
309 Q 687 2285 3440 2238 0 0 0 0 0 0
309 Q 3151 2441 106 2382 0 0 0 0 0 0
309 Q 967 106 969 99 0 0 0 0 0 0
309 Q 335 3320 180 3326 0 0 0 0 0 0
309 Q 340 3573 341 3572 0 0 0 0 0 0
309 Q 3570 3505 15 3498 0 0 0 0 0 0
309 Q 335 3571 334 3570 0 0 0 0 0 0
309 Q 15 104 14 105 0 0 0 0 0 0
309 Q 2945 3564 2922 3153 0 0 0 0 0 0
309 Q 156 3413 3562 3418 0 0 0 0 0 0
309 Q 687 1688 3533 1742 0 0 0 0 0 0
309 Q 621 3440 623 3531 0 0 0 0 0 0
309 Q 3555 87 3555 87 0 0 0 0 0 0
309 Q 1036 3023 974 3557 0 0 0 0 0 0
309 Q 3151 2513 3556 2486 0 0 0 0 0 0
309 Q 2427 106 2484 3575 0 0 0 0 0 0
309 Q 3577 1631 3564 1684 0 0 0 0 0 0
309 Q 109 205 3574 207 0 0 0 0 0 0
309 Q 956 107 954 109 0 0 0 0 0 0
309 Q 3151 1156 3558 1214 0 0 0 0 0 0
309 Q 482 3556 488 3560 0 0 0 0 0 0
309 Q 3544 71 3538 3572 0 0 0 0 -1 0
309 Q 3438 2302 3558 2261 0 0 0 0 0 0
309 Q 111 940 108 938 0 0 0 0 0 0
309 Q 1608 3575 1659 111 0 0 0 0 0 0
309 Q 3567 501 3558 503 0 0 0 0 0 0
309 Q 1536 3438 1474 3569 0 0 0 0 0 0
309 Q 3569 2076 3531 2111 0 0 0 0 0 0
309 Q 3555 980 3584 1038 0 0 0 0 0 0
309 Q 336 3582 336 3582 0 0 0 0 0 0
309 Q 3561 2290 3584 2249 0 0 0 0 0 0
309 Q 497 3581 491 3569 0 0 0 0 0 0
309 Q 1787 3531 1732 3579 0 0 0 0 0 0
309 Q 944 113 942 111 0 0 0 0 0 0
309 Q 3567 1472 3589 1530 0 0 0 0 0 0
309 Q 2843 3587 2828 3558 0 0 0 0 0 0
309 Q 112 50 113 51 0 0 0 0 0 0
309 Q 2521 3591 2494 3585 0 0 0 0 0 0
309 Q 3587 1757 3593 1698 0 0 0 0 0 0
309 Q 3581 1759 3589 1704 0 0 0 0 0 0
309 Q 3583 3320 3600 3326 0 0 0 0 0 0
309 Q 180 3598 180 3598 0 0 0 0 0 0
309 Q 1706 3591 1765 3600 0 0 0 0 0 0
309 Q 3591 1168 3605 1226 0 0 0 0 0 0
309 Q 177 3600 175 3603 1 0 -1 0 0 0
309 Q 3587 1480 3596 1538 0 0 0 0 0 0
309 Q 219 3593 225 3594 0 0 0 0 0 0
309 Q 3607 125 3607 125 0 0 0 0 0 0
309 Q 1064 3598 1002 3609 0 0 0 0 0 0
309 Q 3603 1553 3609 1490 0 0 0 0 0 0
309 Q 3594 1555 3605 1496 0 0 0 0 0 0
309 Q 3607 1000 3613 1058 0 0 0 0 0 0
309 Q 75 3611 75 3611 1 0 -1 0 0 0
309 Q 3611 1012 3616 1070 0 0 0 0 0 0
309 Q 1 3614 1 3614 0 -1 0 1 0 1
309 Q 52 3615 53 3614 0 0 0 0 1 0
309 H 113 4 2 113 113 4 0 0 0 0 0 0 0 0 0 0
