0
0 d=249
0
249 A 5 0 0 1 0 -1
249 A 10 0 0 1 0 -1
249 A 10 0 5 4 -5 -4
249 A 11 0 0 5 0 -5
249 A 0 1 82 0 -82 0
249 A -2 1 45 0 -45 0
249 A 2 1 45 0 -45 0
249 A -4 1 50 1 -50 -1
249 A 4 1 -50 1 50 -1
249 A -6 1 116 3 -116 -3
249 A 6 1 -116 3 116 -3
249 A -9 1 95 4 -95 -4
249 A -9 1 71 2 -71 -2
249 A 9 1 -71 2 71 -2
249 A 9 1 -95 4 95 -4
249 A 19 0 0 3 0 -3
249 A 20 0 5 6 -5 -6
249 A 20 0 -5 6 5 -6
249 A 22 0 11 6 -11 -6
249 A -24 1 55 6 -55 -6
249 A 24 1 -55 6 55 -6
249 A 0 2 -248 1 248 -1
249 A 0 2 167 0 -167 0
249 A 0 2 -82 1 82 -1
249 A -3 2 232 1 -232 -1
249 A 3 2 -232 1 232 -1
249 A -8 2 50 1 -50 -1
249 A 8 2 -50 1 50 -1
249 A -12 2 127 4 -127 -4
249 A 12 2 -127 4 127 -4
249 A -18 2 145 6 -145 -6
249 A 18 2 -145 6 145 -6
249 A 0 4 -167 2 167 -2
249 A 4 0 0 1 0 1
249 A 4 0 2 1 2 1
249 A 5 0 0 2 0 2
249 A 7 0 0 3 0 3
249 A 8 0 0 3 0 3
249 A 8 0 0 1 0 1
249 A 8 0 4 3 4 3
249 A 8 0 4 1 4 1
249 A 10 0 0 3 0 3
249 A 14 0 0 3 0 3
249 A 16 0 0 5 0 5
249 A 16 0 0 3 0 3
249 A 16 0 8 5 8 5
249 A 16 0 8 3 8 3
249 A 20 0 0 7 0 7
249 A 20 0 10 3 10 3
249 A 28 0 0 3 0 3
249 A 28 0 14 11 14 11
249 A 35 0 0 3 0 3
249 A 40 0 0 13 0 13
249 A 56 0 0 25 0 25
249 A 71 0 0 12 0 12
249 A 80 0 0 27 0 27
249 A 5 0 2 1 1 2
249 A 5 0 -2 1 -1 2
249 A 6 0 2 1 -2 1
249 A 7 0 3 3 -1 1
249 A 7 0 3 2 1 -3
249 A 7 0 3 1 3 -1
249 A 7 0 -3 2 -1 -3
249 A 7 0 -3 3 1 1
249 A 7 0 2 3 1 2
249 A 7 0 2 2 2 -2
249 A 7 0 2 1 -2 1
249 A 7 0 -2 3 -1 2
249 A 7 0 0 2 0 1
249 A 8 0 2 3 -2 -1
249 A 8 0 -2 1 2 -3
249 A 9 0 4 4 -1 1
249 A 9 0 4 2 -1 -4
249 A 9 0 4 1 -1 -2
249 A 9 0 -4 1 1 -2
249 A 9 0 -4 2 1 -4
249 A 9 0 -4 4 1 1
249 A 9 0 2 4 -2 4
249 A 9 0 2 2 -2 2
249 A 9 0 2 1 -2 1
249 A 10 0 4 3 -2 -1
249 A 10 0 -4 3 2 -1
249 A 11 0 5 5 3 -3
249 A 11 0 5 4 -1 3
249 A 11 0 5 2 -3 -1
249 A 11 0 5 1 5 -1
249 A 11 0 -5 2 3 -1
249 A 11 0 -5 4 1 3
249 A 11 0 -5 5 -3 -3
249 A 11 0 4 5 -1 4
249 A 11 0 4 4 1 -1
249 A 11 0 4 3 -2 -4
249 A 11 0 4 1 -4 1
249 A 11 0 -4 3 2 -4
249 A 11 0 -4 4 -1 -1
249 A 11 0 -4 5 1 4
249 A 11 0 3 5 1 2
249 A 11 0 3 2 2 -5
249 A 11 0 -3 2 -2 -5
249 A 11 0 -3 5 -1 2
249 A 11 0 2 3 -2 3
249 A 11 0 2 2 2 -2
249 A 11 0 0 4 0 2
249 A 11 0 0 3 0 -1
249 A 12 0 4 5 -4 5
249 A 12 0 4 1 -4 1
249 A 12 0 2 5 -2 5
249 A 12 0 2 1 -2 1
249 A 12 0 1 2 -1 2
249 A 13 0 6 6 5 -5
249 A 13 0 6 5 -4 -1
249 A 13 0 6 4 -2 -3
249 A 13 0 6 3 -3 -5
249 A 13 0 6 2 4 3
249 A 13 0 6 1 6 -1
249 A 13 0 -6 2 -4 3
249 A 13 0 -6 3 3 -5
249 A 13 0 -6 4 2 -3
249 A 13 0 -6 5 4 -1
249 A 13 0 -6 6 -5 -5
249 A 13 0 5 6 -3 1
249 A 13 0 5 4 -1 6
249 A 13 0 5 3 2 4
249 A 13 0 5 2 3 4
249 A 13 0 5 1 -5 1
249 A 13 0 -5 2 -3 4
249 A 13 0 -5 3 -2 4
249 A 13 0 -5 4 1 6
249 A 13 0 -5 6 3 1
249 A 13 0 4 6 -3 -2
249 A 13 0 4 5 -4 5
249 A 13 0 4 4 1 -1
249 A 13 0 4 2 2 -1
249 A 13 0 -4 2 -2 -1
249 A 13 0 -4 4 -1 -1
249 A 13 0 -4 6 3 -2
249 A 13 0 3 6 -1 2
249 A 13 0 3 3 -3 3
249 A 13 0 -3 6 1 2
249 A 13 0 2 6 1 -3
249 A 13 0 2 5 -1 -4
249 A 13 0 2 2 2 -2
249 A 13 0 -2 5 1 -4
249 A 13 0 -2 6 -1 -3
249 A 13 0 1 5 1 -5
249 A 13 0 0 6 0 -1
249 A 13 0 0 5 0 4
249 A 13 0 0 3 0 -2
249 A 14 0 6 5 -2 -3
249 A 14 0 6 3 4 5
249 A 14 0 6 1 -4 3
249 A 14 0 -6 1 4 3
249 A 14 0 -6 3 -4 5
249 A 14 0 -6 5 2 -3
249 A 14 0 4 1 4 -1
249 A 14 0 2 5 2 -5
249 A 14 0 2 1 -2 1
249 A 14 0 0 5 0 -1
249 A 15 0 7 4 -4 -2
249 A 15 0 7 1 -4 7
249 A 15 0 -7 1 4 7
249 A 15 0 -7 4 4 -2
249 A 15 0 5 7 -5 7
249 A 15 0 5 4 -5 1
249 A 15 0 5 2 -5 2
249 A 15 0 5 1 -5 4
249 A 15 0 2 4 1 -2
249 A 15 0 2 1 1 7
249 A 15 0 -2 1 -1 7
249 A 15 0 -2 4 -1 -2
249 A 0 1 116 0 88 0
249 A 0 1 112 0 20 0
249 A 0 1 110 0 43 0
249 A 0 1 109 0 -16 0
249 A 0 1 104 0 79 0
249 A 0 1 103 0 29 0
249 A 0 1 86 0 55 0
249 A 0 1 85 0 41 0
249 A 0 1 80 0 28 0
249 A 0 1 73 0 -58 0
249 A 0 1 67 0 26 0
249 A 0 1 56 0 40 0
249 A 0 1 44 0 -17 0
249 A 0 1 34 0 -22 0
249 A -1 1 123 0 63 0
249 A -1 1 121 0 -31 0
249 A -1 1 119 0 21 0
249 A -1 1 117 0 47 0
249 A -1 1 109 0 -39 0
249 A -1 1 103 0 -17 0
249 A -1 1 101 0 99 0
249 A -1 1 97 0 67 0
249 A -1 1 93 0 43 0
249 A -1 1 89 0 -59 0
249 A -1 1 69 0 -29 0
249 A -1 1 61 0 -41 0
249 A -1 1 53 0 33 0
249 A -1 1 51 0 49 0
249 A 1 1 123 0 63 0
249 A 1 1 121 0 -31 0
249 A 1 1 119 0 21 0
249 A 1 1 117 0 47 0
249 A 1 1 109 0 -39 0
249 A 1 1 103 0 -17 0
249 A 1 1 101 0 99 0
249 A 1 1 97 0 67 0
249 A 1 1 93 0 43 0
249 A 1 1 89 0 -59 0
249 A 1 1 69 0 -29 0
249 A 1 1 61 0 -41 0
249 A 1 1 53 0 33 0
249 A 1 1 51 0 49 0
249 A -2 1 77 1 16 0
249 A -2 1 89 1 -112 -1
249 A -2 1 91 1 66 1
249 A -2 1 109 1 96 1
249 A -2 1 114 1 -24 0
249 A -2 1 102 1 88 1
249 A -2 1 68 1 -47 0
249 A -2 1 30 0 59 0
249 A 2 1 47 0 -68 1
249 A 2 1 59 0 30 0
249 A 2 1 -77 1 -16 0
249 A 2 1 -89 1 112 -1
249 A 2 1 -91 1 -66 1
249 A 2 1 -109 1 -96 1
249 A 2 1 24 0 -114 1
249 A 2 1 -88 1 -102 1
249 A 16 0 6 7 2 3
249 A 16 0 6 3 2 7
249 A 16 0 6 1 2 5
249 A 16 0 -6 1 -2 5
249 A 16 0 -6 3 -2 7
249 A 16 0 -6 7 -2 3
249 A 16 0 4 7 -4 -1
249 A 16 0 4 5 -4 5
249 A 16 0 4 3 -4 3
249 A 16 0 -4 1 4 -7
249 A 16 0 8 7 -8 -1
249 A -3 1 118 1 110 1
249 A -3 1 112 1 80 1
249 A -3 1 94 1 122 1
249 A -3 1 88 1 17 0
249 A -3 1 76 1 -46 -1
249 A -3 1 64 1 74 1
249 A -3 1 58 1 -52 -1
249 A -3 1 31 0 -25 0
249 A -3 1 19 0 92 1
249 A -3 1 56 1 -35 0
249 A -3 1 104 1 -41 0
249 A -3 1 86 1 -29 0
249 A 3 1 -122 1 -94 1
249 A 3 1 -110 1 -118 1
249 A 3 1 -104 1 41 0
249 A 3 1 -92 1 -19 0
249 A 3 1 -86 1 29 0
249 A 3 1 35 0 -56 1
249 A 3 1 17 0 88 -1
249 A 3 1 25 0 -31 0
249 A 3 1 -46 1 76 -1
249 A 3 1 -52 1 58 -1
249 A 3 1 -64 1 -74 1
249 A 3 1 -112 1 -80 1
249 A -4 1 58 1 43 1
249 A -4 1 115 2 28 0
249 A -4 1 99 2 48 1
249 A -4 1 95 2 18 0
249 A -4 1 75 1 -96 -2
249 A -4 1 67 1 -52 -1
249 A -4 1 47 1 -26 0
249 A -4 1 31 0 90 1
249 A -4 1 27 0 -100 -2
249 A -4 1 101 2 -116 -2
249 A -4 1 32 1 -77 -1
249 A -4 1 17 0 -74 -1
249 A 4 1 18 0 95 -2
249 A 4 1 26 0 -47 1
249 A 4 1 -58 1 -43 1
249 A 4 1 -74 1 17 0
249 A 4 1 -90 1 -31 0
249 A 4 1 -75 1 96 -2
249 A 4 1 -67 1 52 -1
249 A 4 1 27 0 -100 2
249 A 4 1 -77 1 32 -1
249 A 4 1 -101 2 116 -2
249 A 4 1 28 0 115 -2
249 A 4 1 -48 1 -99 2
249 A -5 1 87 2 -103 -2
249 A -5 1 42 1 -30 -1
249 A -5 1 27 0 66 1
249 A -5 1 17 0 -119 -2
249 A -5 1 28 1 73 2
249 A -5 1 38 1 -46 -1
249 A -5 1 121 2 23 0
249 A -5 1 91 2 -19 0
249 A -5 1 76 1 105 2
249 A -5 1 24 1 75 2
249 A -5 1 89 2 109 2
249 A -5 1 60 1 54 1
249 A 5 1 27 0 66 -1
249 A 5 1 17 0 -119 2
249 A 5 1 23 0 121 -2
249 A 5 1 -28 1 -73 2
249 A 5 1 -38 1 46 -1
249 A 5 1 -103 2 87 -2
249 A 5 1 -76 1 -105 2
249 A 5 1 19 0 -91 2
249 A 5 1 -24 1 -75 2
249 A 5 1 -54 1 -60 1
249 A 5 1 -89 2 -109 2
249 A 5 1 -30 1 42 -1
249 A -6 1 74 2 -104 -2
249 A -6 1 110 3 106 2
249 A -6 1 79 2 101 3
249 A -6 1 67 2 89 2
249 A -6 1 61 1 17 0
249 A -6 1 43 1 -58 -1
249 A -6 1 37 1 47 1
249 A -6 1 31 1 65 2
249 A -6 1 25 1 -40 -1
249 A -6 1 23 1 -53 -1
249 A -6 1 100 2 -22 -1
249 A -6 1 23 0 -56 -1
249 A 6 1 -22 1 100 -2
249 A 6 1 -40 1 25 -1
249 A 6 1 -58 1 43 -1
249 A 6 1 -106 2 -110 3
249 A 6 1 -89 2 -67 2
249 A 6 1 -53 1 23 -1
249 A 6 1 -47 1 -37 1
249 A 6 1 23 0 -56 1
249 A 6 1 17 0 61 -1
249 A 6 1 -31 1 -65 2
249 A 6 1 -79 2 -101 3
249 A 6 1 -104 2 74 -2
249 A 17 0 8 8 3 -3
249 A 17 0 8 7 -1 3
249 A 17 0 8 6 -8 6
249 A 17 0 8 5 8 -5
249 A 17 0 8 3 6 2
249 A 17 0 8 1 -6 5
249 A 17 0 -8 1 6 5
249 A 17 0 -8 3 -6 2
249 A 17 0 -8 7 1 3
249 A 17 0 -8 8 -3 -3
249 A 17 0 7 8 2 5
249 A 17 0 7 5 -7 5
249 A 17 0 7 3 -2 -4
249 A 17 0 7 2 -3 -4
249 A 17 0 7 1 3 2
249 A 17 0 -7 1 -3 2
249 A 17 0 -7 2 3 -4
249 A 17 0 -7 3 2 -4
249 A 17 0 -7 8 -2 5
249 A 17 0 6 4 -5 -8
249 A 17 0 -6 4 5 -8
249 A 17 0 5 7 4 8
249 A 17 0 5 5 -2 2
249 A 17 0 5 4 -4 -7
249 A 17 0 5 2 -5 2
249 A 17 0 -5 4 4 -7
249 A 17 0 -5 5 2 2
249 A 17 0 -5 7 -4 8
249 A 17 0 4 5 -2 -6
249 A 17 0 4 3 1 -5
249 A 17 0 -4 3 -1 -5
249 A 17 0 -4 5 2 -6
249 A 17 0 3 6 1 -2
249 A 17 0 -3 6 -1 -2
249 A 17 0 2 7 2 -7
249 A 17 0 2 3 -2 3
249 A -7 1 86 3 -32 -1
249 A -7 1 79 2 -120 -3
249 A -7 1 65 2 -69 -2
249 A -7 1 51 2 48 1
249 A -7 1 104 3 -24 -1
249 A -7 1 22 1 92 3
249 A -7 1 57 2 -21 0
249 A -7 1 38 1 -46 -1
249 A -7 1 102 3 -56 -1
249 A -7 1 77 2 -110 -3
249 A -7 1 40 1 19 0
249 A 7 1 -79 2 120 -3
249 A 7 1 19 0 40 -1
249 A 7 1 -110 3 77 -2
249 A 7 1 -48 1 -51 2
249 A 7 1 -22 1 -92 3
249 A 7 1 -57 2 21 0
249 A 7 1 -38 1 46 -1
249 A 7 1 -32 1 86 -3
249 A 7 1 -102 3 56 -1
249 A 7 1 -24 1 104 -3
249 A 7 1 -69 2 65 -2
249 A -8 1 12 1 -39 -1
249 A -8 1 109 4 -87 -3
249 A -8 1 91 3 -41 -1
249 A -8 1 115 4 50 2
249 A -8 1 22 1 57 2
249 A -8 1 71 2 -18 0
249 A -8 1 25 1 -19 0
249 A -8 1 67 2 -108 -3
249 A 8 1 -12 1 39 -1
249 A 8 1 -108 3 67 -2
249 A 8 1 19 0 -25 1
249 A 8 1 -91 3 41 -1
249 A 8 1 -115 4 -50 2
249 A 8 1 18 0 -71 2
249 A 8 1 -57 2 -22 1
249 A 8 1 -87 3 109 -4
249 A 18 0 2 7 -2 7
249 A 18 0 2 5 -2 5
249 A -9 1 103 4 -10 -1
249 A -9 1 22 1 113 4
249 A -9 1 14 1 34 1
249 A -9 1 41 2 115 4
249 A -9 1 73 2 20 1
249 A -9 1 43 2 92 3
249 A 9 1 -92 3 -43 2
249 A 9 1 -34 1 -14 1
249 A 9 1 -115 4 -41 2
249 A 9 1 -10 1 103 -4
249 A 9 1 -73 2 -20 1
249 A 9 1 -113 4 -22 1
249 A -10 1 35 2 -115 -5
249 A -10 1 54 2 23 1
249 A -10 1 14 1 -110 -5
249 A -10 1 46 2 27 1
249 A -10 1 93 4 -11 -1
249 A -10 1 112 4 -42 -2
249 A -10 1 62 3 80 3
249 A -10 1 10 1 117 4
249 A 10 1 -35 2 115 -5
249 A 10 1 -54 2 -23 1
249 A 10 1 -46 2 -27 1
249 A 10 1 -117 4 -10 1
249 A 10 1 -112 4 42 -2
249 A 10 1 -80 3 -62 3
249 A 10 1 -110 5 14 -1
249 A 10 1 -11 1 93 -4
249 A 19 0 -9 9 -7 -7
249 A 19 0 -8 7 -3 -5
249 A 19 0 -8 8 4 4
249 A 19 0 -8 9 -4 5
249 A 19 0 -7 7 -9 -9
249 A 19 0 -7 9 -6 -5
249 A 19 0 -6 2 1 -6
249 A 19 0 -6 5 -7 -9
249 A 19 0 -6 7 6 7
249 A 19 0 -5 5 -5 -5
249 A 19 0 -5 8 5 8
249 A 19 0 -4 3 -1 4
249 A 19 0 -4 4 8 8
249 A 19 0 -3 3 -2 -2
249 A 19 0 -3 5 -8 -7
249 A 19 0 -2 2 -3 -3
249 A 19 0 -2 4 -1 -2
249 A 19 0 -1 2 -2 -4
249 A 19 0 1 4 4 3
249 A 19 0 1 6 -6 -2
249 A 19 0 4 5 8 9
249 A -11 1 112 5 -80 -3
249 A -11 1 49 2 66 3
249 A -11 1 38 1 107 4
249 A -11 1 89 4 98 5
249 A -11 1 87 4 -106 -5
249 A -11 1 118 5 -55 -2
249 A 11 1 -112 5 80 -3
249 A 11 1 -49 2 -66 3
249 A 11 1 -38 1 -107 4
249 A 11 1 -87 4 106 -5
249 A 11 1 -98 5 -89 4
249 A 11 1 -118 5 55 -2
249 A -12 1 28 2 44 2
249 A -12 1 20 1 -50 -3
249 A -12 1 49 3 -25 -1
249 A -12 1 22 1 68 3
249 A -12 1 103 5 116 5
249 A -12 1 67 4 29 1
249 A -12 1 19 1 26 1
249 A 12 1 -19 1 -26 1
249 A 12 1 -67 4 -29 1
249 A 12 1 -103 5 -116 5
249 A 12 1 -22 1 -68 3
249 A 12 1 -25 1 49 -3
249 A 12 1 -44 2 -28 2
249 A 12 1 -20 1 50 -3
249 A 20 0 9 2 3 6
249 A 20 0 -9 2 -3 6
249 A -13 1 14 1 -18 -1
249 A -13 1 110 5 -30 -1
249 A -13 1 61 4 -24 -1
249 A -13 1 41 2 79 4
249 A 13 1 -79 4 -41 2
249 A 13 1 -110 5 30 -1
249 A 13 1 -24 1 61 -4
249 A 13 1 -18 1 14 -1
249 A 21 0 10 2 8 -10
249 A 21 0 -10 2 -8 -10
249 A 21 0 8 8 4 -4
249 A 21 0 -8 8 -4 -4
249 A 21 0 7 10 -7 10
249 A 21 0 7 4 -7 4
249 A 21 0 5 5 -2 2
249 A 21 0 -5 5 2 2
249 A 21 0 2 8 -2 8
249 A -14 1 32 1 15 1
249 A -14 1 29 1 -109 -7
249 A -14 1 110 6 -25 -1
249 A -14 1 86 5 104 5
249 A -14 1 76 4 -62 -4
249 A -14 1 92 6 78 4
249 A -14 1 50 2 -55 -3
249 A 14 1 -32 1 -15 1
249 A 14 1 -29 1 109 -7
249 A 14 1 -55 3 50 -2
249 A 14 1 -110 6 25 -1
249 A 14 1 -86 5 -104 5
249 A 14 1 -76 4 62 -4
249 A 14 1 -78 4 -92 6
249 A -15 1 67 4 104 7
249 A 15 1 -67 4 -104 7
249 A 22 0 10 9 8 -5
249 A 22 0 -10 9 -8 -5
249 A 22 0 4 3 -2 7
249 A 22 0 -4 3 2 7
249 A -16 1 40 3 -68 -4
249 A -16 1 17 2 -70 -4
249 A -16 1 17 1 73 5
249 A -16 1 95 7 110 7
249 A -16 1 20 2 -36 -2
249 A 16 1 -40 3 68 -4
249 A 16 1 -17 1 -73 5
249 A 16 1 -95 7 -110 7
249 A 16 1 -70 4 17 -2
249 A 16 1 -20 2 36 -2
249 A 23 0 -11 2 -8 9
249 A 23 0 -11 4 1 -8
249 A 23 0 -11 11 -7 -7
249 A 23 0 -10 11 8 -5
249 A 23 0 -9 3 -9 -3
249 A 23 0 -9 9 -6 -6
249 A 23 0 -7 7 -11 -11
249 A 23 0 -7 9 7 9
249 A 23 0 -6 2 -2 7
249 A 23 0 -6 6 -9 -9
249 A 23 0 -6 7 6 7
249 A 23 0 -2 8 2 8
249 A 23 0 1 8 -11 -4
249 A 23 0 2 7 6 2
249 A 23 0 8 5 -10 -11
249 A 23 0 8 9 11 2
249 A -17 1 104 7 91 6
249 A -17 1 30 1 52 3
249 A 17 1 -104 7 -91 6
249 A 17 1 -30 1 -52 3
249 A -18 1 62 5 13 2
249 A -18 1 37 3 80 5
249 A -18 1 38 3 -92 -7
249 A -18 1 28 1 65 4
249 A 18 1 -28 1 -65 4
249 A 18 1 -13 2 -62 5
249 A 18 1 -37 3 -80 5
249 A 18 1 -38 3 92 -7
249 A 24 0 11 10 1 10
249 A 24 0 11 2 1 2
249 A 24 0 -11 2 -1 2
249 A 24 0 -11 10 -1 10
249 A 24 0 4 5 -4 5
249 A -19 1 24 3 -89 -8
249 A -19 1 112 9 -40 -3
249 A 19 1 -40 3 112 -9
249 A 19 1 -89 8 24 -3
249 A 25 0 -11 12 -7 6
249 A 25 0 -8 11 6 2
249 A 25 0 -6 2 8 11
249 A 25 0 -5 4 -5 6
249 A 25 0 -4 3 -3 4
249 A 25 0 3 4 4 3
249 A 25 0 5 4 5 6
249 A 25 0 7 6 11 12
249 A -20 1 55 5 -27 -2
249 A 20 1 -27 2 55 -5
249 A 26 0 4 5 -4 5
249 A -21 1 26 1 -113 -10
249 A 21 1 -26 1 113 -10
249 A 27 0 13 13 8 -8
249 A 27 0 -13 13 -8 -8
249 A 27 0 11 13 -11 13
249 A 27 0 7 8 -7 8
249 A 27 0 2 2 -2 2
249 A -22 1 25 1 -34 -2
249 A -22 1 109 11 27 2
249 A 22 1 -25 1 34 -2
249 A 22 1 -27 2 -109 11
249 A 28 0 12 13 -12 13
249 A -24 1 109 12 -37 -4
249 A 24 1 -37 4 109 -12
249 A 29 0 14 5 -6 -2
249 A 29 0 14 3 -14 3
249 A 29 0 -14 5 6 -2
249 A 29 0 8 7 4 11
249 A 29 0 -8 7 -4 11
249 A 29 0 7 7 -3 3
249 A 29 0 7 2 -7 2
249 A 29 0 -7 7 3 3
249 A -25 1 117 10 56 7
249 A 25 1 -117 10 -56 7
249 A 30 0 10 3 -10 3
249 A 30 0 5 14 -5 -4
249 A 30 0 -5 4 5 -14
249 A 31 0 4 4 -4 4
249 A 31 0 2 11 -2 11
249 A 0 2 -194 1 86 -1
249 A -2 2 209 0 -189 0
249 A -2 2 151 0 149 0
249 A -2 2 51 0 49 0
249 A 2 2 209 0 -189 0
249 A 2 2 151 0 149 0
249 A 2 2 51 0 49 0
249 A -3 2 133 0 68 0
249 A 3 2 68 0 133 0
249 A -28 1 83 8 -53 -7
249 A 28 1 -83 8 53 -7
249 A -8 2 146 3 -48 -1
249 A 8 2 -146 3 48 -1
249 A 33 0 4 10 -4 10
249 A -12 2 65 2 37 0
249 A 12 2 37 0 65 -2
249 A 34 0 12 15 -12 15
249 A 35 0 17 6 -4 -13
249 A 35 0 -17 6 4 -13
249 A 35 0 9 3 8 9
249 A 35 0 -9 3 -8 9
249 A 35 0 5 13 -5 13
249 A -32 1 27 6 29 2
249 A 32 1 -29 2 -27 6
249 A -18 2 25 2 -235 -8
249 A 18 2 -235 8 25 -2
249 A 37 0 -18 6 18 6
249 A 37 0 -9 3 -1 12
249 A 37 0 1 12 9 3
249 A 39 0 10 10 -10 10
249 A 39 0 8 14 -8 14
249 A 41 0 20 20 -20 20
249 A 41 0 20 7 -19 -20
249 A 41 0 -20 7 19 -20
249 A -44 1 74 11 -64 -7
249 A 44 1 -64 7 74 -11
249 A 47 0 23 4 -23 4
249 A -3 3 62 1 -125 -2
249 A 3 3 -62 1 125 -2
249 A 51 0 25 11 -25 11
249 A 53 0 -22 22 22 22
249 A 59 0 -20 13 20 13
249 A 0 4 82 1 -82 1
249 A 65 0 5 27 -5 27
249 A 79 0 -24 8 24 8
249 A 87 0 43 26 -43 26
249 A 93 0 35 35 -35 35
249 A 97 0 36 12 -36 12
249 A 107 0 18 18 -18 18
249 A 117 0 29 29 -29 29
249 A 123 0 61 61 -61 61
249 S 2 2 5 0
249 S 1 1 5 0
249 S 6 1 15 0
249 S -6 4 15 0
249 S -3 2 15 0
249 S -3 7 15 0
249 S -3 3 10 0
249 S -1 1 10 0
249 S -5 3 11 0
249 S 4 2 11 0
249 S -3 4 11 0
249 S 2 1 11 0
249 S -1 5 11 0
249 S 3 1 6 0
249 S 3 3 10 0
249 S 1 1 10 0
249 S 5 3 11 0
249 S -4 2 11 0
249 S 3 4 11 0
249 S -2 1 11 0
249 S 1 5 11 0
249 S -2 2 5 0
249 S -1 1 5 0
249 S 6 4 15 0
249 S -6 1 15 0
249 S 3 7 15 0
249 S 3 2 15 0
249 T 867 465 123 0 0
249 T 121 455 931 0 0
249 T 1169 266 174 0 0
249 T 176 750 541 0 0
249 T 173 1549 1121 0 0
249 T 176 1070 1566 0 0
249 T 1128 2196 1696 0 0
249 T 2208 1087 1724 0 0
249 T 1010 506 190 0 0
249 T 1300 725 1012 0 0
249 T 192 1127 1298 0 0
249 T 725 1129 506 0 0
249 T 1366 1202 673 0 0
249 T 671 249 201 0 0
249 T 199 1470 1368 0 0
249 T 1470 247 1202 0 0
249 T 2235 2269 2387 0 0
249 T 2363 2058 2237 0 0
249 T 2269 2060 220 0 0
249 T 644 1892 331 0 0
249 T 1888 700 373 0 0
249 T 938 2420 2086 0 0
249 T 2066 2422 873 0 0
249 T 1001 644 1946 0 0
249 T 1943 1022 653 0 0
249 T 1965 661 1015 0 0
249 T 1919 262 1948 0 0
249 T 1921 698 972 0 0
249 T 962 1930 715 0 0
249 T 979 1915 706 0 0
249 T 841 700 644 0 0
249 T 1425 1096 821 0 0
249 T 819 1218 401 0 0
249 T 399 1315 1423 0 0
249 T 1315 1220 1096 0 0
249 T 904 1096 845 0 0
249 T 853 830 1056 0 0
249 T 302 1475 1109 0 0
249 T 304 1064 1510 0 0
249 T 426 437 409 0 0
249 T 424 377 413 0 0
249 T 400 396 356 0 0
249 T 399 359 464 0 0
249 T 342 382 455 0 0
249 T 405 475 431 0 0
249 T 345 414 359 0 0
249 T 393 352 351 0 0
249 T 419 389 425 0 0
249 T 427 395 433 0 0
249 T 451 439 482 0 0
249 T 443 349 357 0 0
249 T 368 393 334 0 0
249 T 453 365 405 0 0
249 T 448 458 434 0 0
249 T 438 410 461 0 0
249 T 468 340 380 0 0
249 T 468 483 446 0 0
249 T 389 385 347 0 0
249 T 420 476 378 0 0
249 T 341 442 363 0 0
249 T 372 415 330 0 0
249 T 367 332 376 0 0
249 T 481 464 471 0 0
249 T 470 454 479 0 0
249 T 373 334 407 0 0
249 T 609 180 857 0 0
249 T 187 897 601 0 0
249 T 200 609 942 0 0
249 T 917 190 598 0 0
249 T 276 261 246 0 0
249 T 266 225 253 0 0
249 T 255 227 309 0 0
249 T 244 294 226 0 0
249 T 225 296 247 0 0
249 T 279 288 299 0 0
249 T 237 264 236 0 0
249 T 265 240 232 0 0
249 T 253 303 279 0 0
249 T 302 276 292 0 0
249 T 306 244 272 0 0
249 T 283 299 290 0 0
249 T 1594 1118 274 0 0
249 T 248 547 1596 0 0
249 T 1118 549 261 0 0
249 T 1497 1701 967 0 0
249 T 969 734 558 0 0
249 T 717 556 959 0 0
249 T 982 706 568 0 0
249 T 560 133 1495 0 0
249 T 133 736 1701 0 0
249 T 1815 135 1397 0 0
249 T 1395 1116 220 0 0
249 T 218 1249 1817 0 0
249 T 1249 1114 135 0 0
249 T 7 1763 968 0 0
249 T 985 1779 124 0 0
249 T 966 614 1714 0 0
249 T 1716 1600 6 0 0
249 T 1600 616 1763 0 0
249 T 2348 1440 1850 0 0
249 T 2358 1867 1401 0 0
249 T 420 1849 782 0 0
249 T 1875 432 745 0 0
249 T 632 75 686 0 0
249 T 2466 2468 2466 1 0
249 T 2477 2468 2471 0 0
249 T 1007 1309 1095 0 0
249 T 546 1965 1009 0 0
249 T 565 1036 1945 0 0
249 T 1097 1671 548 0 0
249 T 1965 1673 1309 0 0
249 T 247 1631 1487 0 0
249 T 1489 1291 671 0 0
249 T 201 1293 1631 0 0
249 T 1200 1801 2158 0 0
249 T 1217 1789 2154 0 0
249 T 1747 252 1198 0 0
249 T 2160 2106 1749 0 0
249 T 252 2108 1801 0 0
249 T 525 1874 862 0 0
249 T 1848 525 922 0 0
249 T 1673 1640 1424 0 0
249 T 1611 1678 1383 0 0
249 T 1394 590 1674 0 0
249 T 1458 1729 590 0 0
249 T 2256 1729 815 0 0
249 T 2398 2032 2254 0 0
249 T 817 1993 2400 0 0
249 T 2032 1991 1729 0 0
249 T 1558 823 1131 0 0
249 T 1084 813 1563 0 0
249 T 196 582 1194 0 0
249 T 621 1190 189 0 0
249 T 1158 584 182 0 0
249 T 1173 620 190 0 0
249 T 75 1052 1092 0 0
249 T 2288 2286 2288 -1 0
249 T 2292 2309 2282 0 0
249 T 1832 2053 1047 0 0
249 T 1785 1137 2050 0 0
249 T 1314 356 1589 0 0
249 T 1587 394 1424 0 0
249 T 993 962 961 0 0
249 T 978 952 983 0 0
249 T 971 957 978 0 0
249 T 863 1349 991 0 0
249 T 959 1960 865 0 0
249 T 1349 1958 962 0 0
249 T 1285 469 1573 0 0
249 T 233 1524 1283 0 0
249 T 1524 760 469 0 0
249 T 120 1318 1516 0 0
249 T 936 1327 118 0 0
249 T 1514 1313 934 0 0
249 T 1327 1311 1318 0 0
249 T 1358 1338 1367 0 0
249 T 1340 1292 1256 0 0
249 T 1294 1258 1324 0 0
249 T 1260 1278 1254 0 0
249 T 1303 1263 1301 0 0
249 T 1235 1275 1354 0 0
249 T 1375 1272 1236 0 0
249 T 1351 1272 1308 0 0
249 T 1251 1283 1287 0 0
249 T 1345 1316 1336 0 0
249 T 1365 1324 1348 0 0
249 T 1265 1333 1251 0 0
249 T 1278 1246 1249 0 0
249 T 1377 1241 1269 0 0
249 T 1244 1242 1244 -1 0
249 T 2089 1925 1414 0 0
249 T 1430 1954 2069 0 0
249 T 747 504 196 0 0
249 T 194 1791 1583 0 0
249 T 272 1793 504 0 0
249 T 1909 272 725 0 0
249 T 876 1791 1907 0 0
249 T 723 504 874 0 0
249 T 901 2301 2183 0 0
249 T 2276 2123 899 0 0
249 T 2185 730 2274 0 0
249 T 45 731 2197 0 0
249 T 692 2198 2274 0 0
249 T 2123 732 2301 0 0
249 T 821 464 1605 0 0
249 T 1603 361 1218 0 0
249 T 9 1625 1717 0 0
249 T 615 306 8 0 0
249 T 306 967 1625 0 0
249 T 1985 182 2006 0 0
249 T 2008 582 1267 0 0
249 T 1269 1158 1983 0 0
249 T 1612 1993 2376 0 0
249 T 2374 133 2316 0 0
249 T 2314 1229 1610 0 0
249 T 1229 131 1993 0 0
249 T 1982 1768 921 0 0
249 T 919 1783 1161 0 0
249 T 1783 1766 1268 0 0
249 T 638 2092 1835 0 0
249 T 2151 1068 640 0 0
249 T 1837 1184 2153 0 0
249 T 1821 1142 2149 0 0
249 T 1068 1182 2092 0 0
249 T 925 1751 842 0 0
249 T 865 833 1770 0 0
249 T 1014 1139 656 0 0
249 T 1180 1023 656 0 0
249 T 1175 999 682 0 0
249 T 34 1968 1016 0 0
249 T 1968 10 1139 0 0
249 T 1646 1157 344 0 0
249 T 457 816 1648 0 0
249 T 1157 814 382 0 0
249 T 1216 208 1182 0 0
249 T 1201 203 1144 0 0
249 T 2488 2486 2488 -1 0
249 T 157 164 135 0 0
249 T 144 151 157 0 0
249 T 139 159 138 0 0
249 T 133 161 147 0 0
249 T 144 79 134 0 0
249 T 132 168 150 0 0
249 T 169 149 165 0 0
249 T 1203 1360 155 0 0
249 T 137 1752 1205 0 0
249 T 1360 1750 164 0 0
249 T 2010 1675 1986 0 0
249 T 1988 820 2405 0 0
249 T 2403 2262 2012 0 0
249 T 2262 818 1675 0 0
249 T 1125 97 1078 0 0
249 T 1613 816 556 0 0
249 T 1713 1724 1719 0 0
249 T 1730 1657 1669 0 0
249 T 1680 1733 1686 0 0
249 T 1689 1673 1665 0 0
249 T 1652 1708 1662 0 0
249 T 1703 1695 1717 0 0
249 T 1685 1652 1667 0 0
249 T 1721 6 1629 0 0
249 T 1627 1108 1711 0 0
249 T 1108 7 1724 0 0
249 T 305 622 523 0 0
249 T 525 708 1746 0 0
249 T 1748 1267 303 0 0
249 T 1267 706 622 0 0
249 T 255 666 1904 0 0
249 T 1828 491 257 0 0
249 T 1902 937 1826 0 0
249 T 491 935 666 0 0
249 T 155 1486 1256 0 0
249 T 1254 1574 142 0 0
249 T 151 1576 1486 0 0
249 T 679 1756 2329 0 0
249 T 1547 498 681 0 0
249 T 1756 500 2232 0 0
249 T 121 1178 1001 0 0
249 T 120 1024 1176 0 0
249 T 2102 2097 119 0 0
249 T 999 237 2104 0 0
249 T 2097 235 1178 0 0
249 T 387 1619 1382 0 0
249 T 639 1669 273 0 0
249 T 1797 1730 641 0 0
249 T 271 1655 1795 0 0
249 T 828 301 1634 0 0
249 T 148 1212 826 0 0
249 T 1636 1409 146 0 0
249 T 1212 1407 301 0 0
249 T 1433 2005 586 0 0
249 T 2020 1415 588 0 0
249 T 1416 185 385 0 0
249 T 383 1984 1232 0 0
249 T 1230 2007 1414 0 0
249 T 387 139 989 0 0
249 T 1027 2075 987 0 0
249 T 397 1027 140 0 0
249 T 2010 1034 2329 0 0
249 T 679 1176 2012 0 0
249 T 1999 1180 660 0 0
249 T 650 1141 2003 0 0
249 T 1176 1756 1034 0 0
249 T 1141 1744 1026 0 0
249 T 651 1030 563 0 0
249 T 997 659 548 0 0
249 T 1021 679 571 0 0
249 T 1022 1034 1030 0 0
249 T 997 1017 1009 0 0
249 T 1025 1041 999 0 0
249 T 800 404 220 0 0
249 T 218 1761 1542 0 0
249 T 1761 402 13 0 0
249 T 516 253 1526 0 0
249 T 1151 266 514 0 0
249 T 1528 223 1153 0 0
249 T 672 1340 155 0 0
249 T 768 810 143 0 0
249 T 145 1923 1579 0 0
249 T 1923 812 232 0 0
249 T 2179 107 2167 0 0
249 T 1967 41 1016 0 0
249 T 2181 1029 1969 0 0
249 T 963 38 1934 0 0
249 T 1936 989 2169 0 0
249 T 1007 1359 923 0 0
249 T 925 1927 995 0 0
249 T 1017 1929 1359 0 0
249 T 1046 720 174 0 0
249 T 664 1136 171 0 0
249 T 744 563 403 0 0
249 T 1874 477 563 0 0
249 T 991 554 1930 0 0
249 T 951 568 1915 0 0
249 T 1908 2357 2310 0 0
249 T 2217 9 1906 0 0
249 T 2312 60 2215 0 0
249 T 1123 1914 783 0 0
249 T 1943 1078 744 0 0
249 T 617 1718 1018 0 0
249 T 1020 7 1741 0 0
249 T 1754 1032 118 0 0
249 T 1739 1626 615 0 0
249 T 1454 318 1413 0 0
249 T 2500 2498 2500 -1 0
249 T 180 212 198 0 0
249 T 189 206 191 0 0
249 T 197 204 183 0 0
249 T 200 1508 846 0 0
249 T 848 1493 178 0 0
249 T 1508 210 1493 0 0
249 T 1014 1844 1178 0 0
249 T 1844 1139 1023 0 0
249 T 780 1333 772 0 0
249 T 170 345 770 0 0
249 T 778 359 175 0 0
249 T 178 806 1628 0 0
249 T 615 1974 180 0 0
249 T 806 1976 1739 0 0
249 T 1053 2057 1186 0 0
249 T 1188 714 2029 0 0
249 T 708 2018 1231 0 0
249 T 734 1207 2032 0 0
249 T 2027 1687 1051 0 0
249 T 1687 716 2057 0 0
249 T 1552 451 1303 0 0
249 T 1305 947 18 0 0
249 T 286 949 451 0 0
249 T 353 1215 495 0 0
249 T 501 1185 352 0 0
249 T 1801 855 591 0 0
249 T 593 1147 2160 0 0
249 T 1147 857 1198 0 0
249 T 1730 1996 1234 0 0
249 T 1236 720 1669 0 0
249 T 1655 718 1996 0 0
249 T 1043 765 1371 0 0
249 T 1370 804 1111 0 0
249 T 325 1556 1581 0 0
249 T 1577 318 1541 0 0
249 T 1871 325 1855 0 0
249 T 1753 1133 517 0 0
249 T 1770 514 1084 0 0
249 T 2330 2033 950 0 0
249 T 952 2257 2443 0 0
249 T 1091 1842 871 0 0
249 T 2005 1844 1944 0 0
249 T 940 1840 1053 0 0
249 T 1840 2020 1915 0 0
249 T 2038 1262 915 0 0
249 T 600 1951 2040 0 0
249 T 1951 192 1262 0 0
249 T 1829 1837 1813 0 0
249 T 1811 640 2267 0 0
249 T 2269 2092 1827 0 0
249 T 1093 1686 1999 0 0
249 T 2001 1731 1882 0 0
249 T 1884 1680 1091 0 0
249 T 1494 1464 150 0 0
249 T 1502 162 1386 0 0
249 T 1510 885 427 0 0
249 T 1477 423 910 0 0
249 T 199 1972 616 0 0
249 T 1229 1144 945 0 0
249 T 5 1146 1227 0 0
249 T 1819 590 943 0 0
249 T 201 596 1821 0 0
249 T 581 1834 185 0 0
249 T 596 608 590 0 0
249 T 600 618 602 0 0
249 T 623 585 589 0 0
249 T 1177 1661 1869 0 0
249 T 1869 1674 1148 0 0
249 T 1863 1676 1173 0 0
249 T 1850 1701 1209 0 0
249 T 1852 1729 1229 0 0
249 T 1727 1860 1193 0 0
249 T 307 1019 1593 0 0
249 T 1591 489 257 0 0
249 T 227 487 1019 0 0
249 T 916 1170 603 0 0
249 T 895 603 1192 0 0
249 T 1233 1840 981 0 0
249 T 1839 1187 962 0 0
249 T 870 1665 1309 0 0
249 T 1965 1689 872 0 0
249 T 2207 677 47 0 0
249 T 677 2279 2210 0 0
249 T 634 2280 2204 0 0
249 T 1886 1440 970 0 0
249 T 1919 1438 371 0 0
249 T 1284 1003 17 0 0
249 T 2370 2321 149 0 0
249 T 2321 75 2314 0 0
249 T 2042 2259 215 0 0
249 T 2352 2240 2044 0 0
249 T 2259 2238 2393 0 0
249 T 1825 1386 308 0 0
249 T 306 166 629 0 0
249 T 627 573 1823 0 0
249 T 573 168 1386 0 0
249 T 1721 1089 2219 0 0
249 T 2221 2208 1711 0 0
249 T 1296 180 1615 0 0
249 T 1632 0 1617 0 0
249 T 1392 839 1437 0 0
249 T 1017 2073 872 0 0
249 T 1181 1090 2073 0 0
249 T 1664 1824 695 0 0
249 T 697 257 1650 0 0
249 T 257 1822 1708 0 0
249 T 573 1450 229 0 0
249 T 487 1452 679 0 0
249 T 868 238 2069 0 0
249 T 2089 232 932 0 0
249 T 962 941 2054 0 0
249 T 1932 1686 941 0 0
249 T 2210 937 2093 0 0
249 T 2266 1904 2212 0 0
249 T 484 37 619 0 0
249 T 621 2174 453 0 0
249 T 2174 36 439 0 0
249 T 1597 371 995 0 0
249 T 249 661 371 0 0
249 T 829 1763 1972 0 0
249 T 201 1600 827 0 0
249 T 1337 763 725 0 0
249 T 1327 669 804 0 0
249 T 934 500 1443 0 0
249 T 1445 534 1311 0 0
249 T 1514 536 500 0 0
249 T 1456 503 1044 0 0
249 T 1372 125 1454 0 0
249 T 125 762 503 0 0
249 T 2149 1460 1850 0 0
249 T 1227 592 2147 0 0
249 T 1441 171 881 0 0
249 T 928 174 1398 0 0
249 T 1646 1290 171 0 0
249 T 1290 1157 771 0 0
249 T 300 700 1273 0 0
249 T 1271 905 1637 0 0
249 T 905 698 827 0 0
249 T 599 2082 1940 0 0
249 T 1938 1251 189 0 0
249 T 1251 2084 897 0 0
249 T 1335 357 906 0 0
249 T 891 318 908 0 0
249 T 1329 891 349 0 0
249 T 136 1955 1555 0 0
249 T 2180 87 2168 0 0
249 T 1042 1367 595 0 0
249 T 1820 1471 1044 0 0
249 T 216 1585 1736 0 0
249 T 1734 578 418 0 0
249 T 420 1806 214 0 0
249 T 1806 580 1585 0 0
249 T 1710 1491 1418 0 0
249 T 1420 848 649 0 0
249 T 647 178 1712 0 0
249 T 622 1241 652 0 0
249 T 650 1775 525 0 0
249 T 1775 1239 303 0 0
249 T 406 904 2188 0 0
249 T 2192 853 376 0 0
249 T 149 1469 847 0 0
249 T 1429 704 849 0 0
249 T 704 461 147 0 0
249 T 461 1429 1469 0 0
249 T 1798 594 179 0 0
249 T 1787 581 195 0 0
249 T 152 1357 1607 0 0
249 T 1609 1448 130 0 0
249 T 168 1446 1357 0 0
249 T 1435 287 183 0 0
249 T 493 1560 1437 0 0
249 T 185 789 491 0 0
249 T 1715 1127 2216 0 0
249 T 2214 2197 1705 0 0
249 T 2154 2117 1822 0 0
249 T 695 1101 2156 0 0
249 T 1101 1662 2117 0 0
249 T 970 2113 234 0 0
249 T 236 2035 1186 0 0
249 T 1188 125 972 0 0
249 T 122 1206 980 0 0
249 T 125 2037 2113 0 0
249 T 2028 235 2115 0 0
249 T 2117 2034 717 0 0
249 T 2198 1324 2119 0 0
249 T 2121 1260 1429 0 0
249 T 1427 1294 2200 0 0
249 T 2478 2421 2497 0 0
249 T 2490 2423 2482 0 0
249 T 493 803 119 0 0
249 T 2413 2426 2415 0 0
249 T 1073 2432 2417 0 0
249 T 2411 2437 1120 0 0
249 T 2432 391 2437 0 0
249 T 490 1412 1113 0 0
249 T 919 141 349 0 0
249 T 355 140 886 0 0
249 T 1492 1254 220 0 0
249 T 1258 1507 214 0 0
249 T 157 1520 1261 0 0
249 T 1325 729 155 0 0
249 T 1520 727 1295 0 0
249 T 352 2131 1404 0 0
249 T 1402 874 494 0 0
249 T 1216 876 2131 0 0
249 T 991 833 153 0 0
249 T 1275 1057 993 0 0
249 T 151 852 1277 0 0
249 T 2449 2447 2449 -1 0
249 T 2203 1418 1293 0 0
249 T 170 2145 2205 0 0
249 T 1418 2143 1647 0 0
249 T 1485 1301 927 0 0
249 T 929 1265 241 0 0
249 T 239 1303 1483 0 0
249 T 1544 578 1813 0 0
249 T 1811 432 220 0 0
249 T 1761 430 578 0 0
249 T 1194 887 1831 0 0
249 T 1356 941 1995 0 0
249 T 1731 939 1275 0 0
249 T 1757 1517 26 0 0
249 T 1259 1541 135 0 0
249 T 887 1981 1742 0 0
249 T 1744 1239 1833 0 0
249 T 1239 1979 1196 0 0
249 T 1008 843 164 0 0
249 T 1684 790 751 0 0
249 T 1234 643 300 0 0
249 T 1795 2152 2136 0 0
249 T 1503 147 570 0 0
249 T 1936 1232 11 0 0
249 T 1232 962 711 0 0
249 T 713 1189 980 0 0
249 T 740 970 1207 0 0
249 T 29 964 1934 0 0
249 T 187 974 489 0 0
249 T 1011 1245 974 0 0
249 T 2292 913 2414 0 0
249 T 2412 884 2282 0 0
249 T 952 1208 1779 0 0
249 T 1766 987 1230 0 0
249 T 1334 875 125 0 0
249 T 1464 559 166 0 0
249 T 535 1426 439 0 0
249 T 441 2175 54 0 0
249 T 1035 2265 2440 0 0
249 T 2175 1173 1037 0 0
249 T 2265 1171 1426 0 0
249 T 2306 961 995 0 0
249 T 997 334 513 0 0
249 T 366 959 512 0 0
249 T 118 1412 1370 0 0
249 T 1321 27 1031 0 0
249 T 219 363 1483 0 0
249 T 1485 453 799 0 0
249 T 1617 222 1519 0 0
249 T 726 224 180 0 0
249 T 217 1705 2120 0 0
249 T 1705 1508 1428 0 0
249 T 1341 2205 2141 0 0
249 T 2139 1418 1257 0 0
249 T 2303 47 2219 0 0
249 T 59 2218 2305 0 0
249 T 559 245 1380 0 0
249 T 1378 507 737 0 0
249 T 968 509 245 0 0
249 T 436 1062 290 0 0
249 T 292 1210 446 0 0
249 T 458 1212 1062 0 0
249 T 797 344 184 0 0
249 T 1415 457 795 0 0
249 T 541 552 527 0 0
249 T 536 542 530 0 0
249 T 1072 510 911 0 0
249 T 2292 512 2431 0 0
249 T 1902 2221 8 0 0
249 T 2367 2304 1904 0 0
249 T 1028 889 400 0 0
249 T 398 1981 1139 0 0
249 T 259 135 1130 0 0
249 T 775 822 135 0 0
249 T 658 2072 1688 0 0
249 T 871 2017 1353 0 0
249 T 2017 1664 1272 0 0
249 T 24 1779 1479 0 0
249 T 1342 983 25 0 0
249 T 1481 122 1344 0 0
249 T 1893 1000 1400 0 0
249 T 1828 183 1543 0 0
249 T 2241 1322 690 0 0
249 T 2276 2119 2239 0 0
249 T 597 1365 1110 0 0
249 T 1112 1527 1799 0 0
249 T 1527 1363 178 0 0
249 T 1460 1076 217 0 0
249 T 1289 1087 187 0 0
249 T 1940 1089 1283 0 0
249 T 1064 828 705 0 0
249 T 2296 2145 675 0 0
249 T 2212 861 2294 0 0
249 T 2145 859 2279 0 0
249 T 2415 2475 900 0 0
249 T 861 2473 2413 0 0
249 T 1807 697 2261 0 0
249 T 2259 2046 1792 0 0
249 T 1790 1789 1809 0 0
249 T 1789 2048 697 0 0
249 T 2040 1926 2345 0 0
249 T 1926 2079 1961 0 0
249 T 1959 2083 2343 0 0
249 T 2083 2081 2038 0 0
249 T 2044 2077 2061 0 0
249 T 2062 2036 2094 0 0
249 T 1951 1127 1302 0 0
249 T 2167 1766 11 0 0
249 T 1162 441 281 0 0
249 T 301 1449 1164 0 0
249 T 441 1447 288 0 0
249 T 530 1421 446 0 0
249 T 448 2172 56 0 0
249 T 2172 1190 950 0 0
249 T 2257 1192 1421 0 0
249 T 510 408 1594 0 0
249 T 1120 885 512 0 0
249 T 408 883 274 0 0
249 T 1589 1345 909 0 0
249 T 170 261 1223 0 0
249 T 193 365 1078 0 0
249 T 1125 339 187 0 0
249 T 1908 1624 1128 0 0
249 T 509 1622 271 0 0
249 T 1152 1348 156 0 0
249 T 728 1365 1150 0 0
249 T 1697 7 1062 0 0
249 T 2524 2522 2524 -1 0
249 T 1117 321 1074 0 0
249 T 2059 431 639 0 0
249 T 697 421 2042 0 0
249 T 641 322 695 0 0
249 T 1404 530 1315 0 0
249 T 75 1443 1402 0 0
249 T 459 1107 1163 0 0
249 T 280 1109 410 0 0
249 T 636 82 690 0 0
249 T 634 2235 1340 0 0
249 T 2248 2237 2241 0 0
249 T 2113 841 2102 0 0
249 T 1932 1678 1277 0 0
249 T 1678 556 1057 0 0
249 T 378 1124 951 0 0
249 T 953 186 466 0 0
249 T 448 1407 285 0 0
249 T 283 1005 466 0 0
249 T 483 1003 1407 0 0
249 T 1433 400 196 0 0
249 T 2023 1141 1431 0 0
249 T 194 1981 2025 0 0
249 T 349 1311 1619 0 0
249 T 1384 1313 385 0 0
249 T 709 589 2007 0 0
249 T 1088 488 669 0 0
249 T 1905 1592 1086 0 0
249 T 275 435 1511 0 0
249 T 1294 1219 781 0 0
249 T 176 1602 1296 0 0
249 T 2284 960 2345 0 0
249 T 2343 996 2290 0 0
249 T 1070 253 1645 0 0
249 T 1643 375 510 0 0
249 T 913 377 253 0 0
249 T 535 1466 411 0 0
249 T 2161 1394 1867 0 0
249 T 451 1036 193 0 0
249 T 796 120 812 0 0
249 T 822 122 755 0 0
249 T 2480 2470 632 0 0
249 T 2461 2484 2478 0 0
249 T 2484 688 2474 0 0
249 T 1286 975 669 0 0
249 T 1053 1673 1878 0 0
249 T 1880 1663 2029 0 0
249 T 2180 1742 10 0 0
249 T 1742 87 1769 0 0
249 T 1111 2107 514 0 0
249 T 1109 808 649 0 0
249 T 1702 704 201 0 0
249 T 1598 1065 1704 0 0
249 T 691 898 175 0 0
249 T 177 2124 2199 0 0
249 T 1771 1348 150 0 0
249 T 1639 821 547 0 0
249 T 494 1568 735 0 0
249 T 2491 324 2496 0 0
249 T 556 225 1645 0 0
249 T 1643 331 961 0 0
249 T 715 333 225 0 0
249 T 1541 1518 162 0 0
249 T 380 568 782 0 0
249 T 568 474 1847 0 0
249 T 413 1476 251 0 0
249 T 621 2172 469 0 0
249 T 37 2173 448 0 0
249 T 1500 161 1467 0 0
249 T 133 1500 847 0 0
249 T 1238 2022 585 0 0
249 T 1772 144 1153 0 0
249 T 517 1043 2100 0 0
249 T 2379 2390 1907 0 0
249 T 2313 216 2381 0 0
249 T 2100 277 1819 0 0
249 T 277 515 1470 0 0
249 T 880 233 1253 0 0
249 T 678 1661 149 0 0
249 T 147 1867 2013 0 0
249 T 2387 2382 1905 0 0
249 T 2382 2237 2211 0 0
249 T 2000 2136 236 0 0
249 T 2136 661 2096 0 0
249 T 1081 402 1035 0 0
249 T 351 2126 1445 0 0
249 T 87 1103 1058 0 0
249 T 1060 363 1299 0 0
249 T 339 1105 1289 0 0
249 T 1083 269 145 0 0
249 T 1621 1320 893 0 0
249 T 1074 1247 144 0 0
249 T 142 1803 1460 0 0
249 T 1803 1249 217 0 0
249 T 1895 1884 1880 0 0
249 T 1878 234 1100 0 0
249 T 1068 235 1884 0 0
249 T 925 2041 2293 0 0
249 T 2082 863 2283 0 0
249 T 1703 733 2312 0 0
249 T 2310 45 2216 0 0
249 T 1398 1947 332 0 0
249 T 214 338 1525 0 0
249 T 879 1102 216 0 0
249 T 1523 1288 881 0 0
249 T 226 1709 1388 0 0
249 T 1907 2185 2260 0 0
249 T 2185 874 2047 0 0
249 T 1099 1215 2046 0 0
249 T 1796 1464 308 0 0
249 T 1464 1656 244 0 0
249 T 1660 1021 1502 0 0
249 T 213 1817 1804 0 0
249 T 850 1235 1606 0 0
249 T 1498 530 436 0 0
249 T 918 986 382 0 0
249 T 675 2302 1712 0 0
249 T 2141 2383 677 0 0
249 T 1710 221 2139 0 0
249 T 2383 219 2302 0 0
249 T 1391 502 1564 0 0
249 T 284 196 1393 0 0
249 T 461 1501 1418 0 0
249 T 647 130 459 0 0
249 T 2143 1858 454 0 0
249 T 464 1863 2124 0 0
249 T 662 1708 2015 0 0
249 T 1270 1650 664 0 0
249 T 1592 9 1720 0 0
249 T 1311 1154 1056 0 0
249 T 2434 513 2282 0 0
249 T 1427 818 1864 0 0
249 T 1774 2146 2101 0 0
249 T 2542 2544 2542 1 0
249 T 2138 2278 2237 0 0
249 T 1795 628 558 0 0
249 T 298 808 1609 0 0
249 T 643 851 808 0 0
249 T 76 120 124 0 0
249 T 147 1148 1987 0 0
249 T 613 483 166 0 0
249 T 168 1407 1353 0 0
249 T 1351 1005 611 0 0
249 T 860 634 171 0 0
249 T 1183 2127 935 0 0
249 T 2127 1069 2210 0 0
249 T 1057 1385 814 0 0
249 T 1481 876 1317 0 0
249 T 1098 2131 2183 0 0
249 T 281 1269 1201 0 0
249 T 526 792 172 0 0
249 T 822 238 1954 0 0
249 T 758 381 217 0 0
249 T 381 13 1737 0 0
249 T 2030 1852 133 0 0
249 T 2135 1068 1731 0 0
249 T 1072 554 268 0 0
249 T 83 1451 1381 0 0
249 T 1429 2123 1604 0 0
249 T 756 463 1431 0 0
249 T 1433 867 825 0 0
249 T 817 1860 1420 0 0
249 T 1414 932 812 0 0
249 T 574 565 862 0 0
249 T 576 924 569 0 0
249 T 1163 132 808 0 0
249 T 2226 495 1778 0 0
249 T 1780 734 2333 0 0
249 T 165 1309 903 0 0
249 T 1350 1637 165 0 0
249 T 1641 2370 1989 0 0
249 T 1148 2319 1639 0 0
249 T 581 477 12 0 0
249 T 927 221 1058 0 0
249 T 484 1447 947 0 0
249 T 948 1355 613 0 0
249 T 1241 293 1144 0 0
249 T 1142 275 1775 0 0
249 T 576 523 475 0 0
249 T 2185 2381 2239 0 0
249 T 2452 857 2190 0 0
249 T 944 2454 2186 0 0
249 T 1203 516 259 0 0
249 T 197 755 359 0 0
249 T 2023 650 586 0 0
249 T 732 2119 2381 0 0
249 T 533 1478 495 0 0
249 T 2 4 2 1 0
249 U 14 3 2 0 0
249 U 2 2 2 0 0
249 U 50 3 2 0 0
249 U 657 4 4 0 0
249 U 10 4 5 0 0
249 U 35 5 4 0 0
249 U 683 6 6 0 0
249 U 1038 6 4 0 0
249 U 120 4 6 0 0
249 U 6 6 7 0 0
249 U 23 7 6 0 0
249 U 2226 9 14 0 0
249 U 25 14 15 0 0
249 U 533 15 9 0 0
249 U 2442 14 9 0 0
249 U 57 15 14 0 0
249 U 2374 13 11 0 0
249 U 2400 9 13 0 0
249 U 557 11 9 0 0
249 U 541 12 11 0 0
249 U 62 11 10 0 0
249 U 1166 13 11 0 0
249 U 1569 9 13 0 0
249 U 2330 12 15 0 0
249 U 32 10 11 0 0
249 U 221 18 17 0 0
249 U 2362 17 17 0 0
249 U 2386 17 18 0 0
249 U 59 18 19 0 0
249 U 2366 19 19 0 0
249 U 9 19 18 0 0
249 U 40 16 17 0 0
249 U 66 17 16 0 0
249 U 1565 23 25 0 0
249 U 268 25 20 0 0
249 U 767 20 23 0 0
249 U 33 21 20 0 0
249 U 750 25 21 0 0
249 U 1583 29 27 0 0
249 U 272 27 24 0 0
249 U 747 24 29 0 0
249 U 13 29 28 0 0
249 U 759 28 27 0 0
249 U 1573 23 29 0 0
249 U 284 29 22 0 0
249 U 17 22 23 0 0
249 U 230 22 27 0 0
249 U 1855 20 27 0 0
249 U 1580 26 20 0 0
249 U 42 20 21 1 0
249 U 48 1 1 0 0
249 U 1 1 1 -1 0
249 U 129 31 31 1 0
249 U 53 31 30 0 0
249 U 71 31 30 0 0
249 U 2353 32 32 0 0
249 U 68 32 33 0 0
249 U 39 33 32 0 0
249 U 2391 33 34 0 0
249 U 217 34 33 0 0
249 U 61 35 34 0 0
249 U 2355 34 34 0 0
249 U 8 34 35 0 0
249 U 1552 45 39 0 0
249 U 239 39 42 0 0
249 U 799 42 45 0 0
249 U 289 44 39 0 0
249 U 18 39 38 0 0
249 U 12 44 45 0 0
249 U 1543 42 44 0 0
249 U 774 39 36 0 0
249 U 1560 41 39 0 0
249 U 258 36 41 0 0
249 U 257 42 41 0 0
249 U 787 41 44 0 0
249 U 1870 42 37 0 0
249 U 1555 36 42 0 0
249 U 43 37 36 0 0
249 U 791 41 37 0 0
249 U 30 37 36 0 0
249 U 125 47 49 0 0
249 U 710 47 47 0 0
249 U 956 49 47 0 0
249 U 29 46 47 0 0
249 U 11 47 46 -1 0
249 U 21 48 49 0 0
249 U 738 49 49 0 0
249 U 7 49 48 0 0
249 U 2230 52 55 0 0
249 U 27 55 54 0 0
249 U 536 54 52 0 0
249 U 2441 55 52 0 0
249 U 55 54 55 0 0
249 U 1547 52 56 0 0
249 U 2329 56 55 0 0
249 U 528 57 50 0 0
249 U 2370 51 57 0 0
249 U 64 50 51 0 0
249 U 2403 52 56 0 0
249 U 546 50 52 0 0
249 U 1222 56 50 0 0
249 U 30 51 50 0 0
249 Q 99 933 88 869 0 0 -1 0 0 0
249 Q 125 1531 119 99 0 0 1 0 0 0
249 Q 455 1533 465 88 0 0 0 0 0 0
249 Q 2429 174 2334 171 0 0 0 0 0 0
249 Q 1568 392 1549 2336 0 0 0 0 0 0
249 Q 1694 126 1722 90 0 0 0 0 0 0
249 Q 90 1087 72 1126 0 0 0 0 0 0
249 Q 2196 72 2206 128 0 0 0 0 0 0
249 Q 333 84 371 2271 0 0 0 0 -1 0
249 Q 2273 700 2223 642 0 0 0 0 0 0
249 Q 2225 1886 84 1892 0 0 0 0 0 0
249 Q 2396 871 2458 940 0 0 0 0 0 0
249 Q 2088 324 2068 2394 0 0 0 0 0 0
249 Q 315 2511 314 2510 0 0 0 0 0 0
249 Q 322 2510 323 2511 0 0 0 0 0 0
249 Q 2512 2454 14 2451 0 0 0 0 0 0
249 Q 2453 111 2457 317 0 0 0 0 0 0
249 Q 111 15 110 14 0 0 0 0 0 0
249 Q 202 851 544 902 0 0 0 0 0 0
249 Q 209 888 552 921 0 0 0 0 0 0
249 Q 843 0 830 204 0 0 0 0 0 0
249 Q 1054 0 1096 542 0 0 0 0 0 0
249 Q 1107 129 1064 94 0 0 0 0 0 0
249 Q 94 302 80 304 0 0 0 0 0 0
249 Q 80 1512 127 1475 0 0 0 0 0 0
249 Q 407 543 377 323 0 0 0 0 0 0
249 Q 325 422 160 428 0 0 0 0 0 0
249 Q 1 1894 1 1894 0 0 0 0 0 0
249 Q 1896 1423 3 1384 0 0 0 0 0 0
249 Q 1382 837 1425 1 0 0 0 0 0 0
249 Q 835 5 835 5 0 0 0 0 0 0
249 Q 110 609 104 607 0 0 0 0 0 0
249 Q 855 2408 944 110 0 0 0 0 0 0
249 Q 2406 180 104 198 0 0 0 0 0 0
249 Q 420 2251 430 2 0 0 0 0 0 0
249 Q 836 432 521 418 0 0 0 0 0 0
249 Q 2253 519 2253 519 0 0 0 0 0 0
249 Q 1852 2518 1867 2505 0 0 0 0 0 0
249 Q 2503 2360 2526 2346 0 0 0 0 0 0
249 Q 1440 2528 1399 2520 0 0 0 0 0 0
249 Q 784 0 743 2 0 0 0 0 0 0
249 Q 2251 1877 0 1849 0 0 0 0 0 0
249 Q 864 0 924 2339 0 0 0 0 0 0
249 Q 2341 525 2250 523 0 0 0 0 0 0
249 Q 1676 93 1729 212 0 0 0 0 0 0
249 Q 592 93 590 79 0 0 0 0 0 0
249 Q 2465 1565 1901 1560 0 0 0 0 0 0
249 Q 1133 203 1082 2463 0 0 0 0 0 0
249 Q 823 1899 813 205 0 0 0 0 0 0
249 Q 1196 115 1160 2506 0 0 0 0 0 0
249 Q 2508 184 113 194 0 0 0 0 0 0
249 Q 113 584 115 582 0 0 0 0 0 0
249 Q 2287 1052 2461 1090 0 0 0 0 0 0
249 Q 1899 121 417 123 0 0 0 0 0 0
249 Q 472 77 473 1910 0 0 0 0 0 0
249 Q 1049 87 1137 328 0 0 0 0 1 0
249 Q 326 1783 550 1830 0 0 0 0 0 0
249 Q 2052 87 2053 552 -1 0 0 0 0 0
249 Q 1416 78 1432 2395 0 0 0 0 0 0
249 Q 1751 2338 1772 205 0 0 0 0 0 0
249 Q 2487 1184 2506 1214 0 0 0 0 0 0
249 Q 3 1123 2289 1080 0 0 0 0 0 0
249 Q 837 395 127 389 0 0 0 0 0 0
249 Q 129 1588 1 1619 0 0 0 0 0 0
249 Q 588 0 586 79 0 0 0 0 0 0
249 Q 0 2005 2394 2018 0 0 0 0 0 0
249 Q 1014 2246 965 107 0 0 0 0 0 0
249 Q 2248 41 2077 38 0 0 0 0 0 0
249 Q 176 2527 173 2532 0 0 0 0 0 0
249 Q 2530 1136 2537 1048 0 0 0 0 0 0
249 Q 720 2535 662 2529 0 0 0 0 0 0
249 Q 1914 2289 1945 0 0 0 0 0 0 0
249 Q 2246 1348 5 1358 0 0 0 0 0 0
249 Q 107 1926 3 1961 0 0 -1 0 0 0
249 Q 2499 1411 2514 1456 0 0 0 0 0 0
249 Q 1 1031 313 984 0 0 0 0 0 0
249 Q 566 518 564 1 0 0 0 0 0 0
249 Q 520 706 311 652 0 0 0 0 0 0
249 Q 77 1113 4 1045 0 0 0 0 0 0
249 Q 765 2 804 320 0 0 0 0 0 0
249 Q 515 2465 514 2340 0 0 0 0 0 0
249 Q 312 1504 73 1496 0 0 0 0 0 0
249 Q 152 1536 162 310 0 0 0 0 0 0
249 Q 73 1388 1534 1464 0 0 0 0 0 0
249 Q 429 520 423 129 0 0 0 0 0 0
249 Q 912 518 885 80 0 0 0 0 0 0
249 Q 614 73 616 105 0 0 0 0 0 0
249 Q 2407 1975 73 1972 0 0 0 0 0 0
249 Q 2 897 213 914 0 0 0 0 0 0
249 Q 2322 1207 2163 1175 0 0 0 0 0 0
249 Q 1867 311 1852 2324 0 0 0 0 0 0
249 Q 1661 2165 1701 313 0 0 0 0 0 0
249 Q 605 326 603 4 0 0 0 0 0 0
249 Q 1190 328 1170 211 0 0 0 0 0 0
249 Q 327 1160 208 1196 0 0 0 0 0 0
249 Q 73 46 72 44 0 0 0 0 0 0
249 Q 677 129 731 72 0 0 0 0 0 0
249 Q 73 1282 128 1304 0 0 0 0 0 0
249 Q 948 127 1003 73 0 0 0 0 0 0
249 Q 126 16 129 19 0 0 0 0 0 0
249 Q 1899 1390 2499 1435 0 0 0 0 0 0
249 Q 2067 315 2087 89 0 0 0 0 0 0
249 Q 98 232 317 238 0 0 1 0 0 0
249 Q 723 2 669 445 0 0 0 0 0 0
249 Q 879 2532 926 2521 0 0 0 0 0 0
249 Q 228 1534 242 84 0 0 0 0 0 0
249 Q 294 1536 294 1536 0 0 0 0 0 0
249 Q 2186 202 2190 322 0 0 0 0 0 0
249 Q 128 2484 73 2480 0 0 0 0 0 0
249 Q 2495 317 2492 126 0 0 0 0 0 0
249 Q 315 2421 73 2423 0 0 0 0 0 0
249 Q 2464 502 2498 492 0 0 0 0 0 0
249 Q 1111 2515 1043 2462 0 0 0 0 0 0
249 Q 347 103 357 207 -1 0 0 0 0 0
249 Q 140 103 141 550 0 0 0 0 1 0
249 Q 1693 892 2446 907 0 0 0 0 0 0
249 Q 2134 2488 2115 294 0 0 0 0 0 0
249 Q 296 1822 108 1797 0 0 0 0 0 0
249 Q 108 1789 2509 1834 0 0 0 0 0 0
249 Q 115 602 117 604 0 0 0 0 0 0
249 Q 126 2284 521 2290 0 0 0 0 0 0
249 Q 2416 81 2410 128 0 0 0 0 0 0
249 Q 2528 84 2528 84 0 0 0 0 -1 0
249 Q 84 2358 311 2348 0 0 0 0 1 0
249 Q 313 2505 313 2505 0 0 0 0 0 0
249 Q 1693 1574 0 1538 0 0 0 0 0 0
249 Q 75 529 160 539 0 0 -1 0 0 0
249 Q 552 158 552 158 0 0 0 0 0 0
249 Q 64 74 62 75 1 0 0 0 0 0
249 Q 1398 2323 1441 85 0 0 1 0 0 0
249 Q 973 2325 1000 2224 0 0 0 0 0 0
249 Q 1 1069 316 1101 0 0 0 0 0 0
249 Q 264 314 264 314 0 0 0 0 0 0
249 Q 1115 2523 1076 2517 0 0 0 0 0 0
249 Q 2515 1458 2518 1394 0 0 0 0 0 0
249 Q 2520 215 2525 221 0 0 0 0 0 0
249 Q 898 1 859 80 0 0 0 0 0 0
249 Q 2475 127 2473 1 0 0 0 0 0 0
249 Q 126 1941 91 1953 0 0 0 0 0 0
249 Q 6 94 7 91 0 0 0 0 0 0
249 Q 674 2541 732 2534 0 0 0 0 0 0
249 Q 2536 126 2536 126 0 0 0 0 0 0
249 Q 73 2539 73 2539 0 0 0 0 0 0
249 Q 684 2225 738 2163 0 0 0 0 0 0
249 Q 53 2449 52 2448 0 0 0 0 -1 0
249 Q 770 213 778 75 0 0 0 0 0 0
249 Q 1333 211 1333 211 0 0 0 0 0 0
249 Q 69 2075 67 2076 0 0 0 0 0 0
249 Q 3 2457 325 2453 0 0 0 0 0 0
249 Q 206 681 2336 735 0 0 0 0 0 0
249 Q 1380 2334 1452 1245 0 0 0 0 0 0
249 Q 675 74 733 327 1 0 0 0 0 0
249 Q 89 939 73 872 0 0 0 0 0 0
249 Q 1350 128 1356 89 0 0 0 0 0 0
249 Q 1995 126 2016 73 0 0 0 0 0 0
249 Q 1067 2244 1099 390 0 0 0 0 0 0
249 Q 392 314 392 314 0 0 0 0 0 0
249 Q 1 2242 1 2242 0 0 0 0 0 0
249 Q 1368 83 1362 4 0 0 0 0 0 0
249 Q 596 83 594 77 0 0 0 0 0 0
249 Q 652 2252 706 2505 0 0 0 0 0 0
249 Q 164 294 150 1690 0 0 0 0 0 0
249 Q 91 598 101 600 0 0 0 0 0 0
249 Q 2085 128 2040 101 0 0 0 0 0 0
249 Q 317 366 84 336 -1 0 0 0 0 0
249 Q 552 1046 1375 1134 0 0 0 0 0 0
249 Q 2098 2517 2109 2339 0 0 0 0 0 0
249 Q 630 1 688 73 0 1 0 0 0 -1
249 Q 2541 686 2543 632 0 0 0 0 0 0
249 Q 2545 1 2545 1 0 1 0 -1 0 -1
249 Q 327 1860 93 1865 0 0 0 0 0 0
249 Q 310 1320 1 1342 0 0 0 0 0 0
249 Q 908 127 891 312 0 0 0 0 0 0
249 Q 1104 2524 1059 2530 0 0 0 0 0 0
249 Q 518 863 100 923 0 0 0 0 0 0
249 Q 73 1021 2164 966 0 0 0 0 0 0
249 Q 1912 2122 327 2145 0 0 0 0 0 0
249 Q 456 93 462 1910 0 0 0 0 0 0
249 Q 0 1154 75 1218 0 0 0 0 0 0
249 Q 81 481 89 479 0 0 0 0 0 0
249 Q 473 1530 472 81 0 0 0 0 0 0
249 Q 2504 1776 2340 1749 0 0 0 0 0 0
249 Q 481 93 479 77 0 0 0 0 0 0
249 Q 626 83 628 108 0 0 0 0 0 0
249 Q 70 2490 2512 2496 0 0 0 0 1 0
249 Q 1530 76 1530 76 0 0 0 0 0 0
249 Q 1911 81 1911 81 0 0 0 0 0 0
249 Q 1741 72 1762 2222 0 0 0 0 0 0
249 Q 851 2272 902 2406 0 0 0 0 0 0
249 Q 2185 75 2213 2245 0 0 0 0 1 0
249 Q 2 2078 2 2078 0 0 0 0 0 0
249 Q 2300 1910 2294 74 0 0 -1 0 0 0
249 Q 2036 414 2096 2488 0 0 0 0 0 0
249 Q 2273 409 317 375 0 0 0 0 0 0
249 Q 2468 693 2335 635 0 0 0 0 0 0
249 Q 85 1706 72 1655 0 0 -1 0 0 0
249 Q 860 2245 901 1911 0 0 0 0 0 0
249 Q 101 574 1 576 0 -1 0 0 0 0
249 Q 974 87 1011 3 -1 0 0 0 0 0
249 Q 5 1243 5 1243 0 0 0 0 0 0
249 Q 1 27 1 25 0 -1 0 0 0 0
249 Q 443 209 443 209 0 0 0 0 0 0
249 Q 665 128 719 84 0 0 0 0 0 0
249 Q 2192 2408 2188 316 0 0 0 0 0 0
249 Q 129 2449 129 2449 0 0 0 0 0 0
249 Q 313 1693 313 1693 0 0 0 0 0 0
249 Q 2544 49 2545 48 0 0 0 0 -1 0
249 Q 581 108 579 112 0 0 0 0 0 0
249 Q 612 72 610 89 0 0 0 0 0 0
249 Q 21 2162 23 2165 0 0 0 0 0 0
249 Q 2163 6 2224 7 0 0 0 0 0 0
249 Q 51 116 50 117 0 0 0 0 0 0
249 H 117 5 3 117 117 5 0 0 0 0 0 0 0 0 0 0
