1699 A 5 0 1 -2 -1 2
1699 A 7 0 5 -3 -5 3
1699 A 10 0 1 -2 -1 2
1699 A 13 0 7 -1 -7 1
1699 A 14 0 9 -4 -9 4
1699 A 17 0 1 -2 -1 2
1699 A 19 0 11 -3 -11 3
1699 A 20 0 1 -2 -1 2
1699 A 20 0 11 -2 -11 2
1699 A -1 1 -101 0 101 0
1699 A 0 1 -101 0 101 0
1699 A -2 1 -62 0 62 0
1699 A 1 1 -62 0 62 0
1699 A -4 1 -200 -2 200 2
1699 A 3 1 202 -2 -202 2
1699 A -5 1 -169 -2 169 2
1699 A 4 1 171 -2 -171 2
1699 A -6 1 -58 -1 58 1
1699 A -6 1 -191 -3 191 3
1699 A 5 1 59 -1 -59 1
1699 A 5 1 194 -3 -194 3
1699 A -8 1 -30 -1 30 1
1699 A 7 1 31 -1 -31 1
1699 A -10 1 -84 -2 84 2
1699 A 9 1 86 -2 -86 2
1699 A 23 0 13 -3 -13 3
1699 A 25 0 1 -2 -1 2
1699 A -16 1 -150 -6 150 6
1699 A 15 1 156 -6 -156 6
1699 A 26 0 19 -12 -19 12
1699 A -17 1 -169 -7 169 7
1699 A 16 1 176 -7 -176 7
1699 A 28 0 5 -10 -5 10
1699 A 28 0 19 -10 -19 10
1699 A 34 0 1 -2 -1 2
1699 A 38 0 27 -16 -27 16
1699 A 5 0 3 -1 3 -1
1699 A 9 0 2 -4 2 -4
1699 A 11 0 8 -5 8 -5
1699 A 13 0 9 -5 9 -5
1699 A 15 0 8 -1 8 -1
1699 A 15 0 2 -4 2 -4
1699 A 17 0 4 -8 4 -8
1699 A 25 0 18 -11 18 -11
1699 A 27 0 16 -5 16 -5
1699 A 39 0 4 -8 4 -8
1699 A 4 0 0 -1 1 -1
1699 A 4 0 -1 -1 -2 1
1699 A 5 0 -1 -1 1 2
1699 A 5 0 2 -1 -3 2
1699 A 6 0 0 -1 -1 1
1699 A 6 0 -1 -1 2 -1
1699 A 6 0 -2 -1 -3 1
1699 A 7 0 0 -1 3 -3
1699 A 7 0 1 -1 0 -3
1699 A 7 0 -2 -1 -1 -2
1699 A 7 0 3 -1 3 -2
1699 A 7 0 4 -1 -1 2
1699 A 7 0 0 -2 -2 2
1699 A 7 0 1 -3 2 -3
1699 A 8 0 0 -1 1 -1
1699 A 8 0 -1 -1 -2 -3
1699 A 8 0 2 -1 5 -3
1699 A 8 0 -2 -1 -3 1
1699 A 8 0 -3 -1 -4 3
1699 A 8 0 4 -1 1 3
1699 A 8 0 1 -3 -2 3
1699 A 8 0 0 -3 3 -3
1699 A 9 0 0 -1 -4 4
1699 A 9 0 1 -1 0 4
1699 A 9 0 -1 -1 -4 2
1699 A 9 0 2 -1 2 2
1699 A 9 0 -2 -1 -3 1
1699 A 9 0 -3 -1 -1 -2
1699 A 9 0 4 -1 3 -2
1699 A 9 0 5 -1 -1 2
1699 A 9 0 0 -2 -2 2
1699 A 9 0 -3 -2 1 -4
1699 A 9 0 5 -2 3 -4
1699 A 9 0 -1 -4 5 -4
1699 A 9 0 -2 -4 -6 4
1699 A 10 0 -1 -1 6 -3
1699 A 10 0 2 -1 -3 -3
1699 A 10 0 -2 -1 3 -1
1699 A 10 0 -3 -1 2 -3
1699 A 10 0 4 -1 1 -3
1699 A 10 0 -1 -3 -4 3
1699 A 11 0 0 -1 -3 3
1699 A 11 0 1 -1 0 3
1699 A 11 0 -1 -1 -1 -5
1699 A 11 0 2 -1 6 -5
1699 A 11 0 -2 -1 -4 5
1699 A 11 0 3 -1 -1 5
1699 A 11 0 -3 -1 -5 4
1699 A 11 0 4 -1 1 4
1699 A 11 0 -4 -1 1 2
1699 A 11 0 5 -1 -3 2
1699 A 11 0 6 -1 7 -3
1699 A 11 0 1 -2 -2 4
1699 A 11 0 0 -2 4 -4
1699 A 11 0 2 -2 0 -4
1699 A 11 0 -2 -2 -6 3
1699 A 11 0 4 -2 3 3
1699 A 11 0 -3 -2 -5 2
1699 A 11 0 -4 -2 -2 -3
1699 A 11 0 6 -2 5 -3
1699 A 11 0 1 -3 -7 5
1699 A 11 0 2 -3 2 5
1699 A 11 0 -1 -3 4 -3
1699 A 11 0 1 -4 -3 4
1699 A 11 0 -2 -4 2 -5
1699 A 11 0 6 -4 3 -5
1699 A 11 0 -3 -4 7 -4
1699 A 11 0 0 -5 -5 5
1699 A 12 0 0 -1 5 -5
1699 A 12 0 1 -1 0 -5
1699 A 12 0 -1 -1 2 5
1699 A 12 0 2 -1 -7 5
1699 A 12 0 -2 -1 -3 1
1699 A 12 0 -3 -1 8 -5
1699 A 12 0 4 -1 -3 -5
1699 A 12 0 -4 -1 5 -1
1699 A 12 0 -5 -1 -6 1
1699 A 12 0 2 -5 -3 5
1699 A 12 0 1 -5 4 -5
1699 A 12 0 -1 -5 -6 5
1699 A 13 0 0 -1 3 -3
1699 A 13 0 1 -1 0 -3
1699 A 13 0 -1 -1 -1 -6
1699 A 13 0 2 -1 7 -6
1699 A 13 0 -2 -1 -5 6
1699 A 13 0 3 -1 -1 6
1699 A 13 0 -3 -1 7 -5
1699 A 13 0 4 -1 -2 -5
1699 A 13 0 -4 -1 -7 4
1699 A 13 0 5 -1 3 4
1699 A 13 0 1 -2 3 -6
1699 A 13 0 0 -2 -5 5
1699 A 13 0 2 -2 0 5
1699 A 13 0 -2 -2 6 -3
1699 A 13 0 4 -2 -3 -3
1699 A 13 0 -3 -2 -5 2
1699 A 13 0 -4 -2 4 3
1699 A 13 0 6 -2 -7 3
1699 A 13 0 -5 -2 -1 4
1699 A 13 0 7 -2 -3 4
1699 A 13 0 1 -3 2 -3
1699 A 13 0 -1 -3 8 -6
1699 A 13 0 4 -3 -2 -6
1699 A 13 0 8 -3 2 -4
1699 A 13 0 0 -4 4 -4
1699 A 13 0 -1 -4 3 -5
1699 A 13 0 5 -4 2 -5
1699 A 13 0 -4 -4 3 5
1699 A 13 0 8 -4 -8 5
1699 A 13 0 -1 -5 -2 6
1699 A 13 0 6 -5 -4 6
1699 A 13 0 0 -6 -6 6
1699 A 14 0 0 -1 3 -3
1699 A 14 0 1 -1 0 -3
1699 A 14 0 -2 -1 -1 5
1699 A 14 0 3 -1 -4 5
1699 A 14 0 -3 -1 6 -5
1699 A 14 0 4 -1 -1 -5
1699 A 14 0 -4 -1 3 5
1699 A 14 0 5 -1 -8 5
1699 A 14 0 -6 -1 7 -3
1699 A 14 0 7 -1 -4 -3
1699 A 14 0 1 -3 2 -3
1699 A 14 0 -2 -3 -5 3
1699 A 14 0 -5 -3 8 -3
1699 A 14 0 0 -5 -5 5
1699 A 14 0 -2 -5 -7 5
1699 A 15 0 -1 -1 -4 2
1699 A 15 0 2 -1 2 2
1699 A 15 0 -2 -1 3 4
1699 A 15 0 3 -1 -7 4
1699 A 15 0 -3 -1 2 7
1699 A 15 0 4 -1 -9 7
1699 A 15 0 -6 -1 -4 7
1699 A 15 0 7 -1 -3 7
1699 A 15 0 1 -2 4 7
1699 A 15 0 -1 -2 6 -4
1699 A 15 0 3 -2 -2 -4
1699 A 15 0 -4 -2 -6 2
1699 A 15 0 -6 -2 1 -4
1699 A 15 0 8 -2 3 -4
1699 A 15 0 -4 -4 -1 -7
1699 A 15 0 8 -4 8 -7
1699 A 15 0 1 -7 -6 7
1699 A 16 0 0 -1 -7 7
1699 A 16 0 1 -1 0 7
1699 A 16 0 -1 -1 6 -3
1699 A 16 0 2 -1 -3 -3
1699 A 16 0 -2 -1 -3 1
1699 A 16 0 -3 -1 4 3
1699 A 16 0 4 -1 -7 3
1699 A 16 0 -4 -1 9 -5
1699 A 16 0 5 -1 -4 -5
1699 A 16 0 -5 -1 10 -7
1699 A 16 0 6 -1 -3 -7
1699 A 16 0 -6 -1 -3 5
1699 A 16 0 7 -1 -2 5
1699 A 16 0 -7 -1 8 -1
1699 A 16 0 1 -3 -2 3
1699 A 16 0 0 -3 3 -3
1699 A 16 0 -1 -3 4 -7
1699 A 16 0 4 -3 3 -7
1699 A 16 0 -2 -3 -1 7
1699 A 16 0 5 -3 -6 7
1699 A 16 0 -5 -3 -8 5
1699 A 16 0 8 -3 3 5
1699 A 16 0 -6 -3 -1 -5
1699 A 16 0 9 -3 6 -5
1699 A 16 0 1 -5 4 7
1699 A 16 0 4 -5 -11 7
1699 A 16 0 0 -5 5 -5
1699 A 16 0 -2 -5 -7 5
1699 A 16 0 -5 -5 -2 -7
1699 A 16 0 10 -5 9 -7
1699 A 16 0 2 -7 -5 7
1699 A 16 0 -1 -7 8 -7
1699 A 17 0 -1 -1 1 8
1699 A 17 0 2 -1 -9 8
1699 A 17 0 -2 -1 9 -3
1699 A 17 0 3 -1 -6 -3
1699 A 17 0 -3 -1 -11 7
1699 A 17 0 4 -1 4 7
1699 A 17 0 -4 -1 -4 -6
1699 A 17 0 5 -1 10 -6
1699 A 17 0 -5 -1 7 -4
1699 A 17 0 6 -1 -3 -4
1699 A 17 0 -6 -1 3 2
1699 A 17 0 7 -1 -5 2
1699 A 17 0 -7 -1 5 -7
1699 A 17 0 8 -1 2 -7
1699 A 17 0 9 -1 -2 4
1699 A 17 0 -1 -2 1 5
1699 A 17 0 3 -2 -6 5
1699 A 17 0 -2 -2 -8 4
1699 A 17 0 4 -2 4 4
1699 A 17 0 -4 -2 -4 7
1699 A 17 0 6 -2 -3 7
1699 A 17 0 -5 -2 7 -2
1699 A 17 0 -6 -2 3 -5
1699 A 17 0 8 -2 2 -5
1699 A 17 0 -7 -2 5 -3
1699 A 17 0 9 -2 -2 -3
1699 A 17 0 1 -3 -1 -7
1699 A 17 0 2 -3 8 -7
1699 A 17 0 -1 -3 1 -5
1699 A 17 0 4 -3 4 -5
1699 A 17 0 -3 -3 6 -3
1699 A 17 0 -4 -3 -4 -8
1699 A 17 0 7 -3 12 -8
1699 A 17 0 -5 -3 -10 8
1699 A 17 0 8 -3 2 8
1699 A 17 0 10 -3 5 7
1699 A 17 0 1 -4 -1 7
1699 A 17 0 3 -4 -6 7
1699 A 17 0 -1 -4 1 6
1699 A 17 0 5 -4 -7 6
1699 A 17 0 -2 -4 9 -6
1699 A 17 0 6 -4 -3 -6
1699 A 17 0 -5 -4 7 -5
1699 A 17 0 9 -4 -2 -5
1699 A 17 0 -6 -4 3 -8
1699 A 17 0 10 -4 5 -8
1699 A 17 0 -3 -5 6 -8
1699 A 17 0 8 -5 2 -8
1699 A 17 0 -4 -5 -4 6
1699 A 17 0 9 -5 -2 6
1699 A 17 0 -5 -5 -10 5
1699 A 17 0 11 -5 3 -6
1699 A 17 0 1 -6 -1 8
1699 A 17 0 5 -6 -7 8
1699 A 17 0 -2 -6 -8 6
1699 A 17 0 -5 -6 -10 7
1699 A 17 0 11 -6 3 7
1699 A 17 0 -2 -7 9 -7
1699 A 17 0 -3 -8 -11 8
1699 A 18 0 0 -1 5 -5
1699 A 18 0 1 -1 0 -5
1699 A 18 0 -1 -1 -4 -7
1699 A 18 0 2 -1 11 -7
1699 A 18 0 -2 -1 -3 1
1699 A 18 0 -3 -1 -10 7
1699 A 18 0 4 -1 3 7
1699 A 18 0 -4 -1 -1 -7
1699 A 18 0 5 -1 8 -7
1699 A 18 0 -5 -1 -6 7
1699 A 18 0 6 -1 -1 7
1699 A 18 0 -6 -1 -7 1
1699 A 18 0 -7 -1 2 -7
1699 A 18 0 8 -1 5 -7
1699 A 18 0 -8 -1 9 -5
1699 A 18 0 9 -1 -4 -5
1699 A 18 0 2 -5 -3 5
1699 A 18 0 1 -5 4 -5
1699 A 18 0 -1 -5 12 -7
1699 A 18 0 6 -5 -5 -7
1699 A 18 0 -2 -5 7 -5
1699 A 18 0 -3 -5 4 -7
1699 A 18 0 8 -5 3 -7
1699 A 18 0 -5 -5 10 -5
1699 A 18 0 -6 -5 -11 5
1699 A 18 0 0 -7 -7 7
1699 A 18 0 -2 -7 -9 7
1699 A 19 0 0 -1 -8 8
1699 A 19 0 1 -1 0 8
1699 A 19 0 -1 -1 -4 2
1699 A 19 0 2 -1 2 2
1699 A 19 0 -2 -1 9 -3
1699 A 19 0 3 -1 -6 -3
1699 A 19 0 -4 -1 3 7
1699 A 19 0 5 -1 -10 7
1699 A 19 0 -5 -1 -6 1
1699 A 19 0 -6 -1 11 -7
1699 A 19 0 7 -1 -4 -7
1699 A 19 0 -7 -1 -5 3
1699 A 19 0 8 -1 2 3
1699 A 19 0 -8 -1 3 6
1699 A 19 0 9 -1 -9 6
1699 A 19 0 10 -1 5 9
1699 A 19 0 1 -2 12 -5
1699 A 19 0 0 -2 -4 4
1699 A 19 0 2 -2 0 4
1699 A 19 0 -1 -2 5 3
1699 A 19 0 3 -2 -8 3
1699 A 19 0 -3 -2 1 -8
1699 A 19 0 5 -2 7 -8
1699 A 19 0 -4 -2 -5 8
1699 A 19 0 6 -2 -3 8
1699 A 19 0 -5 -2 -2 6
1699 A 19 0 7 -2 -4 6
1699 A 19 0 -7 -2 12 -9
1699 A 19 0 9 -2 -3 -9
1699 A 19 0 -8 -2 11 -6
1699 A 19 0 10 -2 -5 -6
1699 A 19 0 1 -3 -9 4
1699 A 19 0 2 -3 5 4
1699 A 19 0 0 -3 -9 9
1699 A 19 0 3 -3 0 9
1699 A 19 0 -1 -3 8 -6
1699 A 19 0 4 -3 -2 -6
1699 A 19 0 -3 -3 5 7
1699 A 19 0 6 -3 -12 7
1699 A 19 0 -4 -3 3 -4
1699 A 19 0 7 -3 1 -4
1699 A 19 0 2 -4 6 7
1699 A 19 0 -1 -4 -11 5
1699 A 19 0 5 -4 6 5
1699 A 19 0 -2 -4 12 -8
1699 A 19 0 6 -4 -4 -8
1699 A 19 0 -4 -4 -1 -9
1699 A 19 0 8 -4 10 -9
1699 A 19 0 -6 -4 10 -4
1699 A 19 0 -7 -4 -11 4
1699 A 19 0 2 -5 8 -7
1699 A 19 0 3 -5 -1 -7
1699 A 19 0 0 -5 6 -6
1699 A 19 0 5 -5 0 -6
1699 A 19 0 -1 -5 -7 9
1699 A 19 0 6 -5 -2 9
1699 A 19 0 -2 -5 -7 5
1699 A 19 0 -3 -5 3 -9
1699 A 19 0 8 -5 6 -9
1699 A 19 0 -4 -5 -5 7
1699 A 19 0 9 -5 -2 7
1699 A 19 0 -5 -5 3 8
1699 A 19 0 10 -5 -11 8
1699 A 19 0 3 -6 4 -8
1699 A 19 0 -1 -6 -1 9
1699 A 19 0 7 -6 -8 9
1699 A 19 0 -4 -6 -4 -9
1699 A 19 0 10 -6 13 -9
1699 A 19 0 -6 -6 12 -6
1699 A 19 0 3 -7 10 -8
1699 A 19 0 4 -7 -2 -8
1699 A 19 0 1 -7 -5 9
1699 A 19 0 6 -7 -4 9
1699 A 19 0 0 -7 7 -7
1699 A 19 0 2 -8 -6 8
1699 A 19 0 -1 -8 9 -8
1699 A 20 0 -1 -1 6 -3
1699 A 20 0 2 -1 -3 -3
1699 A 20 0 -2 -1 -7 9
1699 A 20 0 3 -1 -2 9
1699 A 20 0 -3 -1 -8 7
1699 A 20 0 4 -1 1 7
1699 A 20 0 -6 -1 1 -3
1699 A 20 0 7 -1 2 -3
1699 A 20 0 -7 -1 8 -1
1699 A 20 0 -8 -1 -3 7
1699 A 20 0 9 -1 -4 7
1699 A 20 0 -1 -3 -4 -7
1699 A 20 0 4 -3 11 -7
1699 A 20 0 -4 -3 -1 9
1699 A 20 0 7 -3 -8 9
1699 A 20 0 -6 -3 -9 3
1699 A 20 0 -8 -3 -13 9
1699 A 20 0 11 -3 4 9
1699 A 20 0 1 -7 -6 7
1699 A 20 0 -2 -7 3 -9
1699 A 20 0 9 -7 6 -9
1699 A 20 0 -6 -7 11 -9
1699 A 20 0 13 -7 -2 -9
1699 A 20 0 -3 -9 12 -9
1699 A -1 1 -21 0 81 0
1699 A -1 1 -22 0 58 0
1699 A -1 1 -23 0 37 0
1699 A -1 1 -24 0 124 0
1699 A -1 1 -26 0 -49 0
1699 A -1 1 -28 0 167 0
1699 A -1 1 -29 0 44 0
1699 A -1 1 -41 0 -114 0
1699 A -1 1 -42 0 -172 0
1699 A -1 1 -43 0 -168 0
1699 A -1 1 -56 0 -129 0
1699 A -1 1 -57 0 -82 0
1699 A -1 1 -64 0 -166 0
1699 A -1 1 -74 0 -201 0
1699 A -1 1 -76 0 151 0
1699 A -1 1 -83 0 -128 0
1699 A -1 1 -84 0 -86 0
1699 A -1 1 -87 0 -127 0
1699 A -1 1 -88 0 -198 0
1699 A -1 1 -89 0 -191 0
1699 A -1 1 -92 0 -97 0
1699 A -1 1 -99 0 -176 0
1699 A -1 1 -112 0 148 0
1699 A -1 1 -113 0 -173 0
1699 A -1 1 -126 0 -199 0
1699 A -1 1 -149 0 174 0
1699 A -1 1 -162 0 -202 0
1699 A -1 1 -169 0 -171 0
1699 A -1 1 -192 0 -197 0
1699 A 0 1 -21 0 81 0
1699 A 0 1 -22 0 58 0
1699 A 0 1 -23 0 37 0
1699 A 0 1 -24 0 124 0
1699 A 0 1 -26 0 -49 0
1699 A 0 1 -28 0 167 0
1699 A 0 1 -29 0 44 0
1699 A 0 1 -41 0 -114 0
1699 A 0 1 -42 0 -172 0
1699 A 0 1 -43 0 -168 0
1699 A 0 1 -56 0 -129 0
1699 A 0 1 -57 0 -82 0
1699 A 0 1 -64 0 -166 0
1699 A 0 1 -74 0 -201 0
1699 A 0 1 -76 0 151 0
1699 A 0 1 -83 0 -128 0
1699 A 0 1 -84 0 -86 0
1699 A 0 1 -87 0 -127 0
1699 A 0 1 -88 0 -198 0
1699 A 0 1 -89 0 -191 0
1699 A 0 1 -92 0 -97 0
1699 A 0 1 -99 0 -176 0
1699 A 0 1 -112 0 148 0
1699 A 0 1 -113 0 -173 0
1699 A 0 1 -126 0 -199 0
1699 A 0 1 -149 0 174 0
1699 A 0 1 -162 0 -202 0
1699 A 0 1 -169 0 -171 0
1699 A 0 1 -192 0 -197 0
1699 A -2 1 -22 0 -97 0
1699 A -2 1 -23 0 130 0
1699 A -2 1 -26 0 115 0
1699 A -2 1 -30 0 -183 -1
1699 A -2 1 -31 0 124 0
1699 A -2 1 -32 0 -40 0
1699 A -2 1 -34 0 -113 0
1699 A -2 1 -37 0 -148 -1
1699 A -2 1 -41 0 125 0
1699 A -2 1 -51 0 67 0
1699 A -2 1 -58 0 81 0
1699 A -2 1 -59 0 150 1
1699 A -2 1 -60 0 121 0
1699 A -2 1 -92 0 -179 -1
1699 A -2 1 -93 0 -101 0
1699 A -2 1 -102 0 -178 -1
1699 A -2 1 -120 0 -151 -1
1699 A -2 1 -123 0 182 1
1699 A -2 1 -161 -1 184 1
1699 A -2 1 -165 -1 200 1
1699 A 1 1 -22 0 -97 0
1699 A 1 1 -23 0 130 0
1699 A 1 1 -26 0 115 0
1699 A 1 1 -30 0 -184 1
1699 A 1 1 -31 0 124 0
1699 A 1 1 -32 0 -40 0
1699 A 1 1 -34 0 -113 0
1699 A 1 1 -37 0 -149 1
1699 A 1 1 -41 0 125 0
1699 A 1 1 -51 0 67 0
1699 A 1 1 -58 0 81 0
1699 A 1 1 -59 0 151 -1
1699 A 1 1 -60 0 121 0
1699 A 1 1 -92 0 -180 1
1699 A 1 1 -93 0 -101 0
1699 A 1 1 -102 0 -179 1
1699 A 1 1 -120 0 -152 1
1699 A 1 1 -123 0 183 -1
1699 A 1 1 162 -1 -185 1
1699 A 1 1 166 -1 -201 1
1699 A -3 1 -21 0 -41 0
1699 A -3 1 -22 0 95 1
1699 A -3 1 -23 0 75 0
1699 A -3 1 -26 0 -113 -1
1699 A -3 1 -32 0 -199 -1
1699 A -3 1 -37 0 -195 -1
1699 A -3 1 -50 0 -178 -1
1699 A -3 1 -56 0 -174 -1
1699 A -3 1 -59 0 -165 -1
1699 A -3 1 -65 0 123 1
1699 A -3 1 -80 0 -164 -1
1699 A -3 1 -82 0 202 1
1699 A -3 1 -91 -1 185 1
1699 A -3 1 -99 -1 128 1
1699 A -3 1 -110 -1 -161 -1
1699 A -3 1 -111 -1 -152 -1
1699 A -3 1 -134 -1 -148 -1
1699 A 2 1 -21 0 -41 0
1699 A 2 1 -22 0 96 -1
1699 A 2 1 -23 0 75 0
1699 A 2 1 -26 0 -114 1
1699 A 2 1 -32 0 -200 1
1699 A 2 1 -37 0 -196 1
1699 A 2 1 -50 0 -179 1
1699 A 2 1 -56 0 -175 1
1699 A 2 1 -59 0 -166 1
1699 A 2 1 -65 0 124 -1
1699 A 2 1 -80 0 -165 1
1699 A 2 1 -82 0 203 -1
1699 A 2 1 92 -1 -186 1
1699 A 2 1 100 -1 -129 1
1699 A 2 1 111 -1 162 -1
1699 A 2 1 112 -1 153 -1
1699 A 2 1 135 -1 149 -1
1699 A -4 1 -21 0 -100 -1
1699 A -4 1 -22 0 -135 -1
1699 A -4 1 -24 0 -87 -1
1699 A -4 1 -25 0 35 0
1699 A -4 1 -42 0 -52 0
1699 A -4 1 -45 0 64 1
1699 A -4 1 -47 0 89 1
1699 A -4 1 -59 0 192 2
1699 A -4 1 -62 -1 -184 -2
1699 A -4 1 -66 -1 -198 -2
1699 A -4 1 -77 -1 -197 -2
1699 A -4 1 -79 -1 -175 -1
1699 A -4 1 -95 -1 -124 -1
1699 A -4 1 -112 -1 158 1
1699 A -4 1 -118 -1 -189 -2
1699 A -4 1 -133 -1 -181 -1
1699 A -4 1 -151 -1 195 2
1699 A -4 1 -153 -1 -163 -1
1699 A -4 1 -156 -1 179 1
1699 A 3 1 -21 0 -101 1
1699 A 3 1 -22 0 -136 1
1699 A 3 1 -24 0 -88 1
1699 A 3 1 -25 0 35 0
1699 A 3 1 -42 0 -52 0
1699 A 3 1 -45 0 65 -1
1699 A 3 1 -47 0 90 -1
1699 A 3 1 -59 0 194 -2
1699 A 3 1 63 -1 186 -2
1699 A 3 1 67 -1 200 -2
1699 A 3 1 78 -1 199 -2
1699 A 3 1 80 -1 176 -1
1699 A 3 1 96 -1 125 -1
1699 A 3 1 113 -1 -159 1
1699 A 3 1 119 -1 191 -2
1699 A 3 1 134 -1 182 -1
1699 A 3 1 152 -1 -197 2
1699 A 3 1 154 -1 164 -1
1699 A 3 1 157 -1 -180 1
1699 A 21 0 -4 -1 -4 5
1699 A 21 0 5 -1 -1 5
1699 A 21 0 -6 -1 -7 4
1699 A 21 0 7 -1 3 4
1699 A 21 0 -7 -1 -4 -10
1699 A 21 0 8 -1 14 -10
1699 A 21 0 -9 -1 -1 -2
1699 A 21 0 10 -1 3 -2
1699 A 21 0 11 -1 -1 2
1699 A 21 0 0 -2 -2 2
1699 A 21 0 -5 -2 7 -5
1699 A 21 0 7 -2 -2 -5
1699 A 21 0 -6 -2 -11 8
1699 A 21 0 8 -2 3 8
1699 A 21 0 -7 -2 -9 2
1699 A 21 0 -8 -2 -2 -8
1699 A 21 0 10 -2 10 -8
1699 A 21 0 2 -4 5 -10
1699 A 21 0 -1 -4 5 -4
1699 A 21 0 -2 -4 -15 10
1699 A 21 0 6 -4 5 10
1699 A 21 0 -5 -4 -9 4
1699 A 21 0 -7 -4 -1 8
1699 A 21 0 11 -4 -7 8
1699 A 21 0 -3 -5 4 8
1699 A 21 0 8 -5 -12 8
1699 A 21 0 -6 -5 -5 8
1699 A 21 0 11 -5 -3 8
1699 A 21 0 -7 -5 -12 5
1699 A 21 0 13 -5 4 -8
1699 A 21 0 -6 -8 7 -10
1699 A 21 0 14 -8 3 -10
1699 A 21 0 2 -10 8 -10
1699 A -5 1 -22 0 -172 -2
1699 A -5 1 -23 0 -53 -1
1699 A -5 1 -24 0 194 2
1699 A -5 1 -27 0 33 0
1699 A -5 1 -29 0 -46 0
1699 A -5 1 -31 0 191 2
1699 A -5 1 -39 0 184 2
1699 A -5 1 -42 0 48 1
1699 A -5 1 -43 0 197 2
1699 A -5 1 -44 0 -86 -1
1699 A -5 1 -54 -1 -171 -2
1699 A -5 1 -61 -1 -199 -2
1699 A -5 1 -62 -1 88 1
1699 A -5 1 -73 -1 92 1
1699 A -5 1 -81 -1 -114 -1
1699 A -5 1 -82 -1 128 1
1699 A -5 1 -83 -1 167 2
1699 A -5 1 -87 -1 198 2
1699 A -5 1 -96 -1 136 1
1699 A -5 1 -113 -1 127 1
1699 A -5 1 -129 -1 -166 -2
1699 A -5 1 -146 -2 -164 -2
1699 A 4 1 -22 0 -174 2
1699 A 4 1 -23 0 -54 1
1699 A 4 1 -24 0 196 -2
1699 A 4 1 -27 0 33 0
1699 A 4 1 -29 0 -46 0
1699 A 4 1 -31 0 193 -2
1699 A 4 1 -39 0 186 -2
1699 A 4 1 -42 0 49 -1
1699 A 4 1 -43 0 199 -2
1699 A 4 1 -44 0 -87 1
1699 A 4 1 55 -1 173 -2
1699 A 4 1 62 -1 201 -2
1699 A 4 1 63 -1 -89 1
1699 A 4 1 74 -1 -93 1
1699 A 4 1 82 -1 115 -1
1699 A 4 1 83 -1 -129 1
1699 A 4 1 84 -1 -169 2
1699 A 4 1 88 -1 -200 2
1699 A 4 1 97 -1 -137 1
1699 A 4 1 114 -1 -128 1
1699 A 4 1 130 -1 168 -2
1699 A 4 1 148 -2 166 -2
1699 A -6 1 -22 0 -56 -1
1699 A -6 1 -23 0 -166 -2
1699 A -6 1 -29 0 192 2
1699 A -6 1 -31 0 -38 -1
1699 A -6 1 -32 0 116 2
1699 A -6 1 -33 0 -181 -2
1699 A -6 1 -34 0 162 2
1699 A -6 1 -36 0 -127 -2
1699 A -6 1 -37 -1 115 2
1699 A -6 1 -40 -1 -83 -1
1699 A -6 1 -41 -1 195 3
1699 A -6 1 -55 -1 -167 -2
1699 A -6 1 -60 -1 119 2
1699 A -6 1 -61 -1 151 2
1699 A -6 1 -62 -1 81 1
1699 A -6 1 -63 -1 -193 -3
1699 A -6 1 -65 -1 129 2
1699 A -6 1 -73 -1 132 2
1699 A -6 1 -75 -1 179 2
1699 A -6 1 -80 -1 -152 -2
1699 A -6 1 -82 -1 194 3
1699 A -6 1 -87 -1 125 2
1699 A -6 1 -88 -1 -115 -1
1699 A -6 1 -91 -1 -185 -2
1699 A -6 1 -93 -1 -198 -3
1699 A -6 1 -100 -1 164 2
1699 A -6 1 -102 -1 -186 -2
1699 A -6 1 -116 -1 126 2
1699 A -6 1 -117 -2 182 2
1699 A -6 1 -120 -2 -150 -2
1699 A -6 1 -124 -2 -172 -2
1699 A -6 1 -147 -2 -174 -2
1699 A -6 1 -161 -2 180 2
1699 A 5 1 -22 0 -57 1
1699 A 5 1 -23 0 -168 2
1699 A 5 1 -29 0 194 -2
1699 A 5 1 -31 0 -39 1
1699 A 5 1 -32 0 118 -2
1699 A 5 1 -33 0 -183 2
1699 A 5 1 -34 0 164 -2
1699 A 5 1 -36 0 -129 2
1699 A 5 1 38 -1 -117 2
1699 A 5 1 41 -1 84 -1
1699 A 5 1 42 -1 -198 3
1699 A 5 1 56 -1 169 -2
1699 A 5 1 61 -1 -121 2
1699 A 5 1 62 -1 -153 2
1699 A 5 1 63 -1 -82 1
1699 A 5 1 64 -1 196 -3
1699 A 5 1 66 -1 -131 2
1699 A 5 1 74 -1 -134 2
1699 A 5 1 76 -1 -181 2
1699 A 5 1 81 -1 154 -2
1699 A 5 1 83 -1 -197 3
1699 A 5 1 88 -1 -127 2
1699 A 5 1 89 -1 116 -1
1699 A 5 1 92 -1 187 -2
1699 A 5 1 94 -1 201 -3
1699 A 5 1 101 -1 -166 2
1699 A 5 1 103 -1 188 -2
1699 A 5 1 117 -1 -128 2
1699 A 5 1 119 -2 -184 2
1699 A 5 1 122 -2 152 -2
1699 A 5 1 126 -2 174 -2
1699 A 5 1 149 -2 176 -2
1699 A 5 1 163 -2 -182 2
1699 A -7 1 -22 0 -170 -3
1699 A -7 1 -23 0 -182 -3
1699 A -7 1 -24 0 -193 -3
1699 A -7 1 -25 0 -49 -1
1699 A -7 1 -30 -1 94 1
1699 A -7 1 -34 -1 -184 -3
1699 A -7 1 -37 -1 124 2
1699 A -7 1 -47 -1 -133 -2
1699 A -7 1 -54 -1 -201 -3
1699 A -7 1 -74 -1 -91 -1
1699 A -7 1 -92 -1 196 3
1699 A -7 1 -99 -1 -149 -2
1699 A -7 1 -97 -2 -108 -2
1699 A -7 1 -122 -2 161 3
1699 A -7 1 -128 -2 134 2
1699 A -7 1 -131 -2 -198 -3
1699 A -7 1 -150 -2 -154 -2
1699 A 6 1 -22 0 -173 3
1699 A 6 1 -23 0 -185 3
1699 A 6 1 -24 0 -196 3
1699 A 6 1 -25 0 -50 1
1699 A 6 1 31 -1 -95 1
1699 A 6 1 35 -1 187 -3
1699 A 6 1 38 -1 -126 2
1699 A 6 1 48 -1 135 -2
1699 A 6 1 55 -1 204 -3
1699 A 6 1 75 -1 92 -1
1699 A 6 1 93 -1 -199 3
1699 A 6 1 100 -1 151 -2
1699 A 6 1 99 -2 110 -2
1699 A 6 1 124 -2 -164 3
1699 A 6 1 130 -2 -136 2
1699 A 6 1 133 -2 201 -3
1699 A 6 1 152 -2 156 -2
1699 A -8 1 -22 0 -137 -2
1699 A -8 1 -28 -1 131 2
1699 A -8 1 -34 -1 110 2
1699 A -8 1 -48 -1 -130 -2
1699 A -8 1 -55 -1 76 1
1699 A -8 1 -65 -1 -96 -2
1699 A -8 1 -67 -1 162 3
1699 A -8 1 -81 -1 195 4
1699 A -8 1 -93 -2 179 3
1699 A -8 1 -94 -2 -199 -3
1699 A -8 1 -98 -2 149 3
1699 A -8 1 -133 -2 -160 -3
1699 A -8 1 -144 -3 -185 -3
1699 A -8 1 -164 -3 -173 -3
1699 A 7 1 -22 0 -139 2
1699 A 7 1 29 -1 -133 2
1699 A 7 1 35 -1 -112 2
1699 A 7 1 49 -1 132 -2
1699 A 7 1 56 -1 -77 1
1699 A 7 1 66 -1 98 -2
1699 A 7 1 68 -1 -165 3
1699 A 7 1 82 -1 -199 4
1699 A 7 1 95 -2 -182 3
1699 A 7 1 96 -2 202 -3
1699 A 7 1 100 -2 -152 3
1699 A 7 1 135 -2 163 -3
1699 A 7 1 147 -3 188 -3
1699 A 7 1 167 -3 176 -3
1699 A 22 0 -8 -1 -1 5
1699 A 22 0 9 -1 -4 5
1699 A 22 0 -9 -1 6 -5
1699 A 22 0 10 -1 -1 -5
1699 A 22 0 -10 -1 -11 3
1699 A 22 0 11 -1 8 3
1699 A 22 0 1 -3 4 5
1699 A 22 0 2 -3 -9 5
1699 A 22 0 -1 -3 4 -3
1699 A 22 0 -2 -3 -15 9
1699 A 22 0 5 -3 6 9
1699 A 22 0 -3 -3 -4 -9
1699 A 22 0 6 -3 13 -9
1699 A 22 0 -5 -3 2 -9
1699 A 22 0 8 -3 7 -9
1699 A 22 0 -6 -3 -5 9
1699 A 22 0 9 -3 -4 9
1699 A 22 0 -7 -3 10 -3
1699 A 22 0 -9 -3 2 5
1699 A 22 0 12 -3 -7 5
1699 A 22 0 0 -5 -5 5
1699 A 22 0 -3 -5 8 -5
1699 A 22 0 -6 -5 -11 5
1699 A 22 0 -8 -5 -5 7
1699 A 22 0 13 -5 -2 7
1699 A 22 0 3 -7 4 -7
1699 A 22 0 -2 -7 1 9
1699 A 22 0 9 -7 -10 9
1699 A 22 0 -3 -7 -10 7
1699 A 22 0 -4 -7 11 -9
1699 A 22 0 11 -7 -2 -9
1699 A 22 0 3 -9 -6 9
1699 A -9 1 -23 0 -90 -2
1699 A -9 1 -24 0 127 2
1699 A -9 1 -27 0 -74 -2
1699 A -9 1 -25 -1 -163 -3
1699 A -9 1 -27 -1 -60 -1
1699 A -9 1 -28 -1 -76 -2
1699 A -9 1 -31 -1 78 1
1699 A -9 1 -34 -1 -86 -2
1699 A -9 1 -38 -1 -65 -1
1699 A -9 1 -39 -1 -149 -3
1699 A -9 1 -44 -1 -66 -1
1699 A -9 1 -50 -1 -183 -4
1699 A -9 1 -56 -1 112 2
1699 A -9 1 -59 -1 -77 -2
1699 A -9 1 -64 -1 -150 -3
1699 A -9 1 -70 -1 124 3
1699 A -9 1 -88 -2 175 4
1699 A -9 1 -89 -2 126 2
1699 A -9 1 -100 -2 121 2
1699 A -9 1 -116 -2 177 3
1699 A -9 1 -125 -2 -176 -4
1699 A -9 1 -131 -3 -146 -3
1699 A -9 1 -151 -3 179 4
1699 A -9 1 -152 -3 -200 -4
1699 A -9 1 -167 -3 -192 -4
1699 A -9 1 -180 -4 201 4
1699 A 8 1 -23 0 -92 2
1699 A 8 1 -24 0 129 -2
1699 A 8 1 -27 0 -76 2
1699 A 8 1 26 -1 166 -3
1699 A 8 1 28 -1 61 -1
1699 A 8 1 29 -1 78 -2
1699 A 8 1 32 -1 -79 1
1699 A 8 1 35 -1 88 -2
1699 A 8 1 39 -1 66 -1
1699 A 8 1 40 -1 152 -3
1699 A 8 1 45 -1 67 -1
1699 A 8 1 51 -1 187 -4
1699 A 8 1 57 -1 -114 2
1699 A 8 1 60 -1 79 -2
1699 A 8 1 65 -1 153 -3
1699 A 8 1 71 -1 -127 3
1699 A 8 1 90 -2 -179 4
1699 A 8 1 91 -2 -128 2
1699 A 8 1 102 -2 -123 2
1699 A 8 1 118 -2 -180 3
1699 A 8 1 127 -2 180 -4
1699 A 8 1 134 -3 149 -3
1699 A 8 1 154 -3 -183 4
1699 A 8 1 155 -3 204 -4
1699 A 8 1 170 -3 196 -4
1699 A 8 1 184 -4 -205 4
1699 A -10 1 -23 0 92 2
1699 A -10 1 -24 0 -196 -4
1699 A -10 1 -26 0 -79 -2
1699 A -10 1 -18 -1 72 2
1699 A -10 1 -23 -1 -68 -1
1699 A -10 1 -24 -1 -86 -2
1699 A -10 1 -28 -1 102 2
1699 A -10 1 -31 -1 161 4
1699 A -10 1 -42 -1 168 4
1699 A -10 1 -43 -1 -58 -1
1699 A -10 1 -52 -1 88 2
1699 A -10 1 -57 -1 103 2
1699 A -10 1 -59 -1 169 4
1699 A -10 1 -67 -1 -87 -2
1699 A -10 1 -62 -2 -127 -3
1699 A -10 1 -106 -3 191 4
1699 A -10 1 -107 -3 163 4
1699 A -10 1 -108 -3 -123 -3
1699 A -10 1 -109 -3 -186 -4
1699 A -10 1 -114 -3 -171 -4
1699 A -10 1 -122 -3 -187 -4
1699 A -10 1 -126 -3 201 4
1699 A -10 1 -132 -3 173 4
1699 A -10 1 -151 -3 -199 -4
1699 A -10 1 -162 -4 -192 -4
1699 A -10 1 -184 -4 -196 -5
1699 A 9 1 -23 0 94 -2
1699 A 9 1 -24 0 -200 4
1699 A 9 1 -26 0 -81 2
1699 A 9 1 19 -1 -74 2
1699 A 9 1 24 -1 69 -1
1699 A 9 1 25 -1 88 -2
1699 A 9 1 29 -1 -104 2
1699 A 9 1 32 -1 -165 4
1699 A 9 1 43 -1 -172 4
1699 A 9 1 44 -1 59 -1
1699 A 9 1 53 -1 -90 2
1699 A 9 1 58 -1 -105 2
1699 A 9 1 60 -1 -173 4
1699 A 9 1 68 -1 89 -2
1699 A 9 1 64 -2 130 -3
1699 A 9 1 109 -3 -195 4
1699 A 9 1 110 -3 -167 4
1699 A 9 1 111 -3 126 -3
1699 A 9 1 112 -3 190 -4
1699 A 9 1 117 -3 175 -4
1699 A 9 1 125 -3 191 -4
1699 A 9 1 129 -3 -205 4
1699 A 9 1 135 -3 -177 4
1699 A 9 1 154 -3 203 -4
1699 A 9 1 166 -4 196 -4
1699 A 9 1 188 -4 201 -5
1699 A 23 0 -10 -1 -2 -4
1699 A 23 0 11 -1 6 -4
1699 A 23 0 12 -1 7 9
1699 A 23 0 1 -2 15 -7
1699 A 23 0 -1 -2 3 -2
1699 A 23 0 -3 -2 11 -9
1699 A 23 0 5 -2 -2 -9
1699 A 23 0 -4 -2 -6 2
1699 A 23 0 -5 -2 3 9
1699 A 23 0 7 -2 -12 9
1699 A 23 0 -9 -2 -7 -5
1699 A 23 0 11 -2 12 -5
1699 A 23 0 -10 -2 4 7
1699 A 23 0 12 -2 -11 7
1699 A 23 0 -3 -3 3 10
1699 A 23 0 6 -3 -13 10
1699 A 23 0 -4 -3 14 -6
1699 A 23 0 7 -3 -8 -6
1699 A 23 0 -5 -3 8 -3
1699 A 23 0 -7 -3 7 -9
1699 A 23 0 10 -3 2 -9
1699 A 23 0 2 -4 -4 8
1699 A 23 0 -1 -4 6 9
1699 A 23 0 5 -4 -15 9
1699 A 23 0 -6 -4 -6 7
1699 A 23 0 10 -4 -1 7
1699 A 23 0 -9 -4 -6 -7
1699 A 23 0 13 -4 13 -7
1699 A 23 0 -4 -5 -5 -10
1699 A 23 0 9 -5 15 -10
1699 A 23 0 -6 -5 3 7
1699 A 23 0 11 -5 -10 7
1699 A 23 0 14 -5 6 11
1699 A 23 0 3 -6 5 -10
1699 A 23 0 -3 -6 1 7
1699 A 23 0 9 -6 -8 7
1699 A 23 0 -7 -6 -14 10
1699 A 23 0 13 -6 4 10
1699 A 23 0 -5 -7 12 -7
1699 A 23 0 -3 -8 11 -8
1699 A 23 0 -4 -8 -5 11
1699 A 23 0 12 -8 -6 11
1699 A 23 0 0 -9 10 -10
1699 A 23 0 9 -9 0 -10
1699 A -11 1 -24 0 -123 -3
1699 A -11 1 -15 -1 -111 -3
1699 A -11 1 -16 -1 174 4
1699 A -11 1 -18 -1 -133 -3
1699 A -11 1 -25 -1 -82 -2
1699 A -11 1 -26 -1 144 4
1699 A -11 1 -32 -1 90 2
1699 A -11 1 -41 -1 -61 -1
1699 A -11 1 -46 -1 -100 -2
1699 A -11 1 -51 -1 178 5
1699 A -11 1 -53 -1 165 4
1699 A -11 1 -59 -2 196 5
1699 A -11 1 -77 -2 199 5
1699 A -11 1 -81 -2 143 4
1699 A -11 1 -89 -2 186 5
1699 A -11 1 -94 -2 182 4
1699 A -11 1 -105 -2 154 4
1699 A -11 1 -95 -3 -130 -3
1699 A -11 1 -109 -3 -129 -3
1699 A -11 1 -110 -3 173 4
1699 A -11 1 -125 -3 -149 -4
1699 A -11 1 -126 -3 194 5
1699 A -11 1 -148 -4 193 5
1699 A 10 1 -24 0 -126 3
1699 A 10 1 16 -1 114 -3
1699 A 10 1 17 -1 -178 4
1699 A 10 1 19 -1 136 -3
1699 A 10 1 26 -1 84 -2
1699 A 10 1 27 -1 -148 4
1699 A 10 1 33 -1 -92 2
1699 A 10 1 42 -1 62 -1
1699 A 10 1 47 -1 102 -2
1699 A 10 1 52 -1 -183 5
1699 A 10 1 54 -1 -169 4
1699 A 10 1 61 -2 -201 5
1699 A 10 1 79 -2 -204 5
1699 A 10 1 83 -2 -147 4
1699 A 10 1 91 -2 -191 5
1699 A 10 1 96 -2 -186 4
1699 A 10 1 107 -2 -158 4
1699 A 10 1 98 -3 133 -3
1699 A 10 1 112 -3 132 -3
1699 A 10 1 113 -3 -177 4
1699 A 10 1 128 -3 153 -4
1699 A 10 1 129 -3 -199 5
1699 A 10 1 152 -4 -198 5
1699 A -12 1 -24 0 -92 -2
1699 A -12 1 -13 -1 120 3
1699 A -12 1 -14 -1 114 3
1699 A -12 1 -15 -1 -129 -3
1699 A -12 1 -18 -1 94 3
1699 A -12 1 -24 -1 -203 -5
1699 A -12 1 -29 -1 -127 -3
1699 A -12 1 -33 -1 -75 -2
1699 A -12 1 -36 -1 -46 -1
1699 A -12 1 -52 -1 175 5
1699 A -12 1 -55 -1 -97 -3
1699 A -12 1 -49 -2 -158 -4
1699 A -12 1 -59 -2 -195 -5
1699 A -12 1 -65 -2 -146 -4
1699 A -12 1 -73 -2 -130 -4
1699 A -12 1 -79 -2 -110 -3
1699 A -12 1 -83 -2 129 4
1699 A -12 1 -91 -3 190 5
1699 A -12 1 -96 -3 -125 -4
1699 A -12 1 -118 -3 122 4
1699 A -12 1 -152 -4 -199 -5
1699 A -12 1 -185 -5 206 5
1699 A 11 1 -24 0 -94 2
1699 A 11 1 14 -1 -123 3
1699 A 11 1 15 -1 -117 3
1699 A 11 1 16 -1 132 -3
1699 A 11 1 19 -1 -97 3
1699 A 11 1 25 -1 208 -5
1699 A 11 1 30 -1 130 -3
1699 A 11 1 34 -1 77 -2
1699 A 11 1 37 -1 47 -1
1699 A 11 1 53 -1 -180 5
1699 A 11 1 56 -1 100 -3
1699 A 11 1 51 -2 162 -4
1699 A 11 1 61 -2 200 -5
1699 A 11 1 67 -2 150 -4
1699 A 11 1 75 -2 134 -4
1699 A 11 1 81 -2 113 -3
1699 A 11 1 85 -2 -133 4
1699 A 11 1 94 -3 -195 5
1699 A 11 1 99 -3 129 -4
1699 A 11 1 121 -3 -126 4
1699 A 11 1 156 -4 204 -5
1699 A 11 1 190 -5 -211 5
1699 A 24 0 2 -5 9 -7
1699 A 24 0 3 -5 -2 -7
1699 A 24 0 -1 -5 -6 5
1699 A 24 0 -2 -5 1 -11
1699 A 24 0 7 -5 10 -11
1699 A 24 0 -1 -7 8 -7
1699 A 24 0 -5 -7 12 -11
1699 A 24 0 12 -7 -1 -11
1699 A 24 0 -6 -7 -13 7
1699 A 24 0 -5 -11 16 -11
1699 A -13 1 -12 -1 67 2
1699 A -13 1 -13 -1 -54 -1
1699 A -13 1 -14 -1 -30 -1
1699 A -13 1 -27 -1 198 6
1699 A -13 1 -33 -1 175 5
1699 A -13 1 -42 -1 -117 -4
1699 A -13 1 -49 -1 -188 -5
1699 A -13 1 -50 -2 172 5
1699 A -13 1 -54 -2 99 3
1699 A -13 1 -55 -2 -156 -4
1699 A -13 1 -60 -2 199 6
1699 A -13 1 -78 -2 -123 -3
1699 A -13 1 -82 -2 -117 -3
1699 A -13 1 -84 -2 154 4
1699 A -13 1 -85 -2 -181 -5
1699 A -13 1 -84 -3 -157 -5
1699 A -13 1 -85 -3 112 4
1699 A -13 1 -100 -3 157 4
1699 A -13 1 -113 -3 -120 -4
1699 A -13 1 -111 -4 156 5
1699 A -13 1 -118 -4 192 6
1699 A -13 1 -134 -4 -200 -6
1699 A -13 1 -152 -4 160 5
1699 A -13 1 -150 -5 162 5
1699 A 12 1 13 -1 -69 2
1699 A 12 1 14 -1 55 -1
1699 A 12 1 15 -1 31 -1
1699 A 12 1 28 -1 -204 6
1699 A 12 1 34 -1 -180 5
1699 A 12 1 43 -1 121 -4
1699 A 12 1 50 -1 193 -5
1699 A 12 1 52 -2 -177 5
1699 A 12 1 56 -2 -102 3
1699 A 12 1 57 -2 160 -4
1699 A 12 1 62 -2 -205 6
1699 A 12 1 80 -2 126 -3
1699 A 12 1 84 -2 120 -3
1699 A 12 1 86 -2 -158 4
1699 A 12 1 87 -2 186 -5
1699 A 12 1 87 -3 162 -5
1699 A 12 1 88 -3 -116 4
1699 A 12 1 103 -3 -161 4
1699 A 12 1 116 -3 124 -4
1699 A 12 1 115 -4 -161 5
1699 A 12 1 122 -4 -198 6
1699 A 12 1 138 -4 206 -6
1699 A 12 1 156 -4 -165 5
1699 A 12 1 155 -5 -167 5
1699 A -14 1 -13 -1 31 1
1699 A -14 1 -14 -1 -51 -1
1699 A -14 1 -17 -1 165 5
1699 A -14 1 -25 -1 -165 -6
1699 A -14 1 -28 -1 103 4
1699 A -14 1 -35 -1 153 5
1699 A -14 1 -49 -1 78 2
1699 A -14 1 -45 -2 102 4
1699 A -14 1 -62 -2 -206 -6
1699 A -14 1 -67 -2 -73 -3
1699 A -14 1 -80 -2 107 4
1699 A -14 1 -74 -3 -155 -5
1699 A -14 1 -85 -3 198 6
1699 A -14 1 -100 -3 -148 -5
1699 A -14 1 -102 -3 190 6
1699 A -14 1 -103 -3 -124 -4
1699 A -14 1 -167 -5 167 6
1699 A -14 1 -168 -5 194 6
1699 A -14 1 -164 -6 173 6
1699 A 13 1 14 -1 -32 1
1699 A 13 1 15 -1 52 -1
1699 A 13 1 18 -1 -170 5
1699 A 13 1 26 -1 171 -6
1699 A 13 1 29 -1 -107 4
1699 A 13 1 36 -1 -158 5
1699 A 13 1 50 -1 -80 2
1699 A 13 1 47 -2 -106 4
1699 A 13 1 64 -2 212 -6
1699 A 13 1 69 -2 76 -3
1699 A 13 1 82 -2 -111 4
1699 A 13 1 77 -3 160 -5
1699 A 13 1 88 -3 -204 6
1699 A 13 1 103 -3 153 -5
1699 A 13 1 105 -3 -196 6
1699 A 13 1 106 -3 128 -4
1699 A 13 1 172 -5 -173 6
1699 A 13 1 173 -5 -200 6
1699 A 13 1 170 -6 -179 6
1699 A 25 0 -1 -2 1 -9
1699 A 25 0 3 -2 8 -9
1699 A 25 0 14 -3 16 -7
1699 A -15 1 -16 -1 26 1
1699 A -15 1 -28 -1 132 4
1699 A -15 1 -29 -1 -71 -2
1699 A -15 1 -46 -1 -154 -5
1699 A -15 1 -49 -1 84 3
1699 A -15 1 -36 -2 -189 -6
1699 A -15 1 -43 -2 57 2
1699 A -15 1 -56 -2 66 2
1699 A -15 1 -66 -3 156 6
1699 A -15 1 -68 -3 -73 -3
1699 A -15 1 -86 -3 181 7
1699 A -15 1 -87 -3 118 4
1699 A -15 1 -88 -3 -103 -3
1699 A -15 1 -106 -4 151 6
1699 A -15 1 -108 -4 -148 -5
1699 A -15 1 -137 -4 198 7
1699 A -15 1 -153 -5 -193 -7
1699 A -15 1 -158 -5 -158 -6
1699 A -15 1 -173 -6 -178 -6
1699 A 14 1 17 -1 -27 1
1699 A 14 1 29 -1 -136 4
1699 A 14 1 30 -1 73 -2
1699 A 14 1 47 -1 159 -5
1699 A 14 1 50 -1 -87 3
1699 A 14 1 38 -2 195 -6
1699 A 14 1 45 -2 -59 2
1699 A 14 1 58 -2 -68 2
1699 A 14 1 69 -3 -162 6
1699 A 14 1 71 -3 76 -3
1699 A 14 1 89 -3 -188 7
1699 A 14 1 90 -3 -122 4
1699 A 14 1 91 -3 106 -3
1699 A 14 1 110 -4 -157 6
1699 A 14 1 112 -4 153 -5
1699 A 14 1 141 -4 -205 7
1699 A 14 1 158 -5 200 -7
1699 A 14 1 163 -5 164 -6
1699 A 14 1 179 -6 184 -6
1699 A -16 1 -15 -1 140 6
1699 A -16 1 -18 -1 -112 -4
1699 A -16 1 -20 -1 -202 -7
1699 A -16 1 -27 -1 152 5
1699 A -16 1 -30 -1 -95 -4
1699 A -16 1 -48 -1 143 6
1699 A -16 1 -37 -2 -74 -2
1699 A -16 1 -39 -2 169 7
1699 A -16 1 -67 -2 197 7
1699 A -16 1 -72 -2 -131 -5
1699 A -16 1 -81 -3 187 7
1699 A -16 1 -91 -3 148 6
1699 A -16 1 -93 -3 204 7
1699 A -16 1 -94 -3 -128 -4
1699 A -16 1 -96 -3 158 6
1699 A -16 1 -110 -4 167 7
1699 A -16 1 -114 -4 -118 -5
1699 A -16 1 -129 -4 205 7
1699 A -16 1 -122 -5 181 7
1699 A -16 1 -180 -7 -200 -7
1699 A 15 1 16 -1 -146 6
1699 A 15 1 19 -1 116 -4
1699 A 15 1 21 -1 209 -7
1699 A 15 1 28 -1 -157 5
1699 A 15 1 31 -1 99 -4
1699 A 15 1 49 -1 -149 6
1699 A 15 1 39 -2 76 -2
1699 A 15 1 41 -2 -176 7
1699 A 15 1 69 -2 -204 7
1699 A 15 1 74 -2 136 -5
1699 A 15 1 84 -3 -194 7
1699 A 15 1 94 -3 -154 6
1699 A 15 1 96 -3 -211 7
1699 A 15 1 97 -3 132 -4
1699 A 15 1 99 -3 -164 6
1699 A 15 1 114 -4 -174 7
1699 A 15 1 118 -4 123 -5
1699 A 15 1 133 -4 -212 7
1699 A 15 1 127 -5 -188 7
1699 A 15 1 187 -7 207 -7
1699 A 26 0 -6 -7 -13 7
1699 A 26 0 -5 -11 -16 11
1699 A -17 1 -23 -1 71 3
1699 A -17 1 -25 -1 49 2
1699 A -17 1 -47 -2 191 8
1699 A -17 1 -73 -3 -95 -4
1699 A -17 1 -97 -4 -143 -6
1699 A -17 1 -121 -5 145 6
1699 A -17 1 -167 -7 -193 -8
1699 A 16 1 24 -1 -74 3
1699 A 16 1 26 -1 -51 2
1699 A 16 1 49 -2 -199 8
1699 A 16 1 76 -3 99 -4
1699 A 16 1 101 -4 149 -6
1699 A 16 1 126 -5 -151 6
1699 A 16 1 174 -7 201 -8
1699 A 27 0 -4 -4 8 -4
1699 A 27 0 -6 -8 1 11
1699 A 27 0 14 -8 -12 11
1699 A 27 0 2 -11 -9 11
1699 A -18 1 -24 -1 -51 -2
1699 A -18 1 -40 -1 -27 -2
1699 A -18 1 -161 -7 -172 -7
1699 A -18 1 -183 -7 -173 -8
1699 A 17 1 25 -1 53 -2
1699 A 17 1 41 -1 29 -2
1699 A 17 1 168 -7 179 -7
1699 A 17 1 190 -7 181 -8
1699 A -19 1 -100 -4 182 9
1699 A 18 1 104 -4 -191 9
1699 A 28 0 -1 -11 12 -11
1699 A -20 1 -19 -1 149 7
1699 A -20 1 -21 -1 116 5
1699 A -20 1 -34 -1 84 4
1699 A -20 1 -42 -2 48 3
1699 A -20 1 -111 -5 171 9
1699 A -20 1 -127 -5 203 9
1699 A 19 1 20 -1 -156 7
1699 A 19 1 22 -1 -121 5
1699 A 19 1 35 -1 -88 4
1699 A 19 1 44 -2 -51 3
1699 A 19 1 116 -5 -180 9
1699 A 19 1 132 -5 -212 9
1699 A 29 0 -9 -2 11 -2
1699 A 29 0 -1 -3 4 -3
1699 A 29 0 16 -3 8 13
1699 A 29 0 -5 -4 9 -4
1699 A -22 1 -42 -2 163 9
1699 A 21 1 44 -2 -172 9
1699 A 30 0 1 -2 19 -8
1699 A 30 0 -9 -2 -11 2
1699 A 30 0 -1 -8 -9 8
1699 A -23 1 -106 -6 -186 -9
1699 A -23 1 -108 -7 -190 -11
1699 A 22 1 112 -6 195 -9
1699 A 22 1 115 -7 201 -11
1699 A -25 1 -19 -2 54 2
1699 A -25 1 -84 -5 -186 -11
1699 A 24 1 21 -2 -56 2
1699 A 24 1 89 -5 197 -11
1699 A 40 0 9 -18 11 18
1699 A -35 1 -39 -2 -166 -16
1699 A 34 1 41 -2 182 -16
1699 S 0 1 5 0
1699 S 0 2 5 0
1699 S -1 1 5 0
1699 S -2 2 5 0
1699 S 1 1 7 0
1699 S 2 2 7 0
1699 S -4 3 7 0
1699 S -2 1 7 0
1699 S -4 2 7 0
1699 S 1 3 7 0
1699 S 5 1 13 0
1699 S -3 2 13 0
1699 S 2 3 13 0
1699 S -6 4 13 0
1699 S -1 5 13 0
1699 S -9 6 13 0
1699 S -6 1 13 0
1699 S 1 2 13 0
1699 S -5 3 13 0
1699 S 2 4 13 0
1699 S -4 5 13 0
1699 S 3 6 13 0
1699 S 0 1 17 0
1699 S 0 2 17 0
1699 S 0 3 17 0
1699 S 0 4 17 0
1699 S 0 5 17 0
1699 S 0 6 17 0
1699 S 0 7 17 0
1699 S 0 8 17 0
1699 S -1 1 17 0
1699 S -2 2 17 0
1699 S -3 3 17 0
1699 S -4 4 17 0
1699 S -5 5 17 0
1699 S -6 6 17 0
1699 S -7 7 17 0
1699 S -8 8 17 0
1699 S 3 1 19 0
1699 S 6 2 19 0
1699 S -10 3 19 0
1699 S -7 4 19 0
1699 S -4 5 19 0
1699 S -1 6 19 0
1699 S 2 7 19 0
1699 S 5 8 19 0
1699 S -11 9 19 0
1699 S -4 1 19 0
1699 S -8 2 19 0
1699 S 7 3 19 0
1699 S 3 4 19 0
1699 S -1 5 19 0
1699 S -5 6 19 0
1699 S -9 7 19 0
1699 S -13 8 19 0
1699 S 2 9 19 0
1699 T 730 732 730 1 0
1699 T 220 2434 1270 0 0
1699 T 1268 2523 218 0 0
1699 T 1272 1422 1266 0 0
1699 T 2523 1424 2434 0 0
1699 T 3604 116 4041 -1 0
1699 T 4043 82 3953 0 0
1699 T 3955 110 3602 0 0
1699 T 110 82 116 1 0
1699 T 516 2861 982 0 0
1699 T 984 94 986 0 0
1699 T 988 2932 514 0 0
1699 T 2932 94 2861 0 0
1699 T 1404 411 3578 0 0
1699 T 3580 413 3473 0 0
1699 T 3475 412 1402 0 0
1699 T 412 415 411 0 0
1699 T 308 1139 2702 0 0
1699 T 2704 1133 2569 0 0
1699 T 2571 1140 306 0 0
1699 T 1140 1135 1139 0 0
1699 T 122 118 119 0 0
1699 T 117 3677 4005 0 0
1699 T 4007 4096 124 0 0
1699 T 4096 3679 118 0 0
1699 T 496 3547 22 0 0
1699 T 500 519 494 0 0
1699 T 21 3442 498 0 0
1699 T 519 3444 3547 0 0
1699 T 90 634 638 -1 0
1699 T 972 606 2977 0 0
1699 T 964 1024 970 0 0
1699 T 2979 2935 962 0 0
1699 T 1024 2933 606 0 0
1699 T 967 1024 957 0 0
1699 T 959 2865 3033 0 0
1699 T 3035 606 965 0 0
1699 T 606 2867 1024 0 0
1699 T 148 2134 1518 0 0
1699 T 1520 1547 1522 0 0
1699 T 1524 2211 146 0 0
1699 T 2211 1545 2134 0 0
1699 T 452 1146 3413 0 0
1699 T 444 540 450 0 0
1699 T 3415 3377 442 0 0
1699 T 540 3379 1146 0 0
1699 T 447 541 437 0 0
1699 T 439 3275 3517 0 0
1699 T 3519 1146 445 0 0
1699 T 1146 3273 541 0 0
1699 T 640 2864 726 0 0
1699 T 728 724 732 0 0
1699 T 724 2929 634 0 0
1699 T 1122 1114 1118 0 0
1699 T 2264 269 3866 0 0
1699 T 3868 350 3773 0 0
1699 T 3775 267 2262 0 0
1699 T 267 352 269 0 0
1699 T 312 1425 2742 0 0
1699 T 2744 1451 2609 0 0
1699 T 2611 1431 310 0 0
1699 T 1431 1449 1425 0 0
1699 T 644 935 3010 -1 0
1699 T 3012 927 2953 0 0
1699 T 2955 929 642 0 0
1699 T 929 925 935 0 0
1699 T 104 102 104 0 0
1699 T 156 154 156 0 0
1699 T 580 967 3409 0 0
1699 T 572 606 578 0 0
1699 T 3411 3033 570 0 0
1699 T 575 606 565 0 0
1699 T 567 2979 3513 0 0
1699 T 3515 970 573 0 0
1699 T 204 225 194 0 0
1699 T 196 4023 3894 0 0
1699 T 3896 3139 202 0 0
1699 T 3139 4021 225 0 0
1699 T 199 3139 3802 0 0
1699 T 191 232 197 0 0
1699 T 3804 4109 189 0 0
1699 T 232 4111 3139 0 0
1699 T 1232 489 3894 0 0
1699 T 3219 482 1230 0 0
1699 T 3896 476 3217 0 0
1699 T 482 474 489 0 0
1699 T 1227 482 3321 0 0
1699 T 3323 477 3802 0 0
1699 T 3804 488 1225 0 0
1699 T 488 479 482 0 0
1699 T 916 419 2609 0 0
1699 T 912 1034 914 0 0
1699 T 2744 420 910 0 0
1699 T 3072 145 3861 -1 0
1699 T 3863 151 3957 0 0
1699 T 3959 139 3070 0 0
1699 T 139 149 145 0 0
1699 T 3067 142 4045 0 0
1699 T 3772 148 3065 0 0
1699 T 4047 151 3770 0 0
1699 T 148 149 142 0 0
1699 T 389 393 386 0 0
1699 T 388 1327 3793 0 0
1699 T 3795 3311 391 0 0
1699 T 3311 1325 393 0 0
1699 T 391 3205 3885 0 0
1699 T 383 400 389 0 0
1699 T 3887 1330 381 0 0
1699 T 400 1332 3205 0 0
1699 T 1192 1175 1183 0 0
1699 T 1181 2370 2877 0 0
1699 T 2879 360 1190 0 0
1699 T 360 2372 1175 0 0
1699 T 1187 361 2810 0 0
1699 T 1183 1178 1185 0 0
1699 T 2812 2459 1181 0 0
1699 T 1178 2457 361 0 0
1699 T 590 592 590 0 0
1699 T 365 367 365 -1 0
1699 T 503 501 503 0 0
1699 T 2348 183 3926 0 0
1699 T 3928 185 3833 0 0
1699 T 3835 184 2346 0 0
1699 T 184 187 183 0 0
1699 T 1400 1427 1390 0 0
1699 T 1392 181 1997 0 0
1699 T 1999 2798 1398 0 0
1699 T 2798 183 1427 0 0
1699 T 1395 2668 2065 0 0
1699 T 1387 1430 1393 0 0
1699 T 2067 181 1385 0 0
1699 T 1430 183 2668 0 0
1699 T 205 1966 1246 0 0
1699 T 1256 2899 207 0 0
1699 T 1248 1403 1254 0 0
1699 T 2899 1401 1966 0 0
1699 T 207 2829 1249 0 0
1699 T 1251 1402 1241 0 0
1699 T 1243 2035 205 0 0
1699 T 2035 1404 2829 0 0
1699 T 2260 278 3493 0 0
1699 T 3495 343 3961 0 0
1699 T 3963 272 2258 0 0
1699 T 272 341 278 0 0
1699 T 2255 265 4049 0 0
1699 T 3392 275 2253 0 0
1699 T 4051 346 3390 0 0
1699 T 275 348 265 0 0
1699 T 176 4087 60 0 0
1699 T 180 185 174 0 0
1699 T 59 3998 178 0 0
1699 T 185 4000 4087 0 0
1699 T 196 1508 3217 0 0
1699 T 4021 476 1508 0 0
1699 T 3323 1509 189 0 0
1699 T 1509 477 4111 0 0
1699 T 728 3577 858 0 0
1699 T 856 3476 722 0 0
1699 T 1110 1106 1107 0 0
1699 T 1105 2209 346 0 0
1699 T 344 2136 1106 0 0
1699 T 860 951 862 0 0
1699 T 864 953 854 0 0
1699 T 1076 1147 1066 0 0
1699 T 1068 3274 2457 0 0
1699 T 2459 544 1074 0 0
1699 T 1071 537 2370 0 0
1699 T 1063 1147 1069 0 0
1699 T 2372 3380 1061 0 0
1699 T 320 1434 3817 0 0
1699 T 312 356 318 0 0
1699 T 3819 3375 310 0 0
1699 T 356 3373 1434 0 0
1699 T 315 356 309 0 0
1699 T 311 3269 3909 0 0
1699 T 3911 1439 313 0 0
1699 T 1439 3271 356 0 0
1699 T 1248 1445 1238 0 0
1699 T 1236 1446 1242 0 0
1699 T 288 1508 3209 0 0
1699 T 280 371 286 0 0
1699 T 3211 4090 278 0 0
1699 T 371 4092 1508 0 0
1699 T 283 371 273 0 0
1699 T 275 4004 3313 0 0
1699 T 3315 1509 281 0 0
1699 T 1509 4002 371 0 0
1699 T 1476 2848 2013 0 0
1699 T 1468 1531 1474 0 0
1699 T 2015 225 1466 0 0
1699 T 1531 227 2848 0 0
1699 T 1471 1534 1461 0 0
1699 T 1463 232 1946 0 0
1699 T 1948 2914 1469 0 0
1699 T 2914 230 1534 0 0
1699 T 728 2832 850 0 0
1699 T 852 885 858 0 0
1699 T 3579 887 2832 0 0
1699 T 855 884 845 0 0
1699 T 847 2898 721 0 0
1699 T 2898 882 3473 0 0
1699 T 464 2844 1278 0 0
1699 T 1280 1341 1274 0 0
1699 T 1276 2909 462 0 0
1699 T 2909 1343 2844 0 0
1699 T 844 3412 2461 0 0
1699 T 836 968 842 0 0
1699 T 2463 577 834 0 0
1699 T 839 969 829 0 0
1699 T 831 576 2374 0 0
1699 T 2376 3514 837 0 0
1699 T 228 84 230 0 0
1699 T 232 4126 3722 0 0
1699 T 3724 4039 226 0 0
1699 T 4039 4128 84 -1 0
1699 T 572 1022 3789 0 0
1699 T 3791 2933 578 0 0
1699 T 575 2867 3881 0 0
1699 T 3883 1022 565 0 0
1699 T 588 2841 638 0 0
1699 T 636 2912 582 0 0
1699 T 304 903 2477 0 0
1699 T 2479 893 2825 0 0
1699 T 2827 923 302 0 0
1699 T 923 895 903 0 0
1699 T 299 918 2893 0 0
1699 T 2392 906 297 0 0
1699 T 2895 900 2390 0 0
1699 T 906 898 918 0 0
1699 T 1200 1819 2881 0 0
1699 T 1192 1299 1198 0 0
1699 T 2883 162 1190 0 0
1699 T 1299 164 1819 0 0
1699 T 1195 1302 1185 0 0
1699 T 1187 167 2814 0 0
1699 T 2816 1898 1193 0 0
1699 T 1898 165 1302 0 0
1699 T 728 773 718 0 0
1699 T 720 3899 850 0 0
1699 T 2830 3897 773 0 0
1699 T 715 780 721 0 0
1699 T 847 3805 713 0 0
1699 T 780 3807 2900 0 0
1699 T 2348 528 3930 0 0
1699 T 3932 520 3837 0 0
1699 T 3839 522 2346 0 0
1699 T 522 518 528 0 0
1699 T 3680 5 4098 0 0
1699 T 4100 7 4009 0 0
1699 T 4011 6 3678 0 0
1699 T 6 7 5 -1 0
1699 T 2035 411 886 0 0
1699 T 883 411 1966 0 0
1699 T 1164 1233 1154 0 0
1699 T 1156 2971 1861 0 0
1699 T 1863 199 1162 0 0
1699 T 199 2969 1233 0 0
1699 T 1159 202 1782 0 0
1699 T 1151 1240 1157 0 0
1699 T 1784 3025 1149 0 0
1699 T 1240 3027 202 0 0
1699 T 180 163 171 0 0
1699 T 169 3430 4082 0 0
1699 T 4084 2326 178 0 0
1699 T 2326 3432 163 0 0
1699 T 175 2331 3994 0 0
1699 T 171 166 173 0 0
1699 T 3996 3536 169 0 0
1699 T 166 3534 2331 0 0
1699 T 584 600 586 0 0
1699 T 1392 353 2001 0 0
1699 T 1384 1435 1390 0 0
1699 T 2003 3374 1382 0 0
1699 T 1387 1438 1377 0 0
1699 T 1379 3272 2069 0 0
1699 T 2071 353 1385 0 0
1699 T 168 4261 3902 0 0
1699 T 3904 3671 171 0 0
1699 T 3671 4263 173 0 0
1699 T 171 3674 3810 0 0
1699 T 3812 4359 161 0 0
1699 T 180 4357 3674 0 0
1699 T 0 4266 4169 0 0
1699 T 4171 117 3598 0 0
1699 T 3596 118 4266 0 0
1699 T 380 1236 3985 0 0
1699 T 376 416 378 0 0
1699 T 4076 1238 374 0 0
1699 T 3987 250 4074 0 0
1699 T 1076 3416 2165 0 0
1699 T 2167 449 1066 0 0
1699 T 1063 448 2090 0 0
1699 T 2092 3518 1069 0 0
1699 T 1540 1548 1542 0 0
1699 T 1224 1311 1230 0 0
1699 T 3219 2498 1222 0 0
1699 T 1311 2500 484 0 0
1699 T 1227 1306 1217 0 0
1699 T 1219 2412 3321 0 0
1699 T 484 2410 1306 0 0
1699 T 3064 222 3489 0 0
1699 T 3491 220 4173 0 0
1699 T 4175 210 3062 0 0
1699 T 210 218 222 1 0
1699 T 3059 215 4269 0 0
1699 T 3388 222 3057 0 0
1699 T 4271 217 3386 0 0
1699 T 222 219 215 0 0
1699 T 460 529 450 0 0
1699 T 452 2327 3409 0 0
1699 T 3411 4113 458 0 0
1699 T 4113 2325 529 0 0
1699 T 455 4027 3513 0 0
1699 T 447 536 453 0 0
1699 T 3515 2330 445 0 0
1699 T 536 2332 4027 0 0
1699 T 1104 1126 1094 0 0
1699 T 1096 1983 3289 0 0
1699 T 3291 334 1102 0 0
1699 T 334 1981 1126 0 0
1699 T 1099 339 3186 0 0
1699 T 1091 1131 1097 0 0
1699 T 3188 2050 1089 0 0
1699 T 1131 2052 339 0 0
1699 T 828 948 818 0 0
1699 T 820 3204 2165 0 0
1699 T 2167 397 826 0 0
1699 T 397 3202 948 0 0
1699 T 823 396 2090 0 0
1699 T 815 945 821 0 0
1699 T 2092 3306 813 0 0
1699 T 945 3308 396 0 0
1699 T 196 1628 1222 0 0
1699 T 1506 2498 1628 0 0
1699 T 1219 1741 189 0 0
1699 T 1741 2412 1511 0 0
1699 T 712 763 702 0 0
1699 T 704 3200 2461 0 0
1699 T 2463 457 710 0 0
1699 T 457 3198 763 0 0
1699 T 707 456 2374 0 0
1699 T 699 758 705 0 0
1699 T 2376 3302 697 0 0
1699 T 758 3304 456 0 0
1699 T 3608 248 4074 -1 0
1699 T 3987 242 3606 0 0
1699 T 242 250 248 0 0
1699 T 402 394 398 0 0
1699 T 3203 3308 404 -1 0
1699 T 720 2643 842 0 0
1699 T 844 879 850 0 0
1699 T 3897 877 2643 0 0
1699 T 847 874 837 0 0
1699 T 839 2773 713 0 0
1699 T 2773 876 3807 0 0
1699 T 512 3479 970 0 0
1699 T 964 2217 510 0 0
1699 T 2217 1024 3479 0 0
1699 T 507 2143 957 0 0
1699 T 967 3581 505 0 0
1699 T 3581 1024 2143 0 0
1699 T 216 199 207 0 0
1699 T 205 3806 4290 0 0
1699 T 4292 3712 214 0 0
1699 T 3712 3808 199 0 0
1699 T 211 3705 4194 0 0
1699 T 207 202 209 0 0
1699 T 4196 3900 205 0 0
1699 T 202 3898 3705 0 0
1699 T 3291 330 3397 0 0
1699 T 3399 325 1102 0 0
1699 T 325 332 336 0 0
1699 T 1099 324 3501 0 0
1699 T 3503 330 3186 0 0
1699 T 337 332 324 0 0
1699 T 1172 3237 1865 0 0
1699 T 1164 1225 1170 0 0
1699 T 1867 243 1162 0 0
1699 T 1225 241 3237 0 0
1699 T 1167 1232 1157 0 0
1699 T 1159 246 1786 0 0
1699 T 1788 3343 1165 0 0
1699 T 3343 248 1232 0 0
1699 T 844 4114 710 0 0
1699 T 707 4028 837 0 0
1699 T 660 92 662 0 0
1699 T 664 1354 3997 0 0
1699 T 4088 1352 658 0 0
1699 T 500 515 490 0 0
1699 T 492 985 3813 0 0
1699 T 3815 2931 498 0 0
1699 T 495 2861 3905 0 0
1699 T 487 514 493 1 0
1699 T 3907 984 485 0 0
1699 T 329 2966 934 0 0
1699 T 944 2195 331 0 0
1699 T 936 1039 942 0 0
1699 T 2195 1037 2966 0 0
1699 T 331 2117 937 0 0
1699 T 939 1039 929 0 0
1699 T 931 3024 329 0 0
1699 T 3024 1037 2117 0 0
1699 T 2055 2359 1985 0 0
1699 T 2236 28 2153 0 0
1699 T 2079 29 2230 0 0
1699 T 572 2141 630 0 0
1699 T 632 3583 3789 0 0
1699 T 627 2219 565 0 0
1699 T 3883 3477 625 0 0
1699 T 2285 253 2825 0 0
1699 T 2479 2096 2287 0 0
1699 T 2096 893 253 0 0
1699 T 2287 2169 2390 0 0
1699 T 2895 260 2285 0 0
1699 T 260 900 2169 0 0
1699 T 1120 531 4118 0 0
1699 T 4120 4031 352 -1 0
1699 T 4031 533 1114 0 0
1699 T 88 535 531 0 0
1699 T 1208 760 3289 0 0
1699 T 3291 766 3781 0 0
1699 T 3783 786 1206 0 0
1699 T 786 768 760 0 0
1699 T 1203 786 3873 0 0
1699 T 3188 761 1201 0 0
1699 T 3875 771 3186 0 0
1699 T 761 769 786 0 0
1699 T 1096 524 3781 0 0
1699 T 1981 766 524 0 0
1699 T 3875 525 1089 0 0
1699 T 525 771 2052 0 0
1699 T 860 3568 1102 0 0
1699 T 1104 3252 862 0 0
1699 T 3252 3566 949 0 0
1699 T 863 3354 1097 0 0
1699 T 1099 3462 853 0 0
1699 T 956 3464 3354 0 0
1699 T 640 3908 3401 0 0
1699 T 3403 494 726 0 0
1699 T 723 499 3505 0 0
1699 T 3507 3814 633 0 0
1699 T 720 792 710 0 0
1699 T 2641 4114 792 0 0
1699 T 707 793 713 0 0
1699 T 793 4028 2775 0 0
1699 T 304 317 294 0 0
1699 T 296 1355 2945 0 0
1699 T 2947 4103 302 0 0
1699 T 4103 1353 317 0 0
1699 T 299 4013 3001 0 0
1699 T 291 316 297 0 0
1699 T 3003 1350 289 0 0
1699 T 316 1352 4013 0 0
1699 T 1256 777 4290 0 0
1699 T 4196 776 1249 0 0
1699 T 248 2441 1701 0 0
1699 T 1703 1773 1697 0 0
1699 T 1699 2792 246 0 0
1699 T 2792 1775 2441 0 0
1699 T 243 2658 1582 0 0
1699 T 1584 1660 1586 0 0
1699 T 1588 2531 241 0 0
1699 T 2531 1658 2658 0 0
1699 T 1731 2399 2708 0 0
1699 T 1727 1735 1729 0 0
1699 T 2706 254 1725 0 0
1699 T 1735 256 2399 0 0
1699 T 1727 263 2421 0 0
1699 T 2423 2756 1729 0 0
1699 T 2756 261 1733 0 0
1699 T 1612 1620 1614 0 0
1699 T 1616 2622 2509 0 0
1699 T 2511 263 1610 0 0
1699 T 263 2624 1620 0 0
1699 T 1612 259 2576 0 0
1699 T 2574 2486 1614 0 0
1699 T 1618 2488 259 0 0
1699 T 1468 1508 1458 0 0
1699 T 1460 3211 2009 0 0
1699 T 2011 286 1466 0 0
1699 T 1463 283 1942 0 0
1699 T 1455 1509 1461 0 0
1699 T 1944 3313 1453 0 0
1699 T 268 4117 3606 0 0
1699 T 3608 4032 270 0 0
1699 T 1304 1316 1310 1 0
1699 T 1308 1314 1298 0 0
1699 T 1352 1444 1354 0 0
1699 T 852 3901 1094 0 0
1699 T 1096 2989 858 0 0
1699 T 2989 3903 887 0 0
1699 T 855 3047 1089 0 0
1699 T 1091 3811 845 0 0
1699 T 882 3809 3047 0 0
1699 T 652 1374 3330 0 0
1699 T 2835 1380 650 0 0
1699 T 3332 1369 2833 0 0
1699 T 1380 1371 1374 0 0
1699 T 647 1381 2901 0 0
1699 T 2903 1368 3226 0 0
1699 T 3228 1374 645 0 0
1699 T 1374 1366 1381 0 0
1699 T 2516 2531 2510 0 0
1699 T 2623 2529 110 0 0
1699 T 112 2660 2510 0 0
1699 T 2424 2441 2426 0 0
1699 T 115 2443 2753 0 0
1699 T 2424 2790 113 0 0
1699 T 1104 1134 1098 0 0
1699 T 3355 1136 3250 0 0
1699 T 1156 135 1669 0 0
1699 T 1671 3077 1861 0 0
1699 T 2969 3079 135 0 0
1699 T 1556 130 1149 0 0
1699 T 1784 3076 1554 0 0
1699 T 130 3074 3027 0 0
1699 T 2296 2279 2287 0 0
1699 T 2479 173 2294 0 0
1699 T 173 2096 2279 0 0
1699 T 2291 180 2390 0 0
1699 T 2287 2282 2289 0 0
1699 T 2282 2169 180 0 0
1699 T 2348 2335 2343 0 0
1699 T 2341 105 2849 0 0
1699 T 2851 1997 2346 0 0
1699 T 1997 107 2335 0 0
1699 T 2347 2067 2917 0 0
1699 T 2343 2338 2345 0 0
1699 T 2919 105 2341 0 0
1699 T 2338 107 2067 0 0
1699 T 1156 1449 1150 0 0
1699 T 1555 3081 1669 0 0
1699 T 632 2120 702 0 0
1699 T 704 3021 3973 0 0
1699 T 3975 1038 630 0 0
1699 T 627 1038 4061 0 0
1699 T 699 2194 625 0 0
1699 T 4063 2967 697 0 0
1699 T 3566 1126 2991 0 0
1699 T 3045 1131 3464 0 0
1699 T 712 1414 3973 0 0
1699 T 761 3021 1414 0 0
1699 T 4063 1419 705 0 0
1699 T 1419 2967 760 0 0
1699 T 1486 2809 2877 0 0
1699 T 1484 1480 1488 0 0
1699 T 2879 464 1482 0 0
1699 T 1480 462 2809 0 0
1699 T 472 4327 1278 0 0
1699 T 464 539 470 0 0
1699 T 539 2844 4327 0 0
1699 T 467 542 461 0 0
1699 T 1275 4229 465 0 0
1699 T 4229 2910 542 0 0
1699 T 3399 927 3502 0 0
1699 T 3403 2186 718 0 0
1699 T 775 2188 496 0 0
1699 T 715 2112 3505 0 0
1699 T 497 2110 778 0 0
1699 T 624 1381 4181 0 0
1699 T 616 645 622 0 0
1699 T 4183 2903 614 0 0
1699 T 619 652 609 0 0
1699 T 611 2833 4277 0 0
1699 T 4279 1380 617 0 0
1699 T 1212 935 3397 -1 0
1699 T 3291 2965 1210 0 0
1699 T 1211 3023 3186 0 0
1699 T 3503 930 1209 0 0
1699 T 1164 3802 2013 0 0
1699 T 2015 488 1170 0 0
1699 T 1167 489 1946 0 0
1699 T 1948 3896 1157 0 0
1699 T 704 4317 834 0 0
1699 T 3198 577 4317 0 0
1699 T 831 4223 697 0 0
1699 T 4223 576 3304 0 0
1699 T 1085 1089 1082 0 0
1699 T 1084 3811 2881 0 0
1699 T 2883 847 1087 0 0
1699 T 1087 850 2814 0 0
1699 T 1079 1096 1085 0 0
1699 T 2816 3901 1077 0 0
1699 T 2883 874 3969 0 0
1699 T 3971 839 1087 0 0
1699 T 1087 842 4057 0 0
1699 T 4059 879 2814 0 0
1699 T 3064 506 3493 0 0
1699 T 3495 436 4177 0 0
1699 T 4179 426 3062 0 0
1699 T 426 434 506 0 0
1699 T 3059 423 4273 0 0
1699 T 3392 511 3057 0 0
1699 T 4275 429 3390 0 0
1699 T 511 431 423 0 0
1699 T 1200 473 3969 0 0
1699 T 1817 874 473 0 0
1699 T 4059 480 1193 0 0
1699 T 480 879 1900 0 0
1699 T 828 3255 2021 0 0
1699 T 2023 336 818 0 0
1699 T 946 334 3255 -1 0
1699 T 815 337 1954 0 0
1699 T 1956 3357 821 0 0
1699 T 3357 339 947 0 0
1699 T 492 977 2045 0 0
1699 T 2047 989 3813 0 0
1699 T 987 991 977 0 0
1699 T 1980 976 485 0 0
1699 T 3907 996 1978 0 0
1699 T 976 994 982 0 0
1699 T 2324 1770 2053 0 0
1699 T 1987 1656 2318 0 0
1699 T 1208 1417 1210 0 0
1699 T 1211 1416 1201 0 0
1699 T 388 1400 1885 0 0
1699 T 1887 1319 3793 0 0
1699 T 1325 1317 1400 0 0
1699 T 1808 1393 381 0 0
1699 T 3887 1322 1806 0 0
1699 T 1393 1324 1332 0 0
1699 T 588 4326 3189 0 0
1699 T 3191 538 638 0 0
1699 T 635 543 3293 0 0
1699 T 3295 4232 581 0 0
1699 T 196 233 190 0 0
1699 T 192 3552 1214 0 0
1699 T 1216 3445 194 0 0
1699 T 3445 3550 233 -1 0
1699 T 984 1439 3833 0 0
1699 T 3928 1433 986 0 0
1699 T 2776 1856 2330 0 0
1699 T 1856 796 536 0 0
1699 T 792 1935 530 0 0
1699 T 1935 2643 2328 0 0
1699 T 564 3373 4181 0 0
1699 T 624 2002 562 0 0
1699 T 559 2072 617 0 0
1699 T 4279 3271 557 0 0
1699 T 452 2147 570 0 0
1699 T 2325 3033 2147 0 0
1699 T 567 2221 445 0 0
1699 T 2221 2979 2332 0 0
1699 T 117 1602 1286 0 0
1699 T 1296 2739 119 0 0
1699 T 1288 1408 1294 0 0
1699 T 2739 1406 1602 0 0
1699 T 119 2605 1289 0 0
1699 T 1291 1409 1281 0 0
1699 T 1283 1719 117 0 0
1699 T 1719 1411 2605 0 0
1699 T 1084 4360 1190 0 0
1699 T 1187 4262 1077 0 0
1699 T 380 418 386 0 0
1699 T 384 417 374 0 0
1699 T 312 2616 735 0 0
1699 T 733 737 734 0 0
1699 T 736 2745 310 0 0
1699 T 2745 739 2616 0 0
1699 T 1863 3139 2013 0 0
1699 T 1948 3139 1782 0 0
1699 T 3971 2769 1094 0 0
1699 T 2769 839 1079 0 0
1699 T 1091 2639 4057 0 0
1699 T 1082 842 2639 0 0
1699 T 1096 2964 1198 0 0
1699 T 1200 2733 3781 0 0
1699 T 1195 3018 1089 0 0
1699 T 3875 2603 1193 0 0
1699 T 2155 2276 2009 0 0
1699 T 1943 2270 2077 0 0
1699 T 108 103 107 0 0
1699 T 105 3729 3837 0 0
1699 T 3932 3735 106 0 0
1699 T 738 3910 3817 0 0
1699 T 1436 1440 1442 0 0
1699 T 3092 2124 1901 0 0
1699 T 1903 2316 3334 0 0
1699 T 3336 110 3090 0 0
1699 T 110 2314 2124 0 0
1699 T 3087 115 3230 0 0
1699 T 1824 2198 3085 0 0
1699 T 3232 2316 1822 0 0
1699 T 2198 2314 115 0 0
1699 T 116 4505 4146 0 0
1699 T 4148 371 3918 0 0
1699 T 3920 3484 114 0 0
1699 T 3484 369 4505 0 0
1699 T 111 3586 3826 0 0
1699 T 4143 4431 109 0 0
1699 T 3828 371 4141 0 0
1699 T 4431 369 3586 0 0
1699 T 564 1017 2025 0 0
1699 T 2027 992 3977 0 0
1699 T 3979 998 562 0 0
1699 T 998 990 1017 0 0
1699 T 559 1003 4065 0 0
1699 T 1960 1016 557 0 0
1699 T 4067 993 1958 0 0
1699 T 1016 995 1003 0 0
1699 T 1200 1289 1206 0 0
1699 T 1289 2733 788 0 0
1699 T 1203 1296 1193 0 0
1699 T 788 2603 1296 0 0
1699 T 304 745 2473 0 0
1699 T 2475 797 2821 0 0
1699 T 2823 755 302 0 0
1699 T 755 799 745 0 0
1699 T 299 750 2889 0 0
1699 T 2388 744 297 0 0
1699 T 2891 797 2386 0 0
1699 T 744 799 750 0 0
1699 T 336 350 338 0 0
1699 T 3255 3360 350 -1 0
1699 T 3211 138 4286 0 0
1699 T 4288 4154 278 0 0
1699 T 4154 140 4092 0 0
1699 T 275 4159 4190 0 0
1699 T 4192 143 3313 0 0
1699 T 4002 141 4159 0 0
1699 T 880 973 870 0 0
1699 T 872 264 2949 0 0
1699 T 2951 2063 878 0 0
1699 T 2063 262 973 0 0
1699 T 875 1993 3005 0 0
1699 T 867 980 873 0 0
1699 T 3007 264 865 0 0
1699 T 980 262 1993 0 0
1699 T 280 3588 3618 0 0
1699 T 3620 4429 286 0 0
1699 T 283 4507 3613 0 0
1699 T 3615 3482 273 0 0
1699 T 836 4354 1082 0 0
1699 T 2639 4356 966 0 0
1699 T 1079 4260 829 0 0
1699 T 971 4258 2769 0 0
1699 T 1348 1343 1347 0 0
1699 T 296 2146 2282 0 0
1699 T 2284 2328 2274 0 0
1699 T 2276 3034 294 0 0
1699 T 291 2980 2269 0 0
1699 T 2279 2224 289 0 0
1699 T 2271 2329 2277 0 0
1699 T 1500 972 2957 0 0
1699 T 2732 3479 1498 0 0
1699 T 4259 468 1500 0 0
1699 T 966 3016 1504 0 0
1699 T 1502 470 4354 0 0
1699 T 1503 3581 2598 0 0
1699 T 704 2122 826 0 0
1699 T 828 1032 834 0 0
1699 T 4319 1030 2122 0 0
1699 T 831 1025 821 0 0
1699 T 823 2200 697 0 0
1699 T 2200 1027 4221 0 0
1699 T 288 359 294 0 0
1699 T 2276 4417 286 0 0
1699 T 359 4419 3036 0 0
1699 T 291 362 281 0 0
1699 T 283 4495 2269 0 0
1699 T 2978 4493 362 0 0
1699 T 2851 1390 3926 0 0
1699 T 3836 1387 2917 0 0
1699 T 1056 1116 1046 0 0
1699 T 1048 4029 1865 0 0
1699 T 1867 533 1054 0 0
1699 T 1051 532 1786 0 0
1699 T 1043 1117 1049 0 0
1699 T 1788 4119 1041 0 0
1699 T 733 2297 3817 0 0
1699 T 3912 2299 734 0 0
1699 T 2879 539 4369 0 0
1699 T 4371 472 1482 0 0
1699 T 1479 465 4445 0 0
1699 T 4447 542 2810 0 0
1699 T 1216 1319 1222 0 0
1699 T 1626 1317 3447 0 0
1699 T 1219 1322 1213 0 0
1699 T 3549 1324 1743 0 0
1699 T 1076 4502 826 0 0
1699 T 4502 3416 399 0 0
1699 T 823 4428 1069 0 0
1699 T 394 3518 4428 0 0
1699 T 0 4438 4361 0 0
1699 T 4363 421 3054 0 0
1699 T 3052 427 4438 0 0
1699 T 421 425 503 0 0
1699 T 3056 224 3281 0 0
1699 T 3283 212 4365 0 0
1699 T 4367 218 3054 1 0
1699 T 3051 219 4441 0 0
1699 T 3180 224 3049 0 0
1699 T 4443 213 3178 0 0
1699 T 444 4348 3977 0 0
1699 T 2027 675 442 0 0
1699 T 675 992 4348 0 0
1699 T 439 675 1958 0 0
1699 T 4067 4250 437 0 0
1699 T 4250 993 675 0 0
1699 T 220 2415 902 0 0
1699 T 904 928 906 0 0
1699 T 908 2502 218 0 0
1699 T 2502 926 2415 0 0
1699 T 756 3589 2310 0 0
1699 T 2312 4039 746 0 0
1699 T 798 4037 3589 0 0
1699 T 743 4125 2305 0 0
1699 T 2307 3487 749 0 0
1699 T 3487 4127 798 0 0
1699 T 2691 132 3193 0 0
1699 T 2687 2781 2689 0 0
1699 T 3195 1829 2685 0 0
1699 T 132 3268 2722 0 0
1699 T 2724 2787 2718 0 0
1699 T 1850 2785 3268 0 0
1699 T 2724 3236 31 0 0
1699 T 3236 2787 137 0 0
1699 T 2556 1912 3297 0 0
1699 T 2560 2651 2554 0 0
1699 T 3299 133 2558 0 0
1699 T 2588 2653 2590 0 0
1699 T 2592 3370 133 0 0
1699 T 3370 2655 1931 0 0
1699 T 33 3338 2590 0 0
1699 T 144 2653 3338 0 0
1699 T 4496 1535 962 0 0
1699 T 1535 363 2933 0 0
1699 T 959 1530 4418 0 0
1699 T 2867 358 1530 0 0
1699 T 2467 2577 630 0 0
1699 T 3975 1264 2465 0 0
1699 T 2577 1262 1040 0 0
1699 T 627 2711 2378 0 0
1699 T 2380 1257 4061 0 0
1699 T 1040 1259 2711 0 0
1699 T 988 1384 2849 0 0
1699 T 2851 4338 978 0 0
1699 T 990 4340 1384 0 0
1699 T 975 4244 2917 0 0
1699 T 2919 1377 981 0 0
1699 T 1377 4242 995 0 0
1699 T 712 1272 2465 0 0
1699 T 1416 1264 1272 0 0
1699 T 2380 1265 705 0 0
1699 T 1265 1257 1417 0 0
1699 T 389 3613 3413 0 0
1699 T 4501 3615 383 0 0
1699 T 3519 3620 389 0 0
1699 T 386 3618 4427 0 0
1699 T 2260 246 3965 0 0
1699 T 3287 1895 2258 0 0
1699 T 3967 1006 3285 0 0
1699 T 1895 1008 246 0 0
1699 T 2255 1814 3182 0 0
1699 T 3184 1006 4053 0 0
1699 T 4055 243 2253 0 0
1699 T 243 1008 1814 0 0
1699 T 1496 1011 3285 0 0
1699 T 3967 998 1494 0 0
1699 T 998 1006 1011 0 0
1699 T 1491 1003 4053 0 0
1699 T 3184 1010 1489 1 0
1699 T 1010 1006 1003 -1 0
1699 T 836 2445 1074 0 0
1699 T 1076 1143 1082 0 0
1699 T 4356 1141 2445 0 0
1699 T 1079 1143 1069 0 0
1699 T 1071 2535 829 0 0
1699 T 2535 1141 4258 0 0
1699 T 1164 3988 1673 0 0
1699 T 1675 377 1154 0 0
1699 T 1151 376 1558 0 0
1699 T 1560 4074 1157 0 0
1699 T 136 3485 4470 0 0
1699 T 132 156 134 0 0
1699 T 4472 2 4393 0 0
1699 T 4395 3592 130 0 0
1699 T 216 2125 898 0 0
1699 T 900 896 892 0 0
1699 T 3134 2202 2125 0 0
1699 T 2202 212 896 0 0
1699 T 472 1141 1713 0 0
1699 T 1715 2447 1502 0 0
1699 T 1499 2533 1598 0 0
1699 T 1600 1141 465 0 0
1699 T 1181 1069 4369 0 0
1699 T 4447 1076 1181 0 0
1699 T 2614 2297 3373 0 0
1699 T 3271 2300 2748 0 0
1699 T 1048 1110 1042 0 0
1699 T 1044 267 1557 0 0
1699 T 1675 269 1046 0 0
1699 T 1559 3609 1673 0 0
1699 T 368 362 358 0 0
1699 T 388 1028 1889 0 0
1699 T 1891 1811 3612 1 0
1699 T 1033 1032 1028 0 0
1699 T 1811 1030 382 0 0
1699 T 1296 768 4474 0 0
1699 T 4476 758 2601 0 0
1699 T 2735 763 4398 0 0
1699 T 4400 769 1289 0 0
1699 T 144 3355 4201 0 0
1699 T 3108 3463 142 0 0
1699 T 4203 953 3106 0 0
1699 T 139 3565 3101 0 0
1699 T 3103 952 4297 0 0
1699 T 4299 3249 137 0 0
1699 T 260 256 252 0 0
1699 T 2276 4421 258 0 0
1699 T 4421 102 4500 0 0
1699 T 4498 2272 256 0 0
1699 T 105 1393 1921 0 0
1699 T 1923 2668 2338 0 0
1699 T 2335 2798 1842 0 0
1699 T 1844 1400 105 0 0
1699 T 3199 2322 2693 0 0
1699 T 2984 2324 764 0 0
1699 T 468 2324 4397 0 0
1699 T 760 3037 2318 0 0
1699 T 2320 472 4476 0 0
1699 T 2564 2319 3301 0 0
1699 T 598 600 598 1 0
1699 T 2 1 2 0 0
1699 T 3108 3048 2041 0 0
1699 T 2043 1132 142 0 0
1699 T 139 1125 1974 0 0
1699 T 1976 2990 3101 0 0
1699 T 556 2629 1873 0 0
1699 T 1879 3352 554 0 0
1699 T 1875 1932 1877 0 0
1699 T 3352 1930 2629 0 0
1699 T 564 2656 1877 0 0
1699 T 1875 3371 562 0 0
1699 T 1907 1928 1909 0 0
1699 T 3298 574 1905 0 0
1699 T 1928 576 2555 0 0
1699 T 559 3265 1794 0 0
1699 T 1796 1851 1798 0 0
1699 T 1800 2786 557 0 0
1699 T 551 3246 1798 0 0
1699 T 1796 2763 549 0 0
1699 T 2763 1851 3246 0 0
1699 T 1828 579 3196 0 0
1699 T 1832 1845 1826 0 0
1699 T 1845 2688 579 0 0
1699 T 2356 2358 2350 0 0
1699 T 1468 4023 1861 0 0
1699 T 1863 476 1458 0 0
1699 T 1455 477 1782 0 0
1699 T 1784 4109 1461 0 0
1699 T 2043 1975 3120 0 0
1699 T 1122 1126 1130 0 0
1699 T 436 4487 3793 0 0
1699 T 1887 670 434 0 0
1699 T 670 1319 4487 0 0
1699 T 431 667 1806 0 0
1699 T 3887 4409 429 0 0
1699 T 4409 1322 667 0 0
1699 T 1675 3605 1865 0 0
1699 T 1788 3608 1558 1 0
1699 T 632 671 622 0 0
1699 T 624 4315 702 0 0
1699 T 2118 4313 671 0 0
1699 T 619 666 625 0 0
1699 T 699 4217 617 0 0
1699 T 666 4219 2196 0 0
1699 T 117 2838 1278 0 0
1699 T 1280 1333 1286 0 0
1699 T 1604 1335 2838 0 0
1699 T 1283 1340 1273 0 0
1699 T 1275 2908 117 0 0
1699 T 2908 1338 1717 0 0
1699 T 2447 4502 1030 0 0
1699 T 1027 4428 2533 0 0
1699 T 1476 4 2157 0 0
1699 T 2159 3143 2013 0 0
1699 T 2846 3141 4 0 0
1699 T 1948 3146 2082 0 0
1699 T 2084 4 1469 0 0
1699 T 4 3148 2916 0 0
1699 T 693 617 2021 0 0
1699 T 828 4451 695 0 0
1699 T 4451 3255 617 0 0
1699 T 695 4373 821 0 0
1699 T 1956 624 693 0 0
1699 T 624 3357 4373 0 0
1699 T 180 4344 4522 0 0
1699 T 4524 4245 174 0 0
1699 T 4245 4342 187 -1 0
1699 T 2706 2710 2750 0 0
1699 T 2752 3471 1725 0 0
1699 T 3471 2712 256 0 0
1699 T 1612 3573 2618 0 0
1699 T 2620 2580 2576 0 0
1699 T 257 2578 3573 0 0
1699 T 2780 261 3453 0 0
1699 T 2758 2754 2778 0 0
1699 T 3455 1735 2760 0 0
1699 T 2626 1618 3557 0 0
1699 T 2648 2624 2628 0 0
1699 T 3559 261 2646 0 0
1699 T 2260 2267 2262 0 0
1699 T 3775 1695 2258 0 0
1699 T 2267 1693 265 0 0
1699 T 2263 2267 2253 0 0
1699 T 2255 1578 3865 0 0
1699 T 272 1580 2267 0 0
1699 T 260 3853 2481 0 0
1699 T 2483 2520 2485 0 0
1699 T 1617 2518 3853 0 0
1699 T 2512 2528 2506 0 0
1699 T 2508 3841 1609 0 0
1699 T 3841 2526 262 0 0
1699 T 2396 3947 253 0 0
1699 T 2400 2430 2394 0 0
1699 T 3947 2432 1736 0 0
1699 T 1728 3935 2418 0 0
1699 T 2420 2438 2422 0 0
1699 T 262 2440 3935 0 0
1699 T 3283 1629 3062 0 0
1699 T 4179 554 3281 0 0
1699 T 1629 556 428 0 0
1699 T 3059 1748 3178 0 0
1699 T 3180 551 4273 0 0
1699 T 421 549 1748 0 0
1699 T 704 687 695 0 0
1699 T 2124 4451 687 0 0
1699 T 695 690 697 0 0
1699 T 690 4373 2198 0 0
1699 T 4104 4015 740 0 0
1699 T 1264 943 4462 0 0
1699 T 4464 933 2577 0 0
1699 T 2711 932 4386 0 0
1699 T 4388 938 1257 0 0
1699 T 692 4217 2021 0 0
1699 T 1956 4315 685 0 0
1699 T 4 1525 2005 0 0
1699 T 3160 2795 6 0 0
1699 T 2007 1765 3158 0 0
1699 T 2795 1767 1525 0 0
1699 T 6 2661 3153 0 0
1699 T 3155 1652 2073 0 0
1699 T 2075 1525 4 0 0
1699 T 1525 1650 2661 0 0
1699 T 1172 126 2017 0 0
1699 T 2019 3701 1865 0 0
1699 T 3239 3703 126 0 0
1699 T 1788 3700 1950 0 0
1699 T 1952 126 1165 0 0
1699 T 126 3698 3341 0 0
1699 T 240 235 239 0 0
1699 T 616 3085 4373 0 0
1699 T 3359 3087 647 0 0
1699 T 4451 3092 609 0 0
1699 T 650 3090 3253 0 0
1699 T 880 1840 202 0 0
1699 T 1840 2642 3705 0 0
1699 T 199 1917 873 0 0
1699 T 3712 2776 1917 0 0
1699 T 472 1654 1286 0 0
1699 T 4325 1333 1654 0 0
1699 T 1283 1771 465 0 0
1699 T 1771 1340 4231 0 0
1699 T 1895 1001 3213 0 0
1699 T 3215 1012 246 0 0
1699 T 243 1009 3317 0 0
1699 T 3319 1000 1814 0 0
1699 T 1373 2438 4338 0 0
1699 T 990 2440 1367 0 0
1699 T 4244 2528 1373 0 0
1699 T 1370 2526 995 0 0
1699 T 616 3424 1689 0 0
1699 T 1691 1702 1685 0 0
1699 T 1687 2715 614 0 0
1699 T 2715 1704 3424 0 0
1699 T 644 3471 1705 0 0
1699 T 1711 2750 642 0 0
1699 T 1707 1727 1709 0 0
1699 T 1739 1763 1733 0 0
1699 T 2760 670 1737 0 0
1699 T 670 3453 1763 0 0
1699 T 611 2581 1570 0 0
1699 T 1572 1587 1574 0 0
1699 T 1576 3526 609 0 0
1699 T 3526 1585 2581 0 0
1699 T 643 2620 1594 1 0
1699 T 1592 3573 641 0 0
1699 T 1596 1610 1590 0 0
1699 T 1620 1646 1622 0 0
1699 T 1624 667 2626 0 0
1699 T 3557 665 1646 0 0
1699 T 15 2818 586 0 0
1699 T 584 2887 16 0 0
1699 T 2887 600 2818 0 0
1699 T 380 912 3981 0 0
1699 T 3983 2742 386 0 0
1699 T 383 2612 4069 0 0
1699 T 4071 913 373 0 0
1699 T 2951 3715 202 0 0
1699 T 3715 2063 1838 0 0
1699 T 199 3718 3005 0 0
1699 T 1919 1993 3718 0 0
1699 T 1496 1492 1488 0 0
1699 T 1486 3181 3285 0 0
1699 T 3491 551 4361 0 0
1699 T 4440 553 3385 0 0
1699 T 553 549 589 0 0
1699 T 944 667 4478 0 0
1699 T 4480 4220 331 0 0
1699 T 331 4314 4402 0 0
1699 T 4404 670 937 0 0
1699 T 280 1540 1889 0 0
1699 T 1891 2534 3618 0 0
1699 T 3586 2536 1540 0 0
1699 T 3615 2448 1810 0 0
1699 T 1812 1541 273 0 0
1699 T 1541 2446 3484 0 0
1699 T 444 545 434 0 0
1699 T 436 4156 3977 0 0
1699 T 4346 4154 545 0 0
1699 T 431 545 437 0 0
1699 T 4067 4157 429 0 0
1699 T 545 4159 4252 0 0
1699 T 2532 3555 2648 0 0
1699 T 109 2626 3555 0 0
1699 T 2778 3449 2442 0 0
1699 T 3449 2760 116 0 0
1699 T 2340 527 1993 0 0
1699 T 1995 3931 2343 0 0
1699 T 2343 3837 2061 0 0
1699 T 2063 522 2333 0 0
1699 T 4464 3693 258 0 0
1699 T 3693 933 3574 0 0
1699 T 255 3692 4386 0 0
1699 T 3472 932 3692 0 0
1699 T 532 2349 4585 0 0
1699 T 4664 2355 534 0 0
1699 T 4587 2 4662 1 -1
1699 T 1699 2403 3890 0 0
1699 T 1695 1757 1697 0 0
1699 T 3892 662 1693 0 0
1699 T 1757 664 2403 0 0
1699 T 652 2419 1709 0 0
1699 T 1707 3936 650 0 0
1699 T 1739 675 2429 0 0
1699 T 1761 3946 675 0 0
1699 T 1580 659 3798 0 0
1699 T 1584 1644 1578 0 0
1699 T 3800 2489 1582 0 0
1699 T 1644 2491 659 0 0
1699 T 647 3842 1590 0 0
1699 T 1596 2505 645 0 0
1699 T 2519 675 1622 0 0
1699 T 1648 673 3854 0 0
1699 T 1995 3736 2849 0 0
1699 T 2919 3729 2061 0 0
1699 T 3100 2200 3334 0 0
1699 T 1903 113 3098 0 0
1699 T 3095 112 1822 0 0
1699 T 3232 2122 3093 0 0
1699 T 820 4634 1066 0 0
1699 T 3202 449 4634 0 0
1699 T 1063 4560 813 0 0
1699 T 4560 448 3308 0 0
1699 T 288 3379 3630 0 0
1699 T 3632 4596 294 0 0
1699 T 4596 3377 357 0 0
1699 T 291 4670 3625 0 0
1699 T 3627 3273 281 0 0
1699 T 364 3275 4670 0 0
1699 T 128 123 127 0 0
1699 T 125 3689 3441 0 0
1699 T 3548 3695 126 0 0
1699 T 2827 3941 294 0 0
1699 T 319 3943 921 0 0
1699 T 291 3851 2893 0 0
1699 T 920 3849 314 0 0
1699 T 616 1822 690 0 0
1699 T 687 1903 609 0 0
1699 T 1068 4671 1178 0 0
1699 T 1175 4593 1061 0 0
1699 T 3963 1580 2262 0 0
1699 T 2263 1693 4049 0 0
1699 T 1180 4262 2673 0 0
1699 T 2675 1079 1183 0 0
1699 T 1183 1082 2542 0 0
1699 T 2544 4360 1173 0 0
1699 T 2683 2393 638 0 0
1699 T 3191 2292 2681 0 0
1699 T 2393 2290 540 0 0
1699 T 635 2484 2550 0 0
1699 T 2552 2293 3293 0 0
1699 T 541 2295 2484 0 0
1699 T 264 3736 4340 0 0
1699 T 4242 3729 264 0 0
1699 T 2675 1715 1482 0 0
1699 T 4371 1141 2673 0 0
1699 T 4445 2542 1143 0 0
1699 T 1600 2544 1479 0 0
1699 T 168 1315 3530 -1 0
1699 T 3532 1311 1897 0 0
1699 T 1820 1306 3426 0 0
1699 T 3428 1314 161 0 0
1699 T 3983 310 4458 0 0
1699 T 4460 1425 386 0 0
1699 T 383 1432 4382 0 0
1699 T 4384 311 4069 0 0
1699 T 476 3079 4556 0 0
1699 T 4554 641 2730 0 0
1699 T 2975 643 3079 0 0
1699 T 2600 644 4632 1 0
1699 T 4630 3074 477 0 0
1699 T 3074 642 3029 0 0
1699 T 428 950 4185 0 0
1699 T 4284 956 422 0 0
1699 T 4187 413 4282 0 0
1699 T 169 3657 4389 0 0
1699 T 4391 108 4082 0 0
1699 T 3432 106 3657 0 0
1699 T 3996 108 4465 0 0
1699 T 4467 3664 169 0 0
1699 T 3664 106 3534 0 0
1699 T 168 164 160 -1 0
1699 T 158 3425 3530 0 0
1699 T 1240 3992 207 0 0
1699 T 3992 3027 209 0 0
1699 T 207 4078 1233 0 0
1699 T 216 2969 4078 0 0
1699 T 444 4143 3793 0 0
1699 T 547 4487 4143 0 0
1699 T 3887 4146 437 0 0
1699 T 4146 4409 547 0 0
1699 T 3491 1746 3054 0 0
1699 T 3051 1631 3386 0 0
1699 T 3072 657 3961 0 0
1699 T 3495 2108 3070 0 0
1699 T 2108 343 657 0 0
1699 T 3067 2181 3390 0 0
1699 T 4051 664 3065 0 0
1699 T 664 346 2181 0 0
1699 T 2244 1823 2669 0 0
1699 T 2671 3094 2869 0 0
1699 T 2871 111 2242 0 0
1699 T 3098 2539 2803 0 0
1699 T 2801 2238 115 0 0
1699 T 2238 2537 1903 0 0
1699 T 460 3699 3201 0 0
1699 T 531 4635 3699 0 0
1699 T 3307 3702 453 0 0
1699 T 3702 4557 534 0 0
1699 T 1288 1987 4474 0 0
1699 T 766 1985 1406 0 0
1699 T 4400 2054 1281 0 0
1699 T 1411 2056 771 0 0
1699 T 720 4547 2465 0 0
1699 T 790 1272 4547 0 0
1699 T 2380 4621 713 0 0
1699 T 4621 1265 795 0 0
1699 T 1180 176 2453 0 0
1699 T 2455 3670 2673 0 0
1699 T 2368 177 1173 0 0
1699 T 2544 3675 2366 0 0
1699 T 104 4237 4334 0 0
1699 T 4336 367 4237 0 0
1699 T 2955 3689 1705 0 0
1699 T 3009 1590 3694 0 0
1699 T 2549 3510 2485 0 0
1699 T 3510 634 2518 0 0
1699 T 2400 3408 2684 0 0
1699 T 637 3406 2432 0 0
1699 T 2252 1260 4365 0 0
1699 T 3283 2633 2250 0 0
1699 T 2633 212 1260 0 0
1699 T 2247 2767 3178 0 0
1699 T 4443 1261 2245 0 0
1699 T 1261 213 2767 0 0
1699 T 3161 3365 6 0 0
1699 T 3160 3167 3163 0 0
1699 T 3365 3165 2793 0 0
1699 T 6 3263 3161 0 0
1699 T 3163 3170 3153 0 0
1699 T 2663 3172 3263 0 0
1699 T 912 3172 4009 0 0
1699 T 4100 3166 914 0 0
1699 T 2244 691 4525 0 0
1699 T 4527 613 2669 0 0
1699 T 2540 612 4601 0 0
1699 T 4603 686 2237 0 0
1699 T 820 4401 1869 0 0
1699 T 812 940 818 0 0
1699 T 1871 669 810 0 0
1699 T 815 941 805 0 0
1699 T 807 668 1790 0 0
1699 T 1792 4479 813 0 0
1699 T 556 1223 1689 0 0
1699 T 1691 1213 4377 0 0
1699 T 4379 1320 554 0 0
1699 T 551 1321 4453 0 0
1699 T 1576 1218 549 0 0
1699 T 4455 1216 1574 1 0
1699 T 3056 3132 3062 0 0
1699 T 3132 224 1631 0 0
1699 T 3059 3132 3049 0 0
1699 T 1746 224 3132 0 0
1699 T 2528 1001 4581 0 0
1699 T 4583 1014 1370 0 0
1699 T 1367 1019 4657 0 0
1699 T 4659 1000 2438 0 0
1699 T 572 602 562 0 0
1699 T 564 4121 630 0 0
1699 T 2143 4123 602 0 0
1699 T 559 602 565 0 0
1699 T 627 4035 557 0 0
1699 T 602 4033 2217 0 0
1699 T 2244 749 2873 0 0
1699 T 2875 683 4525 0 0
1699 T 689 681 749 0 0
1699 T 2808 756 2237 0 0
1699 T 4603 678 2806 0 0
1699 T 756 680 688 0 0
1699 T 2947 3725 2473 0 0
1699 T 747 3727 4101 0 0
1699 T 2388 3728 3001 0 0
1699 T 4015 3726 742 0 0
1699 T 260 2926 1254 0 0
1699 T 254 1250 2857 0 0
1699 T 2859 3149 2926 0 0
1699 T 4520 355 4458 0 0
1699 T 3983 314 4518 0 0
1699 T 4515 319 4069 0 0
1699 T 4384 355 4513 0 0
1699 T 1208 3169 3777 0 0
1699 T 3499 4017 1206 0 0
1699 T 3779 112 3497 0 0
1699 T 4017 110 3169 0 0
1699 T 1203 4107 3394 0 0
1699 T 3396 113 3869 0 0
1699 T 3871 3168 1201 0 0
1699 T 3168 115 4107 0 0
1699 T 748 744 740 0 0
1699 T 2171 4082 2274 0 0
1699 T 2271 3996 2094 0 0
1699 T 552 1308 4533 0 0
1699 T 4612 1310 554 0 0
1699 T 4535 122 4610 0 0
1699 T 3116 9 2041 0 0
1699 T 3108 3175 3114 0 0
1699 T 3175 3048 9 0 0
1699 T 3111 3175 3101 0 0
1699 T 1976 9 3109 0 0
1699 T 9 2990 3175 0 0
1699 T 148 2128 3126 0 0
1699 T 3124 2201 146 0 0
1699 T 3128 3135 3122 0 0
1699 T 1373 3933 3734 0 0
1699 T 3731 3843 1373 0 0
1699 T 4123 671 2004 0 0
1699 T 2070 666 4033 0 0
1699 T 2252 3487 2873 0 0
1699 T 2244 2305 2250 0 0
1699 T 2247 2312 2237 0 0
1699 T 2808 3589 2245 0 0
1699 T 3863 2204 3062 0 0
1699 T 4175 894 3861 0 0
1699 T 3059 2126 3770 0 0
1699 T 3772 899 4269 0 0
1699 T 61 373 4282 0 0
1699 T 4187 379 62 0 0
1699 T 888 1972 171 0 0
1699 T 1972 2992 3669 0 0
1699 T 171 2037 881 0 0
1699 T 3676 3046 2037 0 0
1699 T 3072 3121 3062 0 0
1699 T 3059 3128 3065 0 0
1699 T 3144 3151 3146 0 0
1699 T 2916 3752 2845 0 0
1699 T 1200 4093 1494 0 0
1699 T 1496 3264 1206 0 0
1699 T 3264 4095 1291 0 0
1699 T 1203 3366 1489 0 0
1699 T 1491 4007 1193 0 0
1699 T 1294 4005 3366 0 0
1699 T 4664 3279 794 0 0
1699 T 1856 3277 2353 0 0
1699 T 791 3381 4586 0 0
1699 T 2352 3383 1934 0 0
1699 T 2471 363 578 0 0
1699 T 3791 1533 2469 0 0
1699 T 575 358 2382 0 0
1699 T 2384 1532 3881 0 0
1699 T 2679 240 718 0 0
1699 T 3403 1518 2677 0 0
1699 T 240 1520 2188 0 0
1699 T 715 240 2546 0 0
1699 T 2548 1523 3505 0 0
1699 T 2110 1521 240 0 0
1699 T 1057 1061 1054 0 0
1699 T 1056 4560 2017 0 0
1699 T 2019 815 1059 0 0
1699 T 1059 818 1950 0 0
1699 T 1051 1068 1057 0 0
1699 T 1952 4634 1049 0 0
1699 T 964 604 4490 0 0
1699 T 4492 4033 510 0 0
1699 T 507 4123 4414 0 0
1699 T 4416 604 957 0 0
1699 T 3215 3320 252 0 0
1699 T 692 4640 818 0 0
1699 T 4219 336 4640 0 0
1699 T 815 4562 685 0 0
1699 T 4562 337 4313 0 0
1699 T 2285 4538 294 0 0
1699 T 4538 253 3943 0 0
1699 T 291 4616 2285 0 0
1699 T 3849 260 4616 0 0
1699 T 144 4132 3542 0 0
1699 T 1513 1978 142 0 0
1699 T 3544 2499 1515 0 0
1699 T 1978 2497 4132 0 0
1699 T 139 2047 1513 0 0
1699 T 1515 2409 3438 0 0
1699 T 3440 4133 137 0 0
1699 T 4133 2411 2047 0 0
1699 T 2575 3787 2467 0 0
1699 T 3787 2617 630 0 0
1699 T 2378 3877 2705 0 0
1699 T 627 2751 3877 0 0
1699 T 5 3757 4253 0 0
1699 T 4352 3755 6 0 0
1699 T 4255 2 4350 0 0
1699 T 1056 2856 1677 0 0
1699 T 1679 152 1046 0 0
1699 T 1114 150 2856 0 0
1699 T 1043 152 1562 0 0
1699 T 1564 2922 1049 0 0
1699 T 2922 150 1119 0 0
1699 T 1484 134 2873 0 0
1699 T 2252 4472 1482 0 0
1699 T 1479 4394 2245 0 0
1699 T 2808 131 1477 0 0
1699 T 2155 4417 1466 0 0
1699 T 1463 4495 2078 0 0
1699 T 692 322 1869 0 0
1699 T 4638 4401 322 0 0
1699 T 1792 327 685 0 0
1699 T 327 4479 4564 0 0
1699 T 516 2857 3146 0 0
1699 T 3144 2928 514 0 0
1699 T 2312 2308 2304 -1 0
1699 T 2995 2523 3054 0 0
1699 T 4367 1266 2993 0 0
1699 T 3051 2433 2938 0 0
1699 T 2940 1271 4441 0 0
1699 T 136 4511 3090 0 0
1699 T 3336 4225 134 0 0
1699 T 4225 110 4511 0 0
1699 T 131 4323 3230 0 0
1699 T 3087 4433 129 0 0
1699 T 4433 115 4323 0 0
1699 T 2155 958 1474 0 0
1699 T 1471 963 2078 0 0
1699 T 1364 1406 1370 0 0
1699 T 4583 2076 1362 0 0
1699 T 1406 2074 1016 0 0
1699 T 1367 1411 1357 0 0
1699 T 1359 2006 4657 0 0
1699 T 1017 2008 1411 0 0
1699 T 1703 10 3417 0 0
1699 T 3419 40 1697 0 0
1699 T 1584 41 3521 0 0
1699 T 3523 10 1586 0 0
1699 T 4547 234 4622 0 0
1699 T 3679 3368 2737 0 0
1699 T 2607 3262 3678 0 0
1699 T 3123 506 2106 0 0
1699 T 2183 511 3126 0 0
1699 T 3600 904 4173 0 0
1699 T 3491 2415 3598 0 0
1699 T 3595 2501 3386 0 0
1699 T 4271 905 3593 0 0
1699 T 304 325 306 0 0
1699 T 2571 4311 302 0 0
1699 T 325 4309 1138 0 0
1699 T 307 324 297 0 0
1699 T 299 4213 2701 0 0
1699 T 1138 4215 324 0 0
1699 T 3068 3119 3070 0 0
1699 T 3959 1121 4046 0 0
1699 T 588 1833 2689 0 0
1699 T 2687 4332 586 0 0
1699 T 4332 2781 1833 0 0
1699 T 583 4234 2554 0 0
1699 T 2560 1916 581 0 0
1699 T 1916 2651 4234 0 0
1699 T 436 4124 4518 0 0
1699 T 4520 4415 426 0 0
1699 T 423 4489 4513 0 0
1699 T 4515 4034 429 0 0
1699 T 168 4580 3330 0 0
1699 T 162 3225 4655 0 0
1699 T 4653 101 4580 0 0
1699 T 2411 4649 490 0 0
1699 T 4649 1307 475 0 0
1699 T 487 4575 2497 0 0
1699 T 478 1310 4575 0 0
1699 T 1707 3735 3330 0 0
1699 T 3228 3730 1590 0 0
1699 T 232 799 1989 0 0
1699 T 1991 3486 3722 0 0
1699 T 3723 3592 2057 0 0
1699 T 2059 799 225 0 0
1699 T 898 4082 4423 0 0
1699 T 4497 3996 895 0 0
1699 T 500 2858 4794 0 0
1699 T 4796 3147 490 0 0
1699 T 487 3142 4714 0 0
1699 T 4716 2928 493 0 0
1699 T 2871 3172 2993 0 0
1699 T 2995 4020 2242 0 0
1699 T 2239 4106 2938 0 0
1699 T 2940 3165 2802 0 0
1699 T 3600 922 3861 0 0
1699 T 3772 919 3593 0 0
1699 T 3499 2306 1210 0 0
1699 T 2306 4017 1419 0 0
1699 T 1211 2311 3394 0 0
1699 T 1414 4107 2311 0 0
1699 T 588 3714 2941 0 0
1699 T 2695 4735 586 0 0
1699 T 4735 523 3714 0 0
1699 T 2819 3713 2697 0 0
1699 T 3720 3000 584 0 0
1699 T 2885 2566 3718 0 0
1699 T 583 4813 2562 0 0
1699 T 3719 526 4813 0 0
1699 T 2607 3164 4098 0 0
1699 T 4012 3164 2737 0 0
1699 T 3688 1858 1717 0 0
1699 T 2908 114 3686 0 0
1699 T 114 1338 1858 0 0
1699 T 3683 111 2838 0 0
1699 T 1604 1940 3681 0 0
1699 T 1940 1335 111 0 0
1699 T 792 802 794 0 0
1699 T 888 884 892 0 0
1699 T 3667 2038 1970 0 0
1699 T 1513 3905 2405 0 0
1699 T 2407 996 142 0 0
1699 T 139 989 2493 0 0
1699 T 2495 3815 1513 0 0
1699 T 2947 4817 398 0 0
1699 T 396 4740 3002 0 0
1699 T 4817 103 4740 0 0
1699 T 3640 230 2821 0 0
1699 T 2475 1991 3638 0 0
1699 T 3635 2057 2386 0 0
1699 T 2891 227 3633 0 0
1699 T 1671 4554 1458 0 0
1699 T 1455 4632 1554 0 0
1699 T 4460 1392 1885 0 0
1699 T 1808 1385 4382 0 0
1699 T 148 4571 3542 0 0
1699 T 151 4132 4571 0 0
1699 T 3440 4645 145 0 0
1699 T 4645 4133 151 0 0
1699 T 684 3460 1869 0 0
1699 T 324 3458 750 0 0
1699 T 1792 3562 677 0 0
1699 T 755 3564 325 0 0
1699 T 2823 3564 306 0 0
1699 T 307 3458 2889 0 0
1699 T 82 4482 4405 -1 0
1699 T 4407 182 2322 0 0
1699 T 2320 181 4482 0 0
1699 T 3352 3361 3346 0 0
1699 T 3348 11 2629 -1 0
1699 T 2763 11 3242 0 0
1699 T 3244 3259 3246 0 0
1699 T 3080 3135 3074 0 0
1699 T 3029 3133 2976 0 0
1699 T 4612 1231 1689 0 0
1699 T 1576 1226 4534 0 0
1699 T 3092 3088 3084 -1 0
1699 T 144 4249 4790 0 0
1699 T 4792 548 4001 0 0
1699 T 4091 548 4710 0 0
1699 T 4712 4347 137 0 0
1699 T 616 3657 4377 0 0
1699 T 3422 1213 3657 0 0
1699 T 4455 3664 609 0 0
1699 T 3664 1216 3528 1 0
1699 T 168 1853 3654 0 0
1699 T 3656 3278 2833 0 0
1699 T 2835 2356 166 0 0
1699 T 163 2349 2901 0 0
1699 T 3651 1935 161 0 0
1699 T 2903 3384 3649 0 0
1699 T 1887 2001 4518 0 0
1699 T 4515 2071 1806 0 0
1699 T 3676 10 4197 0 0
1699 T 4199 3173 2037 0 0
1699 T 1972 3173 4293 0 0
1699 T 4295 10 3669 0 0
1699 T 2019 941 4685 0 0
1699 T 4687 807 1059 0 0
1699 T 1059 810 4765 0 0
1699 T 4767 940 1950 0 0
1699 T 3632 116 3205 0 0
1699 T 3207 4802 294 0 0
1699 T 4802 114 4594 0 0
1699 T 291 4724 3309 0 0
1699 T 3311 109 3625 0 0
1699 T 4672 111 4724 0 0
1699 T 112 3847 2506 0 0
1699 T 2658 2528 3847 0 0
1699 T 2420 3937 113 0 0
1699 T 3937 2438 2792 0 0
1699 T 3072 3800 2262 0 0
1699 T 2263 3890 3065 0 0
1699 T 4578 1369 2354 0 0
1699 T 2351 1368 4656 0 0
1699 T 2252 1420 2993 0 0
1699 T 2940 1413 2245 0 0
1699 T 136 3382 4209 0 0
1699 T 1504 2985 134 0 0
1699 T 4211 3760 1502 0 0
1699 T 2985 3758 3382 0 0
1699 T 131 3043 1497 0 0
1699 T 1499 3753 4305 0 0
1699 T 4307 3280 129 0 0
1699 T 3280 3755 3043 0 0
1699 T 389 1962 442 0 0
1699 T 3615 3377 1962 0 0
1699 T 439 2031 389 0 0
1699 T 2031 3275 3618 0 0
1699 T 1968 1445 3990 0 0
1699 T 4080 1445 2033 0 0
1699 T 3532 4574 878 0 0
1699 T 875 4652 3426 0 0
1699 T 4687 1939 1066 0 0
1699 T 1939 807 1051 0 0
1699 T 1063 1857 4765 0 0
1699 T 1054 810 1857 0 0
1699 T 3116 3112 3120 0 0
1699 T 2188 96 2109 1 0
1699 T 24 1581 3521 0 0
1699 T 24 3417 1698 0 0
1699 T 4711 673 2494 0 0
1699 T 676 4792 2407 0 0
1699 T 4480 4837 338 0 0
1699 T 4837 4220 323 0 0
1699 T 335 4837 4402 0 0
1699 T 326 4314 4837 0 0
1699 T 3604 1119 4046 0 0
1699 T 3959 1113 3602 0 0
1699 T 216 3079 4549 0 0
1699 T 4551 133 4078 0 0
1699 T 3992 132 4625 0 0
1699 T 4627 3074 209 0 0
1699 T 2871 1031 4677 0 0
1699 T 4679 4760 0 1 0
1699 T 4760 1025 2801 0 0
1699 T 3499 2302 3393 0 0
1699 T 684 2988 4770 0 0
1699 T 680 803 682 0 0
1699 T 4772 8 4689 1 0
1699 T 4691 3041 678 0 0
1699 T 3304 4225 2557 0 0
1699 T 3300 3334 3302 0 0
1699 T 3320 3340 3314 0 0
1699 T 4191 2653 3318 0 0
1699 T 3376 4212 2592 0 0
1699 T 3372 3381 3374 0 0
1699 T 2692 4323 3198 0 0
1699 T 3200 3232 3194 0 0
1699 T 3212 3234 3214 0 0
1699 T 3216 2787 4285 0 0
1699 T 2722 4306 3270 0 0
1699 T 3272 3279 3266 0 0
1699 T 2107 4167 2181 0 0
1699 T 2236 4300 2669 0 0
1699 T 2451 951 2234 0 0
1699 T 2671 3102 2449 0 0
1699 T 2231 954 2362 0 0
1699 T 2364 3107 2538 0 0
1699 T 2540 4202 2229 0 0
1699 T 1496 2662 3777 0 0
1699 T 3871 2796 1489 0 0
1699 T 2675 3766 2873 0 0
1699 T 136 3768 1713 0 0
1699 T 130 1597 3764 0 0
1699 T 3762 2543 2807 0 0
1699 T 3556 3585 3550 0 0
1699 T 3552 3827 2627 0 0
1699 T 2757 3917 3446 0 0
1699 T 3448 3483 3450 0 0
1699 T 653 3109 2037 0 0
1699 T 4199 3103 655 0 0
1699 T 655 3106 4293 0 0
1699 T 1972 3116 653 0 0
1699 T 4391 4468 892 1 0
1699 T 3536 2773 3654 0 0
1699 T 3651 2643 3430 0 0
1699 T 2292 4343 2702 0 0
1699 T 2704 4523 2389 -1 0
1699 T 2480 4522 2570 1 0
1699 T 2572 4245 2293 0 0
1699 T 979 4135 4651 0 0
1699 T 4573 4130 974 0 0
1699 T 4464 128 4701 0 0
1699 T 4703 3546 258 0 0
1699 T 255 3444 4781 0 0
1699 T 4783 128 4386 0 0
1699 T 4312 4215 928 -1 0
1699 T 2675 2716 2669 0 0
1699 T 4527 1686 2673 0 0
1699 T 2540 2582 2542 0 0
1699 T 2544 1571 4601 0 0
1699 T 2752 2731 2727 0 0
1699 T 2725 4555 1711 0 0
1699 T 1594 4629 2595 0 0
1699 T 2593 2597 2618 0 0
1699 T 412 1448 4597 0 0
1699 T 4676 1447 411 0 0
1699 T 4599 154 4674 0 0
1699 T 3100 1027 1905 0 0
1699 T 1907 4223 3334 0 0
1699 T 1828 1030 3093 0 0
1699 T 3232 4317 1826 0 0
1699 T 4043 2908 3598 0 0
1699 T 4171 1273 4041 0 0
1699 T 3595 2838 3954 0 0
1699 T 3956 1280 4265 0 0
1699 T 3287 3352 3281 0 0
1699 T 4179 1877 3285 0 0
1699 T 1876 3381 4182 0 0
1699 T 3180 3246 3182 0 0
1699 T 3184 1800 4273 0 0
1699 T 4280 3279 1793 0 0
1699 T 901 4521 4309 -1 0
1699 T 4215 4524 908 1 0
1699 T 1679 4151 1561 0 0
1699 T 2260 1883 4177 0 0
1699 T 280 436 1883 0 0
1699 T 4275 1802 2253 0 0
1699 T 1802 429 273 0 0
1699 T 616 3430 4774 0 0
1699 T 4776 106 4377 0 0
1699 T 4455 106 4694 0 0
1699 T 4696 3536 609 0 0
1699 T 1875 3651 614 0 0
1699 T 611 3654 1794 0 0
1699 T 782 774 778 0 0
1699 T 3766 2447 2987 0 0
1699 T 3041 2533 3763 0 0
1699 T 2148 2291 4540 0 0
1699 T 4614 2294 2222 0 0
1699 T 2607 3157 914 0 0
1699 T 911 3156 2737 0 0
1699 T 3532 4129 870 0 0
1699 T 867 4136 3426 0 0
1699 T 380 1635 426 0 0
1699 T 428 4888 3981 0 0
1699 T 423 1750 373 0 0
1699 T 4071 4858 421 0 0
1699 T 380 72 4185 0 0
1699 T 4283 69 373 0 0
1699 T 684 4833 810 0 0
1699 T 3458 669 4833 0 0
1699 T 807 4755 677 0 0
1699 T 4755 668 3564 0 0
1699 T 3863 2853 3602 0 0
1699 T 3603 2923 3770 0 0
1699 T 1755 5 1362 0 0
1699 T 4583 1526 1753 0 0
1699 T 1359 5 1638 0 0
1699 T 1640 1526 4657 0 0
1699 T 320 602 1721 0 0
1699 T 3942 4865 602 0 0
1699 T 1608 602 313 0 0
1699 T 602 4895 3852 0 0
1699 T 320 4492 4857 0 0
1699 T 4887 4414 313 0 0
1699 T 2496 2519 2498 0 0
1699 T 3543 2517 3814 0 0
1699 T 2412 2429 2406 0 0
1699 T 3908 2431 3437 0 0
1699 T 4292 12 4705 0 0
1699 T 4707 3924 214 0 0
1699 T 3924 11 3710 0 0
1699 T 211 3830 4785 0 0
1699 T 4787 12 4194 1 0
1699 T 3707 11 3830 -1 0
1699 T 1964 4143 3309 0 0
1699 T 3207 4146 2029 0 0
1699 T 2455 658 4681 0 0
1699 T 2451 2492 2453 0 0
1699 T 4683 1641 2449 0 0
1699 T 4711 1624 2498 0 0
1699 T 2364 1760 4761 0 0
1699 T 2368 2402 2362 0 0
1699 T 4763 663 2366 0 0
1699 T 2412 1737 4789 0 0
1699 T 1919 2338 4814 0 0
1699 T 4736 2335 1838 0 0
1699 T 3768 683 1688 0 0
1699 T 1569 678 3761 0 0
1699 T 4379 3741 1873 0 0
1699 T 2631 3743 1318 0 0
1699 T 1796 3740 4453 0 0
1699 T 1323 3738 2761 0 0
1699 T 175 63 4085 0 0
1699 T 4000 65 177 0 0
1699 T 405 3641 2697 0 0
1699 T 2819 3635 407 0 0
1699 T 3635 3713 3641 0 0
1699 T 407 3638 2885 0 0
1699 T 2568 3648 405 0 0
1699 T 3648 3720 3638 0 0
1699 T 3621 3625 3618 0 0
1699 T 2031 283 3623 0 0
1699 T 3623 286 1962 0 0
1699 T 3615 3632 3621 0 0
1699 T 572 4589 2025 0 0
1699 T 604 1017 4589 0 0
1699 T 1960 4667 565 0 0
1699 T 4667 1016 604 0 0
1699 T 3508 3542 3510 0 0
1699 T 3408 3440 3402 0 0
1699 T 3604 3688 3598 -1 0
1699 T 3595 3681 3601 0 0
1699 T 308 2645 3646 -1 0
1699 T 3644 2780 306 0 0
1699 T 3648 3747 3642 0 0
1699 T 2780 3745 2645 0 0
1699 T 4080 4600 886 0 0
1699 T 883 4674 3990 0 0
1699 T 3632 4505 2029 0 0
1699 T 1964 4431 3625 0 0
1699 T 3697 3701 3745 -1 0
1699 T 2618 3822 3584 0 0
1699 T 2593 1502 3822 0 0
1699 T 3478 3916 2752 0 0
1699 T 2727 3914 1497 0 0
1699 T 580 4699 2681 0 0
1699 T 2683 2702 2685 0 0
1699 T 1846 2704 4699 0 0
1699 T 2695 2797 2689 0 0
1699 T 1835 2799 4733 0 0
1699 T 2552 4777 573 0 0
1699 T 2556 2572 2550 0 0
1699 T 4777 2570 1927 0 0
1699 T 2560 2667 2562 0 0
1699 T 4815 2665 1914 0 0
1699 T 4776 2641 1873 0 0
1699 T 2641 106 3743 0 0
1699 T 1796 2775 4694 0 0
1699 T 3738 106 2775 0 0
1699 T 4792 1780 1510 0 0
1699 T 1780 548 372 0 0
1699 T 1507 1661 4710 0 0
1699 T 372 548 1661 0 0
1699 T 1879 1895 1881 0 0
1699 T 1804 1814 1798 0 0
1699 T 1671 1710 1665 0 0
1699 T 1667 2728 1458 0 0
1699 T 1455 2594 1550 0 0
1699 T 1552 1595 1554 0 0
1699 T 1759 1768 1753 0 0
1699 T 4583 2794 1757 0 0
1699 T 1640 1649 1642 0 0
1699 T 1644 2664 4657 0 0
1699 T 772 784 766 0 0
1699 T 3979 4162 1877 0 0
1699 T 2654 4164 1000 0 0
1699 T 1800 4162 4065 0 0
1699 T 1001 4164 2788 0 0
1699 T 684 196 1681 0 0
1699 T 4835 4855 196 0 0
1699 T 1568 189 677 0 0
1699 T 189 4881 4753 0 0
1699 T 684 3327 4849 0 0
1699 T 194 20 3327 0 0
1699 T 4879 3221 677 0 0
1699 T 3221 20 191 0 0
1699 T 1064 116 2085 0 0
1699 T 1065 2162 111 0 0
1699 T 4764 1753 1470 0 0
1699 T 1475 1640 4682 0 0
1699 T 4509 4434 1450 -1 0
1699 T 3150 3152 3150 0 0
1699 T 2951 4830 194 0 0
1699 T 227 4832 3713 0 0
1699 T 191 4752 3005 0 0
1699 T 3720 4750 230 0 0
1699 T 4324 2799 2322 0 0
1699 T 4407 1426 4322 0 0
1699 T 2319 2665 4226 0 0
1699 T 4228 1431 4481 0 0
1699 T 3659 3663 3665 1 0
1699 T 408 403 407 0 0
1699 T 1687 2448 4770 0 0
1699 T 4692 2534 1570 0 0
1699 T 890 4626 4549 0 0
1699 T 2671 1825 4677 0 0
1699 T 4759 1908 2538 0 0
1699 T 2236 4889 1474 0 0
1699 T 2229 1469 4861 0 0
1699 T 1763 4591 3942 0 0
1699 T 1767 2364 1471 0 0
1699 T 3852 4665 1646 0 0
1699 T 1474 2449 1650 0 0
1699 T 572 3950 442 0 0
1699 T 3950 4589 673 0 0
1699 T 439 3860 565 0 0
1699 T 673 4667 3860 0 0
1699 T 4871 1411 3159 0 0
1699 T 3154 1406 4897 0 0
1699 T 1741 1737 1777 0 0
1699 T 1664 1624 1628 0 0
1699 T 1691 245 4529 0 0
1699 T 4531 2442 1685 0 0
1699 T 1572 2532 4605 0 0
1699 T 4607 244 1574 0 0
1699 T 872 3466 194 0 0
1699 T 3466 264 4832 0 0
1699 T 191 3572 865 0 0
1699 T 4750 264 3572 0 0
1699 T 3884 3916 3878 0 0
1699 T 3788 3822 3790 0 0
1699 T 4137 4485 1737 0 0
1699 T 2760 1319 4139 0 0
1699 T 4139 1322 2626 0 0
1699 T 1624 4411 4137 0 0
1699 T 1056 3687 4845 0 0
1699 T 2854 923 3687 0 0
1699 T 4875 3682 1049 0 0
1699 T 3682 918 2924 0 0
1699 T 1907 4208 43 0 0
1699 T 141 4206 1926 0 0
1699 T 48 4302 1826 0 0
1699 T 4302 138 1847 0 0
1699 T 1667 2303 1549 0 0
1699 T 3826 4137 1743 0 0
1699 T 1626 4137 3920 0 0
1699 T 596 1914 3346 0 0
1699 T 3352 4811 594 0 0
1699 T 4811 3361 1914 0 0
1699 T 594 4729 3246 0 0
1699 T 3244 1835 596 0 0
1699 T 1835 3259 4729 0 0
1699 T 2393 4537 3952 0 0
1699 T 3858 4615 2484 0 0
1699 T 3191 4343 2685 0 0
1699 T 2728 2745 2722 0 0
1699 T 4308 2299 2726 0 0
1699 T 2556 4245 3293 0 0
1699 T 2592 2615 2594 0 0
1699 T 2596 2298 4210 0 0
1699 T 1895 4164 4286 0 0
1699 T 4192 4164 1814 0 0
1699 T 348 85 342 -1 0
1699 T 3944 3950 3946 0 0
1699 T 3856 3860 3850 0 0
1699 T 17 4732 4331 1 0
1699 T 4233 4810 17 0 0
1699 T 3467 4834 1761 0 0
1699 T 1648 4756 3569 0 0
1699 T 1919 1921 1913 0 0
1699 T 1836 1844 1838 0 0
1699 T 235 3224 3327 0 0
1699 T 4880 157 4849 0 0
1699 T 3756 2299 3915 0 0
1699 T 3821 2298 3757 0 0
1699 T 3564 3572 3558 0 0
1699 T 3564 4752 2645 0 0
1699 T 3456 3466 3458 0 0
1699 T 2779 4830 3458 0 0
1699 T 1332 4842 3241 0 0
1699 T 2764 4931 1330 0 0
1699 T 4931 12 4842 0 0
1699 T 1326 3346 4843 0 0
1699 T 4841 11 4946 -1 0
1699 T 4948 2631 1328 0 0
1699 T 4352 4255 3152 0 0
1699 T 3751 3757 3753 0 0
1699 T 1332 3832 595 0 0
1699 T 3832 4842 1834 0 0
1699 T 595 3922 1325 0 0
1699 T 1915 4842 3922 0 0
1699 T 3891 3119 3798 0 0
1699 T 4411 1664 3918 0 0
1699 T 3828 1777 4485 0 0
1699 T 1883 4286 3977 0 0
1699 T 4067 4192 1802 0 0
1699 T 128 941 2190 0 0
1699 T 2116 940 128 0 0
1699 T 3648 4750 2821 0 0
1699 T 2891 4832 3641 0 0
1699 T 98 1981 2049 -1 0
1699 T 3528 3668 3421 0 0
1699 T 2487 58 4618 0 0
1699 T 4620 13 2573 0 0
1699 T 2707 13 4542 0 0
1699 T 4544 55 2398 0 0
1699 T 3395 2417 3866 0 0
1699 T 3868 3938 3870 0 0
1699 T 3776 2507 3498 0 0
1699 T 3780 3848 3774 0 0
1699 T 2528 4909 1757 0 0
1699 T 4909 1001 2796 0 0
1699 T 1644 4908 2438 0 0
1699 T 2662 1000 4908 0 0
1699 T 2776 4931 1921 0 0
1699 T 1395 4929 3737 0 0
1699 T 1844 4945 2642 0 0
1699 T 3744 4947 1398 0 0
1699 T 160 158 160 0 0
1699 T 4936 160 4917 0 0
1699 T 1424 1422 1424 -1 0
1699 T 3356 1926 4237 0 0
1699 T 4336 1848 3249 0 0
1699 T 2547 4644 3510 0 0
1699 T 1522 3542 4644 0 0
1699 T 3408 4566 2678 0 0
1699 T 4566 3440 1519 0 0
1699 T 3286 2249 4826 0 0
1699 T 4828 2 4745 1 -1
1699 T 4747 2247 3184 0 0
1699 T 4136 4150 4130 0 0
1699 T 4571 1109 4646 0 0
1699 T 26 4541 2398 -1 0
1699 T 26 2485 4617 0 0
1699 T 4825 3352 2635 0 0
1699 T 2765 3246 4747 0 0
1699 T 1915 4929 3710 0 0
1699 T 3707 4947 1834 0 0
1699 T 1695 4822 246 0 0
1699 T 4822 1757 2790 0 0
1699 T 243 4744 1578 0 0
1699 T 2660 1644 4744 0 0
1699 T 4328 4343 4330 0 0
1699 T 4236 4245 4230 0 0
1699 T 52 408 4938 0 0
1699 T 4940 3642 458 0 0
1699 T 455 3647 4922 0 0
1699 T 4924 408 53 0 0
1699 T 3916 3749 3821 0 0
1699 T 402 4921 4938 0 0
1699 T 3524 3540 3526 0 0
1699 T 2581 3538 10 0 0
1699 T 3424 3434 3418 0 0
1699 T 10 3436 2715 0 0
1699 T 2140 11 773 -1 0
1699 T 780 11 2214 0 0
1699 T 4699 367 4778 0 0
1699 T 2675 4925 2449 0 0
1699 T 4925 2716 3104 0 0
1699 T 2364 4943 2542 0 0
1699 T 3105 2582 4943 0 0
1699 T 46 49 4168 1 0
1699 T 3540 4913 3106 0 0
1699 T 4913 9 4944 0 0
1699 T 3103 4913 3434 0 0
1699 T 4926 9 4913 0 0
1699 T 2383 4800 3878 0 0
1699 T 1529 3916 4800 0 0
1699 T 3788 4718 2470 0 0
1699 T 4718 3822 1536 0 0
1699 T 3672 4925 2490 0 0
1699 T 3674 2401 4942 0 0
1699 T 2403 4915 4197 0 0
1699 T 4295 4915 2489 0 0
1699 T 2403 3436 655 0 0
1699 T 655 3538 2489 0 0
1699 T 1458 4961 2722 0 0
1699 T 1667 2745 4961 0 0
1699 T 2592 4987 1455 0 0
1699 T 4987 2615 1550 0 0
1699 T 2129 664 180 0 0
1699 T 176 2208 658 0 0
1699 T 4962 0 4987 0 0
1699 T 4648 2134 4565 0 0
1699 T 4643 2212 4570 0 0
1699 T 2723 74 3234 0 0
1699 T 3339 73 2590 0 0
1699 T 2721 4901 2592 0 0
1699 T 3967 4906 3777 0 0
1699 T 3871 4911 4053 0 0
1699 T 4800 83 4717 0 0
1699 T 3524 2491 4998 0 0
1699 T 5000 653 3526 0 0
1699 T 3424 653 4974 0 0
1699 T 4976 2401 3418 0 0
1699 T 1687 4959 1569 0 0
1699 T 23 4974 3890 0 0
1699 T 3800 5000 23 0 0
1699 T 212 594 2101 0 0
1699 T 4808 2636 595 0 0
1699 T 214 2177 595 0 0
1699 T 595 2766 4726 0 0
1699 T 4344 1654 4981 0 0
1699 T 5008 1772 4245 0 0
1699 T 4983 1 5006 0 -1
1699 T 1575 5013 1689 0 0
1699 T 4608 3747 4529 0 0
1699 T 4303 75 1826 0 0
1699 T 1908 76 4206 1 0
1699 T 1906 5023 1828 0 0
1699 T 256 499 2097 0 0
1699 T 493 2175 260 0 0
1699 T 4644 85 4565 -1 0
1699 T 3233 4902 3340 0 0
1699 T 1555 645 4990 0 0
1699 T 4992 351 4965 0 0
1699 T 4967 651 1669 0 0
1699 T 4967 2420 1665 0 0
1699 T 1552 2506 4989 0 0
1699 T 1336 4984 4330 0 0
1699 T 1338 4233 5007 0 0
1699 T 296 2150 398 0 0
1699 T 395 2228 289 0 0
1699 T 3847 5032 1695 0 0
1699 T 4824 4906 3845 0 0
1699 T 5032 4908 246 0 0
1699 T 1578 5026 3937 0 0
1699 T 3939 4911 4742 0 0
1699 T 243 4909 5026 0 0
1699 T 2260 5030 3777 0 0
1699 T 3871 5028 2253 0 0
1699 T 2681 5012 2551 0 0
1699 T 4300 4333 4302 0 0
1699 T 4208 4239 4202 0 0
1699 T 5036 3554 1569 -1 0
1699 T 1687 3451 5034 0 0
1699 T 3451 4959 3554 0 0
1699 T 4953 3135 4952 0 0
1699 T 4808 4828 4810 0 0
1699 T 4732 4746 4726 0 0
1699 T 4206 5023 4303 0 0
1699 T 4531 2780 5034 0 0
1699 T 5035 2646 4605 1 0
1699 T 1364 774 5002 0 0
1699 T 5004 4979 104 -1 0
1699 T 4979 780 1358 0 0
1699 T 5041 4742 2526 0 0
1699 T 3847 1644 5043 0 0
1699 T 5043 1757 3937 0 0
1699 T 2440 4824 5041 0 0
1699 T 17 4982 5058 1 0
1699 T 5060 1 5049 0 0
1699 T 5051 5007 18 0 0
1699 T 4729 1334 5058 0 0
1699 T 5052 1339 4811 0 0
1699 T 4976 3120 4997 0 0
1699 T 5020 237 4622 0 0
1699 T 4547 238 5018 0 0
1699 T 4828 36 5049 0 0
1699 T 5060 38 4745 0 0
1699 T 5002 5045 11 0 0
1699 T 11 5055 4980 0 0
1699 T 5054 102 5047 0 0
1699 T 2679 5020 2465 1 0
1699 T 2380 5017 2546 -1 0
1699 T 2471 2383 5012 0 0
1699 T 2467 4618 4994 0 0
1699 T 4996 13 3785 0 0
1699 T 3879 13 4970 0 0
1699 T 4972 4544 2378 0 0
1699 T 2683 26 5061 1 0
1699 T 5063 4542 3405 0 0
1699 T 3511 4620 5069 0 0
1699 T 5071 26 2550 0 0
1699 T 5037 3509 4994 0 0
1699 T 2467 5071 5039 0 0
1699 T 5039 5061 2378 0 0
1699 T 4972 3407 5037 0 0
1699 T 13 4797 5065 0 0
1699 T 5076 4720 14 0 0
1699 T 5067 84 5074 0 0
1699 T 4996 5073 2469 0 0
1699 T 2384 5067 4970 0 0
1699 T 100 4642 4565 0 0
1699 T 100 5065 5074 0 0
1699 T 5080 4567 5067 -1 0
1699 T 5074 4642 5078 0 0
1699 T 5062 5011 5071 0 0
1699 T 5037 5082 2677 0 0
1699 T 4972 4565 5082 0 0
1699 T 2548 5088 5037 0 0
1699 T 5088 4643 4994 0 0
1699 T 5088 5079 2469 0 0
1699 T 2384 5078 5082 0 0
1699 T 5084 5020 5069 1 0
1699 T 5063 5017 5086 -1 0
1699 T 5081 5010 5088 0 0
1699 U 2514 1 4 0 0
1699 U 1615 1 1 0 0
1699 U 112 4 1 0 0
1699 U 13 2 1 0 0
1699 U 58 1 2 0 0
1699 U 1660 4 4 0 0
1699 U 9 4 3 0 0
1699 U 42 3 4 0 0
1699 U 114 5 8 0 0
1699 U 1729 5 5 0 0
1699 U 2427 8 5 0 0
1699 U 56 6 5 0 0
1699 U 14 5 6 0 0
1699 U 1774 8 8 0 0
1699 U 40 8 7 0 0
1699 U 10 7 8 0 0
1699 U 2718 9 12 0 0
1699 U 32 10 9 0 0
1699 U 139 12 10 0 0
1699 U 47 10 9 0 0
1699 U 1832 11 10 0 0
1699 U 132 13 9 0 0
1699 U 2781 12 13 0 0
1699 U 1852 13 12 0 0
1699 U 3259 13 11 0 0
1699 U 11 14 13 0 0
1699 U 17 12 11 1 0
1699 U 142 15 17 0 0
1699 U 34 16 15 0 0
1699 U 2588 17 16 0 0
1699 U 136 19 15 0 0
1699 U 1930 18 19 0 0
1699 U 1911 18 15 0 0
1699 U 2652 19 18 0 0
1699 U 44 16 15 0 0
1699 U 17 18 17 0 0
1699 U 3363 20 18 0 0
1699 U 12 19 20 -1 0
1699 U 16 21 22 -1 0
1699 U 3000 28 21 0 0
1699 U 2566 22 28 0 0
1699 U 2563 30 21 0 0
1699 U 525 28 30 0 0
1699 U 456 28 21 0 0
1699 U 3039 30 28 0 0
1699 U 53 22 21 0 0
1699 U 3018 23 30 0 0
1699 U 2603 28 23 0 0
1699 U 472 30 23 0 0
1699 U 3016 25 23 0 0
1699 U 2639 30 25 0 0
1699 U 2599 31 23 0 0
1699 U 506 25 31 0 0
1699 U 480 25 23 0 0
1699 U 3032 31 25 0 0
1699 U 4951 32 25 0 0
1699 U 68 31 32 0 0
1699 U 46 32 31 0 0
1699 U 2941 33 40 0 0
1699 U 15 34 33 0 0
1699 U 2700 40 34 0 0
1699 U 52 34 33 0 0
1699 U 459 39 34 0 0
1699 U 2695 42 33 0 0
1699 U 2982 40 42 0 0
1699 U 523 42 40 0 0
1699 U 2730 35 43 0 0
1699 U 2959 37 35 0 0
1699 U 512 43 37 0 0
1699 U 468 42 35 0 0
1699 U 2770 37 42 0 0
1699 U 2736 40 35 0 0
1699 U 2963 42 35 0 0
1699 U 476 37 35 0 0
1699 U 2973 37 43 0 0
1699 U 4956 44 37 0 0
1699 U 50 43 44 0 0
1699 U 67 44 43 1 0
1699 U 1561 45 54 0 0
1699 U 4919 47 45 0 0
1699 U 868 54 47 0 0
1699 U 77 46 45 0 0
1699 U 4879 47 46 0 0
1699 U 1567 47 45 0 0
1699 U 19 48 47 0 0
1699 U 808 60 45 0 0
1699 U 4882 47 60 0 0
1699 U 4876 50 45 0 0
1699 U 1604 60 50 0 0
1699 U 917 50 54 0 0
1699 U 1646 54 60 0 0
1699 U 912 57 49 0 0
1699 U 4900 59 57 0 0
1699 U 4888 51 49 0 0
1699 U 1635 57 51 0 0
1699 U 1607 56 49 0 0
1699 U 958 51 56 0 0
1699 U 4896 56 53 0 0
1699 U 952 58 51 0 0
1699 U 72 57 58 0 0
1699 U 4892 55 51 0 0
1699 U 1651 58 55 0 0
1699 U 28 52 51 0 0
1699 U 1013 56 59 0 0
1699 U 1681 61 63 0 0
1699 U 4851 64 61 0 0
1699 U 20 63 64 0 0
1699 U 77 62 61 0 0
1699 U 4935 64 62 0 0
1699 U 1679 70 61 0 0
1699 U 870 63 70 0 0
1699 U 4847 66 61 0 0
1699 U 923 70 66 0 0
1699 U 812 76 61 0 0
1699 U 1718 66 76 0 0
1699 U 4855 76 63 0 0
1699 U 1764 76 70 0 0
1699 U 1721 65 72 0 0
1699 U 4859 67 65 0 0
1699 U 964 72 67 0 0
1699 U 916 73 65 0 0
1699 U 1749 67 73 0 0
1699 U 4869 73 75 0 0
1699 U 4865 69 72 0 0
1699 U 30 68 67 0 0
1699 U 4864 72 68 0 0
1699 U 956 74 67 0 0
1699 U 1765 71 74 0 0
1699 U 70 74 73 0 0
1699 U 1019 75 72 0 0
1699 U 2081 77 87 0 0
1699 U 1168 81 77 0 0
1699 U 4796 87 81 0 0
1699 U 4768 93 77 0 0
1699 U 2113 81 93 0 0
1699 U 2087 83 77 0 0
1699 U 1340 93 83 0 0
1699 U 1176 90 77 0 0
1699 U 4802 83 90 0 0
1699 U 4764 85 77 0 0
1699 U 2131 90 85 0 0
1699 U 1362 85 87 0 0
1699 U 2097 79 82 0 0
1699 U 1252 88 79 0 0
1699 U 4788 92 79 0 0
1699 U 2138 88 92 0 0
1699 U 2103 84 79 0 0
1699 U 1331 92 84 0 0
1699 U 1260 93 79 0 0
1699 U 4805 84 93 0 0
1699 U 4784 81 79 0 0
1699 U 22 81 82 0 0
1699 U 2152 91 90 0 0
1699 U 35 93 94 0 0
1699 U 1356 89 85 0 0
1699 U 65 90 89 0 0
1699 U 4820 92 85 0 0
1699 U 5047 91 85 0 0
1699 U 79 92 91 1 0
1699 U 2161 95 101 0 0
1699 U 4687 111 95 0 0
1699 U 1334 101 111 0 0
1699 U 1172 99 95 0 0
1699 U 2192 111 99 0 0
1699 U 2159 105 95 0 0
1699 U 4713 99 105 0 0
1699 U 4683 103 95 0 0
1699 U 1360 105 103 0 0
1699 U 1180 108 95 0 0
1699 U 2206 103 108 0 0
1699 U 4723 108 101 0 0
1699 U 2177 97 102 0 0
1699 U 4707 110 97 0 0
1699 U 1325 102 110 0 0
1699 U 1256 106 97 0 0
1699 U 2215 110 106 0 0
1699 U 2175 100 97 0 0
1699 U 4703 99 97 0 0
1699 U 21 100 99 1 0
1699 U 1264 111 97 0 0
1699 U 4728 111 102 0 0
1699 U 2225 108 109 0 0
1699 U 37 112 111 0 0
1699 U 4737 103 110 0 0
1699 U 1352 107 103 0 0
1699 U 63 107 108 0 0
1699 U 5056 109 103 0 0
1699 U 80 109 110 0 0
1699 Q 90 732 90 732 0 0 0 0 -1 0
1699 Q 350 1124 350 1124 0 0 0 0 0 0
1699 Q 102 3728 154 3726 0 0 0 0 0 0
1699 Q 592 1316 367 1314 0 0 0 0 0 0
1699 Q 730 864 501 862 0 0 0 0 1 0
1699 Q 250 1244 153 1246 0 0 0 0 0 0
1699 Q 1342 600 1342 600 0 0 0 0 0 0
1699 Q 7 1544 236 1538 0 0 0 0 1 0
1699 Q 234 1548 234 1548 0 0 0 0 0 0
1699 Q 82 1987 2 2053 0 -1 0 0 -1 0
1699 Q 1 2359 1 2359 1 -1 -1 1 0 1
1699 Q 0 2232 101 2234 0 0 0 0 0 0
1699 Q 2155 104 2077 0 0 0 0 0 0 0
1699 Q 103 29 102 28 0 0 0 0 0 0
1699 Q 122 1300 367 1302 0 0 0 0 0 0
1699 Q 1444 186 1444 186 0 0 0 0 0 0
1699 Q 2011 250 1941 0 0 0 0 0 0 0
1699 Q 82 1345 599 1346 0 0 -1 0 0 0
1699 Q 600 3724 1 3722 0 -1 1 0 0 0
1699 Q 2995 7 2937 0 0 0 0 0 -1 0
1699 Q 501 2436 7 2521 0 0 0 0 0 0
1699 Q 3149 1403 153 1401 0 0 0 0 0 0
1699 Q 2302 740 2302 740 0 0 0 0 0 0
1699 Q 518 784 518 784 0 0 0 0 0 0
1699 Q 402 2387 153 2473 0 0 0 0 0 0
1699 Q 122 2504 591 2413 0 0 0 0 0 0
1699 Q 1707 518 1589 160 0 0 0 0 0 0
1699 Q 1991 155 2058 600 0 0 0 0 0 0
1699 Q 2955 123 3010 160 0 0 0 0 0 0
1699 Q 4167 85 4167 85 1 0 -1 0 0 0
1699 Q 86 49 85 45 -1 0 0 0 -1 0
