1747 A 17 0 9 -1 -9 1
1747 A 19 0 1 -2 -1 2
1747 A -1 1 -208 0 208 0
1747 A 0 1 -208 0 208 0
1747 A -8 1 -78 -1 78 1
1747 A 7 1 79 -1 -79 1
1747 A -10 1 -124 -3 124 3
1747 A 9 1 127 -3 -127 3
1747 A 23 0 1 -2 -1 2
1747 A -19 1 -153 -7 153 7
1747 A 18 1 160 -7 -160 7
1747 A 34 0 25 -16 -25 16
1747 A 38 0 1 -2 -1 2
1747 A 7 0 4 -1 4 -1
1747 A 9 0 1 -2 1 -2
1747 A 11 0 7 -3 7 -3
1747 A 17 0 2 -4 2 -4
1747 A 21 0 11 -1 11 -1
1747 A 21 0 4 -8 4 -8
1747 A 4 0 0 -1 1 -1
1747 A 4 0 -1 -1 -2 1
1747 A 5 0 0 -1 -2 2
1747 A 5 0 1 -1 0 2
1747 A 5 0 -1 -1 -2 1
1747 A 5 0 3 -1 1 -2
1747 A 5 0 -1 -2 3 -2
1747 A 6 0 0 -1 -1 1
1747 A 6 0 -1 -1 2 -1
1747 A 6 0 -2 -1 -3 1
1747 A 7 0 0 -1 -2 2
1747 A 7 0 1 -1 0 2
1747 A 7 0 -1 -1 -1 -3
1747 A 7 0 2 -1 4 -3
1747 A 7 0 -2 -1 -2 3
1747 A 7 0 3 -1 -1 3
1747 A 7 0 1 -2 2 3
1747 A 7 0 -1 -2 3 -2
1747 A 7 0 -2 -2 -4 2
1747 A 7 0 0 -3 -3 3
1747 A 8 0 0 -1 -3 3
1747 A 8 0 1 -1 0 3
1747 A 8 0 -1 -1 -2 1
1747 A 8 0 -2 -1 1 -3
1747 A 8 0 3 -1 2 -3
1747 A 8 0 -3 -1 4 -1
1747 A 8 0 -1 -3 4 -3
1747 A 8 0 -2 -3 -5 3
1747 A 9 0 0 -1 2 -2
1747 A 9 0 1 -1 0 -2
1747 A 9 0 -1 -1 -1 -4
1747 A 9 0 2 -1 5 -4
1747 A 9 0 -2 -1 -3 4
1747 A 9 0 3 -1 -1 4
1747 A 9 0 -3 -1 -4 1
1747 A 9 0 5 -1 2 -4
1747 A 9 0 -1 -2 6 -4
1747 A 9 0 3 -2 -2 -4
1747 A 9 0 -2 -2 4 -2
1747 A 9 0 -3 -2 -5 2
1747 A 9 0 0 -4 -4 4
1747 A 10 0 0 -1 3 -3
1747 A 10 0 1 -1 0 -3
1747 A 10 0 -1 -1 -2 1
1747 A 10 0 -2 -1 1 3
1747 A 10 0 3 -1 -4 3
1747 A 10 0 -3 -1 -4 1
1747 A 10 0 -4 -1 5 -3
1747 A 10 0 5 -1 -2 -3
1747 A 10 0 1 -3 2 -3
1747 A 10 0 -3 -3 6 -3
1747 A 11 0 0 -1 -4 4
1747 A 11 0 1 -1 0 4
1747 A 11 0 -1 -1 -2 1
1747 A 11 0 -2 -1 1 -4
1747 A 11 0 3 -1 3 -4
1747 A 11 0 -3 -1 -2 -5
1747 A 11 0 4 -1 7 -5
1747 A 11 0 -4 -1 -1 -2
1747 A 11 0 5 -1 3 -2
1747 A 11 0 6 -1 -1 2
1747 A 11 0 0 -2 -2 2
1747 A 11 0 -2 -2 -1 -5
1747 A 11 0 4 -2 6 -5
1747 A 11 0 -3 -2 -2 3
1747 A 11 0 5 -2 -1 3
1747 A 11 0 -4 -2 6 -2
1747 A 11 0 0 -3 -5 5
1747 A 11 0 3 -3 0 5
1747 A 11 0 -1 -3 -4 3
1747 A 11 0 -2 -3 1 -5
1747 A 11 0 5 -3 4 -5
1747 A 11 0 -3 -3 3 4
1747 A 11 0 6 -3 -7 4
1747 A 11 0 2 -4 8 -5
1747 A 11 0 -1 -4 5 -4
1747 A 11 0 -2 -4 -2 5
1747 A 11 0 6 -4 -3 5
1747 A 12 0 0 -1 5 -5
1747 A 12 0 1 -1 0 -5
1747 A 12 0 -1 -1 2 5
1747 A 12 0 2 -1 -7 5
1747 A 12 0 -2 -1 -3 1
1747 A 12 0 -3 -1 8 -5
1747 A 12 0 4 -1 -3 -5
1747 A 12 0 -4 -1 5 -1
1747 A 12 0 -5 -1 -6 1
1747 A 12 0 2 -5 -3 5
1747 A 12 0 1 -5 4 -5
1747 A 12 0 -1 -5 -6 5
1747 A 13 0 0 -1 5 -5
1747 A 13 0 1 -1 0 -5
1747 A 13 0 -1 -1 8 -4
1747 A 13 0 2 -1 -4 -4
1747 A 13 0 -2 -1 3 -1
1747 A 13 0 -3 -1 -5 -2
1747 A 13 0 4 -1 7 -2
1747 A 13 0 -4 -1 -4 6
1747 A 13 0 5 -1 -2 6
1747 A 13 0 -5 -1 -6 1
1747 A 13 0 7 -1 3 -6
1747 A 13 0 1 -2 8 -3
1747 A 13 0 0 -2 -4 4
1747 A 13 0 2 -2 0 4
1747 A 13 0 -1 -2 9 -6
1747 A 13 0 3 -2 -3 -6
1747 A 13 0 -2 -2 4 -2
1747 A 13 0 -3 -2 -1 3
1747 A 13 0 5 -2 -2 3
1747 A 13 0 -4 -2 -5 6
1747 A 13 0 6 -2 -1 6
1747 A 13 0 0 -3 6 -6
1747 A 13 0 3 -3 0 -6
1747 A 13 0 -1 -3 -2 -5
1747 A 13 0 4 -3 7 -5
1747 A 13 0 -2 -3 -2 -4
1747 A 13 0 5 -3 6 -4
1747 A 13 0 -3 -3 -6 3
1747 A 13 0 -4 -3 -5 4
1747 A 13 0 7 -3 1 4
1747 A 13 0 2 -4 4 5
1747 A 13 0 1 -4 2 6
1747 A 13 0 3 -4 -8 6
1747 A 13 0 -3 -4 -1 -5
1747 A 13 0 7 -4 6 -5
1747 A 13 0 2 -5 -3 5
1747 A 13 0 1 -5 4 -5
1747 A 13 0 -3 -5 7 -6
1747 A 13 0 8 -5 -1 -6
1747 A 14 0 0 -1 5 -5
1747 A 14 0 1 -1 0 -5
1747 A 14 0 -1 -1 6 -3
1747 A 14 0 2 -1 -3 -3
1747 A 14 0 -2 -1 5 3
1747 A 14 0 3 -1 -8 3
1747 A 14 0 -3 -1 4 -1
1747 A 14 0 -4 -1 -1 3
1747 A 14 0 5 -1 -2 3
1747 A 14 0 -5 -1 4 -3
1747 A 14 0 6 -1 -1 -3
1747 A 14 0 -6 -1 7 -5
1747 A 14 0 7 -1 -2 -5
1747 A 14 0 0 -3 -3 3
1747 A 14 0 -2 -3 -1 -5
1747 A 14 0 5 -3 6 -5
1747 A 14 0 -4 -3 -7 3
1747 A 14 0 2 -5 -3 5
1747 A 14 0 1 -5 4 -5
1747 A 14 0 -3 -5 8 -5
1747 A 14 0 -4 -5 -9 5
1747 A 15 0 0 -1 -7 7
1747 A 15 0 1 -1 0 7
1747 A 15 0 -1 -1 8 -4
1747 A 15 0 2 -1 -4 -4
1747 A 15 0 -2 -1 6 -2
1747 A 15 0 3 -1 -4 -2
1747 A 15 0 -3 -1 -4 1
1747 A 15 0 -4 -1 5 2
1747 A 15 0 5 -1 -7 2
1747 A 15 0 -5 -1 3 7
1747 A 15 0 6 -1 -10 7
1747 A 15 0 -6 -1 -7 1
1747 A 15 0 8 -1 11 -7
1747 A 15 0 1 -2 -2 4
1747 A 15 0 0 -2 4 -4
1747 A 15 0 2 -2 0 -4
1747 A 15 0 -1 -2 3 -7
1747 A 15 0 3 -2 4 -7
1747 A 15 0 -2 -2 4 -2
1747 A 15 0 -3 -2 -5 -4
1747 A 15 0 5 -2 9 -4
1747 A 15 0 -6 -2 -2 -7
1747 A 15 0 8 -2 9 -7
1747 A 15 0 1 -4 -3 4
1747 A 15 0 -1 -4 5 -7
1747 A 15 0 5 -4 2 -7
1747 A 15 0 -2 -4 -6 4
1747 A 15 0 -3 -4 -1 7
1747 A 15 0 7 -4 -6 7
1747 A 15 0 -1 -7 8 -7
1747 A 16 0 0 -1 -3 3
1747 A 16 0 1 -1 0 3
1747 A 16 0 -1 -1 -2 -7
1747 A 16 0 2 -1 9 -7
1747 A 16 0 -2 -1 9 -3
1747 A 16 0 3 -1 -6 -3
1747 A 16 0 -3 -1 4 -1
1747 A 16 0 -4 -1 -3 7
1747 A 16 0 5 -1 -4 7
1747 A 16 0 -5 -1 2 5
1747 A 16 0 6 -1 -7 5
1747 A 16 0 -6 -1 -7 1
1747 A 16 0 -7 -1 8 -5
1747 A 16 0 8 -1 -3 -5
1747 A 16 0 1 -3 -10 7
1747 A 16 0 2 -3 3 7
1747 A 16 0 -1 -3 4 -3
1747 A 16 0 -2 -3 3 -5
1747 A 16 0 5 -3 2 -5
1747 A 16 0 -3 -3 -6 3
1747 A 16 0 -4 -3 -1 5
1747 A 16 0 7 -3 -4 5
1747 A 16 0 -5 -3 8 -7
1747 A 16 0 8 -3 -1 -7
1747 A 16 0 0 -5 -7 7
1747 A 16 0 5 -5 0 7
1747 A 16 0 -1 -5 2 -7
1747 A 16 0 6 -5 5 -7
1747 A 16 0 -4 -5 9 -5
1747 A 16 0 -5 -5 -10 5
1747 A 16 0 1 -7 -6 7
1747 A 16 0 -4 -7 11 -7
1747 A 17 0 0 -1 -7 7
1747 A 17 0 1 -1 0 7
1747 A 17 0 -1 -1 5 6
1747 A 17 0 2 -1 -11 6
1747 A 17 0 -2 -1 3 -1
1747 A 17 0 -3 -1 3 -5
1747 A 17 0 4 -1 2 -5
1747 A 17 0 -4 -1 6 -8
1747 A 17 0 5 -1 2 -8
1747 A 17 0 -5 -1 5 2
1747 A 17 0 6 -1 -7 2
1747 A 17 0 -6 -1 8 -6
1747 A 17 0 7 -1 -2 -6
1747 A 17 0 1 -2 4 -8
1747 A 17 0 0 -2 5 -5
1747 A 17 0 2 -2 0 -5
1747 A 17 0 -2 -2 -6 3
1747 A 17 0 4 -2 3 3
1747 A 17 0 -3 -2 -1 -3
1747 A 17 0 5 -2 4 -3
1747 A 17 0 -4 -2 -7 8
1747 A 17 0 6 -2 -1 8
1747 A 17 0 -6 -2 -7 6
1747 A 17 0 8 -2 1 6
1747 A 17 0 -7 -2 1 -4
1747 A 17 0 9 -2 3 -4
1747 A 17 0 1 -3 9 -5
1747 A 17 0 2 -3 -4 -5
1747 A 17 0 0 -3 -8 8
1747 A 17 0 3 -3 0 8
1747 A 17 0 -2 -3 -5 3
1747 A 17 0 -5 -3 -5 4
1747 A 17 0 8 -3 1 4
1747 A 17 0 -6 -3 1 -6
1747 A 17 0 9 -3 5 -6
1747 A 17 0 10 -3 -3 6
1747 A 17 0 0 -4 -6 6
1747 A 17 0 4 -4 0 6
1747 A 17 0 -3 -4 -3 -8
1747 A 17 0 7 -4 11 -8
1747 A 17 0 -4 -4 -3 -7
1747 A 17 0 8 -4 10 -7
1747 A 17 0 -5 -4 -9 4
1747 A 17 0 -6 -4 -9 7
1747 A 17 0 10 -4 2 7
1747 A 17 0 1 -5 3 -8
1747 A 17 0 4 -5 5 -8
1747 A 17 0 -2 -5 3 -7
1747 A 17 0 7 -5 4 -7
1747 A 17 0 -3 -5 8 -5
1747 A 17 0 -5 -5 1 8
1747 A 17 0 10 -5 -9 8
1747 A 17 0 11 -5 5 7
1747 A 17 0 2 -6 -4 6
1747 A 17 0 -4 -6 6 -7
1747 A 17 0 10 -6 1 -7
1747 A 17 0 -1 -7 8 -7
1747 A 17 0 -4 -7 -2 -8
1747 A 17 0 11 -7 10 -8
1747 A 18 0 0 -1 -7 7
1747 A 18 0 1 -1 0 7
1747 A 18 0 -1 -1 -10 5
1747 A 18 0 2 -1 5 5
1747 A 18 0 -2 -1 -3 -5
1747 A 18 0 3 -1 8 -5
1747 A 18 0 -3 -1 -4 1
1747 A 18 0 -4 -1 -7 5
1747 A 18 0 5 -1 2 5
1747 A 18 0 -5 -1 -6 1
1747 A 18 0 -6 -1 -1 -5
1747 A 18 0 7 -1 6 -5
1747 A 18 0 -7 -1 -4 5
1747 A 18 0 8 -1 -1 5
1747 A 18 0 -8 -1 -9 7
1747 A 18 0 9 -1 2 7
1747 A 18 0 2 -5 -3 -7
1747 A 18 0 3 -5 10 -7
1747 A 18 0 0 -5 -5 5
1747 A 18 0 -4 -5 -9 5
1747 A 18 0 -6 -5 1 -7
1747 A 18 0 11 -5 6 -7
1747 A 18 0 3 -7 -4 7
1747 A 18 0 2 -7 5 -7
1747 A 18 0 -1 -7 8 -7
1747 A 18 0 -4 -7 11 -7
1747 A 18 0 -5 -7 -12 7
1747 A 19 0 -1 -1 1 9
1747 A 19 0 2 -1 -10 9
1747 A 19 0 -2 -1 -9 3
1747 A 19 0 3 -1 6 3
1747 A 19 0 -3 -1 13 -8
1747 A 19 0 4 -1 -5 -8
1747 A 19 0 -4 -1 5 -1
1747 A 19 0 -5 -1 4 -7
1747 A 19 0 6 -1 3 -7
1747 A 19 0 -6 -1 -3 -5
1747 A 19 0 7 -1 8 -5
1747 A 19 0 -7 -1 -8 1
1747 A 19 0 -8 -1 -7 5
1747 A 19 0 9 -1 2 5
1747 A 19 0 10 -1 -2 4
1747 A 19 0 -1 -2 1 -7
1747 A 19 0 3 -2 6 -7
1747 A 19 0 -2 -2 10 -5
1747 A 19 0 4 -2 -5 -5
1747 A 19 0 -3 -2 13 -9
1747 A 19 0 5 -2 -4 -9
1747 A 19 0 -4 -2 5 -8
1747 A 19 0 6 -2 3 -8
1747 A 19 0 -5 -2 4 7
1747 A 19 0 7 -2 -11 7
1747 A 19 0 -6 -2 -3 -4
1747 A 19 0 8 -2 7 -4
1747 A 19 0 -7 -2 -8 6
1747 A 19 0 9 -2 2 6
1747 A 19 0 -8 -2 -7 9
1747 A 19 0 10 -2 -2 9
1747 A 19 0 1 -3 -1 -8
1747 A 19 0 2 -3 9 -8
1747 A 19 0 -1 -3 1 4
1747 A 19 0 4 -3 -5 4
1747 A 19 0 -2 -3 10 -6
1747 A 19 0 5 -3 -4 -6
1747 A 19 0 -3 -3 -6 3
1747 A 19 0 -4 -3 5 6
1747 A 19 0 7 -3 -11 6
1747 A 19 0 -5 -3 4 8
1747 A 19 0 8 -3 -12 8
1747 A 19 0 -7 -3 11 -9
1747 A 19 0 10 -3 -2 -9
1747 A 19 0 11 -3 12 -5
1747 A 19 0 1 -4 -1 -5
1747 A 19 0 3 -4 6 -5
1747 A 19 0 -2 -4 -9 6
1747 A 19 0 6 -4 3 6
1747 A 19 0 -4 -4 5 7
1747 A 19 0 8 -4 -12 7
1747 A 19 0 -5 -4 4 -6
1747 A 19 0 9 -4 2 -6
1747 A 19 0 -6 -4 -3 5
1747 A 19 0 10 -4 -2 5
1747 A 19 0 -7 -4 11 -4
1747 A 19 0 1 -5 -1 6
1747 A 19 0 4 -5 -5 6
1747 A 19 0 -4 -5 5 -7
1747 A 19 0 9 -5 2 -7
1747 A 19 0 -6 -5 -3 -9
1747 A 19 0 11 -5 12 -9
1747 A 19 0 3 -6 6 7
1747 A 19 0 -1 -6 1 -9
1747 A 19 0 7 -6 8 -9
1747 A 19 0 -6 -6 -3 -8
1747 A 19 0 12 -6 11 -8
1747 A 19 0 -1 -7 1 -8
1747 A 19 0 8 -7 7 -8
1747 A 19 0 -2 -7 -9 7
1747 A 19 0 -3 -7 -6 8
1747 A 19 0 10 -7 -2 8
1747 A 19 0 4 -8 14 -9
1747 A 19 0 -2 -8 10 -8
1747 A 19 0 4 -9 -5 9
1747 A 19 0 3 -9 6 -9
1747 A 20 0 0 -1 -7 7
1747 A 20 0 1 -1 0 7
1747 A 20 0 -1 -1 -2 1
1747 A 20 0 -2 -1 1 -7
1747 A 20 0 3 -1 6 -7
1747 A 20 0 -3 -1 -4 -9
1747 A 20 0 4 -1 13 -9
1747 A 20 0 -4 -1 5 7
1747 A 20 0 5 -1 -12 7
1747 A 20 0 -5 -1 -2 -3
1747 A 20 0 6 -1 5 -3
1747 A 20 0 -6 -1 -7 1
1747 A 20 0 -7 -1 -4 3
1747 A 20 0 8 -1 1 3
1747 A 20 0 -8 -1 1 -9
1747 A 20 0 9 -1 8 -9
1747 A 20 0 -9 -1 10 -3
1747 A 20 0 10 -1 -7 -3
1747 A 20 0 1 -3 2 7
1747 A 20 0 2 -3 -9 7
1747 A 20 0 0 -3 -9 9
1747 A 20 0 3 -3 0 9
1747 A 20 0 -3 -3 6 7
1747 A 20 0 6 -3 -13 7
1747 A 20 0 -4 -3 7 -3
1747 A 20 0 -5 -3 -4 9
1747 A 20 0 8 -3 -5 9
1747 A 20 0 -6 -3 7 -9
1747 A 20 0 9 -3 2 -9
1747 A 20 0 -8 -3 11 -3
1747 A 20 0 3 -7 4 -7
1747 A 20 0 2 -7 -5 -9
1747 A 20 0 5 -7 14 -9
1747 A 20 0 -1 -7 8 -7
1747 A 20 0 -3 -7 10 -9
1747 A 20 0 10 -7 -1 -9
1747 A 20 0 -4 -7 3 9
1747 A 20 0 11 -7 -12 9
1747 A 20 0 3 -9 -6 9
1747 A 20 0 -2 -9 -11 9
1747 A -1 1 -21 0 -104 0
1747 A -1 1 -22 0 -139 0
1747 A -1 1 -24 0 -91 0
1747 A -1 1 -25 0 35 0
1747 A -1 1 -42 0 -52 0
1747 A -1 1 -45 0 68 0
1747 A -1 1 -47 0 93 0
1747 A -1 1 -59 0 200 0
1747 A -1 1 -66 0 -192 0
1747 A -1 1 -70 0 -206 0
1747 A -1 1 -81 0 -205 0
1747 A -1 1 -83 0 -179 0
1747 A -1 1 -99 0 -128 0
1747 A -1 1 -116 0 162 0
1747 A -1 1 -122 0 -197 0
1747 A -1 1 -137 0 -185 0
1747 A -1 1 -155 0 203 0
1747 A -1 1 -157 0 -167 0
1747 A -1 1 -160 0 183 0
1747 A 0 1 -21 0 -104 0
1747 A 0 1 -22 0 -139 0
1747 A 0 1 -24 0 -91 0
1747 A 0 1 -25 0 35 0
1747 A 0 1 -42 0 -52 0
1747 A 0 1 -45 0 68 0
1747 A 0 1 -47 0 93 0
1747 A 0 1 -59 0 200 0
1747 A 0 1 -66 0 -192 0
1747 A 0 1 -70 0 -206 0
1747 A 0 1 -81 0 -205 0
1747 A 0 1 -83 0 -179 0
1747 A 0 1 -99 0 -128 0
1747 A 0 1 -116 0 162 0
1747 A 0 1 -122 0 -197 0
1747 A 0 1 -137 0 -185 0
1747 A 0 1 -155 0 203 0
1747 A 0 1 -157 0 -167 0
1747 A 0 1 -160 0 183 0
1747 A -2 1 -21 0 -207 -1
1747 A -2 1 -24 0 -128 0
1747 A -2 1 -25 0 -156 -1
1747 A -2 1 -35 0 138 0
1747 A -2 1 -38 0 104 0
1747 A -2 1 -42 0 115 0
1747 A -2 1 -51 0 196 1
1747 A -2 1 -57 0 -77 0
1747 A -2 1 -60 0 -139 0
1747 A -2 1 -83 0 199 1
1747 A -2 1 -92 0 -165 -1
1747 A -2 1 -93 0 -118 0
1747 A -2 1 -95 0 -134 0
1747 A -2 1 -100 0 178 1
1747 A -2 1 -116 0 -191 -1
1747 A -2 1 -152 -1 189 1
1747 A 1 1 -21 0 -208 1
1747 A 1 1 -24 0 -128 0
1747 A 1 1 -25 0 -157 1
1747 A 1 1 -35 0 138 0
1747 A 1 1 -38 0 104 0
1747 A 1 1 -42 0 115 0
1747 A 1 1 -51 0 197 -1
1747 A 1 1 -57 0 -77 0
1747 A 1 1 -60 0 -139 0
1747 A 1 1 -83 0 200 -1
1747 A 1 1 -92 0 -166 1
1747 A 1 1 -93 0 -118 0
1747 A 1 1 -95 0 -134 0
1747 A 1 1 -100 0 179 -1
1747 A 1 1 -116 0 -192 1
1747 A 1 1 153 -1 -190 1
1747 A 21 0 -2 -1 -9 10
1747 A 21 0 3 -1 -1 10
1747 A 21 0 -3 -1 11 -8
1747 A 21 0 4 -1 -3 -8
1747 A 21 0 -4 -1 -1 -4
1747 A 21 0 5 -1 5 -4
1747 A 21 0 -5 -1 -3 4
1747 A 21 0 6 -1 -1 4
1747 A 21 0 -6 -1 -7 -5
1747 A 21 0 7 -1 12 -5
1747 A 21 0 -7 -1 5 2
1747 A 21 0 8 -1 -7 2
1747 A 21 0 -8 -1 6 4
1747 A 21 0 9 -1 -10 4
1747 A 21 0 -9 -1 5 10
1747 A 21 0 10 -1 -15 10
1747 A 21 0 1 -2 -5 10
1747 A 21 0 0 -2 -8 8
1747 A 21 0 2 -2 0 8
1747 A 21 0 -1 -2 3 5
1747 A 21 0 3 -2 -8 5
1747 A 21 0 -2 -2 10 -5
1747 A 21 0 4 -2 -5 -5
1747 A 21 0 -3 -2 -5 2
1747 A 21 0 -4 -2 6 5
1747 A 21 0 6 -2 -11 5
1747 A 21 0 -6 -2 -5 -4
1747 A 21 0 8 -2 9 -4
1747 A 21 0 -7 -2 6 8
1747 A 21 0 9 -2 -14 8
1747 A 21 0 -8 -2 10 -2
1747 A 21 0 -9 -2 -11 2
1747 A 21 0 2 -4 8 5
1747 A 21 0 0 -4 -4 4
1747 A 21 0 -2 -4 12 -8
1747 A 21 0 6 -4 -4 -8
1747 A 21 0 -3 -4 -7 4
1747 A 21 0 -4 -4 5 8
1747 A 21 0 8 -4 -13 8
1747 A 21 0 -7 -4 -4 -10
1747 A 21 0 11 -4 14 -10
1747 A 21 0 -8 -4 3 -8
1747 A 21 0 12 -4 5 -8
1747 A 21 0 2 -5 -3 5
1747 A 21 0 1 -5 4 -5
1747 A 21 0 -1 -5 12 -10
1747 A 21 0 6 -5 -2 -10
1747 A 21 0 -2 -5 7 -8
1747 A 21 0 7 -5 1 -8
1747 A 21 0 -4 -5 -9 5
1747 A 21 0 2 -8 -3 -10
1747 A 21 0 6 -8 13 -10
1747 A 21 0 -1 -8 6 -10
1747 A 21 0 9 -8 4 -10
1747 A 21 0 -2 -8 -2 10
1747 A 21 0 10 -8 -8 10
1747 A 21 0 3 -10 -7 10
1747 A -3 1 -22 0 138 1
1747 A -3 1 -23 0 -77 0
1747 A -3 1 -24 0 -200 -1
1747 A -3 1 -42 0 -113 -1
1747 A -3 1 -53 0 -114 -1
1747 A -3 1 -58 0 -84 0
1747 A -3 1 -60 0 93 1
1747 A -3 1 -67 0 -116 -1
1747 A -3 1 -98 -1 190 1
1747 A -3 1 -102 -1 -132 -1
1747 A -3 1 -128 -1 183 1
1747 A -3 1 -166 -1 -170 -1
1747 A -3 1 -184 -1 196 1
1747 A -3 1 -192 -1 -206 -1
1747 A 2 1 -22 0 139 -1
1747 A 2 1 -23 0 -77 0
1747 A 2 1 -24 0 -201 1
1747 A 2 1 -42 0 -114 1
1747 A 2 1 -53 0 -115 1
1747 A 2 1 -58 0 -84 0
1747 A 2 1 -60 0 94 -1
1747 A 2 1 -67 0 -117 1
1747 A 2 1 99 -1 -191 1
1747 A 2 1 103 -1 133 -1
1747 A 2 1 129 -1 -184 1
1747 A 2 1 167 -1 171 -1
1747 A 2 1 185 -1 -197 1
1747 A 2 1 193 -1 207 -1
1747 A -4 1 -22 0 -98 -1
1747 A -4 1 -23 0 -39 0
1747 A -4 1 -24 0 127 1
1747 A -4 1 -36 0 -204 -2
1747 A -4 1 -43 0 90 1
1747 A -4 1 -52 0 91 1
1747 A -4 1 -59 0 133 1
1747 A -4 1 -61 0 -180 -1
1747 A -4 1 -74 -1 205 2
1747 A -4 1 -76 -1 170 1
1747 A -4 1 -81 -1 -198 -2
1747 A -4 1 -117 -1 -137 -1
1747 A -4 1 -171 -1 187 2
1747 A 3 1 -22 0 -99 1
1747 A 3 1 -23 0 -39 0
1747 A 3 1 -24 0 128 -1
1747 A 3 1 -36 0 -206 2
1747 A 3 1 -43 0 91 -1
1747 A 3 1 -52 0 92 -1
1747 A 3 1 -59 0 134 -1
1747 A 3 1 -61 0 -181 1
1747 A 3 1 75 -1 -207 2
1747 A 3 1 77 -1 -171 1
1747 A 3 1 82 -1 200 -2
1747 A 3 1 118 -1 138 -1
1747 A 3 1 172 -1 -189 2
1747 A -5 1 -22 0 177 2
1747 A -5 1 -26 0 -118 -1
1747 A -5 1 -34 0 116 1
1747 A -5 1 -40 0 75 1
1747 A -5 1 -48 -1 64 1
1747 A -5 1 -55 -1 -94 -1
1747 A -5 1 -57 -1 -189 -2
1747 A -5 1 -99 -1 -140 -1
1747 A -5 1 -115 -1 169 2
1747 A -5 1 -134 -1 207 2
1747 A -5 1 -183 -2 -196 -2
1747 A -5 1 -191 -2 206 2
1747 A 4 1 -22 0 179 -2
1747 A 4 1 -26 0 -119 1
1747 A 4 1 -34 0 117 -1
1747 A 4 1 -40 0 76 -1
1747 A 4 1 49 -1 -65 1
1747 A 4 1 56 -1 95 -1
1747 A 4 1 58 -1 191 -2
1747 A 4 1 100 -1 141 -1
1747 A 4 1 116 -1 -171 2
1747 A 4 1 135 -1 -209 2
1747 A 4 1 185 -2 198 -2
1747 A 4 1 193 -2 -208 2
1747 A -6 1 -22 0 -179 -2
1747 A -6 1 -23 0 -191 -2
1747 A -6 1 -24 0 -196 -3
1747 A -6 1 -25 0 -50 -1
1747 A -6 1 -37 0 95 1
1747 A -6 1 -41 0 -193 -2
1747 A -6 1 -38 -1 126 2
1747 A -6 1 -48 -1 -135 -2
1747 A -6 1 -55 -1 -204 -3
1747 A -6 1 -75 -1 -92 -1
1747 A -6 1 -93 -1 199 3
1747 A -6 1 -100 -1 -151 -2
1747 A -6 1 -105 -1 -116 -1
1747 A -6 1 -124 -2 170 2
1747 A -6 1 -130 -2 136 2
1747 A -6 1 -133 -2 -201 -3
1747 A -6 1 -152 -2 -156 -2
1747 A 5 1 -22 0 -181 2
1747 A 5 1 -23 0 -193 2
1747 A 5 1 -24 0 -199 3
1747 A 5 1 -25 0 -51 1
1747 A 5 1 -37 0 96 -1
1747 A 5 1 -41 0 -195 2
1747 A 5 1 39 -1 -128 2
1747 A 5 1 49 -1 137 -2
1747 A 5 1 56 -1 207 -3
1747 A 5 1 76 -1 93 -1
1747 A 5 1 94 -1 -202 3
1747 A 5 1 101 -1 153 -2
1747 A 5 1 106 -1 117 -1
1747 A 5 1 126 -2 -172 2
1747 A 5 1 132 -2 -138 2
1747 A 5 1 135 -2 204 -3
1747 A 5 1 154 -2 158 -2
1747 A -7 1 -22 0 175 3
1747 A -7 1 -23 0 111 2
1747 A -7 1 -26 0 115 2
1747 A -7 1 -29 0 -33 0
1747 A -7 1 -31 -1 -56 -1
1747 A -7 1 -35 -1 -50 -1
1747 A -7 1 -39 -1 -163 -2
1747 A -7 1 -44 -1 -195 -3
1747 A -7 1 -58 -1 -126 -2
1747 A -7 1 -68 -1 177 3
1747 A -7 1 -69 -1 187 3
1747 A -7 1 -77 -1 190 3
1747 A -7 1 -82 -1 169 2
1747 A -7 1 -84 -1 -93 -1
1747 A -7 1 -97 -1 138 2
1747 A -7 1 -102 -1 153 2
1747 A -7 1 -120 -2 -154 -2
1747 A -7 1 -132 -2 -166 -3
1747 A -7 1 -158 -2 -199 -3
1747 A 6 1 -22 0 178 -3
1747 A 6 1 -23 0 113 -2
1747 A 6 1 -26 0 117 -2
1747 A 6 1 -29 0 -33 0
1747 A 6 1 32 -1 57 -1
1747 A 6 1 36 -1 51 -1
1747 A 6 1 40 -1 165 -2
1747 A 6 1 45 -1 198 -3
1747 A 6 1 59 -1 128 -2
1747 A 6 1 69 -1 -180 3
1747 A 6 1 70 -1 -190 3
1747 A 6 1 78 -1 -193 3
1747 A 6 1 83 -1 -171 2
1747 A 6 1 85 -1 94 -1
1747 A 6 1 98 -1 -140 2
1747 A 6 1 103 -1 -155 2
1747 A 6 1 122 -2 156 -2
1747 A 6 1 134 -2 169 -3
1747 A 6 1 160 -2 202 -3
1747 A 22 0 -7 -1 -4 -5
1747 A 22 0 8 -1 9 -5
1747 A 22 0 -8 -1 3 7
1747 A 22 0 9 -1 -10 7
1747 A 22 0 -9 -1 -10 1
1747 A 22 0 -10 -1 11 -7
1747 A 22 0 11 -1 -4 -7
1747 A 22 0 1 -3 6 -9
1747 A 22 0 2 -3 3 -9
1747 A 22 0 0 -3 -5 5
1747 A 22 0 3 -3 0 5
1747 A 22 0 -1 -3 -4 3
1747 A 22 0 -2 -3 1 -5
1747 A 22 0 5 -3 4 -5
1747 A 22 0 -4 -3 7 -3
1747 A 22 0 -5 -3 4 -7
1747 A 22 0 8 -3 3 -7
1747 A 22 0 -6 -3 -7 -5
1747 A 22 0 9 -3 12 -5
1747 A 22 0 -7 -3 -10 3
1747 A 22 0 -8 -3 -11 5
1747 A 22 0 11 -3 6 5
1747 A 22 0 -1 -5 -2 9
1747 A 22 0 6 -5 -7 9
1747 A 22 0 -3 -5 2 7
1747 A 22 0 8 -5 -9 7
1747 A 22 0 -8 -5 5 -7
1747 A 22 0 13 -5 2 -7
1747 A 22 0 1 -7 6 -7
1747 A 22 0 -5 -7 12 -7
1747 A 22 0 4 -9 5 -9
1747 A 22 0 -2 -9 -11 9
1747 A 22 0 -6 -9 15 -9
1747 A -8 1 -23 0 -134 -2
1747 A -8 1 -24 0 202 3
1747 A -8 1 -25 0 -122 -2
1747 A -8 1 -28 0 -80 -1
1747 A -8 1 -30 0 -99 -2
1747 A -8 1 -31 -1 153 3
1747 A -8 1 -35 -1 148 3
1747 A -8 1 -49 -1 149 3
1747 A -8 1 -51 -1 101 2
1747 A -8 1 -56 -1 184 3
1747 A -8 1 -59 -1 -87 -2
1747 A -8 1 -91 -2 -113 -2
1747 A -8 1 -117 -2 191 3
1747 A -8 1 -128 -2 178 3
1747 A -8 1 -130 -2 201 4
1747 A -8 1 -139 -2 -205 -3
1747 A -8 1 -151 -3 -199 -4
1747 A -8 1 -169 -3 -203 -4
1747 A -8 1 -193 -3 -202 -4
1747 A 7 1 -23 0 -136 2
1747 A 7 1 -24 0 205 -3
1747 A 7 1 -25 0 -124 2
1747 A 7 1 -28 0 -81 1
1747 A 7 1 -30 0 -101 2
1747 A 7 1 32 -1 -156 3
1747 A 7 1 36 -1 -151 3
1747 A 7 1 50 -1 -152 3
1747 A 7 1 52 -1 -103 2
1747 A 7 1 57 -1 -187 3
1747 A 7 1 60 -1 89 -2
1747 A 7 1 93 -2 115 -2
1747 A 7 1 119 -2 -194 3
1747 A 7 1 130 -2 -181 3
1747 A 7 1 132 -2 -205 4
1747 A 7 1 141 -2 208 -3
1747 A 7 1 154 -3 203 -4
1747 A 7 1 172 -3 207 -4
1747 A 7 1 196 -3 206 -4
1747 A -9 1 -23 0 -150 -3
1747 A -9 1 -24 0 -88 -2
1747 A -9 1 -25 0 188 4
1747 A -9 1 -26 0 -119 -2
1747 A -9 1 -29 0 131 3
1747 A -9 1 -26 -1 133 3
1747 A -9 1 -29 -1 58 1
1747 A -9 1 -32 -1 131 2
1747 A -9 1 -35 -1 72 1
1747 A -9 1 -39 -1 -44 -1
1747 A -9 1 -50 -1 -60 -1
1747 A -9 1 -52 -1 206 4
1747 A -9 1 -80 -1 -156 -3
1747 A -9 1 -93 -2 -161 -3
1747 A -9 1 -98 -2 -179 -4
1747 A -9 1 -115 -2 -172 -3
1747 A -9 1 -124 -2 197 4
1747 A -9 1 -128 -3 -207 -4
1747 A 8 1 -23 0 -153 3
1747 A 8 1 -24 0 -90 2
1747 A 8 1 -25 0 192 -4
1747 A 8 1 -26 0 -121 2
1747 A 8 1 -29 0 134 -3
1747 A 8 1 27 -1 -136 3
1747 A 8 1 30 -1 -59 1
1747 A 8 1 33 -1 -133 2
1747 A 8 1 36 -1 -73 1
1747 A 8 1 40 -1 45 -1
1747 A 8 1 51 -1 61 -1
1747 A 8 1 53 -1 -210 4
1747 A 8 1 81 -1 159 -3
1747 A 8 1 95 -2 164 -3
1747 A 8 1 100 -2 183 -4
1747 A 8 1 117 -2 175 -3
1747 A 8 1 126 -2 -201 4
1747 A 8 1 131 -3 211 -4
1747 A -10 1 -23 0 -202 -5
1747 A -10 1 -26 0 183 4
1747 A -10 1 -27 0 -29 -1
1747 A -10 1 -20 -1 103 2
1747 A -10 1 -22 -1 -207 -4
1747 A -10 1 -32 -1 -118 -2
1747 A -10 1 -36 -1 -106 -2
1747 A -10 1 -46 -1 130 3
1747 A -10 1 -51 -1 176 4
1747 A -10 1 -53 -1 -72 -2
1747 A -10 1 -59 -1 -64 -2
1747 A -10 1 -74 -2 -155 -3
1747 A -10 1 -78 -2 202 4
1747 A -10 1 -80 -2 155 4
1747 A -10 1 -81 -2 -100 -2
1747 A -10 1 -90 -2 -166 -4
1747 A -10 1 -94 -2 -205 -4
1747 A -10 1 -105 -2 126 3
1747 A -10 1 -112 -3 -137 -3
1747 A -10 1 -117 -3 -160 -3
1747 A -10 1 -138 -3 189 4
1747 A -10 1 -154 -3 192 4
1747 A -10 1 -178 -4 209 4
1747 A 9 1 -23 0 -207 5
1747 A 9 1 -26 0 187 -4
1747 A 9 1 -27 0 -30 1
1747 A 9 1 21 -1 -105 2
1747 A 9 1 23 -1 211 -4
1747 A 9 1 33 -1 120 -2
1747 A 9 1 37 -1 108 -2
1747 A 9 1 47 -1 -133 3
1747 A 9 1 52 -1 -180 4
1747 A 9 1 54 -1 74 -2
1747 A 9 1 60 -1 66 -2
1747 A 9 1 76 -2 158 -3
1747 A 9 1 80 -2 -206 4
1747 A 9 1 82 -2 -159 4
1747 A 9 1 83 -2 102 -2
1747 A 9 1 92 -2 170 -4
1747 A 9 1 96 -2 209 -4
1747 A 9 1 107 -2 -129 3
1747 A 9 1 115 -3 140 -3
1747 A 9 1 120 -3 163 -3
1747 A 9 1 141 -3 -193 4
1747 A 9 1 157 -3 -196 4
1747 A 9 1 182 -4 -213 4
1747 A 23 0 -10 -1 7 -9
1747 A 23 0 11 -1 2 -9
1747 A 23 0 12 -1 -2 4
1747 A 23 0 -1 -2 1 7
1747 A 23 0 3 -2 -8 7
1747 A 23 0 -3 -2 8 6
1747 A 23 0 5 -2 -14 6
1747 A 23 0 -4 -2 6 -2
1747 A 23 0 -5 -2 -9 -4
1747 A 23 0 7 -2 13 -4
1747 A 23 0 -9 -2 -5 3
1747 A 23 0 11 -2 2 3
1747 A 23 0 -10 -2 7 -5
1747 A 23 0 12 -2 -2 -5
1747 A 23 0 1 -3 -1 -10
1747 A 23 0 2 -3 11 -10
1747 A 23 0 -1 -3 1 5
1747 A 23 0 4 -3 -6 5
1747 A 23 0 -4 -3 6 4
1747 A 23 0 7 -3 -10 4
1747 A 23 0 -7 -3 10 -3
1747 A 23 0 13 -3 7 9
1747 A 23 0 1 -4 -1 9
1747 A 23 0 3 -4 -8 9
1747 A 23 0 -1 -4 1 -10
1747 A 23 0 5 -4 9 -10
1747 A 23 0 -2 -4 12 -8
1747 A 23 0 6 -4 -4 -8
1747 A 23 0 1 -5 -1 7
1747 A 23 0 4 -5 -6 7
1747 A 23 0 -3 -5 8 -5
1747 A 23 0 -4 -5 6 -11
1747 A 23 0 9 -5 5 -11
1747 A 23 0 14 -5 -5 10
1747 A 23 0 3 -6 15 -7
1747 A 23 0 -3 -6 -15 10
1747 A 23 0 9 -6 5 10
1747 A 23 0 4 -8 17 -11
1747 A 23 0 -3 -8 8 -10
1747 A 23 0 11 -8 2 -10
1747 A 23 0 -2 -9 -11 9
1747 A 23 0 -2 -10 12 -10
1747 A -11 1 -24 0 92 2
1747 A -11 1 -17 -1 199 5
1747 A -11 1 -33 -1 -65 -2
1747 A -11 1 -37 -1 46 1
1747 A -11 1 -52 -1 -147 -4
1747 A -11 1 -54 -1 79 2
1747 A -11 1 -63 -1 -137 -3
1747 A -11 1 -83 -2 -180 -4
1747 A -11 1 -98 -3 -183 -5
1747 A -11 1 -110 -3 -120 -3
1747 A -11 1 -114 -3 -127 -3
1747 A -11 1 -118 -3 148 4
1747 A -11 1 -129 -3 205 5
1747 A -11 1 -134 -3 -182 -4
1747 A -11 1 -139 -3 150 4
1747 A -11 1 -153 -4 -206 -5
1747 A -11 1 -158 -4 -186 -5
1747 A -11 1 -187 -4 -196 -5
1747 A 10 1 -24 0 94 -2
1747 A 10 1 18 -1 -204 5
1747 A 10 1 34 -1 67 -2
1747 A 10 1 38 -1 -47 1
1747 A 10 1 53 -1 151 -4
1747 A 10 1 55 -1 -81 2
1747 A 10 1 64 -1 140 -3
1747 A 10 1 85 -2 184 -4
1747 A 10 1 101 -3 188 -5
1747 A 10 1 113 -3 123 -3
1747 A 10 1 117 -3 130 -3
1747 A 10 1 121 -3 -152 4
1747 A 10 1 132 -3 -210 5
1747 A 10 1 137 -3 186 -4
1747 A 10 1 142 -3 -154 4
1747 A 10 1 157 -4 211 -5
1747 A 10 1 162 -4 191 -5
1747 A 10 1 191 -4 201 -5
1747 A -12 1 -24 0 130 3
1747 A -12 1 -13 -1 -67 -2
1747 A -12 1 -16 -1 49 1
1747 A -12 1 -17 -1 121 3
1747 A -12 1 -27 -1 -188 -5
1747 A -12 1 -30 -1 -113 -3
1747 A -12 1 -37 -1 -161 -4
1747 A -12 1 -47 -1 -99 -3
1747 A -12 1 -54 -1 -190 -5
1747 A -12 1 -56 -1 123 3
1747 A -12 1 -53 -2 -97 -3
1747 A -12 1 -54 -2 -88 -3
1747 A -12 1 -81 -2 132 3
1747 A -12 1 -85 -2 -201 -5
1747 A -12 1 -95 -2 -117 -3
1747 A -12 1 -100 -3 -157 -4
1747 A -12 1 -134 -4 212 5
1747 A -12 1 -174 -4 204 5
1747 A 11 1 -24 0 133 -3
1747 A 11 1 14 -1 69 -2
1747 A 11 1 17 -1 -50 1
1747 A 11 1 18 -1 -124 3
1747 A 11 1 28 -1 193 -5
1747 A 11 1 31 -1 116 -3
1747 A 11 1 38 -1 165 -4
1747 A 11 1 48 -1 102 -3
1747 A 11 1 55 -1 195 -5
1747 A 11 1 57 -1 -126 3
1747 A 11 1 55 -2 100 -3
1747 A 11 1 56 -2 91 -3
1747 A 11 1 83 -2 -135 3
1747 A 11 1 87 -2 206 -5
1747 A 11 1 97 -2 120 -3
1747 A 11 1 103 -3 161 -4
1747 A 11 1 138 -4 -217 5
1747 A 11 1 178 -4 -209 5
1747 A 24 0 -7 -5 -12 11
1747 A 24 0 12 -5 1 11
1747 A 24 0 2 -7 -1 11
1747 A 24 0 5 -7 -10 11
1747 A 24 0 -8 -7 3 -11
1747 A 24 0 15 -7 8 -11
1747 A 24 0 5 -11 -6 11
1747 A 24 0 4 -11 7 -11
1747 A 24 0 -3 -11 -14 11
1747 A -13 1 -12 -1 -127 -3
1747 A -13 1 -13 -1 -88 -2
1747 A -13 1 -16 -1 -132 -4
1747 A -13 1 -19 -1 200 6
1747 A -13 1 -28 -1 -136 -4
1747 A -13 1 -31 -1 -205 -6
1747 A -13 1 -34 -1 -125 -3
1747 A -13 1 -39 -1 -44 -1
1747 A -13 1 -50 -1 -121 -3
1747 A -13 1 -56 -1 -197 -6
1747 A -13 1 -58 -1 103 3
1747 A -13 1 -62 -2 116 3
1747 A -13 1 -69 -2 154 4
1747 A -13 1 -80 -2 155 4
1747 A -13 1 -84 -2 85 3
1747 A -13 1 -124 -4 -154 -5
1747 A -13 1 -129 -4 184 5
1747 A -13 1 -137 -4 -186 -5
1747 A -13 1 -161 -4 180 5
1747 A -13 1 -177 -5 194 6
1747 A -13 1 -178 -5 188 6
1747 A -13 1 -183 -6 -206 -6
1747 A 12 1 13 -1 130 -3
1747 A 12 1 14 -1 90 -2
1747 A 12 1 17 -1 136 -4
1747 A 12 1 20 -1 -206 6
1747 A 12 1 29 -1 140 -4
1747 A 12 1 32 -1 211 -6
1747 A 12 1 35 -1 128 -3
1747 A 12 1 40 -1 45 -1
1747 A 12 1 51 -1 124 -3
1747 A 12 1 57 -1 203 -6
1747 A 12 1 59 -1 -106 3
1747 A 12 1 64 -2 -119 3
1747 A 12 1 71 -2 -158 4
1747 A 12 1 82 -2 -159 4
1747 A 12 1 86 -2 -88 3
1747 A 12 1 128 -4 159 -5
1747 A 12 1 133 -4 -189 5
1747 A 12 1 141 -4 191 -5
1747 A 12 1 165 -4 -185 5
1747 A 12 1 182 -5 -200 6
1747 A 12 1 183 -5 -194 6
1747 A 12 1 189 -6 212 -6
1747 A -14 1 -15 -1 -50 -1
1747 A -14 1 -16 -1 157 5
1747 A -14 1 -26 -1 -210 -6
1747 A -14 1 -29 -1 44 2
1747 A -14 1 -32 -1 -106 -3
1747 A -14 1 -52 -1 188 6
1747 A -14 1 -46 -2 -64 -2
1747 A -14 1 -57 -2 -200 -6
1747 A -14 1 -69 -2 -92 -3
1747 A -14 1 -80 -2 165 5
1747 A -14 1 -82 -2 203 6
1747 A -14 1 -73 -3 -127 -4
1747 A -14 1 -105 -4 153 5
1747 A -14 1 -106 -4 -172 -6
1747 A -14 1 -111 -4 194 6
1747 A -14 1 -115 -4 125 4
1747 A -14 1 -117 -4 159 5
1747 A -14 1 -136 -4 -146 -5
1747 A -14 1 -145 -5 178 6
1747 A 13 1 16 -1 51 -1
1747 A 13 1 17 -1 -162 5
1747 A 13 1 27 -1 216 -6
1747 A 13 1 30 -1 -46 2
1747 A 13 1 33 -1 109 -3
1747 A 13 1 53 -1 -194 6
1747 A 13 1 48 -2 66 -2
1747 A 13 1 59 -2 206 -6
1747 A 13 1 71 -2 95 -3
1747 A 13 1 82 -2 -170 5
1747 A 13 1 84 -2 -209 6
1747 A 13 1 76 -3 131 -4
1747 A 13 1 109 -4 -158 5
1747 A 13 1 110 -4 178 -6
1747 A 13 1 115 -4 -200 6
1747 A 13 1 119 -4 -129 4
1747 A 13 1 121 -4 -164 5
1747 A 13 1 140 -4 151 -5
1747 A 13 1 150 -5 -184 6
1747 A 25 0 1 -2 8 9
1747 A 25 0 -1 -2 3 -2
1747 A 25 0 -5 -3 -4 -11
1747 A 25 0 8 -3 15 -11
1747 A 25 0 2 -4 4 -8
1747 A 25 0 4 -11 -7 11
1747 A -15 1 -14 -1 -200 -6
1747 A -15 1 -15 -1 106 3
1747 A -15 1 -27 -1 -47 -2
1747 A -15 1 -30 -1 -70 -3
1747 A -15 1 -37 -1 67 3
1747 A -15 1 -46 -1 192 7
1747 A -15 1 -37 -2 -204 -7
1747 A -15 1 -39 -2 -45 -2
1747 A -15 1 -54 -2 195 6
1747 A -15 1 -55 -2 -92 -3
1747 A -15 1 -59 -2 -129 -4
1747 A -15 1 -73 -2 -126 -5
1747 A -15 1 -68 -3 -187 -7
1747 A -15 1 -75 -3 -79 -3
1747 A -15 1 -119 -4 -195 -7
1747 A -15 1 -132 -4 156 6
1747 A -15 1 -164 -5 -178 -6
1747 A 14 1 15 -1 206 -6
1747 A 14 1 16 -1 -109 3
1747 A 14 1 28 -1 49 -2
1747 A 14 1 31 -1 73 -3
1747 A 14 1 38 -1 -70 3
1747 A 14 1 47 -1 -199 7
1747 A 14 1 39 -2 211 -7
1747 A 14 1 41 -2 47 -2
1747 A 14 1 56 -2 -201 6
1747 A 14 1 57 -2 95 -3
1747 A 14 1 61 -2 133 -4
1747 A 14 1 75 -2 131 -5
1747 A 14 1 71 -3 194 -7
1747 A 14 1 78 -3 82 -3
1747 A 14 1 123 -4 202 -7
1747 A 14 1 136 -4 -162 6
1747 A 14 1 169 -5 184 -6
1747 A 26 0 -10 -3 -13 7
1747 A 26 0 13 -3 6 7
1747 A 26 0 2 -11 9 -11
1747 A -16 1 -17 -1 -25 -1
1747 A -16 1 -28 -1 -120 -5
1747 A -16 1 -31 -1 -40 -2
1747 A -16 1 -49 -1 77 3
1747 A -16 1 -74 -2 118 5
1747 A -16 1 -89 -4 113 4
1747 A -16 1 -115 -4 -183 -7
1747 A -16 1 -125 -4 160 5
1747 A -16 1 -117 -5 148 6
1747 A -16 1 -156 -5 172 7
1747 A -16 1 -166 -6 211 7
1747 A 15 1 18 -1 26 -1
1747 A 15 1 29 -1 125 -5
1747 A 15 1 32 -1 42 -2
1747 A 15 1 50 -1 -80 3
1747 A 15 1 76 -2 -123 5
1747 A 15 1 93 -4 -117 4
1747 A 15 1 119 -4 190 -7
1747 A 15 1 129 -4 -165 5
1747 A 15 1 122 -5 -154 6
1747 A 15 1 161 -5 -179 7
1747 A 15 1 172 -6 -218 7
1747 A -17 1 -16 -1 26 1
1747 A -17 1 -73 -3 138 5
1747 A -17 1 -140 -5 169 6
1747 A 16 1 17 -1 -27 1
1747 A 16 1 76 -3 -143 5
1747 A 16 1 145 -5 -175 6
1747 A -18 1 -41 -1 -196 -8
1747 A -18 1 -28 -2 -159 -6
1747 A -18 1 -153 -6 209 8
1747 A -18 1 -164 -7 -207 -8
1747 A 17 1 42 -1 204 -8
1747 A 17 1 30 -2 165 -6
1747 A 17 1 159 -6 -217 8
1747 A 17 1 171 -7 215 -8
1747 A -19 1 -21 -1 -199 -9
1747 A -19 1 -23 -1 -109 -5
1747 A -19 1 -43 -2 175 8
1747 A -19 1 -45 -2 -65 -3
1747 A -19 1 -67 -3 -131 -6
1747 A -19 1 -87 -4 197 9
1747 A -19 1 -89 -4 155 7
1747 A -19 1 -111 -5 177 8
1747 A 18 1 22 -1 208 -9
1747 A 18 1 24 -1 114 -5
1747 A 18 1 45 -2 -183 8
1747 A 18 1 47 -2 68 -3
1747 A 18 1 70 -3 137 -6
1747 A 18 1 91 -4 -206 9
1747 A 18 1 93 -4 -162 7
1747 A 18 1 116 -5 -185 8
1747 A -20 1 -22 -1 114 5
1747 A 19 1 23 -1 -119 5
1747 A -25 1 -178 -10 -187 -12
1747 A 24 1 188 -10 199 -12
1747 S 7 1 17 0
1747 S -3 2 17 0
1747 S 4 3 17 0
1747 S -6 4 17 0
1747 S 1 5 17 0
1747 S -9 6 17 0
1747 S -2 7 17 0
1747 S -12 8 17 0
1747 S -8 1 17 0
1747 S 1 2 17 0
1747 S -7 3 17 0
1747 S 2 4 17 0
1747 S -6 5 17 0
1747 S 3 6 17 0
1747 S -5 7 17 0
1747 S 4 8 17 0
1747 S 0 1 19 0
1747 S 0 2 19 0
1747 S 0 3 19 0
1747 S 0 4 19 0
1747 S 0 5 19 0
1747 S 0 6 19 0
1747 S 0 7 19 0
1747 S 0 8 19 0
1747 S 0 9 19 0
1747 S -1 1 19 0
1747 S -2 2 19 0
1747 S -3 3 19 0
1747 S -4 4 19 0
1747 S -5 5 19 0
1747 S -6 6 19 0
1747 S -7 7 19 0
1747 S -8 8 19 0
1747 S -9 9 19 0
1747 T 1662 1660 1662 -1 0
1747 T 434 1416 3259 0 0
1747 T 424 428 432 0 0
1747 T 3261 3354 426 1 0
1747 T 428 3352 1416 0 0
1747 T 950 718 3208 0 0
1747 T 3210 722 3135 0 0
1747 T 3137 712 948 0 0
1747 T 712 720 718 0 0
1747 T 218 244 212 0 0
1747 T 214 3712 2048 0 0
1747 T 2050 3641 216 0 0
1747 T 3641 3714 244 0 0
1747 T 3434 78 3812 0 0
1747 T 3814 80 3739 0 0
1747 T 3741 77 3432 0 0
1747 T 77 82 78 0 0
1747 T 242 2463 1360 0 0
1747 T 1362 1493 1352 0 0
1747 T 1354 2650 240 0 0
1747 T 2650 1491 2463 0 0
1747 T 237 2580 1347 0 0
1747 T 1357 2513 235 0 0
1747 T 1349 1496 1355 0 0
1747 T 2513 1498 2580 0 0
1747 T 698 3005 820 -1 0
1747 T 818 3080 696 0 0
1747 T 822 880 816 0 0
1747 T 3080 882 3005 0 0
1747 T 36 104 108 -1 0
1747 T 110 3558 3779 0 0
1747 T 3781 3854 36 -1 0
1747 T 3854 3556 104 1 0
1747 T 530 1238 2804 -1 0
1747 T 2806 1232 2727 0 0
1747 T 2729 1237 528 0 0
1747 T 1237 1234 1238 0 0
1747 T 258 3723 2048 0 0
1747 T 254 349 256 0 0
1747 T 2050 3654 252 0 0
1747 T 349 3652 3723 0 0
1747 T 1274 1270 1266 0 0
1747 T 1264 2531 2599 0 0
1747 T 2601 346 1272 1 0
1747 T 346 2533 1270 0 0
1747 T 110 2260 1656 0 0
1747 T 1658 1696 1648 0 0
1747 T 1650 2517 108 0 0
1747 T 2517 1698 2260 0 0
1747 T 105 2467 1643 0 0
1747 T 1653 2318 103 0 0
1747 T 1645 1696 1651 0 0
1747 T 2318 1698 2467 0 0
1747 T 190 2471 1360 0 0
1747 T 1358 2522 188 0 0
1747 T 1362 1539 1356 0 0
1747 T 2522 1541 2471 0 0
1747 T 454 1072 2772 0 0
1747 T 2774 1119 2695 0 0
1747 T 2697 1070 452 0 0
1747 T 1070 1121 1072 0 0
1747 T 400 396 397 0 0
1747 T 395 1527 3327 0 0
1747 T 3329 3422 402 -1 0
1747 T 3422 1529 396 0 0
1747 T 1038 631 3216 0 0
1747 T 3218 638 3143 0 0
1747 T 3145 632 1036 0 0
1747 T 632 636 631 0 0
1747 T 698 685 693 -1 0
1747 T 691 3187 820 0 0
1747 T 3003 3189 685 0 0
1747 T 693 688 695 0 0
1747 T 817 3117 691 0 0
1747 T 688 3115 3081 0 0
1747 T 3781 205 2896 0 0
1747 T 2894 206 3852 0 0
1747 T 205 204 199 -1 0
1747 T 310 315 300 0 0
1747 T 302 1682 3283 0 0
1747 T 3285 3709 308 0 0
1747 T 3709 1680 315 0 0
1747 T 305 3635 3375 0 0
1747 T 297 322 303 0 0
1747 T 3377 1683 295 0 0
1747 T 322 1685 3635 0 0
1747 T 1214 1224 1216 0 0
1747 T 1298 594 3339 0 0
1747 T 3341 588 3247 0 0
1747 T 3249 596 1296 0 0
1747 T 596 590 594 0 0
1747 T 1338 355 2687 0 0
1747 T 1330 1525 1336 0 0
1747 T 2689 2518 1328 0 0
1747 T 1525 2516 355 0 0
1747 T 1333 1520 1323 0 0
1747 T 1325 2468 2763 0 0
1747 T 2765 354 1331 0 0
1747 T 354 2470 1520 0 0
1747 T 811 815 808 0 0
1747 T 810 3117 2747 0 0
1747 T 2749 693 813 0 0
1747 T 813 693 2672 0 0
1747 T 805 822 811 0 0
1747 T 2674 3187 803 0 0
1747 T 1194 541 3183 0 0
1747 T 3185 509 3251 0 0
1747 T 3253 499 1192 0 0
1747 T 499 507 541 0 0
1747 T 1189 506 3343 0 0
1747 T 3114 544 1187 0 0
1747 T 3345 512 3112 0 0
1747 T 544 514 506 0 0
1747 T 958 1076 948 0 0
1747 T 3137 2768 956 0 0
1747 T 2768 712 1076 0 0
1747 T 953 2694 3207 0 0
1747 T 949 1081 951 0 0
1747 T 1081 717 2694 0 0
1747 T 148 150 148 1 0
1747 T 73 71 73 1 0
1747 T 183 2344 1344 0 0
1747 T 1354 2621 185 0 0
1747 T 1346 1432 1352 0 0
1747 T 2621 1434 2344 0 0
1747 T 185 2551 1347 0 0
1747 T 1349 1429 1339 0 0
1747 T 1341 2397 183 0 0
1747 T 2397 1427 2551 0 0
1747 T 9 819 3183 0 0
1747 T 3185 879 3111 0 0
1747 T 3113 817 10 0 0
1747 T 190 1645 2492 0 0
1747 T 2494 1639 2443 0 0
1747 T 2445 1647 188 0 0
1747 T 1647 1641 1645 0 0
1747 T 490 3733 1404 0 0
1747 T 482 495 488 0 0
1747 T 1406 3154 480 0 0
1747 T 495 3152 3733 0 0
1747 T 485 494 475 0 0
1747 T 477 3224 1399 0 0
1747 T 1401 3659 483 0 0
1747 T 3659 3226 494 0 0
1747 T 231 1339 2391 0 0
1747 T 2393 1435 2683 0 0
1747 T 2685 1333 233 0 0
1747 T 1333 1437 1339 0 0
1747 T 233 1336 2759 0 0
1747 T 2342 1346 231 0 0
1747 T 2761 1442 2340 0 0
1747 T 1346 1440 1336 0 0
1747 T 1614 430 3339 0 0
1747 T 3341 436 3595 0 0
1747 T 3597 486 1612 0 0
1747 T 486 438 430 0 0
1747 T 1609 487 3667 0 0
1747 T 3250 431 1607 0 0
1747 T 3669 441 3248 0 0
1747 T 431 439 487 0 0
1747 T 182 2261 1328 0 0
1747 T 2689 1697 180 0 0
1747 T 177 1697 2763 0 0
1747 T 1325 2315 175 0 0
1747 T 1370 1534 1364 0 0
1747 T 1366 404 2695 0 0
1747 T 2774 403 1368 0 0
1747 T 1178 1161 1169 0 0
1747 T 1167 2432 2743 0 0
1747 T 2745 323 1176 0 0
1747 T 323 2434 1161 0 0
1747 T 1173 323 2668 0 0
1747 T 1169 1164 1171 0 0
1747 T 2670 2481 1167 0 0
1747 T 1164 2479 323 0 0
1747 T 1038 1107 1032 0 0
1747 T 1034 2587 3216 0 0
1747 T 633 2589 1107 0 0
1747 T 1029 1107 1035 0 0
1747 T 3146 2657 1027 0 0
1747 T 1107 2655 633 0 0
1747 T 1570 1674 1560 0 0
1747 T 1562 2569 2375 0 0
1747 T 2377 192 1568 0 0
1747 T 192 2567 1674 0 0
1747 T 1565 197 2324 0 0
1747 T 1557 1667 1563 0 0
1747 T 2326 2635 1555 0 0
1747 T 1667 2637 197 0 0
1747 T 614 622 604 0 0
1747 T 606 1428 3115 0 0
1747 T 3117 3719 612 0 0
1747 T 3719 1430 622 0 0
1747 T 609 3649 3187 0 0
1747 T 601 623 607 0 0
1747 T 3189 1433 599 0 0
1747 T 623 1431 3649 0 0
1747 T 270 253 261 0 0
1747 T 259 2059 3263 0 0
1747 T 3265 3868 268 0 0
1747 T 3868 2061 253 0 0
1747 T 265 3798 3355 0 0
1747 T 261 256 263 0 0
1747 T 3357 2066 259 0 0
1747 T 256 2064 3798 0 0
1747 T 1990 14 1919 0 0
1747 T 1857 15 1984 0 0
1747 T 1586 1636 1576 0 0
1747 T 1578 1916 2595 0 0
1747 T 2597 102 1584 0 0
1747 T 102 1918 1636 0 0
1747 T 1581 95 2528 0 0
1747 T 1573 1633 1579 0 0
1747 T 2530 1982 1571 0 0
1747 T 1633 1980 95 0 0
1747 T 375 379 372 0 0
1747 T 374 1406 3599 0 0
1747 T 3601 3201 377 0 0
1747 T 3201 1404 379 0 0
1747 T 377 3127 3671 0 0
1747 T 369 386 375 0 0
1747 T 3673 1399 367 0 0
1747 T 386 1401 3127 0 0
1747 T 219 223 216 0 0
1747 T 218 3401 2064 0 0
1747 T 2066 3766 221 0 0
1747 T 3766 3399 223 0 0
1747 T 221 3836 2059 0 0
1747 T 213 230 219 0 0
1747 T 2061 3307 211 0 0
1747 T 230 3309 3836 0 0
1747 T 1515 1519 1512 0 0
1747 T 1510 1525 1516 0 0
1747 T 810 3719 944 0 0
1747 T 946 614 2747 0 0
1747 T 941 3649 803 0 0
1747 T 2674 607 939 0 0
1747 T 2086 2069 2077 0 0
1747 T 2075 1876 2279 0 0
1747 T 2281 52 2084 0 0
1747 T 52 1878 2069 0 0
1747 T 2081 52 2224 0 0
1747 T 2077 2072 2079 0 0
1747 T 2226 1941 2075 0 0
1747 T 2072 1939 52 0 0
1747 T 2749 696 3255 0 0
1747 T 3257 685 813 0 0
1747 T 813 688 3347 0 0
1747 T 3349 697 2672 0 0
1747 T 1194 1227 1188 0 0
1747 T 730 726 722 -1 0
1747 T 720 3279 3372 0 0
1747 T 3374 1416 728 1 0
1747 T 1416 3281 726 0 0
1747 T 1921 2170 1779 0 0
1747 T 1705 2164 1855 0 0
1747 T 40 336 340 -1 0
1747 T 342 1490 3311 1 0
1747 T 3313 3406 40 0 0
1747 T 3406 1488 336 0 0
1747 T 70 2257 2152 0 0
1747 T 2150 2312 68 0 0
1747 T 2154 46 2148 0 0
1747 T 2312 46 2257 0 0
1747 T 2102 158 2683 0 0
1747 T 2393 1896 2100 0 0
1747 T 1896 1435 158 0 0
1747 T 2097 1961 2340 0 0
1747 T 2761 158 2095 0 0
1747 T 158 1442 1961 0 0
1747 T 470 3005 1384 0 0
1747 T 1386 1433 1376 0 0
1747 T 1378 2631 468 0 0
1747 T 2631 1431 3005 0 0
1747 T 465 2565 1371 0 0
1747 T 1381 3079 463 0 0
1747 T 1373 1428 1379 0 0
1747 T 3079 1430 2565 0 0
1747 T 2094 2136 2100 0 0
1747 T 2393 63 2092 0 0
1747 T 2136 65 1898 0 0
1747 T 2097 2133 2087 0 0
1747 T 2089 63 2340 0 0
1747 T 1959 65 2133 0 0
1747 T 3257 2654 820 0 0
1747 T 2654 685 805 0 0
1747 T 817 2584 3347 0 0
1747 T 808 688 2584 0 0
1747 T 482 478 474 0 0
1747 T 547 551 548 0 0
1747 T 230 2252 1328 0 0
1747 T 1330 1528 1320 0 0
1747 T 1322 3077 228 0 0
1747 T 3077 1530 2252 1 0
1747 T 225 2999 1315 0 0
1747 T 1325 2310 223 0 0
1747 T 1317 1529 1323 0 0
1747 T 2310 1527 2999 0 0
1747 T 710 744 716 0 0
1747 T 2693 3706 708 0 0
1747 T 744 3704 1082 0 0
1747 T 713 749 703 0 0
1747 T 705 3632 2767 0 0
1747 T 1075 3634 749 0 0
1747 T 1194 2361 3031 0 0
1747 T 1186 1195 1192 0 0
1747 T 3033 308 1184 0 0
1747 T 1195 310 2361 0 0
1747 T 1189 1202 1179 0 0
1747 T 1181 305 2956 0 0
1747 T 2958 2411 1187 0 0
1747 T 2411 303 1202 0 0
1747 T 994 42 996 0 0
1747 T 998 481 2443 0 0
1747 T 2494 475 992 0 0
1747 T 1294 751 3179 0 0
1747 T 3181 760 3595 0 0
1747 T 3597 745 1292 0 0
1747 T 745 762 751 0 0
1747 T 1289 748 3667 0 0
1747 T 3110 751 1287 0 0
1747 T 3669 757 3108 0 0
1747 T 751 755 748 0 0
1747 T 606 2563 688 0 0
1747 T 685 2633 599 0 0
1747 T 1781 2162 1703 0 0
1747 T 1282 2229 2603 0 0
1747 T 1274 1478 1280 0 0
1747 T 2605 140 1272 0 0
1747 T 1478 142 2229 0 0
1747 T 1277 1471 1267 0 0
1747 T 1269 145 2536 0 0
1747 T 2538 2284 1275 0 0
1747 T 2284 143 1471 0 0
1747 T 63 67 60 -1 0
1747 T 62 3992 3860 0 0
1747 T 3862 3881 65 0 0
1747 T 3881 3994 67 0 0
1747 T 65 3884 3788 0 0
1747 T 57 70 63 0 0
1747 T 3790 4082 55 0 0
1747 T 70 4080 3884 0 0
1747 T 2014 1748 2475 0 0
1747 T 2006 2117 2012 0 0
1747 T 2477 62 2004 0 0
1747 T 2117 60 1748 0 0
1747 T 2009 2117 1999 0 0
1747 T 2001 55 2428 0 0
1747 T 2430 1825 2007 0 0
1747 T 1825 57 2117 0 0
1747 T 1674 346 2587 0 0
1747 T 1664 1668 1672 0 0
1747 T 2589 2658 1666 0 0
1747 T 1668 2656 346 0 0
1747 T 1606 334 3179 0 0
1747 T 3181 325 3747 0 0
1747 T 3749 315 1604 0 0
1747 T 315 323 334 0 0
1747 T 1601 322 3819 0 0
1747 T 3110 327 1599 0 0
1747 T 3821 325 3108 0 0
1747 T 327 323 322 0 0
1747 T 146 142 150 0 0
1747 T 612 696 3084 0 0
1747 T 3010 697 609 0 0
1747 T 821 509 3036 0 0
1747 T 2961 512 816 0 0
1747 T 508 1048 2652 0 0
1747 T 2586 1053 513 0 0
1747 T 102 3565 3959 0 0
1747 T 94 111 100 0 0
1747 T 3961 3699 92 0 0
1747 T 111 3701 3565 0 0
1747 T 97 114 87 0 0
1747 T 89 3629 4047 0 0
1747 T 4049 3568 95 0 0
1747 T 3568 3627 114 0 0
1747 T 1262 1401 1252 0 0
1747 T 1254 3129 2379 0 0
1747 T 2381 384 1260 0 0
1747 T 1257 381 2328 0 0
1747 T 1249 1404 1255 0 0
1747 T 2330 3199 1247 0 0
1747 T 842 838 834 0 0
1747 T 832 2707 2784 0 0
1747 T 2786 530 840 1 0
1747 T 530 2709 838 0 0
1747 T 50 48 50 0 0
1747 T 248 250 248 1 0
1747 T 2126 556 3860 0 0
1747 T 3297 500 2124 0 0
1747 T 3862 494 3295 0 0
1747 T 500 492 556 0 0
1747 T 2121 505 3387 0 0
1747 T 3389 495 3788 0 0
1747 T 3790 561 2119 0 0
1747 T 561 497 505 0 0
1747 T 1406 1505 1396 0 0
1747 T 1398 2505 480 0 0
1747 T 2505 1503 3152 0 0
1747 T 477 2455 1391 0 0
1747 T 1393 1500 1399 0 0
1747 T 3226 1502 2455 0 0
1747 T 2359 1024 501 0 0
1747 T 504 1021 2413 0 0
1747 T 586 1455 3755 0 0
1747 T 578 628 584 0 0
1747 T 3757 3066 576 0 0
1747 T 628 3064 1455 0 0
1747 T 581 628 571 0 0
1747 T 573 2988 3827 0 0
1747 T 3829 1454 579 0 0
1747 T 1454 2990 628 0 0
1747 T 470 466 474 1 0
1747 T 94 1760 1628 0 0
1747 T 1630 1685 1620 0 0
1747 T 1622 2801 92 0 0
1747 T 2801 1683 1760 0 0
1747 T 89 2723 1615 0 0
1747 T 1625 1837 87 0 0
1747 T 1617 1680 1623 0 0
1747 T 1837 1682 2723 0 0
1747 T 258 1301 3603 0 0
1747 T 3605 3205 261 0 0
1747 T 3205 1299 263 0 0
1747 T 261 3131 3675 0 0
1747 T 3677 1304 251 0 0
1747 T 270 1306 3131 0 0
1747 T 627 2716 1448 0 0
1747 T 1450 1465 1456 0 0
1747 T 3065 1463 2716 0 0
1747 T 1453 1468 1443 0 0
1747 T 1445 2794 627 0 0
1747 T 2794 1470 2987 0 0
1747 T 946 3709 1184 0 0
1747 T 1181 3635 939 0 0
1747 T 200 192 196 0 0
1747 T 198 4088 3552 0 0
1747 T 3550 4001 192 0 0
1747 T 4001 2 4088 0 0
1747 T 174 1701 1943 0 0
1747 T 1945 1685 2971 0 0
1747 T 2973 1691 172 0 0
1747 T 1691 1683 1701 0 0
1747 T 169 1690 3047 0 0
1747 T 1882 1701 167 0 0
1747 T 3049 1680 1880 0 0
1747 T 1701 1682 1690 0 0
1747 T 270 1474 2279 0 0
1747 T 2281 1314 3131 0 0
1747 T 1304 1312 1474 0 0
1747 T 2226 1475 263 0 0
1747 T 3205 1307 2224 0 0
1747 T 1475 1309 1301 0 0
1747 T 2006 1823 2591 0 0
1747 T 2593 57 2012 0 0
1747 T 2009 60 2524 0 0
1747 T 2526 1750 1999 0 0
1747 T 1090 397 2251 0 0
1747 T 2309 397 1083 0 0
1747 T 1578 2969 2379 0 0
1747 T 1570 1693 1576 0 0
1747 T 2381 276 1568 0 0
1747 T 1693 278 2969 0 0
1747 T 1573 1688 1563 0 0
1747 T 1565 273 2328 0 0
1747 T 2330 3043 1571 0 0
1747 T 3043 271 1688 0 0
1747 T 3809 122 3915 0 0
1747 T 3917 4006 0 1 0
1747 T 4006 121 3735 0 0
1747 T 121 120 115 -1 0
1747 T 174 3998 3364 0 0
1747 T 166 192 172 0 0
1747 T 3366 2902 164 0 0
1747 T 192 2900 3998 0 0
1747 T 169 197 159 0 0
1747 T 161 2903 3272 0 0
1747 T 3274 4084 167 0 0
1747 T 4084 2905 197 0 0
1747 T 810 2554 936 0 0
1747 T 938 987 944 0 0
1747 T 3721 989 2554 0 0
1747 T 941 986 931 0 0
1747 T 933 2620 803 0 0
1747 T 2620 984 3647 0 0
1747 T 78 3531 3963 0 0
1747 T 4054 3529 77 0 0
1747 T 3965 8 4052 0 0
1747 T 2075 219 3131 0 0
1747 T 1878 1314 219 0 0
1747 T 3205 219 2075 0 0
1747 T 219 1307 1939 0 0
1747 T 2066 2182 2072 0 0
1747 T 1941 2641 2064 0 0
1747 T 2182 2639 52 0 0
1747 T 2069 2182 2059 0 0
1747 T 2061 2571 1876 0 0
1747 T 52 2573 2182 0 0
1747 T 1264 2331 2383 0 0
1747 T 1262 1258 1266 1 0
1747 T 2385 111 1260 0 0
1747 T 1258 113 2331 -1 0
1747 T 842 1488 3291 0 0
1747 T 3293 3386 834 1 0
1747 T 836 3384 1488 0 0
1747 T 710 3793 3060 0 0
1747 T 702 742 708 0 0
1747 T 3062 1452 700 0 0
1747 T 742 1454 3793 0 0
1747 T 705 742 699 0 0
1747 T 701 1457 2984 0 0
1747 T 2986 3863 703 0 0
1747 T 3863 1455 742 0 0
1747 T 290 1003 2616 0 0
1747 T 2618 1091 2547 0 0
1747 T 2549 1001 288 0 0
1747 T 1001 1093 1003 0 0
1747 T 2397 619 988 0 0
1747 T 985 626 2344 0 0
1747 T 3605 219 4032 0 0
1747 T 4034 2077 261 0 0
1747 T 261 2077 3944 0 0
1747 T 3946 219 3675 0 0
1747 T 174 1913 1312 0 0
1747 T 1322 3094 172 0 0
1747 T 1314 1480 1320 0 0
1747 T 3094 1482 1913 0 0
1747 T 169 3016 1315 0 0
1747 T 1317 1485 1307 0 0
1747 T 1309 1976 167 0 0
1747 T 1976 1483 3016 0 0
1747 T 690 737 680 0 0
1747 T 682 3687 808 0 0
1747 T 2584 3689 737 0 0
1747 T 677 732 683 0 0
1747 T 805 3617 675 0 0
1747 T 732 3615 2654 0 0
1747 T 1322 1050 3836 0 0
1747 T 3766 1051 1315 0 0
1747 T 930 1078 920 0 0
1747 T 922 3633 2479 0 0
1747 T 2481 748 928 0 0
1747 T 925 745 2432 0 0
1747 T 917 1079 923 0 0
1747 T 2434 3703 915 0 0
1747 T 3442 230 4032 0 0
1747 T 3605 211 3440 0 0
1747 T 3437 218 3675 0 0
1747 T 3946 223 3435 0 0
1747 T 366 1510 3759 0 0
1747 T 362 402 364 0 0
1747 T 3834 1512 360 0 0
1747 T 3761 348 3832 0 0
1747 T 1998 2200 1988 0 0
1747 T 1986 2206 1992 0 0
1747 T 62 2902 3295 0 0
1747 T 3994 494 2902 0 0
1747 T 3389 2903 55 0 0
1747 T 2903 495 4080 0 0
1747 T 1945 297 964 0 0
1747 T 961 300 1880 0 0
1747 T 25 251 3832 0 0
1747 T 3761 257 26 0 0
1747 T 434 1412 2387 0 0
1747 T 2389 1482 3259 0 0
1747 T 1418 1480 1412 -1 0
1747 T 2338 1409 427 0 0
1747 T 3353 1483 2336 0 0
1747 T 1409 1485 1415 0 0
1747 T 146 2154 2287 0 0
1747 T 2289 2144 2555 0 0
1747 T 2557 2190 144 0 0
1747 T 2190 2146 2154 0 0
1747 T 141 2183 2623 0 0
1747 T 2234 2147 139 0 0
1747 T 2625 2141 2232 0 0
1747 T 2147 2139 2183 0 0
1747 T 182 3325 3680 0 0
1747 T 174 209 180 0 0
1747 T 3682 1680 172 0 0
1747 T 209 1682 3325 0 0
1747 T 177 209 167 0 0
1747 T 169 1685 3608 0 0
1747 T 3610 3415 175 0 0
1747 T 3415 1683 209 0 0
1747 T 3062 1460 2983 0 0
1747 T 1456 1462 1454 0 0
1747 T 286 1017 2487 0 0
1747 T 2489 966 2679 0 0
1747 T 2681 972 284 0 0
1747 T 972 964 1017 0 0
1747 T 281 969 2755 0 0
1747 T 2442 1017 279 0 0
1747 T 2757 959 2440 0 0
1747 T 1017 961 969 0 0
1747 T 1154 1209 1144 0 0
1747 T 1146 3160 2275 0 0
1747 T 2277 334 1152 0 0
1747 T 334 3162 1209 0 0
1747 T 1149 327 2220 0 0
1747 T 1141 1209 1147 0 0
1747 T 2222 3234 1139 0 0
1747 T 1209 3232 327 0 0
1747 T 738 1054 3775 0 0
1747 T 3777 512 3688 0 0
1747 T 3618 509 3847 0 0
1747 T 3849 1047 731 0 0
1747 T 1614 2239 3179 0 0
1747 T 1606 1654 1612 0 0
1747 T 1654 334 2239 0 0
1747 T 1609 1655 1599 0 0
1747 T 3110 2298 1607 0 0
1747 T 2298 327 1655 0 0
1747 T 1298 1419 1292 0 0
1747 T 1294 2437 3339 0 0
1747 T 592 2435 1419 0 0
1747 T 1289 1426 1295 0 0
1747 T 3250 2484 1287 0 0
1747 T 1426 2486 597 0 0
1747 T 3293 158 2124 0 0
1747 T 2122 157 3384 0 0
1747 T 158 155 152 1 0
1747 T 1294 1277 1285 0 0
1747 T 1283 2668 3179 0 0
1747 T 753 2670 1277 0 0
1747 T 1285 1280 1287 0 0
1747 T 3110 2745 1283 0 0
1747 T 1280 2743 753 0 0
1747 T 682 2452 800 0 0
1747 T 802 877 808 0 0
1747 T 3689 875 2452 0 0
1747 T 805 872 795 0 0
1747 T 797 2502 675 0 0
1747 T 2502 874 3615 0 0
1747 T 2127 2131 2124 0 0
1747 T 2126 1961 2788 0 0
1747 T 2790 65 2129 0 0
1747 T 2129 65 2712 0 0
1747 T 2121 2138 2127 0 0
1747 T 2714 1896 2119 0 0
1747 T 2898 519 3688 0 0
1747 T 3777 517 2896 0 0
1747 T 517 512 519 0 0
1747 T 2893 517 3847 0 0
1747 T 3618 526 2891 0 0
1747 T 526 509 517 0 0
1747 T 802 3841 936 0 0
1747 T 2552 3839 875 0 0
1747 T 933 3767 795 0 0
1747 T 874 3769 2622 0 0
1747 T 386 1124 2387 0 0
1747 T 2389 1097 3123 0 0
1747 T 3125 1103 384 -1 0
1747 T 1103 1095 1124 1 0
1747 T 381 1106 3195 1 0
1747 T 2338 1129 379 0 0
1747 T 3197 1100 2336 0 0
1747 T 1129 1102 1106 0 0
1747 T 610 642 612 0 0
1747 T 3009 3086 642 -1 0
1747 T 422 540 412 0 0
1747 T 414 2192 3935 0 0
1747 T 3937 3238 420 0 0
1747 T 3238 2194 540 0 0
1747 T 417 3164 4023 0 0
1747 T 409 545 415 0 0
1747 T 4025 2197 407 0 0
1747 T 545 2195 3164 0 0
1747 T 2435 436 743 0 0
1747 T 750 441 2486 0 0
1747 T 454 2719 1616 -1 0
1747 T 1622 2798 452 0 0
1747 T 1618 1675 1620 0 0
1747 T 2798 1677 2719 0 0
1747 T 218 3361 12 0 0
1747 T 11 3268 212 0 0
1747 T 246 3270 3361 0 0
1747 T 1598 463 3023 0 0
1747 T 3025 538 3923 0 0
1747 T 3925 457 1596 0 0
1747 T 457 536 463 0 0
1747 T 1593 460 4011 0 0
1747 T 2950 470 1591 0 0
1747 T 4013 531 2948 0 0
1747 T 470 533 460 0 0
1747 T 1606 1625 1596 0 0
1747 T 1598 1736 3175 0 0
1747 T 3177 207 1604 0 0
1747 T 207 1738 1625 0 0
1747 T 1601 207 3104 0 0
1747 T 1593 1628 1599 0 0
1747 T 3106 1813 1591 0 0
1747 T 1628 1811 207 0 0
1747 T 1598 1581 1589 0 0
1747 T 1587 2532 3023 0 0
1747 T 465 2534 1581 0 0
1747 T 1589 1584 1591 0 0
1747 T 2950 2601 1587 0 0
1747 T 1584 2599 468 0 0
1747 T 538 557 528 0 0
1747 T 2729 3876 536 0 0
1747 T 3876 1237 557 0 0
1747 T 533 3806 2803 0 0
1747 T 529 560 531 1 0
1747 T 560 1237 3806 0 0
1747 T 2241 760 484 0 0
1747 T 489 757 2296 0 0
1747 T 2557 1486 728 0 0
1747 T 3374 1408 2555 0 0
1747 T 725 1479 2623 0 0
1747 T 2625 1413 3280 0 0
1747 T 462 3644 2772 0 0
1747 T 454 524 460 0 0
1747 T 524 1072 3644 0 0
1747 T 457 521 451 0 0
1747 T 2698 3718 455 0 0
1747 T 3718 1069 521 0 0
1747 T 1450 3313 1963 0 0
1747 T 1442 1490 1448 1 0
1747 T 1965 340 1440 0 0
1747 T 1445 1487 1435 0 0
1747 T 1437 337 1900 0 0
1747 T 1902 3403 1443 0 0
1747 T 1606 1837 3027 0 0
1747 T 3029 89 1596 0 0
1747 T 1593 92 2952 0 0
1747 T 2954 1760 1599 0 0
1747 T 102 1506 1951 0 0
1747 T 1953 1889 2870 -1 0
1747 T 1532 1502 1506 0 0
1747 T 1889 1500 96 0 0
1747 T 388 380 384 0 0
1747 T 3125 3198 390 -1 0
1747 T 3430 61 3663 0 0
1747 T 3665 66 3919 0 0
1747 T 3921 68 3428 1 0
1747 T 3425 69 4007 0 0
1747 T 3594 56 3423 0 0
1747 T 4009 66 3592 0 0
1747 T 2030 2280 2739 0 0
1747 T 2022 2085 2028 0 0
1747 T 2741 51 2020 0 0
1747 T 2025 2080 2015 0 0
1747 T 2017 51 2664 0 0
1747 T 2666 2225 2023 0 0
1747 T 2066 2977 1795 0 0
1747 T 2058 2177 2064 0 0
1747 T 1797 132 2056 0 0
1747 T 2177 134 2977 0 0
1747 T 2061 2172 2051 0 0
1747 T 2053 129 1720 0 0
1747 T 1722 3051 2059 0 0
1747 T 3051 127 2172 0 0
1747 T 802 2472 928 0 0
1747 T 930 981 936 0 0
1747 T 3839 979 2472 0 0
1747 T 933 976 923 0 0
1747 T 925 2522 795 0 0
1747 T 2522 978 3769 0 0
1747 T 342 3409 1209 0 0
1747 T 334 357 340 0 0
1747 T 357 3162 3409 0 0
1747 T 337 352 327 0 0
1747 T 1209 3315 335 0 0
1747 T 3315 3232 352 0 0
1747 T 1283 1171 3747 0 0
1747 T 3821 1178 1283 0 0
1747 T 2110 2105 2109 0 0
1747 T 2107 235 2547 0 0
1747 T 2618 241 2108 0 0
1747 T 946 2725 1176 0 0
1747 T 1178 1205 1184 0 0
1747 T 3707 1203 2725 0 0
1747 T 1181 1205 1171 0 0
1747 T 1173 2799 939 0 0
1747 T 2799 1203 3637 0 0
1747 T 578 1444 3931 0 0
1747 T 3933 2793 584 0 0
1747 T 581 2715 4019 0 0
1747 T 4021 1449 571 0 0
1747 T 218 958 1795 0 0
1747 T 1722 951 211 0 0
1747 T 3996 1117 1693 0 0
1747 T 1688 1112 4086 0 0
1747 T 2257 1221 549 0 0
1747 T 1221 1220 1223 0 0
1747 T 550 1222 2312 0 0
1747 T 322 1762 1205 0 0
1747 T 1205 1835 315 0 0
1747 T 938 3843 1176 0 0
1747 T 2723 3845 989 0 0
1747 T 1173 3773 931 0 0
1747 T 984 3771 2801 0 0
1747 T 2745 743 3927 0 0
1747 T 3929 762 1280 0 0
1747 T 1277 755 4015 0 0
1747 T 4017 750 2668 0 0
1747 T 462 4067 1368 0 0
1747 T 3646 403 4067 0 0
1747 T 1365 3981 455 0 0
1747 T 3981 403 3716 0 0
1747 T 1262 3659 2275 0 0
1747 T 2277 485 1252 0 0
1747 T 1249 488 2220 0 0
1747 T 2222 3733 1255 0 0
1747 T 958 3639 3212 0 0
1747 T 3214 1538 948 0 0
1747 T 1078 1536 3639 0 0
1747 T 949 1538 3140 0 0
1747 T 3142 3713 951 0 0
1747 T 3713 1536 1079 0 0
1747 T 102 3153 2864 0 0
1747 T 2866 2504 1951 0 0
1747 T 2861 3223 95 0 0
1747 T 1890 2458 2859 0 0
1747 T 842 1450 2788 0 0
1747 T 2790 1440 3291 0 0
1747 T 2714 1443 835 0 0
1747 T 3385 1437 2712 0 0
1747 T 374 3717 3440 0 0
1747 T 366 404 372 0 0
1747 T 3442 3980 364 0 0
1747 T 369 404 359 0 0
1747 T 361 4070 3435 0 0
1747 T 3437 3643 367 0 0
1747 T 1167 923 3927 0 0
1747 T 4017 930 1167 0 0
1747 T 2022 2247 3019 0 0
1747 T 3021 229 2028 0 0
1747 T 229 2249 2083 0 0
1747 T 2025 224 2944 0 0
1747 T 2946 2305 2015 0 0
1747 T 2082 2303 224 0 0
1747 T 1614 1660 1608 0 0
1747 T 286 300 276 0 0
1747 T 2969 4058 284 0 0
1747 T 4058 1691 300 0 0
1747 T 281 3968 3043 0 0
1747 T 273 297 279 0 0
1747 T 297 1690 3968 0 0
1747 T 738 1130 2403 0 0
1747 T 2405 1062 3775 0 0
1747 T 1052 1060 1130 0 0
1747 T 2354 1123 731 0 0
1747 T 3849 1055 2352 0 0
1747 T 1123 1057 1049 0 0
1747 T 110 123 100 0 0
1747 T 102 4074 2876 0 0
1747 T 2878 3319 108 0 0
1747 T 3319 4072 123 0 0
1747 T 105 3413 2871 0 0
1747 T 97 123 103 0 0
1747 T 2873 3984 95 0 0
1747 T 123 3986 3413 0 0
1747 T 70 3011 2144 0 0
1747 T 2255 2188 3011 0 0
1747 T 2141 3089 67 0 0
1747 T 3089 2185 2313 0 0
1747 T 374 1505 1931 0 0
1747 T 1933 1398 3599 0 0
1747 T 1870 1500 367 0 0
1747 T 3673 1391 1868 0 0
1747 T 2104 2096 2100 0 0
1747 T 2102 2786 284 0 0
1747 T 282 2707 2096 0 0
1747 T 2050 2193 2056 0 0
1747 T 1797 3212 2048 0 0
1747 T 2193 3214 134 0 0
1747 T 2053 2196 2047 0 0
1747 T 2049 3142 1720 0 0
1747 T 127 3140 2196 0 0
1747 T 854 837 845 0 0
1747 T 843 2712 4060 0 0
1747 T 4062 1443 852 0 0
1747 T 849 1450 3972 0 0
1747 T 845 840 847 0 0
1747 T 3974 2790 843 0 0
1747 T 1166 3773 2603 0 0
1747 T 2605 933 1169 0 0
1747 T 1169 936 2536 0 0
1747 T 2538 3843 1159 0 0
1747 T 166 38 160 0 0
1747 T 162 3540 3267 0 0
1747 T 3362 3538 164 0 0
1747 T 2786 559 3287 0 0
1747 T 3289 534 840 0 0
1747 T 837 535 3379 0 0
1747 T 3381 558 2708 0 0
1747 T 2898 2299 2451 0 0
1747 T 521 876 2299 0 0
1747 T 2501 2245 2891 0 0
1747 T 2245 873 524 0 0
1747 T 682 665 673 0 0
1747 T 671 3823 800 0 0
1747 T 2454 3825 665 0 0
1747 T 673 668 675 0 0
1747 T 797 3753 671 0 0
1747 T 668 3751 2500 0 0
1747 T 2038 2364 3023 0 0
1747 T 2030 2091 2036 0 0
1747 T 3025 277 2028 0 0
1747 T 2091 275 2364 0 0
1747 T 2033 2090 2023 0 0
1747 T 2025 272 2948 0 0
1747 T 2950 2418 2031 0 0
1747 T 2418 274 2090 0 0
1747 T 1154 3315 1927 0 0
1747 T 1929 337 1144 0 0
1747 T 1141 340 1864 0 0
1747 T 1866 3409 1147 0 0
1747 T 424 416 420 0 0
1747 T 422 3562 3755 1 0
1747 T 3757 3830 426 0 0
1747 T 3830 3560 416 0 0
1747 T 1254 1407 1244 0 0
1747 T 1246 2357 2271 0 0
1747 T 2273 85 1252 0 0
1747 T 85 2355 1407 0 0
1747 T 1249 85 2216 0 0
1747 T 1241 1414 1247 0 0
1747 T 2218 2407 1239 0 0
1747 T 1414 2409 85 0 0
1747 T 3177 169 3743 0 0
1747 T 3745 175 1604 0 0
1747 T 1601 182 3815 0 0
1747 T 3817 172 3104 0 0
1747 T 1813 3417 1620 0 0
1747 T 1617 3323 1736 0 0
1747 T 450 714 2752 0 0
1747 T 2754 720 2675 0 0
1747 T 2677 716 448 0 0
1747 T 3214 1541 3139 0 0
1747 T 1535 1539 1536 0 0
1747 T 606 616 596 0 0
1747 T 598 3395 688 0 0
1747 T 2565 3397 616 0 0
1747 T 593 616 599 0 0
1747 T 685 3305 591 0 0
1747 T 616 3303 2631 0 0
1747 T 802 798 794 0 0
1747 T 1074 1057 1065 0 0
1747 T 1063 2303 524 0 0
1747 T 2303 1055 3644 0 0
1747 T 521 2249 1063 0 0
1747 T 1065 1060 1067 0 0
1747 T 3718 1062 2249 0 0
1747 T 102 3732 4119 0 0
1747 T 4121 498 2864 0 0
1747 T 2861 491 4195 0 0
1747 T 4197 3662 95 0 0
1747 T 1354 871 4188 0 0
1747 T 4190 3770 185 0 0
1747 T 185 3840 4112 0 0
1747 T 4114 878 1347 0 0
1747 T 3289 2417 845 0 0
1747 T 2417 534 847 0 0
1747 T 845 2363 3379 0 0
1747 T 854 535 2363 0 0
1747 T 598 2450 680 0 0
1747 T 3397 737 2450 0 0
1747 T 677 2496 591 0 0
1747 T 2496 732 3303 0 0
1747 T 414 552 408 0 0
1747 T 410 2174 4107 0 0
1747 T 4186 2176 412 0 0
1747 T 4109 48 4184 0 0
1747 T 310 3794 4060 0 0
1747 T 4062 3879 300 0 0
1747 T 317 3881 3794 0 0
1747 T 297 3886 3972 0 0
1747 T 3974 3864 303 0 0
1747 T 3864 3884 320 0 0
1747 T 830 3697 2112 0 0
1747 T 826 893 828 0 0
1747 T 2114 3624 824 -1 0
1747 T 893 3626 3697 0 0
1747 T 135 139 132 0 0
1747 T 134 4129 3368 0 0
1747 T 3370 3497 137 0 0
1747 T 3497 4127 139 0 0
1747 T 137 3500 3276 0 0
1747 T 129 146 135 0 0
1747 T 3278 4203 127 0 0
1747 T 146 4205 3500 0 0
1747 T 94 3887 4119 0 0
1747 T 3734 3889 113 0 0
1747 T 4197 3894 87 0 0
1747 T 112 3892 3660 0 0
1747 T 2605 976 3927 0 0
1747 T 4017 981 2536 0 0
1747 T 3825 3754 587 0 0
1747 T 7 3 6 0 0
1747 T 4 3571 3799 0 0
1747 T 3801 3874 7 -1 0
1747 T 3874 3573 3 0 0
1747 T 2227 976 760 0 0
1747 T 757 981 2286 0 0
1747 T 1450 2369 3864 0 0
1747 T 741 2367 1463 0 0
1747 T 3794 2419 1443 0 0
1747 T 1470 2421 741 0 0
1747 T 922 4229 1164 0 0
1747 T 3631 325 4229 0 0
1747 T 1161 4151 915 0 0
1747 T 4151 325 3705 0 0
1747 T 2405 1910 2896 0 0
1747 T 1910 1062 515 0 0
1747 T 2893 1971 2352 0 0
1747 T 515 1055 1971 0 0
1747 T 166 1751 956 0 0
1747 T 3137 2860 164 0 0
1747 T 2860 2768 1751 0 0
1747 T 161 2865 3207 0 0
1747 T 953 1830 159 0 0
1747 T 1830 2694 2865 0 0
1747 T 1194 3393 1296 0 0
1747 T 1298 3300 1188 0 0
1747 T 3300 3391 1229 0 0
1747 T 578 1899 660 0 0
1747 T 662 3404 3931 0 0
1747 T 657 1966 571 0 0
1747 T 4021 3314 655 0 0
1747 T 375 3443 3259 0 0
1747 T 3261 4220 384 0 0
1747 T 4220 3445 369 0 0
1747 T 381 4146 3351 0 0
1747 T 3353 3450 375 0 0
1747 T 372 3448 4146 0 0
1747 T 990 1618 4115 0 0
1747 T 4117 88 3844 0 0
1747 T 3774 93 4191 0 0
1747 T 4193 1619 983 0 0
1747 T 310 2419 852 0 0
1747 T 849 2369 303 0 0
1747 T 1387 1391 1384 0 0
1747 T 1382 1397 1388 0 0
1747 T 1640 1632 1636 0 0
1747 T 1916 1979 3590 1 0
1747 T 1186 3701 1292 0 0
1747 T 1294 3156 1192 0 0
1747 T 3156 3699 1197 0 0
1747 T 1189 3230 1287 0 0
1747 T 1289 3627 1179 0 0
1747 T 1200 3629 3230 0 0
1747 T 2038 851 3923 0 0
1747 T 4013 850 2031 0 0
1747 T 1622 4162 460 0 0
1747 T 4162 2798 526 0 0
1747 T 457 4236 1615 0 0
1747 T 519 2720 4236 0 0
1747 T 3025 345 4095 0 0
1747 T 4097 269 2028 0 0
1747 T 269 343 275 0 0
1747 T 2025 264 4171 0 0
1747 T 4173 344 2948 0 0
1747 T 274 346 264 1 0
1747 T 3749 1203 3027 0 0
1747 T 2954 1203 3819 0 0
1747 T 259 2067 1935 0 0
1747 T 1937 2182 3263 0 0
1747 T 1874 2074 259 0 0
1747 T 3357 2182 1872 0 0
1747 T 3925 868 3175 0 0
1747 T 1738 870 455 0 0
1747 T 3106 865 4011 0 0
1747 T 462 863 1811 0 0
1747 T 1753 2995 2900 0 0
1747 T 2905 3073 1828 0 0
1747 T 62 71 56 0 0
1747 T 58 2938 3619 0 0
1747 T 3694 2937 60 0 0
1747 T 3621 1120 3692 0 0
1747 T 1126 1482 4222 0 0
1747 T 4144 1483 1127 0 0
1747 T 1166 4231 1272 0 0
1747 T 3771 140 4231 0 0
1747 T 1269 4157 1159 0 0
1747 T 4157 145 3845 0 0
1747 T 148 3955 4044 0 0
1747 T 4046 47 3955 0 0
1747 T 2170 2186 2176 0 0
1747 T 2174 2188 2164 0 0
1747 T 766 3877 3806 0 0
1747 T 670 2872 3931 0 0
1747 T 662 726 668 0 0
1747 T 726 3404 2872 0 0
1747 T 665 727 655 0 0
1747 T 4021 2877 663 0 0
1747 T 2877 3314 727 0 0
1747 T 588 580 584 0 0
1747 T 586 3555 3751 0 0
1747 T 3826 3557 580 0 0
1747 T 2038 859 3175 0 0
1747 T 853 868 859 0 0
1747 T 3106 858 2031 0 0
1747 T 858 865 848 0 0
1747 T 1309 2641 3764 0 0
1747 T 3838 2571 1312 0 0
1747 T 662 1480 4099 0 0
1747 T 4101 2626 668 0 0
1747 T 665 2556 4175 0 0
1747 T 4177 1485 655 0 0
1747 T 374 1061 1935 0 0
1747 T 1937 2248 3440 0 0
1747 T 3437 2306 1872 0 0
1747 T 1874 1056 367 0 0
1747 T 2377 3297 2004 0 0
1747 T 2477 2902 2375 0 0
1747 T 2001 3387 2324 0 0
1747 T 2326 2903 2428 0 0
1747 T 1378 618 4200 0 0
1747 T 4202 3303 468 0 0
1747 T 465 3397 4124 0 0
1747 T 4126 618 1371 0 0
1747 T 1283 1179 3027 0 0
1747 T 2954 1186 1283 0 0
1747 T 3391 1419 3158 0 0
1747 T 3228 1426 3301 0 0
1747 T 1282 4049 1596 0 0
1747 T 3029 3629 1280 0 0
1747 T 1277 3699 2952 0 0
1747 T 1593 3959 1275 0 0
1747 T 1048 2571 1482 0 0
1747 T 1483 2641 1053 0 0
1747 T 322 3890 3631 0 0
1747 T 4229 3888 327 0 0
1747 T 3705 3891 315 0 0
1747 T 334 3893 4151 0 0
1747 T 414 1214 3939 0 0
1747 T 4030 1216 408 0 0
1747 T 3941 40 4028 1 0
1747 T 546 2204 2512 0 0
1747 T 2514 2210 3163 0 0
1747 T 2198 2208 2204 0 0
1747 T 2466 2201 539 0 0
1747 T 3237 2210 2464 0 0
1747 T 2201 2208 2191 0 0
1747 T 4202 3536 460 0 0
1747 T 531 3538 3305 0 0
1747 T 457 3541 4124 0 0
1747 T 3395 3539 538 0 0
1747 T 4127 1020 2177 0 0
1747 T 2172 1025 4205 0 0
1747 T 578 3548 3935 0 0
1747 T 570 622 576 0 0
1747 T 3937 3726 568 0 0
1747 T 622 3724 3548 0 0
1747 T 573 623 563 0 0
1747 T 565 3652 4023 0 0
1747 T 4025 3553 571 0 0
1747 T 3553 3654 623 0 0
1747 T 670 2235 584 0 0
1747 T 2235 2872 2791 0 0
1747 T 581 2294 663 0 0
1747 T 2717 2877 2294 0 0
1747 T 2030 2392 3171 0 0
1747 T 3173 64 2036 0 0
1747 T 2033 64 3100 0 0
1747 T 3102 2341 2023 0 0
1747 T 1998 2126 2004 0 0
1747 T 2377 500 1996 0 0
1747 T 2001 2119 1991 0 0
1747 T 1993 505 2324 0 0
1747 T 54 49 53 0 0
1747 T 51 3563 3623 0 0
1747 T 3698 3569 52 0 0
1747 T 290 823 2611 0 0
1747 T 2613 894 2543 0 0
1747 T 2545 829 288 0 0
1747 T 2485 705 3119 0 0
1747 T 3121 711 440 0 0
1747 T 437 718 3191 0 0
1747 T 3193 708 2436 0 0
1747 T 258 1772 2056 0 0
1747 T 3725 2193 1772 0 0
1747 T 2053 1849 251 0 0
1747 T 1849 2196 3651 0 0
1747 T 134 151 128 0 0
1747 T 2114 1067 3692 0 0
1747 T 3621 1073 2112 0 0
1747 T 3450 4140 268 0 0
1747 T 3265 52 3448 0 0
1747 T 4140 54 3870 0 0
1747 T 265 4218 3443 0 0
1747 T 3445 52 3355 0 0
1747 T 3796 54 4218 0 0
1747 T 4117 4194 150 0 0
1747 T 92 88 115 0 0
1747 T 1937 2639 3448 0 0
1747 T 3445 2573 1872 0 0
1747 T 2401 535 736 0 0
1747 T 2449 3540 2399 0 0
1747 T 733 534 2348 0 0
1747 T 2350 3537 2495 0 0
1747 T 662 1911 780 0 0
1747 T 782 3092 4099 0 0
1747 T 777 1978 655 0 0
1747 T 4177 3018 775 0 0
1747 T 4231 115 4158 0 0
1747 T 643 646 642 -1 0
1747 T 1118 3990 645 0 0
1747 T 3990 400 4075 0 0
1747 T 4077 1114 646 0 0
1747 T 1562 1545 1553 0 0
1747 T 1551 1708 2267 0 0
1747 T 2269 4 1560 0 0
1747 T 4 1710 1545 0 0
1747 T 1557 4 2212 0 0
1747 T 1553 1548 1555 0 0
1747 T 2214 1785 1551 0 0
1747 T 1548 1783 4 0 0
1747 T 3682 1688 1943 0 0
1747 T 1882 1693 3608 0 0
1747 T 414 1773 568 0 0
1747 T 565 1848 407 0 0
1747 T 3021 238 4091 0 0
1747 T 4093 232 2028 0 0
1747 T 232 236 227 0 0
1747 T 2025 232 4167 0 0
1747 T 4169 239 2944 0 0
1747 T 226 241 232 0 0
1747 T 3557 2502 2237 0 0
1747 T 2292 2452 3556 0 0
1747 T 1062 4145 2640 0 0
1747 T 2574 4219 1055 0 0
1747 T 790 2233 668 0 0
1747 T 4101 2142 788 0 0
1747 T 665 2288 783 0 0
1747 T 785 2143 4175 0 0
1747 T 314 312 314 -1 0
1747 T 1665 1663 1665 0 0
1747 T 443 447 440 -1 0
1747 T 3121 2753 445 0 0
1747 T 445 2675 3191 0 0
1747 T 437 450 443 0 0
1747 T 782 858 788 0 0
1747 T 858 3092 2140 0 0
1747 T 785 859 775 0 0
1747 T 2145 3018 859 0 0
1747 T 190 177 185 0 0
1747 T 4190 4263 188 0 0
1747 T 4263 3770 177 0 0
1747 T 189 4263 4112 0 0
1747 T 185 180 187 0 0
1747 T 180 3840 4263 0 0
1747 T 2046 1317 3743 0 0
1747 T 3177 3016 2044 0 0
1747 T 2041 3094 3104 0 0
1747 T 3817 1320 2039 0 0
1747 T 1587 1267 4095 0 0
1747 T 4173 1274 1587 0 0
1747 T 2448 3505 2497 0 0
1747 T 734 764 736 0 0
1747 T 738 3877 3508 0 0
1747 T 3510 3804 732 0 0
1747 T 1338 342 4036 0 0
1747 T 4038 332 2687 0 0
1747 T 2765 329 3948 0 0
1747 T 3950 335 1331 0 0
1747 T 166 3220 1304 0 0
1747 T 1306 3655 172 0 0
1747 T 3655 3222 194 0 0
1747 T 169 3729 1299 0 0
1747 T 1301 3150 159 0 0
1747 T 195 3148 3729 0 0
1747 T 3504 2231 2287 0 0
1747 T 994 2156 3955 0 0
1747 T 4046 2155 996 0 0
1747 T 94 1754 2852 0 0
1747 T 2855 2767 92 0 0
1747 T 2854 2861 2857 0 0
1747 T 89 2693 2855 0 0
1747 T 2857 2864 2847 0 0
1747 T 2849 1827 87 0 0
1747 T 2846 2932 2840 0 0
1747 T 2842 70 2983 0 0
1747 T 3062 68 2844 1 0
1747 T 94 2996 2844 0 0
1747 T 2846 2901 2852 0 0
1747 T 2849 2904 2839 0 0
1747 T 2841 3074 87 0 0
1747 T 2273 3462 2379 0 0
1747 T 3127 3460 83 0 0
1747 T 2330 3455 2216 0 0
1747 T 83 3457 3201 0 0
1747 T 792 784 788 0 0
1747 T 790 4212 920 0 0
1747 T 918 4137 784 0 0
1747 T 4137 246 4212 0 0
1747 T 110 2245 2884 0 0
1747 T 2887 2499 108 0 0
1747 T 2886 2893 2889 0 0
1747 T 105 2453 2887 0 0
1747 T 2889 2896 2879 0 0
1747 T 2881 2299 103 0 0
1747 T 2405 2942 2351 0 0
1747 T 2506 2930 2455 0 0
1747 T 1155 1159 1152 0 0
1747 T 1154 4151 2383 0 0
1747 T 2385 917 1157 0 0
1747 T 1157 920 2332 0 0
1747 T 1149 1166 1155 0 0
1747 T 2334 4229 1147 0 0
1747 T 4262 3 4052 0 0
1747 T 3965 4 4260 0 0
1747 T 190 3842 4295 0 0
1747 T 4297 980 1360 0 0
1747 T 1357 977 4363 0 0
1747 T 4365 3768 187 0 0
1747 T 2886 2920 2876 0 0
1747 T 2293 203 2884 0 0
1747 T 203 2716 2920 0 0
1747 T 2881 203 2236 0 0
1747 T 2873 2917 2879 0 0
1747 T 2917 2794 203 0 0
1747 T 2818 512 3019 0 0
1747 T 3021 521 4271 0 0
1747 T 4273 515 2816 0 0
1747 T 2813 515 4339 0 0
1747 T 2946 509 2811 0 0
1747 T 4341 524 2944 0 0
1747 T 2269 2910 2375 0 0
1747 T 2567 2908 6 0 0
1747 T 2326 2911 2212 0 0
1747 T 6 2913 2637 0 0
1747 T 270 3218 3460 0 0
1747 T 3462 4315 276 0 0
1747 T 4315 3216 346 0 0
1747 T 273 4385 3455 0 0
1747 T 3457 3144 263 0 0
1747 T 343 3146 4385 0 0
1747 T 2818 1971 2735 0 0
1747 T 2661 1909 2812 0 0
1747 T 2922 3 2796 0 0
1747 T 2245 3321 2920 0 0
1747 T 2798 3579 2243 0 0
1747 T 3321 3581 3 0 0
1747 T 2917 3411 2299 0 0
1747 T 2301 3578 2720 0 0
1747 T 2722 3 2915 0 0
1747 T 3 3576 3411 0 0
1747 T 2826 2914 2816 0 0
1747 T 2818 2636 3167 0 0
1747 T 3169 3 2824 0 0
1747 T 2821 3 3096 0 0
1747 T 2813 2907 2819 0 0
1747 T 3098 2570 2811 0 0
1747 T 4246 342 4028 -1 0
1747 T 3941 336 4244 0 0
1747 T 1774 2177 3798 0 0
1747 T 3868 2172 1847 0 0
1747 T 1034 1672 4315 0 0
1747 T 4385 1669 1027 0 0
1747 T 2401 2728 3508 0 0
1747 T 3509 2806 2348 0 0
1747 T 2102 559 4356 0 0
1747 T 4358 3289 284 0 0
1747 T 281 3379 4288 0 0
1747 T 4290 558 2095 0 0
1747 T 912 916 920 0 0
1747 T 4214 4137 312 0 0
1747 T 422 1905 576 0 0
1747 T 3560 3066 1905 0 0
1747 T 573 1968 415 0 0
1747 T 1968 2988 3561 0 0
1747 T 4038 4147 180 0 0
1747 T 4147 332 1695 0 0
1747 T 177 4225 3948 0 0
1747 T 1695 329 4225 0 0
1747 T 865 3417 4160 0 0
1747 T 4238 3323 868 0 0
1747 T 238 3163 4360 0 0
1747 T 242 248 236 0 0
1747 T 4362 1 4291 0 0
1747 T 4293 3238 240 0 0
1747 T 3502 2356 2555 0 0
1747 T 3374 84 3500 0 0
1747 T 3497 84 3280 0 0
1747 T 2625 2410 3495 0 0
1747 T 2127 3788 1955 0 0
1747 T 1957 561 2136 0 0
1747 T 2133 556 1892 0 0
1747 T 1894 3862 2127 0 0
1747 T 4358 3911 276 0 0
1747 T 302 3913 3287 0 0
1747 T 273 3911 4288 0 0
1747 T 3381 3913 295 0 0
1747 T 910 1115 900 0 0
1747 T 902 3989 1927 0 0
1747 T 1929 644 908 0 0
1747 T 905 644 1864 0 0
1747 T 897 1114 903 0 0
1747 T 1866 4075 895 0 0
1747 T 1362 2266 4188 0 0
1747 T 1491 871 2266 0 0
1747 T 4114 2320 1355 0 0
1747 T 2320 878 1498 0 0
1747 T 3682 3970 964 0 0
1747 T 961 4056 3608 0 0
1747 T 310 2992 860 0 0
1747 T 2421 867 2992 0 0
1747 T 857 3070 303 0 0
1747 T 3070 866 2367 0 0
1747 T 422 4382 3599 0 0
1747 T 1933 886 420 0 0
1747 T 886 1398 4382 0 0
1747 T 417 886 1868 0 0
1747 T 3673 4312 415 0 0
1747 T 4312 1391 886 0 0
1747 T 2477 3996 1568 0 0
1747 T 1565 4086 2428 0 0
1747 T 1606 2317 3335 0 0
1747 T 3337 106 1612 0 0
1747 T 1609 107 3244 0 0
1747 T 3246 2259 1599 0 0
1747 T 79 83 86 0 0
1747 T 4382 4313 82 1 0
1747 T 879 883 886 0 0
1747 T 843 2127 4319 0 0
1747 T 4321 65 4060 0 0
1747 T 3974 65 4387 0 0
1747 T 4389 2127 843 0 0
1747 T 598 4373 3119 0 0
1747 T 1425 705 4373 0 0
1747 T 3193 4303 591 0 0
1747 T 4303 708 1420 0 0
1747 T 2597 3625 2020 0 0
1747 T 2741 3563 2595 0 0
1747 T 2017 3695 2528 0 0
1747 T 2530 3570 2664 0 0
1747 T 4321 3860 300 0 0
1747 T 297 3790 4387 0 0
1747 T 4186 3795 568 0 0
1747 T 565 3869 4108 0 0
1747 T 2593 2937 2735 0 0
1747 T 2737 3622 2012 0 0
1747 T 2009 3692 2660 0 0
1747 T 2662 2937 2524 0 0
1747 T 2038 2143 2044 0 0
1747 T 2041 2142 2031 0 0
1747 T 1146 3942 1791 0 0
1747 T 1138 1213 1144 0 0
1747 T 1793 411 1136 0 0
1747 T 1141 1216 1131 0 0
1747 T 1133 410 1716 0 0
1747 T 1718 4028 1139 0 0
1747 T 362 4077 4244 0 0
1747 T 4246 3988 364 0 0
1747 T 606 3489 3119 0 0
1747 T 618 4373 3489 0 0
1747 T 3193 3492 599 0 0
1747 T 3492 4303 618 0 0
1747 T 1903 3548 3236 0 0
1747 T 3166 3553 1970 0 0
1747 T 2922 2924 2916 0 0
1747 T 2022 1065 4271 0 0
1747 T 4341 1065 2015 0 0
1747 T 4 4239 3983 0 0
1747 T 3577 126 4239 0 0
1747 T 4073 4165 4 0 0
1747 T 4165 126 3580 0 0
1747 T 1546 1677 1548 0 0
1747 T 1785 2926 1707 0 0
1747 T 4190 182 4295 0 0
1747 T 4365 175 4112 0 0
1747 T 2477 1117 1576 0 0
1747 T 1573 1112 2428 0 0
1747 T 2264 182 982 0 0
1747 T 975 175 2322 0 0
1747 T 1462 1460 1462 -1 0
1747 T 2932 2934 2932 0 0
1747 T 2014 2111 2020 0 0
1747 T 2597 825 2012 0 0
1747 T 2017 2114 2007 0 0
1747 T 2009 828 2528 0 0
1747 T 2969 3529 2487 0 0
1747 T 1015 3527 4056 0 0
1747 T 2442 3532 3043 0 0
1747 T 3970 3534 1015 0 0
1747 T 843 1892 300 0 0
1747 T 297 1957 843 0 0
1747 T 114 2373 1196 -1 0
1747 T 1202 2424 112 0 0
1747 T 1198 1232 1200 0 0
1747 T 2424 1234 2373 0 0
1747 T 4162 3579 871 0 0
1747 T 878 3578 4236 0 0
1747 T 3911 2417 1894 0 0
1747 T 1955 2363 3911 0 0
1747 T 2826 2581 3019 0 0
1747 T 2912 512 2581 0 0
1747 T 2946 2647 2819 0 0
1747 T 2647 509 2909 0 0
1747 T 3745 1323 3335 0 0
1747 T 3246 1330 3815 0 0
1747 T 2385 3891 2275 0 0
1747 T 2222 3890 2332 0 0
1747 T 4034 2084 1935 0 0
1747 T 1874 2081 3944 0 0
1747 T 998 496 4040 0 0
1747 T 4042 489 2443 0 0
1747 T 2493 484 3952 0 0
1747 T 3954 493 991 0 0
1747 T 2741 3961 1584 0 0
1747 T 1581 4047 2664 0 0
1747 T 878 889 868 0 0
1747 T 3576 3323 889 0 0
1747 T 865 889 871 0 0
1747 T 889 3417 3581 0 0
1747 T 4273 1055 2735 0 0
1747 T 2662 1062 4339 0 0
1747 T 4097 1473 2739 0 0
1747 T 2666 1476 4171 0 0
1747 T 2155 2159 2156 0 0
1747 T 134 3727 4299 0 0
1747 T 3494 3148 132 0 0
1747 T 4301 197 3492 0 0
1747 T 129 3222 3487 0 0
1747 T 3489 192 4367 0 0
1747 T 4369 3657 127 0 0
1747 T 2022 1072 2735 0 0
1747 T 2662 1069 2015 0 0
1747 T 966 1886 137 0 0
1747 T 1886 18 3495 0 0
1747 T 137 1947 959 0 0
1747 T 3502 19 1947 0 0
1747 T 2826 1350 4091 0 0
1747 T 4169 1351 2819 0 0
1747 T 1911 1472 3657 0 0
1747 T 3727 1477 1978 0 0
1747 T 2887 3851 2291 0 0
1747 T 2238 3781 2887 0 0
1747 T 450 2733 612 0 0
1747 T 610 2808 448 0 0
1747 T 2808 642 2733 0 0
1747 T 982 1014 972 0 0
1747 T 974 2780 180 0 0
1747 T 2780 1012 2264 0 0
1747 T 177 2706 967 0 0
1747 T 969 1007 975 0 0
1747 T 2322 1009 2706 0 0
1747 T 3230 2424 3568 0 0
1747 T 3565 2374 3156 0 0
1747 T 606 2542 445 0 0
1747 T 2542 3489 2751 0 0
1747 T 445 2607 599 0 0
1747 T 2677 3492 2607 0 0
1747 T 135 4367 4256 0 0
1747 T 4258 3657 144 0 0
1747 T 141 3727 4251 0 0
1747 T 4253 4301 135 0 0
1747 T 4293 2209 1360 0 0
1747 T 1357 2209 4359 0 0
1747 T 290 291 284 0 0
1747 T 2681 3684 288 0 0
1747 T 3684 972 291 0 0
1747 T 289 3614 2755 0 0
1747 T 281 291 287 0 0
1747 T 291 969 3614 0 0
1747 T 3434 999 3807 0 0
1747 T 3809 1093 3735 0 0
1747 T 3737 1005 3432 0 0
1747 T 4217 636 4140 0 0
1747 T 3337 3245 44 0 0
1747 T 3682 3534 972 0 0
1747 T 969 3527 3608 0 0
1747 T 1587 1275 2739 0 0
1747 T 2666 1282 1587 0 0
1747 T 2046 1529 3335 0 0
1747 T 3246 1528 2039 0 0
1747 T 614 3041 445 0 0
1747 T 3041 622 2540 0 0
1747 T 445 2963 607 0 0
1747 T 2609 623 2963 0 0
1747 T 3470 135 2679 0 0
1747 T 2489 1886 3468 0 0
1747 T 3465 1947 2440 0 0
1747 T 2757 135 3463 0 0
1747 T 434 4476 3123 0 0
1747 T 1414 1097 4476 0 0
1747 T 3197 4434 427 0 0
1747 T 4434 1100 1407 0 0
1747 T 570 989 4103 0 0
1747 T 4105 2396 576 0 0
1747 T 573 2345 4179 0 0
1747 T 4181 984 563 0 0
1747 T 4038 4405 185 0 0
1747 T 4405 4147 187 0 0
1747 T 185 4408 3948 0 0
1747 T 190 4225 4408 0 0
1747 T 2685 4066 240 0 0
1747 T 4066 1333 225 0 0
1747 T 237 3976 2759 0 0
1747 T 228 1336 3976 0 0
1747 T 1809 318 708 0 0
1747 T 2693 3892 1807 0 0
1747 T 705 319 1732 0 0
1747 T 1734 3889 2767 0 0
1747 T 2597 782 4415 0 0
1747 T 4417 772 2012 0 0
1747 T 772 780 823 0 0
1747 T 2009 769 4459 0 0
1747 T 4461 775 2528 0 0
1747 T 830 777 769 0 0
1747 T 902 1119 896 0 0
1747 T 898 361 1715 0 0
1747 T 1793 363 900 0 0
1747 T 1717 4247 1791 0 0
1747 T 1346 1963 4036 0 0
1747 T 3950 1902 1339 0 0
1747 T 1809 3993 2844 0 0
1747 T 2841 4079 1732 0 0
1747 T 90 22 4376 0 0
1747 T 4378 118 4307 0 0
1747 T 4309 24 92 0 0
1747 T 1578 910 4415 0 0
1747 T 1918 782 910 0 0
1747 T 4461 903 1571 0 0
1747 T 903 775 1980 0 0
1747 T 2969 4495 384 0 0
1747 T 382 4454 3044 0 0
1747 T 4495 8 4454 1 0
1747 T 566 638 568 0 0
1747 T 1933 1869 4250 1 0
1747 T 2878 2874 2870 0 0
1747 T 1929 4245 1791 0 0
1747 T 1718 4244 1864 0 0
1747 T 4093 1340 3171 0 0
1747 T 3102 1345 4167 0 0
1747 T 910 906 914 1 0
1747 T 1138 2577 1923 0 0
1747 T 1925 121 1144 0 0
1747 T 121 2575 1211 0 0
1747 T 1141 121 1860 0 0
1747 T 1862 2643 1131 0 0
1747 T 1218 2645 121 0 0
1747 T 998 1044 988 0 0
1747 T 990 1768 4040 0 0
1747 T 498 1770 1044 0 0
1747 T 985 1041 991 0 0
1747 T 3954 1845 983 0 0
1747 T 1041 1843 491 0 0
1747 T 4203 2356 2188 0 0
1747 T 2185 2410 4129 0 0
1747 T 2477 902 4415 0 0
1747 T 4461 895 2428 0 0
1747 T 2731 3041 437 0 0
1747 T 440 2963 2809 0 0
1747 T 1470 867 4484 0 0
1747 T 4486 2994 741 0 0
1747 T 741 3068 4440 0 0
1747 T 4442 866 1463 0 0
1747 T 2273 4315 1568 0 0
1747 T 1565 4385 2216 0 0
1747 T 2273 1032 1560 0 0
1747 T 1557 1029 2216 0 0
1747 T 1750 902 774 0 0
1747 T 767 895 1823 0 0
1747 T 1154 4488 908 0 0
1747 T 4488 3315 646 0 0
1747 T 905 4446 1147 0 0
1747 T 646 3409 4446 0 0
1747 T 3601 85 4352 0 0
1747 T 4354 3457 377 0 0
1747 T 377 3460 4284 0 0
1747 T 4286 85 3671 0 0
1747 T 4309 1084 2844 0 0
1747 T 2841 1089 4375 0 0
1747 T 982 1746 3684 0 0
1747 T 1012 293 1746 0 0
1747 T 3614 1819 975 0 0
1747 T 1819 293 1009 0 0
1747 T 2827 2031 3919 0 0
1747 T 3665 3102 2829 0 0
1747 T 2829 3171 3592 0 0
1747 T 4009 2038 2827 0 0
1747 T 702 3067 3484 0 0
1747 T 3486 4441 708 0 0
1747 T 705 4483 3479 0 0
1747 T 3481 2993 699 0 0
1747 T 0 4336 4267 0 0
1747 T 4269 198 2816 0 0
1747 T 2814 192 4336 0 0
1747 T 442 3897 3123 0 0
1747 T 488 4476 3897 0 0
1747 T 3197 3900 435 0 0
1747 T 3900 4434 485 0 0
1747 T 1578 4495 1260 0 0
1747 T 1257 4453 1571 0 0
1747 T 1809 493 2852 0 0
1747 T 2849 496 1732 0 0
1747 T 547 4499 2188 0 0
1747 T 2186 4458 548 0 0
1747 T 4458 1 4499 0 0
1747 T 570 1767 652 0 0
1747 T 654 4041 4103 0 0
1747 T 649 1846 563 0 0
1747 T 4181 3951 647 0 0
1747 T 4443 116 4490 0 0
1747 T 3665 2629 3432 0 0
1747 T 3741 1376 3663 0 0
1747 T 2629 1378 75 0 0
1747 T 3433 2559 3592 0 0
1747 T 3594 1373 3811 0 0
1747 T 75 1371 2559 0 0
1747 T 2357 2165 1024 0 0
1747 T 1021 2168 2407 0 0
1747 T 2838 1433 3663 0 0
1747 T 3741 1384 2836 0 0
1747 T 2833 1381 3811 0 0
1747 T 3594 1428 2831 0 0
1747 T 2046 2042 44 1 0
1747 T 1134 1229 1136 0 0
1747 T 3917 1212 3428 0 0
1747 T 3426 1218 4004 0 0
1747 T 2297 4224 1648 0 0
1747 T 1645 4150 2240 0 0
1747 T 2855 4195 1807 0 0
1747 T 1734 4121 2855 0 0
1747 T 4258 1913 2283 0 0
1747 T 2230 1976 4251 0 0
1747 T 1925 3900 2275 0 0
1747 T 3162 3902 119 0 0
1747 T 2222 3897 1860 0 0
1747 T 119 3895 3232 0 0
1747 T 1254 4432 1923 0 0
1747 T 1925 1100 1244 0 0
1747 T 1241 1097 1860 0 0
1747 T 1862 4478 1247 0 0
1747 T 62 2510 1424 0 0
1747 T 3301 3585 60 0 0
1747 T 3585 3230 2510 0 0
1747 T 57 3585 3391 0 0
1747 T 1421 2460 55 0 0
1747 T 2460 3156 3585 0 0
1747 T 662 756 652 0 0
1747 T 654 982 4275 0 0
1747 T 4277 2283 660 0 0
1747 T 657 2230 4343 0 0
1747 T 649 761 655 0 0
1747 T 4345 975 647 0 0
1747 T 2094 1955 4356 0 0
1747 T 4290 1894 2087 0 0
1747 T 2939 2941 2939 -1 0
1747 T 3333 3090 3428 0 0
1747 T 3921 2140 3331 0 0
1747 T 3425 3012 3240 0 0
1747 T 3242 2145 4007 0 0
1747 T 4072 3983 1534 0 0
1747 T 310 306 314 0 0
1747 T 2994 3588 3067 0 0
1747 T 2826 1430 3171 0 0
1747 T 3102 1431 2819 0 0
1747 T 4501 3013 1219 0 0
1747 T 1219 3087 4455 0 0
1747 T 2102 4329 240 0 0
1747 T 4329 158 4064 0 0
1747 T 237 4395 2095 0 0
1747 T 3978 158 4395 0 0
1747 T 654 1746 772 0 0
1747 T 774 3686 4275 0 0
1747 T 769 1819 647 0 0
1747 T 4345 3612 767 0 0
1747 T 4286 4353 423 -1 0
1747 T 3323 3534 2782 0 0
1747 T 2704 3527 3417 0 0
1747 T 894 3999 4088 0 0
1747 T 892 894 892 1 0
1747 T 1 2 1 0 0
1747 T 3452 3456 3460 0 0
1747 T 3169 3572 3331 0 0
1747 T 3333 3802 2824 0 0
1747 T 2821 3872 3240 0 0
1747 T 3242 3573 3096 0 0
1747 T 391 3471 2607 0 0
1747 T 2677 3465 393 0 0
1747 T 3465 3492 3471 0 0
1747 T 393 3468 2751 0 0
1747 T 2542 3478 391 0 0
1747 T 3478 3489 3468 0 0
1747 T 3430 3513 3432 0 0
1747 T 3513 61 2627 0 0
1747 T 3433 3516 3423 0 0
1747 T 2561 56 3516 0 0
1747 T 3445 3449 3451 1 0
1747 T 0 4516 4503 0 0
1747 T 4505 767 2004 0 0
1747 T 2002 773 4516 0 0
1747 T 767 771 834 0 0
1747 T 3809 2576 3428 0 0
1747 T 3425 2646 3736 0 0
1747 T 4277 4256 780 0 0
1747 T 777 4253 4343 0 0
1747 T 3474 196 2543 0 0
1747 T 3478 3544 3472 0 0
1747 T 2613 194 3476 0 0
1747 T 4505 895 2591 0 0
1747 T 2526 902 4515 0 0
1747 T 3544 3548 3552 0 0
1747 T 823 3686 4258 0 0
1747 T 4251 3612 830 0 0
1747 T 2681 4256 2611 0 0
1747 T 2546 4253 2755 0 0
1747 T 2778 3521 77 0 0
1747 T 4054 3579 2776 0 0
1747 T 3521 3581 3527 0 0
1747 T 77 3524 2700 0 0
1747 T 2702 3578 3964 0 0
1747 T 3534 3576 3524 0 0
1747 T 2549 3858 284 0 0
1747 T 293 3856 999 0 0
1747 T 281 3784 2615 0 0
1747 T 1006 3786 293 0 0
1747 T 1014 1493 4507 0 0
1747 T 4509 871 2780 0 0
1747 T 2706 878 4519 0 0
1747 T 4521 1496 1007 0 0
1747 T 2254 1525 3976 0 0
1747 T 4066 1520 2308 0 0
1747 T 4269 1670 3167 0 0
1747 T 3098 1671 4335 0 0
1747 T 1370 4166 4052 0 0
1747 T 4262 4072 1368 0 0
1747 T 1365 3986 4259 0 0
1747 T 3966 4240 1363 0 0
1747 T 1370 125 2776 0 0
1747 T 2702 125 1363 0 0
1747 T 1026 491 4208 0 0
1747 T 4210 557 2359 0 0
1747 T 2413 560 4132 0 0
1747 T 4134 498 1019 0 0
1747 T 3526 889 2780 0 0
1747 T 4509 863 3524 0 0
1747 T 3521 870 4519 0 0
1747 T 2706 889 3519 0 0
1747 T 1526 395 4400 0 0
1747 T 4402 4333 154 0 0
1747 T 4333 396 1520 0 0
1747 T 4105 186 4468 0 0
1747 T 4470 1340 576 0 0
1747 T 573 1345 4424 0 0
1747 T 4426 186 4179 0 0
1747 T 4470 3947 660 0 0
1747 T 657 4037 4424 0 0
1747 T 3482 3588 3484 0 0
1747 T 662 4409 4103 0 0
1747 T 758 4041 4409 0 0
1747 T 4181 4404 655 0 0
1747 T 4404 3951 759 0 0
1747 T 2838 2821 2829 0 0
1747 T 2829 2824 2831 0 0
1747 T 506 4525 2912 0 0
1747 T 2581 4523 544 0 0
1747 T 2909 4511 499 0 0
1747 T 541 4513 2647 0 0
1747 T 2834 2930 2836 0 0
1747 T 4210 4326 308 0 0
1747 T 4326 557 1195 0 0
1747 T 305 4392 4132 0 0
1747 T 1202 560 4392 0 0
1747 T 2206 1497 4525 0 0
1747 T 4511 1492 2199 0 0
1747 T 1546 1042 1703 0 0
1747 T 1781 1044 1548 0 0
1747 T 394 389 393 0 0
1747 T 244 246 244 0 0
1747 T 2989 4481 205 0 0
1747 T 4438 3066 206 0 0
1747 T 4481 50 4436 0 0
1747 T 1034 1843 4208 0 0
1747 T 1026 1039 1032 0 0
1747 T 1029 1046 1019 0 0
1747 T 4134 1770 1027 0 0
1747 T 566 1034 4279 0 0
1747 T 4350 1028 568 0 0
1747 T 4281 314 4348 0 0
1747 T 1094 4396 4327 0 0
1747 T 1090 4402 3975 0 0
1747 T 4065 4332 1083 0 0
1747 T 1006 1096 1012 0 0
1747 T 1746 1098 3784 0 0
1747 T 1009 1101 999 0 0
1747 T 3858 1099 1819 0 0
1747 T 2917 1470 4479 0 0
1747 T 4437 1463 2920 0 0
1747 T 2613 4369 3468 0 0
1747 T 3465 4299 2544 0 0
1747 T 2046 3874 2836 0 0
1747 T 2834 3799 2040 0 0
1747 T 4350 4131 652 0 0
1747 T 649 4209 4280 0 0
1747 T 4325 766 4392 0 0
1747 T 2827 2039 3331 0 0
1747 T 3242 2046 2827 0 0
1747 T 1001 2576 3511 0 0
1747 T 3518 2646 1004 0 0
1747 T 2107 4428 284 0 0
1747 T 4428 235 3856 0 0
1747 T 281 4474 2107 0 0
1747 T 3786 242 4474 0 0
1747 T 2269 4512 1996 0 0
1747 T 1993 4526 2212 0 0
1747 T 2357 4554 1032 0 0
1747 T 4554 2165 1041 0 0
1747 T 1029 4536 2407 0 0
1747 T 1044 2168 4536 0 0
1747 T 1246 4554 1560 0 0
1747 T 1557 4536 1239 0 0
1747 T 2269 1491 1988 0 0
1747 T 1985 1498 2212 0 0
1747 T 1138 4555 1244 0 0
1747 T 2575 1100 4555 0 0
1747 T 1241 4541 1131 0 0
1747 T 4541 1097 2645 0 0
1747 T 3518 4540 1012 0 0
1747 T 1009 4558 3511 0 0
1747 T 134 1507 2979 0 0
1747 T 3058 1513 128 0 0
1747 T 2981 4411 3056 0 0
1747 T 1921 4538 1548 0 0
1747 T 1545 4552 1856 0 0
1747 T 1921 1241 1553 0 0
1747 T 1553 1244 1856 0 0
1747 T 832 4473 4430 0 0
1747 T 654 763 648 0 0
1747 T 650 1102 4419 0 0
1747 T 4466 1096 652 0 0
1747 T 4421 250 4464 0 0
1747 T 4466 3786 772 0 0
1747 T 769 3856 4420 0 0
1747 T 3482 124 3056 0 0
1747 T 2981 123 3484 0 0
1747 T 4413 2468 2515 0 0
1747 T 119 4491 3315 0 0
1747 T 3897 354 4491 0 0
1747 T 3409 4449 119 0 0
1747 T 4449 355 3900 0 0
1747 T 4493 640 4448 0 0
1747 T 3895 3899 3907 -1 0
1747 T 348 352 356 0 0
1747 T 358 3906 2808 0 0
1747 T 3907 3903 3906 0 0
1747 T 2733 3905 352 0 0
1747 T 1090 1086 1094 0 0
1747 T 391 4547 2963 0 0
1747 T 3473 623 4547 0 0
1747 T 3041 4533 391 0 0
1747 T 4533 622 3476 0 0
1747 T 1990 4593 1553 0 0
1747 T 1553 4559 1983 0 0
1747 T 2561 4612 1012 0 0
1747 T 4612 56 4542 0 0
1747 T 1009 4582 2627 0 0
1747 T 4556 61 4582 0 0
1747 T 4549 349 4532 0 0
1747 T 1134 2461 4596 0 0
1747 T 4598 48 4563 0 0
1747 T 4565 2508 1136 0 0
1747 T 1138 62 1787 0 0
1747 T 1714 55 1131 0 0
1747 T 2965 355 4544 0 0
1747 T 4546 3905 440 0 0
1747 T 437 3905 4528 0 0
1747 T 4530 354 3039 0 0
1747 T 2778 870 4575 0 0
1747 T 4577 4521 77 0 0
1747 T 77 4507 4607 0 0
1747 T 4609 863 2700 0 0
1747 T 388 4527 4544 0 0
1747 T 75 1007 1815 0 0
1747 T 1742 1014 75 0 0
1747 T 4630 49 4623 0 0
1747 T 2981 4622 708 0 0
1747 T 4622 123 4439 0 0
1747 T 705 4588 3055 0 0
1747 T 4485 123 4588 0 0
1747 T 123 870 1841 0 0
1747 T 1764 863 123 0 0
1747 T 4305 4616 132 0 0
1747 T 4616 616 3150 0 0
1747 T 129 4586 4371 0 0
1747 T 3220 616 4586 0 0
1747 T 710 1755 132 0 0
1747 T 129 1834 703 0 0
1747 T 3362 462 4571 0 0
1747 T 4573 4200 164 0 0
1747 T 161 4126 4603 0 0
1747 T 4605 455 3268 0 0
1747 T 3605 4599 364 0 0
1747 T 4599 211 3982 0 0
1747 T 361 4569 3675 0 0
1747 T 4068 218 4569 0 0
1747 T 166 616 1803 0 0
1747 T 1730 616 159 0 0
1747 T 253 27 3831 0 0
1747 T 3762 29 255 0 0
1747 T 1801 459 216 0 0
1747 T 213 458 1724 0 0
1747 T 258 1776 364 0 0
1747 T 361 1853 251 0 0
1747 T 4636 402 4633 0 0
1747 U 3348 1 15 0 0
1747 U 2961 7 1 0 0
1747 U 1054 15 7 0 0
1747 U 9 2 1 1 0
1747 U 3345 7 2 0 0
1747 U 2957 5 1 0 0
1747 U 1022 8 5 0 0
1747 U 942 11 1 0 0
1747 U 3376 5 11 0 0
1747 U 3007 11 15 0 0
1747 U 3368 3 5 0 0
1747 U 2977 8 3 0 0
1747 U 958 9 3 0 0
1747 U 3399 8 9 0 0
1747 U 3366 14 3 0 0
1747 U 2995 9 14 0 0
1747 U 2973 12 3 0 0
1747 U 1117 14 12 0 0
1747 U 966 6 3 0 0
1747 U 18 6 5 0 0
1747 U 3002 15 10 0 0
1747 U 1086 13 9 0 0
1747 U 3422 16 13 0 0
1747 U 23 10 9 0 0
1747 U 4631 13 15 0 0
1747 U 31 16 15 0 0
1747 U 3031 17 21 0 0
1747 U 3253 24 17 0 0
1747 U 1024 21 24 0 0
1747 U 9 18 17 0 0
1747 U 3038 24 18 0 0
1747 U 3257 31 17 0 0
1747 U 1048 23 31 0 0
1747 U 946 27 17 0 0
1747 U 3086 31 27 0 0
1747 U 3285 27 21 0 0
1747 U 3048 19 28 0 0
1747 U 3273 30 19 0 0
1747 U 1111 28 30 0 0
1747 U 954 25 19 0 0
1747 U 3074 30 25 0 0
1747 U 3054 24 19 0 0
1747 U 3310 25 24 0 0
1747 U 3277 21 19 0 0
1747 U 962 22 19 0 0
1747 U 20 21 22 0 0
1747 U 3075 26 31 0 0
1747 U 22 26 25 0 0
1747 U 1089 30 26 0 0
1747 U 3327 29 32 0 0
1747 U 4638 31 29 0 0
1747 U 32 31 32 -1 0
1747 U 1707 33 43 0 0
1747 U 4625 42 33 0 0
1747 U 1465 43 42 0 0
1747 U 33 34 33 0 0
1747 U 4597 42 34 0 0
1747 U 1713 39 33 0 0
1747 U 1422 41 39 0 0
1747 U 1242 50 33 0 0
1747 U 4612 39 50 0 0
1747 U 4594 49 33 0 0
1747 U 14 50 49 0 0
1747 U 1494 49 43 0 0
1747 U 1723 35 38 0 0
1747 U 11 36 35 0 0
1747 U 4605 38 36 0 0
1747 U 1729 40 35 0 0
1747 U 1372 37 40 0 0
1747 U 1302 45 35 0 0
1747 U 4615 40 45 0 0
1747 U 4602 48 35 0 0
1747 U 1775 45 48 0 0
1747 U 1365 48 38 0 0
1747 U 4610 43 37 0 0
1747 U 1765 47 43 0 0
1747 U 1741 49 37 0 0
1747 U 1755 41 46 0 0
1747 U 4620 41 48 0 0
1747 U 1509 48 46 0 0
1747 U 29 46 45 0 0
1747 U 1787 51 57 0 0
1747 U 4565 59 51 0 0
1747 U 1424 57 59 0 0
1747 U 33 52 51 0 0
1747 U 4629 59 52 0 0
1747 U 1785 61 51 0 0
1747 U 1467 60 61 0 0
1747 U 4561 67 51 0 0
1747 U 1496 61 67 0 0
1747 U 1246 68 51 0 0
1747 U 15 67 68 0 0
1747 U 4581 68 57 0 0
1747 U 1803 53 58 0 0
1747 U 4573 55 53 0 0
1747 U 1378 58 55 0 0
1747 U 11 54 53 0 0
1747 U 1802 55 54 0 0
1747 U 4569 66 53 0 0
1747 U 1367 56 66 0 0
1747 U 1306 63 53 0 0
1747 U 1853 66 63 0 0
1747 U 4586 63 58 0 0
1747 U 1815 55 67 0 0
1747 U 4577 61 55 0 0
1747 U 1839 61 65 0 0
1747 U 1833 64 59 0 0
1747 U 4589 66 59 0 0
1747 U 1511 64 66 0 0
1747 U 28 64 63 0 0
1747 Q 36 1660 36 1660 1 0 -1 0 0 0
1747 Q 554 1224 554 1224 0 0 0 0 0 0
1747 Q 150 3510 71 3508 -1 0 1 0 0 0
1747 Q 0 1986 1 1988 1 -1 0 0 0 0
1747 Q 1921 2 1855 0 0 0 0 0 0 0
1747 Q 2 15 1 14 0 0 0 1 -1 1
1747 Q 348 1518 151 1517 0 0 0 0 0 0
1747 Q 1781 48 1703 0 0 0 0 0 0 0
1747 Q 2164 50 2170 2 0 0 0 0 0 0
1747 Q 472 1642 472 1642 0 0 0 0 0 0
1747 Q 2162 48 2162 48 0 0 0 0 0 0
1747 Q 148 3506 148 3506 0 0 0 0 0 0
1747 Q 48 3562 250 3560 -1 0 0 0 0 0
1747 Q 0 1994 152 1996 0 0 0 0 0 0
1747 Q 154 2206 1 2200 1 -1 0 0 0 0
1747 Q 1038 1665 1036 314 0 0 0 0 0 0
1747 Q 472 1390 79 1389 0 0 0 0 0 0
1747 Q 472 1634 8 1636 0 0 0 0 0 0
1747 Q 36 2353 74 2403 0 0 0 0 -1 0
1747 Q 72 2942 72 2942 0 0 0 0 0 0
1747 Q 38 2457 7 2504 0 0 0 0 0 0
1747 Q 2930 7 2930 7 0 0 0 0 -1 0
1747 Q 2737 73 2659 0 0 0 0 0 0 0
1747 Q 200 1909 71 1971 0 0 0 0 0 0
1747 Q 1106 2939 1104 250 0 0 0 0 -1 0
1747 Q 720 1889 7 1951 0 0 0 0 0 0
1747 Q 1969 248 1903 202 0 0 0 0 0 0
1747 Q 388 2441 79 2487 0 0 0 0 0 0
1747 Q 2401 243 2347 150 0 0 0 0 0 0
1747 Q 71 2803 245 2730 0 0 0 0 0 0
1747 Q 2868 722 2868 722 0 0 0 0 0 0
1747 Q 148 2498 38 2447 0 0 0 0 0 0
1747 Q 1666 3574 1 3572 0 0 0 0 0 0
1747 Q 720 1885 82 1947 0 0 0 0 0 0
1747 Q 20 80 18 81 0 0 0 0 0 0
1747 Q 3230 72 3155 50 0 0 0 0 0 0
1747 Q 893 2371 74 2426 0 0 0 0 0 0
1747 Q 3333 2 3239 0 0 0 0 0 0 0
