0
0 d=971
0
971 A 5 0 2 1 -2 -1
971 A 6 0 -1 2 1 -2
971 A 7 0 2 3 -2 -3
971 A 9 0 -1 2 1 -2
971 A 10 0 3 4 -3 -4
971 A 12 0 5 2 -5 -2
971 A 12 0 -1 2 1 -2
971 A 13 0 6 1 -6 -1
971 A 14 0 5 4 -5 -4
971 A 15 0 7 1 -7 -1
971 A 15 0 -2 4 2 -4
971 A -2 1 97 1 -97 -1
971 A 1 1 -98 1 98 -1
971 A -3 1 79 1 -79 -1
971 A 2 1 -80 1 80 -1
971 A -4 1 97 1 -97 -1
971 A -4 1 16 0 -16 0
971 A 3 1 -98 1 98 -1
971 A 3 1 16 0 -16 0
971 A -6 1 80 2 -80 -2
971 A -6 1 106 2 -106 -2
971 A -6 1 58 1 -58 -1
971 A 5 1 -59 1 59 -1
971 A 5 1 -108 2 108 -2
971 A 5 1 -82 2 82 -2
971 A -7 1 113 3 -113 -3
971 A 6 1 -116 3 116 -3
971 A 17 0 5 7 -5 -7
971 A -8 1 92 3 -92 -3
971 A 7 1 -95 3 95 -3
971 A -9 1 53 2 -53 -2
971 A 8 1 -55 2 55 -2
971 A 18 0 -1 2 1 -2
971 A 19 0 -3 6 3 -6
971 A -13 1 61 4 -61 -4
971 A 12 1 -65 4 65 -4
971 A 20 0 7 6 -7 -6
971 A 20 0 -3 6 3 -6
971 A -18 1 26 2 -26 -2
971 A 17 1 -28 2 28 -2
971 A 26 0 7 12 -7 -12
971 A -22 1 24 1 -24 -1
971 A 21 1 -25 1 25 -1
971 A 28 0 -5 10 5 -10
971 A 30 0 13 4 -13 -4
971 A 30 0 -7 14 7 -14
971 A 41 1 -137 19 137 -19
971 A -42 1 118 19 -118 -19
971 A 5 0 -1 2 -1 2
971 A 11 0 -2 4 -2 4
971 A 13 0 4 5 4 5
971 A 17 0 -3 6 -3 6
971 A 25 0 9 7 9 7
971 A 4 0 1 1 -2 1
971 A 4 0 -1 1 0 -1
971 A 5 0 -2 2 0 1
971 A 5 0 -1 1 0 2
971 A 6 0 -2 1 -1 -1
971 A 7 0 3 1 1 -2
971 A 7 0 -3 1 -3 2
971 A 7 0 -3 3 0 1
971 A 7 0 2 1 1 2
971 A 7 0 -2 2 0 -2
971 A 7 0 -2 3 -1 3
971 A 7 0 -1 1 0 3
971 A 8 0 -5 3 2 -1
971 A 8 0 3 1 4 -1
971 A 8 0 -3 1 2 1
971 A 8 0 -3 3 0 1
971 A 8 0 2 3 -1 -1
971 A 8 0 -2 3 -1 3
971 A 8 0 1 3 4 -3
971 A 8 0 -1 1 0 3
971 A 9 0 -5 4 2 -1
971 A 9 0 4 1 2 -4
971 A 9 0 -4 2 -2 -2
971 A 9 0 1 4 -1 -1
971 A 10 0 4 1 5 -3
971 A 10 0 -4 3 1 3
971 A 10 0 -3 1 -2 -1
971 A 10 0 -3 3 0 -1
971 A 10 0 2 3 5 -1
971 A 10 0 -1 1 0 -3
971 A 11 0 -6 5 -6 3
971 A 11 0 -6 4 4 -3
971 A 11 0 -6 2 -3 4
971 A 11 0 5 1 3 5
971 A 11 0 -5 1 -4 -1
971 A 11 0 -5 2 -1 3
971 A 11 0 -5 3 3 -1
971 A 11 0 -5 4 -1 -4
971 A 11 0 -5 5 0 -2
971 A 11 0 -7 5 4 -1
971 A 11 0 -7 4 -2 1
971 A 11 0 4 3 1 -2
971 A 11 0 4 2 -1 4
971 A 11 0 -4 2 2 2
971 A 11 0 -4 4 0 3
971 A 11 0 -4 5 1 -5
971 A 11 0 3 4 1 1
971 A 11 0 3 3 1 5
971 A 11 0 3 2 -2 3
971 A 11 0 3 1 -2 -5
971 A 11 0 -3 2 -3 5
971 A 11 0 -3 3 0 4
971 A 11 0 2 4 -1 -3
971 A 11 0 2 3 -2 -1
971 A 11 0 -2 2 0 -5
971 A 11 0 1 2 -2 5
971 A 11 0 -1 1 0 1
971 A 12 0 -7 5 -2 1
971 A 12 0 -5 1 -4 -1
971 A 12 0 -4 5 1 -5
971 A 12 0 2 5 1 1
971 A 13 0 -7 6 -2 1
971 A 13 0 -7 5 3 1
971 A 13 0 -7 4 -4 -1
971 A 13 0 -7 3 6 -2
971 A 13 0 -7 2 3 -4
971 A 13 0 -6 3 2 2
971 A 13 0 -6 5 4 -6
971 A 13 0 -6 6 0 -6
971 A 13 0 -8 6 1 3
971 A 13 0 -8 5 8 -4
971 A 13 0 5 3 -2 4
971 A 13 0 5 2 1 -4
971 A 13 0 -5 1 -3 -4
971 A 13 0 -5 2 -3 -2
971 A 13 0 -5 4 -2 5
971 A 13 0 -5 5 0 -2
971 A 13 0 -5 6 -2 -1
971 A 13 0 4 4 -3 -5
971 A 13 0 4 3 -4 -2
971 A 13 0 -4 1 2 5
971 A 13 0 -4 2 3 3
971 A 13 0 -4 3 2 6
971 A 13 0 -4 4 0 4
971 A 13 0 -3 1 1 -6
971 A 13 0 -3 3 0 1
971 A 13 0 -3 5 1 4
971 A 13 0 -2 2 0 -5
971 A 13 0 -2 3 -1 3
971 A 13 0 1 6 1 1
971 A 13 0 1 5 2 -6
971 A 13 0 -1 1 0 3
971 A 13 0 -1 2 -3 6
971 A 14 0 -8 5 5 -1
971 A 14 0 -8 3 5 3
971 A 14 0 6 1 -7 3
971 A 14 0 -6 5 3 1
971 A 14 0 -5 3 -2 -3
971 A 14 0 -5 5 0 -5
971 A 14 0 4 3 -7 1
971 A 14 0 4 1 -3 -5
971 A 14 0 -4 1 1 5
971 A 14 0 -4 5 3 -1
971 A 14 0 -3 3 0 1
971 A 14 0 2 5 7 -5
971 A 14 0 2 1 1 -5
971 A 14 0 -2 3 -1 3
971 A 14 0 -1 1 0 3
971 A 15 0 -7 2 -5 1
971 A 15 0 5 2 4 1
971 A 15 0 -5 4 2 -7
971 A 15 0 -5 7 -1 -4
971 A 15 0 4 7 -1 2
971 A -1 1 113 0 43 0
971 A -1 1 109 0 107 0
971 A -1 1 106 0 -94 0
971 A -1 1 101 0 -77 0
971 A -1 1 100 0 17 0
971 A -1 1 86 0 -65 0
971 A -1 1 85 0 20 0
971 A -1 1 83 0 -41 0
971 A -1 1 82 0 80 0
971 A -1 1 79 0 -40 0
971 A -1 1 76 0 -16 0
971 A -1 1 67 0 29 0
971 A -1 1 55 0 53 0
971 A -1 1 38 0 -32 0
971 A -1 1 28 0 26 0
971 A 0 1 113 0 43 0
971 A 0 1 109 0 107 0
971 A 0 1 106 0 -94 0
971 A 0 1 101 0 -77 0
971 A 0 1 100 0 17 0
971 A 0 1 86 0 -65 0
971 A 0 1 85 0 20 0
971 A 0 1 83 0 -41 0
971 A 0 1 82 0 80 0
971 A 0 1 79 0 -40 0
971 A 0 1 76 0 -16 0
971 A 0 1 67 0 29 0
971 A 0 1 55 0 53 0
971 A 0 1 38 0 -32 0
971 A 0 1 28 0 26 0
971 A -2 1 85 1 105 1
971 A -2 1 95 1 -48 0
971 A -2 1 99 1 112 1
971 A -2 1 101 1 86 1
971 A -2 1 104 1 102 1
971 A -2 1 94 1 74 0
971 A -2 1 76 0 29 0
971 A -2 1 72 0 17 0
971 A -2 1 68 0 18 0
971 A -2 1 66 0 -26 0
971 A -2 1 52 0 -33 0
971 A -2 1 46 0 -16 0
971 A -2 1 36 0 34 0
971 A -2 1 32 0 -23 0
971 A -2 1 24 0 51 0
971 A -2 1 73 0 -47 0
971 A -2 1 71 0 69 0
971 A -2 1 57 0 -43 0
971 A -2 1 53 0 -37 0
971 A 1 1 76 0 29 0
971 A 1 1 74 0 95 -1
971 A 1 1 73 0 -47 0
971 A 1 1 72 0 17 0
971 A 1 1 71 0 69 0
971 A 1 1 68 0 18 0
971 A 1 1 66 0 -26 0
971 A 1 1 57 0 -43 0
971 A 1 1 53 0 -37 0
971 A 1 1 52 0 -33 0
971 A 1 1 51 0 24 0
971 A 1 1 48 0 -96 1
971 A 1 1 46 0 -16 0
971 A 1 1 36 0 34 0
971 A 1 1 32 0 -23 0
971 A 1 1 -86 1 -106 1
971 A 1 1 -87 1 -102 1
971 A 1 1 -100 1 -113 1
971 A 1 1 -103 1 -105 1
971 A -3 1 109 1 20 0
971 A -3 1 106 1 -16 0
971 A -3 1 100 1 29 0
971 A -3 1 85 1 113 1
971 A -3 1 82 1 41 0
971 A -3 1 76 1 101 1
971 A -3 1 70 1 -55 -1
971 A -3 1 64 1 26 0
971 A -3 1 52 1 83 1
971 A -3 1 43 0 107 1
971 A -3 1 40 0 53 1
971 A -3 1 34 0 -22 0
971 A -3 1 28 0 77 1
971 A -3 1 44 0 -17 0
971 A 2 1 17 0 -44 0
971 A 2 1 29 0 101 -1
971 A 2 1 41 0 83 -1
971 A 2 1 43 0 108 -1
971 A 2 1 -53 1 -84 1
971 A 2 1 -65 1 -26 0
971 A 2 1 -71 1 56 -1
971 A 2 1 -77 1 -102 1
971 A 2 1 -107 1 16 0
971 A 2 1 -114 1 -86 1
971 A 2 1 -110 1 -20 0
971 A 2 1 40 0 54 -1
971 A 2 1 34 0 -22 0
971 A 2 1 28 0 78 -1
971 A -4 1 54 1 -22 0
971 A -4 1 110 2 -63 -1
971 A -4 1 105 2 84 1
971 A -4 1 85 1 102 1
971 A -4 1 73 1 -49 -1
971 A -4 1 45 1 26 0
971 A -4 1 37 1 -52 -1
971 A -4 1 29 0 -40 -1
971 A -4 1 39 1 79 1
971 A -4 1 67 1 75 1
971 A -4 1 104 2 103 1
971 A -4 1 100 1 72 1
971 A -4 1 48 1 -99 -1
971 A -4 1 28 0 -78 -1
971 A -4 1 19 0 -90 -1
971 A 3 1 -104 1 -106 2
971 A 3 1 -101 1 -73 1
971 A 3 1 -86 1 -103 1
971 A 3 1 -80 1 -40 1
971 A 3 1 -74 1 50 -1
971 A 3 1 29 0 -41 1
971 A 3 1 26 0 46 -1
971 A 3 1 19 0 -91 1
971 A 3 1 22 0 -55 1
971 A 3 1 28 0 -79 1
971 A 3 1 -49 1 100 -1
971 A 3 1 -64 1 112 -2
971 A 3 1 -76 1 -68 1
971 A 3 1 -85 1 -107 2
971 A 3 1 -38 1 53 -1
971 A 16 0 -9 7 10 -5
971 A 16 0 -9 5 -4 -5
971 A 16 0 -9 3 6 3
971 A 16 0 7 1 -8 3
971 A 16 0 -7 1 -2 5
971 A 16 0 -7 3 -4 5
971 A 16 0 -7 5 2 -3
971 A 16 0 -7 7 0 -3
971 A 16 0 -10 7 3 7
971 A 16 0 6 1 -3 5
971 A 16 0 -6 1 5 1
971 A 16 0 -6 5 1 5
971 A 16 0 -6 7 -5 3
971 A 16 0 -11 7 -4 -7
971 A 16 0 5 5 -2 -7
971 A 16 0 5 3 -8 1
971 A 16 0 -5 1 -4 7
971 A 16 0 4 3 -1 5
971 A 16 0 4 1 -3 7
971 A 16 0 -4 3 -1 -3
971 A 16 0 3 5 -8 7
971 A 16 0 -3 3 0 -7
971 A 16 0 2 5 1 -3
971 A 16 0 2 3 -1 7
971 A 16 0 1 7 -8 5
971 A -5 1 44 1 -92 -2
971 A -5 1 26 1 -17 0
971 A -5 1 36 1 -72 -1
971 A -5 1 112 2 87 2
971 A -5 1 77 1 83 2
971 A -5 1 57 1 113 2
971 A -5 1 42 1 -28 0
971 A -5 1 25 0 21 0
971 A -5 1 68 1 18 0
971 A 4 1 18 0 69 -1
971 A 4 1 -58 1 -115 2
971 A 4 1 -78 1 -85 2
971 A 4 1 -94 2 45 -1
971 A 4 1 -114 2 -89 2
971 A 4 1 -73 1 37 -1
971 A 4 1 25 0 21 0
971 A 4 1 17 0 -27 1
971 A 4 1 -43 1 28 0
971 A -6 1 26 1 -110 -3
971 A -6 1 32 1 67 2
971 A -6 1 38 1 25 1
971 A -6 1 68 2 52 1
971 A -6 1 74 2 67 1
971 A -6 1 109 3 -37 -1
971 A -6 1 109 2 -76 -2
971 A -6 1 103 2 -19 0
971 A -6 1 85 2 -64 -2
971 A -6 1 73 2 -94 -2
971 A -6 1 55 1 -82 -2
971 A -6 1 31 1 53 1
971 A -6 1 23 1 -101 -2
971 A -6 1 35 1 -20 0
971 A -6 1 41 1 -110 -2
971 A -6 1 71 2 -107 -3
971 A -6 1 77 2 40 1
971 A -6 1 83 2 -23 0
971 A -6 1 34 1 104 2
971 A -6 1 22 0 56 1
971 A 5 1 -54 1 -32 1
971 A 5 1 19 0 -105 2
971 A 5 1 -26 1 -39 1
971 A 5 1 -36 1 20 0
971 A 5 1 -41 1 -79 2
971 A 5 1 -56 1 84 -2
971 A 5 1 -66 2 87 -2
971 A 5 1 -76 2 -68 1
971 A 5 1 -96 2 75 -2
971 A 5 1 -106 2 -35 1
971 A 5 1 -111 2 78 -2
971 A 5 1 -112 2 42 -1
971 A 5 1 -57 1 -22 0
971 A 5 1 23 0 -85 2
971 A 5 1 -33 1 -69 2
971 A 5 1 -38 1 112 -3
971 A 5 1 -53 1 -70 2
971 A 5 1 -73 2 110 -3
971 A 5 1 -103 2 24 -1
971 A 5 1 -113 3 27 -1
971 A -7 1 97 3 107 3
971 A -7 1 55 1 -16 -1
971 A -7 1 22 1 -52 -1
971 A -7 1 36 1 46 1
971 A -7 1 92 3 51 1
971 A -7 1 106 3 78 2
971 A -7 1 95 3 -72 -2
971 A -7 1 53 2 17 0
971 A -7 1 39 1 -24 -1
971 A -7 1 65 2 87 2
971 A -7 1 30 1 63 2
971 A -7 1 98 3 77 2
971 A -7 1 91 3 -21 -1
971 A -7 1 42 1 -57 -1
971 A 6 1 -22 1 94 -3
971 A 6 1 -40 1 25 -1
971 A 6 1 -52 1 -95 3
971 A 6 1 -58 1 43 -1
971 A 6 1 -100 3 -110 3
971 A 6 1 -89 2 -67 2
971 A 6 1 -53 1 23 -1
971 A 6 1 -47 1 -37 1
971 A 6 1 17 0 55 -2
971 A 6 1 -31 1 -65 2
971 A 6 1 -79 2 -101 3
971 A 6 1 -109 3 -80 2
971 A 6 1 -56 1 17 -1
971 A 6 1 -74 2 98 -3
971 A 17 0 -9 7 -4 3
971 A 17 0 -9 6 1 2
971 A 17 0 -9 5 -8 7
971 A 17 0 -8 1 -1 -5
971 A 17 0 -8 5 -5 3
971 A 17 0 -8 6 4 -5
971 A 17 0 -7 3 -6 4
971 A 17 0 -6 5 -7 -1
971 A 17 0 -6 6 0 4
971 A 17 0 -6 7 -1 7
971 A 17 0 -12 8 5 -7
971 A 17 0 -5 2 3 2
971 A 17 0 -5 5 0 -2
971 A 17 0 -4 4 0 6
971 A 17 0 -4 6 -1 3
971 A 17 0 -4 8 2 -4
971 A 17 0 -3 2 3 6
971 A 17 0 -2 2 0 -5
971 A 17 0 -2 3 -2 6
971 A 17 0 -2 7 -4 -8
971 A 17 0 -1 2 8 1
971 A 17 0 -1 5 -2 -6
971 A 17 0 1 3 2 7
971 A 17 0 1 7 4 5
971 A 17 0 2 3 3 5
971 A 17 0 2 4 4 3
971 A 17 0 6 5 -7 -3
971 A -8 1 52 2 -14 -1
971 A -8 1 108 4 102 3
971 A -8 1 111 3 23 1
971 A -8 1 63 2 -45 -1
971 A -8 1 47 2 -19 0
971 A -8 1 39 1 -54 -2
971 A -8 1 90 3 115 3
971 A -8 1 82 3 86 3
971 A -8 1 18 0 67 2
971 A -8 1 77 2 37 1
971 A -8 1 27 1 -78 -2
971 A -8 1 16 1 113 3
971 A 7 1 -118 3 -93 3
971 A 7 1 -69 2 -18 0
971 A 7 1 -15 1 54 -2
971 A 7 1 -85 3 -89 3
971 A 7 1 -116 3 -17 1
971 A 7 1 -46 1 65 -2
971 A 7 1 -24 1 -114 3
971 A 7 1 -38 1 -79 2
971 A 7 1 -80 2 28 -1
971 A 7 1 19 0 -49 2
971 A 7 1 -40 1 56 -2
971 A 7 1 -105 3 -112 4
971 A -9 1 112 4 65 2
971 A -9 1 103 4 -25 -1
971 A -9 1 67 3 -97 -3
971 A -9 1 49 2 38 1
971 A -9 1 13 1 -34 -1
971 A -9 1 14 1 -101 -4
971 A -9 1 23 1 -101 -3
971 A -9 1 50 2 70 2
971 A -9 1 95 4 -74 -3
971 A -9 1 110 4 -32 -1
971 A -9 1 74 2 -86 -3
971 A -9 1 106 4 95 3
971 A -9 1 82 3 17 1
971 A -9 1 10 1 89 3
971 A -9 1 80 3 -44 -1
971 A 8 1 -52 2 -72 2
971 A 8 1 -76 2 89 -3
971 A 8 1 -92 3 -11 1
971 A 8 1 -100 3 70 -3
971 A 8 1 -116 4 -67 2
971 A 8 1 -39 1 -51 2
971 A 8 1 -33 1 114 -4
971 A 8 1 -105 4 15 -1
971 A 8 1 -98 3 -110 4
971 A 8 1 -14 1 35 -1
971 A 8 1 -45 1 83 -3
971 A 8 1 -99 4 77 -3
971 A 8 1 -107 4 26 -1
971 A 8 1 -104 3 24 -1
971 A 8 1 -85 3 -18 1
971 A 18 0 -11 7 -4 -7
971 A 18 0 7 4 5 8
971 A 18 0 -7 2 -5 -2
971 A 18 0 -7 8 -5 4
971 A 18 0 1 4 -1 8
971 A -10 1 25 1 9 1
971 A -10 1 88 3 -87 -4
971 A -10 1 58 3 100 4
971 A -10 1 38 2 115 4
971 A -10 1 18 1 77 3
971 A -10 1 12 1 -76 -3
971 A -10 1 22 1 42 1
971 A -10 1 62 3 56 2
971 A -10 1 19 1 -13 -1
971 A -10 1 59 3 -86 -3
971 A -10 1 34 1 -33 -2
971 A -10 1 117 4 -50 -2
971 A -10 1 90 4 106 4
971 A -10 1 40 1 -10 -1
971 A 9 1 -41 1 11 -1
971 A 9 1 -13 1 79 -3
971 A 9 1 -40 2 -119 4
971 A 9 1 -58 2 -65 3
971 A 9 1 -94 4 -110 4
971 A 9 1 -121 4 52 -2
971 A 9 1 -43 1 -23 1
971 A 9 1 -20 1 14 -1
971 A 9 1 -89 3 62 -3
971 A 9 1 -80 3 -19 1
971 A 9 1 -35 1 35 -2
971 A 9 1 -10 1 -26 1
971 A 9 1 -91 3 91 -4
971 A 9 1 -61 3 -104 4
971 A -11 1 83 4 -109 -5
971 A -11 1 104 5 78 3
971 A -11 1 81 4 37 1
971 A -11 1 107 5 -102 -4
971 A -11 1 80 4 26 1
971 A -11 1 53 2 58 2
971 A -11 1 34 2 -101 -4
971 A -11 1 45 2 -93 -4
971 A -11 1 23 1 -91 -4
971 A 10 1 -55 2 -60 2
971 A 10 1 -85 4 -38 1
971 A 10 1 -95 4 24 -1
971 A 10 1 -105 4 36 -2
971 A 10 1 -112 5 106 -4
971 A 10 1 -81 3 -109 5
971 A 10 1 -97 4 47 -2
971 A 10 1 -27 1 -84 4
971 A 10 1 -87 4 114 -5
971 A 19 0 -10 3 3 4
971 A 19 0 -9 3 -6 -3
971 A 19 0 -9 6 -1 -2
971 A 19 0 -8 2 -1 6
971 A 19 0 -8 3 6 -4
971 A 19 0 -8 8 0 -3
971 A 19 0 -12 8 4 8
971 A 19 0 -7 4 7 3
971 A 19 0 -5 2 -3 -2
971 A 19 0 -5 6 6 2
971 A 19 0 -3 2 -3 -6
971 A 19 0 -3 3 0 -8
971 A 19 0 2 4 -5 -3
971 A 19 0 6 7 8 3
971 A -12 1 46 3 20 1
971 A -12 1 14 1 -65 -3
971 A -12 1 109 5 47 2
971 A -12 1 97 5 -31 -1
971 A -12 1 85 4 -112 -5
971 A -12 1 25 2 116 5
971 A -12 1 88 5 26 1
971 A -12 1 40 2 29 1
971 A -12 1 80 4 -107 -5
971 A -12 1 83 4 -98 -4
971 A 11 1 -27 1 -93 5
971 A 11 1 -27 2 -121 5
971 A 11 1 -49 2 -114 5
971 A 11 1 -49 3 -21 1
971 A 11 1 -117 5 89 -4
971 A 11 1 -15 1 68 -3
971 A 11 1 -30 1 -42 2
971 A 11 1 -102 4 87 -4
971 A 11 1 -102 5 32 -1
971 A 11 1 -112 5 84 -4
971 A -13 1 67 3 -38 -2
971 A -13 1 98 6 21 1
971 A -13 1 19 1 109 6
971 A -13 1 101 6 -68 -3
971 A -13 1 27 2 -76 -4
971 A -13 1 73 4 -44 -3
971 A -13 1 13 1 33 1
971 A -13 1 91 4 -108 -5
971 A -13 1 30 1 102 5
971 A 12 1 -31 1 -107 5
971 A 12 1 -115 6 -20 1
971 A 12 1 -80 4 29 -2
971 A 12 1 -40 2 70 -3
971 A 12 1 -95 4 113 -5
971 A 12 1 -71 3 107 -6
971 A 12 1 -22 1 -104 6
971 A 12 1 -34 1 -14 1
971 A 12 1 -77 4 47 -3
971 A 20 0 -14 9 5 -7
971 A 20 0 -6 7 -1 7
971 A 20 0 5 9 2 -7
971 A -14 1 30 1 -15 -1
971 A -14 1 58 4 27 1
971 A -14 1 92 6 57 3
971 A -14 1 90 6 -79 -5
971 A -14 1 57 4 103 5
971 A -14 1 70 4 115 6
971 A 13 1 -28 1 -62 4
971 A 13 1 -84 5 96 -6
971 A 13 1 -60 3 -98 6
971 A 13 1 -31 1 16 -1
971 A 13 1 -121 6 -74 4
971 A 13 1 -108 5 -61 4
971 A -15 1 100 6 -16 -1
971 A -15 1 55 3 47 2
971 A -15 1 80 5 -23 -1
971 A -15 1 28 1 83 5
971 A -15 1 107 7 -113 -6
971 A -15 1 31 2 -22 -2
971 A -15 1 34 3 41 3
971 A -15 1 86 6 82 5
971 A -15 1 98 6 -110 -6
971 A 14 1 -49 2 -58 3
971 A 14 1 -119 6 114 -7
971 A 14 1 -44 3 -37 3
971 A 14 1 -87 5 -92 6
971 A 14 1 -106 6 17 -1
971 A 14 1 -104 6 116 -6
971 A 14 1 -29 1 -88 5
971 A 14 1 -85 5 24 -1
971 A 14 1 -24 2 33 -2
971 A -16 1 104 6 -64 -4
971 A -16 1 53 3 -46 -4
971 A -16 1 114 7 -61 -3
971 A -16 1 20 2 33 2
971 A 15 1 -68 4 110 -6
971 A 15 1 -22 2 -35 2
971 A 15 1 -56 3 50 -4
971 A 15 1 -64 3 121 -7
971 A 22 0 -12 9 13 -5
971 A 22 0 -12 3 -5 -9
971 A 22 0 -13 9 4 9
971 A 22 0 9 3 14 -9
971 A 22 0 -9 7 2 7
971 A 22 0 8 5 -3 -9
971 A 22 0 -6 7 1 -7
971 A 22 0 -5 7 -4 3
971 A 22 0 1 3 -2 7
971 A -17 1 113 7 100 6
971 A -17 1 84 7 -69 -4
971 A -17 1 99 6 -24 -1
971 A -17 1 71 5 -105 -8
971 A -17 1 19 2 34 2
971 A 16 1 -120 7 -106 6
971 A 16 1 -21 2 -36 2
971 A 16 1 -76 5 113 -8
971 A 16 1 -25 1 105 -6
971 A 16 1 -73 4 91 -7
971 A 23 0 -12 9 9 4
971 A 23 0 -12 3 -11 4
971 A 23 0 -13 9 4 9
971 A 23 0 -13 7 3 -8
971 A 23 0 -13 4 3 9
971 A 23 0 -10 8 2 8
971 A 23 0 -7 2 -1 -5
971 A 23 0 -6 5 -5 -2
971 A 23 0 -5 8 -6 -7
971 A 23 0 -4 4 0 4
971 A 23 0 -4 8 8 7
971 A 23 0 -2 4 -7 -9
971 A 23 0 7 4 9 3
971 A -18 1 40 3 56 5
971 A -18 1 49 4 101 8
971 A -18 1 29 1 -113 -8
971 A -18 1 80 6 37 2
971 A 17 1 -86 6 -39 2
971 A 17 1 -30 1 121 -8
971 A 17 1 -61 5 -43 3
971 A 17 1 -109 8 -53 4
971 A 24 0 7 10 5 -10
971 A 24 0 -7 2 -5 -2
971 A -19 1 101 9 62 5
971 A -19 1 39 2 -19 -1
971 A -19 1 98 9 -91 -7
971 A -19 1 103 9 -41 -2
971 A 18 1 -67 5 -110 9
971 A 18 1 -112 9 43 -2
971 A 18 1 -41 2 20 -1
971 A 18 1 -98 7 107 -9
971 A -20 1 56 6 83 7
971 A 19 1 -90 7 -62 6
971 A 25 0 -10 11 -7 2
971 A 25 0 -1 11 5 2
971 A -21 1 14 2 -107 -9
971 A -21 1 50 3 25 3
971 A 20 1 -53 3 -28 3
971 A 20 1 -116 9 16 -2
971 A 26 0 -2 3 -1 3
971 A -22 1 55 6 -108 -10
971 A 21 1 -118 10 61 -6
971 A -23 1 32 2 25 1
971 A 22 1 -34 2 -26 1
971 A -24 1 4 2 35 3
971 A 23 1 -38 3 -6 2
971 A 29 0 12 5 -5 10
971 A -25 1 98 11 38 3
971 A 24 1 -109 11 -41 3
971 A -26 1 83 11 43 3
971 A 25 1 -94 11 -46 3
971 A 30 0 -13 8 -5 4
971 A 30 0 -19 14 -5 -2
971 A 30 0 -7 2 -5 -14
971 A 30 0 5 8 1 4
971 A -27 1 19 4 -64 -7
971 A 26 1 -23 4 71 -7
971 A -4 2 214 1 167 1
971 A 2 2 -215 1 -168 1
971 A -6 2 196 3 -223 -3
971 A 4 2 -199 3 226 -3
971 A -7 2 107 1 41 0
971 A 5 2 -108 1 -41 0
971 A 32 0 -5 11 2 7
971 A 32 0 -6 11 -9 7
971 A -14 2 37 0 63 2
971 A 12 2 37 0 65 -2
971 A -18 2 133 4 23 2
971 A 16 2 -137 4 -25 2
971 A -24 2 53 4 229 10
971 A 22 2 -57 4 -239 10
971 S 6 1 15 0
971 S -6 4 15 0
971 S -3 2 15 0
971 S -3 7 15 0
971 S -4 2 7 0
971 S -2 1 7 0
971 S 1 3 7 0
971 S -3 2 5 0
971 S 1 1 5 0
971 S -6 1 13 0
971 S -5 3 13 0
971 S -4 5 13 0
971 S 3 6 13 0
971 S 2 4 13 0
971 S 1 2 13 0
971 S -4 4 9 0
971 S -2 2 9 0
971 S -1 1 9 0
971 S -8 2 15 0
971 S -4 1 15 0
971 S 2 7 15 0
971 S -1 4 15 0
971 S -9 7 15 0
971 S 6 2 15 0
971 S 3 1 15 0
971 S -3 4 15 0
971 S 0 4 9 0
971 S 0 2 9 0
971 S 0 1 9 0
971 S -6 4 13 0
971 S 5 1 13 0
971 S -9 6 13 0
971 S -3 2 13 0
971 S 2 3 13 0
971 S -1 5 13 0
971 S -2 1 5 0
971 S 1 2 5 0
971 S -4 3 7 0
971 S 2 2 7 0
971 S 1 1 7 0
971 S -7 1 15 0
971 S -4 7 15 0
971 S 2 4 15 0
971 S 1 2 15 0
971 T 1284 797 502 0 0
971 T 1269 511 826 0 0
971 T 1251 771 542 0 0
971 T 492 1294 791 0 0
971 T 1274 779 519 0 0
971 T 1795 812 1286 0 0
971 T 833 1803 1268 0 0
971 T 1778 777 1253 0 0
971 T 1812 1294 814 0 0
971 T 1780 775 1272 0 0
971 T 500 791 1797 0 0
971 T 540 781 1776 0 0
971 T 513 820 1806 0 0
971 T 797 1814 494 0 0
971 T 519 1782 773 0 0
971 T 812 793 797 0 0
971 T 767 771 808 0 0
971 T 795 799 816 0 0
971 T 767 763 804 0 0
971 T 771 775 781 0 0
971 T 826 832 820 0 0
971 T 1691 721 2188 0 0
971 T 193 2072 1693 0 0
971 T 2190 912 191 0 0
971 T 2200 926 195 0 0
971 T 2072 914 721 0 0
971 T 344 248 1198 0 0
971 T 1196 243 1685 0 0
971 T 1683 267 346 0 0
971 T 243 250 267 0 0
971 T 322 323 296 0 0
971 T 273 258 235 0 0
971 T 329 293 311 0 0
971 T 278 266 234 0 0
971 T 334 293 265 0 0
971 T 311 283 333 0 0
971 T 262 317 236 0 0
971 T 282 318 304 0 0
971 T 232 268 256 0 0
971 T 253 289 239 0 0
971 T 287 259 322 0 0
971 T 104 282 242 0 0
971 T 337 335 337 0 0
971 T 283 251 303 0 0
971 T 245 310 247 0 0
971 T 298 338 272 0 0
971 T 328 277 301 0 0
971 T 310 301 325 0 0
971 T 858 2308 664 0 0
971 T 666 606 1111 0 0
971 T 151 2359 2308 0 0
971 T 2359 921 606 0 0
971 T 496 504 532 0 0
971 T 538 536 538 0 0
971 T 525 539 535 0 0
971 T 489 487 489 1 0
971 T 498 512 529 0 0
971 T 522 515 504 0 0
971 T 516 485 528 0 0
971 T 493 487 509 0 0
971 T 419 1969 498 0 0
971 T 534 929 421 0 0
971 T 1969 927 504 0 0
971 T 743 711 728 0 0
971 T 711 747 717 0 0
971 T 702 696 686 0 0
971 T 688 704 746 0 0
971 T 733 726 758 0 0
971 T 738 739 725 0 0
971 T 1032 226 745 0 0
971 T 219 1023 739 0 0
971 T 730 2297 1034 0 0
971 T 2301 1013 694 0 0
971 T 226 2295 711 0 0
971 T 721 218 2286 0 0
971 T 2273 2507 2289 0 0
971 T 1891 2275 2287 0 0
971 T 2271 2304 1943 0 0
971 T 2275 114 2304 0 0
971 T 1455 218 2138 0 0
971 T 2483 2264 1457 0 0
971 T 2136 786 2485 0 0
971 T 2264 784 218 0 0
971 T 771 209 2262 0 0
971 T 1224 1520 2018 0 0
971 T 128 1530 1226 0 0
971 T 2016 1512 130 0 0
971 T 1530 1514 1520 0 0
971 T 1588 1550 1551 0 0
971 T 108 1568 1586 0 0
971 T 1580 1576 1595 0 0
971 T 1525 1581 1593 0 0
971 T 1531 1515 1560 0 0
971 T 1560 1540 1591 0 0
971 T 1610 1606 1600 0 0
971 T 176 296 736 0 0
971 T 738 325 1491 0 0
971 T 1493 322 178 0 0
971 T 850 564 1567 0 0
971 T 2248 2348 848 0 0
971 T 1569 1366 2250 0 0
971 T 2348 1364 564 0 0
971 T 2376 1328 617 0 0
971 T 891 2199 977 0 0
971 T 2491 2603 893 0 0
971 T 975 164 2493 0 0
971 T 2603 166 2199 0 0
971 T 636 640 663 0 0
971 T 662 654 658 0 0
971 T 2078 1393 638 0 0
971 T 665 2261 2076 0 0
971 T 1393 2259 640 0 0
971 T 35 1726 766 0 0
971 T 1741 997 801 0 0
971 T 1725 766 78 0 0
971 T 463 465 463 0 0
971 T 422 361 381 0 0
971 T 478 390 358 0 0
971 T 415 379 480 0 0
971 T 365 362 394 0 0
971 T 383 355 449 0 0
971 T 397 374 367 0 0
971 T 429 409 437 0 0
971 T 475 453 465 0 0
971 T 383 419 468 0 0
971 T 467 441 453 0 0
971 T 426 105 393 0 0
971 T 402 445 372 0 0
971 T 472 434 450 0 0
971 T 456 414 446 0 0
971 T 402 397 429 0 0
971 T 471 462 482 0 0
971 T 423 406 434 0 0
971 T 407 370 378 0 0
971 T 1 2 1 0 0
971 T 8 1948 2316 0 0
971 T 2318 882 2552 0 0
971 T 2554 2222 7 0 0
971 T 2222 880 1948 0 0
971 T 1187 1573 55 0 0
971 T 1210 58 1573 0 0
971 T 2592 694 2424 0 0
971 T 134 2301 2594 0 0
971 T 2426 1011 132 0 0
971 T 1601 827 566 0 0
971 T 564 386 266 0 0
971 T 264 1979 1599 0 0
971 T 1979 384 827 0 0
971 T 2544 2515 2639 0 0
971 T 2641 2577 931 0 0
971 T 933 2737 2546 0 0
971 T 2737 2575 2515 0 0
971 T 1426 2459 692 0 0
971 T 2464 1408 725 0 0
971 T 2421 1510 1424 0 0
971 T 1510 827 2476 0 0
971 T 798 2474 1479 0 0
971 T 2478 1 2459 0 0
971 T 910 1341 201 0 0
971 T 1360 192 946 0 0
971 T 1405 1372 908 0 0
971 T 199 1367 1403 0 0
971 T 1401 197 1392 0 0
971 T 1372 1369 1341 0 0
971 T 1397 1328 1382 0 0
971 T 1334 1324 1358 0 0
971 T 1362 1337 1364 0 0
971 T 1386 1378 1320 0 0
971 T 141 617 2059 0 0
971 T 2211 2392 139 0 0
971 T 2061 1431 2213 0 0
971 T 2245 1410 2053 0 0
971 T 2052 2212 1445 0 0
971 T 2392 1433 617 0 0
971 T 2389 1453 563 0 0
971 T 1584 328 2111 0 0
971 T 928 623 1586 0 0
971 T 2113 386 930 0 0
971 T 623 384 328 0 0
971 T 2644 2646 2644 0 0
971 T 810 2262 968 0 0
971 T 828 991 2281 0 0
971 T 970 207 769 0 0
971 T 800 965 227 0 0
971 T 2368 248 1307 0 0
971 T 1765 1229 2370 0 0
971 T 1309 346 1763 0 0
971 T 1229 344 248 0 0
971 T 2514 1286 942 0 0
971 T 255 1777 2512 0 0
971 T 940 135 257 0 0
971 T 1777 137 1286 0 0
971 T 1294 1805 155 0 0
971 T 157 1268 1814 0 0
971 T 137 1252 1795 0 0
971 T 828 2728 99 0 0
971 T 2727 59 830 0 0
971 T 1140 37 839 0 0
971 T 1174 1140 195 0 0
971 T 841 2241 197 0 0
971 T 204 2233 866 0 0
971 T 1172 2239 37 0 0
971 T 1460 18 2126 0 0
971 T 886 660 1462 0 0
971 T 870 652 1467 0 0
971 T 2124 1306 884 0 0
971 T 660 1304 18 0 0
971 T 818 257 1440 0 0
971 T 2471 218 816 0 0
971 T 1442 864 2473 0 0
971 T 218 866 257 0 0
971 T 1689 26 251 0 0
971 T 1870 1054 1687 0 0
971 T 253 2595 1868 0 0
971 T 1008 340 2238 0 0
971 T 2236 649 1062 0 0
971 T 1045 637 2212 0 0
971 T 1060 1016 1010 0 0
971 T 1024 1014 1047 0 0
971 T 1021 1029 1045 0 0
971 T 1016 647 340 0 0
971 T 536 1902 1933 0 0
971 T 1931 1551 122 0 0
971 T 126 1588 1902 0 0
971 T 1501 1495 1473 0 0
971 T 1464 1480 1457 0 0
971 T 838 1949 1499 0 0
971 T 1471 351 836 0 0
971 T 1949 353 1495 0 0
971 T 1738 1150 403 0 0
971 T 484 683 1736 0 0
971 T 724 507 1734 0 0
971 T 717 526 1745 0 0
971 T 1755 711 534 0 0
971 T 499 1728 755 0 0
971 T 405 1183 486 0 0
971 T 683 1185 1150 0 0
971 T 2663 1703 726 0 0
971 T 507 1705 23 0 0
971 T 2657 1104 2078 0 0
971 T 2076 2440 2400 0 0
971 T 2402 2749 2655 0 0
971 T 2749 2442 1104 0 0
971 T 198 1473 1287 0 0
971 T 200 1504 1318 0 0
971 T 1045 1501 196 0 0
971 T 1289 1497 1043 0 0
971 T 921 347 577 0 0
971 T 575 2168 946 0 0
971 T 2148 908 589 0 0
971 T 944 896 919 0 0
971 T 910 901 937 0 0
971 T 904 893 923 0 0
971 T 896 2170 347 0 0
971 T 2138 14 1739 0 0
971 T 799 1464 2136 0 0
971 T 1481 2655 1636 0 0
971 T 1638 2670 796 0 0
971 T 2670 2657 2474 0 0
971 T 237 1205 483 0 0
971 T 485 1890 271 0 0
971 T 1890 1203 258 0 0
971 T 2306 2454 14 0 0
971 T 2454 112 2486 0 0
971 T 2484 2275 13 0 0
971 T 1128 304 1674 0 0
971 T 1086 1138 1130 0 0
971 T 1127 1077 1079 0 0
971 T 1100 1120 1121 0 0
971 T 1162 1153 1145 0 0
971 T 1112 1092 1156 0 0
971 T 1082 1088 1104 0 0
971 T 1131 1107 1141 0 0
971 T 1076 1078 1076 1 0
971 T 1096 1150 1158 0 0
971 T 1074 1123 1166 0 0
971 T 1085 1105 1107 0 0
971 T 1091 1165 1152 0 0
971 T 1099 1067 1126 0 0
971 T 1149 1067 1074 0 0
971 T 1095 1115 1145 0 0
971 T 1672 983 1084 0 0
971 T 1138 985 304 0 0
971 T 1170 1808 327 0 0
971 T 313 382 1168 0 0
971 T 1808 380 293 0 0
971 T 2690 2707 2379 0 0
971 T 830 2765 2688 0 0
971 T 2381 1051 828 0 0
971 T 1924 452 715 0 0
971 T 1743 673 1926 0 0
971 T 630 1929 1760 0 0
971 T 452 671 526 0 0
971 T 532 717 1346 0 0
971 T 523 1383 714 0 0
971 T 1325 696 485 0 0
971 T 509 1334 756 0 0
971 T 726 1322 502 0 0
971 T 1344 749 1757 0 0
971 T 1738 699 1324 0 0
971 T 1744 1383 750 0 0
971 T 1727 1320 731 0 0
971 T 1731 1333 734 0 0
971 T 712 1605 582 0 0
971 T 580 125 525 0 0
971 T 125 1603 1383 0 0
971 T 1868 977 1395 0 0
971 T 1896 1321 971 0 0
971 T 1380 129 1870 0 0
971 T 977 127 1328 0 0
971 T 232 1971 1350 0 0
971 T 1348 1156 276 0 0
971 T 266 1158 1971 0 0
971 T 2718 2338 1906 0 0
971 T 872 2671 2716 0 0
971 T 1904 2487 874 0 0
971 T 2671 2489 2338 0 0
971 T 941 2374 2558 0 0
971 T 2556 2740 1283 0 0
971 T 2513 2731 2575 0 0
971 T 2577 1834 2374 0 0
971 T 2740 1832 2731 0 0
971 T 1220 381 184 0 0
971 T 1004 422 1222 0 0
971 T 186 359 1006 0 0
971 T 140 1738 1332 0 0
971 T 1326 140 1732 0 0
971 T 144 1729 1386 0 0
971 T 1322 144 1743 0 0
971 T 1655 1148 142 0 0
971 T 631 140 415 0 0
971 T 1353 1148 633 0 0
971 T 125 2434 2403 0 0
971 T 2056 1991 123 0 0
971 T 2405 937 2058 0 0
971 T 1991 935 2434 0 0
971 T 2589 181 2609 0 0
971 T 181 1669 1644 0 0
971 T 123 2143 1762 0 0
971 T 1217 1145 125 0 0
971 T 1760 263 1215 0 0
971 T 1145 265 2143 0 0
971 T 2296 1287 582 0 0
971 T 223 1605 1287 0 0
971 T 1800 161 1180 0 0
971 T 1182 235 554 0 0
971 T 1441 237 161 0 0
971 T 1086 2054 2662 0 0
971 T 2753 2444 1084 0 0
971 T 2660 2391 2751 0 0
971 T 2444 2393 2054 0 0
971 T 340 2267 476 0 0
971 T 356 693 342 0 0
971 T 2267 691 390 0 0
971 T 2496 1788 1726 0 0
971 T 2488 2496 2504 0 0
971 T 2506 1726 1617 0 0
971 T 2490 1617 1788 0 0
971 T 2141 2 2116 0 0
971 T 2 2592 2599 0 0
971 T 2573 2364 990 0 0
971 T 988 1099 1007 0 0
971 T 1009 2341 2571 0 0
971 T 2341 1101 2364 0 0
971 T 630 2619 931 0 0
971 T 2737 2621 1849 0 0
971 T 552 116 1190 0 0
971 T 1792 1572 116 0 0
971 T 1222 261 1970 0 0
971 T 1004 497 261 0 0
971 T 1783 179 1768 0 0
971 T 279 1127 1770 0 0
971 T 1081 239 1785 0 0
971 T 1215 471 332 0 0
971 T 293 473 1760 0 0
971 T 615 480 1753 0 0
971 T 1751 381 173 0 0
971 T 171 415 617 0 0
971 T 1270 1294 1314 0 0
971 T 1264 1297 1303 0 0
971 T 1252 1246 1286 0 0
971 T 1240 1250 1259 0 0
971 T 1316 1309 1280 0 0
971 T 818 1879 1951 0 0
971 T 1953 2070 797 0 0
971 T 2070 1881 799 0 0
971 T 392 1862 1211 0 0
971 T 1213 514 363 0 0
971 T 362 512 1862 0 0
971 T 331 1414 481 0 0
971 T 479 1485 313 0 0
971 T 283 1483 1414 0 0
971 T 1901 1934 1 0 0
971 T 101 119 125 0 0
971 T 1248 2083 2170 0 0
971 T 2168 2209 1843 0 0
971 T 1840 2148 2179 0 0
971 T 1845 1461 1250 0 0
971 T 1469 1295 1839 0 0
971 T 1461 2207 2083 0 0
971 T 2196 2075 1480 0 0
971 T 2209 1498 2078 0 0
971 T 1480 799 218 0 0
971 T 1457 765 207 0 0
971 T 447 341 2020 0 0
971 T 2022 692 385 0 0
971 T 201 937 973 0 0
971 T 976 195 903 0 0
971 T 971 899 1339 0 0
971 T 369 1912 1428 0 0
971 T 1430 1103 395 0 0
971 T 1103 1914 374 0 0
971 T 2659 2464 2664 0 0
971 T 1706 1410 2661 0 0
971 T 2655 865 2762 0 0
971 T 1910 1487 430 0 0
971 T 428 917 143 0 0
971 T 145 1526 1908 0 0
971 T 1526 915 1487 0 0
971 T 1010 1121 10 0 0
971 T 9 1122 989 0 0
971 T 1938 739 2040 0 0
971 T 374 219 1936 0 0
971 T 2042 1025 372 0 0
971 T 1135 5 2243 0 0
971 T 2051 1032 1137 0 0
971 T 1032 1408 5 0 0
971 T 1425 1023 120 0 0
971 T 1015 2273 59 0 0
971 T 1534 1013 2274 0 0
971 T 1545 2270 1015 0 0
971 T 2287 960 60 0 0
971 T 1595 994 2288 0 0
971 T 2292 1564 961 0 0
971 T 960 2509 1017 0 0
971 T 1398 163 2117 0 0
971 T 2140 164 1242 0 0
971 T 167 166 163 0 0
971 T 181 179 181 0 0
971 T 187 173 181 0 0
971 T 167 162 178 0 0
971 T 185 172 175 0 0
971 T 184 190 159 0 0
971 T 2550 849 1309 0 0
971 T 1307 2252 1372 0 0
971 T 2562 2 2547 0 0
971 T 1374 930 2559 0 0
971 T 2105 1145 329 0 0
971 T 327 1151 567 0 0
971 T 569 1162 2103 0 0
971 T 648 848 2217 0 0
971 T 2215 1190 475 0 0
971 T 477 1545 650 0 0
971 T 1545 1188 848 0 0
971 T 245 1666 1228 0 0
971 T 224 1388 243 0 0
971 T 1230 403 226 0 0
971 T 2239 166 2585 0 0
971 T 548 164 1174 0 0
971 T 329 2020 1513 0 0
971 T 1511 692 626 0 0
971 T 1816 899 53 0 0
971 T 1818 902 16 0 0
971 T 2425 2271 1978 0 0
971 T 1976 1015 2686 0 0
971 T 2423 2686 60 0 0
971 T 1373 2258 244 0 0
971 T 246 2326 2560 0 0
971 T 2326 2256 927 0 0
971 T 1983 2274 1829 0 0
971 T 1827 1011 221 0 0
971 T 219 1534 1985 0 0
971 T 1179 2037 260 0 0
971 T 551 315 2037 0 0
971 T 1608 754 916 0 0
971 T 1528 859 790 0 0
971 T 1204 545 137 0 0
971 T 940 543 1887 0 0
971 T 1102 822 685 0 0
971 T 683 2228 52 0 0
971 T 46 2205 822 0 0
971 T 2205 1101 2228 0 0
971 T 1762 433 931 0 0
971 T 2621 431 1929 0 0
971 T 1679 514 1005 0 0
971 T 185 1862 1681 0 0
971 T 1723 767 125 0 0
971 T 959 957 989 0 0
971 T 993 963 998 0 0
971 T 980 977 1001 0 0
971 T 354 589 961 0 0
971 T 987 2179 352 0 0
971 T 589 2181 957 0 0
971 T 577 1001 2209 0 0
971 T 1767 1674 318 0 0
971 T 1433 944 602 0 0
971 T 593 1452 910 0 0
971 T 600 1337 18 0 0
971 T 17 2161 1431 0 0
971 T 2161 1335 944 0 0
971 T 1366 2525 1298 0 0
971 T 624 2324 1296 0 0
971 T 1249 2330 675 0 0
971 T 2324 2 2348 0 0
971 T 82 2643 84 0 0
971 T 620 2645 682 0 0
971 T 202 1066 877 0 0
971 T 1029 872 196 0 0
971 T 875 2070 2006 0 0
971 T 2004 500 200 0 0
971 T 500 2068 1066 0 0
971 T 482 2652 2178 0 0
971 T 2226 2648 480 0 0
971 T 2176 111 2224 0 0
971 T 2648 113 2652 0 0
971 T 1763 2165 2480 0 0
971 T 2482 704 404 0 0
971 T 406 2522 1765 0 0
971 T 2522 706 2165 0 0
971 T 1039 1765 1280 0 0
971 T 1747 1008 1265 0 0
971 T 1853 2629 1041 0 0
971 T 1282 2127 1851 0 0
971 T 2629 2129 1765 0 0
971 T 435 1176 918 0 0
971 T 146 1178 409 0 0
971 T 1996 1094 414 0 0
971 T 102 2028 1998 0 0
971 T 1158 2030 458 0 0
971 T 258 1040 1883 0 0
971 T 1885 390 234 0 0
971 T 268 388 1040 0 0
971 T 79 1507 993 0 0
971 T 991 30 1508 0 0
971 T 968 804 1455 0 0
971 T 326 1939 1199 0 0
971 T 1201 512 321 0 0
971 T 295 514 1939 0 0
971 T 2081 1662 682 0 0
971 T 1719 1150 2079 0 0
971 T 1150 192 1662 0 0
971 T 339 1325 1888 0 0
971 T 271 698 341 0 0
971 T 1115 923 808 0 0
971 T 1159 728 840 0 0
971 T 2640 2172 1833 0 0
971 T 934 2373 2172 0 0
971 T 62 119 2028 0 0
971 T 64 1998 125 0 0
971 T 1110 1174 1231 0 0
971 T 1233 163 546 0 0
971 T 1631 26 303 0 0
971 T 1921 952 1633 0 0
971 T 305 2582 1919 0 0
971 T 2350 2549 246 0 0
971 T 908 1840 957 0 0
971 T 1002 945 1846 0 0
971 T 955 1364 591 0 0
971 T 1329 601 1000 0 0
971 T 1452 1366 1840 0 0
971 T 1330 1431 1845 0 0
971 T 2506 126 2331 0 0
971 T 2333 770 1617 0 0
971 T 122 2088 2016 0 0
971 T 1520 1251 120 0 0
971 T 1251 1224 2088 0 0
971 T 2304 1828 719 0 0
971 T 721 2122 2454 0 0
971 T 2122 1830 13 0 0
971 T 2522 223 2370 0 0
971 T 2227 698 10 0 0
971 T 824 296 352 0 0
971 T 354 1940 1267 0 0
971 T 863 783 2073 0 0
971 T 1694 232 865 0 0
971 T 783 234 194 0 0
971 T 1281 852 1065 0 0
971 T 199 868 1279 0 0
971 T 883 205 1266 0 0
971 T 868 878 852 0 0
971 T 872 888 840 0 0
971 T 844 858 884 0 0
971 T 2167 1626 1239 0 0
971 T 2328 155 2169 0 0
971 T 561 2328 1241 0 0
971 T 155 561 1626 0 0
971 T 1083 1909 402 0 0
971 T 400 132 986 0 0
971 T 132 1907 1671 0 0
971 T 1503 487 1406 0 0
971 T 868 1503 1308 0 0
971 T 104 1781 1758 0 0
971 T 2613 104 2618 0 0
971 T 1756 21 2616 0 0
971 T 1781 2613 21 0 0
971 T 1843 2211 2110 0 0
971 T 2237 1841 2098 0 0
971 T 2108 2059 1328 0 0
971 T 2566 18 2175 0 0
971 T 914 2160 2564 0 0
971 T 2177 1432 912 0 0
971 T 1552 1623 347 0 0
971 T 1587 350 1714 0 0
971 T 1712 152 1623 0 0
971 T 889 714 1617 0 0
971 T 2352 727 887 0 0
971 T 1615 744 2354 0 0
971 T 109 1343 1273 0 0
971 T 1271 108 1343 0 0
971 T 438 201 794 0 0
971 T 1798 1987 436 0 0
971 T 1987 501 201 0 0
971 T 2455 1837 361 0 0
971 T 364 763 2457 0 0
971 T 1837 765 391 0 0
971 T 1058 1653 1106 0 0
971 T 133 1058 371 0 0
971 T 1653 133 1913 0 0
971 T 2165 1568 2534 0 0
971 T 1363 2467 2532 0 0
971 T 2467 2247 2163 0 0
971 T 397 2475 2389 0 0
971 T 2409 2462 395 0 0
971 T 2388 1 2408 0 0
971 T 859 1224 375 0 0
971 T 377 130 788 0 0
971 T 614 541 477 0 0
971 T 228 221 213 0 0
971 T 224 214 207 0 0
971 T 1524 1857 230 0 0
971 T 1956 1541 221 0 0
971 T 1857 0 1958 0 0
971 T 294 2019 1401 0 0
971 T 934 448 292 0 0
971 T 1399 340 932 0 0
971 T 214 1388 1299 0 0
971 T 243 207 1301 0 0
971 T 1089 2196 5 0 0
971 T 1482 970 6 0 0
971 T 1507 964 126 0 0
971 T 970 2077 1087 0 0
971 T 1783 287 1652 0 0
971 T 1654 253 1079 0 0
971 T 1298 2256 1583 0 0
971 T 1946 720 1983 0 0
971 T 904 2343 1847 0 0
971 T 1849 1319 2676 0 0
971 T 2678 2637 906 0 0
971 T 2637 1321 2343 0 0
971 T 1305 654 4 0 0
971 T 1061 1264 3 0 0
971 T 1297 1061 654 0 0
971 T 1248 661 1044 0 0
971 T 1160 1217 571 0 0
971 T 573 125 1153 0 0
971 T 1257 1945 4 0 0
971 T 1348 4 1891 0 0
971 T 1275 1092 125 0 0
971 T 708 1184 1517 0 0
971 T 1702 1517 4 0 0
971 T 1700 1072 710 0 0
971 T 1184 1074 3 0 0
971 T 860 1539 1427 0 0
971 T 782 357 233 0 0
971 T 1886 477 780 0 0
971 T 1477 322 530 0 0
971 T 528 261 1648 0 0
971 T 1650 287 1475 0 0
971 T 1443 1392 1002 0 0
971 T 1000 195 1421 0 0
971 T 1419 1401 1445 0 0
971 T 1417 1410 1447 0 0
971 T 139 2108 2378 0 0
971 T 1448 688 1031 0 0
971 T 28 1011 1423 0 0
971 T 223 706 1450 0 0
971 T 739 217 1410 0 0
971 T 1621 509 200 0 0
971 T 1404 507 20 0 0
971 T 254 1058 1088 0 0
971 T 2275 783 1742 0 0
971 T 1502 1020 873 0 0
971 T 2128 7 1500 0 0
971 T 871 1774 2130 0 0
971 T 7 1772 1020 0 0
971 T 2162 1365 193 0 0
971 T 2188 1363 2564 0 0
971 T 1841 1061 868 0 0
971 T 1046 885 1843 0 0
971 T 2738 1765 2746 0 0
971 T 1322 879 2516 0 0
971 T 2744 2551 1320 0 0
971 T 2578 2317 1765 0 0
971 T 2279 133 2600 0 0
971 T 2602 2415 830 0 0
971 T 133 993 2415 0 0
971 T 838 2317 2129 0 0
971 T 1342 1831 947 0 0
971 T 989 1820 1360 0 0
971 T 949 346 1368 0 0
971 T 346 1833 1371 0 0
971 T 3 1661 1578 0 0
971 T 1212 1072 4 0 0
971 T 1576 761 1214 0 0
971 T 1072 759 1661 0 0
971 T 2721 1764 2619 0 0
971 T 1849 2745 2719 0 0
971 T 2101 585 516 0 0
971 T 518 2008 546 0 0
971 T 2707 2010 585 0 0
971 T 1718 111 1791 0 0
971 T 1854 2624 2731 0 0
971 T 2740 2717 1852 0 0
971 T 2624 2715 1834 0 0
971 T 1063 15 2311 0 0
971 T 2313 1774 1279 0 0
971 T 852 1772 15 0 0
971 T 1422 1874 931 0 0
971 T 1444 339 1874 0 0
971 T 559 1395 2378 0 0
971 T 615 1380 561 0 0
971 T 1362 919 2365 0 0
971 T 2574 921 1820 0 0
971 T 2284 1450 2454 0 0
971 T 2120 1448 218 0 0
971 T 1232 1131 196 0 0
971 T 2506 2358 2672 0 0
971 T 2358 2498 2337 0 0
971 T 837 2733 2568 0 0
971 T 569 2624 835 0 0
971 T 876 2046 367 0 0
971 T 369 2040 2385 0 0
971 T 2383 2088 878 0 0
971 T 2088 2042 2046 0 0
971 T 2067 2058 2046 0 0
971 T 876 2018 2414 0 0
971 T 2412 120 2385 0 0
971 T 2202 1233 42 0 0
971 T 215 270 1692 0 0
971 T 148 138 134 0 0
971 T 152 154 152 0 0
971 T 149 146 134 0 0
971 T 151 139 157 0 0
971 T 1652 1542 150 0 0
971 T 1542 1914 138 0 0
971 T 2192 167 2220 0 0
971 T 7 2555 2194 0 0
971 T 167 2557 2554 0 0
971 T 757 377 201 0 0
971 T 2005 375 1728 0 0
971 T 2155 497 646 0 0
971 T 644 503 316 0 0
971 T 318 533 2157 0 0
971 T 1241 1551 895 0 0
971 T 1590 1395 843 0 0
971 T 629 1096 264 0 0
971 T 1973 1148 627 0 0
971 T 1930 1116 126 0 0
971 T 1116 629 2144 0 0
971 T 2034 2288 1739 0 0
971 T 1741 992 228 0 0
971 T 230 1595 2032 0 0
971 T 2096 868 650 0 0
971 T 637 886 2107 0 0
971 T 1164 204 1700 0 0
971 T 1123 708 204 0 0
971 T 851 43 1774 0 0
971 T 1161 1906 121 0 0
971 T 2353 872 1159 0 0
971 T 119 2487 2351 0 0
971 T 470 532 2114 0 0
971 T 1734 2444 1876 0 0
971 T 1878 1445 1324 0 0
971 T 140 1443 2444 0 0
971 T 1491 2466 911 0 0
971 T 913 215 323 0 0
971 T 738 217 2466 0 0
971 T 418 1485 1170 0 0
971 T 1168 1117 634 0 0
971 T 139 1115 1485 0 0
971 T 2010 2416 2288 0 0
971 T 1595 134 2008 0 0
971 T 2719 2676 2552 0 0
971 T 2492 2115 1867 0 0
971 T 1988 2087 427 0 0
971 T 429 2045 938 0 0
971 T 936 2039 1990 0 0
971 T 195 1193 314 0 0
971 T 332 1236 197 0 0
971 T 1236 286 1193 0 0
971 T 154 1966 1865 0 0
971 T 1863 114 1966 0 0
971 T 113 111 113 -1 0
971 T 113 115 118 0 0
971 T 554 850 646 0 0
971 T 644 1543 116 0 0
971 T 2056 1175 1383 0 0
971 T 1993 1603 1175 0 0
971 T 1462 2399 675 0 0
971 T 1467 2407 625 0 0
971 T 2226 864 1460 0 0
971 T 677 2693 2224 0 0
971 T 864 2691 2399 0 0
971 T 1018 1747 4 0 0
971 T 1450 269 2469 0 0
971 T 2165 2370 1448 0 0
971 T 2370 2249 269 0 0
971 T 1878 72 1083 0 0
971 T 1109 1915 1876 0 0
971 T 72 1917 1105 0 0
971 T 2770 693 2685 0 0
971 T 2683 2397 2712 0 0
971 T 2397 691 953 0 0
971 T 1577 1438 670 0 0
971 T 189 1681 1575 0 0
971 T 668 315 187 0 0
971 T 1681 317 1438 0 0
971 T 2131 1586 2534 0 0
971 T 2165 108 2133 0 0
971 T 1134 924 41 0 0
971 T 130 1919 1262 0 0
971 T 1710 1611 128 0 0
971 T 1611 389 1919 0 0
971 T 591 4 1335 0 0
971 T 599 597 593 0 0
971 T 579 575 606 0 0
971 T 1337 33 601 0 0
971 T 561 187 1667 0 0
971 T 1644 171 559 0 0
971 T 2470 2451 2187 0 0
971 T 2531 2565 2451 0 0
971 T 2100 892 254 0 0
971 T 1867 894 2701 0 0
971 T 331 1599 1473 0 0
971 T 1471 1981 294 0 0
971 T 1415 2119 741 0 0
971 T 279 888 534 0 0
971 T 1755 1616 281 0 0
971 T 192 2365 896 0 0
971 T 1354 1155 120 0 0
971 T 1827 1050 739 0 0
971 T 1789 705 39 0 0
971 T 829 441 2293 0 0
971 T 2291 115 2380 0 0
971 T 1052 117 441 0 0
971 T 2297 606 2051 0 0
971 T 2053 577 1288 0 0
971 T 1676 492 202 0 0
971 T 1504 494 19 0 0
971 T 1456 308 2450 0 0
971 T 2448 2255 2133 0 0
971 T 2131 2321 1458 0 0
971 T 2321 2257 308 0 0
971 T 2282 1 2301 0 0
971 T 1871 2373 8 0 0
971 T 2192 940 1873 0 0
971 T 1201 498 1478 0 0
971 T 180 2012 2002 0 0
971 T 2000 337 2012 0 0
971 T 2570 2513 2630 0 0
971 T 2628 2575 835 0 0
971 T 176 2092 1896 0 0
971 T 1951 167 1898 0 0
971 T 162 1951 2092 0 0
971 T 572 1163 1278 0 0
971 T 2209 158 2400 0 0
971 T 2083 676 158 0 0
971 T 784 2231 1629 0 0
971 T 1627 204 2072 0 0
971 T 679 1580 228 0 0
971 T 2034 1578 681 0 0
971 T 1558 845 895 0 0
971 T 203 2341 845 0 0
971 T 2526 1451 1469 0 0
971 T 1923 439 299 0 0
971 T 301 467 716 0 0
971 T 2090 410 1798 0 0
971 T 1977 132 1532 0 0
971 T 459 1412 1216 0 0
971 T 572 157 461 0 0
971 T 157 1161 1412 0 0
971 T 386 850 2152 0 0
971 T 2154 519 356 0 0
971 T 448 521 850 0 0
971 T 891 773 1618 0 0
971 T 893 239 521 0 0
971 T 1782 241 1616 0 0
971 T 2140 2538 1922 0 0
971 T 1920 887 2696 0 0
971 T 2585 889 2538 0 0
971 T 1498 158 2440 0 0
971 T 309 2233 2266 0 0
971 T 2449 2485 2233 0 0
971 T 1295 2532 2448 0 0
971 T 611 1042 2513 0 0
971 T 1786 1594 172 0 0
971 T 1769 190 1594 0 0
971 T 1021 130 660 0 0
971 T 656 852 1019 0 0
971 T 130 854 654 0 0
971 T 1836 2164 2357 0 0
971 T 2355 2527 766 0 0
971 T 2527 2166 394 0 0
971 T 434 1837 2480 0 0
971 T 1763 2356 432 0 0
971 T 288 504 586 0 0
971 T 2100 522 290 0 0
971 T 1558 709 761 0 0
971 T 759 1069 193 0 0
971 T 2431 395 1509 0 0
971 T 2404 966 395 0 0
971 T 175 426 709 0 0
971 T 759 393 161 0 0
971 T 1918 1495 1270 0 0
971 T 1939 1949 1916 0 0
971 T 808 2334 891 0 0
971 T 1528 209 1191 0 0
971 T 1608 1236 224 0 0
971 T 2435 1045 2054 0 0
971 T 1443 635 2437 0 0
971 T 820 4 1125 0 0
971 T 685 1068 4 0 0
971 T 550 498 1977 0 0
971 T 1975 643 2712 0 0
971 T 2098 2149 487 0 0
971 T 2149 337 2096 0 0
971 T 1255 855 1964 0 0
971 T 1865 922 1350 0 0
971 T 922 857 2430 0 0
971 T 2705 617 2176 0 0
971 T 913 2392 2703 0 0
971 T 1980 419 352 0 0
971 T 837 421 293 0 0
971 T 2008 1437 136 0 0
971 T 1437 1597 148 0 0
971 T 1627 309 216 0 0
971 T 1035 516 259 0 0
971 T 1648 483 1037 0 0
971 T 2250 1308 246 0 0
971 T 2218 2183 1 0 0
971 T 2183 454 1210 0 0
971 T 1867 1536 442 0 0
971 T 1690 118 1536 0 0
971 T 1574 115 1715 0 0
971 T 557 117 1209 0 0
971 T 911 299 1630 0 0
971 T 722 205 299 0 0
971 T 1962 175 1516 0 0
971 T 1649 185 1960 0 0
971 T 1518 174 1647 0 0
971 T 2040 971 501 0 0
971 T 619 1701 2049 0 0
971 T 1985 2049 4 0 0
971 T 1983 1516 621 0 0
971 T 665 809 1090 0 0
971 T 2226 2542 18 0 0
971 T 111 2563 2542 0 0
971 T 1938 338 1881 0 0
971 T 230 402 1879 0 0
971 T 277 1584 1343 0 0
971 T 1271 1568 275 0 0
971 T 2077 1000 2435 0 0
971 T 1430 1109 1490 0 0
971 T 1488 1083 395 0 0
971 T 2336 704 2527 0 0
971 T 704 2495 764 0 0
971 T 959 583 2379 0 0
971 T 1564 116 583 0 0
971 T 1904 359 2623 0 0
971 T 359 2336 1833 0 0
971 T 2094 1881 272 0 0
971 T 816 162 274 0 0
971 T 846 2109 350 0 0
971 T 2109 1398 1712 0 0
971 T 1940 882 549 0 0
971 T 547 143 1202 0 0
971 T 323 145 882 0 0
971 T 541 121 642 0 0
971 T 640 1547 582 0 0
971 T 1854 873 2311 0 0
971 T 1971 192 2081 0 0
971 T 160 1862 1575 0 0
971 T 1631 1689 285 0 0
971 T 400 2070 964 0 0
971 T 980 900 598 0 0
971 T 8 1817 982 0 0
971 T 1673 1523 147 0 0
971 T 1775 614 1884 0 0
971 T 1903 1808 569 0 0
971 T 1086 2244 1703 0 0
971 T 118 1611 1631 0 0
971 T 952 387 116 0 0
971 T 1514 312 1399 0 0
971 T 1103 88 1918 0 0
971 T 1916 1812 2439 0 0
971 T 1261 676 560 0 0
971 T 676 459 188 0 0
971 T 2321 1374 249 0 0
971 T 89 1876 1084 0 0
971 T 1136 727 603 0 0
971 T 515 447 2035 0 0
971 T 2037 849 506 0 0
971 T 122 2105 1808 0 0
971 T 594 129 902 0 0
971 T 129 1451 936 0 0
971 T 1938 298 2094 0 0
971 T 672 948 2515 0 0
971 T 1847 2639 948 0 0
971 T 302 2114 1344 0 0
971 T 1256 1091 275 0 0
971 T 1347 1113 1258 0 0
971 T 1968 287 556 0 0
971 T 558 322 1220 0 0
971 T 2064 1008 989 0 0
971 T 723 2042 1896 0 0
971 T 1898 1936 736 0 0
971 T 588 2253 650 0 0
971 T 2186 927 590 0 0
971 T 1752 1219 177 0 0
971 T 1836 2335 2133 0 0
971 T 424 705 1838 0 0
971 T 2131 2528 426 0 0
971 T 235 530 1435 0 0
971 T 1437 518 1205 0 0
971 T 120 634 1097 0 0
971 T 1143 1168 122 0 0
971 T 1599 130 1993 0 0
971 T 2432 1454 1601 0 0
971 T 1477 608 1515 0 0
971 T 608 289 173 0 0
971 T 2770 2726 2424 0 0
971 T 2726 693 59 0 0
971 T 370 135 862 0 0
971 T 1117 2334 906 0 0
971 T 1535 789 49 0 0
971 T 1611 48 753 0 0
971 T 2673 2552 2635 0 0
971 T 906 2719 2671 0 0
971 T 227 2014 458 0 0
971 T 2000 222 414 0 0
971 T 2023 1091 330 0 0
971 T 299 1258 2025 0 0
971 T 2007 960 2689 0 0
971 T 676 479 1800 0 0
971 T 744 1790 122 0 0
971 T 207 1196 364 0 0
971 T 144 1977 1478 0 0
971 T 428 2405 2069 0 0
971 T 570 1163 2025 0 0
971 T 2387 830 2431 0 0
971 T 1591 680 1858 0 0
971 T 435 127 752 0 0
971 T 1303 31 662 0 0
971 T 1027 2240 888 0 0
971 T 906 2171 1815 0 0
971 T 1817 1341 2343 0 0
971 T 1849 1339 2171 0 0
971 T 1164 822 1212 0 0
971 T 1569 266 2154 0 0
971 T 1180 474 186 0 0
971 T 190 472 1800 0 0
971 T 2125 865 2539 0 0
971 T 2285 2189 270 0 0
971 T 2417 2728 2764 0 0
971 T 2687 59 2415 0 0
971 T 2671 2632 2555 0 0
971 T 2557 2681 2718 0 0
971 T 874 2679 2632 0 0
971 T 2080 2032 3 0 0
971 T 220 1560 622 0 0
971 T 610 1591 1654 0 0
971 T 148 1560 608 0 0
971 T 305 2158 888 0 0
971 T 2057 1727 407 0 0
971 T 957 4 1360 0 0
971 T 1514 1469 2412 0 0
971 T 878 1467 130 0 0
971 T 147 1534 1478 0 0
971 T 2412 1423 395 0 0
971 T 2409 693 2414 0 0
971 T 2456 2133 1834 0 0
971 T 1832 2501 365 0 0
971 T 764 2499 2133 0 0
971 T 444 1056 985 0 0
971 T 205 2125 1297 0 0
971 T 1497 576 2435 0 0
971 T 348 2360 580 0 0
971 T 116 2396 2270 0 0
971 T 1035 432 186 0 0
971 T 432 485 1961 0 0
971 T 1750 2428 1819 0 0
971 T 2573 857 1748 0 0
971 T 602 129 982 0 0
971 T 2536 1030 164 0 0
971 T 948 439 308 0 0
971 T 323 1925 950 0 0
971 T 1746 323 2515 0 0
971 T 2152 232 1272 0 0
971 T 856 1265 2340 0 0
971 T 1513 1192 1391 0 0
971 T 1920 1030 1242 0 0
971 T 1064 1953 1286 0 0
971 T 1030 129 1250 0 0
971 T 1705 5 1130 0 0
971 T 1272 2614 73 0 0
971 T 2031 785 1893 0 0
971 T 1350 783 2081 0 0
971 T 619 1592 1958 0 0
971 T 423 1184 1961 0 0
971 T 669 1580 148 0 0
971 T 2634 1284 2314 0 0
971 T 1851 1286 2679 0 0
971 T 397 1023 2385 0 0
971 T 157 1163 1695 0 0
971 T 2397 1018 645 0 0
971 T 556 928 585 0 0
971 T 259 530 1682 0 0
971 T 467 829 353 0 0
971 T 351 2293 453 0 0
971 T 973 2345 16 0 0
971 T 2637 1896 15 0 0
971 T 911 2756 2659 0 0
971 T 2234 1297 2541 0 0
971 T 2539 2532 2484 0 0
971 T 2721 2355 1929 0 0
971 T 1610 1178 129 0 0
971 T 1887 1871 1876 0 0
971 T 1804 1164 366 0 0
971 T 2196 1105 1635 0 0
971 T 1637 1079 6 0 0
971 T 1930 905 2506 0 0
971 T 454 589 1564 0 0
971 T 137 1223 407 0 0
971 T 1824 1164 2050 0 0
971 T 1346 2615 76 0 0
971 T 1210 928 1564 0 0
971 T 1519 772 640 0 0
971 T 1393 208 1521 0 0
971 T 2499 210 2321 0 0
971 T 667 1672 1592 0 0
971 T 2618 110 2613 0 0
971 T 547 2222 1915 0 0
971 T 15 2632 1953 0 0
971 T 370 2055 2006 0 0
971 T 561 141 1713 0 0
971 T 8 2173 1422 0 0
971 T 1807 359 836 0 0
971 T 1636 493 24 0 0
971 T 1705 489 1638 0 0
971 T 1876 545 2194 0 0
971 T 1195 2319 1834 0 0
971 T 1642 1538 130 0 0
971 T 2066 826 695 0 0
971 T 9 2205 826 0 0
971 T 2235 335 2180 0 0
971 T 1820 961 3 0 0
971 T 350 858 635 0 0
971 T 2637 169 2632 0 0
971 T 1180 450 1037 0 0
971 T 705 78 1788 0 0
971 T 1419 905 981 0 0
971 T 641 2310 348 0 0
971 T 2419 1011 992 0 0
971 T 1602 1290 1236 0 0
971 T 2026 204 2048 0 0
971 T 344 1039 1316 0 0
971 T 308 345 1666 0 0
971 T 2724 692 98 0 0
971 T 1423 1012 79 0 0
971 T 105 2133 2163 0 0
971 T 2049 722 1256 0 0
971 T 92 1271 2614 0 0
971 T 91 1346 2616 0 0
971 U 95 11 12 0 0
971 U 1792 12 8 0 0
971 U 2647 8 11 0 0
971 U 2750 9 5 0 0
971 U 2761 5 7 0 0
971 U 2691 7 9 0 0
971 U 1440 9 7 0 0
971 U 1801 12 9 0 0
971 U 551 7 12 0 0
971 U 55 12 11 0 0
971 U 87 6 5 0 0
971 U 1811 5 10 0 0
971 U 2669 5 9 0 0
971 U 23 5 6 0 0
971 U 136 16 14 0 0
971 U 777 14 14 0 0
971 U 1245 14 16 0 0
971 U 1311 16 18 0 0
971 U 158 18 16 0 0
971 U 813 16 16 0 0
971 U 831 17 17 0 0
971 U 74 13 14 0 0
971 U 22 14 13 -1 0
971 U 45 18 17 0 0
971 U 9 17 18 0 0
971 U 8 4 3 0 0
971 U 658 3 3 0 0
971 U 44 3 4 0 0
971 U 32 3 4 0 0
971 U 4 4 3 -1 0
971 U 14 20 19 -1 0
971 U 1417 22 20 0 0
971 U 1050 19 22 0 0
971 U 119 19 21 0 0
971 U 689 21 20 0 0
971 U 40 20 19 0 0
971 U 6 22 21 0 0
971 U 27 20 19 0 0
971 U 406 31 24 0 0
971 U 1333 24 33 0 0
971 U 1658 33 31 0 0
971 U 1369 23 25 0 0
971 U 1666 29 23 0 0
971 U 439 25 29 0 0
971 U 416 28 33 0 0
971 U 1645 30 28 0 0
971 U 1379 33 30 0 0
971 U 19 23 24 1 0
971 U 1619 26 23 0 0
971 U 377 33 25 0 0
971 U 1642 26 33 0 0
971 U 49 25 26 0 0
971 U 1387 31 30 0 0
971 U 2610 29 28 0 0
971 U 86 30 29 0 0
971 U 455 27 31 0 0
971 U 1351 27 32 0 0
971 U 61 28 27 0 0
971 U 679 40 40 0 0
971 U 82 39 40 0 0
971 U 70 40 39 0 0
971 U 1848 36 38 0 0
971 U 671 38 38 0 0
971 U 2543 38 36 0 0
971 U 11 37 38 0 0
971 U 65 38 37 0 0
971 U 194 39 36 0 0
971 U 1719 36 39 0 0
971 U 627 36 36 0 0
971 U 2710 48 41 0 0
971 U 1054 45 48 0 0
971 U 2764 41 45 0 0
971 U 2601 42 45 0 0
971 U 2118 45 41 0 0
971 U 93 41 42 1 0
971 U 25 47 48 0 0
971 U 2597 45 47 0 0
971 U 2702 45 44 0 0
971 U 2099 44 47 0 0
971 U 544 42 44 0 0
971 U 2606 43 42 0 0
971 U 41 44 43 0 0
971 U 100 45 46 0 0
971 U 2593 51 50 0 0
971 U 2142 50 52 0 0
971 U 94 52 51 0 0
971 U 2714 55 52 0 0
971 U 951 50 55 0 0
971 U 2768 52 50 0 0
971 U 2696 50 53 0 0
971 U 2155 53 56 0 0
971 U 2581 56 50 0 0
971 U 25 55 56 0 0
971 U 38 53 54 0 0
971 U 2586 54 51 0 0
971 U 547 51 53 0 0
971 U 98 50 49 0 0
971 U 1851 59 57 0 0
971 U 570 57 57 0 0
971 U 2567 57 59 0 0
971 U 83 61 62 0 0
971 U 70 62 61 0 0
971 U 619 62 62 0 0
971 U 68 60 59 0 0
971 U 11 59 60 0 0
971 U 613 60 60 0 0
971 U 1823 57 62 0 0
971 U 205 62 57 0 0
971 U 1708 70 71 0 0
971 U 1260 67 70 0 0
971 U 389 71 67 0 0
971 U 1299 64 67 0 0
971 U 1683 67 65 0 0
971 U 366 65 64 0 0
971 U 437 71 69 0 0
971 U 47 72 71 0 0
971 U 1667 67 73 0 0
971 U 462 73 70 0 0
971 U 1698 64 70 0 0
971 U 1291 70 65 0 0
971 U 20 66 65 0 0
971 U 1317 72 66 0 0
971 U 1675 65 72 0 0
971 U 86 68 67 -1 0
971 U 2589 73 68 0 0
971 U 414 74 64 0 0
971 U 1277 73 64 0 0
971 U 63 73 74 0 0
971 U 13 77 78 0 0
971 U 1463 75 77 0 0
971 U 998 78 75 0 0
971 U 126 78 76 0 0
971 U 803 76 77 0 0
971 U 36 77 78 0 0
971 U 30 78 77 0 0
971 U 6 76 75 -1 0
971 U 7 1 2 0 0
971 U 54 2 1 0 0
971 U 597 2 2 0 0
971 U 34 2 1 0 0
971 U 3 1 2 0 0
971 U 733 84 84 0 0
971 U 1378 82 84 0 0
971 U 144 84 82 0 0
971 U 702 79 79 0 0
971 U 139 79 83 0 0
971 U 1357 83 79 0 0
971 U 747 82 82 0 0
971 U 21 81 82 0 0
971 U 76 82 81 0 0
971 U 52 80 79 0 0
971 U 9 79 80 1 0
971 U 558 89 88 0 0
971 U 58 88 87 0 0
971 U 1716 87 89 0 0
971 U 2753 92 86 0 0
971 U 2757 86 90 0 0
971 U 2704 90 92 0 0
971 U 2654 89 88 0 0
971 U 96 88 87 0 0
971 U 89 85 86 0 0
971 U 1731 86 91 0 0
971 U 2663 86 92 0 0
971 U 1492 92 90 0 0
971 U 24 86 85 -1 0
971 U 1754 92 87 0 0
971 Q 465 1572 2 1574 0 -1 0 0 0 0
971 Q 56 2 58 1 0 0 0 -1 0 0
971 Q 918 113 859 214 0 0 0 0 0 0
971 Q 284 788 111 754 0 0 0 0 0 0
971 Q 536 11 465 12 0 0 0 0 0 0
971 Q 810 0 728 283 0 0 0 0 0 0
971 Q 153 842 0 923 0 0 0 0 0 0
971 Q 1429 0 1489 114 0 0 0 0 0 0
971 Q 897 102 845 168 0 0 0 0 0 0
971 Q 0 604 443 666 0 0 0 0 0 0
971 Q 1111 445 1111 445 0 0 0 0 0 0
971 Q 50 112 48 113 0 0 0 0 0 0
971 Q 65 466 67 463 0 0 0 0 0 0
971 Q 1140 0 1134 154 0 0 0 0 0 0
971 Q 170 1556 170 1556 0 0 0 0 0 0
971 Q 37 0 42 0 0 0 0 0 0 0
