0
0 d=983
0
983 A 4 0 -1 2 1 -2
983 A 6 0 -1 2 1 -2
983 A 7 0 3 1 -3 -1
983 A 8 0 3 2 -3 -2
983 A 8 0 -3 2 3 -2
983 A 8 0 1 2 -1 -2
983 A 8 0 -1 2 1 -2
983 A 9 0 -2 4 2 -4
983 A 12 0 5 2 -5 -2
983 A 12 0 -1 2 1 -2
983 A 14 0 -3 6 3 -6
983 A -1 1 83 0 -83 0
983 A 0 1 83 0 -83 0
983 A -2 1 63 0 -63 0
983 A -2 1 61 0 -61 0
983 A -2 1 121 1 -121 -1
983 A 1 1 63 0 -63 0
983 A 1 1 61 0 -61 0
983 A 1 1 -122 1 122 -1
983 A -3 1 52 1 -52 -1
983 A -3 1 68 1 -68 -1
983 A -3 1 122 1 -122 -1
983 A 2 1 -123 1 123 -1
983 A 2 1 -53 1 53 -1
983 A 2 1 -69 1 69 -1
983 A 16 0 5 6 -5 -6
983 A 16 0 -5 2 5 -2
983 A 16 0 3 2 -3 -2
983 A 16 0 -3 6 3 -6
983 A -4 1 81 1 -81 -1
983 A 3 1 -82 1 82 -1
983 A -5 1 103 2 -103 -2
983 A 4 1 -105 2 105 -2
983 A -6 1 41 1 -41 -1
983 A 5 1 -42 1 42 -1
983 A -7 1 106 3 -106 -3
983 A -7 1 17 0 -17 0
983 A 6 1 17 0 -17 0
983 A 6 1 -109 3 109 -3
983 A 18 0 7 4 -7 -4
983 A -10 1 87 4 -87 -4
983 A -10 1 35 2 -35 -2
983 A -10 1 51 2 -51 -2
983 A -10 1 31 1 -31 -1
983 A 9 1 -32 1 32 -1
983 A 9 1 -53 2 53 -2
983 A 9 1 -37 2 37 -2
983 A 9 1 -91 4 91 -4
983 A 21 0 -4 8 4 -8
983 A -15 1 101 6 -101 -6
983 A -15 1 22 1 -22 -1
983 A 14 1 -23 1 23 -1
983 A 14 1 -107 6 107 -6
983 A 23 0 -2 4 2 -4
983 A -18 1 29 1 -29 -1
983 A -18 1 37 3 -37 -3
983 A -18 1 103 7 -103 -7
983 A 17 1 -30 1 30 -1
983 A 17 1 -40 3 40 -3
983 A 17 1 -110 7 110 -7
983 A 24 0 11 2 -11 -2
983 A 24 0 -11 4 11 -4
983 A 24 0 -11 10 11 -10
983 A 24 0 7 10 -7 -10
983 A 24 0 7 4 -7 -4
983 A 24 0 -7 2 7 -2
983 A 24 0 5 2 -5 -2
983 A 24 0 -5 4 5 -4
983 A 24 0 1 10 -1 -10
983 A 24 0 1 4 -1 -4
983 A 24 0 -1 2 1 -2
983 A 24 0 -5 10 5 -10
983 A -22 1 31 4 -31 -4
983 A 21 1 -35 4 35 -4
983 A 27 0 7 13 -7 -13
983 A 28 0 11 6 -11 -6
983 A 28 0 -3 6 3 -6
983 A -26 1 87 9 -87 -9
983 A 25 1 -96 9 96 -9
983 A -6 2 175 2 -175 -2
983 A 4 2 -177 2 177 -2
983 A 32 0 -11 6 11 -6
983 A 32 0 -5 10 5 -10
983 A 32 0 5 6 -5 -6
983 A -20 2 179 6 -179 -6
983 A 18 2 -185 6 185 -6
983 A -38 1 95 13 -95 -13
983 A 37 1 -108 13 108 -13
983 A 11 0 5 1 5 1
983 A 5 0 -3 2 -2 1
983 A 5 0 2 1 1 -2
983 A 5 0 -2 2 0 -2
983 A 5 0 1 2 1 1
983 A 5 0 -1 1 0 1
983 A 7 0 -4 3 -1 -3
983 A 7 0 -4 2 -1 -1
983 A 7 0 -3 3 0 -2
983 A 7 0 2 3 -1 2
983 A 7 0 2 2 2 -1
983 A 7 0 -2 2 0 -3
983 A 7 0 -1 1 0 1
983 A 9 0 -5 4 -1 -4
983 A 9 0 4 1 -1 2
983 A 9 0 -4 2 1 1
983 A 9 0 2 2 -2 1
983 A 11 0 -6 5 -3 -4
983 A 11 0 -6 4 -2 -4
983 A 11 0 -6 3 -3 -3
983 A 11 0 -6 2 -1 5
983 A 11 0 -5 1 2 -5
983 A 11 0 -5 2 4 -1
983 A 11 0 -5 3 1 -4
983 A 11 0 -5 4 -7 5
983 A 11 0 -5 5 0 5
983 A 11 0 -7 4 -1 -5
983 A 11 0 4 3 -2 4
983 A 11 0 4 2 -4 5
983 A 11 0 4 1 3 -5
983 A 11 0 -4 2 1 1
983 A 11 0 -4 3 -3 2
983 A 11 0 -4 4 0 -2
983 A 11 0 3 5 1 -2
983 A 11 0 3 2 -3 -1
983 A 11 0 -3 1 -2 -1
983 A 11 0 -3 3 0 1
983 A 11 0 -3 4 -2 -3
983 A 11 0 2 5 1 4
983 A 11 0 2 2 -2 1
983 A 11 0 -2 2 0 -4
983 A 11 0 -2 3 -1 3
983 A 11 0 1 3 1 2
983 A 11 0 -1 1 0 3
983 A 13 0 -7 6 4 -2
983 A 13 0 -7 5 1 -4
983 A 13 0 -7 4 -2 6
983 A 13 0 -7 3 5 -6
983 A 13 0 -7 2 1 3
983 A 13 0 6 1 3 -6
983 A 13 0 -6 1 6 -4
983 A 13 0 -6 2 -5 4
983 A 13 0 -6 3 -4 -4
983 A 13 0 -6 5 2 -3
983 A 13 0 -6 6 0 2
983 A 13 0 -8 6 -4 1
983 A 13 0 -8 5 -3 -5
983 A 13 0 -8 4 -3 -3
983 A 13 0 5 3 1 -2
983 A 13 0 5 2 -4 3
983 A 13 0 5 1 -2 -4
983 A 13 0 -5 1 5 -2
983 A 13 0 -5 3 2 3
983 A 13 0 -5 5 0 5
983 A 13 0 -9 6 4 -5
983 A 13 0 4 5 -2 4
983 A 13 0 4 3 1 -6
983 A 13 0 4 2 1 4
983 A 13 0 4 1 -3 -2
983 A 13 0 -4 4 0 3
983 A 13 0 -4 6 3 4
983 A 13 0 3 6 1 -5
983 A 13 0 3 1 2 6
983 A 13 0 -3 1 3 -5
983 A 13 0 -3 2 -1 -2
983 A 13 0 -3 3 0 4
983 A 13 0 -3 4 -2 -5
983 A 13 0 2 2 -1 -6
983 A 13 0 2 1 2 -5
983 A 13 0 -2 1 1 1
983 A 13 0 -2 2 0 6
983 A 13 0 1 5 1 -3
983 A 13 0 -1 1 0 -1
983 A 15 0 -8 7 8 -4
983 A 15 0 7 1 -4 -7
983 A 15 0 -7 2 -5 -2
983 A 15 0 -5 1 -1 -4
983 A 15 0 -5 4 -4 -1
983 A 15 0 -5 7 2 -7
983 A 15 0 4 4 -1 -7
983 A 15 0 -4 2 1 1
983 A 15 0 2 2 -2 1
983 A 15 0 -1 2 -2 4
983 A -1 1 121 0 -61 0
983 A -1 1 119 0 31 0
983 A -1 1 115 0 77 0
983 A -1 1 109 0 -79 0
983 A -1 1 107 0 -23 0
983 A -1 1 103 0 -43 0
983 A -1 1 91 0 -73 0
983 A -1 1 85 0 -55 0
983 A -1 1 65 0 -53 0
983 A -1 1 59 0 25 0
983 A -1 1 29 0 -17 0
983 A 0 1 121 0 -61 0
983 A 0 1 119 0 31 0
983 A 0 1 115 0 77 0
983 A 0 1 109 0 -79 0
983 A 0 1 107 0 -23 0
983 A 0 1 103 0 -43 0
983 A 0 1 91 0 -73 0
983 A 0 1 85 0 -55 0
983 A 0 1 65 0 -53 0
983 A 0 1 59 0 25 0
983 A 0 1 29 0 -17 0
983 A -2 1 119 1 -41 0
983 A -2 1 117 1 25 0
983 A -2 1 115 1 -53 0
983 A -2 1 113 1 69 0
983 A -2 1 107 1 89 1
983 A -2 1 101 1 65 0
983 A -2 1 93 1 -47 0
983 A -2 1 87 1 39 0
983 A -2 1 77 0 -29 0
983 A -2 1 75 0 -43 0
983 A -2 1 73 0 -17 0
983 A -2 1 59 0 21 0
983 A 1 1 77 0 -29 0
983 A 1 1 75 0 -43 0
983 A 1 1 73 0 -17 0
983 A 1 1 69 0 114 -1
983 A 1 1 65 0 102 -1
983 A 1 1 59 0 21 0
983 A 1 1 53 0 -116 1
983 A 1 1 47 0 -94 1
983 A 1 1 41 0 -120 1
983 A 1 1 39 0 88 -1
983 A 1 1 25 0 118 -1
983 A 1 1 -90 1 -108 1
983 A -3 1 118 1 -25 0
983 A -3 1 106 1 -37 0
983 A -3 1 82 1 80 1
983 A -3 1 76 1 -64 -1
983 A -3 1 70 1 104 1
983 A -3 1 58 1 92 1
983 A -3 1 43 0 41 0
983 A -3 1 31 0 62 1
983 A -3 1 19 0 50 1
983 A -3 1 56 1 -47 0
983 A -3 1 86 1 -17 0
983 A -3 1 110 1 -29 0
983 A 2 1 -119 1 25 0
983 A 2 1 -111 1 29 0
983 A 2 1 -107 1 37 0
983 A 2 1 -105 1 -71 1
983 A 2 1 47 0 -57 1
983 A 2 1 43 0 41 0
983 A 2 1 31 0 63 -1
983 A 2 1 19 0 51 -1
983 A 2 1 17 0 -87 1
983 A 2 1 -59 1 -93 1
983 A 2 1 -65 1 77 -1
983 A 2 1 -81 1 -83 1
983 A 16 0 -9 6 1 2
983 A 16 0 7 2 1 -2
983 A 16 0 -7 2 -1 6
983 A 16 0 -7 6 -1 -6
983 A 16 0 5 2 -5 6
983 A 16 0 3 6 -3 2
983 A -4 1 51 1 -57 -1
983 A -4 1 55 1 -35 0
983 A -4 1 63 1 73 1
983 A -4 1 107 2 79 1
983 A -4 1 119 2 61 1
983 A -4 1 103 1 -37 -1
983 A -4 1 91 1 19 0
983 A -4 1 87 1 17 0
983 A -4 1 75 1 -45 -1
983 A -4 1 31 0 -25 0
983 A -4 1 105 2 113 2
983 A -4 1 117 2 93 1
983 A -4 1 85 1 -29 0
983 A 3 1 -104 1 38 -1
983 A 3 1 -92 1 -19 0
983 A 3 1 -86 1 29 0
983 A 3 1 -80 1 -109 2
983 A 3 1 -74 1 -64 1
983 A 3 1 35 0 -56 1
983 A 3 1 17 0 88 -1
983 A 3 1 25 0 -31 0
983 A 3 1 -46 1 76 -1
983 A 3 1 -52 1 58 -1
983 A 3 1 -94 1 -119 2
983 A 3 1 -115 2 -107 2
983 A 3 1 -121 2 -62 1
983 A -5 1 93 2 -26 -1
983 A -5 1 78 1 -115 -2
983 A -5 1 38 1 -89 -2
983 A -5 1 28 1 -119 -2
983 A -5 1 23 0 -76 -1
983 A -5 1 32 1 105 2
983 A -5 1 42 1 -17 0
983 A -5 1 107 2 25 0
983 A -5 1 74 1 91 2
983 A -5 1 64 1 -27 0
983 A -5 1 34 1 70 1
983 A -5 1 101 2 117 2
983 A -5 1 60 1 40 1
983 A -5 1 121 2 62 1
983 A 4 1 17 0 -43 1
983 A 4 1 25 0 109 -2
983 A 4 1 -29 1 121 -2
983 A 4 1 -33 1 -107 2
983 A 4 1 -41 1 -61 1
983 A 4 1 -65 1 27 0
983 A 4 1 -77 1 23 0
983 A 4 1 -93 2 -75 1
983 A 4 1 -117 2 79 -1
983 A 4 1 -27 1 95 -2
983 A 4 1 -35 1 -71 1
983 A 4 1 -39 1 91 -2
983 A 4 1 -63 1 -123 2
983 A 4 1 -103 2 -119 2
983 A -6 1 115 3 71 2
983 A -6 1 109 2 -67 -1
983 A -6 1 91 2 -61 -1
983 A -6 1 85 2 -31 -1
983 A -6 1 55 1 83 2
983 A -6 1 43 1 95 2
983 A -6 1 37 1 65 2
983 A -6 1 25 1 77 2
983 A -6 1 19 0 23 1
983 A -6 1 29 1 -65 -1
983 A -6 1 113 3 -53 -1
983 A -6 1 59 1 -17 0
983 A 5 1 -93 2 62 -1
983 A 5 1 -68 1 111 -2
983 A 5 1 17 0 -60 1
983 A 5 1 -32 1 87 -2
983 A 5 1 -67 2 -38 1
983 A 5 1 -97 2 -44 1
983 A 5 1 -54 1 116 -3
983 A 5 1 19 0 24 -1
983 A 5 1 -26 1 -79 2
983 A 5 1 -56 1 -85 2
983 A 5 1 -66 1 30 -1
983 A 5 1 -73 2 -118 3
983 A -7 1 116 3 89 2
983 A -7 1 95 2 -30 -1
983 A -7 1 46 1 -104 -3
983 A -7 1 18 1 16 1
983 A -7 1 24 1 58 1
983 A -7 1 59 2 57 2
983 A -7 1 75 2 48 1
983 A -7 1 54 1 -71 -2
983 A -7 1 40 1 42 1
983 A -7 1 19 0 -77 -2
983 A -7 1 100 3 98 3
983 A -7 1 118 3 22 1
983 A -7 1 63 2 -87 -2
983 A -7 1 28 1 -93 -2
983 A 6 1 -119 3 -91 2
983 A 6 1 -95 2 29 -1
983 A 6 1 -89 2 65 -2
983 A 6 1 -77 2 -49 1
983 A 6 1 -59 1 -25 1
983 A 6 1 -47 1 107 -3
983 A 6 1 -41 1 -43 1
983 A 6 1 19 0 -79 2
983 A 6 1 -19 1 -17 1
983 A 6 1 -31 1 97 -2
983 A 6 1 -55 1 73 -2
983 A 6 1 -61 2 -59 2
983 A 6 1 -103 3 -101 3
983 A 6 1 -121 3 -23 1
983 A 17 0 -9 8 -3 -7
983 A 17 0 -9 7 1 -5
983 A 17 0 -9 6 6 -5
983 A 17 0 -9 5 -2 6
983 A 17 0 -9 4 -4 7
983 A 17 0 -9 3 -4 -2
983 A 17 0 -9 2 -1 7
983 A 17 0 8 1 -5 -7
983 A 17 0 -8 1 -6 4
983 A 17 0 -8 2 -8 3
983 A 17 0 -8 4 3 3
983 A 17 0 -8 5 1 -4
983 A 17 0 -8 6 -1 -3
983 A 17 0 -8 7 2 -3
983 A 17 0 -8 8 0 4
983 A 17 0 -10 8 -3 5
983 A 17 0 -10 7 -1 -8
983 A 17 0 -10 6 -6 8
983 A 17 0 -10 4 6 4
983 A 17 0 7 3 4 -8
983 A 17 0 7 2 -6 7
983 A 17 0 7 1 2 4
983 A 17 0 -7 2 -5 -2
983 A 17 0 -7 3 -2 7
983 A 17 0 -7 5 7 -8
983 A 17 0 -7 7 0 7
983 A 17 0 -11 8 3 8
983 A 17 0 -11 7 5 -4
983 A 17 0 -11 6 -4 2
983 A 17 0 6 5 -1 2
983 A 17 0 6 3 6 -2
983 A 17 0 6 2 5 3
983 A 17 0 -6 3 4 4
983 A 17 0 -6 6 0 -6
983 A 17 0 -12 8 -4 -8
983 A 17 0 5 6 2 2
983 A 17 0 5 4 -3 7
983 A 17 0 -5 2 -5 8
983 A 17 0 -5 5 0 3
983 A 17 0 -5 7 4 3
983 A 17 0 4 7 -1 -4
983 A 17 0 4 6 -2 8
983 A 17 0 4 5 -4 6
983 A 17 0 -4 3 -2 -6
983 A 17 0 -4 4 0 8
983 A 17 0 -4 5 -2 -7
983 A 17 0 3 6 -1 -5
983 A 17 0 3 5 3 -4
983 A 17 0 3 2 -3 8
983 A 17 0 -3 2 1 2
983 A 17 0 -3 3 0 5
983 A 17 0 2 8 -2 5
983 A 17 0 2 5 1 -8
983 A 17 0 1 7 1 -3
983 A 17 0 -2 4 3 -6
983 A -8 1 13 1 91 3
983 A -8 1 21 1 -101 -3
983 A -8 1 29 1 -41 -1
983 A -8 1 61 2 -43 -1
983 A -8 1 85 3 -109 -3
983 A -8 1 93 3 -87 -3
983 A -8 1 113 4 -17 -1
983 A -8 1 89 3 -115 -4
983 A -8 1 73 2 79 2
983 A -8 1 57 2 75 2
983 A -8 1 49 2 -63 -2
983 A -8 1 49 1 -45 -1
983 A -8 1 23 1 -31 -1
983 A -8 1 111 4 19 0
983 A -8 1 103 3 83 3
983 A 7 1 -81 2 -75 2
983 A 7 1 -46 1 50 -1
983 A 7 1 -24 1 32 -1
983 A 7 1 -59 2 -77 2
983 A 7 1 -94 3 -14 1
983 A 7 1 -115 4 -19 0
983 A 7 1 -30 1 42 -1
983 A 7 1 -44 1 63 -2
983 A 7 1 -51 2 65 -2
983 A 7 1 -86 3 -106 3
983 A 7 1 -104 3 22 -1
983 A 7 1 -92 3 119 -4
983 A 7 1 -112 3 88 -3
983 A 7 1 -90 3 96 -3
983 A 7 1 -117 4 18 -1
983 A -9 1 115 4 -103 -4
983 A -9 1 97 4 -46 -1
983 A -9 1 70 3 41 2
983 A -9 1 34 1 -28 -1
983 A -9 1 16 1 71 2
983 A -9 1 74 3 67 2
983 A -9 1 82 3 26 1
983 A -9 1 10 1 -49 -2
983 A -9 1 107 4 -113 -4
983 A -9 1 94 3 86 3
983 A -9 1 22 1 32 1
983 A -9 1 14 1 -65 -2
983 A -9 1 68 3 -59 -2
983 A -9 1 119 4 -92 -3
983 A 8 1 -11 1 51 -2
983 A 8 1 -27 1 -85 3
983 A 8 1 -35 1 29 -1
983 A 8 1 -43 2 -73 3
983 A 8 1 -67 2 15 -1
983 A 8 1 -107 4 119 -4
983 A 8 1 -123 4 95 -3
983 A 8 1 -61 2 71 -3
983 A 8 1 -69 2 -77 3
983 A 8 1 -101 4 47 -1
983 A 8 1 -117 4 111 -4
983 A 8 1 -97 3 -89 3
983 A 8 1 -73 2 -17 1
983 A 8 1 -33 1 -23 1
983 A 18 0 -7 2 7 -8
983 A 18 0 5 8 1 -2
983 A 18 0 5 2 1 -8
983 A 18 0 -5 4 -1 -4
983 A -10 1 117 4 77 3
983 A -10 1 37 1 -103 -4
983 A -10 1 27 1 -79 -3
983 A -10 1 13 1 53 2
983 A -10 1 113 5 71 3
983 A -10 1 43 1 9 1
983 A -10 1 33 1 85 4
983 A -10 1 99 4 19 1
983 A -10 1 59 3 111 4
983 A -10 1 39 2 -91 -4
983 A -10 1 15 1 -91 -3
983 A 9 1 -94 3 16 -1
983 A 9 1 -103 4 -20 1
983 A 9 1 -121 4 -80 3
983 A 9 1 -107 4 38 -1
983 A 9 1 -44 1 -10 1
983 A 9 1 -28 1 82 -3
983 A 9 1 -55 2 -14 1
983 A 9 1 -118 5 -74 3
983 A 9 1 -34 1 -89 4
983 A 9 1 -115 4 -62 3
983 A 9 1 -41 2 95 -4
983 A -11 1 112 5 59 2
983 A -11 1 35 2 -14 -1
983 A -11 1 24 1 39 2
983 A -11 1 20 1 -12 -1
983 A -11 1 31 2 36 1
983 A -11 1 116 5 -83 -4
983 A -11 1 105 4 32 1
983 A -11 1 72 3 95 4
983 A -11 1 60 3 78 3
983 A -11 1 120 5 -37 -2
983 A -11 1 87 4 81 4
983 A -11 1 54 3 34 1
983 A -11 1 45 2 52 3
983 A -11 1 89 4 58 3
983 A -11 1 100 5 -103 -4
983 A -11 1 91 4 18 1
983 A -11 1 114 5 66 3
983 A -11 1 55 2 -26 -1
983 A -11 1 118 5 74 3
983 A 10 1 -109 4 -33 1
983 A 10 1 -99 4 -75 3
983 A 10 1 -21 1 13 -1
983 A 10 1 -41 2 -25 1
983 A 10 1 -61 2 -117 5
983 A 10 1 -61 3 -93 4
983 A 10 1 -81 3 -63 3
983 A 10 1 -91 4 -85 4
983 A 10 1 -121 5 87 -4
983 A 10 1 -125 5 39 -2
983 A 10 1 -35 1 -57 3
983 A 10 1 -15 1 37 -2
983 A 10 1 -55 3 -47 2
983 A 10 1 -95 4 -19 1
983 A 10 1 -105 5 107 -4
983 A 10 1 -69 3 -119 5
983 A 10 1 -77 3 -123 5
983 A 10 1 -57 2 27 -1
983 A 10 1 -37 1 -33 2
983 A 19 0 -10 9 4 -2
983 A 19 0 -10 8 6 5
983 A 19 0 -10 4 1 7
983 A 19 0 -9 3 9 -5
983 A 19 0 -9 6 6 -7
983 A 19 0 -9 9 0 2
983 A 19 0 -11 9 -1 5
983 A 19 0 -11 8 -5 -7
983 A 19 0 -11 7 3 -9
983 A 19 0 -11 5 2 8
983 A 19 0 -8 2 1 -6
983 A 19 0 -8 3 2 5
983 A 19 0 -8 5 -3 -5
983 A 19 0 -8 6 -2 -6
983 A 19 0 -8 7 6 4
983 A 19 0 -8 9 3 -8
983 A 19 0 -12 8 -5 9
983 A 19 0 -12 7 -3 -8
983 A 19 0 -7 2 2 -3
983 A 19 0 -7 5 5 3
983 A 19 0 -7 6 -2 7
983 A 19 0 -13 8 5 8
983 A 19 0 -6 2 4 2
983 A 19 0 -6 6 0 3
983 A 19 0 -6 9 -4 -7
983 A 19 0 -5 2 2 -5
983 A 19 0 -5 3 2 3
983 A 19 0 -5 6 -6 -2
983 A 19 0 -5 7 1 6
983 A 19 0 -5 8 1 -9
983 A 19 0 -4 3 -4 7
983 A 19 0 -4 5 2 9
983 A 19 0 -4 8 1 -2
983 A 19 0 -4 9 4 8
983 A 19 0 -3 2 -1 -2
983 A 19 0 -3 3 0 6
983 A 19 0 -3 5 -3 -2
983 A 19 0 -3 6 -5 -9
983 A 19 0 -3 7 1 3
983 A 19 0 -2 2 0 9
983 A 19 0 -1 3 -5 -2
983 A 19 0 -1 7 -3 -6
983 A 19 0 1 9 -2 -2
983 A 19 0 4 5 -6 -3
983 A 19 0 6 7 -7 -5
983 A -12 1 41 2 97 5
983 A -12 1 109 6 47 2
983 A -12 1 109 5 -49 -3
983 A -12 1 61 3 77 3
983 A -12 1 37 2 -19 -1
983 A -12 1 25 1 95 4
983 A -12 1 11 1 79 3
983 A -12 1 47 3 -29 -1
983 A -12 1 83 4 -65 -3
983 A -12 1 95 5 91 4
983 A -12 1 31 1 107 5
983 A 11 1 -112 5 -32 1
983 A 11 1 -68 3 87 -4
983 A 11 1 -20 1 39 -2
983 A 11 1 -64 3 -80 3
983 A 11 1 -49 2 -115 6
983 A 11 1 -82 3 -12 1
983 A 11 1 -100 5 -95 4
983 A 11 1 -30 1 50 -3
983 A 11 1 -52 3 114 -5
983 A 11 1 -26 1 -99 4
983 A 11 1 -102 5 -43 2
983 A 20 0 -11 6 -5 6
983 A 20 0 9 2 3 -6
983 A 20 0 -9 2 1 6
983 A 20 0 -9 6 1 2
983 A 20 0 7 6 1 -2
983 A 20 0 7 2 -7 6
983 A 20 0 -7 2 -5 -2
983 A 20 0 5 6 -1 6
983 A 20 0 -5 2 -3 -2
983 A 20 0 3 6 -3 2
983 A -13 1 84 5 -91 -4
983 A -13 1 58 3 16 1
983 A -13 1 109 6 -30 -1
983 A -13 1 73 4 -67 -4
983 A -13 1 69 4 -64 -3
983 A -13 1 56 3 29 2
983 A -13 1 113 6 103 6
983 A -13 1 23 2 28 1
983 A -13 1 27 2 52 3
983 A -13 1 12 1 -115 -6
983 A -13 1 39 2 -102 -5
983 A 12 1 -31 1 115 -6
983 A 12 1 -31 2 -59 3
983 A 12 1 -55 3 -29 2
983 A 12 1 -67 3 73 -4
983 A 12 1 -107 5 41 -2
983 A 12 1 -95 4 89 -5
983 A 12 1 -13 1 121 -6
983 A 12 1 -25 2 -29 1
983 A 12 1 -61 3 -17 1
983 A 12 1 -109 6 -119 6
983 A 12 1 -77 4 71 -4
983 A -14 1 73 4 -45 -2
983 A -14 1 59 4 -39 -2
983 A -14 1 17 1 41 2
983 A -14 1 95 6 -27 -2
983 A -14 1 109 7 83 5
983 A -14 1 109 6 23 2
983 A -14 1 103 6 -61 -3
983 A -14 1 89 5 -21 -1
983 A -14 1 47 2 55 3
983 A -14 1 93 6 -77 -4
983 A -14 1 55 4 -13 -1
983 A -14 1 63 4 121 6
983 A -14 1 49 3 -71 -4
983 A 13 1 -58 3 -49 2
983 A 13 1 -59 4 14 -1
983 A 13 1 -47 2 77 -4
983 A 13 1 -99 6 81 -4
983 A 13 1 -43 2 -18 1
983 A 13 1 -22 1 94 -5
983 A 13 1 -75 4 52 -3
983 A 13 1 -88 5 -116 7
983 A 13 1 -101 6 29 -2
983 A 13 1 -127 6 -67 4
983 A 13 1 -41 2 63 -4
983 A 13 1 -115 6 -25 2
983 A 13 1 -64 3 109 -6
983 A 21 0 -11 10 -1 -10
983 A 21 0 -13 8 4 -2
983 A 21 0 -14 10 2 5
983 A 21 0 -7 5 4 10
983 A 21 0 5 8 -2 -2
983 A 21 0 -1 2 -5 10
983 A -15 1 116 7 88 5
983 A -15 1 100 7 -64 -3
983 A -15 1 40 3 29 2
983 A -15 1 25 2 -109 -6
983 A -15 1 110 7 103 6
983 A -15 1 31 2 -82 -5
983 A -15 1 16 1 -58 -3
983 A -15 1 14 1 -83 -6
983 A -15 1 32 1 52 3
983 A 14 1 -61 3 17 -1
983 A 14 1 -33 1 -55 3
983 A 14 1 -93 5 -123 7
983 A 14 1 -107 7 67 -3
983 A 14 1 -15 1 89 -6
983 A 14 1 -43 3 -31 2
983 A 14 1 -27 2 115 -6
983 A 14 1 -33 2 87 -5
983 A 14 1 -117 7 -109 6
983 A -16 1 89 6 -75 -5
983 A -16 1 77 6 -27 -2
983 A -16 1 77 5 33 2
983 A -16 1 61 4 -19 -1
983 A -16 1 35 3 -25 -1
983 A -16 1 121 7 41 2
983 A -16 1 31 3 107 6
983 A -16 1 31 1 15 1
983 A -16 1 65 5 -85 -6
983 A -16 1 43 3 -123 -7
983 A 15 1 -32 1 -16 1
983 A 15 1 -43 2 -128 7
983 A 15 1 -113 6 -34 3
983 A 15 1 -82 5 -35 2
983 A 15 1 -46 3 130 -7
983 A 15 1 -91 6 70 -5
983 A 15 1 -20 1 65 -4
983 A 15 1 -26 1 38 -3
983 A 15 1 -80 5 95 -6
983 A 15 1 -29 2 83 -6
983 A -17 1 72 5 -16 -1
983 A -17 1 55 4 -100 -7
983 A -17 1 38 3 -108 -7
983 A -17 1 115 8 -46 -3
983 A -17 1 114 7 -113 -8
983 A -17 1 80 5 -67 -4
983 A -17 1 71 4 -24 -1
983 A -17 1 96 7 19 2
983 A -17 1 79 6 -32 -3
983 A -17 1 34 3 93 6
983 A -17 1 17 2 -91 -6
983 A 16 1 -71 4 85 -5
983 A 16 1 -103 7 -21 2
983 A 16 1 -17 1 77 -5
983 A 16 1 -49 3 123 -8
983 A 16 1 -97 6 19 -2
983 A 16 1 -59 4 107 -7
983 A 16 1 -75 4 25 -1
983 A 16 1 -37 3 -99 6
983 A 16 1 -85 6 35 -3
983 A 16 1 -41 3 115 -7
983 A 16 1 -121 7 121 -8
983 A 23 0 -12 5 7 5
983 A 23 0 -12 4 11 -6
983 A 23 0 -12 3 -9 -3
983 A 23 0 -11 3 4 -10
983 A 23 0 -11 4 9 -8
983 A 23 0 -11 11 0 -3
983 A 23 0 -13 11 -3 -5
983 A 23 0 -10 3 1 7
983 A 23 0 -10 4 -1 7
983 A 23 0 -10 6 -10 8
983 A 23 0 -10 7 -15 11
983 A 23 0 -10 11 4 2
983 A 23 0 -14 6 -4 -3
983 A 23 0 -9 2 -9 4
983 A 23 0 -9 3 7 -8
983 A 23 0 -9 7 7 -10
983 A 23 0 -8 2 -2 7
983 A 23 0 -8 5 -2 -11
983 A 23 0 -8 7 7 3
983 A 23 0 -8 8 0 -7
983 A 23 0 -8 10 16 -11
983 A 23 0 -8 11 -1 -4
983 A 23 0 -7 2 4 -3
983 A 23 0 -7 3 -8 -6
983 A 23 0 -7 4 3 4
983 A 23 0 -7 6 3 -5
983 A 23 0 -7 7 0 -8
983 A 23 0 -7 11 4 -11
983 A 23 0 -6 2 -1 11
983 A 23 0 -6 3 3 3
983 A 23 0 -6 4 -6 11
983 A 23 0 -6 5 -3 8
983 A 23 0 -6 6 0 6
983 A 23 0 -6 7 6 4
983 A 23 0 -6 10 -8 -3
983 A 23 0 -5 3 3 -7
983 A 23 0 -5 4 3 -11
983 A 23 0 -5 5 0 -2
983 A 23 0 -5 7 6 2
983 A 23 0 -5 8 1 5
983 A 23 0 -5 10 10 3
983 A 23 0 -5 11 2 4
983 A 23 0 -4 7 -2 -3
983 A 23 0 -4 8 1 -2
983 A 23 0 -3 3 0 -11
983 A 23 0 -3 6 9 5
983 A 23 0 -3 10 -2 -7
983 A 23 0 -2 2 0 -5
983 A 23 0 -2 5 -1 -6
983 A 23 0 -2 10 -5 -11
983 A 23 0 -1 8 -6 -3
983 A 23 0 1 3 -5 -2
983 A 23 0 1 8 -7 -4
983 A 23 0 2 8 4 6
983 A 23 0 3 7 4 11
983 A 23 0 5 4 7 2
983 A 23 0 5 6 -8 -4
983 A -18 1 29 3 61 4
983 A -18 1 47 4 -77 -5
983 A -18 1 83 6 -119 -8
983 A -18 1 83 7 49 3
983 A -18 1 17 1 97 6
983 A -18 1 53 5 85 6
983 A -18 1 103 8 113 8
983 A -18 1 49 4 -37 -2
983 A 17 1 -89 6 127 -8
983 A 17 1 -39 2 53 -4
983 A 17 1 -90 7 -52 3
983 A 17 1 -65 4 -32 3
983 A 17 1 -82 5 51 -4
983 A 17 1 -91 6 -58 5
983 A 17 1 -121 8 -111 8
983 A 17 1 -103 6 -18 1
983 A -19 1 49 4 51 4
983 A -19 1 24 1 22 1
983 A -19 1 73 6 -112 -9
983 A -19 1 78 7 76 7
983 A -19 1 56 5 105 8
983 A -19 1 18 1 67 4
983 A 18 1 -113 8 -61 5
983 A 18 1 -23 1 -25 1
983 A 18 1 -85 7 -83 7
983 A 18 1 -121 9 79 -6
983 A 18 1 -71 4 -19 1
983 A 18 1 -55 4 -53 4
983 A 25 0 -13 6 6 -2
983 A 25 0 -12 2 15 -12
983 A 25 0 -12 7 -5 -12
983 A 25 0 -12 11 -8 12
983 A 25 0 -14 6 6 -8
983 A 25 0 -14 4 10 4
983 A 25 0 11 3 2 -4
983 A 25 0 -11 3 4 -11
983 A 25 0 -11 6 5 -4
983 A 25 0 -11 11 0 -4
983 A 25 0 -15 6 -1 -9
983 A 25 0 10 2 -3 -12
983 A 25 0 -10 3 -2 -8
983 A 25 0 -10 6 -1 11
983 A 25 0 -10 8 -7 -3
983 A 25 0 -10 9 -9 -6
983 A 25 0 -10 11 4 6
983 A 25 0 -16 11 5 -9
983 A 25 0 -9 2 6 -9
983 A 25 0 -9 8 -8 11
983 A 25 0 -9 12 1 -4
983 A 25 0 -17 12 -5 -7
983 A 25 0 -17 11 -8 2
983 A 25 0 8 6 2 -8
983 A 25 0 8 3 7 -11
983 A 25 0 -8 9 18 -12
983 A 25 0 7 11 -4 8
983 A 25 0 7 6 -4 -2
983 A 25 0 7 2 3 -9
983 A 25 0 -7 2 -5 8
983 A 25 0 6 12 1 -9
983 A 25 0 6 11 6 2
983 A 25 0 5 11 4 -9
983 A 25 0 5 6 -1 -4
983 A 25 0 5 2 -3 8
983 A 25 0 -5 6 -1 6
983 A 25 0 -4 4 0 -11
983 A 25 0 -4 6 1 -3
983 A 25 0 -3 4 3 -12
983 A 25 0 -2 3 2 -6
983 A 25 0 1 11 -4 12
983 A 25 0 1 8 -3 11
983 A 25 0 -1 2 3 -6
983 A -20 1 11 2 55 4
983 A -20 1 51 5 -79 -6
983 A -20 1 75 6 -21 -2
983 A -20 1 35 2 77 7
983 A -20 1 25 3 21 3
983 A -20 1 65 6 111 9
983 A -20 1 101 9 85 7
983 A -20 1 79 7 -123 -9
983 A -20 1 47 3 37 4
983 A -20 1 27 2 -119 -9
983 A -20 1 13 2 -69 -6
983 A -20 1 93 7 -83 -7
983 A -20 1 39 2 43 3
983 A 19 1 -85 6 56 -5
983 A 19 1 -29 2 128 -9
983 A 19 1 -86 7 132 -9
983 A 19 1 -46 3 -41 2
983 A 19 1 -50 3 -41 4
983 A 19 1 -120 9 -71 6
983 A 19 1 -13 2 -59 4
983 A 19 1 -100 7 90 -7
983 A 19 1 -81 6 23 -2
983 A 19 1 -15 2 75 -6
983 A 19 1 -110 9 -92 7
983 A 19 1 -37 2 -84 7
983 A 19 1 -24 3 -28 3
983 A -21 1 23 2 -20 -1
983 A -21 1 86 7 -113 -10
983 A -21 1 107 10 82 7
983 A -21 1 13 2 -46 -3
983 A -21 1 7 2 110 9
983 A -21 1 22 3 26 1
983 A 20 1 -9 2 -119 9
983 A 20 1 -49 3 15 -2
983 A 20 1 -89 7 -117 10
983 A 20 1 -123 10 93 -7
983 A 20 1 -25 2 21 -1
983 A 20 1 -25 3 -27 1
983 A -22 1 93 10 29 3
983 A -22 1 75 8 -101 -9
983 A -22 1 75 7 -117 -10
983 A -22 1 79 6 -41 -5
983 A 21 1 -46 5 85 -6
983 A 21 1 -110 9 83 -8
983 A 21 1 -127 10 82 -7
983 A 21 1 -103 10 -32 3
983 A 27 0 -13 2 10 -8
983 A 27 0 -11 7 2 -10
983 A 27 0 -8 10 -4 -7
983 A 27 0 2 8 -11 -2
983 A -23 1 31 4 85 8
983 A -23 1 61 6 -106 -11
983 A -23 1 79 8 -68 -5
983 A -23 1 66 7 7 2
983 A -23 1 35 4 64 7
983 A 22 1 -73 5 87 -8
983 A 22 1 -73 7 -9 2
983 A 22 1 -117 11 67 -6
983 A 22 1 -93 8 -35 4
983 A 22 1 -39 4 -71 7
983 A 28 0 -15 6 3 2
983 A 28 0 13 2 -5 10
983 A 28 0 -17 10 -7 -2
983 A 28 0 -11 2 -1 6
983 A 28 0 -11 10 -1 -10
983 A 28 0 9 6 -5 2
983 A 28 0 9 2 -5 6
983 A 28 0 -9 2 -7 -10
983 A 28 0 -7 2 3 -10
983 A 28 0 -7 10 -5 -2
983 A -24 1 35 4 19 2
983 A 23 1 -39 4 -21 2
983 A 29 0 -13 3 -2 11
983 A 29 0 -13 5 5 14
983 A 29 0 -13 13 0 11
983 A 29 0 -17 7 -9 14
983 A 29 0 -12 5 -7 -5
983 A 29 0 11 7 7 -14
983 A 29 0 -11 11 0 13
983 A 29 0 -19 14 8 5
983 A 29 0 10 7 -5 14
983 A 29 0 10 3 -9 11
983 A 29 0 -20 14 -5 -2
983 A 29 0 8 13 6 -12
983 A 29 0 -7 2 -6 -14
983 A -25 1 69 8 67 6
983 A -25 1 65 8 33 2
983 A -25 1 43 4 -21 -2
983 A -25 1 28 3 -40 -3
983 A -25 1 76 7 16 3
983 A 24 1 -31 3 43 -3
983 A 24 1 -47 4 23 -2
983 A 24 1 -73 6 -77 8
983 A 24 1 -73 8 -35 2
983 A 24 1 -19 3 -83 7
983 A -26 1 5 2 -107 -11
983 A -26 1 73 8 -39 -5
983 A -26 1 3 2 -105 -11
983 A -26 1 37 5 -71 -8
983 A -26 1 89 11 79 9
983 A -26 1 25 3 -35 -2
983 A -26 1 13 2 -63 -5
983 A -26 1 61 5 -85 -9
983 A 25 1 -94 9 66 -5
983 A 25 1 -81 8 44 -5
983 A 25 1 -68 5 15 -2
983 A 25 1 -118 11 7 -2
983 A 25 1 -5 2 116 -11
983 A 25 1 -37 2 28 -3
983 A 25 1 -88 9 -100 11
983 A 25 1 -42 5 79 -8
983 A 30 0 13 4 -1 2
983 A 30 0 -19 14 -5 4
983 A 30 0 5 14 1 4
983 A -27 1 28 3 71 8
983 A -27 1 10 3 44 3
983 A 26 1 -31 3 -79 8
983 A 26 1 -47 3 -13 3
983 A 31 0 -16 4 -10 7
983 A 31 0 -16 3 11 -7
983 A 31 0 -15 3 15 -4
983 A 31 0 -14 3 -12 8
983 A 31 0 -14 4 11 -8
983 A 31 0 -13 2 1 3
983 A 31 0 -13 4 -5 15
983 A 31 0 -13 8 -5 -8
983 A 31 0 -12 2 -6 5
983 A 31 0 -10 15 9 4
983 A 31 0 -8 3 -4 10
983 A 31 0 -7 10 -7 13
983 A 31 0 -6 10 5 3
983 A 31 0 -6 13 -3 10
983 A 31 0 -4 3 11 2
983 A 31 0 1 5 10 2
983 A 31 0 3 7 12 4
983 A 31 0 3 8 -10 -4
983 A 31 0 4 7 -13 -3
983 A 31 0 4 8 11 3
983 A 31 0 11 4 -12 -3
983 A -1 2 40 0 172 0
983 A -1 2 53 0 204 0
983 A -1 2 60 0 -213 0
983 A -1 2 154 0 -192 1
983 A -3 2 214 1 -34 -1
983 A -3 2 175 1 137 0
983 A -3 2 82 1 65 0
983 A -3 2 52 1 83 0
983 A -3 2 49 1 62 1
983 A -3 2 40 1 107 0
983 A -3 2 80 1 -218 0
983 A -3 2 167 1 82 0
983 A -3 2 176 0 -206 -1
983 A 1 2 218 0 -81 1
983 A 1 2 176 0 -207 1
983 A 1 2 137 0 176 -1
983 A 1 2 107 0 41 -1
983 A 1 2 83 0 53 -1
983 A 1 2 82 0 168 -1
983 A 1 2 65 0 83 -1
983 A 1 2 -35 1 215 -1
983 A 1 2 -50 1 -63 1
983 A -5 2 81 1 -168 -1
983 A -5 2 39 1 172 1
983 A -5 2 79 1 117 1
983 A -5 2 129 2 82 0
983 A -5 2 82 1 30 1
983 A -5 2 160 1 -83 0
983 A -5 2 175 1 121 0
983 A 3 2 -176 1 -121 0
983 A 3 2 -173 1 -40 1
983 A 3 2 -161 1 83 0
983 A 3 2 -31 1 -83 1
983 A 3 2 82 0 131 -2
983 A 3 2 -82 1 169 -1
983 A 3 2 -118 1 -80 1
983 A -28 1 43 7 25 3
983 A -28 1 29 5 27 2
983 A 27 1 -34 5 -29 2
983 A 27 1 -28 3 -50 7
983 A -6 2 205 2 -43 0
983 A -6 2 203 2 -41 0
983 A 4 2 -207 2 43 0
983 A 4 2 41 0 -205 2
983 A -7 2 64 1 38 1
983 A -7 2 62 0 -128 -1
983 A -7 2 157 2 -40 -1
983 A -7 2 138 1 36 0
983 A 5 2 -41 1 159 -2
983 A 5 2 36 0 139 -1
983 A 5 2 -129 1 62 0
983 A 5 2 -65 1 -39 1
983 A 32 0 -15 2 -9 6
983 A 32 0 -15 10 -9 14
983 A 32 0 -13 2 -3 14
983 A 32 0 -13 14 -3 10
983 A 32 0 -11 14 11 2
983 A 32 0 -7 10 -1 14
983 A 32 0 -5 14 5 10
983 A 32 0 3 6 13 2
983 A -9 2 157 3 83 1
983 A -9 2 76 2 239 3
983 A -9 2 32 1 43 0
983 A -9 2 82 1 -106 -2
983 A -9 2 55 1 -79 -2
983 A -9 2 169 3 200 4
983 A 7 2 -204 4 -172 3
983 A 7 2 -78 2 -242 3
983 A 7 2 43 0 33 -1
983 A 7 2 -83 1 108 -2
983 A 7 2 -84 1 -160 3
983 A 7 2 -56 1 81 -2
983 A -29 1 34 5 -70 -9
983 A 28 1 -39 5 79 -9
983 A -11 2 81 2 -113 -3
983 A -11 2 62 2 78 2
983 A -11 2 183 4 234 5
983 A -11 2 108 2 80 2
983 A -11 2 160 3 85 1
983 A -11 2 220 4 84 1
983 A 9 2 -110 2 -82 2
983 A 9 2 -83 2 116 -3
983 A 9 2 -224 4 -85 1
983 A 9 2 -80 2 -64 2
983 A 9 2 -163 3 -86 1
983 A 9 2 -239 5 -187 4
983 A 33 0 -14 4 -13 8
983 A 33 0 10 4 5 8
983 A 33 0 -2 4 -7 14
983 A -30 1 61 9 -109 -13
983 A 29 1 -122 13 70 -9
983 A -13 2 155 4 -201 -5
983 A -13 2 131 4 -175 -4
983 A -13 2 42 2 -41 0
983 A 11 2 -159 4 206 -5
983 A 11 2 -179 4 135 -4
983 A 11 2 41 0 -44 2
983 A -31 1 80 11 78 11
983 A 30 1 -91 11 -89 11
983 A -15 2 34 2 167 5
983 A -15 2 76 3 -163 -5
983 A 13 2 -168 5 79 -3
983 A 13 2 -36 2 -172 5
983 A 35 0 -9 9 0 4
983 A 35 0 -4 4 0 9
983 A -32 1 5 3 77 11
983 A -32 1 81 11 -43 -5
983 A 31 1 -92 11 48 -5
983 A 31 1 -8 3 -88 11
983 A -17 2 77 3 105 4
983 A -17 2 206 8 87 2
983 A 15 2 -89 2 -214 8
983 A 15 2 -109 4 -80 3
983 A -19 2 222 7 -46 -1
983 A -19 2 226 9 -44 -1
983 A 17 2 -229 7 47 -1
983 A 17 2 -45 1 235 -9
983 A -20 2 201 8 35 2
983 A 18 2 -209 8 -37 2
983 A 37 0 -15 11 1 12
983 A 37 0 -14 11 13 -14
983 A 37 0 -14 14 0 -12
983 A 37 0 -13 12 4 11
983 A 37 0 -12 12 0 -14
983 A 37 0 -1 14 -3 -11
983 A -21 2 194 9 109 4
983 A -21 2 74 4 -113 -4
983 A 19 2 -113 4 -203 9
983 A 19 2 -117 4 78 -4
983 A -35 1 54 9 43 8
983 A 34 1 -63 9 -51 8
983 A -23 2 71 2 -138 -7
983 A 21 2 -73 2 145 -7
983 A 35 1 -95 12 -18 5
983 A -36 1 13 5 83 12
983 A 39 0 -19 5 -11 10
983 A 39 0 14 5 1 10
983 A -38 1 61 9 81 12
983 A 37 1 -93 12 -70 9
983 A 38 1 -95 13 -63 10
983 A -39 1 53 10 82 13
983 A 43 0 -19 21 -1 -11
983 A 43 0 -12 11 2 -21
983 A -31 2 117 8 185 11
983 A 29 2 -125 8 -196 11
983 A 41 1 -40 3 -124 17
983 A -42 1 107 17 37 3
983 A 45 0 -1 17 13 -11
983 A 45 0 -16 17 -2 -11
983 A 45 0 -2 22 20 -22
983 A -35 2 122 8 225 17
983 A 33 2 -130 8 -242 17
983 A -36 2 209 14 55 2
983 A 34 2 -223 14 -57 2
983 A -11 3 189 2 124 1
983 A 8 3 -191 2 -125 1
983 A 48 0 11 8 13 -8
983 A 48 0 -19 8 -5 -8
983 A -13 3 126 1 360 5
983 A 10 3 -127 1 -365 5
983 A -16 3 273 6 -119 -3
983 A 13 3 -279 6 122 -3
983 A -17 3 360 7 125 2
983 A 14 3 -367 7 -127 2
983 S 1 1 4 0
983 S -5 3 8 0
983 S 1 1 8 0
983 S -7 1 16 0
983 S -5 3 16 0
983 S -3 5 16 0
983 S -1 7 16 0
983 S 3 2 9 0
983 S -3 1 9 0
983 S -3 4 9 0
983 S -8 3 14 0
983 S -4 5 14 0
983 S 2 1 14 0
983 S -3 2 7 0
983 S 2 1 7 0
983 S -1 3 7 0
983 S -5 1 14 0
983 S 3 5 14 0
983 S -1 3 14 0
983 S 2 1 12 0
983 S -2 5 12 0
983 S 2 1 6 0
983 S -1 1 6 0
983 S 5 1 12 0
983 S 1 5 12 0
983 S -6 5 12 0
983 S -6 1 12 0
983 S 0 1 6 0
983 S -3 1 6 0
983 S -3 1 12 0
983 S -3 5 12 0
983 S -8 5 14 0
983 S 4 1 14 0
983 S -2 3 14 0
983 S -3 1 7 0
983 S -2 3 7 0
983 S 1 2 7 0
983 S 5 3 14 0
983 S -3 1 14 0
983 S -1 5 14 0
983 S -5 2 9 0
983 S 2 1 9 0
983 S -1 4 9 0
983 S 6 1 16 0
983 S -6 7 16 0
983 S 2 3 16 0
983 S -2 5 16 0
983 S 2 3 8 0
983 S -2 1 8 0
983 S -2 1 4 0
983 T 3956 3862 142 0 0
983 T 4138 624 3954 0 0
983 T 4148 3943 605 0 0
983 T 141 4070 4140 0 0
983 T 624 4072 3862 0 0
983 T 4085 3379 1522 0 0
983 T 1524 4089 3589 0 0
983 T 3591 1954 4087 0 0
983 T 1954 4091 3379 0 0
983 T 3508 3356 3381 0 0
983 T 3356 3287 280 0 0
983 T 278 3392 3383 0 0
983 T 3392 3285 3506 0 0
983 T 645 1278 195 0 0
983 T 943 1336 647 0 0
983 T 193 1437 941 0 0
983 T 1336 1439 1278 0 0
983 T 1405 1369 1421 0 0
983 T 1429 1457 1492 0 0
983 T 1287 1374 1345 0 0
983 T 1284 1483 1342 0 0
983 T 1381 1413 1416 0 0
983 T 1470 1299 1355 0 0
983 T 1493 1468 1448 0 0
983 T 1304 1372 1314 0 0
983 T 1306 1362 1437 0 0
983 T 1331 1491 1377 0 0
983 T 1340 1458 1278 0 0
983 T 1360 1378 1302 0 0
983 T 1284 1479 1330 0 0
983 T 1488 1455 1466 0 0
983 T 1429 1288 1328 0 0
983 T 1433 1359 1403 0 0
983 T 1349 1293 1421 0 0
983 T 1341 1385 1456 0 0
983 T 1464 1479 1451 0 0
983 T 1337 1381 1483 0 0
983 T 1317 1293 1435 0 0
983 T 1402 1367 1398 0 0
983 T 1419 1475 1389 0 0
983 T 1387 1312 1308 0 0
983 T 1323 1336 1373 0 0
983 T 1324 1493 1290 0 0
983 T 1488 1443 1463 0 0
983 T 1469 1419 1443 0 0
983 T 1398 1354 1425 0 0
983 T 1313 1365 1297 0 0
983 T 1351 1349 1351 1 0
983 T 1347 1427 1389 0 0
983 T 384 454 370 0 0
983 T 502 483 455 0 0
983 T 476 395 355 0 0
983 T 390 430 504 0 0
983 T 392 477 358 0 0
983 T 375 364 377 0 0
983 T 486 475 499 0 0
983 T 417 373 460 0 0
983 T 411 498 441 0 0
983 T 436 429 462 0 0
983 T 385 425 406 0 0
983 T 400 422 354 0 0
983 T 457 368 388 0 0
983 T 384 379 423 0 0
983 T 462 468 492 0 0
983 T 395 412 368 0 0
983 T 419 448 449 0 0
983 T 469 399 435 0 0
983 T 491 471 495 0 0
983 T 360 439 402 0 0
983 T 486 451 467 0 0
983 T 363 444 405 0 0
983 T 372 428 414 0 0
983 T 416 478 446 0 0
983 T 483 403 439 0 0
983 T 508 505 494 0 0
983 T 874 2445 382 0 0
983 T 372 1439 876 0 0
983 T 2445 1437 454 0 0
983 T 4448 4060 3943 0 0
983 T 3941 744 4217 0 0
983 T 4219 3862 4446 0 0
983 T 3862 742 4060 0 0
983 T 3875 102 1555 0 0
983 T 177 1556 3873 0 0
983 T 4407 1533 4313 0 0
983 T 4390 11 4405 0 0
983 T 4315 2351 4392 0 0
983 T 11 2349 1533 0 0
983 T 2538 2713 438 0 0
983 T 2561 0 2540 0 0
983 T 440 2661 2563 0 0
983 T 0 2663 2713 0 0
983 T 873 2607 86 0 0
983 T 2608 129 875 0 0
983 T 2697 1872 1672 0 0
983 T 4464 4448 2699 0 0
983 T 1670 4466 4462 0 0
983 T 4448 4468 1872 0 0
983 T 4422 4407 1669 0 0
983 T 1671 4392 4387 0 0
983 T 4385 11 4424 0 0
983 T 2723 892 847 0 0
983 T 3455 3810 2721 0 0
983 T 845 3998 3453 0 0
983 T 3810 4000 892 0 0
983 T 126 3857 4261 0 0
983 T 4263 919 4155 0 0
983 T 4153 3941 125 0 0
983 T 3941 917 3857 0 0
983 T 916 3846 3955 0 0
983 T 3573 1717 3353 0 0
983 T 3382 1498 3575 0 0
983 T 1717 1500 3507 0 0
983 T 974 1616 1162 0 0
983 T 2284 3351 976 0 0
983 T 1164 1818 2282 0 0
983 T 3351 1820 1616 0 0
983 T 3109 3111 3109 -1 0
983 T 3230 3238 3247 0 0
983 T 3188 3167 3147 0 0
983 T 3117 3137 3256 0 0
983 T 3127 3171 3101 0 0
983 T 3233 3124 3144 0 0
983 T 3184 3227 3198 0 0
983 T 3242 3234 3251 0 0
983 T 3128 3224 3154 0 0
983 T 3091 3206 3105 0 0
983 T 1806 3110 1767 0 0
983 T 1808 0 1765 0 0
983 T 2290 1162 725 0 0
983 T 727 2819 1979 0 0
983 T 1977 2982 2292 0 0
983 T 2982 2817 1162 0 0
983 T 2817 1153 2988 0 0
983 T 2983 2965 1142 0 0
983 T 2998 1157 2949 0 0
983 T 2873 1141 2986 0 0
983 T 2998 2797 1132 0 0
983 T 3007 1129 2874 0 0
983 T 3008 2951 1153 0 0
983 T 3759 3583 1949 0 0
983 T 839 4159 3757 0 0
983 T 1951 817 837 0 0
983 T 1931 839 808 0 0
983 T 4159 819 3583 0 0
983 T 2588 1474 2660 0 0
983 T 1584 722 2658 0 0
983 T 722 2089 666 0 0
983 T 668 1507 2586 0 0
983 T 3524 2646 1590 0 0
983 T 1592 2929 50 0 0
983 T 3667 2931 2646 0 0
983 T 1815 528 627 0 0
983 T 625 1690 3527 0 0
983 T 3046 1692 528 0 0
983 T 4363 4337 3799 0 0
983 T 4349 4373 4361 0 0
983 T 3797 1086 4351 0 0
983 T 4373 1088 4337 0 0
983 T 1423 1793 682 0 0
983 T 684 299 1407 0 0
983 T 299 1795 1369 0 0
983 T 188 1371 1563 0 0
983 T 1407 799 1561 0 0
983 T 799 1421 186 0 0
983 T 1353 289 1652 0 0
983 T 1650 277 1714 0 0
983 T 1716 259 1355 0 0
983 T 259 279 289 0 0
983 T 255 327 285 0 0
983 T 335 317 313 0 0
983 T 270 254 287 0 0
983 T 245 277 282 0 0
983 T 324 350 342 0 0
983 T 274 306 310 0 0
983 T 349 335 345 0 0
983 T 283 330 249 0 0
983 T 330 310 339 0 0
983 T 263 295 179 0 0
983 T 327 346 305 0 0
983 T 269 301 339 0 0
983 T 343 341 343 0 0
983 T 259 264 265 0 0
983 T 301 321 297 0 0
983 T 275 245 249 0 0
983 T 297 265 320 0 0
983 T 316 293 290 0 0
983 T 1324 455 2308 0 0
983 T 2306 481 1044 0 0
983 T 1042 502 1322 0 0
983 T 3078 3252 563 0 0
983 T 866 2745 3080 0 0
983 T 561 231 868 0 0
983 T 901 577 233 0 0
983 T 2745 229 3252 0 0
983 T 3245 1395 1668 0 0
983 T 1702 3230 1666 0 0
983 T 1704 1393 3238 0 0
983 T 3310 4351 3864 0 0
983 T 3862 1088 4267 0 0
983 T 4265 3797 3312 0 0
983 T 950 3714 3442 0 0
983 T 3216 466 952 0 0
983 T 3444 4022 3214 0 0
983 T 466 4024 3714 0 0
983 T 3632 3268 12 0 0
983 T 4020 3137 3630 0 0
983 T 11 4163 4018 0 0
983 T 3137 4161 3268 0 0
983 T 2185 2503 98 0 0
983 T 852 1726 2187 0 0
983 T 1726 1172 2503 0 0
983 T 2220 3545 144 0 0
983 T 3546 120 2218 0 0
983 T 4363 4393 845 0 0
983 T 847 1700 1021 0 0
983 T 1023 4382 4361 0 0
983 T 4382 1698 4393 0 0
983 T 308 1492 2236 0 0
983 T 619 1429 306 0 0
983 T 2234 1459 617 0 0
983 T 996 1147 1663 0 0
983 T 1661 3475 2311 0 0
983 T 2309 2276 994 0 0
983 T 2276 3473 1147 0 0
983 T 353 650 219 0 0
983 T 217 1133 474 0 0
983 T 1133 652 395 0 0
983 T 1942 3564 3132 0 0
983 T 3130 2559 331 0 0
983 T 329 2678 1944 0 0
983 T 2678 2557 3564 0 0
983 T 3120 1020 936 0 0
983 T 4017 3058 3118 0 0
983 T 934 3745 4019 0 0
983 T 3058 3747 1020 0 0
983 T 3453 2004 1936 0 0
983 T 1934 3605 3810 0 0
983 T 2723 3607 2004 0 0
983 T 1347 2526 1556 0 0
983 T 1554 224 1285 0 0
983 T 224 2528 1374 0 0
983 T 2029 1997 2036 0 0
983 T 1985 2005 2122 0 0
983 T 2162 2015 1991 0 0
983 T 2104 2143 2114 0 0
983 T 2151 2039 2067 0 0
983 T 2035 2158 2061 0 0
983 T 2129 2109 2155 0 0
983 T 2106 2090 2138 0 0
983 T 2127 2099 2105 0 0
983 T 2069 2071 2069 -1 0
983 T 2137 2067 2079 0 0
983 T 2055 2024 2161 0 0
983 T 2086 2074 2129 0 0
983 T 2057 2025 2126 0 0
983 T 2037 2001 2100 0 0
983 T 2011 2088 1985 0 0
983 T 2145 2060 2076 0 0
983 T 2155 2123 2143 0 0
983 T 2078 2094 2146 0 0
983 T 2117 2051 2071 0 0
983 T 2048 2113 2006 0 0
983 T 1230 2693 2031 0 0
983 T 2034 2786 1232 0 0
983 T 2693 2788 1997 0 0
983 T 1080 3315 2067 0 0
983 T 1929 13 1078 0 0
983 T 9 1107 1952 0 0
983 T 2065 3602 1931 0 0
983 T 13 3604 3315 0 0
983 T 357 1783 2784 0 0
983 T 2782 1562 885 0 0
983 T 887 183 359 0 0
983 T 183 1564 1783 0 0
983 T 1493 504 1655 0 0
983 T 1718 390 1495 0 0
983 T 1653 432 1720 0 0
983 T 182 1342 709 0 0
983 T 711 1481 1262 0 0
983 T 1264 1284 184 0 0
983 T 519 2887 978 0 0
983 T 980 2909 3278 0 0
983 T 3280 2757 517 0 0
983 T 2909 2885 2757 0 0
983 T 2952 2823 2855 0 0
983 T 2777 2805 2828 0 0
983 T 2816 2891 2838 0 0
983 T 2782 2766 2827 0 0
983 T 2954 2919 2903 0 0
983 T 2908 2939 2922 0 0
983 T 2762 2758 2909 0 0
983 T 2921 2875 2899 0 0
983 T 2753 2765 2786 0 0
983 T 2934 2763 2779 0 0
983 T 2893 2869 2859 0 0
983 T 2916 2835 2859 0 0
983 T 2973 2963 2959 0 0
983 T 2812 2885 2822 0 0
983 T 2884 2959 2854 0 0
983 T 531 3003 1651 0 0
983 T 1649 2243 1834 0 0
983 T 1836 441 529 0 0
983 T 441 2241 3003 0 0
983 T 1052 501 234 0 0
983 T 236 391 960 0 0
983 T 958 429 1050 0 0
983 T 2991 3702 358 0 0
983 T 360 1190 661 0 0
983 T 663 169 2989 0 0
983 T 857 2327 520 0 0
983 T 2758 3734 859 0 0
983 T 2327 3736 3277 0 0
983 T 395 2079 602 0 0
983 T 604 746 509 0 0
983 T 511 2385 393 0 0
983 T 2385 748 2079 0 0
983 T 1094 2473 253 0 0
983 T 287 2107 1096 0 0
983 T 2473 2105 327 0 0
983 T 1585 4453 4383 0 0
983 T 4435 4447 1587 0 0
983 T 4381 638 4433 0 0
983 T 4447 640 4453 0 0
983 T 1785 422 724 0 0
983 T 722 1838 3532 0 0
983 T 3070 1840 422 0 0
983 T 1614 2988 4225 0 0
983 T 4227 1155 3884 0 0
983 T 3882 2817 1616 0 0
983 T 2621 3693 591 0 0
983 T 589 3717 2663 0 0
983 T 2661 2259 2623 0 0
983 T 2259 3719 3693 0 0
983 T 2035 2964 1214 0 0
983 T 1707 2682 2033 0 0
983 T 1216 2 1705 0 0
983 T 2682 1 2964 0 0
983 T 4076 4321 243 0 0
983 T 4235 1588 4074 0 0
983 T 241 4339 4233 0 0
983 T 1588 4337 4321 0 0
983 T 1427 1834 243 0 0
983 T 786 1649 1425 0 0
983 T 4006 328 3540 0 0
983 T 4090 1634 4008 0 0
983 T 3538 3163 4092 0 0
983 T 1634 3161 328 0 0
983 T 2565 313 2953 0 0
983 T 2955 319 1660 0 0
983 T 1658 335 2567 0 0
983 T 1640 1232 1 0 0
983 T 2786 2706 2 0 0
983 T 2706 2034 1638 0 0
983 T 3344 3671 2042 0 0
983 T 2044 3430 2616 0 0
983 T 2614 1289 3342 0 0
983 T 1289 3432 3671 0 0
983 T 3464 3536 1838 0 0
983 T 1840 4065 3393 0 0
983 T 3395 3202 3462 0 0
983 T 3202 4067 3536 0 0
983 T 180 3732 3721 0 0
983 T 3732 2609 3706 0 0
983 T 3708 2624 3723 0 0
983 T 2624 2611 180 0 0
983 T 860 3706 2545 0 0
983 T 2547 2624 3740 0 0
983 T 3738 3721 858 0 0
983 T 4304 4099 4457 0 0
983 T 4459 1008 4410 0 0
983 T 4412 4366 4302 0 0
983 T 4366 1006 4099 0 0
983 T 1369 1782 192 0 0
983 T 190 182 188 0 0
983 T 197 199 197 0 0
983 T 184 198 194 0 0
983 T 194 191 186 0 0
983 T 3930 1944 3569 0 0
983 T 3150 3518 3932 0 0
983 T 3571 2556 3152 0 0
983 T 3518 2554 1944 0 0
983 T 3369 2855 1975 0 0
983 T 3771 2952 3371 0 0
983 T 1973 2821 3769 0 0
983 T 1550 1381 1579 0 0
983 T 1675 1112 1552 0 0
983 T 1577 1144 1646 0 0
983 T 1648 198 1673 0 0
983 T 1120 3266 2098 0 0
983 T 1887 12 1118 0 0
983 T 1879 1159 10 0 0
983 T 2100 3632 1885 0 0
983 T 2718 2617 3 0 0
983 T 2676 200 2720 0 0
983 T 2638 2676 4 0 0
983 T 200 2638 2617 0 0
983 T 199 88 93 0 0
983 T 1572 2790 2496 0 0
983 T 941 3028 1570 0 0
983 T 2494 1109 943 0 0
983 T 3028 1111 2790 0 0
983 T 3015 1085 2805 0 0
983 T 3030 2807 1108 0 0
983 T 3012 1110 2906 0 0
983 T 1072 3025 2773 0 0
983 T 2841 1083 3032 0 0
983 T 3016 2907 1084 0 0
983 T 2775 1085 3012 0 0
983 T 1748 1799 1383 0 0
983 T 2133 1748 1414 0 0
983 T 1799 2133 1413 0 0
983 T 1427 1045 687 0 0
983 T 685 406 243 0 0
983 T 1836 408 1045 0 0
983 T 3440 4012 2794 0 0
983 T 784 3773 3438 0 0
983 T 2796 319 782 0 0
983 T 3773 317 4012 0 0
983 T 4104 4224 1678 0 0
983 T 1680 1156 240 0 0
983 T 238 4330 4102 0 0
983 T 4330 1154 4224 0 0
983 T 1128 1312 78 0 0
983 T 1115 76 1364 0 0
983 T 1268 818 1930 0 0
983 T 1266 807 1952 0 0
983 T 1077 820 32 0 0
983 T 805 1105 29 0 0
983 T 1926 2176 1714 0 0
983 T 1470 240 1928 0 0
983 T 1716 778 1472 0 0
983 T 2535 427 2547 0 0
983 T 927 2535 3706 0 0
983 T 427 927 858 0 0
983 T 2397 2470 3837 0 0
983 T 3839 52 4198 0 0
983 T 4200 3176 2399 0 0
983 T 3176 51 2470 0 0
983 T 4223 3928 827 0 0
983 T 6 4129 4221 0 0
983 T 4129 61 3928 0 0
983 T 285 1133 2137 0 0
983 T 2139 2387 272 0 0
983 T 254 2385 1133 0 0
983 T 3202 1724 272 0 0
983 T 270 4015 3536 0 0
983 T 4065 4013 1724 0 0
983 T 2826 3403 1908 0 0
983 T 1906 3759 2779 0 0
983 T 2805 3757 3403 0 0
983 T 1679 5 1754 0 0
983 T 1756 4129 4101 0 0
983 T 4166 3997 14 0 0
983 T 3313 3145 4168 0 0
983 T 3997 3147 3604 0 0
983 T 2539 1260 544 0 0
983 T 542 2919 2714 0 0
983 T 2919 1258 439 0 0
983 T 4449 4442 720 0 0
983 T 718 4471 4414 0 0
983 T 4416 1945 4451 0 0
983 T 1945 4469 4442 0 0
983 T 2245 2492 84 0 0
983 T 2992 333 2247 0 0
983 T 83 661 2990 0 0
983 T 333 663 2492 0 0
983 T 1102 1815 233 0 0
983 T 1073 231 1827 0 0
983 T 1034 1690 1104 0 0
983 T 235 2852 1036 0 0
983 T 1690 2850 1815 0 0
983 T 4118 2326 4254 0 0
983 T 4256 3735 3325 0 0
983 T 3327 3280 4120 0 0
983 T 333 1015 1846 0 0
983 T 1848 1125 708 0 0
983 T 704 1891 1121 0 0
983 T 706 1317 335 0 0
983 T 1317 1127 1015 0 0
983 T 954 549 16 0 0
983 T 550 39 956 0 0
983 T 10 3472 3031 0 0
983 T 2439 3061 9 0 0
983 T 2482 12 3060 0 0
983 T 3029 774 2437 0 0
983 T 2484 738 3022 0 0
983 T 3061 776 3472 0 0
983 T 1035 3742 4359 0 0
983 T 4357 4345 2349 0 0
983 T 2351 2264 1033 0 0
983 T 2264 4347 3742 0 0
983 T 277 1825 1780 0 0
983 T 284 1780 2162 0 0
983 T 247 2162 1825 0 0
983 T 6 3439 3376 0 0
983 T 3374 2005 1679 0 0
983 T 1754 2007 3439 0 0
983 T 989 1466 390 0 0
983 T 360 2377 991 0 0
983 T 2377 479 1466 0 0
983 T 267 2838 2518 0 0
983 T 885 2816 265 0 0
983 T 2520 2889 887 0 0
983 T 561 80 3253 0 0
983 T 3265 3142 563 0 0
983 T 3255 2484 3267 0 0
983 T 3142 2482 80 0 0
983 T 2216 2921 322 0 0
983 T 344 2200 2214 0 0
983 T 2200 352 2921 0 0
983 T 4006 4200 775 0 0
983 T 4200 328 4207 0 0
983 T 3277 3623 834 0 0
983 T 836 3826 2912 0 0
983 T 979 3828 3623 0 0
983 T 242 648 1987 0 0
983 T 2124 1903 244 0 0
983 T 648 1901 2005 0 0
983 T 1526 618 1761 0 0
983 T 1763 2256 1069 0 0
983 T 1071 2613 1528 0 0
983 T 2613 2254 618 0 0
983 T 1996 877 767 0 0
983 T 188 1612 1994 0 0
983 T 765 490 186 0 0
983 T 1612 492 877 0 0
983 T 2214 3465 3376 0 0
983 T 2574 546 2216 0 0
983 T 3374 2769 2576 0 0
983 T 546 2771 3465 0 0
983 T 3919 3872 1122 0 0
983 T 1146 3924 3888 0 0
983 T 1124 3157 286 0 0
983 T 288 3494 3917 0 0
983 T 3494 3159 3872 0 0
983 T 3722 1018 2911 0 0
983 T 2909 986 3729 0 0
983 T 986 1020 179 0 0
983 T 3431 2254 1194 0 0
983 T 1591 2222 3429 0 0
983 T 1196 922 1589 0 0
983 T 2222 924 2254 0 0
983 T 4181 3778 145 0 0
983 T 3989 3206 4183 0 0
983 T 3206 4287 3778 0 0
983 T 2393 4317 3013 0 0
983 T 2807 4077 2395 0 0
983 T 4077 1087 4317 0 0
983 T 2446 1279 604 0 0
983 T 602 1333 453 0 0
983 T 2709 2335 2148 0 0
983 T 2146 3115 2324 0 0
983 T 2322 1301 2711 0 0
983 T 3115 2333 1301 0 0
983 T 505 3257 2372 0 0
983 T 2370 3915 2452 0 0
983 T 2450 2181 507 0 0
983 T 2181 3913 3257 0 0
983 T 1299 780 257 0 0
983 T 905 2629 96 0 0
983 T 907 2632 129 0 0
983 T 2825 622 480 0 0
983 T 478 2434 2784 0 0
983 T 2434 624 2766 0 0
983 T 4293 4297 4304 0 0
983 T 4310 4306 4313 0 0
983 T 4302 3574 563 0 0
983 T 561 4176 4295 0 0
983 T 4176 3576 4297 0 0
983 T 3749 2777 2350 0 0
983 T 1692 3388 3751 0 0
983 T 2352 3485 1690 0 0
983 T 3388 3487 2777 0 0
983 T 1558 362 3281 0 0
983 T 3283 375 3447 0 0
983 T 3445 377 1560 0 0
983 T 3558 605 4311 0 0
983 T 4309 3941 2699 0 0
983 T 2697 4148 3560 0 0
983 T 1684 590 538 0 0
983 T 540 680 219 0 0
983 T 217 1393 1682 0 0
983 T 1393 678 590 0 0
983 T 1075 1991 203 0 0
983 T 730 2162 1073 0 0
983 T 201 2013 732 0 0
983 T 1081 1448 220 0 0
983 T 218 1466 2316 0 0
983 T 2314 1493 1083 0 0
983 T 1296 4184 3106 0 0
983 T 3108 1812 3961 0 0
983 T 3963 3821 1294 0 0
983 T 3821 1810 4184 0 0
983 T 884 3062 3930 0 0
983 T 1410 773 882 0 0
983 T 3932 3471 1412 0 0
983 T 3778 3421 2102 0 0
983 T 2116 1809 3780 0 0
983 T 3421 1811 2143 0 0
983 T 1081 4246 4118 0 0
983 T 4120 3914 2316 0 0
983 T 1493 3916 4246 0 0
983 T 3460 3388 4347 0 0
983 T 2262 4189 3458 0 0
983 T 4189 3742 3388 0 0
983 T 220 225 206 0 0
983 T 213 204 212 0 0
983 T 227 225 227 0 0
983 T 204 224 214 0 0
983 T 1632 1396 208 0 0
983 T 225 1681 1630 0 0
983 T 568 3347 4047 0 0
983 T 1242 298 566 0 0
983 T 298 3653 3347 0 0
983 T 243 3662 3805 0 0
983 T 3807 996 4339 0 0
983 T 4235 994 3662 0 0
983 T 157 3879 272 0 0
983 T 269 4186 4210 0 0
983 T 43 3877 4186 0 0
983 T 235 4137 3846 0 0
983 T 4148 3857 230 0 0
983 T 3945 1102 3848 0 0
983 T 1076 3951 3859 0 0
983 T 4137 1813 3947 0 0
983 T 2632 3112 2607 0 0
983 T 876 3110 905 0 0
983 T 2901 940 316 0 0
983 T 2566 938 2919 0 0
983 T 704 874 2000 0 0
983 T 1998 803 2756 0 0
983 T 2754 1711 702 0 0
983 T 1711 801 874 0 0
983 T 2180 3426 1539 0 0
983 T 2596 680 2178 0 0
983 T 1537 3502 2594 0 0
983 T 680 3504 3426 0 0
983 T 883 1954 2738 0 0
983 T 2740 2063 1216 0 0
983 T 1214 525 881 0 0
983 T 525 2061 1954 0 0
983 T 3270 4039 612 0 0
983 T 610 1175 336 0 0
983 T 334 3702 3272 0 0
983 T 2485 3374 2988 0 0
983 T 2986 1679 3300 0 0
983 T 3298 2007 2487 0 0
983 T 1097 3619 4306 0 0
983 T 606 1732 1099 0 0
983 T 1743 1085 623 0 0
983 T 4308 4179 608 0 0
983 T 1732 4177 3619 0 0
983 T 3785 145 4193 0 0
983 T 4195 3981 3227 0 0
983 T 3225 4291 3787 0 0
983 T 3917 2730 3380 0 0
983 T 2737 3912 3380 0 0
983 T 3378 3161 3496 0 0
983 T 3161 2732 288 0 0
983 T 659 1108 2393 0 0
983 T 681 1080 2412 0 0
983 T 4077 3030 657 0 0
983 T 3166 608 73 0 0
983 T 74 3153 2405 0 0
983 T 2407 3316 3168 0 0
983 T 3316 3155 608 0 0
983 T 2406 3188 4168 0 0
983 T 1888 3761 3453 0 0
983 T 845 762 1886 0 0
983 T 756 847 1878 0 0
983 T 762 3998 3761 0 0
983 T 436 1518 276 0 0
983 T 312 1139 434 0 0
983 T 1518 1137 306 0 0
983 T 1316 1781 960 0 0
983 T 958 189 1302 0 0
983 T 2426 221 2948 0 0
983 T 2604 1053 2428 0 0
983 T 2946 737 2602 0 0
983 T 989 1446 1718 0 0
983 T 1808 1306 876 0 0
983 T 372 1364 1806 0 0
983 T 3444 228 3413 0 0
983 T 3415 1682 1734 0 0
983 T 1736 1631 3442 0 0
983 T 2461 4187 3100 0 0
983 T 3098 4015 3600 0 0
983 T 3598 813 2463 0 0
983 T 813 4013 4187 0 0
983 T 2700 844 966 0 0
983 T 720 1603 2698 0 0
983 T 968 946 718 0 0
983 T 1603 948 844 0 0
983 T 2714 2611 2260 0 0
983 T 2611 0 2622 0 0
983 T 636 2533 243 0 0
983 T 1475 590 634 0 0
983 T 590 239 2547 0 0
983 T 1379 2249 2168 0 0
983 T 2166 109 1329 0 0
983 T 1491 110 2249 0 0
983 T 4129 867 4259 0 0
983 T 4257 3869 132 0 0
983 T 131 3927 4131 0 0
983 T 3927 3871 867 0 0
983 T 3908 901 3886 0 0
983 T 1699 2736 1945 0 0
983 T 4471 4459 1697 0 0
983 T 4459 4444 2736 0 0
983 T 2275 2821 3901 0 0
983 T 3903 3409 1148 0 0
983 T 3476 3411 2821 0 0
983 T 4416 594 4424 0 0
983 T 4385 1061 4414 0 0
983 T 594 1063 12 0 0
983 T 1731 3001 2337 0 0
983 T 3005 1742 2347 0 0
983 T 2339 443 1182 0 0
983 T 264 2402 933 0 0
983 T 1019 18 262 0 0
983 T 18 3119 2402 0 0
983 T 3832 194 3677 0 0
983 T 3648 184 3830 0 0
983 T 3679 200 3646 0 0
983 T 698 205 488 0 0
983 T 497 1094 700 0 0
983 T 205 1096 475 0 0
983 T 522 1840 2031 0 0
983 T 1230 931 524 0 0
983 T 1840 929 2695 0 0
983 T 3043 236 2552 0 0
983 T 2550 1035 628 0 0
983 T 626 2849 3041 0 0
983 T 3762 3450 1929 0 0
983 T 806 4020 3764 0 0
983 T 4020 837 3450 0 0
983 T 1009 549 14 0 0
983 T 550 46 1011 0 0
983 T 2702 3745 3451 0 0
983 T 838 936 2704 0 0
983 T 2094 1252 1148 0 0
983 T 3886 4106 2096 0 0
983 T 4106 3922 1252 0 0
983 T 508 3257 2299 0 0
983 T 2391 2219 506 0 0
983 T 2297 3958 2389 0 0
983 T 2219 3960 3257 0 0
983 T 2471 212 2832 0 0
983 T 2172 347 2469 0 0
983 T 2830 1176 2170 0 0
983 T 347 1174 212 0 0
983 T 2289 3499 1923 0 0
983 T 1921 1029 632 0 0
983 T 630 1534 2291 0 0
983 T 1534 1031 3499 0 0
983 T 3353 232 3160 0 0
983 T 3495 4136 3355 0 0
983 T 4136 3871 232 0 0
983 T 3888 233 4128 0 0
983 T 1711 1298 1858 0 0
983 T 1860 762 704 0 0
983 T 705 753 1895 0 0
983 T 2756 764 1298 0 0
983 T 907 1765 1308 0 0
983 T 4296 4367 1572 0 0
983 T 3477 4098 4294 0 0
983 T 1570 1005 3479 0 0
983 T 1838 4062 3598 0 0
983 T 3600 1613 4065 0 0
983 T 3395 1615 4062 0 0
983 T 2121 1980 240 0 0
983 T 3299 728 2123 0 0
983 T 238 2818 3297 0 0
983 T 3133 3337 2819 0 0
983 T 1616 1253 3135 0 0
983 T 1253 3884 3337 0 0
983 T 3087 199 3044 0 0
983 T 270 1706 2149 0 0
983 T 2065 746 272 0 0
983 T 1706 748 2039 0 0
983 T 3321 882 3590 0 0
983 T 3592 775 2397 0 0
983 T 2399 1410 3323 0 0
983 T 2305 3346 2265 0 0
983 T 2267 2186 1043 0 0
983 T 484 2188 3346 0 0
983 T 1513 274 232 0 0
983 T 1695 1222 1515 0 0
983 T 230 2319 1693 0 0
983 T 1222 2317 274 0 0
983 T 2556 4 2399 0 0
983 T 2397 2639 306 0 0
983 T 308 2675 2554 0 0
983 T 1280 1891 895 0 0
983 T 216 1340 893 0 0
983 T 1891 1460 214 0 0
983 T 2650 2814 2383 0 0
983 T 3894 2840 2652 0 0
983 T 2381 2891 3896 0 0
983 T 458 3334 1531 0 0
983 T 1529 3458 419 0 0
983 T 373 3460 3334 0 0
983 T 2378 2027 3618 0 0
983 T 3620 3846 3499 0 0
983 T 3497 4109 2380 0 0
983 T 4109 3848 2027 0 0
983 T 2982 854 1535 0 0
983 T 1979 631 854 0 0
983 T 3740 3735 3742 0 0
983 T 3797 3805 3813 0 0
983 T 1033 4334 3738 0 0
983 T 4334 4359 3735 0 0
983 T 3832 438 167 0 0
983 T 1189 440 196 0 0
983 T 3891 1156 4253 0 0
983 T 3328 4353 3889 0 0
983 T 1156 4355 3736 0 0
983 T 2059 411 1182 0 0
983 T 2339 500 2057 0 0
983 T 1034 2878 995 0 0
983 T 993 581 2542 0 0
983 T 2544 199 2549 0 0
983 T 1667 2298 693 0 0
983 T 2222 16 1665 0 0
983 T 695 2645 2224 0 0
983 T 16 2647 2298 0 0
983 T 2 1940 2152 0 0
983 T 2150 573 1532 0 0
983 T 1530 1464 1 0 0
983 T 1464 575 1940 0 0
983 T 3933 3517 3129 0 0
983 T 3563 2555 3935 0 0
983 T 382 1998 745 0 0
983 T 747 2033 1934 0 0
983 T 1936 2032 384 0 0
983 T 1363 944 1673 0 0
983 T 1550 2493 1361 0 0
983 T 3792 3946 1924 0 0
983 T 1922 2742 612 0 0
983 T 610 3685 3790 0 0
983 T 3685 2744 3946 0 0
983 T 2326 1981 415 0 0
983 T 413 7 858 0 0
983 T 519 8 1981 0 0
983 T 3718 4101 2382 0 0
983 T 2890 1682 3720 0 0
983 T 1682 3893 4101 0 0
983 T 1583 2450 590 0 0
983 T 2092 2391 2450 0 0
983 T 1506 634 2391 0 0
983 T 255 651 512 0 0
983 T 1955 451 3048 0 0
983 T 2062 1690 451 0 0
983 T 2529 546 2198 0 0
983 T 2574 228 2531 0 0
983 T 4305 4058 3499 0 0
983 T 1098 3846 4058 0 0
983 T 2716 3727 636 0 0
983 T 634 1631 544 0 0
983 T 2919 1629 3727 0 0
983 T 2802 3301 2442 0 0
983 T 690 1037 2804 0 0
983 T 2444 2255 692 0 0
983 T 1037 2253 3301 0 0
983 T 3340 1142 1615 0 0
983 T 1613 2967 418 0 0
983 T 420 2983 3338 0 0
983 T 927 371 8 0 0
983 T 1852 520 7 0 0
983 T 520 2347 925 0 0
983 T 2347 1852 371 0 0
983 T 3484 2949 1877 0 0
983 T 3000 3484 9 0 0
983 T 285 1827 3288 0 0
983 T 3286 229 3220 0 0
983 T 3218 1073 287 0 0
983 T 1282 1967 215 0 0
983 T 210 1205 1284 0 0
983 T 1967 1207 204 0 0
983 T 2574 2591 5 0 0
983 T 2591 2771 3439 0 0
983 T 1619 1605 1165 0 0
983 T 2374 231 1617 0 0
983 T 1167 332 2376 0 0
983 T 231 330 1605 0 0
983 T 1004 3244 2353 0 0
983 T 616 2894 1002 0 0
983 T 2355 1246 614 0 0
983 T 2894 1248 3244 0 0
983 T 3068 1936 4032 0 0
983 T 987 3812 3066 0 0
983 T 4030 3605 985 0 0
983 T 97 3017 716 0 0
983 T 714 165 3018 0 0
983 T 2908 584 2197 0 0
983 T 2199 2011 3010 0 0
983 T 2011 582 1110 0 0
983 T 1554 3419 173 0 0
983 T 3419 3875 3055 0 0
983 T 3698 2999 2024 0 0
983 T 1272 4082 3700 0 0
983 T 2022 701 1270 0 0
983 T 4082 703 2999 0 0
983 T 4296 1152 3640 0 0
983 T 3638 3887 3479 0 0
983 T 4098 3885 1152 0 0
983 T 3868 1596 176 0 0
983 T 3075 3436 3866 0 0
983 T 3436 172 1596 0 0
983 T 765 496 811 0 0
983 T 496 3683 3665 0 0
983 T 515 462 1575 0 0
983 T 1500 436 513 0 0
983 T 1573 431 1498 0 0
983 T 1585 2441 924 0 0
983 T 2224 689 1587 0 0
983 T 3153 2744 4144 0 0
983 T 1116 3687 3155 0 0
983 T 4142 3948 1114 0 0
983 T 836 3614 3362 0 0
983 T 3364 1026 2912 0 0
983 T 3828 1028 3614 0 0
983 T 1962 820 683 0 0
983 T 806 1911 660 0 0
983 T 2410 59 1964 0 0
983 T 2395 55 1910 0 0
983 T 59 1078 820 0 0
983 T 55 1106 805 0 0
983 T 1116 2232 408 0 0
983 T 2189 1125 387 0 0
983 T 2232 0 2191 0 0
983 T 2354 1360 3116 0 0
983 T 2336 1380 2356 0 0
983 T 1435 313 1597 0 0
983 T 1599 319 1774 0 0
983 T 1776 335 1433 0 0
983 T 3534 912 3344 0 0
983 T 2042 910 811 0 0
983 T 2939 584 349 0 0
983 T 2033 1866 822 0 0
983 T 824 2040 1639 0 0
983 T 2707 2038 1866 0 0
983 T 1798 895 3196 0 0
983 T 3194 952 1747 0 0
983 T 1384 950 895 0 0
983 T 2309 1572 13 0 0
983 T 14 4411 4393 0 0
983 T 4395 4300 2311 0 0
983 T 4300 4409 1572 0 0
983 T 356 722 246 0 0
983 T 248 1787 398 0 0
983 T 147 2597 3966 0 0
983 T 3968 3396 125 0 0
983 T 3396 2599 803 0 0
983 T 2899 3548 4071 0 0
983 T 4139 3610 2897 0 0
983 T 3548 3612 142 0 0
983 T 480 2780 2327 0 0
983 T 2325 2806 624 0 0
983 T 1703 2179 15 0 0
983 T 2371 679 1701 0 0
983 T 16 2593 2369 0 0
983 T 1819 1908 4 0 0
983 T 3403 3289 3 0 0
983 T 3289 2826 1817 0 0
983 T 4345 837 4315 0 0
983 T 837 4357 4392 0 0
983 T 2892 2662 538 0 0
983 T 540 2562 1172 0 0
983 T 1170 437 2890 0 0
983 T 2975 1398 808 0 0
983 T 658 1622 2973 0 0
983 T 1622 1909 1398 0 0
983 T 189 2202 1611 0 0
983 T 1609 574 1863 0 0
983 T 1861 1283 191 0 0
983 T 1283 576 2202 0 0
983 T 2577 2104 66 0 0
983 T 1001 108 2103 0 0
983 T 1593 1441 2579 0 0
983 T 65 3434 1595 0 0
983 T 1441 3436 2104 0 0
983 T 3460 1575 4315 0 0
983 T 1575 3388 839 0 0
983 T 2345 4265 4151 0 0
983 T 4149 4070 3007 0 0
983 T 1742 4072 4265 0 0
983 T 4073 1735 4261 0 0
983 T 1832 501 2413 0 0
983 T 2415 236 1404 0 0
983 T 1402 1050 1830 0 0
983 T 3179 399 894 0 0
983 T 1122 2730 3177 0 0
983 T 896 509 1124 0 0
983 T 2730 511 399 0 0
983 T 2669 3921 3643 0 0
983 T 3141 4115 2671 0 0
983 T 3641 1125 3143 0 0
983 T 4115 1127 3921 0 0
983 T 1150 1738 564 0 0
983 T 1153 1741 578 0 0
983 T 3256 2207 1152 0 0
983 T 1018 3741 2764 0 0
983 T 2758 3743 3724 0 0
983 T 1040 1523 1071 0 0
983 T 3304 1763 1523 0 0
983 T 3168 2210 1099 0 0
983 T 1656 3464 2700 0 0
983 T 3557 3286 1654 0 0
983 T 3464 3288 4147 0 0
983 T 3693 3737 240 0 0
983 T 2158 2964 2740 0 0
983 T 210 609 351 0 0
983 T 2456 1117 707 0 0
983 T 1157 702 2467 0 0
983 T 1893 60 2454 0 0
983 T 2465 1858 58 0 0
983 T 60 755 1117 0 0
983 T 57 762 1159 0 0
983 T 770 385 1686 0 0
983 T 1543 1319 772 0 0
983 T 1688 673 1541 0 0
983 T 1319 675 385 0 0
983 T 2897 627 324 0 0
983 T 2214 625 2875 0 0
983 T 1794 1504 319 0 0
983 T 2794 1068 1796 0 0
983 T 1068 782 1504 0 0
983 T 3118 4162 2484 0 0
983 T 378 1661 1933 0 0
983 T 4031 3834 380 0 0
983 T 1661 3836 3067 0 0
983 T 572 2252 139 0 0
983 T 1271 1489 570 0 0
983 T 1489 116 2252 0 0
983 T 2693 2767 804 0 0
983 T 2133 3646 2228 0 0
983 T 2171 3679 2135 0 0
983 T 2226 198 2169 0 0
983 T 2350 3057 2936 0 0
983 T 3057 3751 2763 0 0
983 T 2857 1696 3252 0 0
983 T 3250 2672 2895 0 0
983 T 2869 2670 1696 0 0
983 T 1585 1871 1011 0 0
983 T 1009 4414 4383 0 0
983 T 4414 1869 4455 0 0
983 T 2355 2059 2690 0 0
983 T 2692 2367 1359 0 0
983 T 3113 2365 2059 0 0
983 T 15 1006 1587 0 0
983 T 1665 689 1006 0 0
983 T 251 877 1789 0 0
983 T 1791 466 281 0 0
983 T 330 468 877 0 0
983 T 1545 2086 545 0 0
983 T 2927 727 1547 0 0
983 T 547 3492 2925 0 0
983 T 727 3490 2086 0 0
983 T 1254 180 1179 0 0
983 T 180 111 118 0 0
983 T 3789 3271 1202 0 0
983 T 2234 191 1520 0 0
983 T 1492 1139 191 0 0
983 T 2201 1330 339 0 0
983 T 337 1477 573 0 0
983 T 1559 1288 1 0 0
983 T 1557 1048 1373 0 0
983 T 1348 1046 2 0 0
983 T 2592 1660 3775 0 0
983 T 2770 782 1660 0 0
983 T 3839 327 160 0 0
983 T 4023 135 2953 0 0
983 T 2955 4272 3443 0 0
983 T 3213 4270 135 0 0
983 T 987 3815 2886 0 0
983 T 2760 3813 3730 0 0
983 T 3312 1507 833 0 0
983 T 835 599 1021 0 0
983 T 1023 637 3310 0 0
983 T 637 597 1507 0 0
983 T 888 3295 2382 0 0
983 T 2384 3567 2783 0 0
983 T 1561 3565 3295 0 0
983 T 962 388 1928 0 0
983 T 529 457 964 0 0
983 T 1926 366 531 0 0
983 T 2832 2627 790 0 0
983 T 998 2625 2471 0 0
983 T 337 1090 1610 0 0
983 T 1612 464 332 0 0
983 T 310 462 1090 0 0
983 T 4249 1255 4227 0 0
983 T 4225 4404 3697 0 0
983 T 3699 4426 4251 0 0
983 T 756 4122 3561 0 0
983 T 3107 2584 754 0 0
983 T 3563 3051 3105 0 0
983 T 2584 3049 4122 0 0
983 T 357 2247 3269 0 0
983 T 3271 2291 2378 0 0
983 T 2291 2245 990 0 0
983 T 1020 4049 3635 0 0
983 T 3633 420 4190 0 0
983 T 4192 3898 1018 0 0
983 T 3898 418 4049 0 0
983 T 558 1488 2377 0 0
983 T 477 1453 560 0 0
983 T 1855 1325 2914 0 0
983 T 2857 1221 1853 0 0
983 T 1325 1223 2835 0 0
983 T 232 731 246 0 0
983 T 248 2084 2319 0 0
983 T 2084 729 1695 0 0
983 T 2971 2599 3568 0 0
983 T 2381 3351 2969 0 0
983 T 3351 2784 2599 0 0
983 T 3066 2811 2312 0 0
983 T 13 2407 3068 0 0
983 T 3083 2423 9 0 0
983 T 2811 2405 1571 0 0
983 T 1458 222 1271 0 0
983 T 1432 572 222 0 0
983 T 17 3188 2478 0 0
983 T 2480 1367 786 0 0
983 T 1367 3186 2211 0 0
983 T 2626 423 1521 0 0
983 T 2790 384 2628 0 0
983 T 1523 377 2792 0 0
983 T 2153 711 240 0 0
983 T 238 1537 2131 0 0
983 T 1537 709 2109 0 0
983 T 375 263 1180 0 0
983 T 295 375 1253 0 0
983 T 307 2171 3189 0 0
983 T 3191 2470 325 0 0
983 T 1694 223 1898 0 0
983 T 1900 321 2507 0 0
983 T 2505 567 1696 0 0
983 T 567 323 223 0 0
983 T 2090 1093 1136 0 0
983 T 1940 1216 271 0 0
983 T 337 1449 1938 0 0
983 T 1216 1451 301 0 0
983 T 2510 3572 3132 0 0
983 T 3518 1856 2512 0 0
983 T 1856 3934 3572 0 0
983 T 942 1901 586 0 0
983 T 588 2267 1569 0 0
983 T 3025 2265 1901 0 0
983 T 616 2165 127 0 0
983 T 1208 1329 614 0 0
983 T 1329 121 2165 0 0
983 T 289 771 368 0 0
983 T 442 800 259 0 0
983 T 800 1352 771 0 0
983 T 2399 160 3191 0 0
983 T 2865 1171 1257 0 0
983 T 3489 2488 2012 0 0
983 T 2198 3397 3491 0 0
983 T 2488 3399 3011 0 0
983 T 814 695 1292 0 0
983 T 695 3523 3431 0 0
983 T 674 975 2970 0 0
983 T 2382 2283 676 0 0
983 T 2965 1536 2499 0 0
983 T 2497 3021 2602 0 0
983 T 2604 445 2967 0 0
983 T 445 3023 1536 0 0
983 T 589 3239 2371 0 0
983 T 1725 2635 3783 0 0
983 T 733 2927 1727 0 0
983 T 3781 3422 735 0 0
983 T 2927 3424 2635 0 0
983 T 540 2439 2842 0 0
983 T 2844 2164 1822 0 0
983 T 1824 2995 538 0 0
983 T 2995 2162 2439 0 0
983 T 2252 22 2336 0 0
983 T 2167 2354 22 0 0
983 T 2313 2665 1803 0 0
983 T 1465 795 2665 0 0
983 T 3124 2105 1119 0 0
983 T 3267 2127 3122 0 0
983 T 1529 1486 961 0 0
983 T 1486 3336 532 0 0
983 T 2441 3329 939 0 0
983 T 2904 2600 2443 0 0
983 T 2600 315 3329 0 0
983 T 2270 673 1923 0 0
983 T 630 1701 2272 0 0
983 T 1701 1031 673 0 0
983 T 1526 1700 3 0 0
983 T 1948 639 4 0 0
983 T 1528 637 2735 0 0
983 T 4126 579 3906 0 0
983 T 561 4133 3926 0 0
983 T 1543 1829 196 0 0
983 T 188 1433 1541 0 0
983 T 1829 1435 191 0 0
983 T 2630 2070 2605 0 0
983 T 308 1328 1873 0 0
983 T 1875 1286 617 0 0
983 T 3849 3550 838 0 0
983 T 3760 1209 3851 0 0
983 T 1209 4158 3550 0 0
983 T 187 1863 1261 0 0
983 T 1263 576 1993 0 0
983 T 1195 1457 196 0 0
983 T 188 1913 1193 0 0
983 T 1457 1915 191 0 0
983 T 2919 3843 2444 0 0
983 T 2442 4076 3727 0 0
983 T 4076 3841 1631 0 0
983 T 761 3147 2706 0 0
983 T 2788 3275 763 0 0
983 T 3147 3273 1 0 0
983 T 729 1219 2523 0 0
983 T 716 1169 2518 0 0
983 T 2521 1912 204 0 0
983 T 1912 1217 2014 0 0
983 T 4404 4249 4081 0 0
983 T 1844 2845 1923 0 0
983 T 691 1844 2270 0 0
983 T 2845 691 675 0 0
983 T 3568 2883 2442 0 0
983 T 3332 1541 3566 0 0
983 T 2883 1543 940 0 0
983 T 3623 1803 4169 0 0
983 T 3238 2313 3621 0 0
983 T 4171 2667 3240 0 0
983 T 2030 423 1664 0 0
983 T 265 1628 1039 0 0
983 T 2804 1562 267 0 0
983 T 1562 692 1628 0 0
983 T 2641 844 989 0 0
983 T 1164 1603 2643 0 0
983 T 991 946 1162 0 0
983 T 2684 3763 3631 0 0
983 T 3138 805 2682 0 0
983 T 848 3588 3904 0 0
983 T 3412 1497 846 0 0
983 T 1497 1145 3588 0 0
983 T 318 4004 3783 0 0
983 T 733 2864 320 0 0
983 T 2864 3424 4004 0 0
983 T 1179 3094 1524 0 0
983 T 1522 2773 3853 0 0
983 T 3855 3263 1177 0 0
983 T 3263 2775 3094 0 0
983 T 586 1667 2272 0 0
983 T 630 3229 588 0 0
983 T 1849 791 2887 0 0
983 T 3662 3725 2258 0 0
983 T 2260 921 996 0 0
983 T 4235 923 3725 0 0
983 T 841 3341 1653 0 0
983 T 965 3461 3341 0 0
983 T 1617 1472 2572 0 0
983 T 203 2120 1619 0 0
983 T 2570 1859 201 0 0
983 T 2120 1857 1472 0 0
983 T 446 740 2935 0 0
983 T 2933 2484 1535 0 0
983 T 3176 217 2628 0 0
983 T 2083 2359 1347 0 0
983 T 1345 3056 1221 0 0
983 T 1223 249 2081 0 0
983 T 249 3054 2359 0 0
983 T 3676 3427 1448 0 0
983 T 1446 677 773 0 0
983 T 868 3184 2514 0 0
983 T 1735 1753 866 0 0
983 T 2516 3976 1733 0 0
983 T 1753 3974 3184 0 0
983 T 4364 4433 3309 0 0
983 T 138 4127 4093 0 0
983 T 3892 3907 137 0 0
983 T 4095 580 3890 0 0
983 T 534 822 558 0 0
983 T 560 2127 499 0 0
983 T 497 2473 536 0 0
983 T 2473 2125 822 0 0
983 T 2496 2979 2628 0 0
983 T 2829 2406 2494 0 0
983 T 2406 789 2979 0 0
983 T 2422 2998 813 0 0
983 T 3098 43 2428 0 0
983 T 2604 208 3100 0 0
983 T 2167 613 69 0 0
983 T 4333 4377 1154 0 0
983 T 4358 4353 4377 0 0
983 T 517 2761 1026 0 0
983 T 2761 1981 737 0 0
983 T 2334 3172 1066 0 0
983 T 1068 1274 2710 0 0
983 T 2147 1276 3172 0 0
983 T 2293 830 2660 0 0
983 T 722 966 2295 0 0
983 T 966 1584 830 0 0
983 T 2364 2871 984 0 0
983 T 982 1844 3368 0 0
983 T 3366 2505 2362 0 0
983 T 2505 1842 2871 0 0
983 T 191 1051 1359 0 0
983 T 2922 3819 143 0 0
983 T 3545 4243 2924 0 0
983 T 4243 2220 3819 0 0
983 T 3539 1954 3493 0 0
983 T 630 1453 2141 0 0
983 T 2143 711 1980 0 0
983 T 853 709 1453 0 0
983 T 1572 384 2979 0 0
983 T 3189 2400 152 0 0
983 T 2638 2171 151 0 0
983 T 2004 1874 2 0 0
983 T 1874 325 1229 0 0
983 T 325 2004 1639 0 0
983 T 1757 522 584 0 0
983 T 582 1663 3516 0 0
983 T 3072 1661 522 0 0
983 T 3822 1754 4196 0 0
983 T 146 2114 3824 0 0
983 T 1754 2116 3788 0 0
983 T 571 1328 1553 0 0
983 T 1735 4102 4258 0 0
983 T 4254 4093 1741 0 0
983 T 1690 1865 417 0 0
983 T 1865 2062 448 0 0
983 T 2375 2020 284 0 0
983 T 282 655 232 0 0
983 T 1620 653 2020 0 0
983 T 3970 4259 3180 0 0
983 T 3178 3869 3377 0 0
983 T 3379 131 3972 0 0
983 T 2559 1883 309 0 0
983 T 1883 3130 338 0 0
983 T 1202 1102 2027 0 0
983 T 4109 3947 1204 0 0
983 T 702 512 1280 0 0
983 T 2447 745 704 0 0
983 T 2262 1103 3486 0 0
983 T 2778 3851 2264 0 0
983 T 1103 3849 3387 0 0
983 T 2874 4072 4241 0 0
983 T 2372 496 2297 0 0
983 T 2646 494 2594 0 0
983 T 2393 1990 2841 0 0
983 T 1823 2016 2395 0 0
983 T 994 2944 234 0 0
983 T 236 3086 2541 0 0
983 T 3086 2942 584 0 0
983 T 3978 2048 2796 0 0
983 T 2794 4273 136 0 0
983 T 4291 4275 2048 0 0
983 T 852 2588 2359 0 0
983 T 2357 1389 1220 0 0
983 T 91 1391 2588 0 0
983 T 188 1295 772 0 0
983 T 4245 3820 2181 0 0
983 T 3820 1496 3257 0 0
983 T 2952 2468 4084 0 0
983 T 1866 3058 4051 0 0
983 T 1691 3898 3058 0 0
983 T 1316 2766 915 0 0
983 T 913 622 234 0 0
983 T 232 919 605 0 0
983 T 236 2434 1314 0 0
983 T 2486 1986 728 0 0
983 T 1698 4419 4409 0 0
983 T 4472 1007 4419 0 0
983 T 968 910 1838 0 0
983 T 2665 3230 2728 0 0
983 T 2726 3247 4171 0 0
983 T 1531 3634 2264 0 0
983 T 3118 1366 2208 0 0
983 T 2401 777 1366 0 0
983 T 1137 429 1090 0 0
983 T 2884 2651 3304 0 0
983 T 2651 3567 2801 0 0
983 T 1123 202 2021 0 0
983 T 202 1889 1269 0 0
983 T 4372 1533 4306 0 0
983 T 4059 1030 4370 0 0
983 T 1385 181 856 0 0
983 T 2830 3691 1550 0 0
983 T 1552 4055 2170 0 0
983 T 4123 3770 848 0 0
983 T 3586 1276 4121 0 0
983 T 1276 3902 3770 0 0
983 T 3339 2873 4225 0 0
983 T 2368 1545 834 0 0
983 T 2323 2076 2366 0 0
983 T 836 1568 2321 0 0
983 T 2076 1566 1545 0 0
983 T 445 1983 2779 0 0
983 T 726 2285 734 0 0
983 T 2285 1546 1728 0 0
983 T 1518 188 2042 0 0
983 T 619 1915 1520 0 0
983 T 2044 1193 617 0 0
983 T 1179 4237 4213 0 0
983 T 4215 1087 3853 0 0
983 T 3263 1085 4237 0 0
983 T 1602 1672 4 0 0
983 T 3 1870 719 0 0
983 T 2667 2101 1454 0 0
983 T 2101 793 1487 0 0
983 T 1029 1511 15 0 0
983 T 673 2179 1511 0 0
983 T 215 1483 951 0 0
983 T 949 1344 1965 0 0
983 T 2459 1112 1339 0 0
983 T 1481 1144 2431 0 0
983 T 2429 198 2457 0 0
983 T 4220 4374 1585 0 0
983 T 4324 1085 4218 0 0
983 T 1921 4109 3271 0 0
983 T 212 1969 1620 0 0
983 T 213 2119 1969 0 0
983 T 2865 1821 1770 0 0
983 T 133 2649 3972 0 0
983 T 3178 4278 134 0 0
983 T 4278 4257 2649 0 0
983 T 3506 1576 1655 0 0
983 T 417 1255 976 0 0
983 T 974 293 460 0 0
983 T 571 71 2250 0 0
983 T 267 933 1315 0 0
983 T 1313 2404 257 0 0
983 T 2885 3834 3410 0 0
983 T 3412 4201 3814 0 0
983 T 988 4203 3834 0 0
983 T 1167 1594 1003 0 0
983 T 2893 1449 1165 0 0
983 T 1449 615 1594 0 0
983 T 4173 3640 1740 0 0
983 T 3025 380 3263 0 0
983 T 3261 1524 1112 0 0
983 T 1664 2943 1758 0 0
983 T 1760 235 1146 0 0
983 T 1780 232 1121 0 0
983 T 3949 3394 2685 0 0
983 T 2694 3937 3394 0 0
983 T 2687 3201 286 0 0
983 T 288 3463 3951 0 0
983 T 183 1647 1308 0 0
983 T 1676 195 1306 0 0
983 T 3222 1080 2139 0 0
983 T 2077 3313 3224 0 0
983 T 1800 1252 515 0 0
983 T 1577 1416 513 0 0
983 T 1252 2134 1579 0 0
983 T 2344 2726 1749 0 0
983 T 1751 4171 3616 0 0
983 T 3614 3245 2342 0 0
983 T 984 527 303 0 0
983 T 299 1917 982 0 0
983 T 1917 323 527 0 0
983 T 2821 453 2347 0 0
983 T 2345 579 2952 0 0
983 T 2855 577 453 0 0
983 T 2183 143 3541 0 0
983 T 3543 2923 4247 0 0
983 T 4126 2940 3625 0 0
983 T 3627 3543 137 0 0
983 T 4094 3541 2940 0 0
983 T 2798 2022 2468 0 0
983 T 2800 1770 2163 0 0
983 T 2466 2055 1770 0 0
983 T 1657 2246 832 0 0
983 T 1260 2489 1659 0 0
983 T 2131 1566 547 0 0
983 T 2590 4012 2953 0 0
983 T 861 1509 2381 0 0
983 T 3717 4232 863 0 0
983 T 4232 4102 1509 0 0
983 T 617 2003 1559 0 0
983 T 2273 2724 619 0 0
983 T 1557 3606 2275 0 0
983 T 2706 3762 3602 0 0
983 T 2028 3080 1211 0 0
983 T 3552 2655 2026 0 0
983 T 3080 2653 4158 0 0
983 T 2529 2926 3397 0 0
983 T 635 2612 3661 0 0
983 T 2612 2534 3808 0 0
983 T 268 1502 1370 0 0
983 T 1502 934 1304 0 0
983 T 3573 2735 4134 0 0
983 T 3495 2733 1719 0 0
983 T 495 2411 2453 0 0
983 T 1894 1961 493 0 0
983 T 1024 781 2366 0 0
983 T 1545 783 600 0 0
983 T 864 2283 2178 0 0
983 T 4341 846 4297 0 0
983 T 4299 1499 3448 0 0
983 T 3446 3412 4343 0 0
983 T 2737 3321 4086 0 0
983 T 3683 2596 2931 0 0
983 T 1537 41 2929 0 0
983 T 3895 4259 3415 0 0
983 T 3413 4278 2839 0 0
983 T 2055 1857 1225 0 0
983 T 1693 2523 1428 0 0
983 T 1426 1217 2082 0 0
983 T 2086 244 1592 0 0
983 T 1590 2752 1539 0 0
983 T 567 3755 3644 0 0
983 T 2670 1844 565 0 0
983 T 1844 3922 3755 0 0
983 T 1710 2120 1353 0 0
983 T 2416 455 2883 0 0
983 T 2881 481 1829 0 0
983 T 520 3363 2758 0 0
983 T 2760 3799 925 0 0
983 T 2345 3797 3363 0 0
983 T 534 255 700 0 0
983 T 3091 470 754 0 0
983 T 708 105 3089 0 0
983 T 470 106 1894 0 0
983 T 287 3355 1778 0 0
983 T 1550 1413 513 0 0
983 T 1295 1774 706 0 0
983 T 3091 3989 1293 0 0
983 T 2526 2045 67 0 0
983 T 1066 101 2046 0 0
983 T 1374 749 2045 0 0
983 T 1351 2515 2560 0 0
983 T 1882 1959 1349 0 0
983 T 2515 1957 310 0 0
983 T 2343 1324 208 0 0
983 T 1324 2725 749 0 0
983 T 27 3955 3862 0 0
983 T 4060 3953 1 0 0
983 T 4237 4432 3659 0 0
983 T 4079 4400 4239 0 0
983 T 3657 1205 4077 0 0
983 T 3408 0 3365 0 0
983 T 2508 2332 3406 0 0
983 T 0 2330 2361 0 0
983 T 385 237 669 0 0
983 T 671 1469 961 0 0
983 T 1947 1512 1063 0 0
983 T 4385 1510 4451 0 0
983 T 3292 4063 2694 0 0
983 T 930 3597 3290 0 0
983 T 557 2339 2027 0 0
983 T 2339 1487 3620 0 0
983 T 1012 955 3 0 0
983 T 1586 717 955 0 0
983 T 2497 855 1144 0 0
983 T 1579 1309 2499 0 0
983 T 855 1311 1648 0 0
983 T 2959 1398 3359 0 0
983 T 904 1402 2957 0 0
983 T 3357 1365 902 0 0
983 T 1973 1764 3 0 0
983 T 3322 3369 4 0 0
983 T 2855 3322 1764 0 0
983 T 1819 575 1604 0 0
983 T 2642 573 2281 0 0
983 T 1365 1098 3147 0 0
983 T 3062 2361 3569 0 0
983 T 3083 0 3064 0 0
983 T 3571 2332 3081 0 0
983 T 1970 352 2508 0 0
983 T 1899 342 1972 0 0
983 T 2744 3101 2835 0 0
983 T 1197 3127 2742 0 0
983 T 2833 3169 1199 0 0
983 T 1880 3771 3561 0 0
983 T 1224 1555 1068 0 0
983 T 2048 3875 1222 0 0
983 T 2192 674 1014 0 0
983 T 784 2285 641 0 0
983 T 643 1566 2770 0 0
983 T 1660 1568 2285 0 0
983 T 2052 1695 202 0 0
983 T 216 1899 2050 0 0
983 T 909 249 1786 0 0
983 T 397 275 911 0 0
983 T 1486 4179 3004 0 0
983 T 1650 4177 3334 0 0
983 T 1757 1848 2939 0 0
983 T 4127 3921 1759 0 0
983 T 1848 3923 3628 0 0
983 T 2501 715 300 0 0
983 T 298 3020 2185 0 0
983 T 256 2686 1722 0 0
983 T 1724 466 697 0 0
983 T 535 468 2686 0 0
983 T 42 2749 50 0 0
983 T 1942 2872 1452 0 0
983 T 884 2361 1944 0 0
983 T 1450 981 882 0 0
983 T 1816 1919 2898 0 0
983 T 1919 3946 3611 0 0
983 T 4407 4372 4312 0 0
983 T 2296 1418 1225 0 0
983 T 89 1420 2657 0 0
983 T 1126 3765 3122 0 0
983 T 3124 1245 4116 0 0
983 T 3922 1247 3765 0 0
983 T 911 3529 2294 0 0
983 T 2677 231 3103 0 0
983 T 3101 606 3051 0 0
983 T 3049 918 2679 0 0
983 T 2582 1500 1252 0 0
983 T 1798 434 2584 0 0
983 T 1519 909 471 0 0
983 T 581 924 2460 0 0
983 T 924 2012 1340 0 0
983 T 1391 687 1 0 0
983 T 1475 671 687 0 0
983 T 2 669 1417 0 0
983 T 2555 3371 1409 0 0
983 T 1411 3483 3933 0 0
983 T 3561 3481 3371 0 0
983 T 2114 2668 632 0 0
983 T 586 2725 2116 0 0
983 T 637 869 1511 0 0
983 T 1062 871 4 0 0
983 T 3386 2761 3897 0 0
983 T 183 1235 437 0 0
983 T 810 469 185 0 0
983 T 3478 4106 2307 0 0
983 T 2305 2094 3639 0 0
983 T 3591 4007 3173 0 0
983 T 905 658 2159 0 0
983 T 448 2420 907 0 0
983 T 2157 821 446 0 0
983 T 2420 823 658 0 0
983 T 815 1132 544 0 0
983 T 542 2799 2424 0 0
983 T 2184 3543 114 0 0
983 T 661 402 195 0 0
983 T 1514 1855 3250 0 0
983 T 640 4467 4416 0 0
983 T 420 1161 3134 0 0
983 T 1447 3307 2644 0 0
983 T 843 3305 1717 0 0
983 T 2581 471 3207 0 0
983 T 3205 399 1799 0 0
983 T 4310 4057 4461 0 0
983 T 2775 1901 642 0 0
983 T 644 2267 1070 0 0
983 T 1123 653 2164 0 0
983 T 1375 601 2307 0 0
983 T 1091 191 1331 0 0
983 T 3970 150 2650 0 0
983 T 2652 758 3377 0 0
983 T 4467 1030 4424 0 0
983 T 596 1032 638 0 0
983 T 3890 4439 4380 0 0
983 T 4359 4437 3327 0 0
983 T 3451 2150 1866 0 0
983 T 2707 2066 3449 0 0
983 T 210 2580 1485 0 0
983 T 4193 3184 1424 0 0
983 T 1422 3976 3823 0 0
983 T 1082 774 538 0 0
983 T 452 2604 1615 0 0
983 T 405 690 1408 0 0
983 T 1406 981 1113 0 0
983 T 981 692 2231 0 0
983 T 1551 1201 2135 0 0
983 T 1201 514 1748 0 0
983 T 481 3655 3018 0 0
983 T 2009 646 1592 0 0
983 T 1339 1195 646 0 0
983 T 293 988 18 0 0
983 T 2480 889 295 0 0
983 T 988 891 3188 0 0
983 T 2417 1342 560 0 0
983 T 1342 657 536 0 0
983 T 1234 482 713 0 0
983 T 762 1880 1186 0 0
983 T 1188 754 1888 0 0
983 T 1198 3793 3947 0 0
983 T 3612 2218 1200 0 0
983 T 2218 1918 3793 0 0
983 T 4434 4375 3864 0 0
983 T 3104 1942 1606 0 0
983 T 870 594 15 0 0
983 T 1346 3417 2046 0 0
983 T 1580 4026 2228 0 0
983 T 2945 3651 1578 0 0
983 T 2226 1242 2947 0 0
983 T 2237 2073 2193 0 0
983 T 2073 1182 1239 0 0
983 T 1212 2057 3244 0 0
983 T 1002 2690 1210 0 0
983 T 1598 1360 891 0 0
983 T 889 1402 316 0 0
983 T 2137 2410 2220 0 0
983 T 2105 2182 2456 0 0
983 T 1524 2650 3577 0 0
983 T 3579 2883 1762 0 0
983 T 205 1721 451 0 0
983 T 3658 1989 3029 0 0
983 T 660 1991 1208 0 0
983 T 282 665 488 0 0
983 T 665 1790 451 0 0
983 T 3965 4262 3216 0 0
983 T 135 2599 3967 0 0
983 T 2599 4271 4262 0 0
983 T 1156 4252 3340 0 0
983 T 3478 1844 2265 0 0
983 T 1844 4106 3348 0 0
983 T 895 3710 3413 0 0
983 T 3415 3993 3178 0 0
983 T 400 3995 3710 0 0
983 T 206 1290 1129 0 0
983 T 1131 1495 2341 0 0
983 T 405 1626 800 0 0
983 T 3842 2598 2953 0 0
983 T 4419 4382 14 0 0
983 T 550 4413 4417 0 0
983 T 3389 373 1650 0 0
983 T 1714 375 3384 0 0
983 T 3460 3389 4179 0 0
983 T 1523 1634 3174 0 0
983 T 1841 587 1007 0 0
983 T 757 2959 2739 0 0
983 T 2157 2973 759 0 0
983 T 2858 1942 1166 0 0
983 T 2520 1725 297 0 0
983 T 4247 4094 2905 0 0
983 T 3716 2591 1745 0 0
983 T 3442 3194 2591 0 0
983 T 533 1075 950 0 0
983 T 1966 1073 658 0 0
983 T 684 1917 1114 0 0
983 T 2276 1974 1276 0 0
983 T 2858 3104 1618 0 0
983 T 2300 635 3248 0 0
983 T 3246 1505 3957 0 0
983 T 879 3511 2359 0 0
983 T 1574 3552 1101 0 0
983 T 1203 2653 1576 0 0
983 T 2125 3233 563 0 0
983 T 1523 3910 3323 0 0
983 T 5 2633 2532 0 0
983 T 225 2635 2592 0 0
983 T 1865 3748 3634 0 0
983 T 1116 3796 3221 0 0
983 T 3223 1197 4144 0 0
983 T 619 1973 1699 0 0
983 T 3408 1014 1924 0 0
983 T 211 1463 1595 0 0
983 T 1600 2280 2689 0 0
983 T 1003 733 1598 0 0
983 T 2280 735 1211 0 0
983 T 439 940 662 0 0
983 T 2568 1258 664 0 0
983 T 1226 655 2569 0 0
983 T 3959 4149 2343 0 0
983 T 1495 4241 3957 0 0
983 T 4241 1131 4149 0 0
983 T 1007 717 552 0 0
983 T 1810 1643 5 0 0
983 T 4155 4075 1812 0 0
983 T 6 4220 4153 0 0
983 T 4075 4218 1643 0 0
983 T 3423 3399 6 0 0
983 T 3399 2143 1642 0 0
983 T 2559 1294 3593 0 0
983 T 3595 3823 1733 0 0
983 T 1735 3963 2557 0 0
983 T 2592 4021 3227 0 0
983 T 3225 465 1748 0 0
983 T 823 2100 328 0 0
983 T 3393 3858 3216 0 0
983 T 2607 1710 20 0 0
983 T 19 1623 2632 0 0
983 T 2070 1621 1710 0 0
983 T 237 4336 4231 0 0
983 T 1510 4334 4331 0 0
983 T 3891 25 3905 0 0
983 T 3907 1 4098 0 0
983 T 4100 826 3889 0 0
983 T 217 1636 423 0 0
983 T 1636 652 399 0 0
983 T 4406 4462 1031 0 0
983 T 266 3295 2649 0 0
983 T 2461 2512 4 0 0
983 T 2617 338 2463 0 0
983 T 338 2718 2512 0 0
983 T 3100 1613 1722 0 0
983 T 3560 4314 4178 0 0
983 T 2839 2636 4003 0 0
983 T 134 3995 2837 0 0
983 T 4001 3208 133 0 0
983 T 3995 3206 2636 0 0
983 T 735 1565 553 0 0
983 T 555 1659 727 0 0
983 T 198 1881 1960 0 0
983 T 1958 3570 2676 0 0
983 T 2720 3572 1881 0 0
983 T 151 2619 2228 0 0
983 T 3217 3859 3463 0 0
983 T 1853 3584 3149 0 0
983 T 2511 3929 3584 0 0
983 T 1620 609 2507 0 0
983 T 1046 530 361 0 0
983 T 2916 2742 1617 0 0
983 T 3139 2 3357 0 0
983 T 3359 2961 806 0 0
983 T 2515 3152 276 0 0
983 T 1959 308 3152 0 0
983 T 3587 2582 2096 0 0
983 T 1409 932 816 0 0
983 T 814 3083 3483 0 0
983 T 3935 3081 932 0 0
983 T 1250 3753 3346 0 0
983 T 1962 100 490 0 0
983 T 472 99 1895 0 0
983 T 3068 4000 3187 0 0
983 T 3928 2734 4304 0 0
983 T 1119 37 756 0 0
983 T 36 1157 763 0 0
983 T 1727 320 2840 0 0
983 T 4035 2484 1126 0 0
983 T 3275 2767 1299 0 0
983 T 971 734 2321 0 0
983 T 836 556 969 0 0
983 T 3077 3583 3183 0 0
983 T 3181 817 2654 0 0
983 T 666 2357 1057 0 0
983 T 1954 3511 668 0 0
983 T 1059 877 1956 0 0
983 T 4171 23 3826 0 0
983 T 2322 935 2280 0 0
983 T 1211 933 972 0 0
983 T 3363 4151 3310 0 0
983 T 3613 1505 4151 0 0
983 T 3196 2634 3413 0 0
983 T 103 490 1963 0 0
983 T 682 3197 104 0 0
983 T 3197 817 490 0 0
983 T 2906 4215 3263 0 0
983 T 3012 1522 4215 0 0
983 T 2464 152 3211 0 0
983 T 158 3212 2462 0 0
983 T 1746 461 2653 0 0
983 T 2263 575 2702 0 0
983 T 2704 2150 3635 0 0
983 T 717 4440 4388 0 0
983 T 4441 1511 4440 0 0
983 T 1715 3036 532 0 0
983 T 367 3034 2175 0 0
983 T 2154 2487 644 0 0
983 T 642 3467 2132 0 0
983 T 2110 3465 2487 0 0
983 T 2806 1950 3470 0 0
983 T 1669 972 839 0 0
983 T 4357 970 4385 0 0
983 T 4119 4094 3014 0 0
983 T 2020 1443 2293 0 0
983 T 1228 1469 2018 0 0
983 T 3657 4400 4215 0 0
983 T 616 1478 209 0 0
983 T 379 1071 3093 0 0
983 T 1178 1040 377 0 0
983 T 3557 3391 1573 0 0
983 T 3223 2219 682 0 0
983 T 843 899 1526 0 0
983 T 2733 1057 841 0 0
983 T 899 1059 637 0 0
983 T 829 945 556 0 0
983 T 554 719 1581 0 0
983 T 3404 3470 3584 0 0
983 T 2511 1411 3402 0 0
983 T 404 715 182 0 0
983 T 888 713 439 0 0
983 T 2945 2484 2500 0 0
983 T 1312 2482 3649 0 0
983 T 2213 2109 2985 0 0
983 T 1404 290 2480 0 0
983 T 411 2146 1237 0 0
983 T 1239 2303 365 0 0
983 T 394 2301 2146 0 0
983 T 2863 4284 133 0 0
983 T 3421 3208 4284 0 0
983 T 1211 2701 1669 0 0
983 T 2812 789 384 0 0
983 T 3243 3078 2125 0 0
983 T 3015 1743 2326 0 0
983 T 3034 2301 1739 0 0
983 T 3240 1581 3915 0 0
983 T 4119 1583 3623 0 0
983 T 1621 906 758 0 0
983 T 1427 2051 1911 0 0
983 T 1354 1624 2051 0 0
983 T 3446 3381 4174 0 0
983 T 2655 491 3227 0 0
983 T 1772 3037 541 0 0
983 T 0 3039 2994 0 0
983 T 705 3122 2184 0 0
983 T 1 1441 961 0 0
983 T 2329 929 1854 0 0
983 T 291 785 1397 0 0
983 T 1041 900 1072 0 0
983 T 642 898 2186 0 0
983 T 2262 1211 1907 0 0
983 T 3076 1442 1167 0 0
983 T 1165 2103 3865 0 0
983 T 1081 3659 2395 0 0
983 T 842 2616 1041 0 0
983 T 3879 2462 2425 0 0
983 T 916 1098 2 0 0
983 T 918 3107 2558 0 0
983 T 2423 0 2438 0 0
983 T 1409 3290 2462 0 0
983 T 634 1395 696 0 0
983 T 1066 569 2834 0 0
983 T 2334 1198 569 0 0
983 T 1853 2747 273 0 0
983 T 1327 348 1229 0 0
983 T 930 1014 1325 0 0
983 T 1014 521 348 0 0
983 T 249 2017 1167 0 0
983 T 1847 3765 2184 0 0
983 T 2182 1245 3627 0 0
983 T 523 352 1847 0 0
983 T 4012 3227 136 0 0
983 T 258 1627 364 0 0
983 T 314 1686 974 0 0
983 T 292 458 1686 0 0
983 T 2274 4204 3447 0 0
983 T 4342 3813 2276 0 0
983 T 3691 2405 1361 0 0
983 T 1114 2407 4044 0 0
983 T 2516 1422 3593 0 0
983 T 852 599 899 0 0
983 T 641 597 1728 0 0
983 T 3234 1246 2671 0 0
983 T 1263 863 1538 0 0
983 T 2110 861 1482 0 0
983 T 2423 3039 2163 0 0
983 T 851 1506 1060 0 0
983 T 2418 1385 480 0 0
983 T 2101 3985 2864 0 0
983 T 2862 1775 1003 0 0
983 T 3284 1713 4174 0 0
983 T 1375 530 3282 0 0
983 T 4176 3036 1373 0 0
983 T 1241 303 223 0 0
983 T 2093 3050 1276 0 0
983 T 413 1766 1311 0 0
983 T 1386 906 415 0 0
983 T 3214 1073 2688 0 0
983 T 971 719 3328 0 0
983 T 3326 1583 834 0 0
983 T 1034 861 2257 0 0
983 T 922 863 2880 0 0
983 T 945 2247 728 0 0
983 T 3805 927 3732 0 0
983 T 2415 580 2959 0 0
983 T 4154 64 3943 0 0
983 T 3170 3052 2079 0 0
983 T 2077 607 3128 0 0
983 T 3321 2957 3578 0 0
983 T 2957 3912 2651 0 0
983 T 2824 1851 384 0 0
983 T 1061 595 47 0 0
983 T 33 593 870 0 0
983 T 4318 3658 2907 0 0
983 T 3262 4397 4320 0 0
983 T 2746 2513 3583 0 0
983 T 250 2293 3073 0 0
983 T 3439 3228 4274 0 0
983 T 1289 1043 1656 0 0
983 T 878 3306 3540 0 0
983 T 1058 3496 3306 0 0
983 T 2682 2040 1936 0 0
983 T 3711 2635 1797 0 0
983 T 3937 3290 1616 0 0
983 T 1273 781 2280 0 0
983 T 2278 1501 2711 0 0
983 T 891 1275 1022 0 0
983 T 2722 1699 1275 0 0
983 T 3418 1556 68 0 0
983 T 3816 995 4362 0 0
983 T 3674 3308 1993 0 0
983 T 204 2056 653 0 0
983 T 2600 1615 3553 0 0
983 T 3555 1817 2781 0 0
983 T 4283 2103 4288 0 0
983 T 304 2226 2425 0 0
983 T 1542 313 2970 0 0
983 T 626 862 2429 0 0
983 T 1144 2111 628 0 0
983 T 2486 3319 2143 0 0
983 T 1644 3317 3009 0 0
983 T 2768 3937 2597 0 0
983 T 3556 3292 2766 0 0
983 T 1812 917 1735 0 0
983 T 378 4201 3606 0 0
983 T 2731 1633 253 0 0
983 T 3453 2097 2684 0 0
983 T 1334 2006 585 0 0
983 T 2728 2048 1336 0 0
983 T 4222 3891 4441 0 0
983 T 4443 4098 3927 0 0
983 T 3804 2823 2312 0 0
983 T 3066 2886 3802 0 0
983 T 4325 1153 4081 0 0
983 T 2467 3008 4327 0 0
983 T 1152 2 904 0 0
983 T 2330 1014 2914 0 0
983 T 244 3318 2775 0 0
983 T 2124 644 3318 0 0
983 T 1994 3428 2642 0 0
983 T 2281 3426 1264 0 0
983 T 542 207 696 0 0
983 T 2280 891 2368 0 0
983 T 3209 2428 271 0 0
983 T 3804 3409 1664 0 0
983 T 1366 3138 1149 0 0
983 T 1782 2435 390 0 0
983 T 243 1644 1086 0 0
983 T 2874 4326 3698 0 0
983 T 3700 2466 1131 0 0
983 T 195 937 484 0 0
983 T 4378 1510 4221 0 0
983 T 576 1907 1671 0 0
983 T 363 264 1037 0 0
983 T 1365 916 3273 0 0
983 T 3696 4231 1035 0 0
983 T 108 3868 1595 0 0
983 T 1922 2916 2506 0 0
983 T 3637 2303 1373 0 0
983 T 601 2301 2094 0 0
983 T 3197 1421 3984 0 0
983 T 2309 4344 4363 0 0
983 T 3338 4403 4326 0 0
983 T 3209 2227 339 0 0
983 T 3785 2048 3440 0 0
983 T 3444 3843 4264 0 0
983 U 48 2 2 0 0
983 U 3 2 2 -1 1
983 U 34 2 2 -1 1
983 U 1265 7 7 0 0
983 U 9 7 8 0 0
983 U 29 8 7 0 0
983 U 14 8 7 0 0
983 U 32 7 8 0 0
983 U 831 11 9 0 0
983 U 1225 9 12 0 0
983 U 89 12 11 0 0
983 U 1260 9 12 0 0
983 U 83 10 9 0 0
983 U 54 10 9 -1 0
983 U 1772 9 11 0 0
983 U 58 12 11 0 0
983 U 3647 15 18 0 0
983 U 1252 18 13 0 0
983 U 4025 13 15 0 0
983 U 1241 15 20 0 0
983 U 3652 20 13 0 0
983 U 168 18 17 0 0
983 U 1236 16 18 0 0
983 U 77 14 13 0 0
983 U 4036 20 14 0 0
983 U 4046 18 20 0 0
983 U 3654 15 18 0 0
983 U 166 16 15 0 0
983 U 79 19 20 0 0
983 U 3644 20 13 0 0
983 U 2211 23 25 0 0
983 U 74 25 26 0 0
983 U 1731 26 23 0 0
983 U 17 25 26 0 0
983 U 786 26 23 0 0
983 U 1183 22 24 0 0
983 U 2244 25 22 0 0
983 U 242 22 24 0 0
983 U 2240 21 24 0 0
983 U 82 22 21 0 0
983 U 49 21 22 0 0
983 U 3502 28 32 0 0
983 U 776 32 29 0 0
983 U 3673 29 28 0 0
983 U 42 27 28 0 0
983 U 3682 28 31 0 0
983 U 3537 29 32 0 0
983 U 765 32 28 0 0
983 U 153 27 28 1 0
983 U 4208 29 29 0 0
983 U 162 29 30 0 0
983 U 160 30 29 0 0
983 U 43 34 33 0 0
983 U 208 35 34 0 0
983 U 1055 33 35 0 0
983 U 752 37 33 0 0
983 U 1749 36 37 0 0
983 U 222 34 37 0 0
983 U 738 37 36 0 0
983 U 68 38 37 0 0
983 U 1026 36 38 0 0
983 U 7 35 36 0 0
983 U 24 38 37 0 0
983 U 3530 40 41 0 0
983 U 3075 41 41 0 0
983 U 1787 41 40 0 0
983 U 3515 43 39 0 0
983 U 1758 39 43 0 0
983 U 3085 43 43 0 0
983 U 88 43 44 0 0
983 U 156 44 43 0 0
983 U 3070 40 40 0 0
983 U 176 41 42 0 0
983 U 171 42 41 0 0
983 U 4291 45 47 0 0
983 U 145 47 48 0 0
983 U 3981 48 45 0 0
983 U 135 45 46 0 0
983 U 3980 46 47 0 0
983 U 1795 45 47 0 0
983 U 102 47 48 0 0
983 U 104 45 46 0 0
983 U 131 49 50 0 0
983 U 150 50 49 0 0
983 U 759 50 50 0 0
983 U 96 50 49 0 0
983 U 19 49 50 0 0
983 U 6 6 5 0 0
983 U 742 5 5 0 0
983 U 63 5 6 0 0
983 U 28 5 6 0 0
983 U 2 6 5 -1 0
983 U 21 51 52 0 0
983 U 69 52 51 0 0
983 U 1247 51 51 0 0
983 U 137 51 52 0 0
983 U 113 52 51 0 0
983 U 4428 53 55 0 0
983 U 4402 55 53 0 0
983 U 1269 55 55 0 0
983 U 112 53 54 0 0
983 U 124 54 53 0 0
983 U 1254 54 54 0 0
983 U 140 56 55 0 0
983 U 116 55 56 0 0
983 U 1179 60 60 0 0
983 U 123 59 60 1 0
983 U 118 60 59 0 0
983 U 4432 60 58 0 0
983 U 4400 58 60 0 0
983 U 1205 58 58 0 0
983 U 128 58 57 0 0
983 U 121 57 58 0 0
983 U 22 62 61 0 0
983 U 71 61 62 0 0
983 U 1199 62 62 0 0
983 U 119 61 62 0 0
983 U 142 62 61 0 0
983 U 827 3 3 0 0
983 U 25 4 3 0 0
983 U 1 3 4 0 0
983 U 5 3 4 0 0
983 U 61 4 3 0 0
983 U 126 64 63 0 0
983 U 804 63 63 0 0
983 U 148 63 64 0 0
983 U 86 63 64 0 0
983 U 20 64 63 -1 0
983 U 4285 68 66 0 0
983 U 3988 65 68 0 0
983 U 134 66 65 0 0
983 U 3990 65 68 0 0
983 U 146 68 67 0 0
983 U 1775 66 68 0 0
983 U 108 68 67 0 0
983 U 106 66 65 0 0
983 U 1790 70 71 0 0
983 U 3512 71 70 0 0
983 U 3046 71 71 0 0
983 U 3042 73 73 0 0
983 U 94 74 73 0 0
983 U 155 73 74 0 0
983 U 3526 72 74 0 0
983 U 1814 74 72 0 0
983 U 178 70 69 0 0
983 U 3054 69 69 0 0
983 U 173 69 70 0 0
983 U 210 78 79 0 0
983 U 792 75 78 0 0
983 U 1000 79 75 0 0
983 U 51 79 80 0 0
983 U 219 76 79 0 0
983 U 794 78 80 0 0
983 U 1804 75 78 0 0
983 U 65 78 77 0 0
983 U 979 78 76 0 0
983 U 8 76 75 -1 0
983 U 24 78 77 0 0
983 U 4212 86 86 0 0
983 U 164 86 85 0 0
983 U 158 85 86 0 0
983 U 3535 86 83 0 0
983 U 810 83 81 0 0
983 U 3670 81 86 0 0
983 U 153 81 82 0 0
983 U 3668 82 83 0 0
983 U 3523 83 81 0 0
983 U 49 81 82 0 0
983 U 814 83 86 0 0
983 U 1738 90 91 0 0
983 U 79 91 92 0 0
983 U 2207 92 90 0 0
983 U 240 90 88 0 0
983 U 41 88 87 0 0
983 U 2194 87 90 0 0
983 U 1240 90 88 0 0
983 U 82 88 87 -1 0
983 U 2173 92 87 0 0
983 U 779 89 92 0 0
983 U 18 92 91 0 0
983 U 168 100 99 0 0
983 U 1190 99 97 0 0
983 U 3680 97 100 0 0
983 U 1203 99 94 0 0
983 U 4056 94 98 0 0
983 U 3687 94 95 0 0
983 U 4037 95 99 0 0
983 U 3703 100 97 0 0
983 U 169 97 98 0 0
983 U 4042 96 94 0 0
983 U 75 94 93 0 0
983 U 3689 93 96 0 0
983 U 1175 95 98 0 0
983 U 73 96 95 0 0
983 U 1172 104 101 0 0
983 U 53 101 102 0 0
983 U 1824 102 104 0 0
983 U 850 102 104 0 0
983 U 97 101 102 0 0
983 U 1220 102 103 0 0
983 U 91 103 104 0 0
983 U 55 103 104 0 0
983 U 11 105 106 0 0
983 U 37 106 105 0 0
983 U 1188 105 105 0 0
983 U 36 105 106 0 0
983 U 10 106 105 -1 0
983 U 40 1 1 0 -1
983 U 4 1 1 0 -1
983 U 46 1 1 0 0
983 Q 77 0 76 0 0 0 0 0 0 0
983 Q 225 499 277 395 0 0 0 0 0 0
983 Q 1350 412 225 410 0 0 0 0 1 0
