0
0 d=177
0
177 A 0 1 58 0 -58 0
177 A 0 2 -176 1 176 -1
177 A 0 2 119 0 -119 0
177 A 0 2 -58 1 58 -1
177 A 0 4 -119 2 119 -2
177 A 4 0 0 1 0 1
177 A 4 0 2 1 2 1
177 A 7 0 0 2 0 2
177 A 8 0 0 3 0 3
177 A 8 0 0 1 0 1
177 A 8 0 4 3 4 3
177 A 8 0 4 1 4 1
177 A 11 0 0 1 0 1
177 A 14 0 0 5 0 5
177 A 16 0 0 7 0 7
177 A 16 0 8 7 8 7
177 A 28 0 0 9 0 9
177 A 32 0 0 7 0 7
177 A 47 0 0 8 0 8
177 A 56 0 0 19 0 19
177 A 5 0 2 2 -1 1
177 A 5 0 2 1 -2 1
177 A 5 0 -2 2 1 1
177 A 5 0 1 2 1 -2
177 A 5 0 0 2 0 -1
177 A 6 0 2 1 -2 1
177 A 7 0 3 3 3 -3
177 A 7 0 3 2 -1 3
177 A 7 0 3 1 1 2
177 A 7 0 -3 1 -1 2
177 A 7 0 -3 2 1 3
177 A 7 0 2 3 -2 3
177 A 7 0 2 2 1 -1
177 A 7 0 2 1 2 -1
177 A 7 0 -2 2 -1 -1
177 A 7 0 0 3 0 -1
177 A 8 0 2 3 -2 -1
177 A 8 0 -2 1 2 -3
177 A 9 0 4 4 -1 1
177 A 9 0 4 2 -1 -4
177 A 9 0 4 1 -1 -2
177 A 9 0 -4 1 1 -2
177 A 9 0 -4 2 1 -4
177 A 9 0 -4 4 1 1
177 A 9 0 2 4 -2 4
177 A 9 0 2 2 -2 2
177 A 9 0 2 1 -2 1
177 A 10 0 4 3 4 -3
177 A 10 0 4 1 2 -3
177 A 10 0 -4 1 -2 -3
177 A 10 0 2 1 -2 1
177 A 10 0 0 3 0 1
177 A 11 0 5 5 1 -1
177 A 11 0 5 4 -2 -5
177 A 11 0 5 3 -5 3
177 A 11 0 5 2 4 5
177 A 11 0 5 1 -4 3
177 A 11 0 -5 1 4 3
177 A 11 0 -5 2 -4 5
177 A 11 0 -5 4 2 -5
177 A 11 0 -5 5 -1 -1
177 A 11 0 4 4 4 -4
177 A 11 0 4 2 2 -1
177 A 11 0 4 1 3 2
177 A 11 0 -4 1 -3 2
177 A 11 0 -4 2 -2 -1
177 A 11 0 3 5 -3 5
177 A 11 0 3 4 -1 5
177 A 11 0 3 3 -2 2
177 A 11 0 3 1 3 -1
177 A 11 0 -3 3 2 2
177 A 11 0 -3 4 1 5
177 A 11 0 2 4 1 -2
177 A 11 0 2 3 -1 -4
177 A 11 0 -2 3 1 -4
177 A 11 0 -2 4 -1 -2
177 A 11 0 1 3 1 -3
177 A 11 0 0 5 0 -2
177 A 11 0 0 4 0 3
177 A 12 0 4 5 -4 5
177 A 12 0 4 1 -4 1
177 A 12 0 2 5 -2 5
177 A 12 0 2 1 -2 1
177 A 12 0 1 2 -1 2
177 A 13 0 6 6 6 -6
177 A 13 0 6 5 -3 -4
177 A 13 0 6 4 -4 -6
177 A 13 0 6 3 5 4
177 A 13 0 6 2 -2 5
177 A 13 0 6 1 4 -5
177 A 13 0 -6 1 -4 -5
177 A 13 0 -6 2 2 5
177 A 13 0 -6 3 -5 4
177 A 13 0 -6 4 4 -6
177 A 13 0 -6 5 3 -4
177 A 13 0 5 6 -5 6
177 A 13 0 5 5 2 -2
177 A 13 0 5 3 -3 -6
177 A 13 0 5 2 -1 3
177 A 13 0 5 1 3 2
177 A 13 0 -5 1 -3 2
177 A 13 0 -5 2 1 3
177 A 13 0 -5 3 3 -6
177 A 13 0 -5 5 -2 -2
177 A 13 0 4 4 -4 4
177 A 13 0 4 3 -3 -1
177 A 13 0 4 2 1 6
177 A 13 0 4 1 2 6
177 A 13 0 -4 1 -2 6
177 A 13 0 -4 2 -1 6
177 A 13 0 -4 3 3 -1
177 A 13 0 3 5 -3 5
177 A 13 0 3 3 -1 1
177 A 13 0 -3 3 1 1
177 A 13 0 2 4 -1 2
177 A 13 0 2 3 1 5
177 A 13 0 2 1 2 -1
177 A 13 0 -2 3 -1 5
177 A 13 0 -2 4 1 2
177 A 13 0 1 4 1 -4
177 A 13 0 0 6 0 3
177 A 13 0 0 5 0 1
177 A 13 0 0 4 0 -2
177 A 0 1 80 0 73 0
177 A 0 1 79 0 56 0
177 A 0 1 74 0 55 0
177 A 0 1 62 0 -20 0
177 A 0 1 61 0 29 0
177 A 0 1 40 0 -31 0
177 A 0 1 38 0 -14 0
177 A 0 1 28 0 -19 0
177 A -1 1 87 0 45 0
177 A -1 1 85 0 67 0
177 A -1 1 83 0 15 0
177 A -1 1 75 0 -19 0
177 A -1 1 53 0 47 0
177 A -1 1 43 0 -29 0
177 A -1 1 33 0 -27 0
177 A -1 1 31 0 -23 0
177 A -1 1 21 0 -17 0
177 A 1 1 87 0 45 0
177 A 1 1 85 0 67 0
177 A 1 1 83 0 15 0
177 A 1 1 75 0 -19 0
177 A 1 1 53 0 47 0
177 A 1 1 43 0 -29 0
177 A 1 1 33 0 -27 0
177 A 1 1 31 0 -23 0
177 A 1 1 21 0 -17 0
177 A -2 1 53 1 -77 -1
177 A -2 1 63 1 -39 0
177 A -2 1 81 1 -24 0
177 A 2 1 39 0 -63 1
177 A 2 1 -53 1 77 -1
177 A 2 1 -81 1 24 0
177 A -3 1 64 1 -25 0
177 A -3 1 52 1 68 1
177 A -3 1 46 1 -19 0
177 A -3 1 38 1 -56 -1
177 A -3 1 86 1 -23 0
177 A -3 1 80 1 -62 -1
177 A -3 1 74 1 -29 0
177 A 3 1 -86 1 23 0
177 A 3 1 -80 1 62 -1
177 A 3 1 -74 1 29 0
177 A 3 1 -68 1 -52 1
177 A 3 1 19 0 -46 1
177 A 3 1 25 0 -64 1
177 A 3 1 -38 1 56 -1
177 A -4 1 22 1 -48 -1
177 A -4 1 55 1 -32 -1
177 A -4 1 40 1 53 1
177 A -4 1 65 1 -14 0
177 A 4 1 14 0 -65 1
177 A 4 1 -22 1 48 -1
177 A 4 1 -55 1 32 -1
177 A 4 1 -53 1 -40 1
177 A 14 0 6 1 -2 5
177 A 14 0 -6 1 2 5
177 A 14 0 4 3 4 -3
177 A 14 0 2 3 -2 3
177 A -5 1 51 2 -48 -1
177 A -5 1 16 1 -67 -2
177 A -5 1 73 2 63 2
177 A -5 1 38 1 -42 -1
177 A -5 1 22 1 -15 0
177 A -5 1 85 2 17 0
177 A -5 1 75 2 19 0
177 A -5 1 65 2 30 1
177 A 5 1 19 0 75 -2
177 A 5 1 -73 2 -63 2
177 A 5 1 -48 1 51 -2
177 A 5 1 -38 1 42 -1
177 A 5 1 17 0 85 -2
177 A 5 1 -22 1 15 0
177 A 5 1 -67 2 16 -1
177 A 5 1 -30 1 -65 2
177 A -6 1 55 2 71 3
177 A -6 1 31 1 17 1
177 A -6 1 19 1 17 0
177 A -6 1 23 1 16 1
177 A -6 1 47 2 -53 -2
177 A -6 1 76 3 -28 -1
177 A -6 1 76 2 -40 -1
177 A -6 1 34 1 -16 0
177 A -6 1 22 1 32 1
177 A 6 1 16 0 -34 1
177 A 6 1 -16 1 -23 1
177 A 6 1 -22 1 -32 1
177 A 6 1 -28 1 76 -3
177 A 6 1 -40 1 76 -2
177 A 6 1 17 0 19 -1
177 A 6 1 -31 1 -17 1
177 A 6 1 -55 2 -71 3
177 A 6 1 -47 2 53 -2
177 A 15 0 7 1 -7 1
177 A 15 0 5 7 -5 4
177 A 15 0 5 4 -5 7
177 A 15 0 4 7 -1 -2
177 A 15 0 4 4 2 -2
177 A 15 0 -4 4 -2 -2
177 A 15 0 -4 7 1 -2
177 A 15 0 2 4 -2 4
177 A -7 1 78 3 84 3
177 A -7 1 20 1 -53 -2
177 A -7 1 62 3 35 2
177 A -7 1 10 1 72 3
177 A -7 1 39 2 60 3
177 A -7 1 74 3 -55 -2
177 A 7 1 -78 3 -84 3
177 A 7 1 -20 1 53 -2
177 A 7 1 -55 2 74 -3
177 A 7 1 -62 3 -35 2
177 A 7 1 -39 2 -60 3
177 A 7 1 -72 3 -10 1
177 A -8 1 20 1 35 1
177 A -8 1 37 1 -59 -2
177 A -8 1 10 1 -51 -2
177 A -8 1 55 2 80 4
177 A -8 1 40 2 -75 -3
177 A 8 1 -20 1 -35 1
177 A 8 1 -37 1 59 -2
177 A 8 1 -51 2 10 -1
177 A 8 1 -75 3 40 -2
177 A 8 1 -55 2 -80 4
177 A 16 0 6 7 2 -5
177 A 16 0 -6 7 -2 -5
177 A -9 1 10 1 68 3
177 A -9 1 26 1 -41 -2
177 A 9 1 -26 1 41 -2
177 A 9 1 -10 1 -68 3
177 A -10 1 75 5 -52 -3
177 A -10 1 22 2 -23 -1
177 A -10 1 29 2 80 5
177 A -10 1 19 1 -56 -3
177 A 10 1 -75 5 52 -3
177 A 10 1 -19 1 56 -3
177 A 10 1 -23 1 22 -2
177 A 10 1 -80 5 -29 2
177 A 17 0 8 8 -4 4
177 A 17 0 8 5 -8 5
177 A 17 0 8 3 -1 -6
177 A 17 0 -8 3 1 -6
177 A 17 0 -8 8 4 4
177 A 17 0 7 8 -6 2
177 A 17 0 7 7 -7 7
177 A 17 0 7 2 3 4
177 A 17 0 -7 2 -3 4
177 A 17 0 -7 8 6 2
177 A 17 0 5 4 -5 4
177 A 17 0 2 6 -2 6
177 A 17 0 2 3 2 -3
177 A -12 1 73 5 -34 -3
177 A -12 1 25 1 14 1
177 A -12 1 50 3 -32 -2
177 A 12 1 -50 3 32 -2
177 A 12 1 -34 3 73 -5
177 A 12 1 -25 1 -14 1
177 A -13 1 53 4 -80 -5
177 A 13 1 -53 4 80 -5
177 A 19 0 9 9 3 -3
177 A 19 0 -9 9 -3 -3
177 A 19 0 8 9 8 -9
177 A 19 0 7 9 4 3
177 A 19 0 7 7 -7 7
177 A 19 0 -7 9 -4 3
177 A 19 0 6 2 -2 7
177 A 19 0 -6 2 2 7
177 A 19 0 2 3 -2 3
177 A -14 1 72 5 -78 -7
177 A 14 1 -72 5 78 -7
177 A -16 1 39 4 -78 -8
177 A 16 1 -39 4 78 -8
177 A 21 0 7 2 -7 2
177 A 22 0 8 5 -8 5
177 A 23 0 11 4 9 3
177 A 23 0 11 2 -11 2
177 A 23 0 -11 4 -9 3
177 A 23 0 8 5 -2 7
177 A 23 0 8 3 -8 3
177 A 23 0 -8 5 2 7
177 A 23 0 6 2 5 6
177 A 23 0 -6 2 -5 6
177 A -20 1 21 4 -20 -1
177 A 20 1 -20 1 21 -4
177 A 25 0 12 4 -12 4
177 A 25 0 6 2 1 8
177 A 25 0 -6 2 -1 8
177 A 27 0 7 7 -7 7
177 A 29 0 14 14 -14 14
177 A 29 0 14 5 -13 -14
177 A 29 0 -14 5 13 -14
177 A 29 0 2 12 -2 12
177 A -32 1 53 8 -46 -5
177 A 32 1 -46 5 53 -8
177 A 35 0 12 4 -12 4
177 A 39 0 4 4 -4 4
177 A -3 3 44 1 -89 -2
177 A 3 3 -44 1 89 -2
177 A 43 0 -4 13 4 13
177 A 51 0 25 5 -25 5
177 A 0 4 58 1 -58 1
177 A 57 0 7 7 -7 7
177 A 61 0 8 23 -8 23
177 A 71 0 -12 12 12 12
177 A 81 0 20 20 -20 20
177 A 87 0 43 43 -43 43
177 S 3 1 6 0
177 T 488 983 425 0 0
177 T 423 952 777 0 0
177 T 775 138 486 0 0
177 T 480 759 132 0 0
177 T 138 950 983 0 0
177 T 126 1030 702 0 0
177 T 1034 130 737 0 0
177 T 1177 1224 1234 0 0
177 T 1241 1220 1171 0 0
177 T 1152 1150 1152 -1 0
177 T 1148 1162 1154 0 0
177 T 197 183 191 0 0
177 T 213 202 235 0 0
177 T 176 31 206 0 0
177 T 247 193 221 0 0
177 T 269 277 251 0 0
177 T 264 279 273 0 0
177 T 204 233 178 0 0
177 T 258 238 255 0 0
177 T 269 248 264 0 0
177 T 201 233 187 0 0
177 T 217 177 187 0 0
177 T 275 237 257 0 0
177 T 183 185 183 -1 0
177 T 239 197 225 0 0
177 T 253 180 212 0 0
177 T 260 279 270 0 0
177 T 226 198 208 0 0
177 T 223 244 227 0 0
177 T 217 245 221 0 0
177 T 1157 616 1211 0 0
177 T 1209 603 1147 0 0
177 T 579 317 125 0 0
177 T 137 144 123 0 0
177 T 140 150 118 0 0
177 T 128 147 130 0 0
177 T 385 337 317 0 0
177 T 345 438 379 0 0
177 T 307 351 422 0 0
177 T 420 452 434 0 0
177 T 426 414 450 0 0
177 T 341 377 337 0 0
177 T 357 313 315 0 0
177 T 417 432 387 0 0
177 T 419 407 431 0 0
177 T 413 321 333 0 0
177 T 388 395 354 0 0
177 T 448 360 392 0 0
177 T 346 302 305 0 0
177 T 350 329 369 0 0
177 T 397 393 363 0 0
177 T 399 367 405 0 0
177 T 440 457 445 0 0
177 T 377 400 407 0 0
177 T 359 319 435 0 0
177 T 402 370 446 0 0
177 T 328 411 322 0 0
177 T 313 346 339 0 0
177 T 373 427 331 0 0
177 T 365 380 323 0 0
177 T 344 385 306 0 0
177 T 445 454 423 0 0
177 T 337 562 135 0 0
177 T 577 235 134 0 0
177 T 136 204 869 0 0
177 T 867 213 575 0 0
177 T 600 755 807 0 0
177 T 1169 443 598 0 0
177 T 809 1085 1167 0 0
177 T 443 1083 755 0 0
177 T 973 21 986 0 0
177 T 173 176 988 0 0
177 T 208 173 971 0 0
177 T 294 501 537 0 0
177 T 535 1018 416 0 0
177 T 418 1004 501 0 0
177 T 1004 1044 1018 0 0
177 T 1008 1006 1008 -1 0
177 T 1032 1020 1040 0 0
177 T 1046 1013 1017 0 0
177 T 1023 1003 1035 0 0
177 T 220 669 158 0 0
177 T 648 224 164 0 0
177 T 894 178 122 0 0
177 T 26 894 867 0 0
177 T 651 965 94 0 0
177 T 96 766 165 0 0
177 T 163 131 653 0 0
177 T 131 768 965 0 0
177 T 863 114 629 0 0
177 T 888 590 113 0 0
177 T 996 319 114 0 0
177 T 865 81 994 0 0
177 T 81 629 319 0 0
177 T 219 712 1001 0 0
177 T 999 831 249 0 0
177 T 193 833 712 0 0
177 T 807 149 779 0 0
177 T 152 763 813 0 0
177 T 781 639 820 0 0
177 T 818 2 757 0 0
177 T 992 444 172 0 0
177 T 538 756 990 0 0
177 T 170 1082 540 0 0
177 T 698 63 267 0 0
177 T 253 458 700 0 0
177 T 63 460 277 0 0
177 T 737 434 64 0 0
177 T 62 450 482 0 0
177 T 484 420 735 0 0
177 T 520 113 751 0 0
177 T 114 556 718 0 0
177 T 93 77 89 0 0
177 T 105 98 85 0 0
177 T 100 96 78 0 0
177 T 104 108 86 0 0
177 T 84 20 78 0 0
177 T 92 73 70 0 0
177 T 76 106 94 0 0
177 T 865 988 120 0 0
177 T 886 140 973 0 0
177 T 271 645 84 0 0
177 T 82 635 262 0 0
177 T 279 637 645 0 0
177 T 1059 1040 537 0 0
177 T 414 1032 1061 0 0
177 T 115 1025 1126 0 0
177 T 531 614 117 0 0
177 T 1128 1095 533 0 0
177 T 614 1097 1025 0 0
177 T 105 516 247 0 0
177 T 937 362 103 0 0
177 T 249 782 935 0 0
177 T 362 784 516 0 0
177 T 709 1181 1156 0 0
177 T 1183 744 1146 0 0
177 T 1181 0 1185 0 0
177 T 781 683 46 0 0
177 T 684 807 56 0 0
177 T 376 204 875 0 0
177 T 898 18 877 0 0
177 T 900 178 354 0 0
177 T 217 560 908 0 0
177 T 227 929 524 0 0
177 T 326 791 47 0 0
177 T 61 873 328 0 0
177 T 49 64 59 0 0
177 T 50 52 50 1 0
177 T 50 56 48 0 0
177 T 65 56 59 0 0
177 T 873 62 791 0 0
177 T 257 792 681 0 0
177 T 679 914 260 0 0
177 T 914 790 238 0 0
177 T 579 311 859 0 0
177 T 861 357 125 0 0
177 T 415 705 485 0 0
177 T 429 63 705 0 0
177 T 46 924 734 0 0
177 T 705 940 56 0 0
177 T 673 961 103 0 0
177 T 83 371 671 0 0
177 T 371 100 961 0 0
177 T 331 624 59 0 0
177 T 58 611 321 0 0
177 T 292 622 611 0 0
177 T 262 934 677 0 0
177 T 675 785 267 0 0
177 T 19 492 528 0 0
177 T 1204 1202 1204 -1 0
177 T 1204 1213 1209 0 0
177 T 601 468 1056 0 0
177 T 1054 460 134 0 0
177 T 483 129 1060 0 0
177 T 136 462 599 0 0
177 T 119 606 473 0 0
177 T 462 458 468 0 0
177 T 474 470 486 0 0
177 T 487 440 991 0 0
177 T 119 804 489 0 0
177 T 126 816 478 0 0
177 T 993 949 121 0 0
177 T 804 947 440 0 0
177 T 744 399 572 0 0
177 T 570 237 113 0 0
177 T 111 956 742 0 0
177 T 956 235 399 0 0
177 T 839 831 849 0 0
177 T 829 827 829 1 0
177 T 842 834 852 0 0
177 T 847 544 105 0 0
177 T 103 943 841 0 0
177 T 943 542 831 0 0
177 T 811 326 113 0 0
177 T 1038 741 813 0 0
177 T 111 1122 1040 0 0
177 T 741 1124 326 0 0
177 T 900 655 386 0 0
177 T 395 657 180 0 0
177 T 1097 1132 1003 0 0
177 T 1089 1108 1095 0 0
177 T 1098 1094 1093 0 0
177 T 1092 1119 1086 0 0
177 T 1005 546 1087 0 0
177 T 1108 548 1132 0 0
177 T 584 963 446 0 0
177 T 390 98 582 0 0
177 T 963 100 360 0 0
177 T 1024 763 711 0 0
177 T 713 322 1129 0 0
177 T 116 324 763 0 0
177 T 89 580 156 0 0
177 T 75 155 565 0 0
177 T 959 796 128 0 0
177 T 480 800 961 0 0
177 T 800 814 796 0 0
177 T 189 312 910 0 0
177 T 933 338 199 0 0
177 T 912 2 931 0 0
177 T 128 427 749 0 0
177 T 747 592 158 0 0
177 T 160 671 126 0 0
177 T 671 590 427 0 0
177 T 716 159 892 0 0
177 T 880 165 724 0 0
177 T 975 330 112 0 0
177 T 153 995 977 0 0
177 T 264 718 1066 0 0
177 T 1068 815 595 0 0
177 T 597 1111 262 0 0
177 T 1111 817 718 0 0
177 T 303 175 535 0 0
177 T 501 209 302 0 0
177 T 375 135 884 0 0
177 T 882 564 341 0 0
177 T 512 1093 1021 0 0
177 T 1019 1096 1135 0 0
177 T 1137 1098 510 0 0
177 T 333 592 83 0 0
177 T 85 888 974 0 0
177 T 936 709 84 0 0
177 T 677 637 709 0 0
177 T 1210 1222 526 0 0
177 T 492 1218 1208 0 0
177 T 908 187 121 0 0
177 T 119 175 558 0 0
177 T 966 394 250 0 0
177 T 115 706 968 0 0
177 T 252 582 117 0 0
177 T 706 584 394 0 0
177 T 1070 568 698 0 0
177 T 575 1056 729 0 0
177 T 464 640 124 0 0
177 T 618 138 470 0 0
177 T 122 1070 458 0 0
177 T 482 132 1076 0 0
177 T 1070 638 466 0 0
177 T 1024 1074 499 0 0
177 T 800 257 113 0 0
177 T 570 275 798 0 0
177 T 423 646 553 0 0
177 T 551 240 96 0 0
177 T 94 822 425 0 0
177 T 822 238 646 0 0
177 T 420 1076 1036 0 0
177 T 1069 1053 247 0 0
177 T 1053 721 268 0 0
177 T 744 367 98 0 0
177 T 80 916 742 0 0
177 T 367 914 96 0 0
177 T 601 1197 406 0 0
177 T 1193 640 388 0 0
177 T 1107 1125 352 0 0
177 T 367 738 1109 0 0
177 T 621 1017 201 0 0
177 T 187 1011 606 0 0
177 T 192 771 158 0 0
177 T 715 88 190 0 0
177 T 88 893 771 0 0
177 T 1201 1224 1218 0 0
177 T 1234 297 1241 0 0
177 T 248 519 846 0 0
177 T 848 799 1066 0 0
177 T 1052 801 519 0 0
177 T 1180 674 1015 0 0
177 T 1017 636 1155 0 0
177 T 773 439 102 0 0
177 T 893 106 439 0 0
177 T 53 931 910 0 0
177 T 3 5 3 -1 0
177 T 449 478 275 0 0
177 T 572 959 447 0 0
177 T 541 121 73 0 0
177 T 72 139 503 0 0
177 T 873 292 904 0 0
177 T 846 595 797 0 0
177 T 820 1080 442 0 0
177 T 444 1161 641 0 0
177 T 781 1159 1080 0 0
177 T 999 839 518 0 0
177 T 508 693 155 0 0
177 T 731 544 154 0 0
177 T 1010 909 470 0 0
177 T 1016 470 928 0 0
177 T 857 664 645 0 0
177 T 1071 1159 893 0 0
177 T 891 444 467 0 0
177 T 678 745 587 0 0
177 T 589 1149 1013 0 0
177 T 1011 1184 680 0 0
177 T 171 455 489 0 0
177 T 163 195 825 0 0
177 T 210 655 969 0 0
177 T 435 922 60 0 0
177 T 1041 605 1096 0 0
177 T 1137 603 1033 0 0
177 T 707 101 363 0 0
177 T 630 768 842 0 0
177 T 844 786 1063 0 0
177 T 1065 758 632 0 0
177 T 758 788 768 0 0
177 T 595 1176 243 0 0
177 T 1172 632 242 0 0
177 T 757 73 949 0 0
177 T 170 889 524 0 0
177 T 522 141 209 0 0
177 T 874 407 661 0 0
177 T 659 398 203 0 0
177 T 80 270 662 0 0
177 T 256 1052 752 0 0
177 T 821 71 952 0 0
177 T 437 627 650 0 0
177 T 652 81 361 0 0
177 T 96 844 507 0 0
177 T 509 632 165 0 0
177 T 1187 1189 1187 -1 0
177 T 724 293 716 0 0
177 T 1248 1246 1248 -1 0
177 T 365 1101 712 0 0
177 T 669 515 439 0 0
177 T 771 246 667 0 0
177 T 894 210 568 0 0
177 T 58 902 324 0 0
177 T 864 170 558 0 0
177 T 727 460 235 0 0
177 T 257 65 729 0 0
177 T 775 618 476 0 0
177 T 905 785 63 0 0
177 T 785 323 56 0 0
177 T 251 566 124 0 0
177 T 133 434 694 0 0
177 T 696 626 163 0 0
177 T 48 551 350 0 0
177 T 369 553 790 0 0
177 T 726 873 680 0 0
177 T 402 101 571 0 0
177 T 213 660 956 0 0
177 T 157 338 918 0 0
177 T 920 837 506 0 0
177 T 693 835 338 0 0
177 T 74 919 882 0 0
177 T 198 928 138 0 0
177 T 647 309 49 0 0
177 T 795 159 104 0 0
177 T 697 23 749 0 0
177 T 505 982 820 0 0
177 T 1078 171 503 0 0
177 T 171 444 982 0 0
177 T 96 852 919 0 0
177 T 852 108 884 0 0
177 T 1086 495 352 0 0
177 T 1123 497 1096 0 0
177 T 701 676 902 0 0
177 T 725 76 194 0 0
177 T 557 852 979 0 0
177 T 115 786 266 0 0
177 T 786 557 1051 0 0
177 T 371 624 940 0 0
177 T 361 922 613 0 0
177 T 1034 617 1131 0 0
177 T 457 109 468 0 0
177 T 741 981 222 0 0
177 T 1270 1272 1270 1 0
177 T 381 1093 532 0 0
177 T 496 27 530 0 0
177 T 606 804 475 0 0
177 T 159 597 543 0 0
177 T 1127 379 1098 0 0
177 T 59 429 938 0 0
177 T 54 378 515 0 0
177 T 693 19 733 0 0
177 T 494 602 111 0 0
177 T 962 787 478 0 0
177 T 277 789 583 0 0
177 T 310 733 831 0 0
177 T 740 837 195 0 0
177 T 154 310 943 0 0
177 T 345 666 55 0 0
177 T 261 752 1062 0 0
177 T 631 1114 259 0 0
177 T 1114 761 752 0 0
177 T 861 838 106 0 0
177 T 106 879 425 0 0
177 T 74 822 879 0 0
177 T 881 1169 1055 0 0
177 T 469 445 879 0 0
177 T 280 665 587 0 0
177 T 589 79 261 0 0
177 T 1064 1050 239 0 0
177 T 556 845 241 0 0
177 T 942 86 861 0 0
177 T 981 836 240 0 0
177 U 8 1 1 0 0
177 U 1 1 1 -1 0
177 U 69 5 5 1 0
177 U 13 5 4 0 0
177 U 15 5 4 0 0
177 U 6 3 2 0 0
177 U 2 2 2 0 0
177 U 10 3 2 0 0
177 Q 17 857 17 857 0 0 0 0 0 0
177 Q 596 168 633 17 0 0 0 0 0 0
177 Q 855 631 150 594 0 0 0 0 0 0
177 Q 166 152 166 152 0 0 0 0 0 0
177 Q 284 624 67 611 0 0 0 0 0 0
177 Q 92 282 92 282 0 0 0 0 0 0
177 Q 613 1189 622 90 0 0 0 0 0 0
177 Q 1187 69 1187 69 0 0 0 0 0 0
177 Q 704 16 735 687 0 0 0 0 0 0
177 Q 689 130 28 128 -1 0 0 0 0 0
177 Q 16 1030 28 1036 0 0 0 0 0 0
177 Q 287 1173 17 1175 0 0 0 0 0 0
177 Q 1236 66 1239 289 0 0 0 0 0 0
177 Q 68 1224 17 1220 0 0 0 0 0 0
177 Q 1151 193 19 195 1 0 0 0 0 0
177 Q 11 44 10 45 0 0 0 0 0 0
177 Q 67 1149 29 1155 0 0 0 0 0 0
177 Q 1213 1 1207 69 0 0 0 0 0 0
177 Q 29 603 1 616 0 0 -1 0 0 0
177 Q 144 230 144 230 0 0 0 0 0 0
177 Q 609 5 618 142 0 0 0 0 0 0
177 Q 3 1049 3 1049 0 0 0 0 0 0
177 Q 160 383 162 1138 0 0 0 0 0 0
177 Q 1140 224 50 218 0 0 0 0 0 0
177 Q 627 1259 590 1245 0 0 0 0 0 0
177 Q 1243 886 1256 865 0 0 0 0 0 0
177 Q 1254 111 1261 114 0 0 0 0 0 0
177 Q 27 309 4 343 0 0 -1 0 0 0
177 Q 424 1118 438 2 0 0 0 0 0 0
177 Q 153 758 301 817 0 0 0 0 0 0
177 Q 805 144 777 299 0 0 0 0 0 0
177 Q 815 43 760 1227 0 0 0 0 0 0
177 Q 474 5 476 299 0 0 0 0 0 0
177 Q 43 474 45 476 0 0 0 0 0 0
177 Q 1263 556 1254 518 0 0 0 0 0 0
177 Q 753 1261 720 1265 0 0 0 0 0 0
177 Q 420 0 414 148 0 0 0 0 0 0
177 Q 22 452 0 450 0 0 0 0 0 0
177 Q 87 1007 77 143 0 0 0 0 0 0
177 Q 335 19 317 5 0 0 0 0 1 0
177 Q 48 146 54 1026 0 0 0 0 0 0
177 Q 1028 807 51 779 0 0 0 0 0 0
177 Q 69 229 168 215 0 0 0 0 0 0
177 Q 906 25 929 67 0 0 0 0 0 0
177 Q 522 25 560 166 0 0 0 0 0 0
177 Q 389 296 407 147 0 0 0 0 0 0
177 Q 432 0 433 294 0 0 0 0 0 0
177 Q 680 4 674 828 0 0 0 0 0 0
177 Q 826 0 826 0 0 0 0 0 0 0
177 Q 686 54 282 48 0 0 0 0 0 0
177 Q 17 924 284 940 0 0 0 0 0 0
177 Q 14 1234 1252 1240 0 0 0 0 1 0
177 Q 287 1251 286 1250 0 0 0 0 0 0
177 Q 1250 295 1251 294 0 0 0 0 0 0
177 Q 147 689 147 689 0 0 0 0 0 0
177 Q 154 384 155 1009 0 0 0 0 0 0
177 Q 1217 722 1247 714 0 0 0 0 0 0
177 Q 890 1244 878 1215 0 0 0 0 0 0
177 Q 165 1242 159 1249 0 0 0 0 0 0
177 Q 804 93 776 1118 0 0 0 0 0 0
177 Q 528 17 490 1 0 0 0 -1 0 0
177 Q 700 3 727 1215 0 0 0 0 0 0
177 Q 1217 1056 50 1072 0 0 0 0 0 0
177 Q 5 568 52 577 0 0 0 0 0 0
177 Q 348 739 1150 711 0 0 0 0 0 0
177 Q 1152 813 1228 765 0 0 0 0 0 0
177 Q 1061 30 1074 1226 0 0 0 0 0 0
177 Q 1187 12 1186 13 1 0 1 0 0 0
177 Q 1256 24 1256 24 0 0 0 0 0 0
177 Q 525 1233 559 1254 0 0 0 0 0 0
177 Q 169 1231 169 1231 0 0 0 0 0 0
177 Q 1197 3 1191 297 0 0 0 0 0 0
177 Q 289 401 1 395 0 -1 0 0 0 0
177 Q 365 69 367 287 0 0 0 0 0 0
177 Q 1 403 67 393 0 0 0 1 0 1
177 Q 282 505 169 539 0 0 0 0 0 0
177 Q 71 37 70 284 -1 0 0 0 0 0
177 Q 139 37 121 167 0 0 0 0 1 0
177 Q 1216 871 826 902 0 0 0 0 0 0
177 Q 385 544 1199 506 0 0 0 0 0 0
177 Q 693 1201 733 1008 0 0 0 0 0 0
177 Q 33 1014 66 1012 0 0 0 0 0 0
177 Q 472 24 470 33 0 0 0 0 0 0
177 Q 643 28 664 17 0 0 0 0 -1 0
177 Q 68 546 17 512 0 0 0 0 0 0
177 Q 510 1269 548 1264 0 0 0 0 0 0
177 Q 1262 66 1262 66 0 0 0 0 0 0
177 Q 17 1267 17 1267 0 0 0 0 0 0
177 Q 264 23 258 856 0 0 0 0 0 0
177 Q 281 21 279 23 0 0 0 0 0 0
177 Q 245 286 244 167 0 0 0 0 0 0
177 Q 1045 876 3 899 0 0 0 0 0 0
177 Q 1 375 1143 357 0 0 0 0 0 0
177 Q 1145 409 286 387 0 0 0 0 0 0
177 Q 282 1028 282 1028 0 0 0 0 0 0
177 Q 448 16 446 1 0 0 0 0 0 0
177 Q 360 16 370 66 0 0 0 0 0 0
177 Q 710 1 738 287 0 1 0 0 0 -1
177 Q 1107 1 1101 69 0 1 0 0 0 -1
177 Q 52 867 1102 896 0 0 0 0 0 0
177 Q 210 1104 211 5 0 0 0 0 0 0
177 Q 1233 171 1243 173 0 0 0 0 0 0
177 Q 18 513 301 547 0 0 1 0 0 0
177 Q 288 1196 38 1190 0 0 0 0 0 0
177 Q 1143 641 38 598 0 0 0 0 0 0
177 Q 657 0 660 2 0 0 0 0 0 0
177 Q 1103 954 0 969 0 0 0 0 0 0
177 Q 25 519 68 557 0 0 0 0 0 0
177 Q 1246 747 1261 695 0 0 0 0 0 0
177 Q 1272 9 1273 8 0 0 0 0 -1 0
177 Q 1 1270 1 1270 0 0 0 0 0 0
177 Q 1000 68 981 1 0 0 0 0 0 0
177 Q 1 852 25 838 0 0 0 0 0 0
177 Q 229 296 215 53 0 0 0 0 0 0
177 Q 1139 245 294 244 0 0 0 0 0 0
177 Q 1133 1 1134 16 0 1 0 0 0 -1
177 Q 31 483 40 485 0 0 0 0 0 0
177 Q 129 40 131 1227 0 0 0 0 0 0
177 Q 720 299 753 23 0 0 0 0 0 0
177 Q 288 224 66 218 0 0 0 0 0 0
177 Q 1267 490 1273 528 0 0 0 0 0 0
177 Q 632 1200 597 1141 0 0 0 0 0 0
177 Q 407 1043 389 0 0 0 0 0 0 0
177 Q 1250 1197 7 1190 0 0 0 0 0 0
177 Q 6 39 7 38 0 0 0 0 0 0
177 Q 385 3 385 3 0 0 0 0 0 0
177 Q 540 1230 502 1029 0 0 0 0 0 0
177 Q 1144 136 35 122 0 0 0 0 0 0
177 Q 35 464 39 462 0 0 0 0 0 0
177 Q 23 1115 151 1113 0 0 0 0 0 0
177 Q 34 884 1 859 0 0 0 0 0 0
177 Q 108 25 106 34 0 0 0 0 0 0
177 Q 1205 532 1103 494 0 0 0 0 0 0
177 Q 117 1102 112 1165 0 0 0 0 0 0
177 Q 28 586 33 635 0 0 1 0 0 0
177 Q 41 480 42 478 0 0 0 0 0 0
177 Q 33 281 17 279 0 0 0 0 0 0
177 Q 1081 1029 1082 1242 0 0 0 0 0 0
177 H 45 5 3 45 45 5 0 0 0 0 0 0 0 0 0 0
