0
0 d=206
0
206 A 5 0 0 2 0 -2
206 A 6 0 3 2 -3 -2
206 A 6 0 3 1 -3 -1
206 A 7 0 0 3 0 -3
206 A 9 0 0 1 0 -1
206 A 10 0 5 3 -5 -3
206 A 10 0 5 2 -5 -2
206 A 11 0 0 2 0 -2
206 A 12 0 3 2 -3 -2
206 A 12 0 -3 2 3 -2
206 A 14 0 7 4 -7 -4
206 A 14 0 7 3 -7 -3
206 A -1 1 91 0 -91 0
206 A 1 1 91 0 -91 0
206 A -2 1 69 1 -69 -1
206 A -2 1 41 0 -41 0
206 A -2 1 29 0 -29 0
206 A 2 1 41 0 -41 0
206 A 2 1 29 0 -29 0
206 A 2 1 -69 1 69 -1
206 A -3 1 41 1 -41 -1
206 A 3 1 -41 1 41 -1
206 A 15 0 0 7 0 -7
206 A 15 0 0 2 0 -2
206 A -5 1 38 1 -38 -1
206 A -5 1 29 1 -29 -1
206 A -5 1 66 2 -66 -2
206 A 5 1 -66 2 66 -2
206 A 5 1 -29 1 29 -1
206 A 5 1 -38 1 38 -1
206 A -7 1 16 0 -16 0
206 A 7 1 16 0 -16 0
206 A -10 1 25 1 -25 -1
206 A 10 1 -25 1 25 -1
206 A 18 0 9 8 -9 -8
206 A 20 0 5 2 -5 -2
206 A 20 0 -5 2 5 -2
206 A 21 0 0 10 0 -10
206 A -16 1 27 1 -27 -1
206 A 16 1 -27 1 27 -1
206 A 22 0 11 2 -11 -2
206 A 24 0 3 4 -3 -4
206 A 24 0 -3 4 3 -4
206 A -22 1 25 3 -25 -3
206 A 22 1 -25 3 25 -3
206 A 28 0 7 10 -7 -10
206 A 28 0 -7 10 7 -10
206 A 0 2 205 0 -205 0
206 A -4 2 41 0 -41 0
206 A -4 2 29 0 -29 0
206 A -4 2 71 0 -71 0
206 A 4 2 71 0 -71 0
206 A 4 2 29 0 -29 0
206 A 4 2 41 0 -41 0
206 A -6 2 41 1 -41 -1
206 A 6 2 -41 1 41 -1
206 A 30 0 15 2 -15 -2
206 A -10 2 29 1 -29 -1
206 A -10 2 71 1 -71 -1
206 A 10 2 -71 1 71 -1
206 A 10 2 -29 1 29 -1
206 A 35 0 0 17 0 -17
206 A 5 0 0 1 0 1
206 A 10 0 5 1 5 1
206 A 17 0 0 3 0 3
206 A 19 0 0 5 0 5
206 A 31 0 0 13 0 13
206 A 53 0 0 16 0 16
206 A 71 0 0 9 0 9
206 A 85 0 0 14 0 14
206 A 95 0 0 24 0 24
206 A 101 0 0 50 0 50
206 A 4 0 1 1 1 -1
206 A 5 0 2 2 1 -1
206 A 5 0 -2 2 -1 -1
206 A 7 0 3 3 -3 3
206 A 7 0 3 1 -2 3
206 A 7 0 -3 1 2 3
206 A 7 0 2 2 -1 1
206 A 7 0 -2 2 1 1
206 A 7 0 1 2 1 -2
206 A 7 0 0 2 0 -1
206 A 8 0 3 3 3 -3
206 A 8 0 3 1 3 -1
206 A 8 0 1 3 1 -3
206 A 8 0 1 1 1 -1
206 A 9 0 3 4 3 2
206 A 9 0 3 1 3 -1
206 A 9 0 -3 2 -3 4
206 A 9 0 0 4 0 2
206 A 10 0 3 3 -1 1
206 A 10 0 -3 3 1 1
206 A 11 0 5 5 -1 1
206 A 11 0 5 4 5 -4
206 A 11 0 5 3 -3 4
206 A 11 0 5 2 3 1
206 A 11 0 -5 2 -3 1
206 A 11 0 -5 3 3 4
206 A 11 0 -5 5 1 1
206 A 11 0 4 5 1 -4
206 A 11 0 4 4 -4 4
206 A 11 0 4 2 -1 -5
206 A 11 0 4 1 -2 -5
206 A 11 0 -4 1 2 -5
206 A 11 0 -4 2 1 -5
206 A 11 0 -4 5 -1 -4
206 A 11 0 3 3 2 -2
206 A 11 0 3 2 1 3
206 A 11 0 -3 2 -1 3
206 A 11 0 -3 3 -2 -2
206 A 11 0 2 3 2 -3
206 A 11 0 2 1 -2 1
206 A 11 0 0 5 0 -3
206 A 11 0 0 4 0 -1
206 A 12 0 3 5 3 -5
206 A 12 0 3 1 3 -1
206 A 13 0 6 6 -2 2
206 A 13 0 6 5 6 -5
206 A 13 0 6 4 5 1
206 A 13 0 6 3 4 -2
206 A 13 0 6 2 -3 1
206 A 13 0 6 1 -4 5
206 A 13 0 -6 1 4 5
206 A 13 0 -6 2 3 1
206 A 13 0 -6 3 -4 -2
206 A 13 0 -6 4 -5 1
206 A 13 0 -6 6 2 2
206 A 13 0 5 6 -1 -4
206 A 13 0 5 5 -5 5
206 A 13 0 5 4 -3 5
206 A 13 0 5 3 3 6
206 A 13 0 5 2 2 -6
206 A 13 0 -5 2 -2 -6
206 A 13 0 -5 3 -3 6
206 A 13 0 -5 4 3 5
206 A 13 0 -5 6 1 -4
206 A 13 0 4 6 1 5
206 A 13 0 4 4 -3 3
206 A 13 0 4 3 2 5
206 A 13 0 4 1 -4 1
206 A 13 0 -4 3 -2 5
206 A 13 0 -4 4 3 3
206 A 13 0 -4 6 -1 5
206 A 13 0 3 4 -1 -3
206 A 13 0 3 2 -3 2
206 A 13 0 -3 4 1 -3
206 A 13 0 2 4 1 -2
206 A 13 0 2 3 2 -3
206 A 13 0 2 1 -1 -6
206 A 13 0 -2 1 1 -6
206 A 13 0 -2 4 -1 -2
206 A 13 0 1 1 1 -1
206 A 13 0 0 6 0 1
206 A 13 0 0 5 0 -4
206 A 13 0 0 3 0 2
206 A 14 0 5 5 1 -1
206 A 14 0 5 3 3 1
206 A 14 0 -5 3 -3 1
206 A 14 0 -5 5 -1 -1
206 A 14 0 3 3 -3 3
206 A 14 0 1 5 1 -5
206 A 14 0 7 5 7 1
206 A 0 1 101 0 -51 0
206 A 0 1 99 0 -77 0
206 A 0 1 97 0 -17 0
206 A 0 1 87 0 -45 0
206 A 0 1 85 0 63 0
206 A 0 1 79 0 73 0
206 A 0 1 61 0 27 0
206 A 0 1 57 0 -47 0
206 A 0 1 55 0 -15 0
206 A 0 1 53 0 -35 0
206 A 0 1 49 0 21 0
206 A 0 1 33 0 -25 0
206 A -1 1 95 0 61 0
206 A -1 1 86 0 -65 0
206 A -1 1 73 0 17 0
206 A -1 1 71 0 -35 0
206 A -1 1 70 0 68 0
206 A -1 1 67 0 -34 0
206 A -1 1 64 0 -55 0
206 A -1 1 47 0 22 0
206 A -1 1 37 0 -28 0
206 A 1 1 95 0 61 0
206 A 1 1 86 0 -65 0
206 A 1 1 73 0 17 0
206 A 1 1 71 0 -35 0
206 A 1 1 70 0 68 0
206 A 1 1 67 0 -34 0
206 A 1 1 64 0 -55 0
206 A 1 1 47 0 22 0
206 A 1 1 37 0 -28 0
206 A -2 1 101 1 51 1
206 A -2 1 99 1 77 1
206 A -2 1 87 1 -57 -1
206 A -2 1 81 1 43 0
206 A -2 1 71 1 23 0
206 A -2 1 65 1 47 0
206 A -2 1 59 1 -31 0
206 A -2 1 37 0 17 0
206 A 2 1 47 0 65 -1
206 A 2 1 43 0 81 -1
206 A 2 1 37 0 17 0
206 A 2 1 31 0 -59 1
206 A 2 1 23 0 71 -1
206 A 2 1 -51 1 -101 1
206 A 2 1 -57 1 87 -1
206 A 2 1 -77 1 -99 1
206 A -3 1 91 1 16 0
206 A -3 1 85 1 -22 0
206 A -3 1 76 1 -46 -1
206 A -3 1 64 1 74 1
206 A -3 1 61 1 -81 -1
206 A -3 1 55 1 60 1
206 A -3 1 28 0 23 0
206 A -3 1 35 1 -17 0
206 A -3 1 38 1 -21 0
206 A -3 1 84 1 39 1
206 A -3 1 54 1 -80 -1
206 A -3 1 86 1 -29 0
206 A 3 1 -91 1 -16 0
206 A 3 1 -85 1 22 0
206 A 3 1 -76 1 46 -1
206 A 3 1 28 0 23 0
206 A 3 1 17 0 -35 1
206 A 3 1 29 0 -86 1
206 A 3 1 -38 1 21 0
206 A 3 1 -74 1 -64 1
206 A 3 1 -80 1 54 -1
206 A 3 1 -84 1 -39 1
206 A 3 1 -81 1 61 -1
206 A 3 1 -60 1 -55 1
206 A -4 1 31 1 19 0
206 A -4 1 43 1 77 2
206 A -4 1 95 2 -89 -2
206 A -4 1 99 2 -79 -1
206 A -4 1 75 1 55 1
206 A -4 1 67 1 25 0
206 A -4 1 63 1 49 1
206 A -4 1 23 0 -25 -1
206 A -4 1 37 1 -61 -1
206 A -4 1 45 1 73 1
206 A 4 1 25 0 67 -1
206 A 4 1 -25 1 23 0
206 A 4 1 -37 1 61 -1
206 A 4 1 -45 1 -73 1
206 A 4 1 -49 1 -63 1
206 A 4 1 -77 2 -43 1
206 A 4 1 -89 2 95 -2
206 A 4 1 19 0 31 -1
206 A 4 1 -55 1 -75 1
206 A 4 1 -79 1 99 -2
206 A 15 0 6 4 -3 2
206 A 15 0 6 1 -3 -7
206 A 15 0 -6 1 3 -7
206 A 15 0 -6 4 3 2
206 A -5 1 93 2 64 2
206 A -5 1 73 2 59 1
206 A -5 1 63 2 -19 0
206 A -5 1 63 1 -17 0
206 A -5 1 48 1 56 1
206 A -5 1 33 1 69 2
206 A -5 1 27 1 -60 -1
206 A -5 1 32 1 -20 -1
206 A -5 1 72 2 -26 -1
206 A -5 1 94 2 -20 0
206 A -5 1 21 1 -70 -2
206 A -5 1 36 1 -57 -1
206 A -5 1 90 2 -62 -1
206 A -5 1 85 2 -97 -2
206 A -5 1 75 2 -96 -2
206 A -5 1 45 1 87 2
206 A -5 1 35 1 -47 -1
206 A -5 1 91 2 16 0
206 A 5 1 -93 2 -64 2
206 A 5 1 -63 1 17 0
206 A 5 1 -48 1 -56 1
206 A 5 1 -27 1 60 -1
206 A 5 1 -32 1 20 -1
206 A 5 1 -47 1 35 -1
206 A 5 1 -57 1 36 -1
206 A 5 1 -62 1 90 -2
206 A 5 1 -72 2 26 -1
206 A 5 1 -87 2 -45 1
206 A 5 1 -97 2 85 -2
206 A 5 1 -94 2 20 0
206 A 5 1 -59 1 -73 2
206 A 5 1 19 0 -63 2
206 A 5 1 16 0 91 -2
206 A 5 1 -21 1 70 -2
206 A 5 1 -96 2 75 -2
206 A 5 1 -69 2 -33 1
206 A -6 1 93 3 91 3
206 A -6 1 75 2 77 2
206 A -6 1 63 2 -59 -2
206 A -6 1 51 2 -61 -2
206 A -6 1 51 1 -17 0
206 A -6 1 45 1 -19 0
206 A -6 1 39 1 37 1
206 A -6 1 33 1 25 1
206 A -6 1 15 1 17 1
206 A -6 1 83 3 97 3
206 A -6 1 53 2 55 2
206 A -6 1 53 1 35 1
206 A -6 1 23 1 19 1
206 A 6 1 -77 2 -75 2
206 A 6 1 -53 1 -35 1
206 A 6 1 17 0 -51 1
206 A 6 1 19 0 -45 1
206 A 6 1 -19 1 -23 1
206 A 6 1 -25 1 -33 1
206 A 6 1 -37 1 -39 1
206 A 6 1 -55 2 -53 2
206 A 6 1 -61 2 51 -2
206 A 6 1 -91 3 -93 3
206 A 6 1 -97 3 -83 3
206 A 6 1 -17 1 -15 1
206 A 6 1 -59 2 63 -2
206 A -7 1 82 3 -45 -1
206 A -7 1 75 2 85 3
206 A -7 1 19 1 42 1
206 A -7 1 12 1 -73 -3
206 A -7 1 44 2 -15 -1
206 A -7 1 86 3 91 3
206 A -7 1 92 3 74 2
206 A -7 1 57 2 65 2
206 A -7 1 22 1 -37 -1
206 A -7 1 83 3 62 2
206 A -7 1 53 2 -97 -3
206 A -7 1 46 1 -63 -2
206 A -7 1 42 2 -34 -1
206 A 7 1 -75 2 -85 3
206 A 7 1 -37 1 22 -1
206 A 7 1 -44 2 15 -1
206 A 7 1 -65 2 -57 2
206 A 7 1 -86 3 -91 3
206 A 7 1 -92 3 -74 2
206 A 7 1 -34 1 42 -2
206 A 7 1 -62 2 -83 3
206 A 7 1 -97 3 53 -2
206 A 7 1 -46 1 63 -2
206 A 7 1 -45 1 82 -3
206 A 7 1 -73 3 12 -1
206 A 7 1 -42 1 -19 1
206 A 16 0 7 5 7 -5
206 A 16 0 7 3 7 -3
206 A 16 0 5 5 -3 3
206 A 16 0 5 3 -3 5
206 A 16 0 -5 3 3 5
206 A 16 0 -5 5 3 3
206 A 16 0 1 7 1 -7
206 A -8 1 21 1 89 4
206 A -8 1 45 2 -23 -1
206 A -8 1 89 3 35 1
206 A -8 1 73 3 -79 -3
206 A -8 1 57 2 -29 -1
206 A -8 1 9 1 95 4
206 A -8 1 15 1 -39 -1
206 A -8 1 87 4 -43 -2
206 A -8 1 55 2 11 1
206 A 8 1 -11 1 -55 2
206 A 8 1 -35 1 -89 3
206 A 8 1 -43 2 87 -4
206 A 8 1 -21 1 -89 4
206 A 8 1 -29 1 57 -2
206 A 8 1 -45 2 23 -1
206 A 8 1 -15 1 39 -1
206 A 8 1 -79 3 73 -3
206 A 8 1 -95 4 -9 1
206 A -9 1 85 4 -75 -3
206 A -9 1 76 3 30 1
206 A -9 1 58 2 -25 -1
206 A -9 1 49 2 -21 -1
206 A -9 1 93 4 -62 -3
206 A -9 1 84 3 79 3
206 A -9 1 33 2 36 1
206 A -9 1 11 1 34 1
206 A -9 1 43 2 -53 -3
206 A -9 1 88 4 54 3
206 A -9 1 82 4 -63 -3
206 A -9 1 44 2 -89 -4
206 A 9 1 -76 3 -30 1
206 A 9 1 -58 2 25 -1
206 A 9 1 -49 2 21 -1
206 A 9 1 -93 4 62 -3
206 A 9 1 -84 3 -79 3
206 A 9 1 -75 3 85 -4
206 A 9 1 -33 2 -36 1
206 A 9 1 -34 1 -11 1
206 A 9 1 -43 2 53 -3
206 A 9 1 -88 4 -54 3
206 A 9 1 -44 2 89 -4
206 A 9 1 -63 3 82 -4
206 A 17 0 -8 2 2 -8
206 A 17 0 -8 4 -7 5
206 A 17 0 -8 7 -1 -3
206 A 17 0 -7 2 4 6
206 A 17 0 -7 3 -7 -3
206 A 17 0 -7 6 -5 3
206 A 17 0 -6 5 6 5
206 A 17 0 -6 7 -3 5
206 A 17 0 -5 2 -5 -2
206 A 17 0 -5 6 -1 -8
206 A 17 0 -5 7 -3 6
206 A 17 0 -4 2 3 -7
206 A 17 0 -4 5 -2 6
206 A 17 0 -4 6 7 2
206 A 17 0 -3 3 2 2
206 A 17 0 -3 8 3 8
206 A 17 0 -2 2 3 3
206 A 17 0 -2 4 1 2
206 A 17 0 -1 2 2 4
206 A 17 0 -1 3 -8 -7
206 A 17 0 -1 4 -1 -4
206 A 17 0 -1 8 -5 -6
206 A 17 0 0 2 0 -4
206 A 17 0 2 6 4 5
206 A 17 0 2 8 -8 -2
206 A 17 0 3 5 6 7
206 A 17 0 3 6 5 7
206 A 17 0 3 7 -4 -2
206 A 17 0 5 3 7 6
206 A 17 0 7 5 8 4
206 A -10 1 33 2 87 4
206 A -10 1 73 4 -45 -2
206 A -10 1 93 5 -77 -3
206 A -10 1 27 1 -61 -3
206 A -10 1 47 2 97 4
206 A -10 1 19 1 -65 -3
206 A 10 1 -61 3 27 -1
206 A 10 1 -65 3 19 -1
206 A 10 1 -45 2 73 -4
206 A 10 1 -97 4 -47 2
206 A 10 1 -87 4 -33 2
206 A 10 1 -77 3 93 -5
206 A 18 0 3 8 3 -8
206 A 18 0 3 4 3 2
206 A 18 0 -3 2 -3 4
206 A 18 0 1 3 -1 3
206 A 18 0 9 7 9 5
206 A 18 0 9 4 9 2
206 A -11 1 81 4 23 1
206 A -11 1 70 3 -83 -4
206 A -11 1 26 1 31 2
206 A -11 1 15 1 55 3
206 A -11 1 62 4 -90 -5
206 A -11 1 34 2 -91 -5
206 A -11 1 97 5 -49 -2
206 A -11 1 20 1 72 4
206 A -11 1 17 1 24 1
206 A -11 1 82 5 -52 -2
206 A -11 1 30 2 33 1
206 A -11 1 63 4 33 2
206 A -11 1 11 1 71 3
206 A -11 1 27 1 32 1
206 A 11 1 -81 4 -23 1
206 A 11 1 -70 3 83 -4
206 A 11 1 -26 1 -31 2
206 A 11 1 -62 4 90 -5
206 A 11 1 -32 1 -27 1
206 A 11 1 -97 5 49 -2
206 A 11 1 -20 1 -72 4
206 A 11 1 -24 1 -17 1
206 A 11 1 -71 3 -11 1
206 A 11 1 -82 5 52 -2
206 A 11 1 -30 2 -33 1
206 A 11 1 -63 4 -33 2
206 A 11 1 -55 3 -15 1
206 A 11 1 -91 5 34 -2
206 A -12 1 91 6 37 3
206 A -12 1 31 1 -33 -2
206 A -12 1 57 3 83 5
206 A -12 1 61 4 37 2
206 A -12 1 25 1 -75 -4
206 A 12 1 -57 3 -83 5
206 A 12 1 -75 4 25 -1
206 A 12 1 -37 2 -61 4
206 A 12 1 -37 3 -91 6
206 A 12 1 -33 2 31 -1
206 A 19 0 9 7 1 -5
206 A 19 0 9 6 -6 4
206 A 19 0 9 5 8 4
206 A 19 0 9 4 -2 3
206 A 19 0 -9 4 2 3
206 A 19 0 -9 5 -8 4
206 A 19 0 -9 6 6 4
206 A 19 0 -9 7 -1 -5
206 A 19 0 8 5 -1 3
206 A 19 0 -8 5 1 3
206 A 19 0 7 6 -6 -3
206 A 19 0 7 4 -7 4
206 A 19 0 -7 6 6 -3
206 A 19 0 5 7 3 -8
206 A 19 0 5 6 -2 -9
206 A 19 0 5 2 4 6
206 A 19 0 -5 2 -4 6
206 A 19 0 -5 6 2 -9
206 A 19 0 -5 7 -3 -8
206 A 19 0 4 2 -1 -9
206 A 19 0 -4 2 1 -9
206 A 19 0 3 3 -3 3
206 A 19 0 3 2 1 -7
206 A 19 0 -3 2 -1 -7
206 A 19 0 0 9 0 7
206 A -13 1 92 5 -30 -1
206 A -13 1 88 6 -35 -2
206 A -13 1 49 4 -13 -1
206 A -13 1 23 2 98 6
206 A -13 1 34 3 61 4
206 A -13 1 33 2 -50 -3
206 A -13 1 43 3 19 1
206 A -13 1 91 6 45 2
206 A 13 1 -92 5 30 -1
206 A 13 1 -45 2 -91 6
206 A 13 1 -19 1 -43 3
206 A 13 1 -33 2 50 -3
206 A 13 1 -98 6 -23 2
206 A 13 1 -35 2 88 -6
206 A 13 1 -61 4 -34 3
206 A 13 1 -13 1 49 -4
206 A 20 0 9 9 -7 7
206 A 20 0 -9 9 7 7
206 A 20 0 7 2 1 -6
206 A 20 0 -7 2 -1 -6
206 A 20 0 5 7 5 -7
206 A -14 1 63 4 -69 -4
206 A -14 1 83 6 -37 -2
206 A -14 1 89 7 -29 -1
206 A 14 1 -69 4 63 -4
206 A 14 1 -29 1 89 -7
206 A 14 1 -37 2 83 -6
206 A -15 1 62 5 76 5
206 A -15 1 20 2 91 6
206 A -15 1 74 6 53 4
206 A -15 1 87 6 26 2
206 A -15 1 42 4 -56 -5
206 A -15 1 97 7 17 1
206 A 15 1 -17 1 -97 7
206 A 15 1 -62 5 -76 5
206 A 15 1 -91 6 -20 2
206 A 15 1 -74 6 -53 4
206 A 15 1 -87 6 -26 2
206 A 15 1 -56 5 42 -4
206 A 21 0 9 5 6 -8
206 A 21 0 -9 5 -6 -8
206 A 21 0 0 8 0 -2
206 A -16 1 53 3 -103 -7
206 A -16 1 21 2 29 2
206 A 16 1 -103 7 53 -3
206 A 16 1 -29 2 -21 2
206 A 22 0 3 9 1 -3
206 A 22 0 -3 9 -1 -3
206 A -17 1 86 6 89 7
206 A -17 1 35 3 -100 -8
206 A -17 1 73 5 -13 -2
206 A -17 1 17 1 63 4
206 A 17 1 -86 6 -89 7
206 A 17 1 -73 5 13 -2
206 A 17 1 -63 4 -17 1
206 A 17 1 -100 8 35 -3
206 A 23 0 -11 6 5 9
206 A 23 0 -11 8 1 7
206 A 23 0 -10 5 -6 -3
206 A 23 0 -9 7 1 11
206 A 23 0 -7 4 3 5
206 A 23 0 -7 5 7 5
206 A 23 0 -6 3 -10 -5
206 A 23 0 -6 9 6 9
206 A 23 0 -5 4 -2 3
206 A 23 0 -5 9 11 6
206 A 23 0 -3 5 7 4
206 A 23 0 -3 10 3 10
206 A 23 0 -2 11 -1 6
206 A 23 0 -1 7 11 8
206 A 23 0 -1 11 9 7
206 A 23 0 1 6 2 11
206 A 23 0 2 3 5 4
206 A -18 1 37 3 45 3
206 A -18 1 19 1 -25 -1
206 A -18 1 103 8 -49 -3
206 A 18 1 -49 3 103 -8
206 A 18 1 -25 1 19 -1
206 A 18 1 -37 3 -45 3
206 A -19 1 100 9 -41 -5
206 A -19 1 17 2 58 4
206 A -19 1 94 9 35 3
206 A -19 1 83 8 57 5
206 A 19 1 -100 9 41 -5
206 A 19 1 -17 2 -58 4
206 A 19 1 -83 8 -57 5
206 A 19 1 -35 3 -94 9
206 A 25 0 -12 3 -6 11
206 A 25 0 -12 8 4 11
206 A 25 0 -5 11 5 11
206 A 25 0 -4 11 12 8
206 A 25 0 6 11 12 3
206 A -21 1 99 10 25 2
206 A -21 1 78 8 -66 -6
206 A -21 1 53 4 22 3
206 A -21 1 79 9 71 8
206 A -21 1 21 1 35 2
206 A 21 1 -99 10 -25 2
206 A 21 1 -53 4 -22 3
206 A 21 1 -35 2 -21 1
206 A 21 1 -66 6 78 -8
206 A 21 1 -71 8 -79 9
206 A 26 0 13 9 13 5
206 A -22 1 25 1 -103 -10
206 A 22 1 -103 10 25 -1
206 A 27 0 -6 8 -6 10
206 A 27 0 6 8 6 10
206 A -23 1 57 7 26 4
206 A -23 1 32 4 96 10
206 A -23 1 38 6 -25 -2
206 A -23 1 28 3 59 6
206 A -23 1 96 11 -47 -4
206 A 23 1 -59 6 -28 3
206 A 23 1 -38 6 25 -2
206 A 23 1 -96 10 -32 4
206 A 23 1 -47 4 96 -11
206 A 23 1 -26 4 -57 7
206 A -24 1 37 4 -27 -5
206 A -24 1 85 10 -29 -2
206 A -24 1 87 10 7 2
206 A 24 1 -27 5 37 -4
206 A 24 1 -7 2 -87 10
206 A 24 1 -29 2 85 -10
206 A 28 0 13 9 13 -9
206 A 28 0 9 2 -1 -6
206 A 28 0 -9 2 1 -6
206 A 0 2 -133 1 79 -1
206 A 0 2 -129 1 107 -1
206 A 0 2 -101 1 51 -1
206 A 0 2 -99 1 77 -1
206 A -2 2 69 1 67 1
206 A 2 2 -67 1 -69 1
206 A -25 1 66 10 21 2
206 A -25 1 96 11 -6 -2
206 A -25 1 83 9 -43 -4
206 A 25 1 -66 10 -21 2
206 A 25 1 -96 11 6 -2
206 A 25 1 -83 9 43 -4
206 A -3 2 141 2 -39 -1
206 A -3 2 134 0 -185 -1
206 A 3 2 -185 1 134 0
206 A 3 2 -39 1 141 -2
206 A -4 2 145 2 31 0
206 A -4 2 105 2 127 2
206 A -4 2 101 0 79 0
206 A -4 2 89 0 147 2
206 A -4 2 53 0 103 0
206 A -4 2 123 2 -43 0
206 A 4 2 103 0 53 0
206 A 4 2 79 0 101 0
206 A 4 2 43 0 -123 2
206 A 4 2 31 0 145 -2
206 A 4 2 89 0 147 -2
206 A 4 2 -105 2 -127 2
206 A 29 0 14 11 -9 5
206 A 29 0 14 10 5 13
206 A 29 0 -14 10 -5 13
206 A 29 0 -14 11 9 5
206 A 29 0 10 5 -10 5
206 A 29 0 7 3 -2 5
206 A 29 0 -7 3 2 5
206 A 29 0 4 13 -4 13
206 A 29 0 0 11 0 -7
206 A -5 2 70 1 -41 0
206 A 5 2 41 0 -70 1
206 A -6 2 139 3 135 1
206 A -6 2 125 1 -39 -1
206 A 6 2 -135 1 -139 3
206 A 6 2 -39 1 125 -1
206 A -8 2 31 0 -43 0
206 A 8 2 31 0 -43 0
206 A 30 0 9 14 3 -8
206 A 30 0 -9 14 -3 -8
206 A -10 2 85 3 149 3
206 A -10 2 27 1 151 3
206 A 10 2 -149 3 -85 3
206 A 10 2 -151 3 -27 1
206 A -27 1 15 3 62 6
206 A -27 1 87 12 -10 -3
206 A 27 1 -62 6 -15 3
206 A 27 1 -87 12 10 -3
206 A 31 0 15 8 -10 -5
206 A 31 0 -15 8 10 -5
206 A 31 0 11 5 -11 5
206 A -12 2 187 5 183 5
206 A 12 2 -187 5 -183 5
206 A -14 2 117 5 45 1
206 A -14 2 109 4 53 2
206 A 14 2 -45 1 -117 5
206 A 14 2 -53 2 -109 4
206 A -29 1 39 8 -27 -2
206 A -29 1 51 7 24 5
206 A -29 1 25 5 69 11
206 A -29 1 70 11 50 7
206 A 29 1 -39 8 27 -2
206 A 29 1 -51 7 -24 5
206 A 29 1 -50 7 -70 11
206 A 29 1 -69 11 -25 5
206 A -16 2 187 8 -55 -2
206 A 16 2 -55 2 187 -8
206 A 33 0 0 16 0 8
206 A -18 2 97 3 -143 -7
206 A 18 2 -97 3 143 -7
206 A -31 1 101 15 -45 -5
206 A 31 1 -101 15 45 -5
206 A 37 0 -12 6 1 -18
206 A 37 0 1 18 -12 -6
206 A -35 1 99 17 23 6
206 A 35 1 -23 6 -99 17
206 A -37 1 47 6 -71 -9
206 A 37 1 -71 9 47 -6
206 A 49 0 -24 4 24 4
206 A 61 0 24 6 -24 6
206 A 73 0 18 9 -18 9
206 A 79 0 -39 10 39 10
206 A 97 0 48 24 -48 24
206 S 4 4 9 0
206 S 2 2 9 0
206 S 1 1 9 0
206 S 4 3 10 0
206 S -2 1 10 0
206 S -3 2 7 0
206 S 2 1 7 0
206 S -1 3 7 0
206 S 5 1 11 0
206 S 4 3 11 0
206 S 3 5 11 0
206 S -2 4 11 0
206 S -1 2 11 0
206 S -6 3 14 0
206 S 4 5 14 0
206 S -2 1 14 0
206 S 2 1 5 0
206 S -1 2 5 0
206 S 7 1 15 0
206 S 4 7 15 0
206 S -2 4 15 0
206 S -1 2 15 0
206 S 2 1 6 0
206 S -2 1 6 0
206 S -7 1 15 0
206 S -4 7 15 0
206 S 2 4 15 0
206 S 1 2 15 0
206 S -2 1 5 0
206 S 1 2 5 0
206 S 6 3 14 0
206 S -4 5 14 0
206 S 2 1 14 0
206 S -5 1 11 0
206 S -4 3 11 0
206 S -3 5 11 0
206 S 2 4 11 0
206 S 1 2 11 0
206 S 3 2 7 0
206 S -2 1 7 0
206 S 1 3 7 0
206 S -4 3 10 0
206 S 2 1 10 0
206 S -4 4 9 0
206 S -2 2 9 0
206 S -1 1 9 0
206 T 949 1188 1605 0 0
206 T 1621 1210 915 0 0
206 T 1323 1490 951 0 0
206 T 1490 69 1188 0 0
206 T 1554 1187 1455 0 0
206 T 1542 1564 1214 0 0
206 T 1555 1540 1188 0 0
206 T 304 2212 2197 0 0
206 T 2199 1550 222 0 0
206 T 1438 1456 1550 0 0
206 T 1508 132 1441 0 0
206 T 1521 1505 1512 0 0
206 T 1474 1482 1460 0 0
206 T 1538 1534 1524 0 0
206 T 1521 1503 1515 0 0
206 T 1516 1435 1447 0 0
206 T 1469 1485 1528 0 0
206 T 1434 1493 1531 0 0
206 T 1436 2214 224 0 0
206 T 452 695 854 0 0
206 T 852 170 390 0 0
206 T 388 352 454 0 0
206 T 435 448 409 0 0
206 T 467 456 471 0 0
206 T 331 374 330 0 0
206 T 346 374 348 0 0
206 T 428 400 472 0 0
206 T 343 419 353 0 0
206 T 408 376 420 0 0
206 T 405 369 473 0 0
206 T 429 395 423 0 0
206 T 466 471 452 0 0
206 T 389 338 382 0 0
206 T 476 443 463 0 0
206 T 441 425 451 0 0
206 T 397 361 351 0 0
206 T 368 324 445 0 0
206 T 334 416 360 0 0
206 T 427 413 397 0 0
206 T 335 345 377 0 0
206 T 403 460 365 0 0
206 T 359 436 337 0 0
206 T 439 327 367 0 0
206 T 341 385 457 0 0
206 T 412 380 406 0 0
206 T 435 476 445 0 0
206 T 387 394 358 0 0
206 T 352 168 695 0 0
206 T 2311 1931 88 0 0
206 T 1881 2332 87 0 0
206 T 985 961 1015 0 0
206 T 967 981 977 0 0
206 T 1003 1009 957 0 0
206 T 971 1004 990 0 0
206 T 1025 1018 973 0 0
206 T 1013 1365 166 0 0
206 T 167 1336 990 0 0
206 T 1382 10 995 0 0
206 T 178 1343 1004 0 0
206 T 654 1367 961 0 0
206 T 636 993 1370 0 0
206 T 991 37 1340 0 0
206 T 1005 639 1339 0 0
206 T 411 620 221 0 0
206 T 223 1351 433 0 0
206 T 1351 622 448 0 0
206 T 933 2146 985 0 0
206 T 898 955 935 0 0
206 T 931 902 949 0 0
206 T 927 906 914 0 0
206 T 895 923 887 0 0
206 T 891 910 917 0 0
206 T 963 418 896 0 0
206 T 659 567 1544 0 0
206 T 1546 805 288 0 0
206 T 290 1728 657 0 0
206 T 1728 807 567 0 0
206 T 2164 2632 288 0 0
206 T 290 1281 589 0 0
206 T 591 93 2166 0 0
206 T 601 1452 671 0 0
206 T 1918 840 603 0 0
206 T 598 831 1909 0 0
206 T 669 2116 1916 0 0
206 T 840 2118 1452 0 0
206 T 871 202 1344 0 0
206 T 1346 554 1809 0 0
206 T 1811 1056 869 0 0
206 T 1056 552 202 0 0
206 T 2711 2677 2659 0 0
206 T 2700 126 2709 0 0
206 T 2657 511 2702 0 0
206 T 126 509 2677 0 0
206 T 2284 2154 1893 0 0
206 T 2154 2443 1951 0 0
206 T 1949 727 1895 0 0
206 T 727 2441 2286 0 0
206 T 159 128 153 0 0
206 T 1104 1508 155 0 0
206 T 1443 1055 157 0 0
206 T 20 1966 1595 0 0
206 T 1165 1688 21 0 0
206 T 1593 1478 1167 0 0
206 T 1170 1577 1478 0 0
206 T 1595 1545 1138 0 0
206 T 1499 1167 71 0 0
206 T 1688 1476 1966 0 0
206 T 1405 916 170 0 0
206 T 947 10 1424 0 0
206 T 175 1387 890 0 0
206 T 169 1413 952 0 0
206 T 168 761 316 0 0
206 T 318 1473 1407 0 0
206 T 1473 763 916 0 0
206 T 579 1183 663 0 0
206 T 677 1165 569 0 0
206 T 811 975 577 0 0
206 T 824 977 568 0 0
206 T 1622 811 661 0 0
206 T 1609 676 824 0 0
206 T 975 1622 1183 0 0
206 T 1166 979 1609 0 0
206 T 543 471 311 0 0
206 T 309 458 1639 0 0
206 T 1637 467 541 0 0
206 T 2163 2075 544 0 0
206 T 2097 2149 546 0 0
206 T 2186 2556 1061 0 0
206 T 2552 2172 1124 0 0
206 T 1476 1077 745 0 0
206 T 747 1952 1168 0 0
206 T 77 1140 767 0 0
206 T 1952 1079 1577 0 0
206 T 720 245 320 0 0
206 T 418 757 722 0 0
206 T 243 305 245 0 0
206 T 230 315 256 0 0
206 T 294 311 276 0 0
206 T 282 313 252 0 0
206 T 278 274 244 0 0
206 T 307 231 255 0 0
206 T 242 268 264 0 0
206 T 262 238 250 0 0
206 T 262 235 232 0 0
206 T 285 301 292 0 0
206 T 266 309 288 0 0
206 T 290 300 299 0 0
206 T 757 323 241 0 0
206 T 368 2177 1933 0 0
206 T 2105 1597 370 0 0
206 T 1935 2287 2107 0 0
206 T 2287 2179 1597 0 0
206 T 1453 863 293 0 0
206 T 295 2219 1552 0 0
206 T 2219 861 1187 0 0
206 T 2615 2230 885 0 0
206 T 2496 1159 2613 0 0
206 T 887 2544 2498 0 0
206 T 1159 2546 2230 0 0
206 T 2507 2509 2493 0 0
206 T 2692 801 2495 0 0
206 T 2505 865 2691 0 0
206 T 1 867 801 0 0
206 T 1915 2499 2287 0 0
206 T 6 2380 2285 0 0
206 T 2499 2435 7 0 0
206 T 2380 2433 1913 0 0
206 T 979 1751 442 0 0
206 T 440 617 965 0 0
206 T 981 619 1751 0 0
206 T 1368 1585 248 0 0
206 T 250 1828 638 0 0
206 T 993 1830 1585 0 0
206 T 2341 2667 2301 0 0
206 T 1535 1272 2343 0 0
206 T 2303 2281 1533 0 0
206 T 1272 2283 2667 0 0
206 T 2001 2194 2113 0 0
206 T 2115 691 397 0 0
206 T 399 2038 2003 0 0
206 T 2038 689 2194 0 0
206 T 1314 256 1864 0 0
206 T 1866 313 1659 0 0
206 T 1657 230 1312 0 0
206 T 983 1498 1389 0 0
206 T 1391 203 881 0 0
206 T 883 591 981 0 0
206 T 591 201 1498 0 0
206 T 1343 2111 2687 0 0
206 T 2485 2268 1341 0 0
206 T 2111 2270 27 0 0
206 T 1764 949 432 0 0
206 T 583 931 1766 0 0
206 T 434 900 581 0 0
206 T 794 330 154 0 0
206 T 497 851 792 0 0
206 T 851 158 329 0 0
206 T 1612 2345 2359 0 0
206 T 1075 1612 1084 0 0
206 T 2357 2394 1086 0 0
206 T 1073 2392 2345 0 0
206 T 617 1972 712 0 0
206 T 714 838 297 0 0
206 T 299 1258 619 0 0
206 T 1258 836 1972 0 0
206 T 2734 2732 2734 1 0
206 T 2737 2739 2737 -1 0
206 T 1145 348 190 0 0
206 T 261 1229 1147 0 0
206 T 1229 189 344 0 0
206 T 216 1202 945 0 0
206 T 207 1193 920 0 0
206 T 1426 1261 218 0 0
206 T 1261 11 1202 0 0
206 T 1721 437 1666 0 0
206 T 1664 912 833 0 0
206 T 817 975 1723 0 0
206 T 130 817 835 0 0
206 T 2646 2425 23 0 0
206 T 2704 632 2644 0 0
206 T 22 2695 2706 0 0
206 T 632 2693 2425 0 0
206 T 694 487 205 0 0
206 T 213 489 741 0 0
206 T 1273 561 1819 0 0
206 T 357 1718 1275 0 0
206 T 1817 662 359 0 0
206 T 1718 660 561 0 0
206 T 676 1709 564 0 0
206 T 493 1469 2007 0 0
206 T 2005 517 464 0 0
206 T 466 602 495 0 0
206 T 602 519 1469 0 0
206 T 2509 2712 2718 0 0
206 T 2716 631 2694 0 0
206 T 682 1 631 0 0
206 T 2689 682 2712 0 0
206 T 4 472 524 0 0
206 T 526 402 998 0 0
206 T 996 428 5 0 0
206 T 355 723 9 0 0
206 T 8 758 341 0 0
206 T 814 2657 2343 0 0
206 T 2303 2663 812 0 0
206 T 2663 2665 2657 0 0
206 T 1400 331 191 0 0
206 T 260 1359 1402 0 0
206 T 328 1357 190 0 0
206 T 1757 1172 936 0 0
206 T 1998 2327 1759 0 0
206 T 938 2675 1996 0 0
206 T 2306 2644 2297 0 0
206 T 1461 1307 2304 0 0
206 T 2299 2258 1463 0 0
206 T 1307 2256 2644 0 0
206 T 2042 223 2249 0 0
206 T 2251 1527 1328 0 0
206 T 1330 1707 2040 0 0
206 T 1707 1525 223 0 0
206 T 1252 276 1399 0 0
206 T 1397 309 1163 0 0
206 T 1161 294 1254 0 0
206 T 5 711 1214 0 0
206 T 154 1233 697 0 0
206 T 1212 1223 1227 0 0
206 T 1206 1184 1202 0 0
206 T 1223 709 664 0 0
206 T 725 39 1235 0 0
206 T 1786 1820 1796 0 0
206 T 1787 1789 1809 0 0
206 T 1841 1857 1845 0 0
206 T 1839 1833 1853 0 0
206 T 134 1807 1779 0 0
206 T 1869 1857 1874 0 0
206 T 1875 1866 1854 0 0
206 T 1815 1795 1797 0 0
206 T 1820 1802 1782 0 0
206 T 667 2102 1798 0 0
206 T 2102 2130 2138 0 0
206 T 2136 641 1784 0 0
206 T 2206 291 1593 0 0
206 T 1136 804 2204 0 0
206 T 1450 241 1327 0 0
206 T 671 757 1448 0 0
206 T 1325 321 669 0 0
206 T 2216 937 2563 0 0
206 T 2561 1598 860 0 0
206 T 1184 1596 937 0 0
206 T 959 662 215 0 0
206 T 208 1016 676 0 0
206 T 213 1148 1001 0 0
206 T 218 994 1155 0 0
206 T 1148 660 1009 0 0
206 T 422 1680 621 0 0
206 T 222 1682 376 0 0
206 T 699 1097 1540 0 0
206 T 1212 1951 697 0 0
206 T 74 1234 727 0 0
206 T 1097 1949 1564 0 0
206 T 1516 1859 678 0 0
206 T 566 519 1518 0 0
206 T 1859 517 1709 0 0
206 T 1279 473 768 0 0
206 T 770 371 259 0 0
206 T 257 405 1277 0 0
206 T 1650 2127 1890 0 0
206 T 1888 1058 2223 0 0
206 T 2221 1209 1648 0 0
206 T 1209 1056 2127 0 0
206 T 1557 1848 944 0 0
206 T 1419 236 1559 0 0
206 T 946 686 1417 0 0
206 T 1406 686 889 0 0
206 T 898 1414 675 0 0
206 T 1386 41 917 0 0
206 T 236 684 1848 0 0
206 T 2539 958 2500 0 0
206 T 2368 2539 7 0 0
206 T 2502 2436 6 0 0
206 T 2370 2438 958 0 0
206 T 2052 1737 27 0 0
206 T 1770 2046 26 0 0
206 T 1 1770 1737 0 0
206 T 2046 1 2054 0 0
206 T 254 1710 1267 0 0
206 T 1265 1868 280 0 0
206 T 313 1870 1710 0 0
206 T 831 2 925 0 0
206 T 912 615 829 0 0
206 T 950 840 607 0 0
206 T 2 613 906 0 0
206 T 1514 1348 549 0 0
206 T 551 12 1523 0 0
206 T 1505 13 1348 0 0
206 T 2210 149 2148 0 0
206 T 2098 1074 2208 0 0
206 T 1074 547 149 0 0
206 T 474 3 529 0 0
206 T 531 500 1278 0 0
206 T 500 2 769 0 0
206 T 2549 2315 1438 0 0
206 T 1436 2592 2621 0 0
206 T 74 2594 2315 0 0
206 T 94 988 1340 0 0
206 T 1013 2376 1382 0 0
206 T 988 2571 2110 0 0
206 T 1356 153 1586 0 0
206 T 1584 793 189 0 0
206 T 1033 1331 196 0 0
206 T 2300 1526 1035 0 0
206 T 198 2248 2302 0 0
206 T 1443 1751 596 0 0
206 T 598 1844 1064 0 0
206 T 1066 2097 1441 0 0
206 T 2097 1846 1751 0 0
206 T 325 2047 1209 0 0
206 T 1789 1769 327 0 0
206 T 1211 26 1791 0 0
206 T 775 1219 431 0 0
206 T 421 150 773 0 0
206 T 1219 148 395 0 0
206 T 1546 827 2142 0 0
206 T 2140 994 1594 0 0
206 T 1139 992 827 0 0
206 T 1 1120 1067 0 0
206 T 162 160 162 -1 0
206 T 187 178 181 0 0
206 T 171 161 165 0 0
206 T 175 186 181 0 0
206 T 2429 2500 273 0 0
206 T 275 2616 2591 0 0
206 T 2589 1204 2431 0 0
206 T 1204 2618 2500 0 0
206 T 1794 1182 26 0 0
206 T 1737 364 1792 0 0
206 T 364 2052 1182 0 0
206 T 2488 2600 1816 0 0
206 T 1008 2654 2490 0 0
206 T 1818 858 1010 0 0
206 T 2654 856 2600 0 0
206 T 1056 1791 2254 0 0
206 T 2252 1787 871 0 0
206 T 826 1947 1591 0 0
206 T 1266 1945 676 0 0
206 T 1377 1460 1036 0 0
206 T 2 1474 1379 0 0
206 T 1038 1480 3 0 0
206 T 869 931 627 0 0
206 T 625 1488 202 0 0
206 T 1488 929 1346 0 0
206 T 1730 452 311 0 0
206 T 543 466 1728 0 0
206 T 1798 2485 248 0 0
206 T 250 1341 880 0 0
206 T 882 2270 1796 0 0
206 T 988 1536 739 0 0
206 T 737 316 165 0 0
206 T 1336 318 1536 0 0
206 T 589 299 179 0 0
206 T 177 1070 883 0 0
206 T 2408 1601 1013 0 0
206 T 1602 2421 953 0 0
206 T 271 382 1194 0 0
206 T 788 389 269 0 0
206 T 1192 336 790 0 0
206 T 497 1568 1591 0 0
206 T 1309 497 1293 0 0
206 T 708 714 734 0 0
206 T 698 719 736 0 0
206 T 699 727 729 0 0
206 T 396 1972 710 0 0
206 T 732 619 398 0 0
206 T 1785 2082 485 0 0
206 T 2458 239 1787 0 0
206 T 2082 237 2583 0 0
206 T 2063 1316 1759 0 0
206 T 1998 51 2061 0 0
206 T 2449 2604 1824 0 0
206 T 895 2639 2451 0 0
206 T 1826 788 893 0 0
206 T 2639 790 2604 0 0
206 T 1849 2425 1555 0 0
206 T 2069 188 1851 0 0
206 T 1553 2494 2071 0 0
206 T 188 2492 2425 0 0
206 T 860 1302 504 0 0
206 T 2291 1598 506 0 0
206 T 1537 1755 696 0 0
206 T 719 1753 991 0 0
206 T 2433 2368 884 0 0
206 T 7 2547 2368 0 0
206 T 2 1524 1130 0 0
206 T 1128 1532 1429 0 0
206 T 1431 1538 3 0 0
206 T 461 847 1897 0 0
206 T 1899 1514 478 0 0
206 T 1514 845 443 0 0
206 T 246 767 1243 0 0
206 T 1241 1906 276 0 0
206 T 274 1904 767 0 0
206 T 1024 569 20 0 0
206 T 1688 677 1026 0 0
206 T 449 149 964 0 0
206 T 618 151 425 0 0
206 T 1062 2079 1008 0 0
206 T 958 2077 275 0 0
206 T 0 2080 2095 0 0
206 T 2093 1797 491 0 0
206 T 649 598 1662 0 0
206 T 1657 603 647 0 0
206 T 1660 1307 336 0 0
206 T 338 1826 651 0 0
206 T 1826 1305 598 0 0
206 T 1221 1799 1042 0 0
206 T 1040 2101 709 0 0
206 T 2577 916 2126 0 0
206 T 2124 1386 2680 0 0
206 T 96 1384 916 0 0
206 T 955 2372 1427 0 0
206 T 2449 1041 1972 0 0
206 T 398 2102 2451 0 0
206 T 1694 1733 1724 0 0
206 T 1723 1697 1691 0 0
206 T 7 1158 1692 0 0
206 T 1726 570 6 0 0
206 T 1158 568 1733 0 0
206 T 1355 1748 1732 0 0
206 T 218 443 1353 0 0
206 T 1734 978 216 0 0
206 T 972 1690 209 0 0
206 T 1112 444 1809 0 0
206 T 1787 1176 1114 0 0
206 T 444 1178 1791 0 0
206 T 349 1008 1631 0 0
206 T 1629 1236 399 0 0
206 T 361 1238 1008 0 0
206 T 295 1638 668 0 0
206 T 863 600 1638 0 0
206 T 2090 2598 2228 0 0
206 T 885 271 2088 0 0
206 T 2598 269 2615 0 0
206 T 1501 150 1347 0 0
206 T 553 1920 1503 0 0
206 T 1920 1810 150 0 0
206 T 254 1583 400 0 0
206 T 402 704 280 0 0
206 T 313 706 1583 0 0
206 T 1210 650 614 0 0
206 T 1191 647 607 0 0
206 T 830 648 1623 0 0
206 T 645 842 1606 0 0
206 T 683 2701 2601 0 0
206 T 2603 2400 2715 0 0
206 T 2690 2402 2701 0 0
206 T 1331 500 528 0 0
206 T 530 313 2041 0 0
206 T 1704 315 500 0 0
206 T 1149 392 273 0 0
206 T 392 212 1029 0 0
206 T 860 541 492 0 0
206 T 541 807 482 0 0
206 T 253 592 227 0 0
206 T 221 558 231 0 0
206 T 1457 594 558 0 0
206 T 2216 1997 2625 0 0
206 T 645 1942 1312 0 0
206 T 228 1940 603 0 0
206 T 1234 2594 2473 0 0
206 T 2475 2313 725 0 0
206 T 797 459 741 0 0
206 T 213 1702 799 0 0
206 T 211 1698 816 0 0
206 T 1702 489 459 0 0
206 T 314 1652 500 0 0
206 T 1652 2042 1276 0 0
206 T 816 1097 195 0 0
206 T 1078 834 194 0 0
206 T 2113 2464 1854 0 0
206 T 1852 2594 2192 0 0
206 T 2594 2466 2001 0 0
206 T 1725 959 2335 0 0
206 T 2333 1602 1734 0 0
206 T 1695 1600 959 0 0
206 T 957 1880 576 0 0
206 T 578 86 1725 0 0
206 T 1111 869 173 0 0
206 T 1387 871 239 0 0
206 T 1146 1804 1298 0 0
206 T 1296 2023 349 0 0
206 T 2023 1806 189 0 0
206 T 254 567 1944 0 0
206 T 2323 2170 2096 0 0
206 T 1857 1140 2321 0 0
206 T 2098 2519 1859 0 0
206 T 1140 2517 2170 0 0
206 T 1198 537 440 0 0
206 T 1352 309 1196 0 0
206 T 537 311 219 0 0
206 T 527 2106 1186 0 0
206 T 1184 2429 2367 0 0
206 T 2365 1953 525 0 0
206 T 1953 2431 2106 0 0
206 T 522 218 11 0 0
206 T 10 1263 1152 0 0
206 T 1154 1426 520 0 0
206 T 1560 2182 2284 0 0
206 T 1599 1 1563 0 0
206 T 1 2177 2183 0 0
206 T 1777 189 1995 0 0
206 T 1993 635 2150 0 0
206 T 2148 801 1779 0 0
206 T 801 633 189 0 0
206 T 1847 2321 1251 0 0
206 T 1249 1142 1843 0 0
206 T 2111 1100 1180 0 0
206 T 1794 1102 2268 0 0
206 T 1177 1768 370 0 0
206 T 416 2638 2655 0 0
206 T 2653 2386 362 0 0
206 T 332 2384 2638 0 0
206 T 2694 2396 2699 0 0
206 T 2697 123 2705 0 0
206 T 2586 2030 2476 0 0
206 T 1859 2208 2584 0 0
206 T 2478 2158 1857 0 0
206 T 2208 2156 2030 0 0
206 T 130 1970 1976 0 0
206 T 1979 1 1971 0 0
206 T 465 519 2008 0 0
206 T 2010 48 456 0 0
206 T 469 49 519 0 0
206 T 904 1634 644 0 0
206 T 646 209 927 0 0
206 T 650 207 886 0 0
206 T 914 211 1634 0 0
206 T 219 951 1647 0 0
206 T 1513 1393 549 0 0
206 T 1503 13 1393 0 0
206 T 2090 1125 893 0 0
206 T 1556 190 850 0 0
206 T 157 1401 1558 0 0
206 T 1778 1303 1228 0 0
206 T 1303 1994 345 0 0
206 T 565 480 464 0 0
206 T 876 1089 395 0 0
206 T 150 1091 1297 0 0
206 T 413 149 735 0 0
206 T 1974 2304 1824 0 0
206 T 596 1461 1972 0 0
206 T 2031 1045 333 0 0
206 T 379 2034 2029 0 0
206 T 1045 2032 345 0 0
206 T 1044 149 1300 0 0
206 T 149 2033 1995 0 0
206 T 1445 828 1986 0 0
206 T 1984 1845 1518 0 0
206 T 1845 830 1435 0 0
206 T 1040 2605 2305 0 0
206 T 554 203 1103 0 0
206 T 1240 264 1913 0 0
206 T 1915 270 724 0 0
206 T 726 242 1242 0 0
206 T 16 2178 1769 0 0
206 T 1736 2182 17 0 0
206 T 1816 1962 2341 0 0
206 T 1962 562 1533 0 0
206 T 1738 1221 401 0 0
206 T 460 1223 1795 0 0
206 T 248 1885 480 0 0
206 T 238 492 1939 0 0
206 T 1937 0 1885 0 0
206 T 1235 1853 2337 0 0
206 T 2339 1835 1253 0 0
206 T 1255 1839 1233 0 0
206 T 843 1943 1568 0 0
206 T 1570 229 1919 0 0
206 T 1322 1503 448 0 0
206 T 903 1345 1320 0 0
206 T 450 150 901 0 0
206 T 1906 2382 2437 0 0
206 T 2287 1906 2501 0 0
206 T 365 592 179 0 0
206 T 177 1039 462 0 0
206 T 1039 594 403 0 0
206 T 1981 2644 1851 0 0
206 T 1553 22 1983 0 0
206 T 1332 1 1285 0 0
206 T 234 1805 805 0 0
206 T 860 1779 235 0 0
206 T 93 201 2051 0 0
206 T 2049 70 200 0 0
206 T 514 199 691 0 0
206 T 689 1624 2244 0 0
206 T 2246 1865 512 0 0
206 T 1865 1626 199 0 0
206 T 813 432 1512 0 0
206 T 551 222 815 0 0
206 T 20 2690 2709 0 0
206 T 2711 691 2667 0 0
206 T 2665 2412 21 0 0
206 T 2412 689 2690 0 0
206 T 1807 2160 865 0 0
206 T 867 690 190 0 0
206 T 2020 688 2160 0 0
206 T 2183 400 1892 0 0
206 T 1894 1222 17 0 0
206 T 625 292 1317 0 0
206 T 173 285 627 0 0
206 T 1319 303 175 0 0
206 T 997 2565 2205 0 0
206 T 1137 1562 999 0 0
206 T 1562 805 2565 0 0
206 T 2242 2263 953 0 0
206 T 854 1529 2240 0 0
206 T 955 872 852 0 0
206 T 1529 874 2263 0 0
206 T 2412 1829 1594 0 0
206 T 1965 1831 2667 0 0
206 T 573 569 577 0 0
206 T 579 1727 58 0 0
206 T 16 1934 1176 0 0
206 T 1420 2146 1375 0 0
206 T 100 2315 2212 0 0
206 T 658 2406 2507 0 0
206 T 2419 670 2493 0 0
206 T 2406 305 2417 0 0
206 T 766 1953 1934 0 0
206 T 2431 766 2284 0 0
206 T 2073 1508 1121 0 0
206 T 1832 1766 2075 0 0
206 T 1123 560 1834 0 0
206 T 1766 562 1508 0 0
206 T 1426 1421 1416 0 0
206 T 1369 128 1418 0 0
206 T 1371 1374 1381 0 0
206 T 894 1195 648 0 0
206 T 2329 2586 76 0 0
206 T 765 2454 2331 0 0
206 T 2454 1142 2586 0 0
206 T 1530 193 1891 0 0
206 T 1889 918 1471 0 0
206 T 918 195 1485 0 0
206 T 1156 217 826 0 0
206 T 1745 1219 999 0 0
206 T 5 773 1747 0 0
206 T 81 130 83 0 0
206 T 1661 162 1718 0 0
206 T 2517 2584 1074 0 0
206 T 2256 1473 1081 0 0
206 T 1083 1483 2299 0 0
206 T 268 2440 2499 0 0
206 T 1664 1305 165 0 0
206 T 1676 1632 1666 0 0
206 T 1643 1647 1669 0 0
206 T 167 2017 1678 0 0
206 T 1632 2019 1305 0 0
206 T 173 558 327 0 0
206 T 1199 181 1036 0 0
206 T 463 187 1197 0 0
206 T 1679 192 1467 0 0
206 T 1096 719 1677 0 0
206 T 1465 210 1098 0 0
206 T 719 208 192 0 0
206 T 2605 150 2643 0 0
206 T 2641 510 2696 0 0
206 T 2698 628 2607 0 0
206 T 628 508 150 0 0
206 T 797 2201 1880 0 0
206 T 1882 1182 215 0 0
206 T 1702 1180 2201 0 0
206 T 1140 766 34 0 0
206 T 641 780 1177 0 0
206 T 156 744 1142 0 0
206 T 4 780 1168 0 0
206 T 766 746 778 0 0
206 T 785 782 774 0 0
206 T 745 763 755 0 0
206 T 2661 2526 197 0 0
206 T 2526 814 2249 0 0
206 T 1950 526 2350 0 0
206 T 2348 1138 2440 0 0
206 T 1138 524 2155 0 0
206 T 2346 244 2535 0 0
206 T 2533 2331 1074 0 0
206 T 2331 246 2393 0 0
206 T 1249 837 1036 0 0
206 T 1199 291 1251 0 0
206 T 837 289 183 0 0
206 T 383 1175 149 0 0
206 T 1046 872 381 0 0
206 T 1594 2166 2024 0 0
206 T 2026 2632 2205 0 0
206 T 1269 976 1497 0 0
206 T 1388 966 1271 0 0
206 T 2670 2026 997 0 0
206 T 2026 2317 1747 0 0
206 T 91 203 2057 0 0
206 T 2059 1190 627 0 0
206 T 625 2132 90 0 0
206 T 2132 1188 203 0 0
206 T 366 972 1969 0 0
206 T 1977 915 324 0 0
206 T 103 1936 2080 0 0
206 T 1766 1244 1104 0 0
206 T 1244 562 155 0 0
206 T 336 1550 672 0 0
206 T 653 1438 358 0 0
206 T 1178 1171 1135 0 0
206 T 1154 1156 1138 0 0
206 T 1934 778 1171 0 0
206 T 225 1039 1582 0 0
206 T 555 1390 1814 0 0
206 T 1812 151 1897 0 0
206 T 1899 1507 553 0 0
206 T 1507 149 1390 0 0
206 T 1589 253 1900 0 0
206 T 1679 738 1543 0 0
206 T 338 1413 1045 0 0
206 T 873 1415 391 0 0
206 T 539 477 184 0 0
206 T 2676 2705 2641 0 0
206 T 2705 126 2696 0 0
206 T 2488 1115 1962 0 0
206 T 1115 2600 2343 0 0
206 T 1531 1878 1121 0 0
206 T 1832 809 1529 0 0
206 T 809 562 1878 0 0
206 T 1901 825 567 0 0
206 T 1671 606 6 0 0
206 T 1205 1643 7 0 0
206 T 1207 604 1647 0 0
206 T 1783 1095 1011 0 0
206 T 1672 491 1781 0 0
206 T 1009 2184 1674 0 0
206 T 491 2186 1095 0 0
206 T 2134 1999 1553 0 0
206 T 201 1542 1999 0 0
206 T 1872 517 312 0 0
206 T 165 341 741 0 0
206 T 797 387 167 0 0
206 T 2370 2229 1692 0 0
206 T 1542 2019 316 0 0
206 T 318 1307 1983 0 0
206 T 1981 1634 1540 0 0
206 T 2000 1091 360 0 0
206 T 362 963 14 0 0
206 T 1437 2000 15 0 0
206 T 1439 961 1091 0 0
206 T 698 1836 1430 0 0
206 T 1428 1254 153 0 0
206 T 876 1013 796 0 0
206 T 384 1367 878 0 0
206 T 843 1185 944 0 0
206 T 946 1554 2119 0 0
206 T 249 2093 2574 0 0
206 T 2093 1884 108 0 0
206 T 1929 615 885 0 0
206 T 206 1211 1931 0 0
206 T 1714 0 1675 0 0
206 T 2408 2435 1673 0 0
206 T 2435 2521 2439 0 0
206 T 2423 1714 2437 0 0
206 T 538 435 1160 0 0
206 T 1398 433 216 0 0
206 T 1170 785 1746 0 0
206 T 2265 632 1683 0 0
206 T 221 2159 2267 0 0
206 T 632 2157 379 0 0
206 T 2505 190 2415 0 0
206 T 1200 2353 1015 0 0
206 T 1380 523 1202 0 0
206 T 523 2378 2353 0 0
206 T 1603 2236 2435 0 0
206 T 886 1640 1601 0 0
206 T 1640 2370 2236 0 0
206 T 991 192 1447 0 0
206 T 1445 210 1755 0 0
206 T 1395 587 450 0 0
206 T 1892 730 1213 0 0
206 T 1337 1831 1032 0 0
206 T 1034 2281 1537 0 0
206 T 317 2283 1831 0 0
206 T 1049 484 2175 0 0
206 T 893 1800 1051 0 0
206 T 2173 1714 895 0 0
206 T 1800 1712 484 0 0
206 T 1551 1044 896 0 0
206 T 2023 149 2038 0 0
206 T 2036 1090 351 0 0
206 T 1861 973 912 0 0
206 T 206 1650 852 0 0
206 T 1679 832 208 0 0
206 T 1650 484 454 0 0
206 T 2049 1165 590 0 0
206 T 340 1363 671 0 0
206 T 9 1450 1363 0 0
206 T 533 1212 1999 0 0
206 T 51 186 535 0 0
206 T 1212 184 2060 0 0
206 T 792 1900 2404 0 0
206 T 2419 1917 849 0 0
206 T 1644 1765 1396 0 0
206 T 277 2191 1646 0 0
206 T 2191 1253 1765 0 0
206 T 1118 382 204 0 0
206 T 2239 2538 1205 0 0
206 T 130 1124 1063 0 0
206 T 2721 2723 2721 1 0
206 T 150 511 680 0 0
206 T 2 1959 1984 0 0
206 T 1986 678 1843 0 0
206 T 1841 1762 3 0 0
206 T 1762 676 1959 0 0
206 T 576 3 1026 0 0
206 T 1024 42 570 0 0
206 T 212 702 280 0 0
206 T 1870 700 623 0 0
206 T 1376 157 1250 0 0
206 T 1840 747 1378 0 0
206 T 1549 2540 2329 0 0
206 T 2331 111 2198 0 0
206 T 1021 429 196 0 0
206 T 1329 431 283 0 0
206 T 1352 266 1250 0 0
206 T 391 267 1411 0 0
206 T 1409 241 788 0 0
206 T 2247 226 2114 0 0
206 T 1853 115 2245 0 0
206 T 177 302 1283 0 0
206 T 1084 151 546 0 0
206 T 2350 2599 1152 0 0
206 T 2599 2440 1156 0 0
206 T 1879 1623 1716 0 0
206 T 162 1908 1877 0 0
206 T 1908 1661 1623 0 0
206 T 2559 2591 1013 0 0
206 T 2353 2367 2557 0 0
206 T 2367 1200 2591 0 0
206 T 1486 811 2014 0 0
206 T 2012 1832 1468 0 0
206 T 159 1258 596 0 0
206 T 1749 1256 1055 0 0
206 T 1862 1208 1182 0 0
206 T 250 1359 1618 0 0
206 T 1402 238 1616 0 0
206 T 1363 859 244 0 0
206 T 278 386 1361 0 0
206 T 859 384 272 0 0
206 T 2255 2124 26 0 0
206 T 2459 1384 2253 0 0
206 T 1 2290 2292 0 0
206 T 1632 1190 23 0 0
206 T 1364 1088 358 0 0
206 T 1815 1103 881 0 0
206 T 195 1775 1101 0 0
206 T 1103 1074 2460 0 0
206 T 2462 2389 193 0 0
206 T 2389 1072 1775 0 0
206 T 1619 1418 157 0 0
206 T 2118 850 2494 0 0
206 T 957 2617 2239 0 0
206 T 659 320 1290 0 0
206 T 1852 1659 516 0 0
206 T 2528 2189 726 0 0
206 T 2312 1085 2530 0 0
206 T 1085 2474 2189 0 0
206 T 2225 2273 1014 0 0
206 T 797 1435 2227 0 0
206 T 2273 1433 877 0 0
206 T 784 180 300 0 0
206 T 286 820 786 0 0
206 T 180 822 295 0 0
206 T 1166 2166 202 0 0
206 T 1563 505 2292 0 0
206 T 806 1296 505 0 0
206 T 939 369 525 0 0
206 T 584 427 227 0 0
206 T 225 397 1626 0 0
206 T 1624 415 586 0 0
206 T 1714 955 2228 0 0
206 T 2230 1600 2439 0 0
206 T 1153 2362 953 0 0
206 T 2362 521 2372 0 0
206 T 1507 449 1271 0 0
206 T 1239 2451 2385 0 0
206 T 2102 1630 2387 0 0
206 T 705 475 1331 0 0
206 T 502 3 707 0 0
206 T 892 1238 334 0 0
206 T 1279 2278 1482 0 0
206 T 1080 199 1277 0 0
206 T 199 2298 2278 0 0
206 T 1906 2357 1647 0 0
206 T 2521 1915 1904 0 0
206 T 2347 1913 1735 0 0
206 T 404 942 196 0 0
206 T 198 749 414 0 0
206 T 380 751 942 0 0
206 T 2241 1930 1740 0 0
206 T 1742 2220 1530 0 0
206 T 855 2222 1930 0 0
206 T 1059 2471 1086 0 0
206 T 1149 356 856 0 0
206 T 1092 349 155 0 0
206 T 496 1049 1094 0 0
206 T 1049 159 345 0 0
206 T 790 1325 9 0 0
206 T 1450 1409 8 0 0
206 T 936 5 404 0 0
206 T 899 335 14 0 0
206 T 15 2029 1548 0 0
206 T 206 751 256 0 0
206 T 1714 2553 2088 0 0
206 T 1066 1434 1909 0 0
206 T 1369 155 1619 0 0
206 T 1707 3 1572 0 0
206 T 1574 770 314 0 0
206 T 2710 2700 121 0 0
206 T 447 187 1162 0 0
206 T 1234 2512 2190 0 0
206 T 2592 1084 2512 0 0
206 T 2589 2236 2079 0 0
206 T 1581 3 1653 0 0
206 T 947 2071 850 0 0
206 T 1206 842 216 0 0
206 T 151 2656 2601 0 0
206 T 1687 378 1238 0 0
206 T 894 344 1685 0 0
206 T 295 2624 2133 0 0
206 T 1172 732 404 0 0
206 T 1763 747 1475 0 0
206 T 1487 1017 1958 0 0
206 T 1956 2 2015 0 0
206 T 808 3 1017 0 0
206 T 2027 201 1478 0 0
206 T 1865 586 748 0 0
206 T 1274 1691 1990 0 0
206 T 169 1723 1272 0 0
206 T 1988 1699 171 0 0
206 T 2067 1282 1746 0 0
206 T 2027 51 2065 0 0
206 T 1042 460 1813 0 0
206 T 2235 2241 2227 0 0
206 T 2260 0 2273 0 0
206 T 534 2027 1170 0 0
206 T 1168 2065 185 0 0
206 T 515 197 633 0 0
206 T 2266 1868 513 0 0
206 T 1868 1682 197 0 0
206 T 837 158 1462 0 0
206 T 1240 2356 2191 0 0
206 T 1289 857 9 0 0
206 T 1406 1850 1082 0 0
206 T 1672 2556 2076 0 0
206 T 2237 1014 1674 0 0
206 T 723 658 1448 0 0
206 T 1450 1291 244 0 0
206 T 203 1579 534 0 0
206 T 1520 554 477 0 0
206 T 2042 550 2524 0 0
206 T 1519 2483 458 0 0
206 T 456 119 2011 0 0
206 T 2009 482 1517 0 0
206 T 2310 1601 1644 0 0
206 T 1253 820 1130 0 0
206 T 1532 822 152 0 0
206 T 216 1260 1381 0 0
206 T 2314 242 2393 0 0
206 T 242 2530 2356 0 0
206 T 2606 2398 2716 0 0
206 T 515 1875 78 0 0
206 T 79 1854 2245 0 0
206 T 534 202 1567 0 0
206 T 2315 305 2328 0 0
206 T 69 2058 201 0 0
206 T 277 668 459 0 0
206 T 787 1280 185 0 0
206 T 155 1782 1631 0 0
206 T 1486 208 1760 0 0
206 T 1762 754 917 0 0
206 T 194 752 208 0 0
206 T 1146 235 507 0 0
206 T 232 1228 505 0 0
206 T 2648 2646 2640 0 0
206 T 2677 632 2650 0 0
206 T 845 149 1043 0 0
206 T 2360 2553 2349 0 0
206 T 2598 2555 953 0 0
206 T 2651 2527 199 0 0
206 T 2527 2678 515 0 0
206 T 265 2170 1732 0 0
206 T 2170 1249 1750 0 0
206 T 2084 795 992 0 0
206 T 1594 2506 2086 0 0
206 T 795 2504 2140 0 0
206 T 2163 2192 149 0 0
206 T 2073 1086 2192 0 0
206 T 2265 79 1857 0 0
206 T 1548 2630 2587 0 0
206 T 2137 781 1114 0 0
206 T 1445 924 1957 0 0
206 T 455 267 658 0 0
206 T 2085 190 1830 0 0
206 T 1802 159 1684 0 0
206 T 1686 2129 1629 0 0
206 T 379 2137 2491 0 0
206 T 2489 2386 1237 0 0
206 T 2386 2139 1684 0 0
206 T 2034 634 2211 0 0
206 T 656 1409 355 0 0
206 T 1114 149 813 0 0
206 T 1560 401 2154 0 0
206 T 2170 1241 2344 0 0
206 T 420 702 199 0 0
206 T 1022 700 394 0 0
206 T 1671 2309 887 0 0
206 T 2640 845 2306 0 0
206 T 1470 454 2445 0 0
206 T 2578 1650 1468 0 0
206 T 2470 194 2389 0 0
206 T 1698 1464 195 0 0
206 T 1655 1482 226 0 0
206 T 183 715 301 0 0
206 T 1319 713 186 0 0
206 T 2603 2608 2605 0 0
206 T 210 1078 1467 0 0
206 T 2277 225 2040 0 0
206 T 2526 845 2279 0 0
206 T 845 548 225 0 0
206 T 2015 644 1839 0 0
206 T 1837 1752 3 0 0
206 T 1956 1754 644 0 0
206 T 1073 2453 2169 0 0
206 T 2171 764 2534 0 0
206 T 455 2005 125 0 0
206 T 411 150 580 0 0
206 T 454 49 2007 0 0
206 T 1858 2265 113 0 0
206 T 1927 1101 2200 0 0
206 T 1703 2108 1925 0 0
206 T 605 907 23 0 0
206 T 1852 2512 2075 0 0
206 T 1756 713 1214 0 0
206 T 2074 2339 2189 0 0
206 T 1573 222 1130 0 0
206 T 5 1759 734 0 0
206 T 378 780 1962 0 0
206 T 192 1741 1058 0 0
206 T 583 787 1962 0 0
206 T 1246 287 581 0 0
206 T 1960 823 1244 0 0
206 T 1272 317 1967 0 0
206 T 317 1990 1479 0 0
206 T 1470 1854 645 0 0
206 T 318 2256 1851 0 0
206 T 583 774 376 0 0
206 T 2226 1881 1775 0 0
206 T 1773 1613 1741 0 0
206 T 2676 690 2660 0 0
206 T 1518 2570 1700 0 0
206 T 1162 1130 182 0 0
206 T 88 614 1670 0 0
206 T 1668 56 615 0 0
206 T 613 611 607 0 0
206 T 1392 443 227 0 0
206 T 2203 1772 1435 0 0
206 T 1740 2390 1086 0 0
206 T 760 1697 1479 0 0
206 T 755 1079 1696 0 0
206 T 814 1922 445 0 0
206 T 1922 1513 478 0 0
206 T 1131 444 173 0 0
206 T 1901 2140 659 0 0
206 T 989 1518 1926 0 0
206 T 1131 371 558 0 0
206 T 904 607 32 0 0
206 T 2296 846 2649 0 0
206 T 1433 194 1924 0 0
206 T 1573 230 370 0 0
206 U 2 2 3 0 0
206 U 574 3 3 0 0
206 U 43 3 2 0 0
206 U 59 3 2 0 0
206 U 6 2 3 0 0
206 U 207 9 7 0 0
206 U 28 7 6 0 0
206 U 1311 6 9 0 0
206 U 1322 11 8 0 0
206 U 69 10 11 0 0
206 U 1604 8 10 0 0
206 U 1312 10 6 0 0
206 U 1571 6 8 0 0
206 U 12 10 11 0 0
206 U 586 11 9 0 0
206 U 73 7 6 0 0
206 U 2540 13 14 0 0
206 U 76 14 15 0 0
206 U 2629 15 13 0 0
206 U 2476 15 12 0 0
206 U 113 14 15 0 0
206 U 220 12 14 0 0
206 U 110 15 14 0 0
206 U 15 13 12 0 0
206 U 655 19 16 0 0
206 U 167 21 19 0 0
206 U 984 16 21 0 0
206 U 11 21 20 0 0
206 U 638 16 21 0 0
206 U 1373 20 16 0 0
206 U 968 18 17 0 0
206 U 177 17 19 0 0
206 U 36 19 18 0 0
206 U 60 18 19 0 0
206 U 25 17 16 -1 0
206 U 931 25 30 0 0
206 U 287 30 25 0 0
206 U 1104 30 30 0 0
206 U 889 28 24 0 0
206 U 1108 24 24 0 0
206 U 236 24 28 0 0
206 U 257 27 28 0 0
206 U 941 28 27 0 0
206 U 1119 27 27 0 0
206 U 1126 22 22 0 0
206 U 85 23 22 0 0
206 U 81 22 23 0 0
206 U 1081 29 29 0 0
206 U 52 31 30 0 0
206 U 18 30 31 0 0
206 U 268 22 27 0 0
206 U 920 27 22 0 0
206 U 2568 33 35 0 0
206 U 95 35 34 0 0
206 U 2687 34 33 0 0
206 U 2485 32 34 0 0
206 U 27 33 32 -1 0
206 U 2480 37 35 0 0
206 U 119 36 37 0 0
206 U 481 35 36 0 0
206 U 488 32 36 0 0
206 U 2572 37 35 0 0
206 U 109 36 37 0 0
206 U 159 38 41 0 0
206 U 47 39 38 0 0
206 U 640 41 39 0 0
206 U 35 38 39 0 0
206 U 776 40 38 0 0
206 U 5 41 40 0 0
206 U 1134 38 41 0 0
206 U 16 38 39 0 0
206 U 64 43 42 0 0
206 U 1333 45 43 0 0
206 U 872 42 45 0 0
206 U 1303 47 43 0 0
206 U 1174 44 47 0 0
206 U 2626 49 47 0 0
206 U 2562 47 44 0 0
206 U 2675 44 49 0 0
206 U 2289 42 45 0 0
206 U 117 43 42 0 0
206 U 90 49 48 0 0
206 U 1316 48 47 0 0
206 U 2326 48 46 0 0
206 U 50 48 49 0 0
206 U 20 50 51 0 0
206 U 2403 51 51 0 0
206 U 120 51 50 0 0
206 U 104 51 50 0 0
206 U 8 50 51 0 0
206 U 1 1 1 0 0
206 U 98 1 1 0 -1
206 U 23 53 52 0 0
206 U 2397 52 52 0 0
206 U 122 52 53 0 0
206 U 107 52 53 0 0
206 U 9 53 52 -1 0
206 U 1284 55 57 0 0
206 U 116 54 55 1 0
206 U 2293 57 54 0 0
206 U 876 54 57 0 0
206 U 1297 58 54 0 0
206 U 1217 57 58 0 0
206 U 2632 60 58 0 0
206 U 2567 58 57 0 0
206 U 2668 57 60 0 0
206 U 67 54 55 0 0
206 U 92 60 61 0 0
206 U 1283 61 58 0 0
206 U 2316 61 59 0 0
206 U 51 61 60 0 0
206 U 728 65 63 0 0
206 U 17 63 62 -1 0
206 U 1224 62 65 0 0
206 U 155 62 65 0 0
206 U 44 63 62 0 0
206 U 666 65 63 0 0
206 U 39 62 63 0 0
206 U 5 65 64 0 0
206 U 2580 68 70 0 0
206 U 486 70 66 0 0
206 U 2457 66 68 0 0
206 U 2447 70 68 0 0
206 U 2576 68 66 0 0
206 U 26 66 67 0 0
206 U 2680 67 68 0 0
206 U 96 68 69 0 0
206 U 103 70 71 0 0
206 U 493 69 70 0 0
206 U 124 70 71 0 0
206 U 981 75 80 0 0
206 U 1070 75 75 0 0
206 U 299 80 75 0 0
206 U 1061 72 72 0 0
206 U 1001 77 72 0 0
206 U 272 72 77 0 0
206 U 83 73 72 0 0
206 U 84 72 73 1 0
206 U 1031 76 76 0 0
206 U 1020 76 79 0 0
206 U 282 79 76 0 0
206 U 62 80 81 0 0
206 U 19 81 80 0 0
206 U 1052 81 81 0 0
206 U 1035 78 78 0 0
206 U 1006 78 74 0 0
206 U 248 74 78 0 0
206 U 172 82 84 0 0
206 U 41 84 85 0 0
206 U 908 85 82 0 0
206 U 171 87 85 0 0
206 U 672 85 82 0 0
206 U 934 82 87 0 0
206 U 54 85 84 0 0
206 U 684 82 87 0 0
206 U 24 82 83 0 0
206 U 1420 86 82 0 0
206 U 10 86 87 0 0
206 U 226 90 88 0 0
206 U 2465 88 91 0 0
206 U 115 91 90 0 0
206 U 2620 89 91 0 0
206 U 75 91 90 0 0
206 U 2548 90 89 0 0
206 U 15 89 88 -1 0
206 U 101 90 91 0 0
206 U 1270 96 95 0 0
206 U 620 95 97 0 0
206 U 13 97 96 0 0
206 U 212 94 92 0 0
206 U 31 92 93 0 0
206 U 1292 93 94 0 0
206 U 1267 92 96 0 0
206 U 72 92 93 1 0
206 U 1590 94 92 0 0
206 U 70 96 97 0 0
206 U 1610 94 96 0 0
206 U 3 4 5 0 0
206 U 611 5 5 0 0
206 U 33 5 4 0 0
206 U 57 5 4 0 0
206 U 7 4 5 -1 0
206 Q 89 1613 86 1614 0 0 0 0 0 0
206 Q 1612 2332 2234 2309 0 0 0 0 0 0
206 Q 546 132 544 135 0 0 0 0 0 0
206 Q 1063 2724 1126 2720 0 0 0 0 0 0
206 Q 2722 2172 419 2184 0 0 0 0 0 0
206 Q 2556 417 2554 2726 0 0 0 0 0 0
206 Q 1823 45 1820 47 0 0 0 0 0 0
206 Q 2388 2738 2390 2733 -1 0 -1 0 0 0
206 Q 207 2121 215 161 0 0 0 0 0 0
206 Q 2123 487 419 489 0 0 0 0 0 0
206 Q 147 681 2739 628 0 0 0 0 0 0
206 Q 2232 1601 2523 1600 0 0 0 0 0 0
206 Q 161 29 162 30 0 0 0 0 0 0
206 Q 160 1309 2121 1293 0 0 0 0 0 0
206 Q 132 19 129 18 0 0 0 0 0 0
206 Q 129 53 128 63 0 0 0 0 0 0
206 Q 0 541 134 543 0 0 0 0 0 0
206 Q 193 2731 192 2732 0 0 0 0 0 0
206 Q 2734 834 2725 818 0 0 0 0 0 0
206 Q 2727 1076 2729 1097 0 0 0 0 0 0
206 Q 1101 2731 1056 143 0 0 0 0 0 0
206 Q 143 554 140 552 0 0 0 0 0 0
206 Q 203 140 202 2729 0 0 0 0 0 0
206 Q 1494 1334 0 1287 0 0 0 0 0 0
206 Q 64 0 67 0 0 0 0 0 0 0
206 Q 1951 138 1953 2725 0 0 0 0 0 0
206 Q 1564 2731 1576 138 0 0 0 0 0 0
206 Q 2364 2724 2348 137 0 0 0 0 0 0
206 Q 137 526 139 524 0 0 0 0 0 0
206 Q 2738 149 145 148 0 0 0 0 0 0
206 Q 145 509 146 511 0 0 0 0 0 0
206 Q 546 142 544 145 0 0 0 0 0 0
206 Q 142 1073 2738 1086 0 0 0 0 0 0
206 Q 1288 417 1327 2508 0 0 0 0 0 0
206 Q 438 54 437 60 0 0 0 0 0 0
206 Q 2471 2728 2463 2738 0 0 0 0 0 0
206 Q 147 99 146 98 0 0 0 0 0 0
206 Q 417 2363 137 2354 0 0 0 0 0 0
206 Q 2379 128 2373 419 0 0 0 0 0 0
206 Q 522 128 520 137 0 0 0 0 0 0
206 Q 2509 8 2610 9 0 0 1 0 0 0
206 Q 2123 1050 2720 1095 0 0 0 0 0 0
206 Q 2511 107 2508 104 0 0 0 0 0 0
206 Q 534 141 532 139 0 0 0 0 0 0
