417 A 11 0 0 -1 0 1
417 A 13 0 0 -5 0 5
417 A 17 0 0 -7 0 7
417 A 19 0 0 -1 0 1
417 A 0 1 -140 0 140 0
417 A -1 1 -153 0 153 0
417 A 1 1 -153 0 153 0
417 A -5 1 -98 -1 98 1
417 A 5 1 98 -1 -98 1
417 A -8 1 -30 -1 30 1
417 A 8 1 30 -1 -30 1
417 A 22 0 11 -10 -11 10
417 A -10 1 -112 -3 112 3
417 A 10 1 112 -3 -112 3
417 A -12 1 -55 -1 55 1
417 A 12 1 55 -1 -55 1
417 A 26 0 13 -8 -13 8
417 A -18 1 -41 -2 41 2
417 A 18 1 41 -2 -41 2
417 A 34 0 17 -10 -17 10
417 A 38 0 19 -18 -19 18
417 A 0 2 -140 1 140 -1
417 A 0 2 -277 0 277 0
417 A 0 2 -416 1 416 -1
417 A 0 4 -277 2 277 -2
417 A 4 0 0 -1 0 -1
417 A 4 0 2 -1 2 -1
417 A 7 0 0 -3 0 -3
417 A 8 0 0 -1 0 -1
417 A 8 0 4 -1 4 -1
417 A 8 0 0 -3 0 -3
417 A 8 0 4 -3 4 -3
417 A 13 0 0 -1 0 -1
417 A 14 0 0 -3 0 -3
417 A 16 0 0 -1 0 -1
417 A 16 0 8 -1 8 -1
417 A 16 0 0 -7 0 -7
417 A 16 0 8 -7 8 -7
417 A 17 0 0 -6 0 -6
417 A 28 0 0 -3 0 -3
417 A 31 0 0 -12 0 -12
417 A 32 0 0 -15 0 -15
417 A 34 0 0 -11 0 -11
417 A 56 0 0 -25 0 -25
417 A 64 0 0 -17 0 -17
417 A 68 0 0 -23 0 -23
417 A 91 0 0 -38 0 -38
417 A 112 0 0 -25 0 -25
417 A 127 0 0 -21 0 -21
417 A 136 0 0 -45 0 -45
417 A 5 0 0 -1 0 2
417 A 5 0 -1 -1 2 -2
417 A 5 0 1 -1 -2 -2
417 A 5 0 -2 -1 2 -1
417 A 5 0 -1 -2 -1 2
417 A 6 0 -2 -1 2 -1
417 A 7 0 0 -1 0 -2
417 A 7 0 -1 -1 3 -3
417 A 7 0 1 -1 -3 -3
417 A 7 0 -2 -1 2 -1
417 A 7 0 -3 -1 -3 1
417 A 7 0 -1 -2 -2 -3
417 A 7 0 1 -2 2 -3
417 A 7 0 -2 -2 -2 2
417 A 7 0 -3 -2 -1 3
417 A 7 0 3 -2 1 3
417 A 8 0 -2 -1 2 3
417 A 8 0 2 -1 -2 3
417 A 9 0 -1 -1 -2 2
417 A 9 0 1 -1 2 2
417 A 9 0 -2 -1 -1 -4
417 A 9 0 2 -1 1 -4
417 A 9 0 -4 -1 4 -1
417 A 9 0 -1 -2 -2 4
417 A 9 0 1 -2 2 4
417 A 9 0 -4 -2 4 -2
417 A 9 0 -4 -4 4 -4
417 A 10 0 0 -1 0 -3
417 A 10 0 -2 -1 2 -1
417 A 10 0 -4 -1 -2 3
417 A 10 0 4 -1 2 3
417 A 10 0 -4 -3 -4 3
417 A 11 0 -2 -1 -3 -4
417 A 11 0 2 -1 3 -4
417 A 11 0 -3 -1 -1 4
417 A 11 0 3 -1 1 4
417 A 11 0 -4 -1 1 -3
417 A 11 0 4 -1 -1 -3
417 A 11 0 -5 -1 -3 5
417 A 11 0 5 -1 3 5
417 A 11 0 0 -2 0 -5
417 A 11 0 -1 -2 -4 -3
417 A 11 0 1 -2 4 -3
417 A 11 0 -3 -2 5 4
417 A 11 0 3 -2 -5 4
417 A 11 0 -4 -2 4 -2
417 A 11 0 -5 -2 -5 2
417 A 11 0 0 -3 0 4
417 A 11 0 -2 -3 4 5
417 A 11 0 2 -3 -4 5
417 A 11 0 -5 -3 1 -5
417 A 11 0 5 -3 -1 -5
417 A 11 0 -2 -4 -2 4
417 A 11 0 -2 -5 2 -5
417 A 12 0 -2 -1 2 -1
417 A 12 0 -4 -1 4 -1
417 A 12 0 -1 -2 1 -2
417 A 12 0 -2 -5 2 -5
417 A 12 0 -4 -5 4 -5
417 A 13 0 -1 -1 -6 6
417 A 13 0 1 -1 6 6
417 A 13 0 -2 -1 3 5
417 A 13 0 2 -1 -3 5
417 A 13 0 -3 -1 -1 -4
417 A 13 0 3 -1 1 -4
417 A 13 0 -4 -1 1 3
417 A 13 0 4 -1 -1 3
417 A 13 0 -6 -1 -3 -6
417 A 13 0 6 -1 3 -6
417 A 13 0 0 -2 0 6
417 A 13 0 -1 -2 -5 -3
417 A 13 0 1 -2 5 -3
417 A 13 0 -2 -2 -3 3
417 A 13 0 2 -2 3 3
417 A 13 0 -4 -2 -5 -4
417 A 13 0 4 -2 5 -4
417 A 13 0 -5 -2 6 -5
417 A 13 0 5 -2 -6 -5
417 A 13 0 -6 -2 6 -2
417 A 13 0 0 -3 0 4
417 A 13 0 -4 -3 -4 3
417 A 13 0 -6 -3 1 6
417 A 13 0 6 -3 -1 6
417 A 13 0 -2 -4 4 5
417 A 13 0 2 -4 -4 5
417 A 13 0 -3 -4 -3 4
417 A 13 0 -4 -4 5 -5
417 A 13 0 4 -4 -5 -5
417 A 13 0 -2 -5 5 -6
417 A 13 0 2 -5 -5 -6
417 A 13 0 -2 -6 2 -6
417 A 14 0 0 -1 0 5
417 A 14 0 -2 -1 2 -1
417 A 14 0 -4 -1 -4 1
417 A 14 0 -6 -1 4 -3
417 A 14 0 6 -1 -4 -3
417 A 14 0 -2 -3 6 5
417 A 14 0 2 -3 -6 5
417 A 14 0 -6 -3 -4 -5
417 A 14 0 6 -3 4 -5
417 A 14 0 -2 -5 -2 5
417 A 15 0 -1 -1 7 -7
417 A 15 0 1 -1 -7 -7
417 A 15 0 -2 -1 2 -1
417 A 15 0 -4 -1 -2 -7
417 A 15 0 4 -1 2 -7
417 A 15 0 -5 -1 5 2
417 A 15 0 5 -1 -5 2
417 A 15 0 -7 -1 7 -1
417 A 15 0 -1 -2 4 7
417 A 15 0 1 -2 -4 7
417 A 15 0 -2 -2 -4 4
417 A 15 0 2 -2 4 4
417 A 15 0 -4 -2 1 7
417 A 15 0 4 -2 -1 7
417 A 15 0 -7 -2 1 4
417 A 15 0 7 -2 -1 4
417 A 15 0 -2 -4 2 -4
417 A 15 0 -5 -4 5 -7
417 A 15 0 5 -4 -5 -7
417 A 15 0 -7 -4 7 -4
417 A 16 0 -2 -1 -6 3
417 A 16 0 2 -1 6 3
417 A 16 0 -4 -1 4 -1
417 A 16 0 -6 -1 -2 3
417 A 16 0 6 -1 2 3
417 A 16 0 0 -3 0 5
417 A 16 0 -4 -3 4 5
417 A 16 0 4 -3 -4 5
417 A 16 0 8 -3 8 5
417 A 16 0 -2 -5 -6 7
417 A 16 0 2 -5 6 7
417 A 16 0 -6 -5 -2 7
417 A 16 0 6 -5 2 7
417 A 16 0 -4 -7 4 -7
417 A 17 0 0 -1 0 -2
417 A 17 0 -1 -1 -5 5
417 A 17 0 1 -1 5 5
417 A 17 0 -2 -1 8 -4
417 A 17 0 2 -1 -8 -4
417 A 17 0 -3 -1 3 -1
417 A 17 0 -4 -1 -8 2
417 A 17 0 4 -1 8 2
417 A 17 0 -6 -1 -1 3
417 A 17 0 6 -1 1 3
417 A 17 0 -7 -1 1 -5
417 A 17 0 7 -1 -1 -5
417 A 17 0 -8 -1 5 -7
417 A 17 0 8 -1 -5 -7
417 A 17 0 -1 -2 6 5
417 A 17 0 1 -2 -6 5
417 A 17 0 -2 -2 6 -6
417 A 17 0 2 -2 -6 -6
417 A 17 0 -3 -2 8 6
417 A 17 0 3 -2 -8 6
417 A 17 0 -4 -2 4 -2
417 A 17 0 -5 -2 -8 -7
417 A 17 0 5 -2 8 -7
417 A 17 0 -6 -2 -7 8
417 A 17 0 6 -2 7 8
417 A 17 0 0 -3 0 5
417 A 17 0 -3 -3 4 -4
417 A 17 0 3 -3 -4 -4
417 A 17 0 -4 -3 6 4
417 A 17 0 4 -3 -6 4
417 A 17 0 -5 -3 -3 -5
417 A 17 0 5 -3 3 -5
417 A 17 0 -6 -3 -3 -7
417 A 17 0 6 -3 3 -7
417 A 17 0 -7 -3 -4 -8
417 A 17 0 7 -3 4 -8
417 A 17 0 -8 -3 -1 -6
417 A 17 0 8 -3 1 -6
417 A 17 0 0 -4 0 8
417 A 17 0 -1 -4 2 -8
417 A 17 0 1 -4 -2 -8
417 A 17 0 -2 -4 3 -6
417 A 17 0 2 -4 -3 -6
417 A 17 0 -5 -4 -5 4
417 A 17 0 -7 -4 4 5
417 A 17 0 7 -4 -4 5
417 A 17 0 -2 -5 -4 -7
417 A 17 0 2 -5 4 -7
417 A 17 0 -7 -5 -5 6
417 A 17 0 7 -5 5 6
417 A 17 0 -2 -6 -3 -8
417 A 17 0 2 -6 3 -8
417 A 17 0 -7 -6 -7 6
417 A 17 0 -2 -7 -5 -8
417 A 17 0 2 -7 5 -8
417 A 17 0 -6 -7 6 -7
417 A 17 0 -7 -7 -8 8
417 A 17 0 7 -7 8 8
417 A 17 0 -1 -8 -1 8
417 A 18 0 -2 -1 8 5
417 A 18 0 2 -1 -8 5
417 A 18 0 -4 -1 4 -1
417 A 18 0 -8 -1 2 -7
417 A 18 0 8 -1 -2 -7
417 A 18 0 -2 -5 8 7
417 A 18 0 2 -5 -8 7
417 A 18 0 -4 -5 4 -5
417 A 18 0 -4 -7 4 -7
417 A 19 0 -2 -1 7 6
417 A 19 0 2 -1 -7 6
417 A 19 0 -3 -1 -2 7
417 A 19 0 3 -1 2 7
417 A 19 0 -4 -1 -1 5
417 A 19 0 4 -1 1 5
417 A 19 0 -5 -1 1 -4
417 A 19 0 5 -1 -1 -4
417 A 19 0 -6 -1 -2 -6
417 A 19 0 6 -1 2 -6
417 A 19 0 -7 -1 -5 -2
417 A 19 0 7 -1 5 -2
417 A 19 0 -8 -1 -5 3
417 A 19 0 8 -1 5 3
417 A 19 0 -9 -1 7 -5
417 A 19 0 9 -1 -7 -5
417 A 19 0 0 -2 0 -9
417 A 19 0 -1 -2 6 7
417 A 19 0 1 -2 -6 7
417 A 19 0 -3 -2 -7 -8
417 A 19 0 3 -2 7 -8
417 A 19 0 -4 -2 -6 3
417 A 19 0 4 -2 6 3
417 A 19 0 -6 -2 -1 -6
417 A 19 0 6 -2 1 -6
417 A 19 0 -7 -2 1 -3
417 A 19 0 7 -2 -1 -3
417 A 19 0 -8 -2 9 -7
417 A 19 0 8 -2 -9 -7
417 A 19 0 -9 -2 9 -2
417 A 19 0 0 -3 0 -6
417 A 19 0 -2 -3 -8 -7
417 A 19 0 2 -3 8 -7
417 A 19 0 -4 -3 6 5
417 A 19 0 4 -3 -6 5
417 A 19 0 -7 -3 -6 8
417 A 19 0 7 -3 6 8
417 A 19 0 -8 -3 -4 -8
417 A 19 0 8 -3 4 -8
417 A 19 0 -9 -3 -7 -4
417 A 19 0 9 -3 7 -4
417 A 19 0 0 -4 0 5
417 A 19 0 -2 -4 3 -6
417 A 19 0 2 -4 -3 -6
417 A 19 0 -3 -4 5 6
417 A 19 0 3 -4 -5 6
417 A 19 0 -5 -4 9 8
417 A 19 0 5 -4 -9 8
417 A 19 0 -6 -4 6 -4
417 A 19 0 -8 -4 -3 -8
417 A 19 0 8 -4 3 -8
417 A 19 0 -9 -4 -6 9
417 A 19 0 9 -4 6 9
417 A 19 0 -2 -5 -1 -7
417 A 19 0 2 -5 1 -7
417 A 19 0 -3 -5 1 -8
417 A 19 0 3 -5 -1 -8
417 A 19 0 -4 -5 8 9
417 A 19 0 4 -5 -8 9
417 A 19 0 -8 -5 8 -5
417 A 19 0 -9 -5 -9 5
417 A 19 0 -4 -6 -4 6
417 A 19 0 -8 -6 3 -7
417 A 19 0 8 -6 -3 -7
417 A 19 0 -9 -6 4 -9
417 A 19 0 9 -6 -4 -9
417 A 19 0 0 -7 0 -8
417 A 19 0 -4 -7 -3 -9
417 A 19 0 4 -7 3 -9
417 A 19 0 -5 -7 -1 9
417 A 19 0 5 -7 1 9
417 A 19 0 -2 -8 -7 9
417 A 19 0 2 -8 7 9
417 A 19 0 -5 -8 -5 8
417 A 19 0 -2 -9 -2 9
417 A 19 0 -5 -9 5 -9
417 A 20 0 0 -1 0 7
417 A 20 0 -2 -1 2 -1
417 A 20 0 -4 -1 8 3
417 A 20 0 4 -1 -8 3
417 A 20 0 -6 -1 2 3
417 A 20 0 6 -1 -2 3
417 A 20 0 -8 -1 8 -1
417 A 20 0 10 -1 10 7
417 A 20 0 0 -3 0 9
417 A 20 0 -4 -3 -4 -7
417 A 20 0 4 -3 4 -7
417 A 20 0 -6 -3 -6 -7
417 A 20 0 6 -3 6 -7
417 A 20 0 10 -3 10 9
417 A 20 0 -2 -7 6 9
417 A 20 0 2 -7 -6 9
417 A 20 0 -8 -7 4 9
417 A 20 0 8 -7 -4 9
417 A 20 0 -2 -9 2 -9
417 A 20 0 -8 -9 8 -9
417 A 0 1 -23 0 -145 0
417 A 0 1 -28 0 -134 0
417 A 0 1 -29 0 -115 0
417 A 0 1 -34 0 184 0
417 A 0 1 -35 0 143 0
417 A 0 1 -40 0 73 0
417 A 0 1 -46 0 136 0
417 A 0 1 -47 0 71 0
417 A 0 1 -55 0 91 0
417 A 0 1 -56 0 -67 0
417 A 0 1 -68 0 92 0
417 A 0 1 -70 0 -137 0
417 A 0 1 -79 0 -95 0
417 A 0 1 -94 0 -173 0
417 A 0 1 -110 0 -163 0
417 A 0 1 -112 0 175 0
417 A 0 1 -116 0 -133 0
417 A 0 1 -122 0 188 0
417 A 0 1 -127 0 -197 0
417 A 0 1 -131 0 191 0
417 A 0 1 -142 0 -185 0
417 A 0 1 -187 0 -194 0
417 A -1 1 -21 0 -199 0
417 A -1 1 -23 0 -109 0
417 A -1 1 -25 0 -117 0
417 A -1 1 -27 0 31 0
417 A -1 1 -29 0 173 0
417 A -1 1 -35 0 -203 0
417 A -1 1 -37 0 113 0
417 A -1 1 -39 0 -75 0
417 A -1 1 -41 0 51 0
417 A -1 1 -43 0 175 0
417 A -1 1 -45 0 -65 0
417 A -1 1 -53 0 71 0
417 A -1 1 -63 0 73 0
417 A -1 1 -67 0 -131 0
417 A -1 1 -69 0 103 0
417 A -1 1 -79 0 127 0
417 A -1 1 -87 0 197 0
417 A -1 1 -89 0 155 0
417 A -1 1 -91 0 147 0
417 A -1 1 -101 0 149 0
417 A -1 1 -105 0 -207 0
417 A -1 1 -107 0 -125 0
417 A -1 1 -111 0 177 0
417 A -1 1 -115 0 -189 0
417 A -1 1 -151 0 -191 0
417 A -1 1 -157 0 -205 0
417 A -1 1 -159 0 163 0
417 A -1 1 -183 0 -201 0
417 A 1 1 -21 0 -199 0
417 A 1 1 -23 0 -109 0
417 A 1 1 -25 0 -117 0
417 A 1 1 -27 0 31 0
417 A 1 1 -29 0 173 0
417 A 1 1 -35 0 -203 0
417 A 1 1 -37 0 113 0
417 A 1 1 -39 0 -75 0
417 A 1 1 -41 0 51 0
417 A 1 1 -43 0 175 0
417 A 1 1 -45 0 -65 0
417 A 1 1 -53 0 71 0
417 A 1 1 -63 0 73 0
417 A 1 1 -67 0 -131 0
417 A 1 1 -69 0 103 0
417 A 1 1 -79 0 127 0
417 A 1 1 -87 0 197 0
417 A 1 1 -89 0 155 0
417 A 1 1 -91 0 147 0
417 A 1 1 -101 0 149 0
417 A 1 1 -105 0 -207 0
417 A 1 1 -107 0 -125 0
417 A 1 1 -111 0 177 0
417 A 1 1 -115 0 -189 0
417 A 1 1 -151 0 -191 0
417 A 1 1 -157 0 -205 0
417 A 1 1 -159 0 163 0
417 A 1 1 -183 0 -201 0
417 A -2 1 -23 0 -181 -1
417 A -2 1 -24 0 191 1
417 A -2 1 -37 0 -91 0
417 A -2 1 -40 0 198 1
417 A -2 1 -55 0 -197 -1
417 A -2 1 -57 0 -96 0
417 A -2 1 -66 0 183 1
417 A -2 1 -80 0 100 0
417 A -2 1 -89 0 121 1
417 A -2 1 -126 -1 -146 -1
417 A 2 1 -23 0 -181 1
417 A 2 1 -24 0 191 -1
417 A 2 1 -37 0 -91 0
417 A 2 1 -40 0 198 -1
417 A 2 1 -55 0 -197 1
417 A 2 1 -57 0 -96 0
417 A 2 1 -66 0 183 -1
417 A 2 1 -80 0 100 0
417 A 2 1 -89 0 121 -1
417 A 2 1 126 -1 146 -1
417 A -3 1 -23 0 -37 0
417 A -3 1 -29 0 188 1
417 A -3 1 -31 0 55 0
417 A -3 1 -35 0 -70 -1
417 A -3 1 -41 0 -184 -1
417 A -3 1 -43 0 106 1
417 A -3 1 -47 0 -142 -1
417 A -3 1 -49 0 -110 -1
417 A -3 1 -53 0 206 1
417 A -3 1 -76 -1 148 1
417 A -3 1 -88 -1 100 1
417 A -3 1 -92 -1 -136 -1
417 A -3 1 -94 -1 -98 -1
417 A -3 1 -112 -1 160 1
417 A -3 1 -116 -1 176 1
417 A -3 1 -124 -1 -158 -1
417 A -3 1 -130 -1 202 1
417 A -3 1 -134 -1 -196 -1
417 A -3 1 -146 -1 200 1
417 A -3 1 -172 -1 -182 -1
417 A 3 1 -23 0 -37 0
417 A 3 1 -29 0 188 -1
417 A 3 1 -31 0 55 0
417 A 3 1 -35 0 -70 1
417 A 3 1 -41 0 -184 1
417 A 3 1 -43 0 106 -1
417 A 3 1 -47 0 -142 1
417 A 3 1 -49 0 -110 1
417 A 3 1 -53 0 206 -1
417 A 3 1 76 -1 -148 1
417 A 3 1 88 -1 -100 1
417 A 3 1 92 -1 136 -1
417 A 3 1 94 -1 98 -1
417 A 3 1 112 -1 -160 1
417 A 3 1 116 -1 -176 1
417 A 3 1 124 -1 158 -1
417 A 3 1 130 -1 -202 1
417 A 3 1 134 -1 196 -1
417 A 3 1 146 -1 -200 1
417 A 3 1 172 -1 182 -1
417 A -4 1 -21 0 157 2
417 A -4 1 -22 0 -55 -1
417 A -4 1 -32 0 195 2
417 A -4 1 -38 0 53 1
417 A -4 1 -41 0 161 2
417 A -4 1 -64 -1 117 1
417 A -4 1 -72 -1 -180 -2
417 A -4 1 -78 -1 -128 -1
417 A -4 1 -90 -1 -148 -1
417 A -4 1 -99 -1 198 2
417 A -4 1 -124 -1 155 1
417 A -4 1 -132 -1 -152 -1
417 A -4 1 -133 -1 169 2
417 A 4 1 -21 0 157 -2
417 A 4 1 -22 0 -55 1
417 A 4 1 -32 0 195 -2
417 A 4 1 -38 0 53 -1
417 A 4 1 -41 0 161 -2
417 A 4 1 64 -1 -117 1
417 A 4 1 72 -1 180 -2
417 A 4 1 78 -1 128 -1
417 A 4 1 90 -1 148 -1
417 A 4 1 99 -1 -198 2
417 A 4 1 124 -1 -155 1
417 A 4 1 132 -1 152 -1
417 A 4 1 133 -1 -169 2
417 A 21 0 -5 -1 5 -1
417 A 21 0 -7 -1 7 5
417 A 21 0 7 -1 -7 5
417 A 21 0 -8 -1 -4 -10
417 A 21 0 8 -1 4 -10
417 A 21 0 -10 -1 4 8
417 A 21 0 10 -1 -4 8
417 A 21 0 -1 -2 -2 4
417 A 21 0 1 -2 2 4
417 A 21 0 -2 -2 5 -5
417 A 21 0 2 -2 -5 -5
417 A 21 0 -5 -2 2 -5
417 A 21 0 5 -2 -2 -5
417 A 21 0 -7 -2 7 -8
417 A 21 0 7 -2 -7 -8
417 A 21 0 -8 -2 5 4
417 A 21 0 8 -2 -5 4
417 A 21 0 -10 -2 -8 10
417 A 21 0 10 -2 8 10
417 A 21 0 -1 -4 4 5
417 A 21 0 1 -4 -4 5
417 A 21 0 -4 -4 -8 8
417 A 21 0 4 -4 8 8
417 A 21 0 -7 -4 7 -4
417 A 21 0 -10 -4 1 8
417 A 21 0 10 -4 -1 8
417 A 21 0 -8 -5 5 10
417 A 21 0 8 -5 -5 10
417 A 21 0 -2 -8 2 -8
417 A 21 0 -5 -8 5 -8
417 A 21 0 -7 -10 7 -10
417 A -5 1 -23 0 163 2
417 A -5 1 -25 0 -48 -1
417 A -5 1 -27 0 126 1
417 A -5 1 -31 0 -52 -1
417 A -5 1 -33 0 62 1
417 A -5 1 -35 0 -96 -1
417 A -5 1 -37 0 -205 -2
417 A -5 1 -43 0 -175 -2
417 A -5 1 -40 -1 157 2
417 A -5 1 -64 -1 195 2
417 A -5 1 -66 -1 183 2
417 A -5 1 -70 -1 -155 -2
417 A -5 1 -72 -1 145 2
417 A -5 1 -74 -1 -197 -2
417 A -5 1 -78 -1 -203 -2
417 A -5 1 -90 -1 -102 -1
417 A -5 1 -100 -1 -171 -2
417 A -5 1 -108 -1 123 2
417 A -5 1 -110 -1 118 1
417 A -5 1 -124 -1 -199 -2
417 A -5 1 -125 -2 193 2
417 A -5 1 -127 -2 161 2
417 A -5 1 -129 -2 149 2
417 A -5 1 -147 -2 173 2
417 A -5 1 -189 -2 -201 -2
417 A 5 1 -23 0 163 -2
417 A 5 1 -25 0 -48 1
417 A 5 1 -27 0 126 -1
417 A 5 1 -31 0 -52 1
417 A 5 1 -33 0 62 -1
417 A 5 1 -35 0 -96 1
417 A 5 1 -37 0 -205 2
417 A 5 1 -43 0 -175 2
417 A 5 1 40 -1 -157 2
417 A 5 1 64 -1 -195 2
417 A 5 1 66 -1 -183 2
417 A 5 1 70 -1 155 -2
417 A 5 1 72 -1 -145 2
417 A 5 1 74 -1 197 -2
417 A 5 1 78 -1 203 -2
417 A 5 1 90 -1 102 -1
417 A 5 1 100 -1 171 -2
417 A 5 1 108 -1 -123 2
417 A 5 1 110 -1 -118 1
417 A 5 1 124 -1 199 -2
417 A 5 1 125 -2 -193 2
417 A 5 1 127 -2 -161 2
417 A 5 1 129 -2 -149 2
417 A 5 1 147 -2 -173 2
417 A 5 1 189 -2 201 -2
417 A -6 1 -22 0 97 1
417 A -6 1 -23 0 179 3
417 A -6 1 -25 0 133 2
417 A -6 1 -26 0 110 2
417 A -6 1 -29 0 113 2
417 A -6 1 -31 0 172 3
417 A -6 1 -37 0 43 1
417 A -6 1 -32 -1 143 2
417 A -6 1 -37 -1 -146 -2
417 A -6 1 -46 -1 55 1
417 A -6 1 -53 -1 197 3
417 A -6 1 -56 -1 89 1
417 A -6 1 -65 -1 122 2
417 A -6 1 -67 -1 193 3
417 A -6 1 -68 -1 -184 -3
417 A -6 1 -71 -1 -94 -1
417 A -6 1 -73 -1 -80 -1
417 A -6 1 -92 -1 -190 -3
417 A -6 1 -101 -1 -115 -2
417 A -6 1 -109 -2 -134 -2
417 A -6 1 -145 -2 -164 -2
417 A -6 1 -151 -2 196 3
417 A -6 1 -160 -2 175 2
417 A -6 1 -161 -2 -181 -3
417 A -6 1 -176 -2 182 3
417 A -6 1 -185 -3 194 3
417 A 6 1 -22 0 97 -1
417 A 6 1 -23 0 179 -3
417 A 6 1 -25 0 133 -2
417 A 6 1 -26 0 110 -2
417 A 6 1 -29 0 113 -2
417 A 6 1 -31 0 172 -3
417 A 6 1 -37 0 43 -1
417 A 6 1 32 -1 -143 2
417 A 6 1 37 -1 146 -2
417 A 6 1 46 -1 -55 1
417 A 6 1 53 -1 -197 3
417 A 6 1 56 -1 -89 1
417 A 6 1 65 -1 -122 2
417 A 6 1 67 -1 -193 3
417 A 6 1 68 -1 184 -3
417 A 6 1 71 -1 94 -1
417 A 6 1 73 -1 80 -1
417 A 6 1 92 -1 190 -3
417 A 6 1 101 -1 115 -2
417 A 6 1 109 -2 134 -2
417 A 6 1 145 -2 164 -2
417 A 6 1 151 -2 -196 3
417 A 6 1 160 -2 -175 2
417 A 6 1 161 -2 181 -3
417 A 6 1 176 -2 -182 3
417 A 6 1 185 -3 -194 3
417 A -7 1 -23 0 -74 -1
417 A -7 1 -25 0 -184 -3
417 A -7 1 -27 0 -62 -1
417 A -7 1 -29 0 204 3
417 A -7 1 -33 0 99 2
417 A -7 1 -30 -1 56 1
417 A -7 1 -38 -1 131 2
417 A -7 1 -50 -1 125 2
417 A -7 1 -54 -1 170 3
417 A -7 1 -66 -1 76 1
417 A -7 1 -68 -1 80 1
417 A -7 1 -92 -1 172 3
417 A -7 1 -87 -2 -182 -3
417 A -7 1 -107 -2 -160 -3
417 A -7 1 -115 -2 -156 -3
417 A -7 1 -127 -2 174 3
417 A -7 1 -149 -2 202 3
417 A -7 1 -151 -2 188 3
417 A -7 1 -146 -3 -152 -3
417 A 7 1 -23 0 -74 1
417 A 7 1 -25 0 -184 3
417 A 7 1 -27 0 -62 1
417 A 7 1 -29 0 204 -3
417 A 7 1 -33 0 99 -2
417 A 7 1 30 -1 -56 1
417 A 7 1 38 -1 -131 2
417 A 7 1 50 -1 -125 2
417 A 7 1 54 -1 -170 3
417 A 7 1 66 -1 -76 1
417 A 7 1 68 -1 -80 1
417 A 7 1 92 -1 -172 3
417 A 7 1 87 -2 182 -3
417 A 7 1 107 -2 160 -3
417 A 7 1 115 -2 156 -3
417 A 7 1 127 -2 -174 3
417 A 7 1 149 -2 -202 3
417 A 7 1 151 -2 -188 3
417 A 7 1 146 -3 152 -3
417 A -8 1 -22 0 -129 -3
417 A -8 1 -28 -1 131 2
417 A -8 1 -34 -1 110 2
417 A -8 1 -48 -1 -130 -2
417 A -8 1 -55 -1 76 1
417 A -8 1 -65 -1 -96 -2
417 A -8 1 -67 -1 162 3
417 A -8 1 -81 -1 195 4
417 A -8 1 -93 -2 179 3
417 A -8 1 -94 -2 -191 -4
417 A -8 1 -98 -2 149 3
417 A -8 1 -133 -2 -160 -3
417 A -8 1 -144 -3 -185 -3
417 A -8 1 -164 -3 -173 -3
417 A 8 1 -22 0 -129 3
417 A 8 1 28 -1 -131 2
417 A 8 1 34 -1 -110 2
417 A 8 1 48 -1 130 -2
417 A 8 1 55 -1 -76 1
417 A 8 1 65 -1 96 -2
417 A 8 1 67 -1 -162 3
417 A 8 1 81 -1 -195 4
417 A 8 1 93 -2 -179 3
417 A 8 1 94 -2 191 -4
417 A 8 1 98 -2 -149 3
417 A 8 1 133 -2 160 -3
417 A 8 1 144 -3 185 -3
417 A 8 1 164 -3 173 -3
417 A 22 0 0 -3 0 -7
417 A 22 0 -2 -3 4 5
417 A 22 0 2 -3 -4 5
417 A 22 0 -4 -3 10 9
417 A 22 0 4 -3 -10 9
417 A 22 0 0 -5 0 9
417 A 22 0 -2 -5 2 -5
417 A 22 0 -2 -7 -2 7
417 A 22 0 -4 -9 4 -9
417 A 22 0 -6 -9 -6 9
417 A -9 1 -23 0 56 1
417 A -9 1 -25 0 -203 -4
417 A -9 1 -26 -1 158 3
417 A -9 1 -28 -1 148 3
417 A -9 1 -34 -1 112 3
417 A -9 1 -38 -1 44 1
417 A -9 1 -58 -1 187 4
417 A -9 1 -70 -1 118 3
417 A -9 1 -77 -2 146 3
417 A -9 1 -91 -2 -197 -4
417 A -9 1 -95 -2 101 2
417 A -9 1 -124 -3 -128 -3
417 A -9 1 -130 -3 -167 -4
417 A -9 1 -152 -3 -181 -4
417 A -9 1 -166 -3 -173 -4
417 A 9 1 -23 0 56 -1
417 A 9 1 -25 0 -203 4
417 A 9 1 26 -1 -158 3
417 A 9 1 28 -1 -148 3
417 A 9 1 34 -1 -112 3
417 A 9 1 38 -1 -44 1
417 A 9 1 58 -1 -187 4
417 A 9 1 70 -1 -118 3
417 A 9 1 77 -2 -146 3
417 A 9 1 91 -2 197 -4
417 A 9 1 95 -2 -101 2
417 A 9 1 124 -3 128 -3
417 A 9 1 130 -3 167 -4
417 A 9 1 152 -3 181 -4
417 A 9 1 166 -3 173 -4
417 A -10 1 -23 0 35 1
417 A -10 1 -24 0 187 5
417 A -10 1 -25 0 -52 -1
417 A -10 1 -18 -1 -190 -5
417 A -10 1 -28 -1 -58 -1
417 A -10 1 -31 -1 187 4
417 A -10 1 -36 -1 -186 -5
417 A -10 1 -38 -1 -110 -3
417 A -10 1 -39 -1 -171 -4
417 A -10 1 -50 -1 -92 -2
417 A -10 1 -60 -1 -76 -2
417 A -10 1 -61 -1 -183 -5
417 A -10 1 -62 -2 -115 -3
417 A -10 1 -70 -2 -197 -5
417 A -10 1 -72 -2 -98 -2
417 A -10 1 -73 -2 -149 -4
417 A -10 1 -75 -2 -184 -5
417 A -10 1 -78 -2 123 3
417 A -10 1 -88 -2 185 4
417 A -10 1 -97 -2 -150 -4
417 A -10 1 -105 -3 150 3
417 A -10 1 -109 -3 -172 -4
417 A -10 1 -121 -3 -162 -4
417 A -10 1 -127 -3 151 4
417 A -10 1 -134 -3 146 4
417 A 10 1 -23 0 35 -1
417 A 10 1 -24 0 187 -5
417 A 10 1 -25 0 -52 1
417 A 10 1 18 -1 190 -5
417 A 10 1 28 -1 58 -1
417 A 10 1 31 -1 -187 4
417 A 10 1 36 -1 186 -5
417 A 10 1 38 -1 110 -3
417 A 10 1 39 -1 171 -4
417 A 10 1 50 -1 92 -2
417 A 10 1 60 -1 76 -2
417 A 10 1 61 -1 183 -5
417 A 10 1 62 -2 115 -3
417 A 10 1 70 -2 197 -5
417 A 10 1 72 -2 98 -2
417 A 10 1 73 -2 149 -4
417 A 10 1 75 -2 184 -5
417 A 10 1 78 -2 -123 3
417 A 10 1 88 -2 -185 4
417 A 10 1 97 -2 150 -4
417 A 10 1 105 -3 -150 3
417 A 10 1 109 -3 172 -4
417 A 10 1 121 -3 162 -4
417 A 10 1 127 -3 -151 4
417 A 10 1 134 -3 -146 4
417 A 23 0 -11 -1 -9 5
417 A 23 0 11 -1 9 5
417 A 23 0 0 -2 0 -4
417 A 23 0 -1 -2 -7 -9
417 A 23 0 1 -2 7 -9
417 A 23 0 -2 -2 3 -3
417 A 23 0 2 -2 -3 -3
417 A 23 0 -5 -2 2 -10
417 A 23 0 5 -2 -2 -10
417 A 23 0 -9 -2 9 -2
417 A 23 0 -10 -2 -11 -7
417 A 23 0 10 -2 11 -7
417 A 23 0 -11 -2 7 5
417 A 23 0 11 -2 -7 5
417 A 23 0 -2 -3 6 -9
417 A 23 0 2 -3 -6 -9
417 A 23 0 -7 -3 1 -7
417 A 23 0 7 -3 -1 -7
417 A 23 0 -8 -3 -8 3
417 A 23 0 -9 -3 2 7
417 A 23 0 9 -3 -2 7
417 A 23 0 -10 -3 -3 -6
417 A 23 0 10 -3 3 -6
417 A 23 0 -1 -4 8 -9
417 A 23 0 1 -4 -8 -9
417 A 23 0 -2 -4 8 7
417 A 23 0 2 -4 -8 7
417 A 23 0 -4 -4 -10 10
417 A 23 0 4 -4 10 10
417 A 23 0 -10 -4 1 -5
417 A 23 0 10 -4 -1 -5
417 A 23 0 -11 -4 10 11
417 A 23 0 11 -4 -10 11
417 A 23 0 -2 -5 -9 11
417 A 23 0 2 -5 9 11
417 A 23 0 -4 -5 -4 5
417 A 23 0 -6 -5 10 7
417 A 23 0 6 -5 -10 7
417 A 23 0 -8 -5 8 -5
417 A 23 0 -4 -6 3 7
417 A 23 0 4 -6 -3 7
417 A 23 0 -5 -6 -1 -8
417 A 23 0 5 -6 1 -8
417 A 23 0 -7 -6 4 -10
417 A 23 0 7 -6 -4 -10
417 A 23 0 -8 -6 7 -11
417 A 23 0 8 -6 -7 -11
417 A 23 0 -4 -7 2 8
417 A 23 0 4 -7 -2 8
417 A 23 0 -6 -7 -6 7
417 A 23 0 -3 -8 11 9
417 A 23 0 3 -8 -11 9
417 A 23 0 -4 -8 4 -8
417 A 23 0 -2 -9 -8 -10
417 A 23 0 2 -9 8 -10
417 A 23 0 -4 -9 -7 10
417 A 23 0 4 -9 7 10
417 A 23 0 -5 -10 -6 -11
417 A 23 0 5 -10 6 -11
417 A 23 0 -11 -11 11 -11
417 A -11 1 -14 -1 -32 -1
417 A -11 1 -18 -1 134 3
417 A -11 1 -20 -1 188 5
417 A -11 1 -22 -1 -130 -3
417 A -11 1 -24 -1 90 3
417 A -11 1 -26 -1 -145 -4
417 A -11 1 -36 -1 -81 -2
417 A -11 1 -54 -1 116 3
417 A -11 1 -62 -1 155 4
417 A -11 1 -59 -2 71 2
417 A -11 1 -96 -3 138 3
417 A -11 1 -108 -3 112 3
417 A -11 1 -124 -3 -202 -5
417 A -11 1 -126 -3 -192 -5
417 A -11 1 -136 -3 -147 -4
417 A -11 1 -149 -4 -168 -5
417 A -11 1 -166 -5 -186 -5
417 A -11 1 -172 -5 -182 -5
417 A 11 1 14 -1 32 -1
417 A 11 1 18 -1 -134 3
417 A 11 1 20 -1 -188 5
417 A 11 1 22 -1 130 -3
417 A 11 1 24 -1 -90 3
417 A 11 1 26 -1 145 -4
417 A 11 1 36 -1 81 -2
417 A 11 1 54 -1 -116 3
417 A 11 1 62 -1 -155 4
417 A 11 1 59 -2 -71 2
417 A 11 1 96 -3 -138 3
417 A 11 1 108 -3 -112 3
417 A 11 1 124 -3 202 -5
417 A 11 1 126 -3 192 -5
417 A 11 1 136 -3 147 -4
417 A 11 1 149 -4 168 -5
417 A 11 1 166 -5 186 -5
417 A 11 1 172 -5 182 -5
417 A -12 1 -13 -1 154 4
417 A -12 1 -14 -1 -115 -3
417 A -12 1 -20 -1 191 6
417 A -12 1 -25 -1 67 2
417 A -12 1 -34 -1 49 1
417 A -12 1 -37 -1 169 5
417 A -12 1 -41 -1 -91 -3
417 A -12 1 -53 -1 116 4
417 A -12 1 -50 -2 -175 -5
417 A -12 1 -52 -2 -119 -3
417 A -12 1 -73 -2 154 5
417 A -12 1 -74 -2 -118 -4
417 A -12 1 -76 -2 -170 -5
417 A -12 1 -79 -2 196 5
417 A -12 1 -80 -2 -130 -4
417 A -12 1 -82 -2 157 5
417 A -12 1 -92 -3 158 4
417 A -12 1 -95 -3 149 4
417 A -12 1 -97 -3 172 5
417 A -12 1 -98 -3 -187 -5
417 A -12 1 -121 -3 196 6
417 A -12 1 -131 -4 197 5
417 A -12 1 -151 -4 193 6
417 A -12 1 -173 -5 188 5
417 A 12 1 13 -1 -154 4
417 A 12 1 14 -1 115 -3
417 A 12 1 20 -1 -191 6
417 A 12 1 25 -1 -67 2
417 A 12 1 34 -1 -49 1
417 A 12 1 37 -1 -169 5
417 A 12 1 41 -1 91 -3
417 A 12 1 53 -1 -116 4
417 A 12 1 50 -2 175 -5
417 A 12 1 52 -2 119 -3
417 A 12 1 73 -2 -154 5
417 A 12 1 74 -2 118 -4
417 A 12 1 76 -2 170 -5
417 A 12 1 79 -2 -196 5
417 A 12 1 80 -2 130 -4
417 A 12 1 82 -2 -157 5
417 A 12 1 92 -3 -158 4
417 A 12 1 95 -3 -149 4
417 A 12 1 97 -3 -172 5
417 A 12 1 98 -3 187 -5
417 A 12 1 121 -3 -196 6
417 A 12 1 131 -4 -197 5
417 A 12 1 151 -4 -193 6
417 A 12 1 173 -5 -188 5
417 A 24 0 -1 -2 -11 -2
417 A 24 0 1 -2 11 -2
417 A 24 0 -8 -7 8 -7
417 A 24 0 -1 -10 -11 -10
417 A 24 0 1 -10 11 -10
417 A 24 0 -8 -11 8 -11
417 A -13 1 -14 -1 -152 -5
417 A -13 1 -24 -1 -69 -2
417 A -13 1 -30 -1 -83 -2
417 A -13 1 -34 -1 -135 -4
417 A -13 1 -48 -1 191 6
417 A -13 1 -51 -2 98 3
417 A -13 1 -53 -2 -63 -2
417 A -13 1 -61 -2 -164 -5
417 A -13 1 -85 -2 -162 -5
417 A -13 1 -88 -3 -185 -6
417 A -13 1 -100 -3 -150 -5
417 A -13 1 -125 -4 180 5
417 A -13 1 -174 -5 177 6
417 A 13 1 14 -1 152 -5
417 A 13 1 24 -1 69 -2
417 A 13 1 30 -1 83 -2
417 A 13 1 34 -1 135 -4
417 A 13 1 48 -1 -191 6
417 A 13 1 51 -2 -98 3
417 A 13 1 53 -2 63 -2
417 A 13 1 61 -2 164 -5
417 A 13 1 85 -2 162 -5
417 A 13 1 88 -3 185 -6
417 A 13 1 100 -3 150 -5
417 A 13 1 125 -4 -180 5
417 A 13 1 174 -5 -177 6
417 A -14 1 -16 -1 -101 -3
417 A -14 1 -28 -1 45 2
417 A -14 1 -31 -1 81 2
417 A -14 1 -45 -1 -131 -4
417 A -14 1 -43 -2 -175 -6
417 A -14 1 -55 -2 -68 -2
417 A -14 1 -56 -2 -186 -6
417 A -14 1 -63 -2 86 3
417 A -14 1 -70 -2 196 7
417 A -14 1 -79 -2 191 6
417 A -14 1 -72 -3 187 7
417 A -14 1 -113 -4 -144 -5
417 A -14 1 -115 -4 134 4
417 A -14 1 -151 -5 163 5
417 A -14 1 -155 -5 183 6
417 A 14 1 16 -1 101 -3
417 A 14 1 28 -1 -45 2
417 A 14 1 31 -1 -81 2
417 A 14 1 45 -1 131 -4
417 A 14 1 43 -2 175 -6
417 A 14 1 55 -2 68 -2
417 A 14 1 56 -2 186 -6
417 A 14 1 63 -2 -86 3
417 A 14 1 70 -2 -196 7
417 A 14 1 79 -2 -191 6
417 A 14 1 72 -3 -187 7
417 A 14 1 113 -4 144 -5
417 A 14 1 115 -4 -134 4
417 A 14 1 151 -5 -163 5
417 A 14 1 155 -5 -183 6
417 A 25 0 -2 -2 -9 9
417 A 25 0 2 -2 9 9
417 A 25 0 -6 -2 -11 12
417 A 25 0 6 -2 11 12
417 A 25 0 -7 -2 -4 -6
417 A 25 0 7 -2 4 -6
417 A 25 0 -10 -2 -5 11
417 A 25 0 10 -2 5 11
417 A 25 0 -11 -2 -1 7
417 A 25 0 11 -2 1 7
417 A 25 0 -12 -2 1 4
417 A 25 0 12 -2 -1 4
417 A 25 0 -2 -3 11 -4
417 A 25 0 2 -3 -11 -4
417 A 25 0 -3 -3 -6 6
417 A 25 0 3 -3 6 6
417 A 25 0 -4 -3 -9 -12
417 A 25 0 4 -3 9 -12
417 A 25 0 -8 -3 -1 -9
417 A 25 0 8 -3 1 -9
417 A 25 0 -9 -3 1 8
417 A 25 0 9 -3 -1 8
417 A 25 0 -2 -4 2 -4
417 A 25 0 -3 -4 -12 -9
417 A 25 0 3 -4 12 -9
417 A 25 0 -12 -4 7 6
417 A 25 0 12 -4 -7 6
417 A 25 0 -5 -6 -10 12
417 A 25 0 5 -6 10 12
417 A 25 0 -8 -6 8 -6
417 A 25 0 -2 -7 -4 -11
417 A 25 0 2 -7 4 -11
417 A 25 0 -3 -8 -1 11
417 A 25 0 3 -8 1 11
417 A 25 0 -2 -9 -8 11
417 A 25 0 2 -9 8 11
417 A -15 1 -67 -2 94 3
417 A -15 1 -124 -5 181 6
417 A -15 1 -196 -7 -200 -7
417 A 15 1 67 -2 -94 3
417 A 15 1 124 -5 -181 6
417 A 15 1 196 -7 200 -7
417 A -16 1 -34 -1 111 4
417 A -16 1 -33 -2 -112 -4
417 A -16 1 -38 -2 77 3
417 A -16 1 -40 -2 135 5
417 A -16 1 -68 -2 -153 -6
417 A -16 1 -59 -3 -143 -6
417 A -16 1 -97 -4 -129 -5
417 A -16 1 -114 -4 -164 -7
417 A -16 1 -122 -4 -119 -5
417 A 16 1 34 -1 -111 4
417 A 16 1 33 -2 112 -4
417 A 16 1 38 -2 -77 3
417 A 16 1 40 -2 -135 5
417 A 16 1 68 -2 153 -6
417 A 16 1 59 -3 143 -6
417 A 16 1 97 -4 129 -5
417 A 16 1 114 -4 164 -7
417 A 16 1 122 -4 119 -5
417 A 26 0 0 -3 0 -9
417 A -17 1 -18 -1 -70 -3
417 A -17 1 -44 -1 -47 -2
417 A -17 1 -54 -3 110 5
417 A -17 1 -151 -6 -174 -7
417 A 17 1 18 -1 70 -3
417 A 17 1 44 -1 47 -2
417 A 17 1 54 -3 -110 5
417 A 17 1 151 -6 174 -7
417 A 27 0 -13 -2 13 -2
417 A 27 0 -1 -5 7 -8
417 A 27 0 1 -5 -7 -8
417 A 27 0 -2 -5 8 7
417 A 27 0 2 -5 -8 7
417 A 27 0 -5 -5 5 -5
417 A 27 0 -7 -7 -8 8
417 A 27 0 7 -7 8 8
417 A 27 0 -2 -8 -10 13
417 A 27 0 2 -8 10 13
417 A 27 0 -4 -8 4 -8
417 A 27 0 -4 -10 4 -10
417 A 27 0 -13 -11 13 -11
417 A -18 1 -22 -1 190 9
417 A -18 1 -28 -2 130 5
417 A -18 1 -34 -2 181 7
417 A -18 1 -43 -2 -146 -7
417 A -18 1 -62 -2 -166 -8
417 A -18 1 -64 -2 163 7
417 A -18 1 -62 -3 -169 -8
417 A -18 1 -64 -3 85 4
417 A -18 1 -83 -4 -106 -5
417 A -18 1 -104 -5 125 6
417 A -18 1 -115 -5 -203 -8
417 A -18 1 -119 -6 158 7
417 A -18 1 -127 -6 -188 -9
417 A -18 1 -155 -6 -193 -9
417 A -18 1 -148 -7 -167 -8
417 A -18 1 -155 -7 194 9
417 A 18 1 22 -1 -190 9
417 A 18 1 28 -2 -130 5
417 A 18 1 34 -2 -181 7
417 A 18 1 43 -2 146 -7
417 A 18 1 62 -2 166 -8
417 A 18 1 64 -2 -163 7
417 A 18 1 62 -3 169 -8
417 A 18 1 64 -3 -85 4
417 A 18 1 83 -4 106 -5
417 A 18 1 104 -5 -125 6
417 A 18 1 115 -5 203 -8
417 A 18 1 119 -6 -158 7
417 A 18 1 127 -6 188 -9
417 A 18 1 155 -6 193 -9
417 A 18 1 148 -7 167 -8
417 A 18 1 155 -7 -194 9
417 A -19 1 -25 -2 133 6
417 A -19 1 -71 -4 122 5
417 A 19 1 25 -2 -133 6
417 A 19 1 71 -4 -122 5
417 A 28 0 -12 -13 12 -13
417 A -20 1 -36 -1 -128 -6
417 A -20 1 -39 -2 193 10
417 A -20 1 -81 -3 -97 -5
417 A -20 1 -139 -6 208 9
417 A -20 1 -142 -7 150 8
417 A -20 1 -178 -8 194 10
417 A 20 1 36 -1 128 -6
417 A 20 1 39 -2 -193 10
417 A 20 1 81 -3 97 -5
417 A 20 1 139 -6 -208 9
417 A 20 1 142 -7 -150 8
417 A 20 1 178 -8 -194 10
417 A 29 0 -6 -2 -5 -8
417 A 29 0 6 -2 5 -8
417 A 29 0 -11 -2 2 -3
417 A 29 0 11 -2 -2 -3
417 A 29 0 -8 -3 -6 -5
417 A 29 0 8 -3 6 -5
417 A 29 0 -9 -3 -13 14
417 A 29 0 9 -3 13 14
417 A 29 0 0 -5 0 10
417 A 29 0 -1 -5 2 -10
417 A 29 0 1 -5 -2 -10
417 A 29 0 -4 -5 4 -5
417 A 29 0 -5 -5 -14 14
417 A 29 0 5 -5 14 14
417 A 29 0 -14 -8 14 -8
417 A 29 0 -9 -9 -11 11
417 A 29 0 9 -9 11 11
417 A 29 0 -1 -10 -1 10
417 A 29 0 -4 -11 7 -12
417 A 29 0 4 -11 -7 -12
417 A -22 1 -36 -1 -101 -6
417 A -22 1 -43 -2 57 4
417 A -22 1 -39 -3 -134 -6
417 A -22 1 -68 -4 -129 -7
417 A 22 1 36 -1 101 -6
417 A 22 1 43 -2 -57 4
417 A 22 1 39 -3 134 -6
417 A 22 1 68 -4 129 -7
417 A -23 1 -35 -2 -143 -8
417 A -23 1 -72 -3 -162 -9
417 A 23 1 35 -2 143 -8
417 A 23 1 72 -3 162 -9
417 A 31 0 -6 -2 -6 2
417 A 31 0 -10 -2 10 -2
417 A 31 0 -3 -4 6 -8
417 A 31 0 3 -4 -6 -8
417 A 31 0 -4 -4 15 -15
417 A 31 0 4 -4 -15 -15
417 A 31 0 -5 -4 5 -4
417 A 31 0 -15 -5 10 7
417 A 31 0 15 -5 -10 7
417 A 31 0 -11 -7 11 -7
417 A 31 0 -7 -8 -14 -15
417 A 31 0 7 -8 14 -15
417 A 31 0 -8 -8 -8 8
417 A 31 0 -9 -8 -13 15
417 A 31 0 9 -8 13 15
417 A 31 0 -1 -10 -5 -12
417 A 31 0 1 -10 5 -12
417 A -24 1 -32 -2 -91 -5
417 A -24 1 -37 -2 -113 -6
417 A -24 1 -74 -4 152 9
417 A 24 1 32 -2 91 -5
417 A 24 1 37 -2 113 -6
417 A 24 1 74 -4 -152 9
417 A 32 0 -10 -7 2 -11
417 A 32 0 10 -7 -2 -11
417 A -25 1 -35 -2 131 8
417 A 25 1 35 -2 -131 8
417 A 33 0 -13 -4 -2 -7
417 A 33 0 13 -4 2 -7
417 A 33 0 -2 -5 2 -5
417 A 33 0 -16 -10 -14 -16
417 A 33 0 16 -10 14 -16
417 A 33 0 -13 -16 13 -16
417 A -26 1 -36 -1 190 11
417 A -26 1 -36 -2 80 6
417 A -26 1 -47 -3 142 9
417 A -26 1 -117 -8 -190 -13
417 A 26 1 36 -1 -190 11
417 A 26 1 36 -2 -80 6
417 A 26 1 47 -3 -142 9
417 A 26 1 117 -8 190 -13
417 A -28 1 -28 -1 -81 -4
417 A -28 1 -9 -2 -136 -9
417 A -28 1 -46 -3 -54 -5
417 A -28 1 -61 -3 -129 -9
417 A -28 1 -66 -5 113 7
417 A -28 1 -87 -5 -147 -11
417 A -28 1 -133 -8 190 14
417 A 28 1 28 -1 81 -4
417 A 28 1 9 -2 136 -9
417 A 28 1 46 -3 54 -5
417 A 28 1 61 -3 129 -9
417 A 28 1 66 -5 -113 7
417 A 28 1 87 -5 147 -11
417 A 28 1 133 -8 -190 14
417 A 35 0 -1 -2 -16 -3
417 A 35 0 1 -2 16 -3
417 A 35 0 -17 -2 6 -11
417 A 35 0 17 -2 -6 -11
417 A 35 0 -2 -6 2 -6
417 A 35 0 -7 -11 7 -11
417 A 35 0 -4 -13 -4 13
417 A -29 1 -49 -2 -145 -10
417 A 29 1 49 -2 145 -10
417 A 36 0 -13 -2 13 -2
417 A 36 0 -11 -10 -1 14
417 A 36 0 11 -10 1 14
417 A 36 0 -13 -10 13 -10
417 A -30 1 -47 -2 -40 -4
417 A -30 1 -22 -3 -101 -8
417 A -30 1 -169 -11 -188 -13
417 A 30 1 47 -2 40 -4
417 A 30 1 22 -3 101 -8
417 A 30 1 169 -11 188 -13
417 A 37 0 -11 -2 -2 -3
417 A 37 0 11 -2 2 -3
417 A 37 0 -3 -3 9 -9
417 A 37 0 3 -3 -9 -9
417 A 37 0 -15 -3 -7 -6
417 A 37 0 15 -3 7 -6
417 A 37 0 -16 -3 -13 14
417 A 37 0 16 -3 13 14
417 A 37 0 -6 -6 -14 14
417 A 37 0 6 -6 14 14
417 A 37 0 -18 -6 1 12
417 A 37 0 18 -6 -1 12
417 A 37 0 -8 -8 8 -8
417 A 37 0 -2 -12 2 -12
417 A -32 1 -6 -2 181 13
417 A -32 1 -36 -2 178 12
417 A 32 1 6 -2 -181 13
417 A 32 1 36 -2 -178 12
417 A 38 0 -8 -5 8 -5
417 A 0 2 -46 1 136 1
417 A 41 0 -14 -3 20 -16
417 A 41 0 14 -3 -20 -16
417 A 41 0 -15 -3 15 -3
417 A 41 0 -15 -5 19 -20
417 A 41 0 15 -5 -19 -20
417 A 41 0 -16 -5 -9 -10
417 A 41 0 16 -5 9 -10
417 A 41 0 -10 -10 20 -20
417 A 41 0 10 -10 -20 -20
417 A 41 0 -11 -10 11 -10
417 A 41 0 -8 -11 10 17
417 A 41 0 8 -11 -10 17
417 A -6 2 -139 0 325 2
417 A 6 2 -139 0 325 -2
417 A -36 1 -32 -3 -64 -4
417 A 36 1 32 -3 64 -4
417 A 43 0 -9 -3 -11 18
417 A 43 0 9 -3 11 18
417 A 43 0 -6 -7 6 -7
417 A 43 0 -7 -7 -21 21
417 A 43 0 7 -7 21 21
417 A 43 0 -8 -7 -19 -21
417 A 43 0 8 -7 19 -21
417 A 43 0 -14 -12 14 -12
417 A 43 0 -20 -21 -20 21
417 A -38 1 -92 -8 -185 -19
417 A -38 1 -171 -14 186 19
417 A 38 1 92 -8 185 -19
417 A 38 1 171 -14 -186 19
417 A -40 1 -93 -10 186 20
417 A 40 1 93 -10 -186 20
417 A 45 0 -22 -16 22 -16
417 A 47 0 -12 -4 12 -4
417 A 47 0 -13 -13 13 -13
417 A -44 1 -45 -2 54 4
417 A -44 1 -47 -6 -184 -18
417 A 44 1 45 -2 -54 4
417 A 44 1 47 -6 184 -18
417 A 49 0 -2 -22 2 -22
417 A -46 1 -46 -3 -186 -19
417 A 46 1 46 -3 186 -19
417 A 53 0 -18 -6 -13 22
417 A 53 0 18 -6 13 22
417 A 53 0 -16 -16 16 -16
417 A 55 0 -21 -7 14 -23
417 A 55 0 21 -7 -14 -23
417 A 55 0 -27 -9 17 -24
417 A 55 0 27 -9 -17 -24
417 A 57 0 -28 -17 28 -17
417 A 59 0 -22 -22 22 -22
417 A 59 0 -3 -23 3 -23
417 A 61 0 -18 -6 30 -10
417 A 61 0 18 -6 -30 -10
417 A 61 0 -19 -6 19 -6
417 A -3 3 208 -1 521 2
417 A 3 3 -208 -1 -521 2
417 A 62 0 -20 -7 20 -7
417 A 63 0 -23 -8 23 -8
417 A 65 0 -32 -11 32 -11
417 A 65 0 -1 -22 -16 27
417 A 65 0 1 -22 16 27
417 A 67 0 -27 -9 27 -9
417 A 67 0 -33 -11 16 17
417 A 67 0 33 -11 -16 17
417 A 67 0 -17 -17 17 -17
417 A 67 0 -17 -28 -32 33
417 A 67 0 17 -28 32 33
417 A 69 0 -34 -34 34 -34
417 A 71 0 -28 -4 28 -4
417 A -70 1 -34 -12 172 35
417 A 70 1 34 -12 -172 35
417 A 76 0 -30 -5 30 -5
417 A 81 0 -5 -5 5 -5
417 A 0 4 -694 -1 694 -1
417 A 85 0 -37 -16 37 -16
417 A 93 0 -41 -29 41 -29
417 A 103 0 -51 -43 51 -43
417 A 105 0 -7 -46 7 -46
417 A 111 0 -8 -8 8 -8
417 A 115 0 -8 -41 8 -41
417 A 115 0 -38 -51 38 -51
417 A 123 0 -26 -44 26 -44
417 A 135 0 -67 -29 67 -29
417 A 137 0 -57 -57 57 -57
417 A 149 0 -12 -62 12 -62
417 A 159 0 -16 -16 16 -16
417 A 163 0 -16 -49 16 -49
417 A 171 0 -85 -17 85 -17
417 A 177 0 -22 -22 22 -22
417 A 181 0 -23 -68 23 -68
417 A 191 0 -32 -32 32 -32
417 A 201 0 -50 -50 50 -50
417 A 207 0 -103 -103 103 -103
417 S 3 1 6 0
417 S 1 1 11 0
417 S 2 2 11 0
417 S 3 3 11 0
417 S 4 4 11 0
417 S 5 5 11 0
417 S -1 1 11 0
417 S -2 2 11 0
417 S -3 3 11 0
417 S -4 4 11 0
417 S -5 5 11 0
417 S 5 1 13 0
417 S -3 2 13 0
417 S 2 3 13 0
417 S -6 4 13 0
417 S -1 5 13 0
417 S 4 6 13 0
417 S -5 1 13 0
417 S 3 2 13 0
417 S -2 3 13 0
417 S 6 4 13 0
417 S 1 5 13 0
417 S -4 6 13 0
417 S 5 1 17 0
417 S -7 2 17 0
417 S -2 3 17 0
417 S 3 4 17 0
417 S 8 5 17 0
417 S -4 6 17 0
417 S 1 7 17 0
417 S 6 8 17 0
417 S -5 1 17 0
417 S 7 2 17 0
417 S 2 3 17 0
417 S -3 4 17 0
417 S -8 5 17 0
417 S 4 6 17 0
417 S -1 7 17 0
417 S -6 8 17 0
417 S 1 1 19 0
417 S 2 2 19 0
417 S 3 3 19 0
417 S 4 4 19 0
417 S 5 5 19 0
417 S 6 6 19 0
417 S 7 7 19 0
417 S 8 8 19 0
417 S 9 9 19 0
417 S -1 1 19 0
417 S -2 2 19 0
417 S -3 3 19 0
417 S -4 4 19 0
417 S -5 5 19 0
417 S -6 6 19 0
417 S -7 7 19 0
417 S -8 8 19 0
417 S -9 9 19 0
417 T 541 539 541 -1 0
417 T 393 764 2603 0 0
417 T 2332 829 391 0 0
417 T 2605 770 2330 0 0
417 T 829 772 764 0 0
417 T 388 822 2434 0 0
417 T 2436 769 2527 0 0
417 T 2529 759 386 0 0
417 T 759 767 822 0 0
417 T 1033 1029 1037 1 0
417 T 417 413 421 1 0
417 T 1073 2852 415 0 0
417 T 413 2911 1067 0 0
417 T 2852 337 2911 0 0
417 T 817 507 2682 0 0
417 T 809 849 815 0 0
417 T 2684 2470 807 0 0
417 T 849 2472 507 0 0
417 T 812 850 802 0 0
417 T 804 2368 2738 0 0
417 T 2740 507 810 0 0
417 T 507 2366 850 0 0
417 T 229 1895 1031 0 0
417 T 1033 1045 1023 0 0
417 T 1025 2435 227 0 0
417 T 2435 1043 1895 0 0
417 T 224 2333 1018 0 0
417 T 1028 1949 222 0 0
417 T 1020 1046 1026 0 0
417 T 1949 1048 2333 0 0
417 T 1073 1212 1063 0 0
417 T 1065 152 1874 0 0
417 T 1876 1830 1071 0 0
417 T 1830 150 1212 0 0
417 T 1068 1752 1926 0 0
417 T 1060 1212 1066 0 0
417 T 1928 155 1058 0 0
417 T 1212 157 1752 0 0
417 T 2605 282 1047 0 0
417 T 282 770 1948 0 0
417 T 1044 281 2527 0 0
417 T 1894 769 281 0 0
417 T 549 788 2715 0 0
417 T 2524 862 547 0 0
417 T 2717 778 2522 0 0
417 T 862 780 788 0 0
417 T 544 861 2598 0 0
417 T 2600 777 2659 0 0
417 T 2661 783 542 0 0
417 T 783 775 861 0 0
417 T 1181 1189 1171 0 0
417 T 1173 315 2170 0 0
417 T 2172 2470 1179 0 0
417 T 2470 317 1189 0 0
417 T 1176 2368 2270 0 0
417 T 1168 1190 1174 0 0
417 T 2272 315 1166 0 0
417 T 1190 317 2368 0 0
417 T 3133 124 3615 0 0
417 T 3380 111 3131 0 0
417 T 3617 109 3378 0 0
417 T 111 107 124 0 0
417 T 3128 116 3450 0 0
417 T 3452 106 3519 0 0
417 T 3521 124 3126 0 0
417 T 124 108 116 0 0
417 T 557 578 547 0 0
417 T 2524 3100 555 0 0
417 T 3100 862 578 0 0
417 T 552 2998 2598 0 0
417 T 544 585 550 0 0
417 T 585 861 2998 0 0
417 T 173 1186 2427 0 0
417 T 1632 1196 171 0 0
417 T 2429 1214 1630 0 0
417 T 1196 1216 1186 0 0
417 T 174 2323 1191 0 0
417 T 1201 1673 176 0 0
417 T 1193 1216 1199 0 0
417 T 1673 1214 2323 0 0
417 T 421 419 421 -1 0
417 T 210 212 210 -1 0
417 T 1129 2161 1686 0 0
417 T 1121 1207 1127 0 0
417 T 1688 162 1119 0 0
417 T 1207 164 2161 0 0
417 T 1124 1204 1114 0 0
417 T 1116 169 1647 0 0
417 T 1649 2259 1122 0 0
417 T 2259 167 1204 0 0
417 T 169 152 160 0 0
417 T 158 3403 3675 0 0
417 T 3677 3344 167 0 0
417 T 3344 3405 152 0 0
417 T 164 3347 3579 0 0
417 T 160 155 162 0 0
417 T 3581 3477 158 0 0
417 T 155 3475 3347 0 0
417 T 973 1639 2570 0 0
417 T 965 1007 971 0 0
417 T 2572 193 963 0 0
417 T 1007 191 1639 0 0
417 T 968 1004 958 0 0
417 T 960 186 2495 0 0
417 T 2497 1680 966 0 0
417 T 1680 188 1004 0 0
417 T 701 867 695 0 0
417 T 401 2973 2603 0 0
417 T 393 428 399 0 0
417 T 428 764 2973 0 0
417 T 396 428 386 0 0
417 T 2529 3071 394 0 0
417 T 3071 759 428 0 0
417 T 373 806 1914 0 0
417 T 1916 848 2806 0 0
417 T 2808 816 371 0 0
417 T 368 811 2866 0 0
417 T 1865 805 366 0 0
417 T 2868 851 1863 0 0
417 T 941 2652 1774 0 0
417 T 933 1132 939 0 0
417 T 1776 247 931 0 0
417 T 1132 249 2652 0 0
417 T 936 1135 926 0 0
417 T 928 244 1695 0 0
417 T 1697 2706 934 0 0
417 T 2706 242 1135 0 0
417 T 257 295 247 0 0
417 T 2652 3470 255 0 0
417 T 3470 1130 295 0 0
417 T 252 3400 2706 0 0
417 T 244 296 250 0 0
417 T 296 1137 3400 0 0
417 T 1009 1058 999 0 0
417 T 997 1064 1003 0 0
417 T 1876 902 415 0 0
417 T 902 1830 2850 0 0
417 T 412 909 1926 0 0
417 T 2912 1752 909 0 0
417 T 609 2349 683 0 0
417 T 693 3084 607 0 0
417 T 685 746 691 0 0
417 T 3084 748 2349 0 0
417 T 604 2982 686 0 0
417 T 688 749 678 0 0
417 T 680 2451 602 0 0
417 T 2451 747 2982 0 0
417 T 725 857 715 0 0
417 T 717 1888 3051 0 0
417 T 3053 495 723 0 0
417 T 495 1886 857 0 0
417 T 720 492 2951 0 0
417 T 712 857 718 0 0
417 T 2953 1938 710 0 0
417 T 857 1940 492 0 0
417 T 1981 353 3427 0 0
417 T 2920 460 1979 0 0
417 T 3429 343 2918 0 0
417 T 460 345 353 0 0
417 T 357 1985 3356 0 0
417 T 349 464 355 0 0
417 T 3354 3018 347 0 0
417 T 464 3020 1985 0 0
417 T 401 3658 1047 0 0
417 T 2971 282 3658 0 0
417 T 3073 3562 279 0 0
417 T 3562 396 1044 0 0
417 T 569 1130 3386 0 0
417 T 573 576 567 0 0
417 T 3461 1136 571 0 0
417 T 3388 66 3459 0 0
417 T 478 2866 3374 0 0
417 T 529 1865 480 0 0
417 T 3376 851 527 0 0
417 T 480 1914 522 0 0
417 T 524 848 3446 0 0
417 T 3448 2808 478 0 0
417 T 257 903 1922 0 0
417 T 2017 2625 255 0 0
417 T 1924 1496 2015 0 0
417 T 2625 1494 903 0 0
417 T 252 2547 2010 0 0
417 T 2012 1607 1871 0 0
417 T 1873 908 250 0 0
417 T 908 1609 2547 0 0
417 T 237 3093 3522 0 0
417 T 2877 986 235 0 0
417 T 3524 180 2875 0 0
417 T 986 178 3093 0 0
417 T 185 3620 2817 0 0
417 T 993 2993 183 0 0
417 T 2815 238 991 0 0
417 T 2993 240 3620 0 0
417 T 241 1199 1666 0 0
417 T 1668 984 2814 0 0
417 T 990 982 1199 0 0
417 T 1629 1196 234 0 0
417 T 2876 983 1627 0 0
417 T 1196 985 989 0 0
417 T 180 1738 1327 0 0
417 T 1329 1348 1331 0 0
417 T 1333 2447 178 0 0
417 T 2447 1346 1738 0 0
417 T 184 2344 1331 0 0
417 T 1329 1821 182 0 0
417 T 1821 1348 2344 0 0
417 T 290 2671 787 0 0
417 T 797 1812 292 0 0
417 T 789 853 795 0 0
417 T 1812 851 2671 0 0
417 T 292 1730 790 0 0
417 T 792 846 782 0 0
417 T 784 2729 290 0 0
417 T 2729 848 1730 0 0
417 T 489 1103 2406 0 0
417 T 2408 2304 541 -1 0
417 T 1113 1107 1103 0 0
417 T 2304 1109 483 0 0
417 T 6 3046 3518 0 0
417 T 3453 1988 7 0 0
417 T 1988 107 3046 0 0
417 T 1990 2947 107 0 0
417 T 3378 7 1992 0 0
417 T 2947 6 3617 0 0
417 T 537 3054 607 0 0
417 T 609 270 2402 0 0
417 T 2404 3537 535 0 0
417 T 3537 272 3054 0 0
417 T 530 602 2954 0 0
417 T 2956 275 3631 0 0
417 T 3633 2301 532 0 0
417 T 2301 277 602 0 0
417 T 757 819 763 0 0
417 T 2972 1823 755 0 0
417 T 819 1825 429 0 0
417 T 760 819 750 0 0
417 T 752 1745 3070 0 0
417 T 429 1743 819 0 0
417 T 973 402 3358 0 0
417 T 3360 634 2570 0 0
417 T 1641 636 402 0 0
417 T 2497 641 3430 0 0
417 T 3432 409 966 0 0
417 T 409 639 1678 0 0
417 T 2172 509 3483 0 0
417 T 3485 847 1179 0 0
417 T 506 2273 3412 0 0
417 T 3410 1175 851 0 0
417 T 385 3409 2435 0 0
417 T 389 431 383 0 0
417 T 431 823 3409 0 0
417 T 826 434 3479 0 0
417 T 3481 384 2333 0 0
417 T 390 382 434 0 0
417 T 701 833 691 0 0
417 T 693 3103 899 0 0
417 T 901 2694 699 0 0
417 T 2694 3105 833 0 0
417 T 696 2752 894 0 0
417 T 688 834 694 0 0
417 T 896 3005 686 0 0
417 T 834 3003 2752 0 0
417 T 365 631 2934 0 0
417 T 357 445 363 0 0
417 T 2936 2480 355 0 0
417 T 445 2478 631 0 0
417 T 360 438 350 0 0
417 T 352 2374 3034 0 0
417 T 3036 628 358 0 0
417 T 628 2376 438 0 0
417 T 2017 440 2514 0 0
417 T 1792 2376 2015 0 0
417 T 2516 626 1790 0 0
417 T 2012 2478 1711 0 0
417 T 1713 633 2590 0 0
417 T 2592 443 2010 0 0
417 T 1069 1117 1075 0 0
417 T 1081 1119 1071 0 0
417 T 1141 1185 1131 0 0
417 T 1137 1183 1143 0 0
417 T 217 748 1322 0 0
417 T 1993 3082 215 0 0
417 T 1324 2347 1991 0 0
417 T 216 2984 1986 0 0
417 T 1988 2453 1323 0 0
417 T 193 3752 3051 0 0
417 T 185 198 191 0 0
417 T 3053 3256 183 0 0
417 T 198 3254 3752 0 0
417 T 188 205 178 0 0
417 T 180 3256 2951 0 0
417 T 2953 3802 186 0 0
417 T 3802 3254 205 0 0
417 T 2025 2046 2015 0 0
417 T 1924 116 2023 0 0
417 T 116 1496 2046 0 0
417 T 2020 111 1871 0 0
417 T 2012 2045 2018 0 0
417 T 2045 1607 111 0 0
417 T 141 3329 3742 0 0
417 T 133 151 139 0 0
417 T 3744 3105 131 0 0
417 T 151 3103 3329 0 0
417 T 136 156 130 0 0
417 T 132 3003 3794 0 0
417 T 3796 3330 134 0 0
417 T 3330 3005 156 0 0
417 T 497 3012 1091 0 0
417 T 1101 1950 495 0 0
417 T 1093 1163 1099 0 0
417 T 1950 1165 3012 0 0
417 T 492 1900 1094 0 0
417 T 1096 1163 1086 0 0
417 T 1088 3110 490 0 0
417 T 3110 1165 1900 0 0
417 T 249 2741 2007 0 0
417 T 241 316 247 0 0
417 T 2009 3754 239 0 0
417 T 316 3756 2741 0 0
417 T 244 316 234 0 0
417 T 236 3808 2002 0 0
417 T 2004 2683 242 0 0
417 T 2683 3806 316 0 0
417 T 625 3482 1730 -1 0
417 T 2729 1180 623 0 0
417 T 624 1175 2671 0 0
417 T 1812 3412 622 0 0
417 T 1959 1854 1906 0 0
417 T 2051 1642 1682 0 0
417 T 265 2179 2031 0 0
417 T 2033 1768 2314 0 0
417 T 2316 1279 263 0 0
417 T 1279 1766 2179 0 0
417 T 260 1284 2418 0 0
417 T 2028 2281 258 0 0
417 T 2420 1846 2026 0 0
417 T 2281 1848 1284 0 0
417 T 537 3032 480 0 0
417 T 529 564 535 0 0
417 T 3032 562 1863 0 0
417 T 480 2930 530 0 0
417 T 532 559 522 0 0
417 T 1916 561 2930 0 0
417 T 290 293 289 -1 0
417 T 2673 1221 2726 0 0
417 T 901 2669 971 0 0
417 T 973 2218 2926 0 0
417 T 2928 461 899 0 0
417 T 896 462 3026 0 0
417 T 968 2723 894 0 0
417 T 3028 2120 966 0 0
417 T 901 2268 3358 0 0
417 T 3432 2166 894 0 0
417 T 285 1952 619 0 0
417 T 621 1165 3651 0 0
417 T 3653 3010 283 0 0
417 T 614 3555 1163 0 0
417 T 1900 280 616 0 0
417 T 280 3112 3555 0 0
417 T 981 579 2926 0 0
417 T 973 1050 979 0 0
417 T 1050 2218 579 0 0
417 T 583 977 3029 0 0
417 T 2119 1054 585 0 0
417 T 1054 969 977 0 0
417 T 3809 1187 807 0 0
417 T 804 1192 3755 0 0
417 T 1176 1220 1178 0 0
417 T 681 274 2294 0 0
417 T 2296 582 3603 0 0
417 T 2137 584 274 0 0
417 T 3645 3000 275 0 0
417 T 271 684 2401 0 0
417 T 581 2237 273 0 0
417 T 2399 3507 579 0 0
417 T 272 3098 3547 0 0
417 T 501 3586 1123 0 0
417 T 1648 842 499 0 0
417 T 501 2275 2534 0 0
417 T 2536 862 1123 0 0
417 T 1687 502 839 0 0
417 T 502 1126 3682 0 0
417 T 503 2611 2174 0 0
417 T 1129 860 2611 0 0
417 T 1025 383 3783 0 0
417 T 3785 3409 227 0 0
417 T 224 3479 3731 0 0
417 T 3733 384 1018 0 0
417 T 217 3006 991 0 0
417 T 985 1376 215 0 0
417 T 1376 1200 3006 0 0
417 T 988 3108 214 0 0
417 T 3108 1195 1375 0 0
417 T 2808 1260 2198 0 0
417 T 2663 1258 814 0 0
417 T 401 756 1550 0 0
417 T 1265 3664 399 0 0
417 T 1552 2131 1263 0 0
417 T 753 396 1441 0 0
417 T 1439 1258 2231 0 0
417 T 3568 1260 396 0 0
417 T 1263 2719 813 0 0
417 T 2866 2099 1265 0 0
417 T 193 2636 723 0 0
417 T 3750 495 2636 0 0
417 T 720 2558 186 0 0
417 T 2558 492 3804 0 0
417 T 665 823 655 0 0
417 T 657 3407 1658 0 0
417 T 1660 433 663 0 0
417 T 660 434 1619 0 0
417 T 652 828 658 0 0
417 T 1621 3481 650 0 0
417 T 957 1089 947 0 0
417 T 949 2986 2390 0 0
417 T 2392 633 955 0 0
417 T 633 2988 1089 0 0
417 T 952 626 2287 0 0
417 T 944 1090 950 0 0
417 T 2289 3088 942 0 0
417 T 1090 3086 626 0 0
417 T 933 3388 1910 0 0
417 T 1912 567 939 0 0
417 T 936 572 1859 0 0
417 T 1861 3458 926 0 0
417 T 717 844 707 0 0
417 T 709 233 2654 0 0
417 T 2656 1691 715 0 0
417 T 1691 231 844 0 0
417 T 712 1653 2710 0 0
417 T 704 839 710 0 0
417 T 2712 233 702 0 0
417 T 839 231 1653 0 0
417 T 146 149 145 -1 0
417 T 143 2958 3059 0 0
417 T 3061 1276 148 0 0
417 T 1276 2960 149 1 0
417 T 185 2730 999 0 0
417 T 1001 3422 191 0 0
417 T 3422 2732 200 0 0
417 T 188 3496 994 0 0
417 T 996 2676 178 0 0
417 T 203 2674 3496 0 0
417 T 1668 1945 2007 0 0
417 T 2005 1890 1626 0 0
417 T 373 3789 2930 0 0
417 T 808 561 3789 0 0
417 T 3032 3735 366 0 0
417 T 3735 562 803 0 0
417 T 417 457 407 0 0
417 T 409 3220 3390 0 0
417 T 3392 3634 415 0 0
417 T 3634 3218 457 0 0
417 T 412 3540 3462 0 0
417 T 404 450 410 0 0
417 T 3464 3215 402 0 0
417 T 450 3217 3540 0 0
417 T 1141 1365 3471 0 0
417 T 294 1363 1183 0 0
417 T 1364 1144 3401 0 0
417 T 625 2742 2059 -1 0
417 T 2061 8 3799 0 0
417 T 3801 2169 623 0 0
417 T 622 2054 2686 1 0
417 T 2269 3749 624 0 0
417 T 3749 8 2054 0 0
417 T 1253 725 3022 -1 0
417 T 3024 729 2922 0 0
417 T 2924 719 1251 0 0
417 T 719 727 725 0 0
417 T 2417 5 2310 0 0
417 T 2412 194 2306 0 0
417 T 2312 1721 2410 0 0
417 T 2308 1799 2415 0 0
417 T 1129 1218 1123 0 0
417 T 2536 336 2611 0 0
417 T 949 1083 939 0 0
417 T 941 1359 2182 0 0
417 T 2184 109 947 0 0
417 T 109 1361 1083 0 0
417 T 944 106 2083 0 0
417 T 936 1084 942 0 0
417 T 2085 1360 934 0 0
417 T 117 3762 3087 0 0
417 T 3089 3332 107 0 0
417 T 125 3330 3762 0 0
417 T 108 3327 2987 0 0
417 T 2989 3816 110 0 0
417 T 3816 3329 125 0 0
417 T 177 3008 3183 0 0
417 T 3185 1374 1670 0 0
417 T 3180 3106 170 0 0
417 T 1633 1377 3178 0 0
417 T 1780 2383 527 0 0
417 T 3376 1283 1778 0 0
417 T 2383 1285 853 0 0
417 T 524 2489 1699 0 0
417 T 1701 1280 3446 0 0
417 T 846 1278 2489 0 0
417 T 641 2908 2170 0 0
417 T 1173 3874 639 0 0
417 T 3874 315 2908 0 0
417 T 636 3936 1166 0 0
417 T 2272 2846 634 0 0
417 T 2846 315 3936 0 0
417 T 373 422 363 0 0
417 T 365 3181 2930 0 0
417 T 3787 3179 422 0 0
417 T 360 425 366 0 0
417 T 3032 3182 358 0 0
417 T 425 3184 3737 0 0
417 T 2593 449 3830 0 0
417 T 3832 451 2011 0 0
417 T 451 447 444 0 0
417 T 457 440 448 0 0
417 T 446 2516 3893 0 0
417 T 3891 2015 455 0 0
417 T 3528 166 3895 0 0
417 T 3897 1203 739 0 0
417 T 162 3625 3836 0 0
417 T 3834 743 1207 0 0
417 T 229 2898 2514 0 0
417 T 3893 3312 227 0 0
417 T 3312 448 2898 0 0
417 T 224 3312 3831 0 0
417 T 2592 2840 222 0 0
417 T 2840 448 3312 0 0
417 T 1981 173 2922 0 0
417 T 1985 2076 1979 0 0
417 T 3024 175 1983 0 0
417 T 1344 202 2443 0 0
417 T 2445 2487 2439 0 0
417 T 2441 2833 1342 0 0
417 T 2833 2489 202 0 0
417 T 201 2383 2891 0 0
417 T 1343 2339 199 0 0
417 T 2893 2337 1345 0 0
417 T 2339 2335 2383 0 0
417 T 241 2907 3147 0 0
417 T 3149 3877 247 0 0
417 T 244 3935 3142 0 0
417 T 3144 2849 234 0 0
417 T 2634 2559 1297 1 0
417 T 621 449 1882 0 0
417 T 1564 2839 619 0 0
417 T 1884 3311 1562 0 0
417 T 616 2901 1451 0 0
417 T 1453 3311 1934 0 0
417 T 1936 449 614 0 0
417 T 1245 390 2386 0 0
417 T 2388 429 3818 0 0
417 T 3820 400 1243 0 0
417 T 1240 395 3878 0 0
417 T 2285 389 1238 0 0
417 T 3880 429 2283 0 0
417 T 717 1465 183 0 0
417 T 1465 1888 3254 0 0
417 T 180 1574 710 0 0
417 T 3254 1938 1574 0 0
417 T 544 2832 1335 0 0
417 T 1337 1345 1339 0 0
417 T 1341 2438 542 0 0
417 T 548 2337 1339 0 0
417 T 1337 2891 546 0 0
417 T 557 1053 3838 0 0
417 T 3840 2219 547 0 0
417 T 544 2121 3898 0 0
417 T 3900 1054 550 0 0
417 T 2017 3873 247 0 0
417 T 297 3871 2623 0 0
417 T 244 3931 2010 0 0
417 T 2549 3933 294 0 0
417 T 565 881 1670 0 0
417 T 1672 800 3734 0 0
417 T 802 798 881 0 0
417 T 1633 881 558 0 0
417 T 3788 799 1631 0 0
417 T 881 801 809 0 0
417 T 2656 3260 183 0 0
417 T 3260 1691 1463 0 0
417 T 180 3263 2710 0 0
417 T 1576 1653 3263 0 0
417 T 381 548 2510 0 0
417 T 2512 2762 2202 0 0
417 T 2678 2764 548 0 0
417 T 2105 2761 2586 0 0
417 T 2588 543 374 0 0
417 T 543 2759 2736 0 0
417 T 3840 395 2763 0 0
417 T 2760 400 3898 0 0
417 T 765 2066 2966 0 0
417 T 2968 3477 771 0 0
417 T 3477 2068 828 0 0
417 T 768 3403 3066 0 0
417 T 3068 2065 758 0 0
417 T 823 2063 3403 0 0
417 T 2092 230 3439 0 0
417 T 3441 3220 679 0 0
417 T 3220 232 3638 0 0
417 T 3221 1651 2130 0 0
417 T 233 2192 3368 0 0
417 T 3214 3543 231 0 0
417 T 3366 683 3216 0 0
417 T 3214 2230 1691 0 0
417 T 1161 1156 1160 0 0
417 T 889 166 1654 0 0
417 T 1656 3149 1774 0 0
417 T 1776 2810 887 0 0
417 T 2810 3147 166 0 0
417 T 884 2872 1695 0 0
417 T 1617 165 882 0 0
417 T 1697 3142 1615 0 0
417 T 165 3144 2872 0 0
417 T 677 673 669 -1 0
417 T 1201 1945 3756 0 0
417 T 3806 1891 1194 0 0
417 T 805 1216 1943 0 0
417 T 807 1890 1215 0 0
417 T 1924 3317 2314 0 0
417 T 2316 2829 2023 0 0
417 T 2829 3315 114 0 0
417 T 2020 2887 2418 0 0
417 T 2420 3318 1871 0 0
417 T 113 3320 2887 0 0
417 T 1969 821 3818 0 0
417 T 2388 1743 1967 0 0
417 T 1964 1825 2283 0 0
417 T 3880 821 1962 0 0
417 T 1376 800 424 0 0
417 T 2400 306 3362 0 0
417 T 3364 268 683 0 0
417 T 268 308 270 0 0
417 T 680 267 3434 0 0
417 T 3436 313 2295 0 0
417 T 277 311 267 0 0
417 T 1025 1039 1015 0 0
417 T 1017 1378 3783 0 0
417 T 385 1380 1039 0 0
417 T 1012 1040 1018 0 0
417 T 3733 1381 1010 0 0
417 T 141 2989 3907 0 0
417 T 3909 106 3742 0 0
417 T 3796 109 3847 0 0
417 T 3849 3087 134 0 0
417 T 3356 325 3427 0 0
417 T 1977 1193 3714 0 0
417 T 2856 2323 1975 0 0
417 T 3716 176 2854 0 0
417 T 1972 2429 2795 0 0
417 T 2797 171 3766 0 0
417 T 3768 1186 1970 0 0
417 T 789 2893 3235 0 0
417 T 3237 199 3915 0 0
417 T 3917 2383 787 0 0
417 T 784 2489 3855 0 0
417 T 3232 2831 782 0 0
417 T 3857 204 3230 0 0
417 T 3917 1285 795 0 0
417 T 792 1278 3855 0 0
417 T 177 3933 4015 0 0
417 T 4017 296 3455 0 0
417 T 3457 2547 175 0 0
417 T 172 2625 3383 0 0
417 T 4012 3871 170 0 0
417 T 3385 295 4010 0 0
417 T 2568 1553 1243 0 0
417 T 3820 757 2566 0 0
417 T 1240 1438 2491 0 0
417 T 2493 750 3878 0 0
417 T 597 1643 663 0 0
417 T 665 661 669 1 0
417 T 661 1685 591 0 0
417 T 141 3495 3842 0 0
417 T 2765 2675 139 0 0
417 T 3844 204 2763 0 0
417 T 136 2733 2758 0 0
417 T 2760 199 3902 0 0
417 T 3904 3425 134 0 0
417 T 1069 168 2822 0 0
417 T 2824 1648 1075 0 0
417 T 165 1072 2884 0 0
417 T 2882 1078 1689 0 0
417 T 205 2179 3251 0 0
417 T 3253 2556 1886 0 0
417 T 1888 1287 203 0 0
417 T 1287 2554 2179 0 0
417 T 200 1292 1938 0 0
417 T 3248 2281 198 0 0
417 T 1940 2630 3246 0 0
417 T 2281 2632 1292 0 0
417 T 949 3908 1243 0 0
417 T 1245 138 2390 0 0
417 T 1240 3846 942 0 0
417 T 2289 137 1238 0 0
417 T 1336 3236 2715 0 0
417 T 2661 3231 1335 0 0
417 T 3752 1292 1574 0 0
417 T 1465 1287 3802 0 0
417 T 2001 2036 1991 0 0
417 T 2948 2148 1999 0 0
417 T 2148 108 2036 0 0
417 T 1996 2246 3046 0 0
417 T 1988 2039 1994 0 0
417 T 2039 107 2246 0 0
417 T 1639 1058 3424 0 0
417 T 3494 1065 1680 0 0
417 T 257 299 263 0 0
417 T 2316 3925 255 0 0
417 T 299 3923 1281 0 0
417 T 260 304 250 0 0
417 T 252 3863 2418 0 0
417 T 1282 3865 304 0 0
417 T 323 2871 2810 0 0
417 T 166 162 61 1 0
417 T 1937 443 3558 0 0
417 T 3560 452 615 0 0
417 T 1882 3655 439 0 0
417 T 3655 619 456 0 0
417 T 1317 1384 1319 0 0
417 T 1321 1800 3610 0 0
417 T 3612 191 1315 0 0
417 T 191 1798 1384 0 0
417 T 1317 189 3515 0 0
417 T 3517 1718 1319 0 0
417 T 1382 1720 189 0 0
417 T 933 3875 1654 0 0
417 T 925 1170 931 0 0
417 T 1656 640 923 0 0
417 T 928 1169 918 0 0
417 T 920 635 1615 0 0
417 T 1617 3937 926 0 0
417 T 609 1451 3366 0 0
417 T 2347 3214 1451 0 0
417 T 3440 1564 602 0 0
417 T 1564 3221 2453 0 0
417 T 1969 765 2566 0 0
417 T 2493 758 1962 0 0
417 T 977 1157 979 0 0
417 T 981 3095 1251 0 0
417 T 1253 2996 975 0 0
417 T 2996 3097 1157 -1 0
417 T 565 4102 2322 0 0
417 T 879 1215 4102 0 0
417 T 2428 4092 558 0 0
417 T 4092 1215 879 0 0
417 T 409 1650 1271 0 0
417 T 1273 2133 3390 0 0
417 T 2233 1268 3464 0 0
417 T 402 1266 1690 0 0
417 T 2057 2070 2059 0 0
417 T 2744 2072 2687 0 0
417 T 745 1149 1802 0 0
417 T 1804 1139 3834 0 0
417 T 1207 1141 1149 0 0
417 T 1725 1150 738 0 0
417 T 3896 1144 1723 0 0
417 T 1150 1142 1204 0 0
417 T 2184 3745 1243 0 0
417 T 1240 3795 2083 0 0
417 T 109 2777 1350 0 0
417 T 1352 2895 2039 0 0
417 T 2246 2897 2777 0 0
417 T 2036 2837 1351 0 0
417 T 2774 2835 2148 0 0
417 T 1920 566 255 0 0
417 T 2652 3200 1918 0 0
417 T 566 3198 3472 0 0
417 T 252 573 1867 0 0
417 T 1869 3203 2706 0 0
417 T 3398 3205 573 0 0
417 T 737 2476 175 0 0
417 T 727 731 735 0 0
417 T 2476 2373 2076 -1 0
417 T 731 171 2373 0 0
417 T 1920 1868 3153 -1 0
417 T 489 3259 2646 0 0
417 T 2200 4083 487 0 0
417 T 4083 402 3259 0 0
417 T 489 2350 379 0 0
417 T 2350 3259 2264 0 0
417 T 483 2703 3263 0 0
417 T 3265 408 4096 0 0
417 T 4094 2100 485 0 0
417 T 483 375 2455 0 0
417 T 2457 2165 3263 0 0
417 T 1892 4104 799 0 0
417 T 800 4090 1942 0 0
417 T 599 3443 3370 0 0
417 T 3372 434 527 0 0
417 T 434 430 469 1 0
417 T 525 432 3443 0 0
417 T 517 876 1518 0 0
417 T 1520 736 3822 0 0
417 T 3824 742 515 0 0
417 T 742 734 876 0 0
417 T 512 741 3882 0 0
417 T 1409 871 510 0 0
417 T 3884 731 1407 0 0
417 T 871 733 741 0 0
417 T 229 1885 2023 0 0
417 T 2316 3304 227 0 0
417 T 3304 2829 1885 0 0
417 T 224 3307 2418 0 0
417 T 2020 1935 222 0 0
417 T 1935 2887 3307 0 0
417 T 3364 1372 691 0 0
417 T 1372 268 748 0 0
417 T 688 1371 3434 0 0
417 T 133 4059 3842 0 0
417 T 3497 4061 153 0 0
417 T 3904 4064 130 0 0
417 T 154 4062 3423 0 0
417 T 1876 3926 407 0 0
417 T 455 3928 904 0 0
417 T 404 3868 1926 0 0
417 T 907 3866 452 0 0
417 T 1977 2968 2566 0 0
417 T 1969 2066 1975 0 0
417 T 1972 2065 1962 0 0
417 T 2493 3066 1970 0 0
417 T 241 505 1662 0 0
417 T 1664 2538 3147 0 0
417 T 2909 2540 505 0 0
417 T 3144 2616 1623 0 0
417 T 1625 498 234 0 0
417 T 498 2614 2847 0 0
417 T 3372 1677 535 0 0
417 T 1677 434 562 0 0
417 T 532 1634 3442 0 0
417 T 561 433 1634 0 0
417 T 349 3584 3779 0 0
417 T 71 343 347 0 0
417 T 343 3726 3681 0 0
417 T 3679 2 3584 0 0
417 T 889 2257 1506 0 0
417 T 1508 3291 1654 0 0
417 T 168 3293 2257 0 0
417 T 1397 2155 882 0 0
417 T 1617 3288 1395 0 0
417 T 2155 3286 163 0 0
417 T 2396 2464 2398 0 0
417 T 3508 1844 2394 0 0
417 T 2464 1842 578 0 0
417 T 1780 2341 3510 0 0
417 T 3512 2335 527 0 0
417 T 2445 1701 3608 0 0
417 T 3606 522 2439 0 0
417 T 1762 2360 585 0 0
417 T 3602 2291 1764 0 0
417 T 2360 2293 2297 0 0
417 T 59 3467 3394 -1 0
417 T 3396 1174 2067 0 0
417 T 2065 1180 3467 0 0
417 T 473 1813 3722 0 0
417 T 3724 291 3887 0 0
417 T 3889 794 471 0 0
417 T 472 793 3827 0 0
417 T 3776 1731 470 0 0
417 T 3829 291 3774 0 0
417 T 3117 1665 2914 0 0
417 T 2916 238 3595 0 0
417 T 3597 504 3115 0 0
417 T 501 3501 3120 0 0
417 T 3118 3015 1624 0 0
417 T 235 3017 3501 0 0
417 T 2453 2047 3635 0 0
417 T 456 2049 1564 0 0
417 T 3541 2044 2347 0 0
417 T 1451 2042 451 0 0
417 T 573 1363 3530 0 0
417 T 3532 1145 3203 0 0
417 T 3200 1138 3626 0 0
417 T 3628 1364 566 0 0
417 T 2025 1563 3891 0 0
417 T 3833 1452 2018 0 0
417 T 519 511 515 0 0
417 T 517 3920 595 0 0
417 T 593 3859 511 0 0
417 T 3859 288 3920 0 0
417 T 1977 1177 2698 0 0
417 T 2700 1167 3714 0 0
417 T 2645 1178 1970 0 0
417 T 3768 1172 2643 0 0
417 T 905 3317 3923 0 0
417 T 3865 3318 906 0 0
417 T 517 348 1514 0 0
417 T 1516 3723 595 0 0
417 T 3918 3725 348 0 0
417 T 592 3777 1403 0 0
417 T 1405 343 510 0 0
417 T 343 3775 3860 0 0
417 T 141 137 145 1 0
417 T 1265 2690 139 0 0
417 T 137 2749 1259 0 0
417 T 2690 3325 2749 0 0
417 T 157 1853 835 0 0
417 T 3331 2751 1853 0 0
417 T 832 1771 150 0 0
417 T 1771 2697 3328 0 0
417 T 3889 3828 71 1 0
417 T 82 792 796 0 0
417 T 613 4133 2039 0 0
417 T 1352 423 611 0 0
417 T 423 2895 4133 0 0
417 T 2036 4167 610 0 0
417 T 4167 2837 424 0 0
417 T 737 4136 1802 0 0
417 T 1147 4134 877 0 0
417 T 1725 4170 730 0 0
417 T 870 4172 1152 0 0
417 T 2753 2792 124 0 0
417 T 2792 1851 3763 0 0
417 T 124 2792 2695 0 0
417 T 3817 1773 2792 0 0
417 T 4097 1575 1271 0 0
417 T 1268 1464 4083 0 0
417 T 737 2772 2318 0 0
417 T 2320 554 1802 0 0
417 T 4134 556 2772 0 0
417 T 1725 553 2422 0 0
417 T 2424 2767 730 0 0
417 T 2767 551 4172 0 0
417 T 1017 612 4114 0 0
417 T 4116 266 3783 0 0
417 T 1380 268 612 0 0
417 T 3733 269 4150 0 0
417 T 4152 611 1010 0 0
417 T 357 2545 4143 0 0
417 T 4145 3274 363 0 0
417 T 3274 2543 443 0 0
417 T 360 3273 4107 0 0
417 T 4109 2619 350 0 0
417 T 440 2621 3273 0 0
417 T 537 3189 2194 0 0
417 T 2196 1705 480 0 0
417 T 1705 3187 3030 0 0
417 T 480 1782 2095 0 0
417 T 2097 3189 530 0 0
417 T 2932 3187 1782 0 0
417 T 1969 3395 2698 0 0
417 T 2645 3469 1962 0 0
417 T 2885 158 2962 0 0
417 T 2964 155 1071 0 0
417 T 1068 152 3062 0 0
417 T 3064 158 2823 0 0
417 T 1065 4088 407 0 0
417 T 4088 152 3928 0 0
417 T 404 4098 1058 0 0
417 T 3866 155 4098 0 0
417 T 6 1323 3123 0 0
417 T 3125 2346 3378 0 0
417 T 3452 2452 3122 0 0
417 T 3657 2365 2826 0 0
417 T 3305 2363 439 0 0
417 T 2888 2467 3559 0 0
417 T 444 2469 3306 0 0
417 T 657 4176 887 0 0
417 T 889 310 1658 0 0
417 T 3409 312 4176 0 0
417 T 884 4138 650 0 0
417 T 1621 309 882 0 0
417 T 4138 307 3479 0 0
417 T 2001 757 1530 0 0
417 T 1532 2970 3619 0 0
417 T 3621 1823 1999 0 0
417 T 1530 2946 3643 0 0
417 T 2777 10 1354 0 0
417 T 1356 3573 2895 0 0
417 T 1995 1418 753 0 0
417 T 1742 3524 1997 0 0
417 T 1418 3522 3071 0 0
417 T 3669 1357 2837 0 0
417 T 3549 3048 1421 0 0
417 T 2964 1750 1063 0 0
417 T 1060 1832 3062 0 0
417 T 2568 3227 2390 0 0
417 T 140 3229 1551 0 0
417 T 2289 3224 2491 0 0
417 T 1440 3222 135 0 0
417 T 3213 1497 3635 0 0
417 T 2453 115 3211 0 0
417 T 3208 112 2347 0 0
417 T 3541 1606 3206 0 0
417 T 1880 157 771 0 0
417 T 2968 3349 1878 0 0
417 T 768 150 1930 0 0
417 T 1932 3342 3066 0 0
417 T 641 3496 4086 0 0
417 T 4100 3422 634 0 0
417 T 1985 1829 3502 0 0
417 T 3504 299 3018 0 0
417 T 464 301 1829 0 0
417 T 1978 3598 1749 0 0
417 T 1747 302 459 0 0
417 T 302 3600 2921 0 0
417 T 473 4016 3822 0 0
417 T 1520 3417 471 0 0
417 T 3417 736 4016 0 0
417 T 472 3487 1407 0 0
417 T 3884 4011 470 0 0
417 T 4011 731 3487 0 0
417 T 4065 636 3866 0 0
417 T 3928 639 4058 0 0
417 T 781 837 771 0 0
417 T 1880 1853 779 0 0
417 T 776 1771 1930 0 0
417 T 768 830 774 0 0
417 T 229 3273 4110 0 0
417 T 2212 2553 227 0 0
417 T 4112 1139 2210 0 0
417 T 2553 1141 3273 0 0
417 T 224 2627 2111 0 0
417 T 2113 1144 4146 0 0
417 T 4148 3274 222 0 0
417 T 3274 1142 2627 0 0
417 T 3020 3040 3014 0 0
417 T 3500 1487 3018 0 0
417 T 3015 3503 1414 0 0
417 T 2917 2938 2919 0 0
417 T 2921 1600 3594 0 0
417 T 1529 3601 2916 0 0
417 T 3049 3101 3043 0 0
417 T 1417 3099 3519 0 0
417 T 3061 3081 3055 0 0
417 T 3536 1482 3059 0 0
417 T 3077 3093 3071 0 0
417 T 16 3093 3564 0 0
417 T 2945 2999 2947 0 0
417 T 3617 3001 1526 0 0
417 T 2957 2979 2959 0 0
417 T 2961 1597 3630 0 0
417 T 2973 2991 2975 0 0
417 T 3658 2991 18 0 0
417 T 2029 1205 2110 0 0
417 T 2033 2078 2027 0 0
417 T 2212 1207 2031 0 0
417 T 2112 335 2210 0 0
417 T 981 3295 2858 0 0
417 T 2860 2632 1251 0 0
417 T 3097 2630 3295 0 0
417 T 1252 2554 2799 0 0
417 T 2801 3300 974 0 0
417 T 3300 2556 2995 0 0
417 T 2746 2233 3225 0 0
417 T 3227 2130 2693 0 0
417 T 2028 1152 4146 0 0
417 T 4113 1146 2030 0 0
417 T 373 2894 3959 0 0
417 T 3961 4130 363 0 0
417 T 360 4168 3954 0 0
417 T 3956 2836 366 0 0
417 T 2796 550 3599 0 0
417 T 2916 3138 2794 0 0
417 T 3138 1527 550 0 0
417 T 3617 2601 3139 0 0
417 T 557 1416 3137 0 0
417 T 3135 3017 2857 0 0
417 T 2855 3503 555 0 0
417 T 2524 3520 3137 0 0
417 T 3301 3345 3291 0 0
417 T 2257 3674 3299 0 0
417 T 3296 3580 2155 0 0
417 T 3288 3346 3294 0 0
417 T 3133 3173 3139 0 0
417 T 3173 124 2599 0 0
417 T 3136 3174 3126 0 0
417 T 2525 124 3174 0 0
417 T 195 3526 3623 0 0
417 T 2396 4120 963 0 0
417 T 2572 4068 2394 0 0
417 T 4120 4066 191 0 0
417 T 960 4154 2291 0 0
417 T 2293 4071 2495 0 0
417 T 188 4073 4154 0 0
417 T 3285 3308 3275 0 0
417 T 2544 2469 3283 0 0
417 T 3280 2363 2618 0 0
417 T 3272 3303 3278 0 0
417 T 973 3851 2858 0 0
417 T 3297 3853 1052 0 0
417 T 3299 1056 3912 0 0
417 T 3910 969 2800 0 0
417 T 473 297 1310 0 0
417 T 1312 3456 3822 0 0
417 T 3884 3382 1311 0 0
417 T 2292 4025 2086 0 0
417 T 4025 1763 743 0 0
417 T 4018 738 1843 0 0
417 T 2395 2187 4020 0 0
417 T 265 2164 3159 0 0
417 T 3169 2454 263 0 0
417 T 3161 3264 3167 0 0
417 T 260 2352 3162 0 0
417 T 3164 3259 3154 0 0
417 T 3156 2262 258 0 0
417 T 1237 414 1906 0 0
417 T 1856 412 1231 0 0
417 T 365 3196 1782 0 0
417 T 3179 3187 3196 0 0
417 T 1705 3191 358 0 0
417 T 3191 3187 3184 0 0
417 T 2065 3677 2354 0 0
417 T 2356 160 823 0 0
417 T 2459 827 159 0 0
417 T 3580 2069 2461 0 0
417 T 1081 503 4126 0 0
417 T 4128 840 2883 0 0
417 T 2825 843 4162 0 0
417 T 4164 500 1074 0 0
417 T 2897 3575 203 0 0
417 T 201 3672 2834 0 0
417 T 793 1766 3239 0 0
417 T 3241 2181 3854 0 0
417 T 2281 3244 3916 0 0
417 T 794 3242 1846 0 0
417 T 4037 1953 1554 0 0
417 T 1556 620 2607 0 0
417 T 2609 282 4035 0 0
417 T 617 1445 2533 0 0
417 T 2531 4030 279 0 0
417 T 4030 1443 1901 0 0
417 T 957 1017 963 0 0
417 T 2396 2782 955 0 0
417 T 1017 2784 4118 0 0
417 T 2782 1012 4156 0 0
417 T 2291 950 2784 0 0
417 T 950 958 1012 0 0
417 T 649 703 655 0 0
417 T 653 709 647 0 0
417 T 3125 3207 3131 0 0
417 T 3128 3212 3122 0 0
417 T 3237 3247 3243 0 0
417 T 3240 3252 3230 0 0
417 T 657 158 1510 0 0
417 T 1400 159 651 0 0
417 T 381 2337 3983 0 0
417 T 3985 1341 2510 0 0
417 T 3980 2439 374 0 0
417 T 2588 1338 3978 0 0
417 T 933 4160 1235 0 0
417 T 1237 149 1910 0 0
417 T 3386 147 4160 0 0
417 T 1232 4122 926 0 0
417 T 1861 149 1230 0 0
417 T 4122 147 3460 0 0
417 T 693 133 2574 0 0
417 T 2576 3742 899 0 0
417 T 896 3796 2499 0 0
417 T 2501 130 686 0 0
417 T 3931 3414 2474 0 0
417 T 2372 3488 3873 0 0
417 T 3697 2310 1318 0 0
417 T 3516 2412 3695 0 0
417 T 3692 2307 3610 0 0
417 T 1321 2416 3690 0 0
417 T 717 4165 3991 0 0
417 T 3993 2822 707 0 0
417 T 704 2884 3986 0 0
417 T 3988 4127 710 0 0
417 T 2860 4009 3022 0 0
417 T 723 4007 2630 0 0
417 T 2925 4002 2799 0 0
417 T 2556 4004 720 0 0
417 T 2485 2480 2476 0 0
417 T 2380 212 2483 0 0
417 T 2371 2375 2378 0 0
417 T 665 2354 1510 0 0
417 T 1401 2460 658 0 0
417 T 119 111 115 0 0
417 T 3318 3324 3316 0 0
417 T 265 318 259 0 0
417 T 3253 4384 495 0 0
417 T 4384 2556 857 0 0
417 T 492 4318 3246 0 0
417 T 857 2630 4318 0 0
417 T 3364 1257 2574 0 0
417 T 131 1255 1370 0 0
417 T 2501 1254 3434 0 0
417 T 1957 870 4314 0 0
417 T 4316 4381 4 -1 0
417 T 4381 876 1902 0 0
417 T 876 872 868 1 0
417 T 1077 1111 1079 0 0
417 T 588 586 588 1 0
417 T 4116 4222 227 0 0
417 T 4222 266 3407 0 0
417 T 224 4221 4150 0 0
417 T 3481 269 4221 0 0
417 T 4145 3204 1782 0 0
417 T 3194 3202 3276 0 0
417 T 1705 3199 4107 0 0
417 T 3271 3201 3193 0 0
417 T 3151 3155 3159 0 0
417 T 2162 2263 3710 -1 0
417 T 4302 3291 638 0 0
417 T 1057 3290 2122 0 0
417 T 2124 641 1554 0 0
417 T 3287 4367 636 0 0
417 T 3287 1052 2224 0 0
417 T 2222 1443 636 0 0
417 T 2009 3671 1790 0 0
417 T 1712 3576 2003 0 0
417 T 2316 3281 4110 0 0
417 T 4148 3282 2418 0 0
417 T 3532 2628 3195 0 0
417 T 3192 2550 3626 0 0
417 T 1897 1948 4254 1 0
417 T 1766 3281 1149 0 0
417 T 1150 3282 1848 0 0
417 T 1225 1305 13 0 0
417 T 1392 1769 1223 0 0
417 T 1305 1767 4330 0 0
417 T 1045 2641 4031 0 0
417 T 4033 492 4359 0 0
417 T 1459 490 2641 0 0
417 T 1302 4266 1847 0 0
417 T 1849 1505 1224 0 0
417 T 494 1571 2562 0 0
417 T 4035 4294 496 0 0
417 T 2564 1049 4037 0 0
417 T 287 279 283 0 0
417 T 3653 3679 3647 0 0
417 T 1601 3681 3012 0 0
417 T 3553 3585 3555 0 0
417 T 3110 3583 1486 0 0
417 T 209 207 209 -1 0
417 T 2540 79 2615 0 0
417 T 3 5 3 -1 0
417 T 1304 3281 1394 0 0
417 T 1302 1506 3285 0 0
417 T 3913 3344 2122 0 0
417 T 2224 3347 3851 0 0
417 T 3341 1773 124 0 0
417 T 2753 3815 3339 0 0
417 T 124 1851 3334 0 0
417 T 3336 3765 2695 0 0
417 T 249 3486 4274 0 0
417 T 1792 4076 247 0 0
417 T 4276 2379 1790 0 0
417 T 4076 2381 3486 0 0
417 T 244 4079 1711 0 0
417 T 1713 2485 4338 0 0
417 T 4340 3416 242 0 0
417 T 3416 2483 4079 0 0
417 T 1312 4306 515 0 0
417 T 4306 3456 744 0 0
417 T 512 4372 1311 0 0
417 T 739 3382 4372 0 0
417 T 2017 2370 4274 0 0
417 T 4340 2476 2010 0 0
417 T 365 1758 3951 0 0
417 T 3953 1501 2934 0 0
417 T 633 1499 1758 0 0
417 T 3948 1840 358 0 0
417 T 3036 1610 3946 0 0
417 T 1840 1612 626 0 0
417 T 3169 3268 3163 0 0
417 T 512 1844 1307 0 0
417 T 1309 1369 1311 0 0
417 T 4370 1367 1844 0 0
417 T 1309 1763 514 0 0
417 T 1763 1369 4309 0 0
417 T 277 4175 4223 0 0
417 T 4220 4141 270 0 0
417 T 2739 3671 4074 0 0
417 T 2684 4078 3574 0 0
417 T 4025 1369 3455 0 0
417 T 3385 1366 4018 0 0
417 T 3429 3939 3595 0 0
417 T 1599 3941 345 0 0
417 T 3945 1487 347 0 0
417 T 3354 3498 3943 0 0
417 T 3945 3113 3779 0 0
417 T 3012 3941 3728 0 0
417 T 1237 3391 4182 0 0
417 T 4184 3635 1906 0 0
417 T 1857 3541 4198 0 0
417 T 4200 3465 1230 0 0
417 T 4009 4320 715 0 0
417 T 712 4382 4002 0 0
417 T 561 385 3791 0 0
417 T 3793 387 1634 0 0
417 T 385 565 3740 0 0
417 T 3738 1674 391 0 0
417 T 2860 4329 1983 0 0
417 T 4329 4009 177 0 0
417 T 1980 4391 2799 0 0
417 T 170 4002 4391 0 0
417 T 613 1759 2138 0 0
417 T 2140 4052 2039 0 0
417 T 4131 4050 1759 0 0
417 T 2036 4047 2238 0 0
417 T 2240 1841 610 0 0
417 T 1841 4049 4169 0 0
417 T 1356 3590 203 0 0
417 T 3590 3573 3577 0 0
417 T 3669 3686 3671 0 0
417 T 200 3688 1355 0 0
417 T 2084 4353 1858 0 0
417 T 571 4351 1359 0 0
417 T 569 1359 4286 0 0
417 T 4288 2184 1912 0 0
417 T 605 2139 2502 0 0
417 T 2504 4253 687 0 0
417 T 2985 4251 2139 0 0
417 T 606 2579 2239 0 0
417 T 2241 4248 3083 0 0
417 T 692 4246 2579 0 0
417 T 2304 4325 2863 0 0
417 T 2865 1572 483 0 0
417 T 1460 2804 489 0 0
417 T 2804 4386 2406 0 0
417 T 117 2905 1091 0 0
417 T 3764 629 2905 0 0
417 T 1088 2843 110 0 0
417 T 2843 630 3814 0 0
417 T 3161 2713 4203 0 0
417 T 4205 179 3167 0 0
417 T 3164 184 4187 0 0
417 T 4189 2655 3154 0 0
417 T 2881 1387 563 0 0
417 T 3740 1255 2879 0 0
417 T 1387 1257 385 0 0
417 T 560 1388 2819 0 0
417 T 2821 1256 3790 0 0
417 T 2773 112 2326 0 0
417 T 2328 4362 555 0 0
417 T 4362 110 4135 0 0
417 T 552 4300 2430 0 0
417 T 2432 115 2766 0 0
417 T 4173 117 4300 0 0
417 T 3161 232 4270 0 0
417 T 4272 705 4203 0 0
417 T 4189 706 4334 0 0
417 T 4336 232 3154 0 0
417 T 1081 1734 4043 0 0
417 T 4045 1579 4126 0 0
417 T 505 1581 1734 0 0
417 T 4038 4162 1466 0 0
417 T 1468 500 1816 0 0
417 T 1814 1076 4040 0 0
417 T 3253 4053 2243 0 0
417 T 2245 1578 495 0 0
417 T 1578 4051 4382 0 0
417 T 492 1469 2143 0 0
417 T 2145 4046 3246 0 0
417 T 4320 4048 1469 0 0
417 T 193 3420 735 0 0
417 T 1295 3493 3420 0 0
417 T 3493 189 733 0 0
417 T 597 4406 1510 0 0
417 T 1645 2354 4406 0 0
417 T 1401 4400 590 0 0
417 T 4400 2460 1682 0 0
417 T 3985 1020 2410 0 0
417 T 2412 1010 4394 0 0
417 T 4396 1040 3983 0 0
417 T 3980 1039 4402 0 0
417 T 2309 1023 3978 0 0
417 T 4404 1017 2307 0 0
417 T 1390 1227 1504 0 0
417 T 4450 5 4429 0 0
417 T 1568 873 115 0 0
417 T 1101 1954 115 0 0
417 T 877 1456 113 0 0
417 T 1903 1097 113 0 0
417 T 2204 203 3967 0 0
417 T 3965 201 2102 0 0
417 T 1993 2238 4418 0 0
417 T 4420 4249 215 0 0
417 T 216 4250 4442 0 0
417 T 4444 2140 1986 0 0
417 T 1316 4073 3779 0 0
417 T 3781 4156 3514 0 0
417 T 3612 4118 3727 0 0
417 T 3729 4066 1315 0 0
417 T 4396 2756 2510 0 0
417 T 1339 2754 1038 0 0
417 T 2588 2755 4402 0 0
417 T 3536 4208 148 0 0
417 T 4208 1482 1274 0 0
417 T 1277 1597 4190 -1 0
417 T 4192 3632 148 0 0
417 T 3961 4051 3951 0 0
417 T 3948 4048 3954 0 0
417 T 197 195 197 -1 0
417 T 1035 1037 1035 1 0
417 T 3245 3352 3239 0 0
417 T 537 3194 4439 0 0
417 T 4441 3181 2194 0 0
417 T 2097 3182 4415 0 0
417 T 4417 3193 530 0 0
417 T 4027 4031 4035 0 0
417 T 69 2641 2564 -1 0
417 T 717 1469 3999 0 0
417 T 4001 4041 3991 0 0
417 T 3996 1578 710 0 0
417 T 3988 4042 3994 0 0
417 T 3985 4028 3979 0 0
417 T 2512 3843 3967 0 0
417 T 3964 3905 2586 0 0
417 T 4473 991 2863 0 0
417 T 2304 1540 4471 0 0
417 T 4475 2802 987 0 0
417 T 1428 2408 4477 0 0
417 T 193 2880 2318 0 0
417 T 3418 2772 2880 0 0
417 T 2424 2818 186 0 0
417 T 2818 2767 3492 0 0
417 T 2804 173 2194 0 0
417 T 4441 3107 2802 0 0
417 T 2097 174 2862 0 0
417 T 2864 3009 4415 0 0
417 T 2741 4195 3667 0 0
417 T 2176 4197 508 0 0
417 T 2683 3571 4211 0 0
417 T 4213 2276 508 0 0
417 T 2903 1163 1956 0 0
417 T 1902 1163 2845 0 0
417 T 381 469 375 0 0
417 T 4009 4048 3999 0 0
417 T 3996 4051 4002 0 0
417 T 2978 4237 3081 0 0
417 T 3550 4235 3649 0 0
417 T 1536 2519 215 0 0
417 T 4420 4008 1534 0 0
417 T 2519 4006 4247 0 0
417 T 216 2597 1423 0 0
417 T 1425 4003 4442 0 0
417 T 4252 4005 2597 0 0
417 T 537 4346 2406 0 0
417 T 2408 3760 4439 0 0
417 T 3196 3758 4346 0 0
417 T 2305 4284 530 0 0
417 T 4417 3810 2303 0 0
417 T 4284 3812 3191 0 0
417 T 4473 215 4414 0 0
417 T 4475 4439 215 0 0
417 T 217 3811 1538 0 0
417 T 1428 3760 215 0 0
417 T 177 1836 2518 0 0
417 T 4329 4248 1836 0 0
417 T 2596 1754 170 0 0
417 T 1754 4251 4391 0 0
417 T 2001 4047 4418 0 0
417 T 4444 4052 1994 0 0
417 T 2580 4436 699 0 0
417 T 697 4459 2502 0 0
417 T 3977 132 2510 0 0
417 T 4396 1369 3975 0 0
417 T 1369 2756 132 0 0
417 T 3972 1366 4402 0 0
417 T 2588 131 3970 0 0
417 T 4377 2070 4310 0 0
417 T 3416 3709 4211 0 0
417 T 4213 3590 4079 0 0
417 T 3590 3707 2485 0 0
417 T 4076 3688 4195 0 0
417 T 4197 3702 3486 0 0
417 T 2379 3704 3688 0 0
417 T 4449 2144 3235 0 0
417 T 3233 2243 4422 0 0
417 T 657 4245 1506 0 0
417 T 4174 2257 4245 0 0
417 T 1397 4238 650 0 0
417 T 4238 2155 4140 0 0
417 T 3532 3703 4347 0 0
417 T 3761 3705 2626 0 0
417 T 4285 3708 3626 0 0
417 T 2552 3706 3811 0 0
417 T 831 4247 4434 0 0
417 T 4460 4252 836 0 0
417 T 3977 4058 3967 0 0
417 T 3964 4065 3970 0 0
417 T 4281 3661 182 0 0
417 T 4342 178 3564 0 0
417 T 137 4292 3899 0 0
417 T 2730 401 4292 0 0
417 T 397 2675 4355 0 0
417 T 4357 141 3840 0 0
417 T 4449 4047 3243 0 0
417 T 3240 4052 4423 0 0
417 T 1788 4422 3959 0 0
417 T 3957 4449 1706 0 0
417 T 2001 4000 1534 0 0
417 T 1425 3995 1994 0 0
417 T 3353 3351 3353 -1 0
417 T 121 119 121 -1 0
417 T 965 4483 2566 0 0
417 T 2492 4481 959 0 0
417 T 141 1481 555 0 0
417 T 2328 1102 139 0 0
417 T 551 135 1591 0 0
417 T 2430 134 1107 0 0
417 T 1788 3239 3951 0 0
417 T 3948 3244 1707 0 0
417 T 4041 4054 4043 0 0
417 T 609 4226 4559 0 0
417 T 4561 2154 2402 0 0
417 T 272 2156 4226 0 0
417 T 2301 2256 4543 0 0
417 T 4545 4233 602 0 0
417 T 4233 2254 275 0 0
417 T 2584 1817 487 0 0
417 T 485 1734 2506 0 0
417 T 2001 4040 4563 0 0
417 T 4565 3992 1534 0 0
417 T 1425 3987 4547 0 0
417 T 4549 4043 1994 0 0
417 T 2568 4554 955 0 0
417 T 4554 3227 631 0 0
417 T 952 4572 2491 0 0
417 T 628 3224 4572 0 0
417 T 1788 1708 325 1 0
417 T 2091 598 2193 0 0
417 T 4567 195 4552 0 0
417 T 1017 1758 4491 0 0
417 T 4493 2141 4114 0 0
417 T 4488 1840 1010 0 0
417 T 4152 2239 4486 0 0
417 T 4215 4217 4215 1 0
417 T 181 397 1430 0 0
417 T 182 1543 400 0 0
417 T 3213 2364 4503 0 0
417 T 4505 4455 3635 0 0
417 T 1495 4457 2364 0 0
417 T 4500 2466 3206 0 0
417 T 3541 4433 4498 0 0
417 T 2466 4431 1608 0 0
417 T 597 2532 3718 0 0
417 T 3773 2607 591 0 0
417 T 4605 2619 3175 0 0
417 T 3173 2544 4599 0 0
417 T 4571 4481 1013 0 0
417 T 4556 1017 4485 0 0
417 T 1612 1500 81 -1 0
417 T 933 4681 4182 0 0
417 T 4158 3391 4681 0 0
417 T 4200 4667 926 0 0
417 T 4667 3465 4124 0 0
417 T 229 1834 2114 0 0
417 T 2217 1757 223 0 0
417 T 3229 1499 4515 0 0
417 T 4517 1760 4554 0 0
417 T 4512 1612 3222 0 0
417 T 4572 1838 4510 0 0
417 T 3125 4499 4574 0 0
417 T 4576 2467 3131 0 0
417 T 3128 2365 4582 0 0
417 T 4584 4504 3122 0 0
417 T 4233 4242 4223 0 0
417 T 4220 4241 4226 0 0
417 T 3613 1014 4690 0 0
417 T 4692 2785 3726 0 0
417 T 1011 3517 4696 0 0
417 T 4694 3778 2783 0 0
417 T 2580 4645 4559 0 0
417 T 4228 4643 2238 0 0
417 T 4545 4646 2503 0 0
417 T 2140 4648 4231 0 0
417 T 3117 3268 3119 0 0
417 T 837 4537 1754 0 0
417 T 4461 4393 4537 0 0
417 T 1836 4538 830 0 0
417 T 4538 4327 4435 0 0
417 T 2312 4688 3167 0 0
417 T 4205 4747 2310 0 0
417 T 4688 4749 181 0 0
417 T 3164 4683 2414 0 0
417 T 2416 4733 4187 0 0
417 T 182 4731 4683 0 0
417 T 3621 4620 4563 0 0
417 T 4038 4618 1825 0 0
417 T 4549 4623 3523 0 0
417 T 1743 4625 4045 0 0
417 T 3945 493 4658 0 0
417 T 4660 1087 3779 0 0
417 T 3729 1092 4670 0 0
417 T 4672 494 3938 0 0
417 T 4732 4500 1330 0 0
417 T 2343 4498 4682 0 0
417 T 1333 4503 4746 0 0
417 T 4689 4505 2449 0 0
417 T 4485 4515 4491 0 0
417 T 4488 4512 4478 0 0
417 T 2508 58 2582 0 0
417 T 2116 66 2215 0 0
417 T 3125 4495 1318 0 0
417 T 1320 4530 4574 0 0
417 T 4501 4532 4495 0 0
417 T 4584 4530 1319 0 0
417 T 4496 4532 4502 0 0
417 T 3133 2544 4675 0 0
417 T 4677 4601 3139 0 0
417 T 3136 4602 4663 0 0
417 T 4665 2618 3126 0 0
417 T 4576 3285 4675 0 0
417 T 4665 3278 4582 0 0
417 T 4507 4511 4515 0 0
417 T 4697 4396 3695 0 0
417 T 3692 4402 4691 0 0
417 T 4493 4752 227 0 0
417 T 4752 2141 4224 0 0
417 T 224 4734 4486 0 0
417 T 4219 2239 4734 0 0
417 T 3161 4715 2206 0 0
417 T 2208 4781 4270 0 0
417 T 230 4779 4715 0 0
417 T 2109 4712 3154 0 0
417 T 4336 4807 2107 0 0
417 T 4712 4809 230 0 0
417 T 4181 4496 1330 0 0
417 T 4732 4533 4179 0 0
417 T 4180 4533 4746 0 0
417 T 4590 3606 3718 0 0
417 T 3773 3513 4591 0 0
417 T 4649 4809 1586 0 0
417 T 1588 232 2251 0 0
417 T 2253 4710 4647 0 0
417 T 230 1477 2153 0 0
417 T 2151 4642 4715 0 0
417 T 4781 4644 1477 0 0
417 T 1796 4772 4483 0 0
417 T 4481 4799 1714 0 0
417 T 4493 4632 1794 0 0
417 T 1796 1475 227 0 0
417 T 1475 4630 4750 0 0
417 T 224 1588 1715 0 0
417 T 1717 4635 4486 0 0
417 T 4736 4637 1588 0 0
417 T 309 321 311 0 0
417 T 4521 4519 4521 -1 0
417 T 1969 4045 4783 0 0
417 T 4785 4756 0 -1 0
417 T 4756 4039 1963 0 0
417 T 4244 4751 4646 0 0
417 T 4645 4737 4239 0 0
417 T 1548 4771 4603 0 0
417 T 4601 4800 1434 0 0
417 T 2388 4625 4783 0 0
417 T 4757 4618 2283 0 0
417 T 3868 4522 2546 0 0
417 T 1606 4524 452 0 0
417 T 2624 4529 3926 0 0
417 T 455 4527 1497 0 0
417 T 4205 4179 4843 0 0
417 T 4845 4532 2310 0 0
417 T 2416 4532 4839 0 0
417 T 4841 4180 4187 0 0
417 T 1524 4609 3139 0 0
417 T 4677 4635 1522 0 0
417 T 4609 4637 4599 0 0
417 T 3136 4610 1411 0 0
417 T 1413 4632 4663 0 0
417 T 4604 4630 4610 0 0
417 T 1524 1412 325 -1 0
417 T 4617 4611 4607 0 0
417 T 3657 1496 4803 0 0
417 T 4805 4456 2826 0 0
417 T 2888 4430 4775 0 0
417 T 4777 1607 3559 0 0
417 T 621 4526 4803 0 0
417 T 4777 4525 614 0 0
417 T 3697 4843 4574 0 0
417 T 4584 4841 3690 0 0
417 T 4628 4625 4621 0 0
417 T 949 4701 2186 0 0
417 T 2088 4703 943 0 0
417 T 2816 4790 4563 0 0
417 T 184 4620 4790 0 0
417 T 4549 4764 2874 0 0
417 T 4764 4623 179 0 0
417 T 4638 4642 4635 0 0
417 T 1588 4240 4640 0 0
417 T 4640 4243 1475 0 0
417 T 4632 4649 4638 0 0
417 T 1548 2127 175 0 0
417 T 173 2228 1434 0 0
417 T 4807 4240 4632 0 0
417 T 4635 4243 4781 0 0
417 T 4630 4772 4517 0 0
417 T 4510 4798 4637 0 0
417 T 649 4205 4815 0 0
417 T 4817 4270 655 0 0
417 T 652 4336 4810 0 0
417 T 4812 4187 646 0 0
417 T 3697 2206 1522 0 0
417 T 4677 4868 3695 0 0
417 T 4868 4635 2206 0 0
417 T 3692 4878 4663 0 0
417 T 1413 2109 3690 0 0
417 T 2109 4632 4878 0 0
417 T 4396 4021 4875 0 0
417 T 4877 3382 3975 0 0
417 T 3972 3456 4863 0 0
417 T 4865 4022 4402 0 0
417 T 4868 4243 4270 0 0
417 T 4336 4240 4878 0 0
417 T 1548 4514 4611 0 0
417 T 4608 4513 1435 0 0
417 T 3121 4745 3354 0 0
417 T 500 3945 4745 0 0
417 T 3428 4727 3114 0 0
417 T 4727 3938 503 0 0
417 T 4813 4838 1302 0 0
417 T 1304 4181 647 0 0
417 T 4815 1302 4843 0 0
417 T 4817 4866 1506 0 0
417 T 1397 4880 4810 0 0
417 T 4868 3283 4843 0 0
417 T 4841 3280 4878 0 0
417 T 4717 4721 4711 0 0
417 T 4917 2624 3975 0 0
417 T 4877 171 4915 0 0
417 T 3972 2546 4910 0 0
417 T 4912 176 4863 0 0
417 T 1237 4586 2182 0 0
417 T 147 4286 4586 0 0
417 T 2085 4580 1230 0 0
417 T 4580 4352 147 0 0
417 T 2253 2152 59 -1 0
417 T 2860 4437 4942 0 0
417 T 4944 4540 1983 0 0
417 T 1980 4535 4950 0 0
417 T 4952 4459 2799 0 0
417 T 3969 2124 4907 0 0
417 T 4905 2223 3963 0 0
417 T 1780 305 4467 0 0
417 T 4465 299 1698 0 0
417 T 4925 4804 2607 0 0
417 T 1556 4527 4923 0 0
417 T 4920 4524 1443 0 0
417 T 2533 4774 4918 0 0
417 T 4065 4885 2546 0 0
417 T 634 4522 4885 0 0
417 T 2624 4871 4058 0 0
417 T 4871 4529 641 0 0
417 T 1328 4929 4791 0 0
417 T 4619 4927 1818 0 0
417 T 4765 4930 1327 0 0
417 T 1740 4932 4624 0 0
417 T 2128 4836 4679 0 0
417 T 4668 4837 2227 0 0
417 T 981 2463 4758 0 0
417 T 4760 1843 2926 0 0
417 T 3028 1765 4786 0 0
417 T 4788 2361 974 0 0
417 T 4265 4263 4265 -1 0
417 T 3376 3864 4467 0 0
417 T 4464 3922 3446 0 0
417 T 901 3335 4739 0 0
417 T 4741 3764 699 0 0
417 T 696 3814 4723 0 0
417 T 4725 3340 894 0 0
417 T 2124 4873 4923 0 0
417 T 4920 4883 2222 0 0
417 T 2188 4766 955 0 0
417 T 4766 4019 2784 0 0
417 T 952 4796 2087 0 0
417 T 2784 4024 4796 0 0
417 T 3945 1468 4899 0 0
417 T 4901 2144 4658 0 0
417 T 4896 1579 3938 0 0
417 T 4672 2242 4894 0 0
417 T 3781 4768 5022 0 0
417 T 5024 4019 4695 0 0
417 T 4693 4024 5026 0 0
417 T 5028 4794 3727 0 0
417 T 4993 2245 4703 0 0
417 T 4701 2142 4987 0 0
417 T 4893 3779 955 0 0
417 T 2188 5024 4891 0 0
417 T 952 3729 4886 0 0
417 T 4888 5026 2087 0 0
417 T 5024 4877 3695 0 0
417 T 3692 4863 5026 0 0
417 T 4893 4658 947 0 0
417 T 944 4672 4886 0 0
417 T 4917 4871 3967 0 0
417 T 3964 4885 4910 0 0
417 T 4699 5024 4660 0 0
417 T 4670 5026 4704 0 0
417 T 5024 4979 1522 0 0
417 T 2208 4981 4875 0 0
417 T 1413 4984 5026 0 0
417 T 4865 4982 2107 0 0
417 T 4825 2903 699 0 0
417 T 4741 629 4823 0 0
417 T 696 2845 4818 0 0
417 T 4820 630 4723 0 0
417 T 4929 4938 4931 0 0
417 T 4909 5055 2206 0 0
417 T 2108 5053 4903 0 0
417 T 4760 4651 899 0 0
417 T 4651 1843 459 0 0
417 T 896 4656 4786 0 0
417 T 464 1765 4656 0 0
417 T 4745 1814 4899 0 0
417 T 4896 1736 4727 0 0
417 T 4917 4925 4907 0 0
417 T 4904 4918 4910 0 0
417 T 4760 4928 4962 0 0
417 T 4964 5015 899 1 0
417 T 5015 4926 4653 0 0
417 T 896 5020 4963 0 0
417 T 4965 4931 4786 0 0
417 T 4654 4933 5020 0 0
417 T 2208 5073 4915 0 0
417 T 5073 4981 173 0 0
417 T 4912 5079 2107 0 0
417 T 174 4982 5079 0 0
417 T 4789 4941 4758 0 0
417 T 5013 4536 1746 0 0
417 T 1829 4538 5007 0 0
417 T 1808 5084 4991 0 0
417 T 4989 5087 1726 0 0
417 T 4985 5063 1806 0 0
417 T 1808 1605 175 0 0
417 T 1605 5065 5078 0 0
417 T 172 1490 1727 0 0
417 T 1729 5063 4978 0 0
417 T 5072 5065 1490 0 0
417 T 1560 5083 5055 0 0
417 T 5053 5088 1446 0 0
417 T 4825 4831 4819 0 0
417 T 3536 4851 4351 0 0
417 T 4581 4853 4206 0 0
417 T 4289 4856 3630 0 0
417 T 4192 4854 4587 0 0
417 T 4944 5009 3502 0 0
417 T 3600 5010 4950 0 0
417 T 4901 4995 1522 0 0
417 T 1524 5068 4658 0 0
417 T 2142 5066 4995 0 0
417 T 1413 5000 4894 0 0
417 T 4672 5074 1411 0 0
417 T 5000 5076 2244 0 0
417 T 4983 4703 5077 0 0
417 T 4981 5068 4699 0 0
417 T 4993 4999 4983 0 0
417 T 4980 4996 4986 0 0
417 T 3376 3319 4955 0 0
417 T 4957 909 4467 0 0
417 T 4464 902 4947 0 0
417 T 4949 3316 3446 0 0
417 T 4997 5001 5003 -1 0
417 T 4923 5055 5071 0 0
417 T 5081 5052 4920 0 0
417 T 5057 5064 5047 0 0
417 T 5049 1493 4923 0 0
417 T 4920 1602 5042 0 0
417 T 5044 5064 5050 0 0
417 T 5001 5063 5082 0 0
417 T 5088 5063 4994 0 0
417 T 5049 5045 5041 -1 0
417 T 68 1603 1491 0 0
417 T 4469 1750 5035 0 0
417 T 5033 1833 4463 0 0
417 T 1560 4998 5047 0 0
417 T 5044 4997 1447 0 0
417 T 4957 2910 5035 0 0
417 T 5032 2852 4947 0 0
417 T 478 4966 4955 0 0
417 T 2868 3319 4966 0 0
417 T 4949 4973 478 0 0
417 T 4973 3316 2806 0 0
417 T 4944 5109 2854 0 0
417 T 5109 5009 554 0 0
417 T 2797 5115 4950 0 0
417 T 553 5010 5115 0 0
417 T 5093 5091 5093 -1 0
417 T 4973 4969 4977 1 0
417 T 1804 5007 5135 0 0
417 T 5133 5013 1722 0 0
417 T 478 5123 5035 0 0
417 T 4968 2910 5123 0 0
417 T 5032 5129 478 0 0
417 T 5129 2852 4971 0 0
417 T 5020 3338 5155 0 0
417 T 5153 3336 5014 0 0
417 T 5037 5148 1782 0 0
417 T 1704 5142 5031 0 0
417 T 1792 5153 5175 0 0
417 T 5173 5155 1710 0 0
417 T 2320 5107 5135 0 0
417 T 5132 5117 2422 0 0
417 T 4964 5150 4739 1 0
417 T 4725 5157 4963 0 0
417 T 4741 1793 5111 0 0
417 T 5113 2515 4823 0 0
417 T 4820 2593 5103 0 0
417 T 5105 1710 4723 0 0
417 T 4964 5176 5111 1 0
417 T 5105 5171 4963 0 0
417 T 5125 5148 2095 0 0
417 T 2196 5143 5127 0 0
417 T 5160 5158 5160 1 0
417 T 5177 5215 1794 0 0
417 T 1716 5221 5171 0 0
417 T 5113 5180 5102 0 0
417 T 5178 5170 5174 0 0
417 T 5137 5209 1798 0 0
417 T 1720 5203 5131 0 0
417 T 5221 1583 5242 0 0
417 T 5249 1473 5215 0 0
417 T 5199 5201 5199 1 0
417 T 5149 5227 1806 0 0
417 T 1728 5233 5143 0 0
417 T 4401 4851 3798 0 0
417 T 4855 4408 3749 0 0
417 T 5217 5222 5219 0 0
417 T 5244 5229 5186 0 0
417 T 5185 5231 5247 0 0
417 T 5237 5235 5237 -1 0
417 T 1584 1472 59 -1 0
417 T 5249 5234 5242 0 0
417 T 5185 337 5186 0 0
417 T 5270 5272 5270 -1 0
417 T 5295 5297 5295 1 0
417 T 5317 5315 5317 -1 0
417 T 5337 5335 5337 -1 0
417 U 52 1 1 0 0
417 U 1 1 1 -1 0
417 U 14 2 3 0 0
417 U 4 2 2 0 0
417 U 51 3 2 0 0
417 U 127 4 4 0 0
417 U 49 5 4 0 0
417 U 55 5 4 0 0
417 U 1414 6 11 0 0
417 U 6 7 6 0 0
417 U 3044 11 7 0 0
417 U 1420 8 6 0 0
417 U 273 10 8 0 0
417 U 237 12 6 0 0
417 U 3075 8 12 0 0
417 U 3041 14 6 0 0
417 U 1486 12 14 0 0
417 U 300 14 11 0 0
417 U 3081 14 8 0 0
417 U 1482 10 14 0 0
417 U 3552 15 8 0 0
417 U 29 14 15 -1 0
417 U 281 13 8 0 0
417 U 17 13 12 0 0
417 U 32 11 10 0 0
417 U 1530 16 18 0 0
417 U 2944 20 16 0 0
417 U 275 18 20 0 0
417 U 6 17 16 0 0
417 U 1529 20 17 0 0
417 U 2940 24 16 0 0
417 U 302 21 24 0 0
417 U 241 22 16 0 0
417 U 1600 24 22 0 0
417 U 2976 22 18 0 0
417 U 2978 18 24 0 0
417 U 1596 24 20 0 0
417 U 285 23 18 0 0
417 U 18 22 23 0 0
417 U 3649 25 18 0 0
417 U 28 25 24 0 0
417 U 31 21 20 0 0
417 U 2703 26 33 0 0
417 U 2100 29 26 0 0
417 U 408 33 29 0 0
417 U 369 31 26 0 0
417 U 2718 29 31 0 0
417 U 26 27 26 0 0
417 U 2105 31 27 0 0
417 U 377 36 26 0 0
417 U 2735 30 36 0 0
417 U 2165 36 33 0 0
417 U 2723 28 35 0 0
417 U 2120 37 28 0 0
417 U 462 35 37 0 0
417 U 401 31 28 0 0
417 U 21 31 30 0 0
417 U 2166 32 35 0 0
417 U 4312 35 32 0 0
417 U 38 33 32 0 0
417 U 2744 35 33 0 0
417 U 9 34 35 0 0
417 U 2646 38 45 0 0
417 U 381 48 38 0 0
417 U 2262 45 48 0 0
417 U 2204 42 38 0 0
417 U 2680 48 42 0 0
417 U 25 39 38 0 0
417 U 372 42 39 0 0
417 U 2200 41 38 0 0
417 U 2665 43 41 0 0
417 U 402 41 45 0 0
417 U 397 43 40 0 0
417 U 23 42 43 0 0
417 U 2221 49 40 0 0
417 U 2668 47 40 0 0
417 U 460 49 47 0 0
417 U 2269 47 44 0 0
417 U 2688 46 44 0 0
417 U 8 47 46 0 0
417 U 38 45 44 1 0
417 U 4376 46 45 0 0
417 U 2086 50 52 0 0
417 U 673 53 50 0 0
417 U 37 52 53 0 0
417 U 2092 59 50 0 0
417 U 4551 53 59 0 0
417 U 681 55 50 0 0
417 U 3640 59 55 0 0
417 U 3605 65 50 0 0
417 U 2135 55 65 0 0
417 U 745 65 52 0 0
417 U 3625 59 52 0 0
417 U 2161 65 59 0 0
417 U 44 59 58 1 0
417 U 3643 54 62 0 0
417 U 859 62 64 0 0
417 U 2132 61 54 0 0
417 U 839 58 61 0 0
417 U 757 56 54 0 0
417 U 3665 61 56 0 0
417 U 2146 56 62 0 0
417 U 3667 56 63 0 0
417 U 10 63 62 0 0
417 U 21 57 56 0 0
417 U 812 61 57 0 0
417 U 2174 60 63 0 0
417 U 3684 64 61 0 0
417 U 2190 66 75 0 0
417 U 677 69 66 0 0
417 U 4568 75 69 0 0
417 U 2188 68 66 0 0
417 U 35 69 68 0 0
417 U 3508 81 66 0 0
417 U 739 68 81 0 0
417 U 685 71 66 0 0
417 U 2236 81 71 0 0
417 U 3543 71 75 0 0
417 U 3526 68 75 0 0
417 U 2258 75 81 0 0
417 U 45 74 75 0 0
417 U 2231 70 77 0 0
417 U 845 77 74 0 0
417 U 3548 78 70 0 0
417 U 865 80 78 0 0
417 U 753 72 70 0 0
417 U 2249 78 72 0 0
417 U 3566 72 77 0 0
417 U 3572 79 72 0 0
417 U 11 78 79 0 0
417 U 817 76 72 0 0
417 U 2277 79 76 0 0
417 U 22 73 72 0 0
417 U 3587 77 80 0 0
417 U 1390 82 98 0 0
417 U 12 83 82 0 0
417 U 4332 98 83 0 0
417 U 1396 90 82 0 0
417 U 1149 99 90 0 0
417 U 921 93 82 0 0
417 U 4367 90 93 0 0
417 U 4427 93 98 0 0
417 U 4343 84 94 0 0
417 U 1432 86 84 0 0
417 U 1045 94 86 0 0
417 U 997 96 84 0 0
417 U 4355 86 96 0 0
417 U 42 85 84 0 0
417 U 1429 96 85 0 0
417 U 989 95 84 0 0
417 U 4388 97 95 0 0
417 U 17 95 94 0 0
417 U 4361 89 86 0 0
417 U 1461 94 89 0 0
417 U 1444 92 86 0 0
417 U 1094 89 92 0 0
417 U 1053 91 86 0 0
417 U 1479 91 96 0 0
417 U 4363 88 90 0 0
417 U 1456 99 88 0 0
417 U 4380 99 93 0 0
417 U 1105 97 88 0 0
417 U 47 98 99 -1 0
417 U 1506 100 108 0 0
417 U 4268 117 100 0 0
417 U 1151 108 117 0 0
417 U 12 101 100 0 0
417 U 1505 117 101 0 0
417 U 925 111 100 0 0
417 U 4452 116 111 0 0
417 U 4304 111 108 0 0
417 U 4278 102 112 0 0
417 U 993 113 102 0 0
417 U 18 112 113 0 0
417 U 1540 115 102 0 0
417 U 4323 113 115 0 0
417 U 41 103 102 0 0
417 U 1000 115 103 0 0
417 U 1544 104 102 0 0
417 U 4292 114 104 0 0
417 U 1047 104 112 0 0
417 U 1554 104 110 0 0
417 U 4296 107 104 0 0
417 U 1100 110 107 0 0
417 U 1571 107 112 0 0
417 U 1057 109 104 0 0
417 U 1593 114 109 0 0
417 U 1568 117 106 0 0
417 U 4315 111 117 0 0
417 U 4300 108 106 0 0
417 U 1109 115 106 0 0
417 U 46 117 116 0 0
417 Q 539 77 539 77 0 0 0 0 1 0
417 Q 195 1029 69 1031 0 0 0 0 0 0
417 Q 1035 197 1035 197 0 0 0 0 0 0
417 Q 419 1277 212 1275 0 0 0 0 1 0
417 Q 77 697 339 699 0 0 0 0 -1 0
417 Q 867 341 867 341 0 0 0 0 0 0
417 Q 219 1005 126 1007 0 0 0 0 0 0
417 Q 1001 339 995 221 0 0 0 0 0 0
417 Q 128 1064 341 1058 0 0 0 0 0 0
417 Q 1077 121 1079 419 0 0 0 0 0 0
417 Q 337 1119 119 1117 0 0 0 0 0 0
417 Q 577 1145 61 1139 0 0 0 0 0 0
417 Q 1185 61 1183 67 0 0 0 0 0 0
417 Q 0 1961 0 1961 0 0 0 0 0 0
417 Q 1908 68 1854 0 0 0 0 0 -1 0
417 Q 119 2053 119 2053 0 0 0 0 0 0
417 Q 1684 58 1642 121 1 0 0 0 0 0
417 Q 287 777 337 779 0 0 0 0 0 0
417 Q 219 1628 1 1666 0 -1 0 0 0 0
417 Q 2009 57 2003 221 0 0 0 0 0 0
417 Q 1945 1 1890 57 0 1 0 0 0 -1
417 Q 59 1158 588 1159 0 0 -1 0 0 0
417 Q 586 1156 586 1156 0 0 0 0 0 0
417 Q 667 893 667 893 0 0 0 0 0 0
417 Q 891 673 64 675 0 0 0 0 0 0
417 Q 331 2344 209 2447 0 0 0 0 0 0
417 Q 1348 2 1346 333 0 0 0 0 0 0
417 Q 1738 207 1821 4 0 0 0 0 0 0
417 Q 965 219 959 1249 0 0 0 0 0 0
417 Q 1247 969 126 971 0 0 0 0 0 0
417 Q 891 937 56 939 0 0 0 0 0 0
417 Q 949 73 943 893 0 0 0 0 0 0
417 Q 1085 56 1083 73 0 0 0 0 0 0
417 Q 119 1125 2078 1127 0 0 0 0 0 0
417 Q 3712 303 575 301 0 0 0 0 0 0
417 Q 328 2653 57 2706 0 0 0 0 0 0
417 Q 1869 65 1919 326 -1 0 0 0 0 0
417 Q 65 3205 57 3199 0 0 -1 0 0 0
417 Q 0 3117 206 3119 0 0 0 0 0 0
417 Q 3016 324 2914 0 0 0 0 0 0 0
417 Q 208 1663 322 1625 0 0 0 0 0 0
417 Q 891 1696 329 1774 0 0 0 0 0 0
417 Q 2088 65 2186 891 -1 0 0 0 0 0
417 Q 64 34 65 36 1 0 0 0 1 0
417 Q 205 644 199 2781 0 0 0 0 0 0
417 Q 2779 2836 56 2895 0 0 0 0 0 0
417 Q 3575 56 3672 642 0 0 0 0 0 0
417 Q 75 649 63 647 0 0 0 0 0 0
417 Q 657 3700 651 75 0 0 0 0 0 0
417 Q 703 63 709 3698 0 0 0 0 0 0
417 Q 2936 212 3035 325 0 0 0 0 0 0
417 Q 1512 911 1398 75 0 0 0 0 0 0
417 Q 3700 159 913 158 0 0 0 0 0 0
417 Q 63 3173 915 3175 0 0 0 0 0 0
417 Q 2524 2786 2599 63 0 0 0 0 0 0
417 Q 917 122 2788 123 0 0 0 0 0 0
417 Q 61 2615 209 2540 0 0 0 0 0 0
417 Q 2 2749 81 2690 0 0 0 0 0 0
417 Q 3323 4 3323 4 0 0 0 0 0 0
417 Q 63 2660 128 2715 0 0 0 0 0 0
417 Q 1336 72 1334 63 0 0 0 0 0 0
417 Q 3232 72 3234 126 0 0 0 0 0 0
417 Q 127 1933 645 1878 0 0 0 0 0 0
417 Q 2968 1 3067 129 0 0 0 0 0 0
417 Q 3345 1 3347 643 0 0 0 0 0 0
417 Q 128 780 2786 774 0 0 0 0 0 0
417 Q 1247 2492 129 2566 0 0 0 0 0 0
417 Q 1977 1 1971 1249 0 0 0 0 0 0
417 Q 1804 577 1722 197 0 0 0 0 0 0
417 Q 327 3957 57 3959 0 0 0 0 0 0
417 Q 373 2778 367 329 0 0 0 0 0 0
417 Q 327 3153 327 3153 0 0 0 0 0 0
417 Q 1247 2800 1 2858 0 0 0 0 0 0
417 Q 3853 1 3910 126 0 0 0 0 0 0
417 Q 2964 911 3063 129 0 0 0 0 0 0
417 Q 340 1831 913 1752 0 0 0 0 0 0
417 Q 1792 643 1710 221 0 0 0 0 0 0
417 Q 25 326 27 329 0 0 0 0 0 0
417 Q 2778 2103 328 2205 0 0 0 0 0 0
417 Q 2996 5 3095 59 0 0 0 0 0 0
417 Q 2 2556 2080 2631 0 0 0 0 0 0
417 Q 1293 318 1287 4 0 0 0 0 0 0
417 Q 357 914 351 477 0 0 0 0 0 0
417 Q 475 4108 56 4143 0 0 0 0 0 0
417 Q 2543 56 2620 916 0 0 0 0 0 0
417 Q 575 1829 2070 1746 0 0 0 0 0 0
417 Q 127 2225 642 2122 0 0 0 0 0 0
417 Q 835 4255 833 337 0 0 0 0 0 0
417 Q 2885 3700 2822 129 0 0 0 0 0 0
417 Q 3301 2081 3295 59 0 0 0 0 0 0
417 Q 2787 1772 645 1851 0 0 0 0 0 0
417 Q 521 1780 210 1698 0 0 0 0 0 0
417 Q 3609 332 3510 519 0 0 0 0 0 0
417 Q 212 2339 330 2444 0 0 0 0 0 0
417 Q 517 4413 511 75 0 0 0 0 0 0
417 Q 75 1404 476 1514 0 0 0 0 0 0
417 Q 346 474 344 4411 0 0 0 0 0 0
417 Q 914 460 4410 462 0 0 0 0 0 0
417 Q 3993 129 3987 63 0 0 0 0 0 0
417 Q 0 2644 2 2698 0 0 0 0 0 0
417 Q 3397 4 3466 4056 0 0 0 0 0 0
417 Q 475 1704 64 1782 -1 0 0 0 0 0
417 Q 3341 644 3335 917 0 0 0 0 0 0
417 Q 3969 644 3963 329 0 0 0 0 0 0
417 Q 489 3269 483 4217 0 0 0 0 0 0
417 Q 4215 377 321 379 0 0 0 0 0 0
417 Q 0 1392 3353 1502 0 0 0 0 0 0
417 Q 1225 82 1223 0 0 0 0 0 0 0
417 Q 2828 5 2887 2053 0 0 0 0 0 0
417 Q 1316 78 1314 71 0 0 0 0 0 0
417 Q 4069 78 4071 2 0 0 0 0 0 0
417 Q 475 1408 340 1518 0 0 0 0 0 0
417 Q 519 477 519 477 0 0 0 0 0 0
417 Q 221 1540 338 1426 0 0 0 0 0 0
417 Q 42 220 40 219 0 0 0 0 0 0
417 Q 911 301 1300 303 0 0 0 0 0 0
417 Q 31 910 33 913 0 0 0 0 0 0
417 Q 1298 1483 912 1597 0 0 0 0 0 0
417 Q 1780 1298 1698 477 0 0 0 0 0 0
417 Q 210 1300 210 1300 0 0 0 0 0 0
417 Q 0 3769 4261 3714 0 0 0 0 0 0
417 Q 2 1169 4259 1171 0 0 0 0 0 0
417 Q 77 2504 1 2578 0 -1 0 0 -1 0
417 Q 4436 1 4459 339 0 1 0 0 0 -1
417 Q 127 4424 57 4447 0 0 0 0 0 0
417 Q 2144 57 2243 73 0 0 0 0 0 0
417 Q 327 1708 127 1786 0 0 0 0 0 0
417 Q 119 2057 66 2059 0 0 0 0 0 0
417 Q 219 4481 129 4483 0 0 0 0 0 0
417 Q 539 2508 4054 2582 0 0 0 0 0 0
417 Q 219 2877 84 2814 0 0 0 0 0 0
417 Q 1 982 84 984 0 0 0 1 0 1
417 Q 143 3465 4508 3390 0 0 0 0 0 0
417 Q 1273 2 1267 145 0 0 0 0 0 0
417 Q 2131 4506 2232 4 0 0 0 0 0 0
417 Q 1227 929 4258 931 0 0 0 0 0 0
417 Q 1499 212 1613 3350 0 0 0 0 0 0
417 Q 0 2796 4616 2854 0 0 0 0 0 0
417 Q 172 4261 174 4614 0 0 0 0 0 0
417 Q 219 1424 62 1534 0 0 0 0 0 0
417 Q 4565 128 4546 221 0 0 0 0 0 0
417 Q 3512 4026 3607 601 0 0 0 0 0 0
417 Q 3720 4029 3771 521 0 0 0 0 0 0
417 Q 63 4601 57 4603 0 0 0 0 0 0
417 Q 2116 2070 2215 1037 0 0 0 0 0 0
417 Q 4256 1757 2072 1834 0 0 0 0 0 0
417 Q 2388 206 2282 1961 0 0 0 0 0 0
417 Q 208 4626 208 4626 0 0 0 0 0 0
417 Q 889 4518 883 669 0 0 0 0 0 0
417 Q 312 468 306 4520 0 0 0 0 0 0
417 Q 4535 2073 4541 337 0 0 0 0 0 0
417 Q 539 2504 4720 2578 0 0 0 0 0 0
417 Q 1 4718 1 4718 0 -1 0 1 0 1
417 Q 599 4593 518 4592 0 0 0 0 0 0
417 Q 3720 333 3771 601 0 0 0 0 0 0
417 Q 219 1716 56 1794 0 0 0 0 0 0
417 Q 4772 56 4799 129 0 0 0 0 0 0
417 Q 313 1297 307 589 0 0 0 0 0 0
417 Q 63 1436 128 1546 0 0 0 0 0 0
417 Q 4184 4827 4199 0 0 0 0 0 0 0
417 Q 3538 4829 3637 68 0 0 0 0 0 0
417 Q 537 142 531 4597 0 0 0 0 0 0
417 Q 4595 605 4234 607 0 0 0 0 0 0
417 Q 327 2108 1 2206 0 0 0 0 0 0
417 Q 73 4703 65 4701 0 0 0 0 0 0
417 Q 2127 4506 2228 4260 0 0 0 0 0 0
417 Q 4505 4 4499 4829 0 0 0 0 0 0
417 Q 4430 2 4457 68 0 0 0 0 0 0
417 Q 4667 4508 4680 67 0 0 0 0 0 0
417 Q 1227 4201 333 4182 0 0 0 0 0 0
417 Q 4679 331 4668 4258 0 0 0 0 0 0
417 Q 539 2300 4858 2402 0 0 0 0 0 0
417 Q 4561 59 4542 541 0 0 0 0 1 0
417 Q 59 2156 4860 2255 0 0 0 0 -1 0
417 Q 3372 206 3443 4597 0 0 0 0 0 0
417 Q 142 1637 208 1675 0 0 0 0 0 0
417 Q 4805 69 4774 2053 0 0 0 0 1 0
417 Q 57 801 88 799 0 0 0 0 0 0
417 Q 88 4093 1 4102 0 -1 0 0 0 0
417 Q 4847 2292 3 2394 0 0 0 0 0 0
417 Q 2572 79 2494 4849 0 0 0 0 0 0
417 Q 587 2465 4 2358 0 0 0 0 0 0
417 Q 4941 2 4941 2 0 0 0 0 0 0
417 Q 4847 2296 586 2398 0 0 0 0 0 0
417 Q 2449 3267 2342 4829 0 0 0 0 0 0
417 Q 1308 91 1306 75 0 0 0 0 0 0
417 Q 4413 1843 91 1764 0 0 0 0 0 0
417 Q 4763 84 4792 128 0 0 0 0 0 0
417 Q 2773 4262 2767 145 0 0 0 0 0 0
417 Q 110 1112 116 4264 0 0 0 0 0 0
417 Q 4909 127 4903 329 0 0 0 0 0 0
417 Q 4469 911 4463 477 0 0 0 0 0 0
417 Q 4847 3437 1296 3362 0 0 0 0 0 0
417 Q 331 2229 67 2126 0 0 0 0 0 0
417 Q 67 4837 4258 4836 0 0 0 0 0 0
417 Q 621 4830 615 4237 0 0 0 0 0 0
417 Q 1163 4 1162 4832 0 0 0 0 0 0
417 Q 2081 3579 4860 3676 0 0 0 0 0 0
417 Q 65 4989 57 4991 0 0 0 0 -1 0
417 Q 2584 5004 2506 4217 0 0 0 0 0 0
417 Q 3269 1736 5002 1815 0 0 0 0 0 0
417 Q 4097 4934 4082 145 0 0 0 0 0 0
417 Q 2 1463 4936 1577 0 0 0 0 0 0
417 Q 1247 4953 338 4942 0 0 0 0 0 0
417 Q 667 3773 5039 3718 0 0 0 0 0 0
417 Q 2530 5041 2609 2050 0 0 0 0 0 0
417 Q 127 5053 1 5055 0 0 0 0 0 0
417 Q 565 88 559 4961 0 0 0 0 0 0
417 Q 4959 2429 1 2322 0 -1 0 0 0 0
417 Q 3752 319 3803 4937 0 0 0 0 0 0
417 Q 1328 90 1326 85 0 0 0 0 0 0
417 Q 4933 90 4927 129 0 0 0 0 0 0
417 Q 575 5009 336 5011 0 0 0 0 0 0
417 Q 65 1728 1 1806 0 -1 0 0 -1 0
417 Q 5084 1 5087 57 0 1 0 0 0 -1
417 Q 3748 87 3799 119 0 0 0 0 0 0
417 Q 66 9 87 8 0 0 0 0 0 0
417 Q 127 1448 56 1558 0 0 0 0 0 0
417 Q 4975 485 4935 487 0 0 0 0 0 0
417 Q 2200 144 2098 4977 0 0 0 0 0 0
417 Q 4657 915 4651 91 0 0 0 0 0 0
417 Q 2856 4958 2794 1249 0 0 0 0 0 0
417 Q 5020 914 5014 129 0 0 0 0 0 0
417 Q 5037 340 5031 477 0 0 0 0 0 0
417 Q 497 5090 491 4937 0 0 0 0 0 0
417 Q 2636 319 2559 5092 0 0 0 0 0 0
417 Q 667 1696 5097 1774 0 0 0 0 0 0
417 Q 329 5095 329 5095 0 0 0 0 0 0
417 Q 4518 2871 5097 2812 0 0 0 0 0 0
417 Q 1245 4706 1239 1961 0 0 0 0 0 0
417 Q 392 206 386 4708 0 0 0 0 0 0
417 Q 4595 3441 5139 3366 0 0 0 0 0 0
417 Q 1453 5141 1563 4234 0 0 0 0 0 0
417 Q 143 3793 4709 3738 0 0 0 0 0 0
417 Q 4830 2898 5140 2841 0 0 0 0 0 0
417 Q 1560 58 1446 333 1 0 0 0 0 0
417 Q 5137 336 5131 197 0 0 0 0 0 0
417 Q 338 5107 4958 5116 0 0 0 0 0 0
417 Q 4595 2092 5160 2190 0 0 0 0 0 0
417 Q 232 5139 233 5158 0 0 0 0 0 0
417 Q 2881 92 2818 4961 0 0 0 0 0 0
417 Q 88 1387 92 1389 0 0 0 0 0 0
417 Q 5157 645 5151 129 0 0 0 0 0 0
417 Q 340 5142 64 5148 -1 0 0 0 0 0
417 Q 4975 2865 5162 2802 0 0 0 0 0 0
417 Q 1460 5164 1570 4935 0 0 0 0 0 0
417 Q 5177 129 5171 221 0 0 0 0 0 0
417 Q 4400 5060 4407 121 0 0 0 0 0 0
417 Q 2357 5058 2458 58 0 0 -1 0 0 0
417 Q 5090 2640 5164 2563 0 0 0 0 0 0
417 Q 1218 3675 5059 3580 0 0 0 0 0 0
417 Q 4975 2096 5195 2194 0 0 0 0 0 0
417 Q 177 5162 171 5197 0 0 0 0 0 0
417 Q 5095 1708 5199 1786 0 0 0 0 0 0
417 Q 127 5201 127 5201 0 0 0 0 0 0
417 Q 193 93 187 5193 0 0 0 0 0 0
417 Q 5191 2425 4960 2318 0 0 0 0 0 0
417 Q 229 5140 223 5181 0 0 0 0 0 0
417 Q 129 5221 56 5215 0 0 0 0 0 0
417 Q 5223 2152 5158 2251 0 0 0 0 0 0
417 Q 1588 5139 1474 5225 0 0 0 0 0 0
417 Q 5191 5133 338 5135 0 0 0 0 0 0
417 Q 1808 5234 1726 5197 0 0 0 0 0 0
417 Q 5162 1493 5236 1603 0 0 0 0 0 0
417 Q 5195 5145 335 5147 0 0 0 0 0 0
417 Q 1800 97 1718 5193 0 0 0 0 0 0
417 Q 93 1382 97 1384 0 0 0 0 0 0
417 Q 336 5203 4 5209 0 0 0 0 0 0
417 Q 5244 1 5247 129 0 1 0 0 0 -1
417 Q 56 1473 1 1583 0 -1 0 0 0 0
417 Q 341 5233 1 5227 0 -1 0 0 0 0
417 Q 5211 4288 86 4351 0 0 0 0 0 0
417 Q 3536 5061 3631 5213 0 0 0 0 0 0
417 Q 5200 48 5201 49 0 0 0 0 1 0
417 Q 5188 341 5183 129 0 0 0 0 0 0
417 Q 5099 913 5099 913 0 0 0 0 0 0
417 Q 1596 211 1482 5101 0 0 0 0 0 0
417 Q 419 4209 5100 4190 0 0 0 0 0 0
417 Q 5207 97 5205 338 0 0 0 0 0 0
417 Q 5211 569 94 571 0 0 0 0 0 0
417 Q 94 1361 86 1359 0 0 0 0 0 0
417 Q 143 2820 5120 2879 0 0 0 0 0 0
417 Q 1255 4709 1257 5118 0 0 0 0 0 0
417 Q 14 5209 5258 5202 0 0 0 0 0 0
417 Q 5260 336 5261 337 0 0 0 0 0 0
417 Q 4262 3492 5120 3419 0 0 0 0 0 0
417 Q 97 15 96 14 0 0 0 0 0 0
417 Q 5258 339 5259 338 0 0 0 0 0 0
417 Q 1959 2084 5166 2182 0 0 0 0 0 0
417 Q 4588 5168 4579 420 0 0 0 0 0 0
417 Q 5251 533 5212 535 0 0 0 0 0 0
417 Q 2404 5060 2298 5253 0 0 0 0 0 0
417 Q 4706 3796 5166 3743 0 0 0 0 0 0
417 Q 5184 5261 5186 55 0 0 0 0 0 0
417 Q 5211 3629 99 3530 0 0 0 0 0 0
417 Q 1365 99 1363 94 0 0 0 0 0 0
417 Q 4400 5100 4407 5265 0 0 0 0 0 0
417 Q 5263 3748 5169 3799 0 0 0 0 0 0
417 Q 5239 897 5167 899 0 0 0 0 0 0
417 Q 2576 4707 2498 5241 0 0 0 0 0 0
417 Q 3364 5118 3435 5241 0 0 0 0 0 0
417 Q 5255 75 5255 75 0 0 0 0 0 0
417 Q 1512 5099 1398 5257 0 0 0 0 0 0
417 Q 597 5264 591 5257 0 0 0 0 0 0
417 Q 5251 2304 5270 2406 0 0 0 0 0 0
417 Q 4348 5272 4283 5212 0 0 0 0 0 0
417 Q 3590 99 3689 5286 0 0 0 0 0 0
417 Q 5288 2378 5273 2485 0 0 0 0 0 0
417 Q 101 201 5286 203 0 0 0 0 0 0
417 Q 1356 99 1354 101 0 0 0 0 0 0
417 Q 5263 625 5268 623 0 0 0 0 1 0
417 Q 5266 2268 5169 2167 0 0 0 0 0 0
417 Q 103 1344 100 1342 0 0 0 0 0 0
417 Q 2340 5287 2443 103 0 0 0 0 0 0
417 Q 5239 3433 5266 3358 0 0 0 0 0 0
417 Q 5255 1404 5280 1514 0 0 0 0 0 0
417 Q 476 5278 476 5278 0 0 0 0 0 0
417 Q 5264 3774 5280 3725 0 0 0 0 0 0
417 Q 473 5282 471 5281 0 0 0 0 0 0
417 Q 1811 5265 1732 5284 0 0 0 0 0 0
417 Q 5239 2496 5277 2570 0 0 0 0 0 0
417 Q 638 5266 636 5275 0 0 0 0 0 0
417 Q 3484 5284 3411 5268 0 0 0 0 0 0
417 Q 2172 5290 2271 5269 0 0 0 0 0 0
417 Q 5292 507 5285 506 0 0 0 0 0 0
417 Q 1348 105 1346 103 0 0 0 0 0 0
417 Q 5279 1408 5300 1518 0 0 0 0 0 0
417 Q 340 5298 340 5298 0 0 0 0 0 0
417 Q 2906 5290 2849 5274 0 0 0 0 0 0
417 Q 5282 3488 5300 3415 0 0 0 0 0 0
417 Q 104 50 105 51 0 0 0 0 0 0
417 Q 505 5291 499 5297 0 0 0 0 0 0
417 Q 5295 2617 5275 2538 0 0 0 0 0 0
417 Q 5307 221 5307 221 0 0 0 0 0 0
417 Q 1540 5298 1426 5309 0 0 0 0 0 0
417 Q 4213 5303 4194 5285 0 0 0 0 0 0
417 Q 5292 2177 5305 2274 0 0 0 0 0 0
417 Q 5311 2552 5302 2627 0 0 0 0 0 0
417 Q 3760 5300 3811 5313 0 0 0 0 0 0
417 Q 217 5313 215 5309 0 0 0 0 0 0
417 Q 2613 5304 2534 5297 0 0 0 0 0 0
417 Q 5307 1424 5320 1534 0 0 0 0 0 0
417 Q 62 5318 62 5318 0 0 0 0 0 0
417 Q 5313 2594 5320 2521 0 0 0 0 0 0
417 Q 177 5322 171 5321 0 0 0 0 0 0
417 Q 1834 5312 1757 5324 0 0 0 0 0 0
417 Q 5319 1436 5328 1546 0 0 0 0 0 0
417 Q 128 5326 128 5326 0 0 0 0 0 0
417 Q 5315 225 5310 227 0 0 0 0 0 0
417 Q 2212 5303 2110 5317 0 0 0 0 0 0
417 Q 5327 1448 5332 1558 0 0 0 0 0 0
417 Q 56 5330 56 5330 0 0 0 0 0 0
417 Q 5322 2226 5328 2129 0 0 0 0 0 0
417 Q 5331 1472 5337 1582 0 0 0 0 0 0
417 Q 1 5335 1 5335 0 0 0 0 0 0
417 Q 5315 2217 5324 2114 0 0 0 0 0 0
417 Q 52 5335 53 5334 0 0 0 0 1 0
417 H 105 4 2 105 105 4 0 0 0 0 0 0 0 0 0 0
