0
0 d=683
0
683 A 6 0 -1 2 1 -2
683 A 9 0 -1 2 1 -2
683 A 12 0 5 2 -5 -2
683 A 12 0 -1 2 1 -2
683 A -1 1 37 0 -37 0
683 A 0 1 37 0 -37 0
683 A -3 1 55 1 -55 -1
683 A 2 1 -56 1 56 -1
683 A -6 1 56 2 -56 -2
683 A 5 1 -58 2 58 -2
683 A -10 1 18 1 -18 -1
683 A 9 1 -19 1 19 -1
683 A 18 0 -1 2 1 -2
683 A 7 0 3 1 3 1
683 A 11 0 -1 2 -1 2
683 A 4 0 1 1 -2 1
683 A 4 0 -1 1 0 -1
683 A 5 0 -3 2 -2 1
683 A 5 0 2 1 1 -2
683 A 5 0 -2 2 0 -2
683 A 5 0 1 2 1 1
683 A 5 0 -1 1 0 1
683 A 6 0 -2 1 -1 -1
683 A 7 0 -4 3 -2 1
683 A 7 0 -4 2 -2 -2
683 A 7 0 -3 1 1 -3
683 A 7 0 -3 2 1 2
683 A 7 0 -3 3 0 -3
683 A 7 0 2 3 1 -2
683 A 7 0 2 1 2 -3
683 A 7 0 -2 2 0 -1
683 A 7 0 1 3 1 1
683 A 7 0 -1 1 0 -2
683 A 8 0 -5 3 2 -1
683 A 8 0 3 1 4 -1
683 A 8 0 -3 1 2 1
683 A 8 0 -3 3 0 1
683 A 8 0 2 3 -1 -1
683 A 8 0 -2 3 -1 3
683 A 8 0 1 3 4 -3
683 A 8 0 -1 1 0 3
683 A 9 0 -5 4 2 -1
683 A 9 0 4 1 2 -4
683 A 9 0 -4 2 -2 -2
683 A 9 0 1 4 -1 -1
683 A 10 0 -6 3 -1 -1
683 A 10 0 4 1 -5 1
683 A 10 0 -4 1 1 -3
683 A 10 0 -4 3 -3 1
683 A 10 0 3 3 2 -1
683 A 10 0 3 1 2 -3
683 A 10 0 -3 3 0 -3
683 A 10 0 2 3 5 -3
683 A 10 0 2 1 1 3
683 A 10 0 -1 1 0 1
683 A 11 0 -6 5 6 -3
683 A 11 0 -6 4 -1 -2
683 A 11 0 -6 2 1 -5
683 A 11 0 5 1 -2 4
683 A 11 0 -5 1 1 3
683 A 11 0 -5 2 -5 4
683 A 11 0 -5 3 -1 4
683 A 11 0 -5 5 0 -4
683 A 11 0 -7 5 -2 -5
683 A 11 0 -7 4 2 -1
683 A 11 0 4 3 3 5
683 A 11 0 4 2 4 -5
683 A 11 0 4 1 -4 3
683 A 11 0 -4 1 2 -3
683 A 11 0 -4 2 -2 -2
683 A 11 0 -4 4 0 -5
683 A 11 0 3 4 -1 -1
683 A 11 0 3 3 -1 -5
683 A 11 0 3 2 1 4
683 A 11 0 3 1 1 -3
683 A 11 0 -3 1 2 1
683 A 11 0 -3 2 -2 -4
683 A 11 0 -3 3 0 -3
683 A 11 0 -3 4 2 3
683 A 11 0 -3 5 -2 5
683 A 11 0 -2 2 0 1
683 A 11 0 -1 1 0 2
683 A 12 0 -7 5 -2 1
683 A 12 0 -5 1 -4 -1
683 A 12 0 -4 5 1 -5
683 A 12 0 2 5 1 1
683 A 13 0 -7 6 1 6
683 A 13 0 -7 5 -2 -5
683 A 13 0 -7 4 3 4
683 A 13 0 -7 3 -5 6
683 A 13 0 -7 2 -2 -6
683 A 13 0 6 1 -4 -5
683 A 13 0 -6 1 3 -2
683 A 13 0 -6 2 5 -4
683 A 13 0 -6 3 -1 -1
683 A 13 0 -6 4 3 6
683 A 13 0 -6 5 -3 -2
683 A 13 0 -6 6 0 -1
683 A 13 0 -8 6 -5 -2
683 A 13 0 -8 5 -4 2
683 A 13 0 -8 4 -4 -4
683 A 13 0 5 3 3 -6
683 A 13 0 5 1 -1 -2
683 A 13 0 -5 1 -1 3
683 A 13 0 -5 2 -1 -5
683 A 13 0 -5 3 1 -5
683 A 13 0 -5 5 0 4
683 A 13 0 -9 6 2 4
683 A 13 0 4 3 -1 6
683 A 13 0 4 2 -1 -4
683 A 13 0 4 1 -2 3
683 A 13 0 -4 1 3 1
683 A 13 0 -4 3 3 -4
683 A 13 0 -4 4 0 5
683 A 13 0 -4 5 -2 -3
683 A 13 0 -4 6 2 -6
683 A 13 0 3 5 2 2
683 A 13 0 3 3 2 -1
683 A 13 0 -3 1 -3 5
683 A 13 0 -3 3 0 -2
683 A 13 0 2 1 -2 5
683 A 13 0 -2 2 0 -3
683 A 13 0 1 3 1 -4
683 A 13 0 -1 1 0 -6
683 A 13 0 -1 2 -2 4
683 A -1 1 77 0 -20 0
683 A -1 1 71 0 -53 0
683 A -1 1 61 0 14 0
683 A -1 1 59 0 -29 0
683 A -1 1 58 0 56 0
683 A -1 1 55 0 -28 0
683 A -1 1 52 0 23 0
683 A -1 1 46 0 26 0
683 A 0 1 77 0 -20 0
683 A 0 1 71 0 -53 0
683 A 0 1 61 0 14 0
683 A 0 1 59 0 -29 0
683 A 0 1 58 0 56 0
683 A 0 1 55 0 -28 0
683 A 0 1 52 0 23 0
683 A 0 1 46 0 26 0
683 A -2 1 76 1 51 0
683 A -2 1 74 1 64 1
683 A -2 1 60 1 53 0
683 A -2 1 32 0 27 0
683 A -2 1 14 0 37 0
683 A -2 1 23 0 15 0
683 A 1 1 53 0 61 -1
683 A 1 1 51 0 77 -1
683 A 1 1 37 0 14 0
683 A 1 1 32 0 27 0
683 A 1 1 23 0 15 0
683 A 1 1 -65 1 -75 1
683 A -3 1 76 1 53 1
683 A -3 1 70 1 77 1
683 A -3 1 58 1 29 0
683 A -3 1 52 1 71 1
683 A -3 1 37 1 -31 0
683 A -3 1 28 0 -19 0
683 A -3 1 35 1 -14 0
683 A -3 1 59 1 -20 0
683 A 2 1 19 0 -28 0
683 A 2 1 29 0 59 -1
683 A 2 1 31 0 -38 1
683 A 2 1 -53 1 -72 1
683 A 2 1 -71 1 -78 1
683 A 2 1 -77 1 -54 1
683 A 2 1 20 0 -60 1
683 A 2 1 14 0 -36 1
683 A -4 1 30 1 -66 -1
683 A -4 1 74 2 25 1
683 A -4 1 73 1 19 0
683 A -4 1 61 1 72 1
683 A -4 1 45 1 52 1
683 A -4 1 37 1 54 1
683 A -4 1 27 1 55 1
683 A -4 1 72 2 16 0
683 A -4 1 60 1 20 0
683 A -4 1 36 1 28 1
683 A 3 1 -74 1 -19 0
683 A 3 1 -62 1 -73 1
683 A 3 1 -56 1 -28 1
683 A 3 1 -53 1 -46 1
683 A 3 1 20 0 61 -1
683 A 3 1 16 0 74 -2
683 A 3 1 -31 1 67 -1
683 A 3 1 -37 1 -29 1
683 A 3 1 -55 1 -38 1
683 A 3 1 -76 2 -26 1
683 A -5 1 63 2 29 1
683 A -5 1 74 2 20 1
683 A -5 1 69 2 24 1
683 A -5 1 14 0 -36 -1
683 A -5 1 15 0 -46 -1
683 A 4 1 14 0 -37 1
683 A 4 1 -30 1 -65 2
683 A 4 1 15 0 -47 1
683 A 4 1 -71 2 -25 1
683 A 4 1 -76 2 -21 1
683 A 14 0 -8 5 3 5
683 A 14 0 6 1 -7 5
683 A 14 0 -6 1 1 3
683 A 14 0 -6 5 -5 3
683 A 14 0 5 1 -4 3
683 A 14 0 4 3 7 -3
683 A 14 0 -4 5 -1 5
683 A 14 0 -3 5 2 -5
683 A 14 0 2 5 -7 1
683 A 14 0 2 3 1 5
683 A -6 1 26 1 -38 -1
683 A -6 1 74 3 -47 -2
683 A -6 1 17 1 -29 -1
683 A -6 1 53 2 28 1
683 A -6 1 59 2 -17 0
683 A -6 1 76 2 -16 0
683 A -6 1 58 2 77 2
683 A -6 1 52 2 -16 -1
683 A -6 1 40 1 71 2
683 A 5 1 -78 2 16 0
683 A 5 1 -73 2 -41 1
683 A 5 1 17 0 -61 2
683 A 5 1 -17 1 54 -2
683 A 5 1 -27 1 39 -1
683 A 5 1 -77 3 49 -2
683 A 5 1 -79 2 -60 2
683 A 5 1 -30 1 18 -1
683 A 5 1 -55 2 -29 1
683 A -7 1 68 3 53 2
683 A -7 1 54 2 -40 -1
683 A -7 1 33 1 -16 0
683 A -7 1 16 1 30 1
683 A -7 1 51 2 -45 -2
683 A -7 1 22 1 15 1
683 A -7 1 67 3 -39 -1
683 A -7 1 18 1 10 1
683 A -7 1 73 3 -27 -1
683 A -7 1 21 1 31 1
683 A 6 1 16 0 -34 1
683 A 6 1 -16 1 -23 1
683 A 6 1 -22 1 -32 1
683 A 6 1 -28 1 76 -3
683 A 6 1 -40 1 70 -3
683 A 6 1 -41 1 56 -2
683 A 6 1 -19 1 -11 1
683 A 6 1 -31 1 -17 1
683 A 6 1 -55 2 -71 3
683 A 6 1 -47 2 53 -2
683 A 15 0 7 1 -4 -7
683 A 15 0 -7 2 -5 -2
683 A 15 0 -1 2 -2 4
683 A -8 1 55 2 -8 -1
683 A -8 1 47 2 10 1
683 A -8 1 9 1 32 1
683 A -8 1 33 2 64 3
683 A -8 1 34 1 19 1
683 A -8 1 22 1 -37 -2
683 A -8 1 45 2 -51 -2
683 A -8 1 80 3 16 1
683 A -8 1 75 3 70 3
683 A 7 1 -47 2 53 -2
683 A 7 1 -33 1 -10 1
683 A 7 1 -9 1 57 -2
683 A 7 1 -23 1 39 -2
683 A 7 1 -78 3 -73 3
683 A 7 1 -20 1 -35 1
683 A 7 1 -83 3 -17 1
683 A 7 1 -49 2 -11 1
683 A 7 1 -35 2 -67 3
683 A -9 1 67 3 -70 -4
683 A -9 1 58 3 11 1
683 A -9 1 49 2 20 1
683 A -9 1 77 4 25 2
683 A -9 1 56 3 -32 -1
683 A -9 1 47 2 -59 -3
683 A -9 1 29 1 -23 -1
683 A -9 1 73 4 71 4
683 A -9 1 73 3 8 1
683 A -9 1 37 2 35 2
683 A -9 1 19 1 17 1
683 A 8 1 -12 1 -61 3
683 A 8 1 -20 1 -18 1
683 A 8 1 -76 3 -9 1
683 A 8 1 -33 1 59 -3
683 A 8 1 -49 2 62 -3
683 A 8 1 -81 4 -27 2
683 A 8 1 -30 1 24 -1
683 A 8 1 -70 3 74 -4
683 A 8 1 -21 1 -51 2
683 A 8 1 -75 4 -77 4
683 A 8 1 -37 2 -39 2
683 A 16 0 -7 5 2 5
683 A 16 0 -7 7 0 5
683 A 16 0 -6 7 3 -5
683 A 16 0 5 3 8 -7
683 A 16 0 -5 5 0 7
683 A 16 0 -5 7 -2 7
683 A 16 0 -4 5 1 -5
683 A 16 0 1 7 8 -3
683 A 16 0 -1 7 2 -5
683 A -10 1 12 1 53 3
683 A -10 1 52 3 25 1
683 A -10 1 39 2 75 4
683 A -10 1 61 4 21 1
683 A -10 1 70 4 81 4
683 A -10 1 40 3 31 1
683 A 9 1 -41 2 -79 4
683 A 9 1 -32 1 -43 3
683 A 9 1 -13 1 -56 3
683 A 9 1 -22 1 -65 4
683 A 9 1 -85 4 -74 4
683 A 9 1 -26 1 -55 3
683 A -11 1 42 2 -57 -4
683 A -11 1 28 2 74 4
683 A -11 1 22 2 50 3
683 A 10 1 -24 2 -53 3
683 A 10 1 -44 2 61 -4
683 A 10 1 -78 4 -30 2
683 A 17 0 -8 2 6 2
683 A 17 0 -8 6 2 6
683 A 17 0 6 5 1 -2
683 A 17 0 -6 6 0 3
683 A 17 0 -3 3 0 6
683 A 17 0 -2 4 -3 6
683 A -12 1 14 1 -23 -1
683 A -12 1 76 5 -67 -5
683 A -12 1 28 2 74 5
683 A -12 1 16 2 29 2
683 A -12 1 56 4 31 3
683 A 11 1 -30 2 -79 5
683 A 11 1 -31 2 -18 2
683 A 11 1 -24 1 15 -1
683 A 11 1 -81 5 72 -5
683 A 11 1 -34 3 -60 4
683 A 18 0 7 4 5 8
683 A 18 0 -7 2 -5 -2
683 A 18 0 -7 8 -5 4
683 A 18 0 1 4 -1 8
683 A -13 1 22 1 15 1
683 A -13 1 35 3 -72 -5
683 A 12 1 -23 1 -16 1
683 A 12 1 -38 3 77 -5
683 A -15 1 80 6 -35 -2
683 A -15 1 56 5 -17 -1
683 A 14 1 -86 6 37 -2
683 A 14 1 -61 5 18 -1
683 A 20 0 5 9 -14 9
683 A 23 0 9 5 4 -8
683 A 23 0 9 4 -13 4
683 A 24 0 5 2 7 -2
683 A -21 1 25 5 8 2
683 A 20 1 -30 5 -10 2
683 S -4 4 9 0
683 S -2 2 9 0
683 S -1 1 9 0
683 S 0 4 9 0
683 S 0 2 9 0
683 S 0 1 9 0
683 T 606 702 943 0 0
683 T 945 724 147 0 0
683 T 149 720 604 0 0
683 T 609 154 730 0 0
683 T 720 726 702 0 0
683 T 694 707 698 0 0
683 T 669 465 40 0 0
683 T 42 1026 974 0 0
683 T 972 501 667 0 0
683 T 501 1024 465 0 0
683 T 286 980 762 0 0
683 T 537 104 284 0 0
683 T 760 343 535 0 0
683 T 104 345 980 0 0
683 T 447 446 431 0 0
683 T 457 398 354 0 0
683 T 367 319 336 0 0
683 T 330 377 376 0 0
683 T 417 451 383 0 0
683 T 429 398 426 0 0
683 T 448 420 458 0 0
683 T 363 333 353 0 0
683 T 345 374 339 0 0
683 T 400 432 465 0 0
683 T 418 390 422 0 0
683 T 451 423 472 0 0
683 T 366 467 320 0 0
683 T 367 403 412 0 0
683 T 393 325 373 0 0
683 T 438 382 334 0 0
683 T 350 355 336 0 0
683 T 409 438 379 0 0
683 T 361 412 399 0 0
683 T 389 462 343 0 0
683 T 384 340 441 0 0
683 T 460 472 463 0 0
683 T 429 394 350 0 0
683 T 362 441 324 0 0
683 T 467 446 410 0 0
683 T 356 328 404 0 0
683 T 990 431 147 0 0
683 T 941 53 988 0 0
683 T 149 843 939 0 0
683 T 832 151 950 0 0
683 T 53 845 431 0 0
683 T 1217 1174 580 0 0
683 T 67 884 1215 0 0
683 T 582 305 69 0 0
683 T 884 303 1174 0 0
683 T 323 43 654 0 0
683 T 652 1033 124 0 0
683 T 126 1186 325 0 0
683 T 1186 1031 43 0 0
683 T 1150 1049 58 0 0
683 T 993 141 1148 0 0
683 T 56 1210 991 0 0
683 T 141 1208 1049 0 0
683 T 781 14 752 0 0
683 T 16 789 746 0 0
683 T 1263 42 1110 0 0
683 T 1067 41 1265 0 0
683 T 1108 38 1069 0 0
683 T 41 36 42 0 0
683 T 35 37 35 1 0
683 T 874 1306 1310 0 0
683 T 1306 1105 630 0 0
683 T 628 1350 1308 0 0
683 T 1350 1103 872 0 0
683 T 1364 1366 1364 -1 0
683 T 1365 1350 1341 0 0
683 T 1339 1356 1350 0 0
683 T 1355 1357 1355 1 0
683 T 378 3 563 0 0
683 T 549 330 565 0 0
683 T 377 549 3 0 0
683 T 1058 1123 81 0 0
683 T 287 119 1056 0 0
683 T 137 221 1123 0 0
683 T 119 127 135 0 0
683 T 128 130 128 0 0
683 T 125 118 107 0 0
683 T 115 114 111 0 0
683 T 125 122 131 0 0
683 T 136 109 132 0 0
683 T 105 1002 971 0 0
683 T 973 1011 98 0 0
683 T 96 80 103 0 0
683 T 77 93 31 0 0
683 T 105 89 69 0 0
683 T 67 83 75 0 0
683 T 82 73 72 0 0
683 T 93 84 101 0 0
683 T 90 95 100 0 0
683 T 80 1013 1002 0 0
683 T 150 909 854 0 0
683 T 849 913 139 0 0
683 T 673 887 148 0 0
683 T 852 883 671 0 0
683 T 887 885 909 0 0
683 T 897 921 905 0 0
683 T 1319 813 938 0 0
683 T 1314 953 819 0 0
683 T 936 460 1182 0 0
683 T 1133 462 813 0 0
683 T 897 302 1332 0 0
683 T 692 1240 895 0 0
683 T 1334 306 694 0 0
683 T 1240 304 302 0 0
683 T 663 683 659 0 0
683 T 689 675 671 0 0
683 T 696 1248 665 0 0
683 T 661 160 692 0 0
683 T 478 1253 570 0 0
683 T 568 155 151 0 0
683 T 1253 1096 155 0 0
683 T 756 921 138 0 0
683 T 136 1117 393 0 0
683 T 391 63 758 0 0
683 T 63 1115 921 0 0
683 T 825 522 4 0 0
683 T 823 17 530 0 0
683 T 528 526 522 0 0
683 T 972 995 41 0 0
683 T 37 997 1026 0 0
683 T 93 1214 370 0 0
683 T 75 335 1187 0 0
683 T 1214 1187 2 0 0
683 T 789 1086 415 0 0
683 T 385 864 787 0 0
683 T 1086 866 451 0 0
683 T 275 234 262 0 0
683 T 268 240 225 0 0
683 T 219 198 226 0 0
683 T 257 265 287 0 0
683 T 205 294 239 0 0
683 T 200 218 254 0 0
683 T 255 217 205 0 0
683 T 251 279 268 0 0
683 T 301 202 234 0 0
683 T 260 281 297 0 0
683 T 247 211 284 0 0
683 T 210 222 244 0 0
683 T 288 210 214 0 0
683 T 293 291 293 0 0
683 T 272 278 250 0 0
683 T 283 245 273 0 0
683 T 230 266 238 0 0
683 T 230 237 196 0 0
683 T 295 33 299 0 0
683 T 260 565 158 0 0
683 T 172 549 234 0 0
683 T 67 847 346 0 0
683 T 981 849 89 0 0
683 T 223 333 1237 0 0
683 T 1235 604 270 0 0
683 T 240 606 333 0 0
683 T 1091 613 1362 0 0
683 T 1054 419 1093 0 0
683 T 1360 650 1052 0 0
683 T 419 648 613 0 0
683 T 229 337 656 0 0
683 T 658 621 139 0 0
683 T 627 689 150 0 0
683 T 141 1005 227 0 0
683 T 1005 619 337 0 0
683 T 828 799 208 0 0
683 T 857 797 830 0 0
683 T 210 800 855 0 0
683 T 797 802 799 0 0
683 T 780 806 808 0 0
683 T 778 772 806 0 0
683 T 789 785 775 0 0
683 T 424 998 532 0 0
683 T 534 135 427 0 0
683 T 398 137 998 0 0
683 T 793 571 649 0 0
683 T 647 448 47 0 0
683 T 49 989 791 0 0
683 T 989 450 571 0 0
683 T 1284 836 1307 0 0
683 T 836 1052 714 0 0
683 T 712 1374 1309 0 0
683 T 1374 1054 1286 0 0
683 T 887 677 629 0 0
683 T 63 621 897 0 0
683 T 488 626 65 0 0
683 T 895 643 490 0 0
683 T 639 916 496 0 0
683 T 626 645 621 0 0
683 T 641 631 637 0 0
683 T 421 744 752 0 0
683 T 62 60 62 0 0
683 T 49 53 45 0 0
683 T 57 61 43 0 0
683 T 53 56 50 0 0
683 T 1347 656 10 0 0
683 T 727 1340 9 0 0
683 T 656 1357 729 0 0
683 T 601 1187 356 0 0
683 T 1138 632 599 0 0
683 T 632 406 1214 0 0
683 T 881 1287 641 0 0
683 T 639 146 862 0 0
683 T 141 643 871 0 0
683 T 860 877 879 0 0
683 T 857 873 849 0 0
683 T 877 144 1287 0 0
683 T 794 612 557 0 0
683 T 1046 49 792 0 0
683 T 555 456 1044 0 0
683 T 49 458 612 0 0
683 T 970 769 76 0 0
683 T 94 736 969 0 0
683 T 736 767 115 0 0
683 T 310 829 1053 0 0
683 T 713 831 308 0 0
683 T 831 837 829 0 0
683 T 842 819 824 0 0
683 T 1318 865 915 0 0
683 T 1312 895 878 0 0
683 T 917 454 1198 0 0
683 T 644 1295 483 0 0
683 T 1299 639 479 0 0
683 T 485 517 798 0 0
683 T 117 1269 1295 0 0
683 T 615 515 1269 0 0
683 T 1274 511 588 0 0
683 T 77 1168 1215 0 0
683 T 886 1170 83 0 0
683 T 294 593 638 0 0
683 T 636 49 241 0 0
683 T 49 591 203 0 0
683 T 485 353 1237 0 0
683 T 223 363 483 0 0
683 T 98 502 180 0 0
683 T 182 670 1013 0 0
683 T 1 2 1 0 0
683 T 340 950 123 0 0
683 T 109 911 342 0 0
683 T 911 116 950 0 0
683 T 374 577 44 0 0
683 T 46 926 341 0 0
683 T 926 575 343 0 0
683 T 1254 509 541 0 0
683 T 539 196 73 0 0
683 T 71 1125 1252 0 0
683 T 1125 198 509 0 0
683 T 784 515 571 0 0
683 T 573 445 148 0 0
683 T 150 1220 786 0 0
683 T 1220 443 515 0 0
683 T 822 1292 114 0 0
683 T 1245 878 820 0 0
683 T 1292 1281 32 0 0
683 T 1281 876 113 0 0
683 T 707 842 4 0 0
683 T 709 519 819 0 0
683 T 726 814 527 0 0
683 T 65 553 251 0 0
683 T 1017 383 63 0 0
683 T 253 891 1015 0 0
683 T 383 893 553 0 0
683 T 86 314 1028 0 0
683 T 1075 1300 84 0 0
683 T 1030 636 1077 0 0
683 T 1300 638 314 0 0
683 T 6 1063 699 0 0
683 T 701 598 526 0 0
683 T 22 596 1063 0 0
683 T 810 663 58 0 0
683 T 56 1079 782 0 0
683 T 806 1081 663 0 0
683 T 501 122 402 0 0
683 T 432 120 1026 0 0
683 T 12 1275 935 0 0
683 T 527 823 11 0 0
683 T 937 587 529 0 0
683 T 521 951 615 0 0
683 T 823 589 1275 0 0
683 T 1094 1266 416 0 0
683 T 1266 1051 390 0 0
683 T 894 776 202 0 0
683 T 776 1018 218 0 0
683 T 183 171 168 0 0
683 T 155 186 188 0 0
683 T 173 192 155 0 0
683 T 168 180 164 0 0
683 T 163 161 177 0 0
683 T 159 161 159 1 0
683 T 187 175 182 0 0
683 T 193 191 193 0 0
683 T 474 704 505 0 0
683 T 503 41 453 0 0
683 T 423 39 704 0 0
683 T 1076 639 1139 0 0
683 T 1141 674 1197 0 0
683 T 674 641 1317 0 0
683 T 643 1312 684 0 0
683 T 1167 1157 1145 0 0
683 T 1177 118 1218 0 0
683 T 1143 94 1175 0 0
683 T 367 1035 607 0 0
683 T 728 229 369 0 0
683 T 1035 227 154 0 0
683 T 43 908 794 0 0
683 T 53 1046 908 0 0
683 T 279 925 804 0 0
683 T 925 59 894 0 0
683 T 203 1033 475 0 0
683 T 477 121 257 0 0
683 T 217 119 1033 0 0
683 T 63 933 1071 0 0
683 T 609 953 65 0 0
683 T 1073 929 607 0 0
683 T 953 927 933 0 0
683 T 941 958 943 0 0
683 T 716 268 134 0 0
683 T 734 251 718 0 0
683 T 132 281 732 0 0
683 T 354 556 148 0 0
683 T 150 807 1236 0 0
683 T 807 558 484 0 0
683 T 471 103 962 0 0
683 T 668 536 473 0 0
683 T 960 285 670 0 0
683 T 818 72 237 0 0
683 T 73 869 235 0 0
683 T 869 82 816 0 0
683 T 414 631 92 0 0
683 T 771 548 566 0 0
683 T 304 698 517 0 0
683 T 515 709 1334 0 0
683 T 513 723 1337 0 0
683 T 903 1117 619 0 0
683 T 485 318 663 0 0
683 T 557 58 318 0 0
683 T 948 618 830 0 0
683 T 618 153 836 0 0
683 T 590 840 146 0 0
683 T 69 373 544 0 0
683 T 546 323 1049 0 0
683 T 1047 393 67 0 0
683 T 424 1327 955 0 0
683 T 1161 673 426 0 0
683 T 957 480 1159 0 0
683 T 673 482 1327 0 0
683 T 1323 685 485 0 0
683 T 228 815 570 0 0
683 T 1038 157 815 0 0
683 T 617 1314 709 0 0
683 T 1320 726 587 0 0
683 T 239 992 507 0 0
683 T 509 135 224 0 0
683 T 269 137 992 0 0
683 T 199 134 756 0 0
683 T 758 654 253 0 0
683 T 215 652 134 0 0
683 T 958 845 724 0 0
683 T 959 213 165 0 0
683 T 163 247 669 0 0
683 T 298 485 1260 0 0
683 T 954 1323 296 0 0
683 T 1262 683 952 0 0
683 T 1143 1197 425 0 0
683 T 472 918 1145 0 0
683 T 1064 596 10 0 0
683 T 937 1158 917 0 0
683 T 915 1290 11 0 0
683 T 1290 1156 1275 0 0
683 T 1104 623 23 0 0
683 T 6 677 1106 0 0
683 T 623 675 491 0 0
683 T 1370 1354 1092 0 0
683 T 612 1372 1368 0 0
683 T 1361 1352 1372 0 0
683 T 749 1068 1092 0 0
683 T 418 40 747 0 0
683 T 1200 336 264 0 0
683 T 38 1191 1202 0 0
683 T 369 1193 195 0 0
683 T 99 1008 765 0 0
683 T 763 314 91 0 0
683 T 84 312 1008 0 0
683 T 592 602 588 0 0
683 T 616 596 610 0 0
683 T 1091 682 873 0 0
683 T 1303 1375 1093 0 0
683 T 682 1377 1309 0 0
683 T 1110 1052 762 0 0
683 T 244 830 1108 0 0
683 T 760 307 246 0 0
683 T 696 778 1100 0 0
683 T 1102 0 1079 0 0
683 T 97 472 901 0 0
683 T 285 503 95 0 0
683 T 899 704 283 0 0
683 T 63 529 702 0 0
683 T 595 519 65 0 0
683 T 1224 951 660 0 0
683 T 662 927 99 0 0
683 T 101 931 1226 0 0
683 T 1128 1164 205 0 0
683 T 591 1009 1130 0 0
683 T 1009 49 1164 0 0
683 T 1292 34 1279 0 0
683 T 821 1276 144 0 0
683 T 325 1210 107 0 0
683 T 109 993 718 0 0
683 T 716 58 323 0 0
683 T 44 304 571 0 0
683 T 784 696 46 0 0
683 T 465 1161 725 0 0
683 T 846 480 463 0 0
683 T 55 942 791 0 0
683 T 942 315 611 0 0
683 T 686 878 488 0 0
683 T 672 866 496 0 0
683 T 1378 1346 1360 0 0
683 T 648 1370 1376 0 0
683 T 1370 1054 1346 0 0
683 T 239 1113 436 0 0
683 T 1113 605 382 0 0
683 T 1069 802 290 0 0
683 T 1108 220 799 0 0
683 T 744 415 8 0 0
683 T 7 389 754 0 0
683 T 312 739 78 0 0
683 T 739 1030 70 0 0
683 T 84 1337 1182 0 0
683 T 1151 513 86 0 0
683 T 1180 725 1153 0 0
683 T 908 303 650 0 0
683 T 546 107 139 0 0
683 T 600 350 78 0 0
683 T 188 272 1002 0 0
683 T 248 170 1011 0 0
683 T 629 379 1061 0 0
683 T 206 409 627 0 0
683 T 1059 436 204 0 0
683 T 589 1152 1130 0 0
683 T 414 481 766 0 0
683 T 481 631 313 0 0
683 T 166 1230 619 0 0
683 T 621 347 170 0 0
683 T 180 349 1230 0 0
683 T 121 1073 359 0 0
683 T 412 1071 500 0 0
683 T 1068 213 858 0 0
683 T 856 307 1094 0 0
683 T 747 309 213 0 0
683 T 775 1019 3 0 0
683 T 4 975 803 0 0
683 T 1098 194 1087 0 0
683 T 28 192 26 0 0
683 T 762 40 387 0 0
683 T 462 42 537 0 0
683 T 1172 275 1205 0 0
683 T 1203 1345 5 0 0
683 T 6 1352 1174 0 0
683 T 1352 1343 275 0 0
683 T 554 441 57 0 0
683 T 55 342 892 0 0
683 T 769 111 146 0 0
683 T 144 112 736 0 0
683 T 512 740 349 0 0
683 T 601 313 514 0 0
683 T 835 595 728 0 0
683 T 1341 1065 837 0 0
683 T 1146 955 84 0 0
683 T 86 1329 1198 0 0
683 T 1132 782 390 0 0
683 T 344 780 812 0 0
683 T 89 177 660 0 0
683 T 693 163 87 0 0
683 T 586 152 124 0 0
683 T 339 833 584 0 0
683 T 648 1354 1304 0 0
683 T 100 958 1177 0 0
683 T 498 65 678 0 0
683 T 690 63 866 0 0
683 T 694 905 68 0 0
683 T 905 164 104 0 0
683 T 276 1373 1378 0 0
683 T 711 276 679 0 0
683 T 491 487 495 0 0
683 T 104 1117 1230 0 0
683 T 45 1166 1119 0 0
683 T 1121 152 1184 0 0
683 T 152 1164 1031 0 0
683 T 6 1306 888 0 0
683 T 962 900 82 0 0
683 T 873 626 656 0 0
683 T 101 441 585 0 0
683 T 834 384 99 0 0
683 T 543 848 341 0 0
683 T 937 1168 471 0 0
683 T 1232 412 180 0 0
683 T 98 1073 1234 0 0
683 T 1027 1150 50 0 0
683 T 240 1148 1076 0 0
683 T 606 1342 1307 0 0
683 T 604 1286 1066 0 0
683 T 888 1174 650 0 0
683 T 722 65 814 0 0
683 T 85 479 1139 0 0
683 T 854 424 511 0 0
683 T 513 427 52 0 0
683 T 54 398 852 0 0
683 T 628 215 1219 0 0
683 T 1221 255 408 0 0
683 T 271 310 979 0 0
683 T 1365 1062 1113 0 0
683 T 1111 1 1062 0 0
683 T 405 189 1035 0 0
683 T 818 185 403 0 0
683 T 266 570 73 0 0
683 T 704 180 999 0 0
683 T 972 533 706 0 0
683 T 180 531 106 0 0
683 T 280 934 123 0 0
683 T 934 733 122 0 0
683 T 268 985 804 0 0
683 T 251 925 985 0 0
683 T 67 1239 920 0 0
683 T 176 610 1233 0 0
683 T 97 930 178 0 0
683 T 84 1274 1127 0 0
683 T 617 878 1256 0 0
683 T 1258 897 709 0 0
683 T 6 1283 946 0 0
683 T 308 849 682 0 0
683 T 867 230 541 0 0
683 T 712 247 87 0 0
683 T 89 273 680 0 0
683 T 348 1116 532 0 0
683 T 911 643 855 0 0
683 T 732 359 63 0 0
683 T 518 467 255 0 0
683 T 921 201 109 0 0
683 T 284 1040 749 0 0
683 T 247 307 1040 0 0
683 T 1042 384 96 0 0
683 T 384 747 506 0 0
683 T 296 934 561 0 0
683 T 316 1225 298 0 0
683 T 559 102 318 0 0
683 T 480 54 402 0 0
683 T 52 1120 1010 0 0
683 T 1343 1283 613 0 0
683 T 605 1363 630 0 0
683 T 43 1099 789 0 0
683 T 74 1056 1252 0 0
683 T 175 271 704 0 0
683 T 264 1055 476 0 0
683 T 577 392 651 0 0
683 T 254 66 575 0 0
683 T 65 985 346 0 0
683 T 236 1202 655 0 0
683 T 1324 662 317 0 0
683 T 90 1039 831 0 0
683 T 878 1269 302 0 0
683 T 300 517 1258 0 0
683 T 1204 614 945 0 0
683 T 819 643 1259 0 0
683 T 514 1160 884 0 0
683 T 886 466 1338 0 0
683 T 4 861 684 0 0
683 T 490 882 3 0 0
683 T 626 1106 9 0 0
683 T 554 362 715 0 0
683 T 1045 398 150 0 0
683 T 171 870 1005 0 0
683 T 139 540 173 0 0
683 T 237 727 1192 0 0
683 T 1168 1181 466 0 0
683 T 808 720 270 0 0
683 T 780 983 720 0 0
683 T 561 261 125 0 0
683 T 107 231 579 0 0
683 T 822 296 1295 0 0
683 T 356 185 868 0 0
683 T 1005 170 358 0 0
683 T 976 329 1020 0 0
683 T 246 902 176 0 0
683 T 1204 561 1175 0 0
683 T 958 316 1206 0 0
683 T 312 1274 592 0 0
683 T 687 790 1016 0 0
683 T 218 784 689 0 0
683 T 391 742 53 0 0
683 T 610 188 411 0 0
683 T 172 1252 1090 0 0
683 T 879 496 11 0 0
683 T 496 19 882 0 0
683 T 580 920 299 0 0
683 T 1119 323 586 0 0
683 T 405 976 966 0 0
683 T 1022 355 964 0 0
683 T 359 1119 102 0 0
683 T 764 53 361 0 0
683 T 1050 1028 54 0 0
683 U 6 4 3 0 0
683 U 526 3 3 0 0
683 U 22 3 4 0 0
683 U 18 3 4 0 0
683 U 4 4 3 -1 0
683 U 1317 7 5 0 0
683 U 1076 5 5 0 0
683 U 1197 5 7 0 0
683 U 28 10 9 0 0
683 U 29 9 10 0 0
683 U 1090 9 9 0 0
683 U 8 8 7 0 0
683 U 16 7 8 0 0
683 U 1085 8 8 0 0
683 U 509 9 6 0 0
683 U 140 6 9 0 0
683 U 1320 14 12 0 0
683 U 1130 12 12 0 0
683 U 1181 12 14 0 0
683 U 1095 15 15 0 0
683 U 30 16 15 0 0
683 U 26 15 16 0 0
683 U 1131 13 13 0 0
683 U 154 15 12 0 0
683 U 475 12 15 0 0
683 U 7 13 14 0 0
683 U 13 14 13 0 0
683 U 5 1 2 0 0
683 U 24 2 1 0 0
683 U 493 2 2 0 0
683 U 20 2 1 0 0
683 U 3 1 2 0 0
683 Q 129 455 0 449 0 0 0 0 0 0
683 Q 0 352 36 446 0 0 0 0 0 0
683 Q 319 1 319 1 0 0 0 0 0 0
683 Q 754 60 744 0 0 0 0 0 0 0
683 Q 62 14 59 15 0 0 0 0 0 0
683 Q 380 38 382 291 1 0 0 0 0 0
683 Q 2 964 0 966 -1 0 0 0 -1 0
683 Q 1 467 0 364 0 0 -1 1 0 1
683 Q 193 295 61 299 0 0 0 0 0 0
683 Q 162 210 130 208 0 0 0 0 1 0
683 Q 0 975 1136 1019 0 0 0 0 0 0
683 Q 1247 4 1138 3 -1 0 0 0 -1 0
683 Q 31 767 1155 738 0 0 1 0 0 0
683 Q 146 291 144 162 0 0 -1 0 0 0
683 Q 334 1 408 38 0 1 0 0 1 -1
683 Q 160 862 1135 842 0 0 0 0 0 0
