0
0 d=229
0
229 A 5 0 0 1 0 -1
229 A 7 0 0 2 0 -2
229 A 10 0 0 1 0 -1
229 A 10 0 5 4 -5 -4
229 A 14 0 0 5 0 -5
229 A 14 0 7 2 -7 -2
229 A -1 1 91 0 -91 0
229 A 1 1 91 0 -91 0
229 A -3 1 66 1 -66 -1
229 A 3 1 -66 1 66 -1
229 A -4 1 91 2 -91 -2
229 A 4 1 -91 2 91 -2
229 A -10 1 38 1 -38 -1
229 A 10 1 -38 1 38 -1
229 A 20 0 5 6 -5 -6
229 A 20 0 -5 6 5 -6
229 A -14 1 59 3 -59 -3
229 A 14 1 -59 3 59 -3
229 A -22 1 53 6 -53 -6
229 A 22 1 -53 6 53 -6
229 A 28 0 7 2 -7 -2
229 A 28 0 -7 2 7 -2
229 A 0 2 -228 1 228 -1
229 A -2 2 139 0 -139 0
229 A 2 2 139 0 -139 0
229 A -6 2 163 2 -163 -2
229 A 6 2 -163 2 163 -2
229 A -8 2 134 3 -134 -3
229 A 8 2 -134 3 134 -3
229 A -20 2 38 1 -38 -1
229 A 20 2 -38 1 38 -1
229 A 4 0 0 1 0 1
229 A 4 0 2 1 2 1
229 A 5 0 0 2 0 2
229 A 6 0 0 1 0 1
229 A 9 0 0 4 0 4
229 A 10 0 0 3 0 3
229 A 11 0 0 4 0 4
229 A 12 0 0 5 0 5
229 A 12 0 0 1 0 1
229 A 12 0 6 5 6 5
229 A 12 0 6 1 6 1
229 A 15 0 0 7 0 7
229 A 15 0 0 2 0 2
229 A 20 0 10 3 10 3
229 A 5 0 2 1 1 2
229 A 5 0 -2 1 -1 2
229 A 6 0 2 1 2 -1
229 A 7 0 3 3 -2 2
229 A 7 0 3 2 -3 2
229 A 7 0 -3 3 2 2
229 A 7 0 2 1 -1 -3
229 A 7 0 -2 1 1 -3
229 A 7 0 1 1 1 -1
229 A 7 0 0 3 0 1
229 A 8 0 2 3 -2 3
229 A 8 0 2 1 -2 1
229 A 8 0 0 3 0 -1
229 A 8 0 4 3 -4 -1
229 A 9 0 4 4 4 -4
229 A 9 0 4 2 1 4
229 A 9 0 4 1 -2 -4
229 A 9 0 -4 1 2 -4
229 A 9 0 -4 2 -1 4
229 A 9 0 3 4 -3 4
229 A 9 0 3 2 -3 -1
229 A 9 0 -3 1 3 -2
229 A 9 0 2 2 -1 1
229 A 9 0 2 1 2 -1
229 A 9 0 -2 2 1 1
229 A 9 0 1 2 1 -2
229 A 9 0 0 2 0 -1
229 A 10 0 4 3 -2 -1
229 A 10 0 -4 3 2 -1
229 A 11 0 5 5 -2 2
229 A 11 0 5 4 -4 1
229 A 11 0 5 3 4 2
229 A 11 0 5 2 1 4
229 A 11 0 5 1 -5 1
229 A 11 0 -5 2 -1 4
229 A 11 0 -5 3 -4 2
229 A 11 0 -5 4 4 1
229 A 11 0 -5 5 2 2
229 A 11 0 4 5 4 -5
229 A 11 0 4 4 3 -3
229 A 11 0 4 3 2 4
229 A 11 0 -4 3 -2 4
229 A 11 0 -4 4 -3 -3
229 A 11 0 3 5 -1 -2
229 A 11 0 3 4 3 -4
229 A 11 0 3 2 -3 2
229 A 11 0 3 1 -2 -3
229 A 11 0 -3 1 2 -3
229 A 11 0 -3 5 1 -2
229 A 11 0 2 5 1 3
229 A 11 0 2 1 -1 -5
229 A 11 0 -2 1 1 -5
229 A 11 0 -2 5 -1 3
229 A 11 0 1 1 1 -1
229 A 11 0 0 5 0 1
229 A 11 0 0 3 0 -2
229 A 12 0 4 5 4 1
229 A 12 0 -4 1 -4 5
229 A 12 0 2 5 2 1
229 A 12 0 -2 1 -2 5
229 A 13 0 6 6 6 -6
229 A 13 0 6 5 -3 -4
229 A 13 0 6 4 -4 -6
229 A 13 0 6 3 5 4
229 A 13 0 6 2 -2 5
229 A 13 0 6 1 4 -5
229 A 13 0 -6 1 -4 -5
229 A 13 0 -6 2 2 5
229 A 13 0 -6 3 -5 4
229 A 13 0 -6 4 4 -6
229 A 13 0 -6 5 3 -4
229 A 13 0 5 6 -5 6
229 A 13 0 5 5 2 -2
229 A 13 0 5 3 -3 -6
229 A 13 0 5 2 -1 3
229 A 13 0 5 1 3 2
229 A 13 0 -5 1 -3 2
229 A 13 0 -5 2 1 3
229 A 13 0 -5 3 3 -6
229 A 13 0 -5 5 -2 -2
229 A 13 0 4 4 -4 4
229 A 13 0 4 3 -3 -1
229 A 13 0 4 2 1 6
229 A 13 0 4 1 2 6
229 A 13 0 -4 1 -2 6
229 A 13 0 -4 2 -1 6
229 A 13 0 -4 3 3 -1
229 A 13 0 3 5 -3 5
229 A 13 0 3 3 -1 1
229 A 13 0 -3 3 1 1
229 A 13 0 2 4 -1 2
229 A 13 0 2 3 1 5
229 A 13 0 2 1 2 -1
229 A 13 0 -2 3 -1 5
229 A 13 0 -2 4 1 2
229 A 13 0 1 4 1 -4
229 A 13 0 0 6 0 3
229 A 13 0 0 5 0 1
229 A 13 0 0 4 0 -2
229 A 14 0 6 3 2 -1
229 A 14 0 6 1 6 -1
229 A 14 0 -6 3 -2 -1
229 A 14 0 4 5 -4 5
229 A 14 0 4 3 2 -5
229 A 14 0 -4 3 -2 -5
229 A 14 0 0 3 0 1
229 A 15 0 7 4 1 -7
229 A 15 0 7 1 1 2
229 A 15 0 -7 1 -1 2
229 A 15 0 -7 4 -1 -7
229 A 15 0 6 7 -3 1
229 A 15 0 6 2 -3 -4
229 A 15 0 -6 2 3 -4
229 A 15 0 -6 7 3 1
229 A 15 0 5 7 5 2
229 A 15 0 5 4 5 -4
229 A 15 0 5 1 5 -1
229 A 15 0 -5 2 -5 7
229 A 15 0 4 7 -2 -4
229 A 15 0 4 2 -2 1
229 A 15 0 -4 2 2 1
229 A 15 0 -4 7 2 -4
229 A 15 0 0 4 0 1
229 A 0 1 105 0 -24 0
229 A 0 1 100 0 -71 0
229 A 0 1 67 0 41 0
229 A 0 1 43 0 -16 0
229 A 0 1 27 0 -17 0
229 A -1 1 113 0 -57 0
229 A -1 1 111 0 29 0
229 A -1 1 109 0 -19 0
229 A -1 1 107 0 -43 0
229 A -1 1 101 0 -41 0
229 A -1 1 97 0 -83 0
229 A -1 1 93 0 -47 0
229 A -1 1 89 0 31 0
229 A -1 1 87 0 37 0
229 A -1 1 61 0 49 0
229 A -1 1 59 0 -39 0
229 A -1 1 27 0 17 0
229 A 1 1 113 0 -57 0
229 A 1 1 111 0 29 0
229 A 1 1 109 0 -19 0
229 A 1 1 107 0 -43 0
229 A 1 1 101 0 -41 0
229 A 1 1 97 0 -83 0
229 A 1 1 93 0 -47 0
229 A 1 1 89 0 31 0
229 A 1 1 87 0 37 0
229 A 1 1 61 0 49 0
229 A 1 1 59 0 -39 0
229 A 1 1 27 0 17 0
229 A -2 1 67 1 27 0
229 A -2 1 69 1 103 1
229 A -2 1 105 1 -96 -1
229 A -2 1 106 1 -41 0
229 A -2 1 100 1 -16 0
229 A -2 1 94 1 -17 0
229 A 2 1 17 0 -94 1
229 A 2 1 27 0 67 -1
229 A 2 1 41 0 -106 1
229 A 2 1 -69 1 -103 1
229 A 2 1 -105 1 96 -1
229 A 2 1 16 0 -100 1
229 A -3 1 110 1 -96 -1
229 A -3 1 98 1 -33 0
229 A -3 1 86 1 -112 -1
229 A -3 1 68 1 -54 -1
229 A -3 1 38 1 29 0
229 A -3 1 23 0 31 0
229 A -3 1 58 1 39 0
229 A -3 1 64 1 100 1
229 A -3 1 42 1 37 0
229 A -3 1 25 0 19 0
229 A 3 1 -110 1 96 -1
229 A 3 1 -98 1 33 0
229 A 3 1 -86 1 112 -1
229 A 3 1 29 0 38 -1
229 A 3 1 23 0 31 0
229 A 3 1 19 0 25 0
229 A 3 1 37 0 42 -1
229 A 3 1 -58 1 -39 0
229 A 3 1 -64 1 -100 1
229 A 3 1 -54 1 68 -1
229 A -4 1 30 1 32 1
229 A -4 1 42 1 -16 0
229 A -4 1 98 2 96 2
229 A -4 1 106 2 93 2
229 A -4 1 99 2 83 1
229 A -4 1 95 2 84 1
229 A -4 1 67 1 65 1
229 A -4 1 47 1 24 0
229 A -4 1 43 1 -69 -1
229 A -4 1 39 1 -53 -1
229 A -4 1 23 0 -28 -1
229 A -4 1 29 1 -48 -1
229 A -4 1 33 1 -49 -1
229 A -4 1 89 2 -44 -1
229 A -4 1 88 2 70 1
229 A -4 1 72 1 29 0
229 A -4 1 68 1 17 0
229 A -4 1 64 1 18 0
229 A -4 1 62 1 -26 0
229 A 4 1 18 0 64 -1
229 A 4 1 26 0 -62 1
229 A 4 1 -30 1 -32 1
229 A 4 1 -42 1 16 0
229 A 4 1 -70 1 -88 2
229 A 4 1 -98 2 -96 2
229 A 4 1 -106 2 -93 2
229 A 4 1 -83 1 -99 2
229 A 4 1 -67 1 -65 1
229 A 4 1 23 0 -28 1
229 A 4 1 17 0 68 -1
229 A 4 1 29 0 72 -1
229 A 4 1 -29 1 48 -1
229 A 4 1 -33 1 49 -1
229 A 4 1 -53 1 39 -1
229 A 4 1 -69 1 43 -1
229 A 4 1 -89 2 44 -1
229 A 4 1 -84 1 -95 2
229 A 4 1 24 0 47 -1
229 A -5 1 97 2 -19 0
229 A -5 1 87 2 -50 -1
229 A -5 1 67 2 -28 -1
229 A -5 1 62 1 -81 -2
229 A -5 1 42 1 22 1
229 A -5 1 111 2 -21 0
229 A -5 1 101 2 -109 -2
229 A -5 1 56 1 -25 0
229 A -5 1 36 1 -26 -1
229 A -5 1 69 2 40 1
229 A -5 1 95 2 -70 -1
229 A 5 1 -97 2 19 0
229 A 5 1 -62 1 81 -2
229 A 5 1 -28 1 67 -2
229 A 5 1 -111 2 21 0
229 A 5 1 -101 2 109 -2
229 A 5 1 -56 1 25 0
229 A 5 1 -69 2 -40 1
229 A 5 1 -95 2 70 -1
229 A 5 1 -50 1 87 -2
229 A 5 1 -26 1 36 -1
229 A 5 1 -22 1 -42 1
229 A 16 0 6 7 -6 -1
229 A 16 0 6 5 -6 5
229 A 16 0 6 3 -6 3
229 A 16 0 -6 1 6 -7
229 A 16 0 4 7 -4 -5
229 A 16 0 -4 5 4 -7
229 A 16 0 2 5 -2 5
229 A 16 0 2 3 -2 3
229 A 16 0 8 7 -8 -5
229 A 16 0 8 3 -8 -1
229 A -6 1 21 1 -96 -2
229 A -6 1 69 2 -30 -1
229 A -6 1 105 3 22 1
229 A -6 1 106 3 -97 -2
229 A -6 1 82 2 25 1
229 A -6 1 46 1 95 2
229 A -6 1 20 1 -45 -1
229 A -6 1 59 2 -50 -1
229 A -6 1 41 1 56 1
229 A -6 1 17 0 -66 -2
229 A -6 1 67 2 -92 -2
229 A -6 1 18 0 91 2
229 A 6 1 -21 1 96 -2
229 A 6 1 -45 1 20 -1
229 A 6 1 -69 2 30 -1
229 A 6 1 -105 3 -22 1
229 A 6 1 -82 2 -25 1
229 A 6 1 -46 1 -95 2
229 A 6 1 -50 1 59 -2
229 A 6 1 -56 1 -41 1
229 A 6 1 -92 2 67 -2
229 A 6 1 17 0 -66 2
229 A 6 1 -91 2 -18 0
229 A 6 1 -97 2 106 -3
229 A -7 1 104 3 -108 -3
229 A -7 1 20 1 -82 -3
229 A -7 1 22 1 94 3
229 A -7 1 46 1 -14 -1
229 A -7 1 59 2 85 2
229 A -7 1 100 3 71 2
229 A -7 1 51 2 -63 -2
229 A -7 1 26 1 -52 -1
229 A -7 1 96 3 19 0
229 A -7 1 42 1 17 0
229 A -7 1 110 3 73 2
229 A 7 1 -104 3 108 -3
229 A 7 1 -22 1 -94 3
229 A 7 1 -71 2 -100 3
229 A 7 1 -85 2 -59 2
229 A 7 1 -46 1 14 -1
229 A 7 1 17 0 42 -1
229 A 7 1 -52 1 26 -1
229 A 7 1 -73 2 -110 3
229 A 7 1 19 0 96 -3
229 A 7 1 -82 3 20 -1
229 A 7 1 -63 2 51 -2
229 A 17 0 -8 1 2 -4
229 A 17 0 -8 6 -5 -8
229 A 17 0 -8 8 -4 -4
229 A 17 0 -7 2 -6 8
229 A 17 0 -7 3 -5 -7
229 A 17 0 -7 7 -7 -7
229 A 17 0 -6 4 -1 5
229 A 17 0 -6 5 -3 6
229 A 17 0 -6 6 6 6
229 A 17 0 -5 5 -3 -3
229 A 17 0 -5 7 -7 -3
229 A 17 0 -5 8 -8 -6
229 A 17 0 -4 4 -8 -8
229 A 17 0 -4 6 -2 -3
229 A 17 0 -4 8 4 8
229 A 17 0 -3 2 -2 -7
229 A 17 0 -3 3 -5 -5
229 A 17 0 -3 4 3 4
229 A 17 0 -2 3 -4 -6
229 A 17 0 -2 7 -3 -2
229 A 17 0 -1 2 -1 -2
229 A 17 0 1 5 6 4
229 A 17 0 2 4 -8 -1
229 A 17 0 3 6 6 5
229 A 17 0 6 8 7 2
229 A -8 1 12 1 -36 -1
229 A -8 1 20 1 104 4
229 A -8 1 68 3 -70 -2
229 A -8 1 84 3 -11 -1
229 A -8 1 100 4 75 2
229 A -8 1 97 3 38 1
229 A -8 1 65 2 -99 -3
229 A -8 1 23 1 -80 -3
229 A -8 1 46 2 -44 -1
229 A -8 1 26 1 88 3
229 A -8 1 90 3 -18 0
229 A 8 1 -12 1 36 -1
229 A 8 1 -20 1 -104 4
229 A 8 1 -44 1 46 -2
229 A 8 1 -68 3 70 -2
229 A 8 1 -84 3 11 -1
229 A 8 1 -100 4 -75 2
229 A 8 1 -97 3 -38 1
229 A 8 1 -65 2 99 -3
229 A 8 1 -23 1 80 -3
229 A 8 1 18 0 -90 3
229 A 8 1 -26 1 -88 3
229 A -9 1 65 2 -91 -4
229 A -9 1 38 1 -24 -1
229 A -9 1 12 1 41 2
229 A -9 1 28 1 49 2
229 A -9 1 10 1 -40 -1
229 A -9 1 32 1 -85 -4
229 A -9 1 14 1 -18 -1
229 A 9 1 -65 2 91 -4
229 A 9 1 -38 1 24 -1
229 A 9 1 -12 1 -41 2
229 A 9 1 -28 1 -49 2
229 A 9 1 -32 1 85 -4
229 A 9 1 -40 1 10 -1
229 A 9 1 -18 1 14 -1
229 A 18 0 8 7 8 -7
229 A 18 0 6 5 -6 5
229 A 18 0 4 5 4 -5
229 A -10 1 14 1 -66 -3
229 A -10 1 103 4 13 1
229 A -10 1 57 3 81 4
229 A -10 1 77 4 -35 -1
229 A -10 1 62 3 78 4
229 A -10 1 51 2 99 4
229 A -10 1 21 1 -98 -4
229 A -10 1 10 1 108 4
229 A -10 1 96 4 -55 -2
229 A 10 1 -35 1 77 -4
229 A 10 1 -55 2 96 -4
229 A 10 1 -66 3 14 -1
229 A 10 1 -103 4 -13 1
229 A 10 1 -57 3 -81 4
229 A 10 1 -78 4 -62 3
229 A 10 1 -98 4 21 -1
229 A 10 1 -108 4 -10 1
229 A 10 1 -51 2 -99 4
229 A -11 1 60 3 99 4
229 A -11 1 31 2 22 1
229 A 11 1 -60 3 -99 4
229 A 11 1 -31 2 -22 1
229 A 19 0 9 3 -2 7
229 A 19 0 9 2 -1 -4
229 A 19 0 -9 2 1 -4
229 A 19 0 -9 3 2 7
229 A 19 0 8 9 -7 -4
229 A 19 0 8 7 8 -7
229 A 19 0 -8 9 7 -4
229 A 19 0 7 9 -4 -3
229 A 19 0 7 7 4 -4
229 A 19 0 -7 7 -4 -4
229 A 19 0 -7 9 4 -3
229 A 19 0 6 9 -2 3
229 A 19 0 -6 9 2 3
229 A 19 0 5 8 4 5
229 A 19 0 5 5 -2 2
229 A 19 0 -5 5 2 2
229 A 19 0 -5 8 -4 5
229 A 19 0 4 8 -1 2
229 A 19 0 -4 8 1 2
229 A 19 0 3 7 -3 7
229 A 19 0 3 3 3 -3
229 A 19 0 2 4 -2 4
229 A -12 1 103 6 -45 -3
229 A -12 1 104 6 -82 -5
229 A -12 1 99 6 -12 -1
229 A -12 1 25 2 89 4
229 A 12 1 -89 4 -25 2
229 A 12 1 -99 6 12 -1
229 A 12 1 -82 5 104 -6
229 A 12 1 -45 3 103 -6
229 A -13 1 54 3 -68 -3
229 A -13 1 28 1 100 5
229 A 13 1 -100 5 -28 1
229 A 13 1 -54 3 68 -3
229 A 20 0 9 2 3 6
229 A 20 0 -9 2 -3 6
229 A -14 1 30 1 -15 -1
229 A -14 1 58 4 27 1
229 A -14 1 101 7 70 4
229 A -14 1 81 5 -34 -3
229 A -14 1 92 6 57 3
229 A -14 1 104 7 92 5
229 A -14 1 83 6 -14 -1
229 A -14 1 29 1 84 6
229 A -14 1 103 7 46 2
229 A -14 1 28 2 73 4
229 A 14 1 -30 1 15 -1
229 A 14 1 -58 4 -27 1
229 A 14 1 -73 4 -28 2
229 A 14 1 -81 5 34 -3
229 A 14 1 -92 5 -104 7
229 A 14 1 -29 1 -84 6
229 A 14 1 -57 3 -92 6
229 A 14 1 -46 2 -103 7
229 A 14 1 -70 4 -101 7
229 A 14 1 -14 1 83 -6
229 A 21 0 10 10 -2 2
229 A 21 0 -10 10 2 2
229 A 21 0 5 5 -4 4
229 A 21 0 -5 5 4 4
229 A 21 0 3 2 -3 2
229 A -15 1 24 1 -88 -5
229 A 15 1 -88 5 24 -1
229 A 22 0 8 9 -8 9
229 A -16 1 29 3 -31 -2
229 A -16 1 67 5 -17 -1
229 A -16 1 15 2 115 7
229 A -16 1 101 8 20 1
229 A -16 1 64 5 -32 -2
229 A -16 1 16 1 101 6
229 A -16 1 26 1 63 4
229 A 16 1 -67 5 17 -1
229 A 16 1 -115 7 -15 2
229 A 16 1 -20 1 -101 8
229 A 16 1 -31 2 29 -3
229 A 16 1 -63 4 -26 1
229 A 16 1 -101 6 -16 1
229 A 16 1 -32 2 64 -5
229 A 23 0 -11 4 -8 -5
229 A 23 0 -11 5 -3 7
229 A 23 0 -10 11 5 -6
229 A 23 0 -8 5 -11 -4
229 A 23 0 -7 6 -3 4
229 A 23 0 -7 10 -6 -2
229 A 23 0 -6 2 -7 -10
229 A 23 0 -5 4 -2 3
229 A 23 0 -2 7 2 7
229 A 23 0 2 3 5 4
229 A 23 0 3 4 7 6
229 A 23 0 3 7 11 5
229 A 23 0 5 6 -10 -11
229 A -18 1 40 2 85 7
229 A -18 1 55 5 -74 -5
229 A -18 1 20 1 -59 -4
229 A 18 1 -40 2 -85 7
229 A 18 1 -55 5 74 -5
229 A 18 1 -20 1 59 -4
229 A 24 0 6 5 -6 5
229 A 25 0 -12 4 -11 -12
229 A 25 0 -11 12 -12 -4
229 A 25 0 -10 12 10 12
229 A -20 1 50 3 83 7
229 A -20 1 25 2 -100 -10
229 A 20 1 -50 3 -83 7
229 A 20 1 -25 2 100 -10
229 A -22 1 100 11 35 4
229 A -22 1 120 10 -62 -7
229 A 22 1 -120 10 62 -7
229 A 22 1 -35 4 -100 11
229 A 27 0 12 4 -12 4
229 A 27 0 11 11 -10 10
229 A 27 0 -11 11 10 10
229 A 27 0 8 8 -7 7
229 A 27 0 -8 8 7 7
229 A 27 0 6 2 3 8
229 A 27 0 -6 2 -3 8
229 A -24 1 25 3 -35 -2
229 A -24 1 47 6 11 2
229 A -24 1 76 7 98 12
229 A 24 1 -47 6 -11 2
229 A 24 1 -76 7 -98 12
229 A 24 1 -35 2 25 -3
229 A 29 0 14 3 -3 11
229 A 29 0 -14 3 3 11
229 A 29 0 10 2 -10 2
229 A 29 0 7 7 -2 2
229 A 29 0 -7 7 2 2
229 A 29 0 4 11 -4 11
229 A 30 0 10 3 -10 3
229 A -26 1 66 8 -31 -3
229 A -26 1 61 8 -122 -12
229 A 26 1 -122 12 61 -8
229 A 26 1 -31 3 66 -8
229 A -2 2 191 0 -171 0
229 A -2 2 137 0 47 0
229 A 2 2 191 0 -171 0
229 A 2 2 137 0 47 0
229 A -6 2 165 2 -97 -2
229 A -6 2 33 0 -95 -2
229 A 6 2 -97 2 165 -2
229 A 6 2 -95 2 33 0
229 A -8 2 44 1 136 3
229 A -8 2 164 3 162 3
229 A -8 2 102 1 100 1
229 A -8 2 30 1 32 1
229 A 8 2 -44 1 -136 3
229 A 8 2 -100 1 -102 1
229 A 8 2 -164 3 -162 3
229 A 8 2 -32 1 -30 1
229 A -12 2 140 3 -46 -1
229 A 12 2 -140 3 46 -1
229 A 33 0 8 8 -4 4
229 A 33 0 -8 8 4 4
229 A -32 1 48 8 -90 -12
229 A 32 1 -48 8 90 -12
229 A 37 0 -18 18 9 9
229 A 37 0 -10 9 10 9
229 A 37 0 -9 9 18 18
229 A 39 0 19 19 19 -19
229 A 39 0 18 19 -18 19
229 A 41 0 20 3 -20 3
229 A 43 0 18 18 -18 18
229 A 47 0 -12 4 12 4
229 A 55 0 5 23 -5 23
229 A 69 0 -21 7 21 7
229 A 77 0 38 23 -38 23
229 A 83 0 31 31 -31 31
229 A 87 0 33 11 -33 11
229 A 97 0 -16 16 16 16
229 A 101 0 50 17 -50 17
229 A 107 0 27 27 -27 27
229 A 113 0 56 56 -56 56
229 S 3 1 7 0
229 S 2 3 7 0
229 S -1 2 7 0
229 S -2 2 5 0
229 S -1 1 5 0
229 S 3 3 10 0
229 S 1 1 10 0
229 S 5 3 14 0
229 S -3 1 14 0
229 S -1 5 14 0
229 S -5 3 14 0
229 S 3 1 14 0
229 S 1 5 14 0
229 S -3 3 10 0
229 S -1 1 10 0
229 S 2 2 5 0
229 S 1 1 5 0
229 S -3 1 7 0
229 S -2 3 7 0
229 S 1 2 7 0
229 T 1449 348 208 0 0
229 T 301 1211 1447 0 0
229 T 206 742 299 0 0
229 T 1211 744 348 0 0
229 T 561 695 1188 0 0
229 T 689 532 1202 0 0
229 T 1186 1677 1607 0 0
229 T 1609 255 559 0 0
229 T 255 1675 695 0 0
229 T 0 1862 1812 0 0
229 T 1810 1509 576 0 0
229 T 578 1530 1862 0 0
229 T 1530 144 1509 0 0
229 T 1021 1311 1685 0 0
229 T 1683 1734 693 0 0
229 T 1019 693 152 0 0
229 T 1734 1313 150 0 0
229 T 605 589 321 0 0
229 T 1070 1787 603 0 0
229 T 319 906 1072 0 0
229 T 1787 908 589 0 0
229 T 1796 898 551 0 0
229 T 1792 874 548 0 0
229 T 1428 1328 212 0 0
229 T 1699 998 1426 0 0
229 T 210 2025 1701 0 0
229 T 998 2023 1328 0 0
229 T 911 1555 10 0 0
229 T 111 1558 952 0 0
229 T 1573 978 112 0 0
229 T 122 1568 941 0 0
229 T 124 1576 962 0 0
229 T 11 1325 1236 0 0
229 T 1234 443 913 0 0
229 T 443 1323 1555 0 0
229 T 174 165 169 0 0
229 T 200 203 186 0 0
229 T 187 179 192 0 0
229 T 165 160 180 0 0
229 T 196 190 185 0 0
229 T 173 168 184 0 0
229 T 174 154 157 0 0
229 T 196 205 201 0 0
229 T 160 78 170 0 0
229 T 167 954 1097 0 0
229 T 1092 894 165 0 0
229 T 421 956 894 0 0
229 T 449 360 364 0 0
229 T 390 350 348 0 0
229 T 396 484 426 0 0
229 T 409 463 367 0 0
229 T 374 372 412 0 0
229 T 372 420 350 0 0
229 T 403 363 388 0 0
229 T 440 482 406 0 0
229 T 423 391 430 0 0
229 T 383 339 340 0 0
229 T 380 421 342 0 0
229 T 430 398 428 0 0
229 T 342 386 459 0 0
229 T 481 474 491 0 0
229 T 451 423 468 0 0
229 T 488 452 464 0 0
229 T 455 471 489 0 0
229 T 444 435 410 0 0
229 T 376 385 346 0 0
229 T 394 354 470 0 0
229 T 437 441 403 0 0
229 T 481 490 459 0 0
229 T 356 448 366 0 0
229 T 400 417 358 0 0
229 T 414 378 477 0 0
229 T 456 466 442 0 0
229 T 569 1048 127 0 0
229 T 129 851 1591 0 0
229 T 1622 884 129 0 0
229 T 10 1598 902 0 0
229 T 854 119 1611 0 0
229 T 899 120 1604 0 0
229 T 1593 1345 567 0 0
229 T 1345 853 1048 0 0
229 T 1687 1671 1724 0 0
229 T 1690 1682 1722 0 0
229 T 1657 1719 1643 0 0
229 T 1648 1727 1650 0 0
229 T 1697 1699 1711 0 0
229 T 1703 1709 1717 0 0
229 T 1722 645 388 0 0
229 T 386 1754 1689 0 0
229 T 1754 643 1671 0 0
229 T 742 352 160 0 0
229 T 158 390 1211 0 0
229 T 9 984 1140 0 0
229 T 1154 971 100 0 0
229 T 984 960 946 0 0
229 T 964 960 920 0 0
229 T 951 911 942 0 0
229 T 971 927 977 0 0
229 T 925 951 972 0 0
229 T 979 939 933 0 0
229 T 874 231 948 0 0
229 T 1729 881 960 0 0
229 T 876 879 864 0 0
229 T 836 882 878 0 0
229 T 888 867 890 0 0
229 T 904 900 860 0 0
229 T 838 866 901 0 0
229 T 856 852 844 0 0
229 T 862 9 1168 0 0
229 T 104 1194 867 0 0
229 T 1491 426 593 0 0
229 T 202 396 1493 0 0
229 T 591 482 204 0 0
229 T 1354 1342 1305 0 0
229 T 1386 1368 1299 0 0
229 T 1335 1327 1353 0 0
229 T 1346 1366 1307 0 0
229 T 1372 1391 1362 0 0
229 T 1303 6 1251 0 0
229 T 1282 7 1342 0 0
229 T 7 2 6 0 0
229 T 882 367 1062 0 0
229 T 1064 465 201 0 0
229 T 199 409 884 0 0
229 T 265 237 239 0 0
229 T 229 261 225 0 0
229 T 295 271 319 0 0
229 T 244 230 218 0 0
229 T 296 285 301 0 0
229 T 274 254 265 0 0
229 T 289 257 221 0 0
229 T 305 306 287 0 0
229 T 304 315 313 0 0
229 T 312 317 298 0 0
229 T 267 276 258 0 0
229 T 231 233 231 -1 0
229 T 248 273 253 0 0
229 T 293 216 252 0 0
229 T 236 82 226 0 0
229 T 307 291 319 0 0
229 T 278 248 216 0 0
229 T 280 240 224 0 0
229 T 242 266 282 0 0
229 T 2246 1015 2107 0 0
229 T 2109 1786 703 0 0
229 T 2115 1825 663 0 0
229 T 705 2144 2248 0 0
229 T 2144 1788 1015 0 0
229 T 1944 220 1227 0 0
229 T 1706 328 1942 0 0
229 T 1229 857 1708 0 0
229 T 328 855 220 0 0
229 T 475 1283 1693 0 0
229 T 1252 459 1687 0 0
229 T 188 1492 965 0 0
229 T 963 395 198 0 0
229 T 101 1516 1145 0 0
229 T 1160 101 1523 0 0
229 T 103 1187 1489 0 0
229 T 1494 1205 103 0 0
229 T 125 1710 1490 0 0
229 T 1492 12 1639 0 0
229 T 1641 1578 123 0 0
229 T 1578 13 1710 0 0
229 T 539 1937 2218 0 0
229 T 2202 1661 541 0 0
229 T 1937 1659 496 0 0
229 T 1970 2011 1362 0 0
229 T 698 44 1972 0 0
229 T 699 1965 2064 0 0
229 T 2062 662 1983 0 0
229 T 1364 2091 700 0 0
229 T 44 2093 2011 0 0
229 T 1335 113 628 0 0
229 T 626 1107 1056 0 0
229 T 1054 1454 1337 0 0
229 T 1454 1109 113 0 0
229 T 800 878 1624 0 0
229 T 1612 826 853 0 0
229 T 1598 26 900 0 0
229 T 799 854 1590 0 0
229 T 1602 828 905 0 0
229 T 1481 105 1113 0 0
229 T 1505 355 1479 0 0
229 T 788 1505 1111 0 0
229 T 355 788 105 0 0
229 T 322 1769 793 0 0
229 T 1770 328 817 0 0
229 T 245 1292 1664 0 0
229 T 1662 150 1747 0 0
229 T 1749 776 243 0 0
229 T 776 152 1292 0 0
229 T 12 1617 1717 0 0
229 T 1715 796 2050 0 0
229 T 2052 1870 13 0 0
229 T 1870 794 1617 0 0
229 T 2143 831 1928 0 0
229 T 1926 1780 1789 0 0
229 T 1952 37 1823 0 0
229 T 1780 833 1016 0 0
229 T 1121 127 1262 0 0
229 T 1905 581 1119 0 0
229 T 1151 526 1914 0 0
229 T 1264 723 1903 0 0
229 T 581 725 127 0 0
229 T 1046 169 1313 0 0
229 T 1311 954 1285 0 0
229 T 1283 1095 1048 0 0
229 T 1374 727 654 0 0
229 T 1278 102 1376 0 0
229 T 656 504 1280 0 0
229 T 102 502 727 0 0
229 T 908 162 297 0 0
229 T 162 1070 271 0 0
229 T 71 661 613 0 0
229 T 611 2274 2265 0 0
229 T 2273 2275 661 0 0
229 T 2281 2276 2275 0 0
229 T 417 1722 690 0 0
229 T 1735 1690 415 0 0
229 T 293 1025 376 0 0
229 T 410 1190 291 0 0
229 T 1025 1192 372 0 0
229 T 2062 2039 108 0 0
229 T 106 781 701 0 0
229 T 1965 779 2039 0 0
229 T 1714 129 1521 0 0
229 T 1519 882 196 0 0
229 T 194 1622 1716 0 0
229 T 1214 982 1678 0 0
229 T 1680 648 266 0 0
229 T 268 1831 1216 0 0
229 T 1831 646 982 0 0
229 T 1859 971 622 0 0
229 T 928 639 1834 0 0
229 T 1955 235 2198 0 0
229 T 2217 1453 1957 0 0
229 T 1453 510 235 0 0
229 T 924 541 624 0 0
229 T 960 648 542 0 0
229 T 622 339 248 0 0
229 T 246 1739 922 0 0
229 T 1739 341 541 0 0
229 T 167 1004 290 0 0
229 T 1073 1103 1004 0 0
229 T 532 1938 1503 0 0
229 T 1505 1643 1412 0 0
229 T 1410 147 530 0 0
229 T 147 1645 1938 0 0
229 T 386 1809 1684 0 0
229 T 1682 1042 405 0 0
229 T 363 1044 1809 0 0
229 T 1308 2017 550 0 0
229 T 552 2236 1911 0 0
229 T 1913 425 1306 0 0
229 T 425 2234 2017 0 0
229 T 806 145 770 0 0
229 T 2318 2320 2318 1 0
229 T 2037 764 1655 0 0
229 T 2038 2042 2035 0 0
229 T 1645 803 2040 0 0
229 T 450 1309 668 0 0
229 T 666 795 334 0 0
229 T 336 1803 452 0 0
229 T 1803 797 1309 0 0
229 T 1385 40 832 0 0
229 T 807 1310 1821 0 0
229 T 1308 831 1795 0 0
229 T 1338 797 1820 0 0
229 T 2193 1967 228 0 0
229 T 226 2047 2230 0 0
229 T 2047 1969 517 0 0
229 T 1679 1564 1144 0 0
229 T 1142 560 649 0 0
229 T 1159 526 639 0 0
229 T 269 558 1564 0 0
229 T 1518 406 204 0 0
229 T 591 440 1520 0 0
229 T 1655 818 229 0 0
229 T 235 786 1645 0 0
229 T 1083 820 786 0 0
229 T 454 1346 620 0 0
229 T 618 754 332 0 0
229 T 330 1852 456 0 0
229 T 1852 756 1346 0 0
229 T 43 1323 768 0 0
229 T 1854 1314 755 0 0
229 T 766 1859 1346 0 0
229 T 1855 770 1395 0 0
229 T 532 94 526 0 0
229 T 569 551 579 0 0
229 T 573 545 555 0 0
229 T 524 93 534 0 0
229 T 583 569 549 0 0
229 T 538 554 576 0 0
229 T 1459 83 1412 0 0
229 T 528 149 1461 0 0
229 T 500 1286 988 0 0
229 T 400 1400 498 0 0
229 T 986 124 398 0 0
229 T 1400 122 1286 0 0
229 T 70 1268 1227 0 0
229 T 1923 244 1268 0 0
229 T 1888 853 1976 0 0
229 T 1974 828 283 0 0
229 T 285 1612 1886 0 0
229 T 1119 926 1531 0 0
229 T 1524 973 1151 0 0
229 T 1865 928 1905 0 0
229 T 209 1258 1029 0 0
229 T 1219 213 1058 0 0
229 T 534 1777 483 0 0
229 T 485 873 741 0 0
229 T 739 240 536 0 0
229 T 240 871 1777 0 0
229 T 795 1910 727 0 0
229 T 729 424 1803 0 0
229 T 905 430 296 0 0
229 T 1296 423 903 0 0
229 T 294 393 1294 0 0
229 T 2034 824 2004 0 0
229 T 779 70 824 0 0
229 T 792 333 1259 0 0
229 T 816 1218 335 0 0
229 T 2266 2270 2264 0 0
229 T 1268 1696 978 0 0
229 T 980 322 242 0 0
229 T 322 1694 1923 0 0
229 T 1846 1139 974 0 0
229 T 15 1117 1848 0 0
229 T 1117 1136 1139 0 0
229 T 1153 1154 1159 0 0
229 T 1127 1123 1117 0 0
229 T 657 456 196 0 0
229 T 194 1594 1377 0 0
229 T 1594 454 726 0 0
229 T 444 69 2111 0 0
229 T 43 2110 442 0 0
229 T 750 496 160 0 0
229 T 1233 1926 752 0 0
229 T 158 2000 1231 0 0
229 T 1926 1998 496 0 0
229 T 725 553 1046 0 0
229 T 950 564 1153 0 0
229 T 915 1125 584 0 0
229 T 1151 1077 113 0 0
229 T 1558 1075 564 0 0
229 T 520 1829 1653 0 0
229 T 9 602 518 0 0
229 T 1651 1004 8 0 0
229 T 602 1002 1829 0 0
229 T 360 1843 1008 0 0
229 T 673 1105 623 0 0
229 T 671 341 217 0 0
229 T 2303 2305 2303 -1 0
229 T 1026 85 1061 0 0
229 T 204 1483 992 0 0
229 T 1526 1378 202 0 0
229 T 990 147 1528 0 0
229 T 1378 149 1483 0 0
229 T 1648 519 1787 0 0
229 T 2106 1527 1646 0 0
229 T 1527 702 519 0 0
229 T 12 316 593 0 0
229 T 1638 426 316 0 0
229 T 1215 220 1664 0 0
229 T 1749 949 1217 0 0
229 T 949 152 220 0 0
229 T 304 712 213 0 0
229 T 1551 268 1571 0 0
229 T 110 1424 1553 0 0
229 T 1424 980 268 0 0
229 T 190 1258 1359 0 0
229 T 1361 1587 189 0 0
229 T 179 1589 1258 0 0
229 T 1016 1932 1308 0 0
229 T 1306 671 1875 0 0
229 T 1877 1167 1014 0 0
229 T 1167 673 1932 0 0
229 T 1196 1952 687 0 0
229 T 891 1817 1780 0 0
229 T 1928 1813 893 0 0
229 T 1813 1789 1817 0 0
229 T 109 406 968 0 0
229 T 966 1386 1246 0 0
229 T 1248 1536 107 0 0
229 T 1536 1388 406 0 0
229 T 939 1303 1010 0 0
229 T 1012 554 124 0 0
229 T 554 1305 1568 0 0
229 T 1165 1636 909 0 0
229 T 907 573 1177 0 0
229 T 562 901 1198 0 0
229 T 1175 1208 1163 0 0
229 T 1184 1165 1166 0 0
229 T 1204 1199 1194 0 0
229 T 1208 571 1636 0 0
229 T 171 503 722 0 0
229 T 1263 1961 173 0 0
229 T 503 1959 1904 0 0
229 T 398 324 1421 0 0
229 T 1671 1006 400 0 0
229 T 1419 756 1673 0 0
229 T 1006 754 324 0 0
229 T 1334 1152 1246 0 0
229 T 1248 1076 629 0 0
229 T 881 696 546 0 0
229 T 553 841 670 0 0
229 T 548 1709 801 0 0
229 T 1709 694 1625 0 0
229 T 1576 758 960 0 0
229 T 1560 910 784 0 0
229 T 24 1557 953 0 0
229 T 980 759 1567 0 0
229 T 1572 939 782 0 0
229 T 1939 664 2041 0 0
229 T 804 662 146 0 0
229 T 1175 1213 163 0 0
229 T 178 390 1177 0 0
229 T 1213 571 294 0 0
229 T 285 573 1447 0 0
229 T 1996 2022 1337 0 0
229 T 650 47 1994 0 0
229 T 650 2003 2074 0 0
229 T 616 1991 2077 0 0
229 T 1335 2095 652 0 0
229 T 47 2097 2022 0 0
229 T 1658 1761 2216 0 0
229 T 1761 538 495 0 0
229 T 764 2272 2257 0 0
229 T 803 2260 2262 0 0
229 T 2089 1291 1164 0 0
229 T 1162 865 682 0 0
229 T 892 1196 22 0 0
229 T 684 1677 2087 0 0
229 T 1677 863 1291 0 0
229 T 2122 420 2117 0 0
229 T 617 1836 2124 0 0
229 T 2127 1827 655 0 0
229 T 665 144 615 0 0
229 T 1500 519 654 0 0
229 T 1378 205 1498 0 0
229 T 656 609 1380 0 0
229 T 205 607 519 0 0
229 T 1149 390 273 0 0
229 T 271 348 1056 0 0
229 T 1054 352 1147 0 0
229 T 344 894 150 0 0
229 T 956 380 152 0 0
229 T 1165 1946 1786 0 0
229 T 1634 586 1946 0 0
229 T 263 560 1001 0 0
229 T 999 1606 276 0 0
229 T 782 288 1980 0 0
229 T 1978 1512 1558 0 0
229 T 1512 286 910 0 0
229 T 917 587 1826 0 0
229 T 947 1832 543 0 0
229 T 538 1860 951 0 0
229 T 1003 321 915 0 0
229 T 934 428 1419 0 0
229 T 324 430 936 0 0
229 T 183 1132 514 0 0
229 T 516 1476 194 0 0
229 T 190 1474 1132 0 0
229 T 1672 107 1856 0 0
229 T 1314 109 1418 0 0
229 T 721 1340 847 0 0
229 T 849 1466 440 0 0
229 T 438 109 719 0 0
229 T 109 1468 1340 0 0
229 T 1680 637 2084 0 0
229 T 2082 1116 1216 0 0
229 T 1116 635 982 0 0
229 T 20 929 1156 0 0
229 T 219 1744 810 0 0
229 T 812 547 287 0 0
229 T 257 549 1744 0 0
229 T 1065 2136 1652 0 0
229 T 1646 2130 993 0 0
229 T 2136 2150 2130 0 0
229 T 209 1474 1393 0 0
229 T 1391 1036 2013 0 0
229 T 2011 1702 207 0 0
229 T 1702 1034 1474 0 0
229 T 1173 641 344 0 0
229 T 461 132 1171 0 0
229 T 641 130 386 0 0
229 T 265 512 1142 0 0
229 T 512 1001 649 0 0
229 T 1923 1008 2002 0 0
229 T 1963 1043 1942 0 0
229 T 1511 434 303 0 0
229 T 306 436 913 0 0
229 T 1699 2097 2188 0 0
229 T 2186 2162 2059 0 0
229 T 2061 2005 1701 0 0
229 T 2005 2164 2097 0 0
229 T 545 269 1749 0 0
229 T 1348 622 1878 0 0
229 T 1880 973 768 0 0
229 T 379 1544 926 0 0
229 T 1836 1507 381 0 0
229 T 1507 641 1544 0 0
229 T 498 1245 1032 0 0
229 T 147 2260 2248 0 0
229 T 2109 2131 149 0 0
229 T 2131 1017 2260 0 0
229 T 124 1230 1173 0 0
229 T 576 751 122 0 0
229 T 1171 1927 574 0 0
229 T 1199 530 1952 0 0
229 T 557 776 1449 0 0
229 T 283 774 545 0 0
229 T 597 491 134 0 0
229 T 136 476 1264 0 0
229 T 1262 481 595 0 0
229 T 1445 126 1244 0 0
229 T 1242 135 527 0 0
229 T 529 131 1443 0 0
229 T 131 137 126 0 0
229 T 120 114 110 0 0
229 T 115 117 115 -1 0
229 T 131 123 136 0 0
229 T 120 269 679 0 0
229 T 633 255 110 0 0
229 T 2270 2250 615 0 0
229 T 665 2248 2262 0 0
229 T 1266 1567 545 0 0
229 T 571 1304 1268 0 0
229 T 1281 142 1241 0 0
229 T 1239 1358 99 0 0
229 T 101 75 103 0 0
229 T 66 2099 1601 0 0
229 T 1599 898 48 0 0
229 T 2237 900 2099 0 0
229 T 204 1434 1062 0 0
229 T 1064 147 1501 0 0
229 T 1381 149 1434 0 0
229 T 1976 1539 1602 0 0
229 T 940 1981 1890 0 0
229 T 335 468 726 0 0
229 T 2076 2037 106 0 0
229 T 108 825 652 0 0
229 T 1868 2245 2164 0 0
229 T 2059 13 1866 0 0
229 T 1200 868 1494 0 0
229 T 1172 1506 893 0 0
229 T 1496 838 564 0 0
229 T 1487 522 848 0 0
229 T 121 1409 1107 0 0
229 T 117 1456 1409 0 0
229 T 1744 1663 152 0 0
229 T 1214 810 150 0 0
229 T 2018 879 1065 0 0
229 T 2152 2009 2020 0 0
229 T 958 2007 993 0 0
229 T 1168 1779 867 0 0
229 T 37 1196 893 0 0
229 T 869 832 1876 0 0
229 T 1437 464 188 0 0
229 T 705 488 1435 0 0
229 T 186 450 703 0 0
229 T 1969 1821 1733 0 0
229 T 182 807 1967 0 0
229 T 1731 1312 184 0 0
229 T 2134 1053 2256 0 0
229 T 1014 71 1053 0 0
229 T 755 2005 1695 0 0
229 T 1713 2059 757 0 0
229 T 63 2025 2095 0 0
229 T 146 2256 2253 0 0
229 T 614 765 148 0 0
229 T 1242 85 1286 0 0
229 T 1288 135 531 0 0
229 T 1613 1551 255 0 0
229 T 257 1470 856 0 0
229 T 119 1472 1551 0 0
229 T 107 1993 1899 0 0
229 T 1901 616 2034 0 0
229 T 768 2029 952 0 0
229 T 950 2218 2105 0 0
229 T 2103 444 766 0 0
229 T 444 2220 2029 0 0
229 T 2168 2091 1962 0 0
229 T 2065 1362 2166 0 0
229 T 2185 1217 1770 0 0
229 T 1767 1293 2175 0 0
229 T 487 1485 656 0 0
229 T 471 195 1485 0 0
229 T 1998 1988 1958 0 0
229 T 2161 1280 1960 0 0
229 T 2000 1240 2173 0 0
229 T 608 488 148 0 0
229 T 1429 1179 193 0 0
229 T 191 708 213 0 0
229 T 1327 706 1179 0 0
229 T 2021 369 834 0 0
229 T 546 1590 1226 0 0
229 T 633 1611 1424 0 0
229 T 324 1887 631 0 0
229 T 1422 284 322 0 0
229 T 163 1397 1011 0 0
229 T 1013 1760 160 0 0
229 T 1760 1395 178 0 0
229 T 837 2080 918 0 0
229 T 2080 34 33 0 0
229 T 1614 129 1632 0 0
229 T 1630 1519 13 0 0
229 T 853 4 1097 0 0
229 T 1328 7 1457 0 0
229 T 1406 6 1392 0 0
229 T 1703 2093 2180 0 0
229 T 65 2091 2012 0 0
229 T 1765 523 484 0 0
229 T 968 225 1763 0 0
229 T 482 719 966 0 0
229 T 225 721 523 0 0
229 T 412 307 1235 0 0
229 T 1451 1855 1661 0 0
229 T 1659 754 98 0 0
229 T 100 1317 1453 0 0
229 T 1039 143 995 0 0
229 T 569 376 997 0 0
229 T 348 555 1041 0 0
229 T 1844 1670 414 0 0
229 T 693 1688 1842 0 0
229 T 501 362 1158 0 0
229 T 1525 1222 499 0 0
229 T 362 1224 101 0 0
229 T 814 444 183 0 0
229 T 185 1594 1218 0 0
229 T 1594 442 337 0 0
229 T 1056 1353 4 0 0
229 T 1162 1815 15 0 0
229 T 1813 1949 14 0 0
229 T 2226 1431 1966 0 0
229 T 1431 514 227 0 0
229 T 126 404 1031 0 0
229 T 1443 499 404 0 0
229 T 1168 1814 888 0 0
229 T 453 730 1589 0 0
229 T 1361 732 702 0 0
229 T 1219 193 1374 0 0
229 T 310 332 1578 0 0
229 T 1580 749 317 0 0
229 T 300 747 332 0 0
229 T 1035 1562 274 0 0
229 T 496 730 98 0 0
229 T 756 732 1937 0 0
229 T 1825 893 689 0 0
229 T 672 867 1794 0 0
229 T 862 696 1792 0 0
229 T 687 1545 1530 0 0
229 T 1532 343 1823 0 0
229 T 343 1543 893 0 0
229 T 431 1540 300 0 0
229 T 1540 904 282 0 0
229 T 986 748 430 0 0
229 T 748 124 428 0 0
229 T 58 2048 1838 0 0
229 T 1799 2 1840 0 0
229 T 60 1799 2057 0 0
229 T 2048 3 2055 0 0
229 T 1178 513 181 0 0
229 T 771 2054 1180 0 0
229 T 179 1956 773 0 0
229 T 2054 1954 513 0 0
229 T 217 1024 1463 0 0
229 T 157 675 215 0 0
229 T 155 1463 1106 0 0
229 T 1024 677 1108 0 0
229 T 445 1934 1347 0 0
229 T 1853 733 443 0 0
229 T 108 1018 809 0 0
229 T 1819 1682 106 0 0
229 T 1277 109 1503 0 0
229 T 532 1984 1275 0 0
229 T 109 1982 1940 0 0
229 T 1807 1690 643 0 0
229 T 170 1732 1046 0 0
229 T 1732 502 551 0 0
229 T 1630 439 317 0 0
229 T 1299 1478 470 0 0
229 T 1439 74 1478 0 0
229 T 1386 462 1441 0 0
229 T 313 334 1616 0 0
229 T 1871 666 311 0 0
229 T 411 184 1123 0 0
229 T 1125 166 1257 0 0
229 T 1255 173 413 0 0
229 T 558 258 1035 0 0
229 T 833 2173 2247 0 0
229 T 1928 704 2173 0 0
229 T 1951 664 2169 0 0
229 T 711 374 1254 0 0
229 T 170 370 713 0 0
229 T 422 41 2121 0 0
229 T 2119 831 1600 0 0
229 T 1598 1382 424 0 0
229 T 1882 1872 1868 0 0
229 T 1866 2067 213 0 0
229 T 207 2072 1872 0 0
229 T 2072 419 2067 0 0
229 T 1189 222 1430 0 0
229 T 1432 1341 103 0 0
229 T 1489 1339 222 0 0
229 T 1362 1277 1201 0 0
229 T 1950 1984 1364 0 0
229 T 476 130 1119 0 0
229 T 1229 1345 585 0 0
229 T 1649 8 1071 0 0
229 T 2284 2282 2284 -1 0
229 T 1473 328 288 0 0
229 T 927 39 1157 0 0
229 T 1141 972 1782 0 0
229 T 1155 1915 638 0 0
229 T 1139 1907 625 0 0
229 T 1915 38 1837 0 0
229 T 1784 1903 1826 0 0
229 T 1453 1144 241 0 0
229 T 201 470 993 0 0
229 T 991 356 964 0 0
229 T 337 717 303 0 0
229 T 314 715 1617 0 0
229 T 1800 234 17 0 0
229 T 234 2054 2211 0 0
229 T 1570 1471 681 0 0
229 T 1893 286 1572 0 0
229 T 679 328 1891 0 0
229 T 704 609 1379 0 0
229 T 1373 4 1024 0 0
229 T 329 848 435 0 0
229 T 405 1469 327 0 0
229 T 1819 1666 1432 0 0
229 T 1733 2229 1666 0 0
229 T 614 2165 1917 0 0
229 T 1903 2159 656 0 0
229 T 1915 1334 1991 0 0
229 T 1334 2163 2075 0 0
229 T 366 1534 1439 0 0
229 T 155 1584 1089 0 0
229 T 154 1074 1619 0 0
229 T 1621 0 1584 0 0
229 T 1871 2116 2223 0 0
229 T 54 2114 2073 0 0
229 T 1272 359 102 0 0
229 T 1082 1223 1270 0 0
229 T 1189 258 515 0 0
229 T 544 1697 760 0 0
229 T 1697 646 1576 0 0
229 T 461 137 1232 0 0
229 T 1230 594 479 0 0
229 T 2196 1669 553 0 0
229 T 1910 1667 504 0 0
229 T 195 696 1705 0 0
229 T 1035 694 517 0 0
229 T 1403 302 1257 0 0
229 T 375 211 1405 0 0
229 T 1059 1375 707 0 0
229 T 228 1458 1110 0 0
229 T 1411 236 1112 0 0
229 T 0 1919 1948 0 0
229 T 1919 1862 14 0 0
229 T 1395 1671 1067 0 0
229 T 1069 645 152 0 0
229 T 150 1754 1397 0 0
229 T 797 1706 1963 0 0
229 T 1045 326 795 0 0
229 T 1578 1869 756 0 0
229 T 1517 1317 239 0 0
229 T 601 1147 1382 0 0
229 T 1322 1190 599 0 0
229 T 2125 1867 2208 0 0
229 T 57 2068 2123 0 0
229 T 1253 1093 1012 0 0
229 T 1396 897 1251 0 0
229 T 168 307 915 0 0
229 T 1053 1826 2147 0 0
229 T 767 1784 1051 0 0
229 T 2149 1905 769 0 0
229 T 1862 1829 1849 0 0
229 T 1921 1116 1829 0 0
229 T 1627 585 1128 0 0
229 T 1634 70 1629 0 0
229 T 1126 1355 1206 0 0
229 T 735 1358 1028 0 0
229 T 1502 1299 394 0 0
229 T 396 872 106 0 0
229 T 1276 870 1299 0 0
229 T 333 1539 986 0 0
229 T 530 1399 133 0 0
229 T 541 2027 1348 0 0
229 T 687 378 1120 0 0
229 T 1683 795 1468 0 0
229 T 106 1069 770 0 0
229 T 1556 767 2112 0 0
229 T 320 1146 1294 0 0
229 T 2164 2124 39 0 0
229 T 98 821 368 0 0
229 T 319 1237 1192 0 0
229 T 599 10 321 0 0
229 T 129 716 439 0 0
229 T 437 714 1032 0 0
229 T 1494 500 1271 0 0
229 T 793 425 181 0 0
229 T 425 332 1589 0 0
229 T 1785 927 1847 0 0
229 T 1871 2167 2241 0 0
229 T 2167 2116 36 0 0
229 T 357 2008 921 0 0
229 T 874 245 153 0 0
229 T 1745 1290 876 0 0
229 T 1198 1087 120 0 0
229 T 562 1604 1087 0 0
229 T 1040 207 777 0 0
229 T 211 994 811 0 0
229 T 1512 334 1032 0 0
229 T 808 2046 1132 0 0
229 T 187 648 1701 0 0
229 T 1428 513 189 0 0
229 T 1252 344 1756 0 0
229 T 917 1626 1115 0 0
229 T 589 1918 1626 0 0
229 T 668 86 618 0 0
229 T 2100 833 425 0 0
229 T 2017 831 901 0 0
229 T 1898 1655 149 0 0
229 T 526 1537 1900 0 0
229 T 1537 1461 1655 0 0
229 T 1869 312 618 0 0
229 T 526 1249 1990 0 0
229 T 753 1010 540 0 0
229 T 766 2158 2250 0 0
229 T 186 1575 1712 0 0
229 T 1256 583 306 0 0
229 T 289 585 1402 0 0
229 T 193 735 208 0 0
229 T 1392 737 1131 0 0
229 T 102 1669 797 0 0
229 T 951 50 1556 0 0
229 T 1349 1909 1051 0 0
229 T 1932 230 1909 0 0
229 T 2128 2253 1053 0 0
229 T 2136 146 2126 0 0
229 T 416 1401 1202 0 0
229 T 689 133 414 0 0
229 T 1116 1321 1773 0 0
229 T 1768 1320 1163 0 0
229 T 1444 388 1159 0 0
229 T 214 1750 839 0 0
229 T 1741 0 1750 0 0
229 T 1090 940 5 0 0
229 T 251 348 1415 0 0
229 T 1417 1054 246 0 0
229 T 1955 1855 1758 0 0
229 T 1111 820 1537 0 0
229 T 379 1737 1282 0 0
229 T 1775 71 1764 0 0
229 T 1382 10 1297 0 0
229 T 1292 1792 254 0 0
229 T 657 2148 2252 0 0
229 T 999 1996 1351 0 0
229 T 1970 1034 1370 0 0
229 T 155 626 246 0 0
229 T 248 1247 1618 0 0
229 T 1881 1141 1051 0 0
229 T 1773 1124 848 0 0
229 T 1124 816 437 0 0
229 T 1440 1113 101 0 0
229 T 1024 1363 1406 0 0
229 T 495 1241 705 0 0
229 T 425 67 2119 0 0
229 T 226 1841 16 0 0
229 T 118 675 1365 0 0
229 T 1276 677 1087 0 0
229 T 1405 568 811 0 0
229 T 2102 68 1556 0 0
229 T 2129 1499 1651 0 0
229 T 433 1175 792 0 0
229 T 937 1768 1175 0 0
229 T 1107 155 1417 0 0
229 T 2168 2178 2052 0 0
229 T 2050 1705 1962 0 0
229 T 215 1584 1276 0 0
229 T 360 1203 498 0 0
229 T 731 469 331 0 0
229 T 937 1316 741 0 0
229 T 739 109 429 0 0
229 T 1523 563 923 0 0
229 T 1514 534 937 0 0
229 T 339 1751 550 0 0
229 T 1321 1128 848 0 0
229 T 1208 935 1318 0 0
229 T 1414 177 1465 0 0
229 T 1462 250 374 0 0
229 T 2327 2329 2327 -1 0
229 U 113 7 5 0 0
229 U 784 5 7 0 0
229 U 945 7 7 0 0
229 U 11 7 6 0 0
229 U 25 6 7 0 0
229 U 930 4 4 0 0
229 U 759 4 3 0 0
229 U 123 3 4 0 0
229 U 32 3 2 0 0
229 U 18 2 3 0 0
229 U 919 3 3 0 0
229 U 888 10 9 0 0
229 U 15 9 8 -1 0
229 U 1184 8 10 0 0
229 U 684 10 9 0 0
229 U 28 9 8 0 0
229 U 104 8 10 0 0
229 U 23 8 9 0 0
229 U 8 10 11 0 0
229 U 2239 12 15 0 0
229 U 2223 15 13 0 0
229 U 37 13 12 0 0
229 U 13 15 14 0 0
229 U 2181 14 12 0 0
229 U 64 12 13 0 0
229 U 207 13 14 0 0
229 U 54 13 12 0 0
229 U 2211 20 20 0 0
229 U 60 20 21 0 0
229 U 17 21 20 0 0
229 U 510 16 21 0 0
229 U 2200 21 16 0 0
229 U 2215 16 16 0 0
229 U 2204 19 16 0 0
229 U 494 16 19 0 0
229 U 2220 19 19 0 0
229 U 69 19 18 0 0
229 U 50 18 19 0 0
229 U 52 1 1 0 0
229 U 1 1 1 -1 0
229 U 2227 23 23 0 0
229 U 2195 24 23 0 0
229 U 503 23 24 0 0
229 U 2237 25 25 0 0
229 U 58 27 26 0 0
229 U 2232 26 26 0 0
229 U 16 26 27 0 0
229 U 517 26 23 0 0
229 U 2193 23 26 0 0
229 U 48 24 25 0 0
229 U 66 25 24 0 0
229 U 2244 31 28 0 0
229 U 38 28 29 0 0
229 U 2208 29 31 0 0
229 U 2186 29 31 0 0
229 U 13 31 30 0 0
229 U 213 30 29 0 0
229 U 56 29 28 0 0
229 U 63 28 29 0 0
229 U 636 34 33 0 0
229 U 31 33 32 0 0
229 U 100 32 34 0 0
229 U 976 35 32 0 0
229 U 21 32 33 0 0
229 U 1137 32 34 0 0
229 U 8 34 35 0 0
229 U 14 32 33 0 0
229 U 10 40 41 0 0
229 U 27 41 40 0 0
229 U 860 41 41 0 0
229 U 843 38 38 0 0
229 U 118 38 40 0 0
229 U 826 40 38 0 0
229 U 799 39 36 0 0
229 U 126 36 39 0 0
229 U 836 37 37 0 0
229 U 19 37 36 -1 0
229 U 34 36 37 0 0
229 Q 362 90 360 139 0 0 0 0 -1 0
229 Q 141 447 141 447 0 0 0 0 0 0
229 Q 115 261 1721 263 0 0 0 0 0 0
229 Q 241 1083 223 117 0 0 0 0 0 0
229 Q 1691 1 1689 77 0 1 0 0 0 -1
229 Q 77 459 1101 477 0 0 0 0 0 0
229 Q 1 1283 1099 1250 0 0 0 1 0 1
229 Q 2033 105 1895 99 0 0 0 0 0 0
229 Q 1143 72 1187 2031 0 0 0 0 -1 0
229 Q 1897 1487 72 1516 0 0 0 0 0 0
229 Q 3 1099 3 1099 0 0 0 0 0 0
229 Q 1 1357 1 1357 0 -1 0 1 0 1
229 Q 791 2298 815 2292 0 0 0 0 0 0
229 Q 2290 328 2286 324 0 0 0 0 0 0
229 Q 2288 1772 2300 1769 0 0 0 0 0 0
229 Q 141 2151 141 2151 0 0 0 0 0 0
229 Q 367 97 357 139 0 0 0 0 1 0
229 Q 97 2079 97 2079 0 0 0 0 -1 0
229 Q 420 1078 420 1078 0 0 0 0 0 0
229 Q 1080 370 72 352 -1 0 0 0 0 0
229 Q 2313 808 2321 772 0 0 0 0 0 0
229 Q 2305 213 2300 207 0 0 0 0 0 0
229 Q 1027 2296 1060 2303 0 0 0 0 0 0
229 Q 2294 1258 2298 1221 0 0 0 0 0 0
229 Q 337 2295 333 2291 0 0 0 0 0 0
229 Q 2030 1679 139 1677 0 0 0 0 0 0
229 Q 141 1562 73 1609 1 0 0 0 0 0
229 Q 90 1006 1 1045 0 -1 1 0 0 0
229 Q 1806 1 1843 139 0 1 0 0 0 -1
229 Q 81 1323 73 1383 1 0 0 0 0 0
229 Q 830 72 766 81 1 0 0 0 0 0
229 Q 72 40 73 42 0 0 1 0 0 0
229 Q 1882 300 79 302 0 0 0 0 0 0
229 Q 2153 805 2278 762 0 0 0 0 0 0
229 Q 232 1043 2045 1008 0 0 0 0 0 0
229 Q 2141 1030 2294 989 0 0 0 0 0 0
229 Q 501 2282 500 2139 0 0 0 0 0 0
229 Q 1289 2296 1245 2284 0 0 0 0 0 0
229 Q 1 661 73 611 1 0 0 0 0 0
229 Q 2280 1 2280 1 0 0 0 0 0 0
229 Q 73 2269 73 2269 0 0 0 0 -1 0
229 Q 88 112 1546 118 0 0 1 0 0 0
229 Q 681 507 631 88 0 0 -1 0 0 0
229 Q 509 269 1548 255 0 0 0 0 0 0
229 Q 114 1548 114 1548 0 0 0 0 0 0
229 Q 174 938 1332 851 0 0 0 0 0 0
229 Q 1604 2140 1559 176 0 0 0 0 0 0
229 Q 1892 2293 1888 1330 0 0 0 0 0 0
229 Q 2138 1539 2291 1511 0 0 0 0 0 0
229 Q 536 1 522 72 0 1 -1 0 0 -1
229 Q 93 1 93 1 0 1 0 -1 0 -1
229 Q 70 1388 0 1301 0 0 0 0 0 0
229 Q 2286 2177 2309 2183 0 0 0 0 0 0
229 Q 1217 2307 1293 2298 0 0 0 0 0 0
229 Q 79 317 87 315 0 0 0 0 0 0
229 Q 1894 2084 138 2086 0 0 0 0 0 0
229 Q 1163 2157 1116 1896 0 0 0 0 0 0
229 Q 1214 2155 1290 140 0 0 0 0 0 0
229 Q 5 509 4 1080 0 0 0 0 0 0
229 Q 418 6 1333 7 0 0 0 0 0 0
229 Q 507 1331 507 1331 0 0 0 0 0 0
229 Q 276 139 277 506 0 0 0 0 0 0
229 Q 508 998 73 1037 0 0 0 0 0 0
229 Q 1059 75 1028 116 0 0 0 0 0 0
229 Q 77 1022 1079 1057 0 0 0 0 0 0
229 Q 1148 73 1193 77 -1 0 0 0 0 0
229 Q 2288 88 2288 88 0 0 0 0 -1 0
229 Q 88 2185 139 2175 0 0 0 0 1 0
229 Q 2307 141 2307 141 0 0 0 0 0 0
229 Q 1773 2155 1768 89 0 0 1 0 0 0
229 Q 1350 506 1371 77 0 0 0 0 0 0
229 Q 86 486 74 488 0 0 0 0 0 0
229 Q 33 96 35 97 1 0 0 0 0 0
229 Q 280 1272 2285 1223 0 0 0 0 0 0
229 Q 812 2311 774 2299 0 0 0 0 0 0
229 Q 150 2306 152 2313 0 0 -1 0 1 0
229 Q 480 81 481 1098 0 0 0 0 0 0
229 Q 2 479 1987 478 0 0 0 0 0 0
229 Q 1989 81 1989 81 0 0 0 0 0 0
229 Q 80 601 76 599 0 0 0 0 0 0
229 Q 76 643 140 693 0 0 0 0 0 0
229 Q 116 709 144 737 0 0 0 0 0 0
229 Q 2141 1496 279 1523 0 0 0 0 0 0
229 Q 2328 53 2329 52 0 0 0 0 -1 0
229 Q 1 2326 1 2326 0 0 0 0 0 0
229 Q 2312 994 2303 1038 0 0 0 0 0 0
229 Q 2320 822 2324 781 0 0 0 0 0 0
229 Q 1987 768 2268 832 0 0 0 0 0 0
229 Q 2287 632 1330 678 0 0 0 0 0 0
229 Q 1896 685 2031 635 0 0 0 0 0 0
229 Q 31 1897 29 1894 0 0 0 0 0 0
229 Q 1321 1896 1320 89 0 0 1 0 0 0
229 Q 73 2323 73 2323 0 0 0 0 -1 0
229 Q 2325 659 2326 613 0 0 0 0 0 0
229 Q 91 233 91 233 1 0 -1 0 0 0
229 Q 77 2317 77 2317 0 0 0 0 0 0
229 Q 651 72 701 77 1 0 0 0 0 0
229 Q 2315 699 2322 653 0 0 0 0 0 0
229 Q 1 2045 1 2045 0 -1 0 1 0 1
229 Q 1996 72 1972 76 1 0 0 0 0 0
229 Q 693 2316 643 2308 0 0 0 0 0 0
229 Q 1069 2314 1021 2311 0 0 0 0 0 0
229 Q 138 258 1548 264 0 0 0 0 0 0
229 Q 1721 139 1721 139 0 0 0 0 0 0
229 Q 107 2321 106 2314 0 0 0 0 0 0
229 Q 563 2141 562 0 0 0 0 0 0 0
229 Q 597 3 595 78 0 0 0 0 0 0
229 Q 44 73 46 72 0 0 -1 0 1 0
229 Q 1 1129 89 1209 0 0 0 0 0 0
229 Q 848 1895 935 1 0 0 0 -1 0 0
229 Q 762 141 805 1 0 0 0 0 0 0
229 Q 490 80 492 77 0 0 0 0 0 0
