0
0 d=214
0
214 A 5 0 0 1 0 -1
214 A 10 0 5 4 -5 -4
214 A 10 0 5 1 -5 -1
214 A -1 1 44 0 -44 0
214 A 1 1 44 0 -44 0
214 A -4 1 83 2 -83 -2
214 A 4 1 -83 2 83 -2
214 A 20 0 5 6 -5 -6
214 A 20 0 -5 6 5 -6
214 A 23 0 0 6 0 -6
214 A 0 2 213 0 -213 0
214 A -2 2 43 1 -43 -1
214 A 2 2 -43 1 43 -1
214 A -8 2 131 2 -131 -2
214 A 8 2 -131 2 131 -2
214 A 5 0 0 2 0 2
214 A 6 0 3 1 3 1
214 A 7 0 0 3 0 3
214 A 9 0 0 2 0 2
214 A 10 0 5 3 5 3
214 A 11 0 0 3 0 3
214 A 14 0 7 3 7 3
214 A 15 0 0 7 0 7
214 A 15 0 0 2 0 2
214 A 18 0 9 7 9 7
214 A 19 0 0 2 0 2
214 A 21 0 0 10 0 10
214 A 25 0 0 3 0 3
214 A 33 0 0 8 0 8
214 A 35 0 0 17 0 17
214 A 35 0 0 3 0 3
214 A 57 0 0 17 0 17
214 A 75 0 0 28 0 28
214 A 89 0 0 15 0 15
214 A 99 0 0 25 0 25
214 A 105 0 0 52 0 52
214 A 4 0 1 1 1 -1
214 A 5 0 2 1 1 2
214 A 5 0 -2 1 -1 2
214 A 6 0 1 1 1 -1
214 A 7 0 3 3 -1 1
214 A 7 0 3 2 1 -3
214 A 7 0 3 1 3 -1
214 A 7 0 -3 2 -1 -3
214 A 7 0 -3 3 1 1
214 A 7 0 2 3 1 2
214 A 7 0 2 2 2 -2
214 A 7 0 2 1 -2 1
214 A 7 0 -2 3 -1 2
214 A 7 0 0 2 0 1
214 A 8 0 3 3 3 -3
214 A 8 0 3 1 3 -1
214 A 8 0 1 3 1 -3
214 A 8 0 1 1 1 -1
214 A 9 0 4 4 -2 2
214 A 9 0 4 2 4 -2
214 A 9 0 4 1 1 2
214 A 9 0 -4 1 -1 2
214 A 9 0 -4 4 2 2
214 A 9 0 3 4 -3 1
214 A 9 0 3 2 -3 2
214 A 9 0 3 1 -3 4
214 A 9 0 2 4 2 -4
214 A 9 0 2 1 -1 -4
214 A 9 0 -2 1 1 -4
214 A 9 0 1 1 1 -1
214 A 9 0 0 4 0 1
214 A 10 0 3 1 -1 -3
214 A 10 0 -3 1 1 -3
214 A 11 0 5 5 4 -4
214 A 11 0 5 4 1 -3
214 A 11 0 5 3 -4 -2
214 A 11 0 5 2 -5 2
214 A 11 0 5 1 -2 -4
214 A 11 0 -5 1 2 -4
214 A 11 0 -5 3 4 -2
214 A 11 0 -5 4 -1 -3
214 A 11 0 -5 5 -4 -4
214 A 11 0 4 5 2 3
214 A 11 0 4 3 3 -5
214 A 11 0 4 1 4 -1
214 A 11 0 -4 3 -3 -5
214 A 11 0 -4 5 -2 3
214 A 11 0 3 4 -3 4
214 A 11 0 3 3 3 -3
214 A 11 0 3 2 -2 5
214 A 11 0 3 1 -1 4
214 A 11 0 -3 1 1 4
214 A 11 0 -3 2 2 5
214 A 11 0 2 2 -1 1
214 A 11 0 2 1 1 5
214 A 11 0 -2 1 -1 5
214 A 11 0 -2 2 1 1
214 A 11 0 1 2 1 -2
214 A 11 0 0 5 0 4
214 A 11 0 0 2 0 -1
214 A 12 0 5 5 5 -5
214 A 12 0 5 1 5 -1
214 A 12 0 3 5 3 -1
214 A 12 0 3 1 3 -5
214 A 12 0 1 5 1 -5
214 A 12 0 1 1 1 -1
214 A 13 0 6 6 4 -4
214 A 13 0 6 5 5 -2
214 A 13 0 6 4 -3 2
214 A 13 0 6 3 6 -3
214 A 13 0 6 2 -4 -3
214 A 13 0 6 1 -2 -4
214 A 13 0 -6 1 2 -4
214 A 13 0 -6 2 4 -3
214 A 13 0 -6 4 3 2
214 A 13 0 -6 5 -5 -2
214 A 13 0 -6 6 -4 -4
214 A 13 0 5 6 3 -1
214 A 13 0 5 5 -3 3
214 A 13 0 5 4 2 1
214 A 13 0 5 3 -5 3
214 A 13 0 5 1 -1 -5
214 A 13 0 -5 1 1 -5
214 A 13 0 -5 4 -2 1
214 A 13 0 -5 5 3 3
214 A 13 0 -5 6 -3 -1
214 A 13 0 4 6 2 -3
214 A 13 0 4 5 -3 -6
214 A 13 0 4 2 -4 2
214 A 13 0 4 1 1 3
214 A 13 0 -4 1 -1 3
214 A 13 0 -4 5 3 -6
214 A 13 0 -4 6 -2 -3
214 A 13 0 3 5 -1 6
214 A 13 0 3 4 -3 4
214 A 13 0 -3 5 1 6
214 A 13 0 2 6 2 -6
214 A 13 0 2 5 1 4
214 A 13 0 2 2 -1 1
214 A 13 0 -2 2 1 1
214 A 13 0 -2 5 -1 4
214 A 13 0 1 2 1 -2
214 A 13 0 0 6 0 4
214 A 13 0 0 5 0 -3
214 A 13 0 0 2 0 -1
214 A 14 0 5 5 5 -5
214 A 14 0 5 3 -1 -5
214 A 14 0 5 1 -5 1
214 A 14 0 -5 3 1 -5
214 A 14 0 3 5 1 3
214 A 14 0 3 3 -1 1
214 A 14 0 3 1 3 -1
214 A 14 0 -3 3 1 1
214 A 14 0 -3 5 -1 3
214 A 14 0 7 5 -7 -1
214 A 0 1 105 0 -53 0
214 A 0 1 103 0 27 0
214 A 0 1 101 0 -89 0
214 A 0 1 81 0 -37 0
214 A 0 1 79 0 65 0
214 A 0 1 77 0 25 0
214 A 0 1 63 0 -17 0
214 A 0 1 57 0 15 0
214 A 0 1 55 0 35 0
214 A 0 1 51 0 -21 0
214 A 0 1 45 0 19 0
214 A -1 1 94 0 16 0
214 A -1 1 89 0 -29 0
214 A -1 1 88 0 -22 0
214 A -1 1 87 0 42 0
214 A -1 1 84 0 -64 0
214 A -1 1 83 0 -57 0
214 A -1 1 79 0 -49 0
214 A -1 1 77 0 67 0
214 A -1 1 63 0 58 0
214 A -1 1 41 0 -21 0
214 A -1 1 38 0 -17 0
214 A -1 1 28 0 23 0
214 A 1 1 94 0 16 0
214 A 1 1 89 0 -29 0
214 A 1 1 88 0 -22 0
214 A 1 1 87 0 42 0
214 A 1 1 84 0 -64 0
214 A 1 1 83 0 -57 0
214 A 1 1 79 0 -49 0
214 A 1 1 77 0 67 0
214 A 1 1 63 0 58 0
214 A 1 1 41 0 -21 0
214 A 1 1 38 0 -17 0
214 A 1 1 28 0 23 0
214 A -2 1 105 1 53 1
214 A -2 1 103 1 -27 0
214 A -2 1 101 1 89 1
214 A -2 1 99 1 41 0
214 A -2 1 93 1 39 0
214 A -2 1 81 1 21 0
214 A -2 1 79 1 -35 0
214 A -2 1 75 1 -17 0
214 A -2 1 63 1 55 1
214 A -2 1 53 0 37 0
214 A -2 1 51 0 47 0
214 A -2 1 29 0 15 0
214 A -2 1 23 0 -19 0
214 A 2 1 53 0 37 0
214 A 2 1 51 0 47 0
214 A 2 1 41 0 99 -1
214 A 2 1 39 0 93 -1
214 A 2 1 35 0 -79 1
214 A 2 1 29 0 15 0
214 A 2 1 27 0 -103 1
214 A 2 1 23 0 -19 0
214 A 2 1 21 0 81 -1
214 A 2 1 17 0 -75 1
214 A 2 1 -53 1 -105 1
214 A 2 1 -55 1 -63 1
214 A 2 1 -89 1 -101 1
214 A -3 1 101 1 15 0
214 A -3 1 95 1 -63 -1
214 A -3 1 89 1 -77 -1
214 A -3 1 65 1 -79 -1
214 A -3 1 59 1 -18 0
214 A -3 1 26 0 57 1
214 A -3 1 49 1 30 0
214 A -3 1 66 1 39 1
214 A 3 1 -101 1 -15 0
214 A 3 1 -95 1 63 -1
214 A 3 1 -89 1 77 -1
214 A 3 1 26 0 57 -1
214 A 3 1 -49 1 -30 0
214 A 3 1 -79 1 65 -1
214 A 3 1 18 0 -59 1
214 A 3 1 -39 1 -66 1
214 A 15 0 7 4 1 -7
214 A 15 0 7 1 1 2
214 A 15 0 -7 1 -1 2
214 A 15 0 -7 4 -1 -7
214 A 15 0 6 2 -3 -4
214 A 15 0 -6 2 3 -4
214 A 15 0 5 7 5 2
214 A 15 0 5 4 5 -4
214 A 15 0 5 1 5 -1
214 A 15 0 -5 2 -5 7
214 A 15 0 4 7 -2 -4
214 A 15 0 -4 7 2 -4
214 A -4 1 27 1 81 2
214 A -4 1 35 1 -55 -1
214 A -4 1 39 1 -99 -2
214 A -4 1 43 1 -85 -2
214 A -4 1 79 2 33 1
214 A -4 1 103 2 25 1
214 A -4 1 79 1 -89 -2
214 A -4 1 27 0 17 0
214 A -4 1 19 0 -101 -2
214 A -4 1 37 1 -93 -2
214 A -4 1 45 1 57 1
214 A 4 1 17 0 27 0
214 A 4 1 -25 1 -103 2
214 A 4 1 -33 1 -79 2
214 A 4 1 -37 1 93 -2
214 A 4 1 -45 1 -57 1
214 A 4 1 -81 2 -27 1
214 A 4 1 -85 2 43 -1
214 A 4 1 -89 2 79 -1
214 A 4 1 -101 2 19 0
214 A 4 1 -35 1 55 -1
214 A 4 1 -39 1 99 -2
214 A -5 1 37 1 -64 -2
214 A -5 1 23 1 -101 -2
214 A -5 1 78 2 19 0
214 A -5 1 76 2 20 1
214 A -5 1 61 1 95 2
214 A -5 1 51 1 59 1
214 A -5 1 75 2 -40 -1
214 A -5 1 65 1 89 2
214 A 5 1 -23 1 101 -2
214 A 5 1 -78 2 -19 0
214 A 5 1 -61 1 -95 2
214 A 5 1 -51 1 -59 1
214 A 5 1 -64 2 37 -1
214 A 5 1 -89 2 -65 1
214 A 5 1 -20 1 -76 2
214 A 5 1 -40 1 75 -2
214 A -6 1 91 3 -33 -1
214 A -6 1 91 2 -17 0
214 A -6 1 85 2 55 2
214 A -6 1 37 1 81 2
214 A -6 1 23 1 -57 -2
214 A -6 1 101 3 15 1
214 A -6 1 89 2 87 2
214 A -6 1 77 2 -53 -1
214 A -6 1 47 1 27 1
214 A -6 1 41 1 99 3
214 A 6 1 -87 2 -89 2
214 A 6 1 -81 2 -37 1
214 A 6 1 -15 1 -101 3
214 A 6 1 -27 1 -47 1
214 A 6 1 -33 1 91 -3
214 A 6 1 -57 2 23 -1
214 A 6 1 -99 3 -41 1
214 A 6 1 -91 2 17 0
214 A 6 1 -85 2 -55 2
214 A 6 1 -53 1 77 -2
214 A 16 0 7 5 -1 3
214 A 16 0 7 1 -1 7
214 A 16 0 -7 1 1 7
214 A 16 0 -7 5 1 3
214 A 16 0 5 7 5 -7
214 A 16 0 5 3 5 -3
214 A 16 0 3 7 3 -7
214 A 16 0 3 5 3 -5
214 A 16 0 3 3 3 -3
214 A -7 1 79 2 68 2
214 A -7 1 76 3 101 3
214 A -7 1 48 2 102 3
214 A -7 1 34 1 -63 -2
214 A -7 1 59 2 18 0
214 A -7 1 24 1 -17 0
214 A -7 1 18 1 14 1
214 A -7 1 81 3 -42 -1
214 A -7 1 21 1 -40 -1
214 A 7 1 -79 2 -68 2
214 A 7 1 -40 1 21 -1
214 A 7 1 -34 1 63 -2
214 A 7 1 -101 3 -76 3
214 A 7 1 17 0 -24 1
214 A 7 1 18 0 59 -2
214 A 7 1 -18 1 -14 1
214 A 7 1 -81 3 42 -1
214 A 7 1 -102 3 -48 2
214 A -8 1 13 1 -37 -2
214 A -8 1 21 1 91 3
214 A -8 1 93 4 -97 -4
214 A -8 1 97 3 69 2
214 A -8 1 57 2 75 3
214 A -8 1 49 2 -61 -2
214 A -8 1 41 1 17 0
214 A -8 1 25 1 -43 -2
214 A -8 1 63 3 99 4
214 A -8 1 79 3 -19 -1
214 A -8 1 93 3 11 1
214 A -8 1 51 2 -67 -2
214 A 8 1 -11 1 -93 3
214 A 8 1 -19 1 79 -3
214 A 8 1 -43 2 25 -1
214 A 8 1 -51 2 67 -2
214 A 8 1 -75 3 -57 2
214 A 8 1 -91 3 -21 1
214 A 8 1 -99 4 -63 3
214 A 8 1 -13 1 37 -2
214 A 8 1 -61 2 49 -2
214 A 8 1 -69 2 -97 3
214 A 8 1 -93 4 97 -4
214 A 8 1 -41 1 -17 0
214 A 17 0 8 4 3 7
214 A 17 0 -8 4 -3 7
214 A 17 0 7 6 -7 6
214 A 17 0 7 5 1 -8
214 A 17 0 -7 5 -1 -8
214 A 17 0 6 7 6 -7
214 A 17 0 6 5 2 4
214 A 17 0 6 3 4 -2
214 A 17 0 -6 3 -4 -2
214 A 17 0 -6 5 -2 4
214 A 17 0 5 7 -1 -2
214 A 17 0 5 3 -3 -5
214 A 17 0 5 2 -4 5
214 A 17 0 -5 2 4 5
214 A 17 0 -5 3 3 -5
214 A 17 0 -5 7 1 -2
214 A 17 0 4 8 3 -6
214 A 17 0 4 3 -1 5
214 A 17 0 -4 3 1 5
214 A 17 0 -4 8 -3 -6
214 A 17 0 3 8 -1 -3
214 A 17 0 -3 8 1 -3
214 A 17 0 2 8 1 -4
214 A 17 0 2 7 -2 7
214 A 17 0 -2 8 -1 -4
214 A 17 0 0 4 0 3
214 A -9 1 80 4 62 3
214 A -9 1 44 2 -102 -4
214 A -9 1 10 1 22 1
214 A -9 1 19 1 -101 -4
214 A -9 1 55 3 -9 -1
214 A -9 1 60 3 -60 -2
214 A -9 1 51 2 -88 -4
214 A -9 1 39 2 -61 -3
214 A -9 1 85 4 30 1
214 A -9 1 86 4 -97 -4
214 A -9 1 38 2 61 2
214 A -9 1 20 1 43 2
214 A -9 1 82 3 37 1
214 A 9 1 -10 1 -22 1
214 A 9 1 -19 1 101 -4
214 A 9 1 -37 1 -82 3
214 A 9 1 -55 3 9 -1
214 A 9 1 -60 2 60 -3
214 A 9 1 -51 2 88 -4
214 A 9 1 -30 1 -85 4
214 A 9 1 -39 2 61 -3
214 A 9 1 -102 4 44 -2
214 A 9 1 -86 4 97 -4
214 A 9 1 -43 2 -20 1
214 A 9 1 -61 2 -38 2
214 A 9 1 -62 3 -80 4
214 A -10 1 101 4 -29 -2
214 A -10 1 31 1 -13 -1
214 A -10 1 35 2 97 4
214 A -10 1 15 1 73 4
214 A -10 1 63 3 17 1
214 A -10 1 53 3 57 3
214 A -10 1 97 5 -37 -1
214 A 10 1 -17 1 -63 3
214 A 10 1 -37 1 97 -5
214 A 10 1 -57 3 -53 3
214 A 10 1 -97 4 -35 2
214 A 10 1 -13 1 31 -1
214 A 10 1 -73 4 -15 1
214 A 10 1 -101 4 29 -2
214 A -11 1 91 5 28 1
214 A -11 1 79 4 84 4
214 A -11 1 68 3 -92 -4
214 A -11 1 31 2 103 5
214 A -11 1 75 4 54 2
214 A -11 1 18 1 -71 -3
214 A -11 1 23 1 -47 -2
214 A -11 1 12 1 -69 -3
214 A -11 1 66 3 -33 -1
214 A -11 1 11 1 93 4
214 A -11 1 21 1 102 5
214 A 11 1 -47 2 23 -1
214 A 11 1 -69 3 12 -1
214 A 11 1 -91 5 -28 1
214 A 11 1 -102 5 -21 1
214 A 11 1 -79 4 -84 4
214 A 11 1 -68 3 92 -4
214 A 11 1 -31 2 -103 5
214 A 11 1 -75 4 -54 2
214 A 11 1 -71 3 18 -1
214 A 11 1 -93 4 -11 1
214 A 11 1 -66 3 33 -1
214 A -12 1 85 4 -23 -1
214 A -12 1 79 4 19 1
214 A 12 1 -19 1 -79 4
214 A 12 1 -85 4 23 -1
214 A 19 0 9 8 5 4
214 A 19 0 9 7 -3 -4
214 A 19 0 -9 7 3 -4
214 A 19 0 -9 8 -5 4
214 A 19 0 8 5 8 -5
214 A 19 0 8 2 -1 5
214 A 19 0 -8 2 1 5
214 A 19 0 7 3 7 -3
214 A 19 0 7 2 1 -3
214 A 19 0 -7 2 -1 -3
214 A 19 0 4 7 -3 -9
214 A 19 0 4 4 -4 4
214 A 19 0 -4 7 3 -9
214 A 19 0 1 7 1 -7
214 A 19 0 0 5 0 -3
214 A -13 1 81 5 103 6
214 A -13 1 67 4 -64 -3
214 A -13 1 41 2 27 1
214 A -13 1 34 2 -44 -3
214 A -13 1 92 5 96 5
214 A -13 1 52 3 62 3
214 A 13 1 -62 3 -52 3
214 A 13 1 -67 4 64 -3
214 A 13 1 -41 2 -27 1
214 A 13 1 -34 2 44 -3
214 A 13 1 -96 5 -92 5
214 A 13 1 -103 6 -81 5
214 A 20 0 7 6 1 2
214 A 20 0 -7 6 -1 2
214 A -14 1 93 7 -91 -5
214 A 14 1 -91 5 93 -7
214 A -15 1 77 6 47 3
214 A -15 1 32 3 27 2
214 A -15 1 55 4 -27 -1
214 A -15 1 59 5 50 3
214 A -15 1 44 4 -23 -1
214 A 15 1 -47 3 -77 6
214 A 15 1 -50 3 -59 5
214 A 15 1 -27 1 55 -4
214 A 15 1 -27 2 -32 3
214 A 15 1 -23 1 44 -4
214 A 21 0 10 5 1 10
214 A 21 0 -10 5 -1 10
214 A 21 0 9 5 9 2
214 A 21 0 -9 2 -9 5
214 A 21 0 8 2 2 10
214 A 21 0 -8 2 -2 10
214 A 21 0 6 8 3 -4
214 A 21 0 -6 8 -3 -4
214 A 21 0 5 4 -1 5
214 A 21 0 -5 4 1 5
214 A -16 1 79 7 107 7
214 A 16 1 -107 7 -79 7
214 A -17 1 68 5 -104 -8
214 A 17 1 -104 8 68 -5
214 A 23 0 -9 7 -6 3
214 A 23 0 -8 4 -1 11
214 A 23 0 1 11 8 4
214 A 23 0 6 3 9 7
214 A -18 1 19 2 -81 -8
214 A 18 1 -81 8 19 -2
214 A -19 1 21 2 -20 -1
214 A -19 1 60 6 19 3
214 A 19 1 -21 2 20 -1
214 A 19 1 -19 3 -60 6
214 A -21 1 15 3 -21 -1
214 A -21 1 73 6 -16 -3
214 A -21 1 68 6 -104 -10
214 A 21 1 -15 3 21 -1
214 A 21 1 -73 6 16 -3
214 A 21 1 -104 10 68 -6
214 A 27 0 12 2 -12 2
214 A 27 0 5 8 -1 7
214 A 27 0 -5 8 1 7
214 A -23 1 68 9 39 5
214 A -23 1 55 6 -31 -2
214 A 23 1 -31 2 55 -6
214 A 23 1 -39 5 -68 9
214 A -25 1 31 2 45 4
214 A 25 1 -45 4 -31 2
214 A 29 0 8 2 1 7
214 A 29 0 -8 2 -1 7
214 A 0 2 -179 1 -159 1
214 A -2 2 127 1 -41 -1
214 A 2 2 -41 1 127 -1
214 A -8 2 129 2 47 0
214 A -8 2 175 4 -163 -2
214 A 8 2 47 0 129 -2
214 A 8 2 -163 2 175 -4
214 A -27 1 41 3 -70 -8
214 A 27 1 -70 8 41 -3
214 A 31 0 15 8 8 4
214 A 31 0 -15 8 -8 4
214 A 31 0 7 4 -7 4
214 A -12 2 125 4 127 4
214 A 12 2 -125 4 -127 4
214 A -29 1 12 4 -69 -7
214 A -29 1 21 3 -40 -3
214 A 29 1 -12 4 69 -7
214 A 29 1 -40 3 21 -3
214 A 33 0 16 4 1 8
214 A 33 0 -16 4 -1 8
214 A 35 0 17 9 1 -17
214 A 35 0 -17 9 -1 -17
214 A -33 1 105 16 53 8
214 A 33 1 -105 16 -53 8
214 A 37 0 6 3 -6 3
214 A 37 0 1 18 1 -18
214 A 43 0 -14 18 14 18
214 A 53 0 26 22 -26 22
214 A 59 0 -12 6 12 6
214 A 77 0 19 29 -19 29
214 A 83 0 41 31 -41 31
214 A 91 0 30 15 -30 15
214 A 101 0 50 25 -50 25
214 S -2 2 5 0
214 S -1 1 5 0
214 S -4 1 10 0
214 S -2 3 10 0
214 S 4 1 10 0
214 S 2 3 10 0
214 S 2 2 5 0
214 S 1 1 5 0
214 T 2071 142 2094 0 0
214 T 2115 758 2069 0 0
214 T 2092 944 2113 0 0
214 T 758 946 142 0 0
214 T 429 137 1171 0 0
214 T 1169 1708 1442 0 0
214 T 1440 1845 431 0 0
214 T 1845 1710 137 0 0
214 T 191 200 197 0 0
214 T 162 170 180 0 0
214 T 167 155 175 0 0
214 T 171 177 153 0 0
214 T 193 175 187 0 0
214 T 187 182 190 0 0
214 T 196 202 193 0 0
214 T 158 179 159 0 0
214 T 167 45 161 0 0
214 T 199 1395 1307 0 0
214 T 1305 1472 189 0 0
214 T 1472 1393 200 0 0
214 T 1087 1271 1142 0 0
214 T 1140 986 308 0 0
214 T 310 1418 1085 0 0
214 T 1418 984 1271 0 0
214 T 1630 140 1387 0 0
214 T 1385 756 1968 0 0
214 T 1970 946 1628 0 0
214 T 1627 1964 941 0 0
214 T 123 1382 1109 0 0
214 T 1111 1599 101 0 0
214 T 103 128 121 0 0
214 T 118 132 96 0 0
214 T 115 135 129 0 0
214 T 42 103 111 0 0
214 T 114 124 96 0 0
214 T 122 109 118 0 0
214 T 104 124 105 0 0
214 T 128 1597 1382 0 0
214 T 67 2114 2110 0 0
214 T 2108 772 2130 0 0
214 T 2131 681 2114 0 0
214 T 1 774 681 0 0
214 T 424 1171 659 0 0
214 T 393 429 426 0 0
214 T 353 397 477 0 0
214 T 456 387 347 0 0
214 T 383 432 349 0 0
214 T 357 401 356 0 0
214 T 344 388 413 0 0
214 T 460 444 464 0 0
214 T 454 467 428 0 0
214 T 478 499 487 0 0
214 T 371 482 409 0 0
214 T 383 360 417 0 0
214 T 372 351 395 0 0
214 T 451 418 446 0 0
214 T 481 461 491 0 0
214 T 438 451 423 0 0
214 T 487 496 473 0 0
214 T 475 415 379 0 0
214 T 437 405 494 0 0
214 T 363 400 373 0 0
214 T 493 410 442 0 0
214 T 404 364 469 0 0
214 T 426 443 388 0 0
214 T 354 434 376 0 0
214 T 385 421 396 0 0
214 T 488 454 470 0 0
214 T 458 371 367 0 0
214 T 657 139 395 0 0
214 T 1296 80 712 0 0
214 T 714 2094 1977 0 0
214 T 1979 2100 1298 0 0
214 T 2100 2092 80 0 0
214 T 100 1356 1463 0 0
214 T 1461 1319 129 0 0
214 T 122 1317 1356 0 0
214 T 1618 4 1693 0 0
214 T 340 398 1616 0 0
214 T 1695 708 342 0 0
214 T 398 710 4 0 0
214 T 318 307 308 0 0
214 T 218 267 247 0 0
214 T 259 232 281 0 0
214 T 288 239 263 0 0
214 T 223 224 237 0 0
214 T 283 315 297 0 0
214 T 302 312 284 0 0
214 T 242 251 215 0 0
214 T 249 262 273 0 0
214 T 235 270 229 0 0
214 T 286 231 259 0 0
214 T 275 266 253 0 0
214 T 252 220 279 0 0
214 T 303 279 295 0 0
214 T 299 291 307 0 0
214 T 294 319 308 0 0
214 T 226 224 226 -1 0
214 T 218 49 240 0 0
214 T 269 246 214 0 0
214 T 1413 1638 316 0 0
214 T 310 1115 1415 0 0
214 T 1638 1113 307 0 0
214 T 825 1339 1127 0 0
214 T 1125 736 515 0 0
214 T 513 89 827 0 0
214 T 89 738 1339 0 0
214 T 895 807 1018 0 0
214 T 1016 140 887 0 0
214 T 885 869 893 0 0
214 T 859 55 853 0 0
214 T 872 888 864 0 0
214 T 862 53 848 0 0
214 T 869 142 807 0 0
214 T 245 421 1588 0 0
214 T 1590 802 216 0 0
214 T 267 800 421 0 0
214 T 437 333 1460 0 0
214 T 1428 930 439 0 0
214 T 1462 691 1430 0 0
214 T 930 689 333 0 0
214 T 1866 60 1868 0 0
214 T 1865 1873 1883 0 0
214 T 1871 1887 1879 0 0
214 T 1870 1926 733 0 0
214 T 719 1930 1864 0 0
214 T 40 719 735 0 0
214 T 2139 2137 2139 1 0
214 T 2149 2151 2149 -1 0
214 T 1732 180 1051 0 0
214 T 1799 162 1734 0 0
214 T 1049 168 1797 0 0
214 T 189 1219 1138 0 0
214 T 1136 1330 747 0 0
214 T 745 1364 191 0 0
214 T 1364 1328 1219 0 0
214 T 1310 352 1611 0 0
214 T 1609 95 1412 0 0
214 T 1414 1034 1308 0 0
214 T 1034 93 352 0 0
214 T 479 586 99 0 0
214 T 97 1248 355 0 0
214 T 1248 584 397 0 0
214 T 87 1229 1149 0 0
214 T 1151 239 1535 0 0
214 T 1533 1058 85 0 0
214 T 1086 1521 9 0 0
214 T 1513 1082 87 0 0
214 T 1058 237 1229 0 0
214 T 4 2 5 0 0
214 T 7 1399 1311 0 0
214 T 1270 1409 6 0 0
214 T 1308 1 1269 0 0
214 T 1843 281 1124 0 0
214 T 1126 234 1878 0 0
214 T 1876 259 1841 0 0
214 T 1262 1133 698 0 0
214 T 696 194 1361 0 0
214 T 1363 1185 1260 0 0
214 T 1185 192 1133 0 0
214 T 1646 1679 1660 0 0
214 T 1814 1945 1644 0 0
214 T 1950 1682 25 0 0
214 T 1662 640 1812 0 0
214 T 1945 642 1679 0 0
214 T 1241 1937 320 0 0
214 T 2053 1697 1243 0 0
214 T 2055 320 2031 0 0
214 T 1937 1699 2029 0 0
214 T 342 1558 566 0 0
214 T 1569 341 564 0 0
214 T 988 175 1327 0 0
214 T 426 167 990 0 0
214 T 1325 153 424 0 0
214 T 1805 1750 145 0 0
214 T 147 1092 552 0 0
214 T 554 1419 1807 0 0
214 T 1419 1094 1750 0 0
214 T 1074 600 1607 0 0
214 T 1605 1536 11 0 0
214 T 1536 602 20 0 0
214 T 1529 966 595 0 0
214 T 1277 96 856 0 0
214 T 1223 118 1279 0 0
214 T 858 134 1221 0 0
214 T 345 1822 1439 0 0
214 T 1818 56 1822 0 0
214 T 387 1536 1816 0 0
214 T 1881 2012 1929 0 0
214 T 1873 716 2012 0 0
214 T 261 1025 184 0 0
214 T 186 935 290 0 0
214 T 239 933 1025 0 0
214 T 1119 856 636 0 0
214 T 654 879 1121 0 0
214 T 320 1277 1117 0 0
214 T 638 98 322 0 0
214 T 367 207 1227 0 0
214 T 992 837 365 0 0
214 T 1225 281 994 0 0
214 T 837 283 207 0 0
214 T 1476 904 849 0 0
214 T 937 1441 891 0 0
214 T 851 693 221 0 0
214 T 223 1148 1478 0 0
214 T 1148 695 904 0 0
214 T 1384 829 617 0 0
214 T 619 272 120 0 0
214 T 122 1067 1386 0 0
214 T 1067 274 829 0 0
214 T 1321 1836 169 0 0
214 T 155 1849 1248 0 0
214 T 1250 47 1323 0 0
214 T 1571 1407 307 0 0
214 T 305 1205 731 0 0
214 T 729 204 1569 0 0
214 T 204 1207 1407 0 0
214 T 356 1615 1125 0 0
214 T 738 158 358 0 0
214 T 158 513 1615 0 0
214 T 1295 563 505 0 0
214 T 507 794 85 0 0
214 T 87 1373 1293 0 0
214 T 1373 792 563 0 0
214 T 2077 1680 2060 0 0
214 T 2062 1950 36 0 0
214 T 1740 750 1610 0 0
214 T 1415 1061 1742 0 0
214 T 750 1063 94 0 0
214 T 1180 49 1220 0 0
214 T 855 135 1182 0 0
214 T 1198 952 175 0 0
214 T 173 788 209 0 0
214 T 211 1402 1196 0 0
214 T 1402 790 952 0 0
214 T 866 830 140 0 0
214 T 142 988 874 0 0
214 T 988 828 888 0 0
214 T 1572 372 1174 0 0
214 T 875 105 1574 0 0
214 T 1172 808 873 0 0
214 T 105 810 372 0 0
214 T 174 1794 1551 0 0
214 T 1549 1388 789 0 0
214 T 210 1390 1794 0 0
214 T 650 665 652 0 0
214 T 676 639 643 0 0
214 T 670 642 646 0 0
214 T 1123 1459 648 0 0
214 T 641 1116 1446 0 0
214 T 1115 668 1451 0 0
214 T 1459 877 665 0 0
214 T 859 676 1444 0 0
214 T 1828 1329 859 0 0
214 T 853 1262 1857 0 0
214 T 41 1260 1329 0 0
214 T 1988 2041 1722 0 0
214 T 1835 2037 1990 0 0
214 T 1720 12 1833 0 0
214 T 2 1668 1613 0 0
214 T 359 1670 1079 0 0
214 T 1865 1862 973 0 0
214 T 975 259 1883 0 0
214 T 1875 257 1862 0 0
214 T 318 1690 1044 0 0
214 T 1140 1672 316 0 0
214 T 1046 5 1142 0 0
214 T 1672 7 1690 0 0
214 T 868 897 655 0 0
214 T 80 832 870 0 0
214 T 653 416 82 0 0
214 T 832 418 897 0 0
214 T 1430 494 1804 0 0
214 T 1418 1435 1428 0 0
214 T 1367 1380 1389 0 0
214 T 1422 1371 1351 0 0
214 T 1435 1414 1422 0 0
214 T 1429 1346 1358 0 0
214 T 1339 1427 1333 0 0
214 T 1378 1387 1360 0 0
214 T 1435 555 494 0 0
214 T 660 214 346 0 0
214 T 415 1552 662 0 0
214 T 214 1554 388 0 0
214 T 1739 1759 1725 0 0
214 T 1746 1711 1707 0 0
214 T 1735 1759 1721 0 0
214 T 1747 1715 1703 0 0
214 T 2007 573 1737 0 0
214 T 1727 27 2005 0 0
214 T 573 26 1759 0 0
214 T 466 1494 298 0 0
214 T 296 703 462 0 0
214 T 444 701 1494 0 0
214 T 1048 129 1208 0 0
214 T 1210 133 487 0 0
214 T 485 115 1050 0 0
214 T 1419 316 1653 0 0
214 T 1655 579 1429 0 0
214 T 1432 577 316 0 0
214 T 635 522 168 0 0
214 T 1051 497 633 0 0
214 T 497 1797 522 0 0
214 T 239 815 1790 0 0
214 T 1765 846 221 0 0
214 T 1788 2 1767 0 0
214 T 175 828 249 0 0
214 T 251 890 1325 0 0
214 T 1232 1408 1078 0 0
214 T 1173 1124 1396 0 0
214 T 1756 939 1772 0 0
214 T 1774 166 1738 0 0
214 T 1724 164 939 0 0
214 T 2156 2158 2156 1 0
214 T 1281 83 779 0 0
214 T 777 1717 1506 0 0
214 T 1504 1784 1283 0 0
214 T 1784 1719 83 0 0
214 T 149 1219 858 0 0
214 T 1829 1364 151 0 0
214 T 278 187 952 0 0
214 T 1196 193 276 0 0
214 T 291 190 1205 0 0
214 T 1207 180 932 0 0
214 T 299 1475 333 0 0
214 T 335 824 281 0 0
214 T 315 826 1475 0 0
214 T 370 812 1237 0 0
214 T 1314 845 364 0 0
214 T 1517 1897 1282 0 0
214 T 1810 622 1519 0 0
214 T 603 23 1538 0 0
214 T 1280 576 1808 0 0
214 T 622 578 1897 0 0
214 T 1528 1707 1686 0 0
214 T 1623 14 1530 0 0
214 T 1517 598 1605 0 0
214 T 1684 2011 1621 0 0
214 T 14 2009 1707 0 0
214 T 1228 428 289 0 0
214 T 291 465 904 0 0
214 T 906 454 1230 0 0
214 T 1114 1891 431 0 0
214 T 1440 9 1112 0 0
214 T 1120 90 1479 0 0
214 T 1471 1100 90 0 0
214 T 1891 8 1847 0 0
214 T 16 1998 1711 0 0
214 T 1998 1747 2011 0 0
214 T 1160 1085 904 0 0
214 T 307 623 1162 0 0
214 T 906 1495 305 0 0
214 T 623 1493 1085 0 0
214 T 603 1506 1057 0 0
214 T 1052 592 1488 0 0
214 T 331 284 792 0 0
214 T 794 314 1525 0 0
214 T 1527 302 329 0 0
214 T 334 1305 730 0 0
214 T 1242 329 760 0 0
214 T 330 1861 1334 0 0
214 T 782 972 328 0 0
214 T 1332 1864 780 0 0
214 T 1082 752 521 0 0
214 T 1103 529 724 0 0
214 T 181 1770 1581 0 0
214 T 823 207 183 0 0
214 T 1583 1377 821 0 0
214 T 207 1379 1770 0 0
214 T 593 597 623 0 0
214 T 607 618 601 0 0
214 T 628 591 595 0 0
214 T 621 8 1531 0 0
214 T 85 1517 600 0 0
214 T 1050 95 1581 0 0
214 T 1583 1401 129 0 0
214 T 1401 93 1210 0 0
214 T 785 388 524 0 0
214 T 526 415 1647 0 0
214 T 1645 346 787 0 0
214 T 852 1054 590 0 0
214 T 1059 879 605 0 0
214 T 588 321 114 0 0
214 T 112 1286 854 0 0
214 T 1286 323 1054 0 0
214 T 1138 111 1454 0 0
214 T 1503 0 1452 0 0
214 T 1132 1503 103 0 0
214 T 701 1658 280 0 0
214 T 462 312 1658 0 0
214 T 730 296 189 0 0
214 T 1922 2070 713 0 0
214 T 778 46 715 0 0
214 T 1934 778 2066 0 0
214 T 2070 2074 2064 0 0
214 T 1057 428 260 0 0
214 T 1028 394 1059 0 0
214 T 262 425 1030 0 0
214 T 1877 2019 732 0 0
214 T 1887 1927 2019 0 0
214 T 111 1648 1067 0 0
214 T 1027 1154 109 0 0
214 T 1065 192 1025 0 0
214 T 1154 194 1648 0 0
214 T 704 1749 1664 0 0
214 T 934 1597 1365 0 0
214 T 746 1153 932 0 0
214 T 1153 190 1597 0 0
214 T 930 1886 257 0 0
214 T 1841 1868 928 0 0
214 T 1591 711 501 0 0
214 T 614 397 1589 0 0
214 T 503 7 612 0 0
214 T 221 1000 952 0 0
214 T 697 103 223 0 0
214 T 954 1153 699 0 0
214 T 103 1155 1000 0 0
214 T 203 562 313 0 0
214 T 1524 1372 201 0 0
214 T 606 867 961 0 0
214 T 963 810 393 0 0
214 T 395 82 604 0 0
214 T 82 808 867 0 0
214 T 146 1272 767 0 0
214 T 1601 1752 144 0 0
214 T 765 284 1603 0 0
214 T 1752 286 1272 0 0
214 T 141 2067 2085 0 0
214 T 2087 777 1966 0 0
214 T 1964 1935 143 0 0
214 T 1291 144 702 0 0
214 T 574 1734 2000 0 0
214 T 976 92 572 0 0
214 T 2002 1771 978 0 0
214 T 92 1769 1734 0 0
214 T 2026 1281 1625 0 0
214 T 943 2104 2024 0 0
214 T 1281 2106 1964 0 0
214 T 932 1389 128 0 0
214 T 1883 1915 205 0 0
214 T 1227 1097 1881 0 0
214 T 1097 365 1915 0 0
214 T 378 114 1320 0 0
214 T 275 1030 1259 0 0
214 T 1257 83 1577 0 0
214 T 1579 877 273 0 0
214 T 877 81 1030 0 0
214 T 1398 1008 1112 0 0
214 T 1440 535 1396 0 0
214 T 535 9 1008 0 0
214 T 1032 396 624 0 0
214 T 626 478 93 0 0
214 T 135 497 564 0 0
214 T 566 478 1210 0 0
214 T 1793 94 1737 0 0
214 T 1739 1104 175 0 0
214 T 1550 1106 94 0 0
214 T 1444 882 1944 0 0
214 T 1116 1676 882 0 0
214 T 1694 1009 319 0 0
214 T 317 1131 1617 0 0
214 T 1131 1011 5 0 0
214 T 863 1351 714 0 0
214 T 712 1369 1785 0 0
214 T 1787 1422 861 0 0
214 T 80 1781 1718 0 0
214 T 1507 1356 82 0 0
214 T 1356 778 1781 0 0
214 T 1151 741 981 0 0
214 T 983 863 1535 0 0
214 T 959 894 1522 0 0
214 T 863 743 237 0 0
214 T 245 1244 1214 0 0
214 T 611 171 247 0 0
214 T 1212 448 609 0 0
214 T 171 450 1244 0 0
214 T 775 540 81 0 0
214 T 540 680 80 0 0
214 T 576 1422 1637 0 0
214 T 2021 1646 1297 0 0
214 T 1299 1812 576 0 0
214 T 578 1945 2023 0 0
214 T 1 1823 1817 0 0
214 T 348 950 1730 0 0
214 T 1731 915 382 0 0
214 T 40 948 915 0 0
214 T 205 1289 559 0 0
214 T 557 1752 839 0 0
214 T 283 1754 1289 0 0
214 T 1673 413 340 0 0
214 T 304 985 1675 0 0
214 T 342 675 306 0 0
214 T 985 673 413 0 0
214 T 213 1325 1169 0 0
214 T 1171 888 240 0 0
214 T 8 518 1045 0 0
214 T 1047 1411 1084 0 0
214 T 1521 1409 518 0 0
214 T 1350 783 108 0 0
214 T 110 1510 1368 0 0
214 T 1510 781 1423 0 0
214 T 983 464 277 0 0
214 T 279 446 1195 0 0
214 T 1193 460 981 0 0
214 T 1257 427 251 0 0
214 T 943 143 1546 0 0
214 T 1544 1933 1625 0 0
214 T 149 687 547 0 0
214 T 545 1926 1831 0 0
214 T 1926 685 1364 0 0
214 T 1071 1191 1886 0 0
214 T 928 325 1069 0 0
214 T 1191 327 259 0 0
214 T 231 1740 1097 0 0
214 T 1098 1 1071 0 0
214 T 1068 1750 233 0 0
214 T 1930 1858 545 0 0
214 T 756 1362 1928 0 0
214 T 547 148 758 0 0
214 T 1362 150 1858 0 0
214 T 230 1043 12 0 0
214 T 996 234 13 0 0
214 T 1043 269 998 0 0
214 T 1464 1901 1299 0 0
214 T 1814 670 1466 0 0
214 T 650 24 1436 0 0
214 T 670 578 1901 0 0
214 T 1167 367 536 0 0
214 T 371 1202 538 0 0
214 T 145 1062 553 0 0
214 T 657 215 155 0 0
214 T 332 1842 1339 0 0
214 T 674 566 1405 0 0
214 T 618 877 1506 0 0
214 T 628 855 1491 0 0
214 T 411 90 1236 0 0
214 T 815 88 482 0 0
214 T 593 1352 1307 0 0
214 T 1305 1468 630 0 0
214 T 1468 1354 591 0 0
214 T 766 453 301 0 0
214 T 313 455 1600 0 0
214 T 161 1721 957 0 0
214 T 959 1757 1798 0 0
214 T 1242 1373 198 0 0
214 T 195 1527 1240 0 0
214 T 1232 1565 363 0 0
214 T 834 884 1234 0 0
214 T 361 105 832 0 0
214 T 884 107 1565 0 0
214 T 745 239 111 0 0
214 T 239 1328 1452 0 0
214 T 791 131 1144 0 0
214 T 1146 935 1551 0 0
214 T 136 1485 381 0 0
214 T 419 611 138 0 0
214 T 1485 609 360 0 0
214 T 1203 459 1164 0 0
214 T 1159 7 1166 0 0
214 T 1201 6 1158 0 0
214 T 1875 229 1079 0 0
214 T 1077 286 1862 0 0
214 T 197 1491 1185 0 0
214 T 149 628 199 0 0
214 T 1187 853 151 0 0
214 T 2031 2047 321 0 0
214 T 323 1304 1941 0 0
214 T 1943 1686 2029 0 0
214 T 1686 1306 2047 0 0
214 T 1702 1622 1940 0 0
214 T 2030 2010 1700 0 0
214 T 1109 253 180 0 0
214 T 807 275 1111 0 0
214 T 182 264 805 0 0
214 T 351 107 961 0 0
214 T 1002 190 1109 0 0
214 T 507 1077 722 0 0
214 T 720 357 157 0 0
214 T 159 1670 505 0 0
214 T 97 1778 1513 0 0
214 T 1515 1353 639 0 0
214 T 323 1355 1778 0 0
214 T 444 1120 254 0 0
214 T 252 1007 449 0 0
214 T 418 1005 1120 0 0
214 T 882 1632 1054 0 0
214 T 1490 1952 880 0 0
214 T 1952 594 1632 0 0
214 T 1648 955 1363 0 0
214 T 558 491 315 0 0
214 T 1659 481 556 0 0
214 T 1912 2083 1970 0 0
214 T 1968 2038 1882 0 0
214 T 1023 326 230 0 0
214 T 285 1188 1021 0 0
214 T 1212 447 136 0 0
214 T 1706 1522 1214 0 0
214 T 138 1824 1704 0 0
214 T 1522 1826 447 0 0
214 T 242 843 1555 0 0
214 T 391 841 249 0 0
214 T 184 1003 254 0 0
214 T 927 423 1016 0 0
214 T 1018 449 160 0 0
214 T 162 438 925 0 0
214 T 1446 198 1216 0 0
214 T 198 678 148 0 0
214 T 850 1346 776 0 0
214 T 475 634 115 0 0
214 T 763 295 1197 0 0
214 T 194 303 761 0 0
214 T 334 923 1590 0 0
214 T 1555 971 331 0 0
214 T 211 1992 2005 0 0
214 T 2007 902 1795 0 0
214 T 1389 900 1992 0 0
214 T 1458 1783 1298 0 0
214 T 1465 1477 1456 0 0
214 T 1477 1900 1783 0 0
214 T 508 1312 1237 0 0
214 T 87 39 89 0 0
214 T 85 1314 406 0 0
214 T 1904 1677 784 0 0
214 T 347 1660 1906 0 0
214 T 430 1451 767 0 0
214 T 765 670 1888 0 0
214 T 1726 1253 999 0 0
214 T 997 532 164 0 0
214 T 937 534 1253 0 0
214 T 116 1648 1386 0 0
214 T 415 634 1321 0 0
214 T 223 1261 1501 0 0
214 T 2100 925 2022 0 0
214 T 925 1979 1647 0 0
214 T 1980 917 1681 0 0
214 T 339 691 551 0 0
214 T 780 336 549 0 0
214 T 1926 1980 1388 0 0
214 T 1383 1982 687 0 0
214 T 154 1774 1107 0 0
214 T 1105 497 585 0 0
214 T 587 530 152 0 0
214 T 530 499 1774 0 0
214 T 118 842 328 0 0
214 T 330 441 1511 0 0
214 T 1509 1256 116 0 0
214 T 1256 443 842 0 0
214 T 1806 407 930 0 0
214 T 223 1194 1123 0 0
214 T 1119 510 1052 0 0
214 T 1504 1532 1518 0 0
214 T 1532 1784 1896 0 0
214 T 173 262 1064 0 0
214 T 980 292 1451 0 0
214 T 1449 300 465 0 0
214 T 951 137 707 0 0
214 T 138 912 750 0 0
214 T 530 398 1848 0 0
214 T 163 519 1041 0 0
214 T 907 1429 1900 0 0
214 T 1429 850 1781 0 0
214 T 229 1835 1300 0 0
214 T 1302 83 1077 0 0
214 T 1873 81 1835 0 0
214 T 2112 83 2116 0 0
214 T 2118 543 2129 0 0
214 T 219 130 920 0 0
214 T 803 333 130 0 0
214 T 881 926 1975 0 0
214 T 1962 0 1973 0 0
214 T 1960 942 880 0 0
214 T 511 940 926 0 0
214 T 10 1910 1819 0 0
214 T 1823 1907 11 0 0
214 T 1907 1 1910 0 0
214 T 200 1138 1447 0 0
214 T 1943 594 1778 0 0
214 T 900 94 573 0 0
214 T 475 567 1176 0 0
214 T 1178 132 485 0 0
214 T 1482 908 643 0 0
214 T 651 1438 19 0 0
214 T 1640 17 1480 0 0
214 T 644 1662 1464 0 0
214 T 641 90 1642 0 0
214 T 1035 308 1129 0 0
214 T 1617 294 1033 0 0
214 T 84 695 452 0 0
214 T 80 1005 878 0 0
214 T 1420 983 1899 0 0
214 T 1561 879 275 0 0
214 T 1318 81 1563 0 0
214 T 273 1006 1316 0 0
214 T 1710 1482 1696 0 0
214 T 1698 764 139 0 0
214 T 1847 766 1482 0 0
214 T 1419 95 1667 0 0
214 T 1665 379 1270 0 0
214 T 379 93 987 0 0
214 T 717 80 976 0 0
214 T 735 901 83 0 0
214 T 1556 210 763 0 0
214 T 293 1401 1558 0 0
214 T 1723 2000 33 0 0
214 T 2000 1991 204 0 0
214 T 1621 594 85 0 0
214 T 87 1776 1703 0 0
214 T 1802 1469 112 0 0
214 T 321 1353 1800 0 0
214 T 471 847 87 0 0
214 T 241 970 118 0 0
214 T 243 1223 537 0 0
214 T 1277 968 539 0 0
214 T 324 1096 974 0 0
214 T 972 1743 1023 0 0
214 T 295 342 624 0 0
214 T 873 389 1544 0 0
214 T 726 786 875 0 0
214 T 1546 527 724 0 0
214 T 662 6 502 0 0
214 T 2098 1953 943 0 0
214 T 1963 1489 2096 0 0
214 T 1678 0 1635 0 0
214 T 1633 818 1910 0 0
214 T 1151 88 1195 0 0
214 T 1871 688 1337 0 0
214 T 475 675 93 0 0
214 T 1992 2051 1726 0 0
214 T 1724 31 2007 0 0
214 T 845 694 491 0 0
214 T 489 850 1764 0 0
214 T 170 363 1592 0 0
214 T 1543 373 152 0 0
214 T 1594 41 1541 0 0
214 T 2057 944 1912 0 0
214 T 459 2061 2059 0 0
214 T 2061 1918 919 0 0
214 T 1 946 917 0 0
214 T 141 1381 1683 0 0
214 T 1681 664 868 0 0
214 T 806 666 1381 0 0
214 T 390 940 990 0 0
214 T 165 942 443 0 0
214 T 1232 892 80 0 0
214 T 892 1408 1303 0 0
214 T 121 1577 1457 0 0
214 T 667 275 123 0 0
214 T 742 489 814 0 0
214 T 91 461 740 0 0
214 T 919 2104 2120 0 0
214 T 64 2106 2102 0 0
214 T 2100 944 2119 0 0
214 T 2001 26 1721 0 0
214 T 1802 90 1712 0 0
214 T 1714 1102 112 0 0
214 T 687 141 917 0 0
214 T 825 1393 561 0 0
214 T 890 81 1175 0 0
214 T 1606 593 1809 0 0
214 T 1090 1663 649 0 0
214 T 1438 1661 11 0 0
214 T 558 210 1272 0 0
214 T 1752 798 556 0 0
214 T 798 286 210 0 0
214 T 703 1686 139 0 0
214 T 1827 1528 701 0 0
214 T 138 1499 348 0 0
214 T 1499 656 373 0 0
214 T 264 448 1316 0 0
214 T 750 1485 1730 0 0
214 T 1731 1496 707 0 0
214 T 543 2123 2128 0 0
214 T 146 992 407 0 0
214 T 470 839 144 0 0
214 T 1802 641 1938 0 0
214 T 1936 1642 1712 0 0
214 T 864 1630 618 0 0
214 T 1630 962 603 0 0
214 T 1639 983 622 0 0
214 T 443 1422 974 0 0
214 T 1703 1080 97 0 0
214 T 80 1253 1125 0 0
214 T 889 1397 1253 0 0
214 T 1892 701 620 0 0
214 T 8 1827 1894 0 0
214 T 651 1681 899 0 0
214 T 906 1652 668 0 0
214 T 218 894 1214 0 0
214 T 1246 892 265 0 0
214 T 1265 563 513 0 0
214 T 755 818 884 0 0
214 T 1763 972 411 0 0
214 T 145 1741 1761 0 0
214 T 409 1023 147 0 0
214 T 1553 769 503 0 0
214 T 412 7 769 0 0
214 T 670 294 1162 0 0
214 T 294 1654 1085 0 0
214 T 2067 687 2109 0 0
214 T 2111 917 2087 0 0
214 T 1021 799 369 0 0
214 T 482 797 147 0 0
214 T 1540 213 1496 0 0
214 T 1624 819 387 0 0
214 T 398 524 1626 0 0
214 T 819 526 421 0 0
214 T 96 1107 487 0 0
214 T 118 1178 1107 0 0
214 T 2024 1955 577 0 0
214 T 1811 1953 1627 0 0
214 T 22 1629 1959 0 0
214 T 939 569 528 0 0
214 T 569 1756 499 0 0
214 T 456 1958 1949 0 0
214 T 34 2059 1958 0 0
214 T 580 535 1693 0 0
214 T 316 8 582 0 0
214 T 1180 218 538 0 0
214 T 1466 650 89 0 0
214 T 1480 671 9 0 0
214 T 1 1575 1565 0 0
214 T 468 1603 559 0 0
214 T 202 1490 1134 0 0
214 T 954 117 1376 0 0
214 T 517 1301 957 0 0
214 T 640 1354 1241 0 0
214 T 1470 149 1393 0 0
214 T 383 104 898 0 0
214 T 338 1037 111 0 0
214 T 1349 1039 549 0 0
214 T 1346 688 100 0 0
214 T 1317 800 438 0 0
214 T 146 1659 1752 0 0
214 T 1632 1624 1607 0 0
214 T 1103 1849 1933 0 0
214 T 1935 397 724 0 0
214 T 1191 368 208 0 0
214 T 94 1405 1177 0 0
214 T 1371 1256 122 0 0
214 T 1392 90 1264 0 0
214 T 1266 1102 150 0 0
214 T 2082 2058 1629 0 0
214 T 1459 81 1368 0 0
214 T 1014 1425 1039 0 0
214 T 1690 582 517 0 0
214 T 122 1562 1507 0 0
214 T 960 56 897 0 0
214 T 444 1892 1086 0 0
214 T 1720 1040 1302 0 0
214 T 1128 1310 1114 0 0
214 T 51 722 738 0 0
214 T 722 85 1333 0 0
214 T 143 1587 924 0 0
214 T 1587 884 422 0 0
214 T 1407 119 1548 0 0
214 T 495 1423 1760 0 0
214 T 554 1415 1760 0 0
214 T 488 863 1788 0 0
214 T 2034 1884 1982 0 0
214 T 1980 1916 2076 0 0
214 T 210 1918 1884 0 0
214 T 1973 2091 1445 0 0
214 T 58 2089 2099 0 0
214 T 1957 963 1537 0 0
214 T 1436 898 1948 0 0
214 T 1583 953 1146 0 0
214 T 217 1705 958 0 0
214 T 259 327 1225 0 0
214 T 1922 143 1976 0 0
214 T 539 1284 920 0 0
214 T 615 387 247 0 0
214 T 995 324 235 0 0
214 T 183 1244 1017 0 0
214 T 526 754 1584 0 0
214 T 1586 1923 1647 0 0
214 T 413 1921 754 0 0
214 T 1389 2017 2033 0 0
214 T 1854 81 1876 0 0
214 T 234 1254 1852 0 0
214 T 2088 1944 925 0 0
214 T 1605 387 1911 0 0
214 T 1486 1594 246 0 0
214 T 1333 1079 792 0 0
214 T 128 1286 1181 0 0
214 T 705 1092 93 0 0
214 T 151 1083 1294 0 0
214 T 627 567 1400 0 0
214 T 520 1839 414 0 0
214 T 1083 1922 1839 0 0
214 T 959 568 521 0 0
214 T 823 118 1146 0 0
214 T 2109 81 2120 0 0
214 T 1710 936 240 0 0
214 T 1751 930 992 0 0
214 T 1407 822 932 0 0
214 T 1241 679 1514 0 0
214 T 1998 1715 2031 0 0
214 T 1917 1068 371 0 0
214 T 1514 1372 151 0 0
214 T 1378 1968 1930 0 0
214 T 1996 1697 1641 0 0
214 T 1854 1727 12 0 0
214 T 1718 714 1458 0 0
214 T 1690 341 771 0 0
214 T 1014 551 1345 0 0
214 T 977 1377 1990 0 0
214 T 2015 976 1834 0 0
214 T 2102 577 2090 0 0
214 T 1376 2015 2038 0 0
214 T 1014 337 101 0 0
214 T 81 2087 2106 0 0
214 T 1994 1855 2033 0 0
214 T 1855 902 2019 0 0
214 T 1162 1115 980 0 0
214 T 2096 2104 579 0 0
214 U 90 2 4 0 0
214 U 17 4 5 0 0
214 U 908 5 2 0 0
214 U 644 3 5 0 0
214 U 1089 3 3 0 0
214 U 8 4 5 0 0
214 U 19 2 3 0 0
214 U 11 3 2 -1 0
214 U 2049 6 8 0 0
214 U 2033 8 7 0 0
214 U 13 7 6 -1 0
214 U 209 7 8 0 0
214 U 2079 8 8 0 0
214 U 31 6 7 0 0
214 U 24 8 9 0 0
214 U 37 9 8 0 0
214 U 1 1 1 0 0
214 U 28 1 1 0 -1
214 U 2038 13 10 0 0
214 U 204 10 13 0 0
214 U 2083 13 13 0 0
214 U 33 11 10 0 0
214 U 2040 13 11 0 0
214 U 35 12 13 0 0
214 U 23 13 12 0 0
214 U 12 10 11 0 0
214 U 87 15 17 0 0
214 U 14 17 16 0 0
214 U 967 16 15 0 0
214 U 21 15 14 0 0
214 U 1075 14 14 0 0
214 U 10 14 15 0 0
214 U 597 14 16 0 0
214 U 8 16 17 0 0
214 Q 2030 2150 2028 2136 -1 0 0 0 0 0
214 Q 564 71 566 68 0 0 0 0 0 0
214 Q 68 341 2127 340 0 0 0 0 0 0
214 Q 2125 1571 71 1558 0 0 0 0 0 0
214 Q 432 126 432 126 0 0 0 0 0 0
214 Q 79 773 2159 680 0 0 0 0 0 0
214 Q 1984 366 3 368 0 0 0 0 0 0
214 Q 1239 225 1312 1986 0 0 0 0 0 0
214 Q 728 2141 762 2124 0 0 0 0 0 0
214 Q 2126 329 2133 332 0 0 0 0 0 0
214 Q 2135 1240 2143 1305 0 0 0 0 0 0
214 Q 523 0 529 1745 0 0 0 0 0 0
214 Q 726 0 752 125 0 0 0 0 0 0
214 Q 434 751 271 706 0 0 0 0 0 0
214 Q 700 2145 764 2143 0 0 0 0 0 0
214 Q 2141 1273 72 1289 0 0 0 0 0 0
214 Q 144 72 145 2147 0 0 0 0 0 0
214 Q 1286 2134 1279 1984 0 0 0 0 0 0
214 Q 1986 1117 2137 1054 0 0 0 0 0 0
214 Q 321 2139 320 2132 0 0 0 0 0 0
214 Q 83 76 82 2157 0 0 0 0 0 0
214 Q 540 79 542 76 0 0 0 0 0 0
214 Q 1342 1202 2 1165 0 0 0 0 0 0
214 Q 538 1987 536 1340 1 0 0 0 0 0
214 Q 553 72 555 75 0 0 0 0 0 0
214 Q 75 1062 2147 1095 0 0 0 0 0 0
214 Q 401 179 401 179 0 0 0 0 0 0
214 Q 5 459 4 1342 0 0 0 0 0 0
214 Q 914 2153 951 2151 0 0 0 0 0 0
214 Q 547 54 545 60 0 0 0 0 0 0
214 Q 1588 1342 1553 2124 0 0 0 0 0 0
214 Q 2135 971 1340 923 0 0 0 0 0 0
214 Q 549 60 551 43 0 0 0 0 0 0
214 Q 705 2144 748 2153 0 0 0 0 0 0
214 Q 137 2151 136 2146 0 0 0 0 0 0
214 Q 39 495 44 493 0 0 0 0 0 0
214 Q 2135 2052 2148 2044 0 0 0 0 0 0
214 Q 1685 2150 1698 2143 0 0 0 0 0 0
214 Q 978 77 901 2152 0 0 0 0 0 0
214 Q 2154 733 2156 719 0 0 0 0 0 0
214 Q 500 1342 501 271 0 0 0 0 0 0
214 Q 70 205 2141 211 0 0 0 0 0 0
214 Q 573 76 575 74 0 0 0 0 0 0
214 Q 74 93 2155 92 0 0 0 0 0 0
214 Q 65 541 66 543 0 0 0 0 0 0
214 Q 79 29 78 28 0 0 0 0 0 0
214 Q 561 2 563 62 0 0 0 0 0 0
214 Q 62 1267 177 1295 0 0 0 0 0 0
214 Q 71 556 73 558 0 0 0 0 0 0
214 Q 202 58 200 42 0 0 0 0 0 0
214 Q 269 769 2124 708 0 0 0 0 0 0
214 Q 47 1037 39 1012 0 0 0 0 -1 0
214 Q 1425 39 1425 39 0 0 0 0 0 0
214 Q 1693 69 1688 271 0 0 0 0 0 0
214 Q 45 582 69 580 0 0 0 0 0 0
214 Q 63 148 2074 149 0 0 0 0 0 0
214 Q 1083 2072 1102 176 0 0 0 0 0 0
214 Q 570 0 568 49 0 0 0 0 0 0
214 Q 546 63 544 67 0 0 0 0 0 0
214 Q 549 52 551 39 0 0 0 0 0 0
