0
0 d=158
0
158 A 6 0 3 2 -3 -2
158 A 6 0 3 1 -3 -1
158 A 9 0 0 4 0 -4
158 A 12 0 3 2 -3 -2
158 A 12 0 -3 2 3 -2
158 A -1 1 52 0 -52 0
158 A 1 1 52 0 -52 0
158 A -4 1 55 1 -55 -1
158 A 4 1 -55 1 55 -1
158 A -7 1 70 3 -70 -3
158 A 7 1 -70 3 70 -3
158 A 18 0 9 4 -9 -4
158 A -16 1 27 4 -27 -4
158 A 16 1 -27 4 27 -4
158 A 0 2 157 0 -157 0
158 A -2 2 51 1 -51 -1
158 A 2 2 -51 1 51 -1
158 A -8 2 51 2 -51 -2
158 A 8 2 -51 2 51 -2
158 A 27 0 0 13 0 -13
158 A 7 0 0 3 0 3
158 A 11 0 0 5 0 5
158 A 14 0 7 3 7 3
158 A 29 0 0 3 0 3
158 A 47 0 0 6 0 6
158 A 61 0 0 10 0 10
158 A 71 0 0 18 0 18
158 A 77 0 0 38 0 38
158 A 4 0 1 1 1 -1
158 A 5 0 2 2 -2 2
158 A 5 0 2 1 -1 -2
158 A 5 0 -2 1 1 -2
158 A 5 0 1 1 1 -1
158 A 5 0 0 2 0 1
158 A 7 0 3 3 -1 1
158 A 7 0 3 2 1 -3
158 A 7 0 3 1 3 -1
158 A 7 0 -3 2 -1 -3
158 A 7 0 -3 3 1 1
158 A 7 0 2 3 1 2
158 A 7 0 2 2 2 -2
158 A 7 0 2 1 -2 1
158 A 7 0 -2 3 -1 2
158 A 7 0 0 2 0 1
158 A 8 0 3 3 3 -3
158 A 8 0 3 1 3 -1
158 A 8 0 1 3 1 -3
158 A 8 0 1 1 1 -1
158 A 9 0 3 4 3 -4
158 A 9 0 3 2 3 1
158 A 9 0 -3 1 -3 2
158 A 9 0 0 2 0 1
158 A 10 0 3 3 -3 3
158 A 10 0 3 1 1 3
158 A 10 0 -3 1 -1 3
158 A 10 0 1 1 1 -1
158 A 10 0 5 3 -5 -1
158 A 11 0 5 5 -4 4
158 A 11 0 5 4 -5 4
158 A 11 0 5 3 1 -5
158 A 11 0 5 2 -2 3
158 A 11 0 5 1 4 -3
158 A 11 0 -5 1 -4 -3
158 A 11 0 -5 2 2 3
158 A 11 0 -5 3 -1 -5
158 A 11 0 -5 5 4 4
158 A 11 0 4 5 3 -1
158 A 11 0 4 2 4 -2
158 A 11 0 4 1 2 5
158 A 11 0 -4 1 -2 5
158 A 11 0 -4 5 -3 -1
158 A 11 0 3 5 3 -5
158 A 11 0 3 4 -2 -1
158 A 11 0 3 3 -3 3
158 A 11 0 3 2 -1 -3
158 A 11 0 -3 2 1 -3
158 A 11 0 -3 4 2 -1
158 A 11 0 2 4 -1 2
158 A 11 0 2 2 1 -1
158 A 11 0 -2 2 -1 -1
158 A 11 0 -2 4 1 2
158 A 11 0 1 4 1 -4
158 A 11 0 0 4 0 -2
158 A 11 0 0 3 0 1
158 A 12 0 3 5 3 -5
158 A 12 0 3 1 3 -1
158 A 0 1 77 0 -39 0
158 A 0 1 75 0 -59 0
158 A 0 1 73 0 -13 0
158 A 0 1 65 0 17 0
158 A 0 1 61 0 -57 0
158 A 0 1 47 0 -37 0
158 A 0 1 41 0 -27 0
158 A 0 1 25 0 -19 0
158 A 0 1 21 0 15 0
158 A -1 1 73 0 -61 0
158 A -1 1 71 0 -56 0
158 A -1 1 70 0 -25 0
158 A -1 1 67 0 -19 0
158 A -1 1 55 0 26 0
158 A -1 1 50 0 -35 0
158 A -1 1 49 0 -13 0
158 A -1 1 34 0 14 0
158 A -1 1 28 0 17 0
158 A 1 1 73 0 -61 0
158 A 1 1 71 0 -56 0
158 A 1 1 70 0 -25 0
158 A 1 1 67 0 -19 0
158 A 1 1 55 0 26 0
158 A 1 1 50 0 -35 0
158 A 1 1 49 0 -13 0
158 A 1 1 34 0 14 0
158 A 1 1 28 0 17 0
158 A -2 1 77 1 39 1
158 A -2 1 75 1 59 1
158 A -2 1 71 1 69 1
158 A -2 1 65 1 29 0
158 A -2 1 53 1 51 1
158 A -2 1 47 1 -41 -1
158 A -2 1 37 0 35 0
158 A -2 1 25 0 -13 0
158 A -2 1 19 0 17 0
158 A 2 1 37 0 35 0
158 A 2 1 29 0 65 -1
158 A 2 1 25 0 -13 0
158 A 2 1 19 0 17 0
158 A 2 1 -39 1 -77 1
158 A 2 1 -41 1 47 -1
158 A 2 1 -51 1 -53 1
158 A 2 1 -59 1 -75 1
158 A 2 1 -69 1 -71 1
158 A -3 1 70 1 16 0
158 A -3 1 67 1 28 1
158 A -3 1 61 1 57 1
158 A -3 1 22 0 -35 -1
158 A -3 1 13 0 74 1
158 A -3 1 48 1 33 1
158 A -3 1 42 1 -26 0
158 A 3 1 -70 1 -16 0
158 A 3 1 -67 1 -28 1
158 A 3 1 -61 1 -57 1
158 A 3 1 22 0 -35 1
158 A 3 1 13 0 74 -1
158 A 3 1 26 0 -42 1
158 A 3 1 -33 1 -48 1
158 A 13 0 6 5 -4 -1
158 A 13 0 6 4 -2 -3
158 A 13 0 6 3 -3 -5
158 A 13 0 6 2 4 3
158 A 13 0 6 1 6 -1
158 A 13 0 -6 2 -4 3
158 A 13 0 -6 3 3 -5
158 A 13 0 -6 4 2 -3
158 A 13 0 -6 5 4 -1
158 A 13 0 5 4 -1 6
158 A 13 0 5 3 2 4
158 A 13 0 5 2 3 4
158 A 13 0 5 1 -5 1
158 A 13 0 -5 2 -3 4
158 A 13 0 -5 3 -2 4
158 A 13 0 -5 4 1 6
158 A 13 0 4 6 -3 -2
158 A 13 0 4 5 -4 5
158 A 13 0 -4 6 3 -2
158 A 13 0 3 6 -1 2
158 A 13 0 3 3 -3 3
158 A 13 0 -3 6 1 2
158 A 13 0 2 6 1 -3
158 A 13 0 2 5 -1 -4
158 A 13 0 2 2 2 -2
158 A 13 0 -2 5 1 -4
158 A 13 0 -2 6 -1 -3
158 A 13 0 1 5 1 -5
158 A 13 0 0 5 0 4
158 A 13 0 0 3 0 -2
158 A -4 1 19 1 -49 -1
158 A -4 1 27 1 -65 -2
158 A -4 1 75 2 -61 -1
158 A -4 1 51 1 -19 0
158 A -4 1 43 1 33 1
158 A -4 1 37 1 -17 0
158 A -4 1 69 2 57 1
158 A 4 1 17 0 -37 1
158 A 4 1 -33 1 -43 1
158 A 4 1 -49 1 19 -1
158 A 4 1 -57 1 -69 2
158 A 4 1 -61 1 75 -2
158 A 4 1 -65 2 27 -1
158 A 4 1 19 0 -51 1
158 A -5 1 54 2 15 1
158 A -5 1 49 2 26 1
158 A -5 1 44 1 46 2
158 A -5 1 29 1 -60 -2
158 A -5 1 24 1 72 2
158 A -5 1 14 1 67 2
158 A -5 1 27 1 35 1
158 A -5 1 48 2 36 1
158 A -5 1 70 2 16 0
158 A -5 1 55 2 66 2
158 A 5 1 -44 1 -46 2
158 A 5 1 16 0 70 -2
158 A 5 1 -26 1 -49 2
158 A 5 1 -36 1 -48 2
158 A 5 1 -66 2 -55 2
158 A 5 1 -72 2 -24 1
158 A 5 1 -67 2 -14 1
158 A 5 1 -35 1 -27 1
158 A 5 1 -15 1 -54 2
158 A 5 1 -60 2 29 -1
158 A -6 1 63 3 73 3
158 A -6 1 57 2 -39 -1
158 A -6 1 45 2 11 1
158 A -6 1 39 2 13 1
158 A -6 1 27 1 41 1
158 A -6 1 71 3 67 3
158 A -6 1 59 2 -35 -1
158 A -6 1 47 2 17 1
158 A -6 1 19 1 25 1
158 A 6 1 -59 2 35 -1
158 A 6 1 -41 1 -27 1
158 A 6 1 -13 1 -39 2
158 A 6 1 -19 1 -25 1
158 A 6 1 -67 3 -71 3
158 A 6 1 -73 3 -63 3
158 A 6 1 -11 1 -45 2
158 A 6 1 -17 1 -47 2
158 A 6 1 -57 2 39 -1
158 A 14 0 5 5 5 -5
158 A 14 0 3 5 1 3
158 A 14 0 -3 5 -1 3
158 A 14 0 7 5 -7 -1
158 A -7 1 65 3 -51 -2
158 A -7 1 30 1 -21 -1
158 A -7 1 33 2 15 1
158 A -7 1 41 2 -50 -2
158 A -7 1 27 1 -53 -2
158 A -7 1 59 2 10 1
158 A -7 1 28 1 -57 -2
158 A -7 1 74 3 47 2
158 A 7 1 -51 2 65 -3
158 A 7 1 -30 1 21 -1
158 A 7 1 -33 2 -15 1
158 A 7 1 -47 2 -74 3
158 A 7 1 -27 1 53 -2
158 A 7 1 -50 2 41 -2
158 A 7 1 -57 2 28 -1
158 A 7 1 -59 2 -10 1
158 A -8 1 73 3 -71 -4
158 A -8 1 49 2 -33 -1
158 A -8 1 17 1 47 3
158 A -8 1 15 1 -21 -1
158 A -8 1 31 2 61 3
158 A -8 1 55 3 43 2
158 A -8 1 11 1 27 1
158 A 8 1 -11 1 -27 1
158 A 8 1 -43 2 -55 3
158 A 8 1 -21 1 15 -1
158 A 8 1 -61 3 -31 2
158 A 8 1 -73 3 71 -4
158 A 8 1 -49 2 33 -1
158 A 8 1 -47 3 -17 1
158 A 15 0 6 4 6 -4
158 A 15 0 3 7 -3 2
158 A 15 0 3 2 -3 7
158 A 15 0 0 7 0 -4
158 A -9 1 61 3 10 1
158 A -9 1 43 3 63 4
158 A -9 1 16 1 59 3
158 A -9 1 47 3 -24 -2
158 A -9 1 75 4 -19 -1
158 A -9 1 48 2 69 4
158 A -9 1 58 3 -27 -2
158 A -9 1 46 2 38 2
158 A 9 1 -61 3 -10 1
158 A 9 1 -38 2 -46 2
158 A 9 1 -47 3 24 -2
158 A 9 1 -75 4 19 -1
158 A 9 1 -48 2 -69 4
158 A 9 1 -58 3 27 -2
158 A 9 1 -59 3 -16 1
158 A 9 1 -63 4 -43 3
158 A 16 0 7 5 7 -5
158 A 16 0 5 3 -3 5
158 A 16 0 -5 3 3 5
158 A -10 1 21 2 -67 -4
158 A -10 1 59 3 -19 -1
158 A 10 1 -67 4 21 -2
158 A 10 1 -19 1 59 -3
158 A -11 1 61 5 -45 -4
158 A -11 1 27 2 41 3
158 A -11 1 32 3 59 4
158 A -11 1 55 3 -75 -5
158 A 11 1 -75 5 55 -3
158 A 11 1 -27 2 -41 3
158 A 11 1 -45 4 61 -5
158 A 11 1 -59 4 -32 3
158 A 17 0 8 4 -1 -8
158 A 17 0 8 2 8 -2
158 A 17 0 -8 4 1 -8
158 A 17 0 7 6 -3 5
158 A 17 0 7 5 -6 -3
158 A 17 0 7 4 1 -3
158 A 17 0 7 2 -7 2
158 A 17 0 -7 4 -1 -3
158 A 17 0 -7 5 6 -3
158 A 17 0 -7 6 3 5
158 A 17 0 5 6 -5 6
158 A 17 0 4 3 3 2
158 A 17 0 -4 3 -3 2
158 A 17 0 2 8 -2 8
158 A 17 0 0 8 0 3
158 A -12 1 65 5 -17 -1
158 A -12 1 25 2 -25 -1
158 A 12 1 -17 1 65 -5
158 A 12 1 -25 1 25 -2
158 A 18 0 3 8 3 -2
158 A 18 0 3 4 3 -4
158 A 18 0 3 2 3 -8
158 A 18 0 1 3 -1 3
158 A 18 0 9 8 -9 -2
158 A -13 1 27 2 24 1
158 A -13 1 12 2 17 2
158 A -13 1 51 5 18 1
158 A -13 1 68 6 -30 -2
158 A -13 1 60 5 21 1
158 A -13 1 32 3 -74 -6
158 A -13 1 61 4 71 5
158 A -13 1 22 1 15 1
158 A 13 1 -27 2 -24 1
158 A 13 1 -12 2 -17 2
158 A 13 1 -51 5 -18 1
158 A 13 1 -21 1 -60 5
158 A 13 1 -32 3 74 -6
158 A 13 1 -71 5 -61 4
158 A 13 1 -22 1 -15 1
158 A 13 1 -30 2 68 -6
158 A 19 0 8 2 -7 -3
158 A 19 0 -8 2 7 -3
158 A 19 0 7 2 -4 -7
158 A 19 0 -7 2 4 -7
158 A 19 0 6 3 5 7
158 A 19 0 -6 3 -5 7
158 A 19 0 2 3 -2 3
158 A 19 0 1 5 1 -5
158 A -15 1 41 4 31 4
158 A -15 1 10 2 22 3
158 A 15 1 -41 4 -31 4
158 A 15 1 -10 2 -22 3
158 A 20 0 9 7 -3 9
158 A 20 0 -9 7 3 9
158 A -16 1 73 7 -15 -2
158 A -16 1 19 1 -23 -3
158 A 16 1 -23 3 19 -1
158 A 16 1 -73 7 15 -2
158 A 21 0 0 8 0 -5
158 A -17 1 33 4 72 8
158 A -17 1 26 3 -73 -8
158 A -17 1 25 3 -32 -4
158 A -17 1 20 3 -68 -6
158 A 17 1 -25 3 32 -4
158 A 17 1 -20 3 68 -6
158 A 17 1 -73 8 26 -3
158 A 17 1 -72 8 -33 4
158 A -18 1 29 3 -43 -6
158 A 18 1 -29 3 43 -6
158 A -19 1 21 2 -6 -2
158 A 19 1 -21 2 6 -2
158 A 23 0 -11 6 -8 4
158 A 23 0 -11 8 6 -4
158 A 23 0 -7 4 7 4
158 A 23 0 6 4 -11 -8
158 A 23 0 8 4 11 6
158 A 24 0 9 10 -9 2
158 A 24 0 9 2 -9 10
158 A -21 1 38 5 54 8
158 A -21 1 51 5 -33 -3
158 A 21 1 -38 5 -54 8
158 A 21 1 -51 5 33 -3
158 A 25 0 12 2 -12 2
158 A 25 0 9 4 -1 6
158 A 25 0 -9 4 1 6
158 A 25 0 8 8 -8 8
158 A 25 0 8 4 1 12
158 A 25 0 -8 4 -1 12
158 A 25 0 0 12 0 6
158 A 0 2 -99 1 -75 1
158 A 0 2 -77 1 39 -1
158 A -4 2 53 0 55 0
158 A -4 2 41 0 79 0
158 A 4 2 79 0 41 0
158 A 4 2 55 0 53 0
158 A -23 1 49 5 -40 -5
158 A 23 1 -40 5 49 -5
158 A 29 0 -10 5 -1 14
158 A 29 0 1 14 10 5
158 A -27 1 35 4 -77 -13
158 A 27 1 -35 4 77 -13
158 A 31 0 -9 5 9 5
158 A 31 0 -6 3 6 3
158 A 37 0 -7 11 7 11
158 A 49 0 12 6 -12 6
158 A 55 0 27 7 -27 7
158 A 73 0 36 18 -36 18
158 S 4 2 9 0
158 S 2 1 9 0
158 S -1 4 9 0
158 S -2 1 6 0
158 S 2 1 6 0
158 S -4 2 9 0
158 S -2 1 9 0
158 S 1 4 9 0
158 T 553 585 628 0 0
158 T 544 576 545 0 0
158 T 608 542 550 0 0
158 T 535 635 565 0 0
158 T 541 573 569 0 0
158 T 622 643 636 0 0
158 T 604 592 627 0 0
158 T 634 645 612 0 0
158 T 596 539 555 0 0
158 T 614 624 600 0 0
158 T 607 646 617 0 0
158 T 557 589 619 0 0
158 T 586 582 550 0 0
158 T 642 631 636 0 0
158 T 568 536 623 0 0
158 T 579 562 530 0 0
158 T 608 535 559 0 0
158 T 510 852 555 0 0
158 T 630 3 508 0 0
158 T 852 2 585 0 0
158 T 934 576 893 0 0
158 T 1436 1255 895 0 0
158 T 1440 934 1280 0 0
158 T 1255 64 1282 0 0
158 T 1413 1097 934 0 0
158 T 932 1344 220 0 0
158 T 222 1349 1415 0 0
158 T 1349 1346 1097 0 0
158 T 507 943 90 0 0
158 T 284 71 505 0 0
158 T 88 1070 286 0 0
158 T 71 1068 943 0 0
158 T 1222 826 801 0 0
158 T 803 1513 1384 0 0
158 T 1517 611 1513 0 0
158 T 1379 1517 826 0 0
158 T 754 988 361 0 0
158 T 772 756 752 0 0
158 T 779 763 771 0 0
158 T 363 154 774 0 0
158 T 336 141 766 0 0
158 T 756 152 988 0 0
158 T 351 1277 564 0 0
158 T 566 301 353 0 0
158 T 355 358 349 0 0
158 T 337 333 346 0 0
158 T 358 303 1277 0 0
158 T 1462 1460 1462 -1 0
158 T 1478 1484 1464 0 0
158 T 1469 1481 1487 0 0
158 T 1526 1499 1478 0 0
158 T 1480 1511 1522 0 0
158 T 548 521 63 0 0
158 T 496 243 521 0 0
158 T 542 60 498 0 0
158 T 1098 689 1211 0 0
158 T 469 691 1347 0 0
158 T 306 170 1192 0 0
158 T 1200 171 304 0 0
158 T 803 1334 1120 0 0
158 T 1393 1134 801 0 0
158 T 1122 1007 1395 0 0
158 T 1134 1005 1334 0 0
158 T 189 943 110 0 0
158 T 241 203 191 0 0
158 T 179 183 209 0 0
158 T 263 255 271 0 0
158 T 192 220 205 0 0
158 T 214 225 232 0 0
158 T 219 200 245 0 0
158 T 187 226 198 0 0
158 T 239 267 257 0 0
158 T 266 283 248 0 0
158 T 251 190 218 0 0
158 T 221 230 233 0 0
158 T 280 247 263 0 0
158 T 207 46 185 0 0
158 T 274 269 276 0 0
158 T 214 254 176 0 0
158 T 198 241 192 0 0
158 T 231 239 209 0 0
158 T 181 183 181 -1 0
158 T 275 276 257 0 0
158 T 984 158 943 0 0
158 T 203 109 986 0 0
158 T 86 122 104 0 0
158 T 115 87 103 0 0
158 T 108 88 119 0 0
158 T 92 112 93 0 0
158 T 102 122 116 0 0
158 T 99 44 89 0 0
158 T 105 98 109 0 0
158 T 698 876 84 0 0
158 T 106 247 696 0 0
158 T 876 245 122 0 0
158 T 331 597 365 0 0
158 T 211 857 368 0 0
158 T 334 856 177 0 0
158 T 370 1174 332 0 0
158 T 360 271 1067 0 0
158 T 171 263 362 0 0
158 T 1065 253 169 0 0
158 T 170 326 975 0 0
158 T 951 324 171 0 0
158 T 1372 1405 566 0 0
158 T 1277 730 1374 0 0
158 T 1405 728 349 0 0
158 T 767 962 227 0 0
158 T 225 1358 1240 0 0
158 T 1242 10 765 0 0
158 T 10 1356 962 0 0
158 T 702 2 706 0 0
158 T 1261 921 700 0 0
158 T 1290 691 931 0 0
158 T 704 380 1263 0 0
158 T 921 382 2 0 0
158 T 134 406 298 0 0
158 T 296 1142 1111 0 0
158 T 1109 552 132 0 0
158 T 552 1140 406 0 0
158 T 385 709 1379 0 0
158 T 1212 735 387 0 0
158 T 370 705 1225 0 0
158 T 1377 729 1214 0 0
158 T 735 731 709 0 0
158 T 705 741 725 0 0
158 T 1073 565 1119 0 0
158 T 735 535 1075 0 0
158 T 1117 633 733 0 0
158 T 967 444 289 0 0
158 T 291 517 230 0 0
158 T 228 600 965 0 0
158 T 600 519 444 0 0
158 T 1272 164 640 0 0
158 T 642 313 1364 0 0
158 T 1366 679 1274 0 0
158 T 679 315 164 0 0
158 T 1006 281 301 0 0
158 T 303 394 1250 0 0
158 T 1248 666 1004 0 0
158 T 666 392 281 0 0
158 T 1063 244 956 0 0
158 T 867 78 1061 0 0
158 T 958 664 865 0 0
158 T 78 666 244 0 0
158 T 1552 1554 1552 1 0
158 T 1557 1559 1557 -1 0
158 T 563 1011 126 0 0
158 T 1388 963 561 0 0
158 T 124 1310 1390 0 0
158 T 963 1308 1011 0 0
158 T 1371 1116 559 0 0
158 T 557 1074 756 0 0
158 T 758 564 1369 0 0
158 T 1147 119 674 0 0
158 T 672 750 892 0 0
158 T 769 872 663 0 0
158 T 894 794 1145 0 0
158 T 794 748 119 0 0
158 T 34 1481 1532 0 0
158 T 1534 43 1480 0 0
158 T 891 660 1229 0 0
158 T 899 674 1242 0 0
158 T 1088 5 990 0 0
158 T 361 897 1090 0 0
158 T 897 752 5 0 0
158 T 1366 1487 298 0 0
158 T 296 467 135 0 0
158 T 133 1455 1364 0 0
158 T 1455 465 1487 0 0
158 T 686 129 813 0 0
158 T 584 486 684 0 0
158 T 815 148 586 0 0
158 T 486 150 129 0 0
158 T 99 737 194 0 0
158 T 207 470 97 0 0
158 T 737 468 220 0 0
158 T 1323 1107 316 0 0
158 T 1335 61 1321 0 0
158 T 318 1155 1333 0 0
158 T 61 1153 1107 0 0
158 T 1129 274 791 0 0
158 T 539 132 1131 0 0
158 T 789 483 537 0 0
158 T 132 481 274 0 0
158 T 616 222 668 0 0
158 T 1047 205 618 0 0
158 T 670 192 1045 0 0
158 T 1112 1125 840 0 0
158 T 1027 991 1114 0 0
158 T 842 341 1025 0 0
158 T 991 343 1125 0 0
158 T 390 302 589 0 0
158 T 1051 188 887 0 0
158 T 573 7 1049 0 0
158 T 885 497 575 0 0
158 T 7 499 188 0 0
158 T 234 765 592 0 0
158 T 594 962 212 0 0
158 T 1369 1516 1143 0 0
158 T 1372 1376 1371 0 0
158 T 1141 825 1374 0 0
158 T 696 477 217 0 0
158 T 200 479 106 0 0
158 T 1 454 401 0 0
158 T 929 380 12 0 0
158 T 13 720 1288 0 0
158 T 720 382 691 0 0
158 T 63 797 679 0 0
158 T 1036 993 61 0 0
158 T 677 196 1038 0 0
158 T 993 198 797 0 0
158 T 562 516 366 0 0
158 T 528 330 488 0 0
158 T 196 749 89 0 0
158 T 91 411 185 0 0
158 T 226 409 749 0 0
158 T 889 347 3 0 0
158 T 2 778 660 0 0
158 T 1231 776 347 0 0
158 T 763 3 872 0 0
158 T 1178 1363 1242 0 0
158 T 363 435 1176 0 0
158 T 1240 1218 361 0 0
158 T 1224 337 1230 0 0
158 T 846 156 795 0 0
158 T 61 569 885 0 0
158 T 1016 170 237 0 0
158 T 259 396 1018 0 0
158 T 170 398 267 0 0
158 T 101 981 594 0 0
158 T 87 602 936 0 0
158 T 1 983 938 0 0
158 T 973 879 363 0 0
158 T 433 136 975 0 0
158 T 879 138 1176 0 0
158 T 1061 740 68 0 0
158 T 1078 2 1063 0 0
158 T 70 906 1076 0 0
158 T 2 904 740 0 0
158 T 166 813 451 0 0
158 T 881 584 164 0 0
158 T 250 121 908 0 0
158 T 910 324 264 0 0
158 T 283 326 121 0 0
158 T 783 76 954 0 0
158 T 135 268 781 0 0
158 T 952 822 133 0 0
158 T 268 820 76 0 0
158 T 654 116 249 0 0
158 T 216 506 652 0 0
158 T 116 504 190 0 0
158 T 901 222 162 0 0
158 T 160 475 106 0 0
158 T 104 836 903 0 0
158 T 836 473 222 0 0
158 T 1529 1464 292 0 0
158 T 42 1478 1531 0 0
158 T 294 1486 43 0 0
158 T 762 1019 305 0 0
158 T 82 862 760 0 0
158 T 307 154 80 0 0
158 T 862 152 1019 0 0
158 T 703 905 725 0 0
158 T 935 738 689 0 0
158 T 1298 581 701 0 0
158 T 727 1086 1296 0 0
158 T 581 1084 905 0 0
158 T 839 233 141 0 0
158 T 143 228 472 0 0
158 T 553 436 75 0 0
158 T 73 494 628 0 0
158 T 587 492 436 0 0
158 T 261 77 395 0 0
158 T 227 1343 894 0 0
158 T 892 1088 1411 0 0
158 T 1409 1363 225 0 0
158 T 1363 1090 1343 0 0
158 T 755 461 346 0 0
158 T 890 15 753 0 0
158 T 192 175 745 0 0
158 T 992 830 194 0 0
158 T 747 458 994 0 0
158 T 830 456 175 0 0
158 T 923 17 710 0 0
158 T 454 1524 1434 0 0
158 T 1451 1528 452 0 0
158 T 1432 6 1449 0 0
158 T 1528 7 1524 0 0
158 T 1030 45 1057 0 0
158 T 8 207 1059 0 0
158 T 1028 185 9 0 0
158 T 1534 1523 6 0 0
158 T 278 1162 1111 0 0
158 T 1109 855 272 0 0
158 T 269 853 1162 0 0
158 T 98 726 172 0 0
158 T 1330 1166 174 0 0
158 T 726 442 1328 0 0
158 T 1166 440 96 0 0
158 T 731 680 1105 0 0
158 T 1107 1007 1373 0 0
158 T 1007 682 1278 0 0
158 T 593 490 429 0 0
158 T 431 289 963 0 0
158 T 215 291 490 0 0
158 T 364 209 127 0 0
158 T 1008 211 516 0 0
158 T 476 285 73 0 0
158 T 75 413 218 0 0
158 T 699 415 285 0 0
158 T 358 1258 145 0 0
158 T 147 1301 811 0 0
158 T 809 236 356 0 0
158 T 236 1303 1258 0 0
158 T 1456 63 1469 0 0
158 T 1535 401 1458 0 0
158 T 1471 295 1533 0 0
158 T 401 293 63 0 0
158 T 254 1201 741 0 0
158 T 1195 238 760 0 0
158 T 251 885 1081 0 0
158 T 1083 3 1035 0 0
158 T 1033 970 249 0 0
158 T 970 2 885 0 0
158 T 1177 1429 1091 0 0
158 T 1410 1359 1179 0 0
158 T 1429 1357 893 0 0
158 T 772 386 1401 0 0
158 T 1403 732 1384 0 0
158 T 1386 1213 774 0 0
158 T 1213 351 756 0 0
158 T 1227 776 332 0 0
158 T 754 349 1384 0 0
158 T 1257 1292 430 0 0
158 T 428 1309 239 0 0
158 T 1309 1294 1302 0 0
158 T 1306 1315 1296 0 0
158 T 67 74 70 0 0
158 T 78 73 82 0 0
158 T 69 77 80 0 0
158 T 64 66 64 1 0
158 T 656 404 124 0 0
158 T 467 694 125 0 0
158 T 266 358 79 0 0
158 T 77 681 248 0 0
158 T 281 683 358 0 0
158 T 1149 173 1338 0 0
158 T 413 91 1151 0 0
158 T 1336 770 415 0 0
158 T 91 768 173 0 0
158 T 722 141 375 0 0
158 T 399 154 729 0 0
158 T 373 369 382 0 0
158 T 389 385 394 0 0
158 T 369 143 689 0 0
158 T 385 702 151 0 0
158 T 1313 444 253 0 0
158 T 255 291 1041 0 0
158 T 1043 965 1315 0 0
158 T 138 87 342 0 0
158 T 340 697 1178 0 0
158 T 809 256 77 0 0
158 T 1008 237 290 0 0
158 T 1172 778 705 0 0
158 T 1245 135 1300 0 0
158 T 144 978 1247 0 0
158 T 978 810 135 0 0
158 T 1466 63 1450 0 0
158 T 453 61 292 0 0
158 T 1000 832 612 0 0
158 T 817 998 606 0 0
158 T 1042 489 178 0 0
158 T 176 329 127 0 0
158 T 125 529 1040 0 0
158 T 1398 535 1114 0 0
158 T 588 733 1396 0 0
158 T 1112 1073 590 0 0
158 T 1457 1417 6 0 0
158 T 1417 402 1521 0 0
158 T 1170 106 688 0 0
158 T 1239 160 1168 0 0
158 T 690 473 1237 0 0
158 T 720 967 223 0 0
158 T 235 600 722 0 0
158 T 925 1020 202 0 0
158 T 245 1077 927 0 0
158 T 1020 1079 219 0 0
158 T 1355 1422 934 0 0
158 T 1413 1183 1353 0 0
158 T 1183 1097 1422 0 0
158 T 698 1150 1068 0 0
158 T 319 1191 1007 0 0
158 T 1134 1189 1152 0 0
158 T 1142 1189 1160 0 0
158 T 1135 1184 1141 0 0
158 T 1137 1157 1136 0 0
158 T 1321 61 1325 0 0
158 T 1327 824 1107 0 0
158 T 318 826 61 0 0
158 T 109 198 793 0 0
158 T 108 846 194 0 0
158 T 901 604 120 0 0
158 T 604 838 86 0 0
158 T 842 84 996 0 0
158 T 998 139 1025 0 0
158 T 770 1292 1092 0 0
158 T 1094 7 413 0 0
158 T 1338 6 1292 0 0
158 T 593 839 338 0 0
158 T 1261 375 1226 0 0
158 T 1289 396 1208 0 0
158 T 263 327 876 0 0
158 T 905 1020 443 0 0
158 T 441 219 71 0 0
158 T 840 1 785 0 0
158 T 101 784 1001 0 0
158 T 829 1337 1435 0 0
158 T 1450 1295 831 0 0
158 T 573 1094 875 0 0
158 T 873 413 1049 0 0
158 T 951 910 399 0 0
158 T 1064 741 307 0 0
158 T 152 866 1066 0 0
158 T 866 82 741 0 0
158 T 351 145 661 0 0
158 T 140 333 672 0 0
158 T 1397 1393 1386 0 0
158 T 589 1403 1393 0 0
158 T 934 544 868 0 0
158 T 870 545 893 0 0
158 T 278 1191 298 0 0
158 T 638 977 71 0 0
158 T 69 525 620 0 0
158 T 643 527 977 0 0
158 T 374 627 101 0 0
158 T 983 604 372 0 0
158 T 237 857 1239 0 0
158 T 255 1270 858 0 0
158 T 515 543 95 0 0
158 T 551 487 94 0 0
158 T 75 1015 986 0 0
158 T 1052 612 323 0 0
158 T 153 634 1054 0 0
158 T 321 647 155 0 0
158 T 1467 668 1294 0 0
158 T 828 670 60 0 0
158 T 1147 167 1269 0 0
158 T 1271 503 674 0 0
158 T 117 501 167 0 0
158 T 62 745 535 0 0
158 T 533 458 1039 0 0
158 T 1355 652 1440 0 0
158 T 1420 1282 652 0 0
158 T 316 1324 1163 0 0
158 T 1122 1320 318 0 0
158 T 1161 62 1120 0 0
158 T 1139 1262 1199 0 0
158 T 131 1235 1137 0 0
158 T 1197 819 129 0 0
158 T 1235 817 1262 0 0
158 T 807 116 918 0 0
158 T 916 120 612 0 0
158 T 614 102 805 0 0
158 T 1059 22 97 0 0
158 T 91 24 1028 0 0
158 T 451 949 139 0 0
158 T 60 713 558 0 0
158 T 556 421 1045 0 0
158 T 1047 994 62 0 0
158 T 994 423 713 0 0
158 T 760 75 1033 0 0
158 T 1035 78 860 0 0
158 T 466 1135 539 0 0
158 T 731 862 258 0 0
158 T 602 375 805 0 0
158 T 1269 335 214 0 0
158 T 344 18 896 0 0
158 T 1298 1469 677 0 0
158 T 679 1444 1304 0 0
158 T 1315 1446 1469 0 0
158 T 63 968 791 0 0
158 T 789 2 569 0 0
158 T 434 161 849 0 0
158 T 851 571 147 0 0
158 T 913 569 161 0 0
158 T 255 395 821 0 0
158 T 823 150 1306 0 0
158 T 1304 1284 253 0 0
158 T 1284 148 395 0 0
158 T 964 1353 12 0 0
158 T 619 152 1024 0 0
158 T 1026 322 605 0 0
158 T 930 710 4 0 0
158 T 1097 398 928 0 0
158 T 944 1097 5 0 0
158 T 398 944 710 0 0
158 T 1089 675 1217 0 0
158 T 411 673 1342 0 0
158 T 370 1237 229 0 0
158 T 674 344 765 0 0
158 T 756 1378 1407 0 0
158 T 60 803 316 0 0
158 T 589 420 206 0 0
158 T 49 426 438 0 0
158 T 426 69 537 0 0
158 T 11 346 897 0 0
158 T 271 1121 956 0 0
158 T 958 61 853 0 0
158 T 1130 1132 298 0 0
158 T 278 1154 1128 0 0
158 T 1138 130 1264 0 0
158 T 1229 1207 1136 0 0
158 T 1266 832 1231 0 0
158 T 1207 834 130 0 0
158 T 521 580 926 0 0
158 T 924 586 61 0 0
158 T 203 523 7 0 0
158 T 1292 662 573 0 0
158 T 575 352 428 0 0
158 T 352 660 1259 0 0
158 T 133 273 508 0 0
158 T 389 582 447 0 0
158 T 1285 700 391 0 0
158 T 445 1299 1287 0 0
158 T 72 1080 872 0 0
158 T 1528 37 1478 0 0
158 T 1280 377 1099 0 0
158 T 1101 1280 5 0 0
158 T 377 1101 944 0 0
158 T 1091 343 1253 0 0
158 T 1255 1127 4 0 0
158 T 1351 1183 1291 0 0
158 T 1183 448 396 0 0
158 T 638 74 955 0 0
158 T 953 495 640 0 0
158 T 772 866 270 0 0
158 T 1299 1459 798 0 0
158 T 804 227 501 0 0
158 T 917 167 227 0 0
158 T 1501 832 803 0 0
158 T 1505 824 817 0 0
158 T 650 850 130 0 0
158 T 1054 944 1116 0 0
158 T 944 155 732 0 0
158 T 573 93 651 0 0
158 T 685 159 649 0 0
158 T 583 685 94 0 0
158 T 404 1485 1446 0 0
158 T 1444 1366 134 0 0
158 T 142 501 212 0 0
158 T 1272 1304 132 0 0
158 T 1327 1140 1007 0 0
158 T 639 80 781 0 0
158 T 187 632 1036 0 0
158 T 224 677 632 0 0
158 T 45 726 769 0 0
158 T 379 138 100 0 0
158 T 652 1181 377 0 0
158 T 102 911 654 0 0
158 T 1181 909 138 0 0
158 T 1148 459 1433 0 0
158 T 513 649 569 0 0
158 T 458 157 422 0 0
158 T 565 458 186 0 0
158 T 1319 1261 1228 0 0
158 T 113 1267 1234 0 0
158 T 713 199 172 0 0
158 T 796 423 174 0 0
158 T 1437 697 1358 0 0
158 T 478 986 98 0 0
158 T 96 1013 285 0 0
158 T 1467 1453 1309 0 0
158 T 1311 465 1477 0 0
158 T 1388 1476 693 0 0
158 T 1291 222 1355 0 0
158 T 148 1272 953 0 0
158 T 259 1154 788 0 0
158 T 621 480 2 0 0
158 T 76 978 716 0 0
158 T 718 639 83 0 0
158 T 136 1000 1054 0 0
158 T 321 834 138 0 0
158 T 933 1169 845 0 0
158 T 803 1492 1207 0 0
158 T 1492 1503 130 0 0
158 T 422 1416 1165 0 0
158 T 1424 1418 1432 0 0
158 T 147 129 515 0 0
158 T 405 1482 1314 0 0
158 T 3 956 924 0 0
158 T 1331 1418 799 0 0
158 T 1452 669 1303 0 0
158 T 669 1367 1246 0 0
158 T 559 1516 1489 0 0
158 T 1143 1116 1491 0 0
158 T 1382 124 1313 0 0
158 T 1483 656 1380 0 0
158 T 1247 160 640 0 0
158 T 160 146 526 0 0
158 T 481 780 276 0 0
158 T 308 638 483 0 0
158 T 278 83 310 0 0
158 T 846 106 739 0 0
158 T 758 1113 619 0 0
158 T 1114 1135 1489 0 0
158 T 1116 1186 1112 0 0
158 T 1206 1221 1198 0 0
158 T 534 1515 1488 0 0
158 T 1132 1513 1397 0 0
158 T 313 162 668 0 0
158 T 530 965 1382 0 0
158 T 1316 338 374 0 0
158 T 338 614 936 0 0
158 T 1086 443 7 0 0
158 T 1020 583 6 0 0
158 T 416 380 708 0 0
158 T 140 232 806 0 0
158 T 136 322 816 0 0
158 T 240 713 744 0 0
158 T 387 1248 588 0 0
158 T 775 1394 1248 0 0
158 T 1389 1539 1382 0 0
158 T 128 1495 1506 0 0
158 T 1 695 657 0 0
158 T 773 666 1121 0 0
158 T 135 718 257 0 0
158 T 1054 379 787 0 0
158 T 928 20 382 0 0
158 T 310 2 641 0 0
158 T 1495 1198 825 0 0
158 T 1166 652 1013 0 0
158 T 151 494 165 0 0
158 T 1101 66 1125 0 0
158 T 1329 1296 6 0 0
158 T 917 312 633 0 0
158 T 312 121 644 0 0
158 T 655 286 441 0 0
158 T 1083 1049 218 0 0
158 T 310 510 637 0 0
158 T 511 277 719 0 0
158 T 618 315 901 0 0
158 T 969 683 861 0 0
158 T 787 1116 1101 0 0
158 T 698 1429 1255 0 0
158 T 1104 259 969 0 0
158 T 426 525 569 0 0
158 T 87 626 336 0 0
158 T 30 48 28 0 0
158 U 2 5 4 0 0
158 U 16 4 5 0 0
158 U 419 5 5 0 0
158 U 20 5 4 0 0
158 U 5 4 5 -1 0
158 U 408 11 11 0 0
158 U 1218 11 8 0 0
158 U 1363 8 11 0 0
158 U 146 8 6 0 0
158 U 427 6 6 0 0
158 U 912 6 8 0 0
158 U 9 11 10 0 0
158 U 24 10 11 0 0
158 U 433 8 8 0 0
158 U 26 6 7 0 0
158 U 31 7 6 0 0
158 U 13 13 12 0 0
158 U 1511 12 12 0 0
158 U 39 12 13 0 0
158 U 35 12 13 0 0
158 U 7 13 12 -1 0
158 U 1 1 1 0 0
158 U 32 1 1 0 -1
158 U 10 14 15 0 0
158 U 41 15 14 0 0
158 U 1496 15 15 0 0
158 U 37 15 14 0 0
158 U 6 14 15 0 0
158 U 22 21 20 0 0
158 U 468 20 20 0 0
158 U 8 20 21 0 0
158 U 151 17 19 0 0
158 U 448 19 19 0 0
158 U 882 19 17 0 0
158 U 1210 19 20 0 0
158 U 1349 20 19 0 0
158 U 439 16 16 0 0
158 U 28 17 16 0 0
158 U 26 16 17 1 0
158 U 3 3 2 0 0
158 U 15 2 3 0 0
158 U 461 3 3 0 0
158 U 18 3 2 0 0
158 U 4 2 3 0 0
158 Q 0 546 1461 547 0 0 0 0 0 0
158 Q 1538 1499 1424 1511 0 0 0 0 0 0
158 Q 1194 1540 1202 45 0 0 0 0 0 0
158 Q 45 306 51 304 0 0 0 0 0 0
158 Q 51 171 1542 170 0 0 0 0 0 0
158 Q 597 67 597 67 0 0 0 0 0 0
158 Q 65 329 1 367 0 0 0 0 0 0
158 Q 973 53 949 1542 0 0 0 0 0 0
158 Q 51 324 53 326 0 0 0 0 0 0
158 Q 1492 1558 1494 1555 -1 0 -1 0 0 0
158 Q 1222 922 1473 889 0 0 0 0 0 0
158 Q 1156 660 1475 701 0 0 0 0 0 0
158 Q 157 354 0 388 0 0 0 0 0 0
158 Q 302 0 300 47 0 0 0 0 0 0
158 Q 1557 455 59 402 0 0 0 0 0 0
158 Q 64 530 0 560 0 0 0 0 0 0
158 Q 0 490 1 516 -1 -1 0 0 0 0
158 Q 1546 844 1462 793 0 0 0 0 0 0
158 Q 708 1473 753 1223 0 0 0 0 0 0
158 Q 17 1472 14 1475 0 0 0 0 0 0
158 Q 1172 238 1541 252 0 0 0 0 0 0
158 Q 182 694 1187 658 0 0 0 0 0 0
158 Q 1425 39 1426 41 0 0 0 0 0 0
158 Q 10 1536 13 1427 0 0 0 0 0 0
158 Q 1474 387 609 349 0 0 0 0 0 0
158 Q 145 611 149 1157 0 0 0 0 0 0
158 Q 1237 180 1270 1542 0 0 0 0 0 0
158 Q 1540 449 1548 435 0 0 0 0 0 0
158 Q 1550 137 53 136 0 0 0 0 0 0
158 Q 1541 167 1547 161 0 0 0 0 0 0
158 Q 1545 1145 183 1171 0 0 0 0 0 0
158 Q 578 1357 1425 1353 0 0 0 0 0 0
158 Q 1558 61 57 60 0 0 0 0 0 0
158 Q 57 293 58 295 0 0 0 0 0 0
158 Q 318 54 316 57 0 0 0 0 0 0
158 Q 54 803 1558 826 0 0 0 0 0 0
158 Q 0 868 182 870 0 0 1 0 0 0
158 Q 1558 1507 1548 1503 0 0 0 0 0 0
158 Q 819 54 832 1550 0 0 0 0 0 0
158 Q 815 1548 850 1544 0 0 0 0 0 0
158 Q 1546 648 1553 684 0 0 0 0 0 0
158 Q 129 1555 128 1550 0 0 0 0 0 0
158 Q 59 33 58 32 0 0 0 0 0 0
158 Q 697 67 653 1426 0 0 0 0 0 0
158 Q 115 446 0 428 0 0 0 0 0 0
158 Q 1463 892 183 935 0 0 0 0 0 0
158 Q 55 322 52 320 0 0 0 0 0 0
