0
0 d=93
0
93 A 0 1 32 0 -32 0
93 A 0 2 -92 1 92 -1
93 A 0 2 61 0 -61 0
93 A 0 2 -32 1 32 -1
93 A 0 4 -61 2 61 -2
93 A 4 0 0 1 0 1
93 A 4 0 2 1 2 1
93 A 7 0 0 2 0 2
93 A 14 0 0 5 0 5
93 A 19 0 0 3 0 3
93 A 28 0 0 9 0 9
93 A 5 0 2 2 -2 2
93 A 5 0 2 1 -1 -2
93 A 5 0 -2 1 1 -2
93 A 5 0 1 1 1 -1
93 A 5 0 0 2 0 1
93 A 6 0 2 1 -2 1
93 A 7 0 3 3 3 -3
93 A 7 0 3 2 -1 3
93 A 7 0 3 1 1 2
93 A 7 0 -3 1 -1 2
93 A 7 0 -3 2 1 3
93 A 7 0 2 3 -2 3
93 A 7 0 2 2 1 -1
93 A 7 0 2 1 2 -1
93 A 7 0 -2 2 -1 -1
93 A 7 0 0 3 0 -1
93 A 8 0 2 3 -2 3
93 A 8 0 2 1 -2 1
93 A 8 0 0 3 0 -1
93 A 8 0 4 3 -4 -1
93 A 9 0 4 4 -4 4
93 A 9 0 4 2 -4 2
93 A 9 0 4 1 -4 1
93 A 9 0 2 4 1 -2
93 A 9 0 2 2 1 -1
93 A 9 0 2 1 1 4
93 A 9 0 -2 1 -1 4
93 A 9 0 -2 2 -1 -1
93 A 9 0 -2 4 -1 -2
93 A 0 1 41 0 34 0
93 A 0 1 29 0 16 0
93 A 0 1 28 0 -10 0
93 A 0 1 20 0 -14 0
93 A 0 1 17 0 -11 0
93 A -1 1 45 0 -23 0
93 A -1 1 43 0 -35 0
93 A -1 1 25 0 15 0
93 A -1 1 17 0 11 0
93 A 1 1 45 0 -23 0
93 A 1 1 43 0 -35 0
93 A 1 1 25 0 15 0
93 A 1 1 17 0 11 0
93 A -2 1 25 1 -18 0
93 A -2 1 27 1 10 0
93 A 2 1 -25 1 18 0
93 A 2 1 -27 1 -10 0
93 A 10 0 4 1 4 -1
93 A 10 0 2 3 -2 3
93 A -3 1 34 1 11 0
93 A -3 1 28 1 20 1
93 A -3 1 13 0 44 1
93 A 3 1 -44 1 -13 0
93 A 3 1 11 0 34 -1
93 A 3 1 -28 1 -20 1
93 A -4 1 41 2 16 1
93 A -4 1 36 1 -26 -1
93 A 4 1 -26 1 36 -1
93 A 4 1 -41 2 -16 1
93 A -5 1 39 2 -43 -2
93 A -5 1 16 1 -35 -2
93 A -5 1 22 1 -30 -1
93 A -5 1 33 2 -11 0
93 A 5 1 -39 2 43 -2
93 A 5 1 11 0 -33 2
93 A 5 1 -16 1 35 -2
93 A 5 1 -22 1 30 -1
93 A 11 0 5 2 -5 2
93 A 11 0 4 5 2 3
93 A 11 0 4 3 3 -5
93 A 11 0 -4 3 -3 -5
93 A 11 0 -4 5 -2 3
93 A 11 0 3 3 3 -3
93 A 11 0 1 2 1 -2
93 A -6 1 14 1 40 3
93 A -6 1 22 1 17 1
93 A 6 1 -22 1 -17 1
93 A 6 1 -40 3 -14 1
93 A -7 1 8 1 -12 -1
93 A 7 1 -12 1 8 -1
93 A 12 0 1 2 -1 2
93 A -8 1 40 4 -16 -1
93 A 8 1 -16 1 40 -4
93 A 13 0 6 2 4 3
93 A 13 0 -6 2 -4 3
93 A 13 0 3 3 -3 3
93 A 13 0 2 5 -1 -4
93 A 13 0 -2 5 1 -4
93 A 15 0 7 7 -7 7
93 A 15 0 2 2 -2 2
93 A -16 1 37 8 -7 -3
93 A 16 1 -7 3 37 -8
93 A 19 0 2 7 -2 7
93 A -22 1 4 4 -3 -3
93 A 22 1 -3 3 4 -4
93 A 29 0 -5 5 5 5
93 A -28 1 31 10 -1 -5
93 A 28 1 -1 5 31 -10
93 A 39 0 10 10 -10 10
93 A 45 0 22 22 -22 22
93 S 3 1 6 0
93 T 75 54 53 0 0
93 T 87 80 67 0 0
93 T 63 21 65 0 0
93 T 78 90 56 0 0
93 T 71 89 85 0 0
93 T 80 60 78 0 0
93 T 72 70 58 0 0
93 T 111 109 111 1 0
93 T 117 119 117 -1 0
93 T 142 125 134 0 0
93 T 115 113 115 1 0
93 T 122 137 130 0 0
93 T 252 20 248 0 0
93 T 4 2 4 -1 0
93 T 140 323 156 0 0
93 T 162 127 326 0 0
93 T 332 120 158 0 0
93 T 139 162 329 0 0
93 T 283 93 274 0 0
93 T 246 42 141 0 0
93 T 276 39 244 0 0
93 T 143 46 278 0 0
93 T 39 44 42 0 0
93 T 43 46 33 0 0
93 T 38 31 32 0 0
93 T 30 28 30 -1 0
93 T 257 121 41 0 0
93 T 35 261 259 0 0
93 T 261 44 121 0 0
93 T 311 67 233 0 0
93 T 235 82 348 0 0
93 T 350 87 309 0 0
93 T 387 396 232 0 0
93 T 391 231 402 0 0
93 T 326 285 33 0 0
93 T 43 319 324 0 0
93 T 319 46 285 0 0
93 T 414 3 410 0 0
93 T 189 310 321 0 0
93 T 323 303 79 0 0
93 T 77 313 191 0 0
93 T 313 301 310 0 0
93 T 293 295 293 -1 0
93 T 304 315 297 0 0
93 T 186 94 168 0 0
93 T 220 146 129 0 0
93 T 224 152 137 0 0
93 T 236 133 146 0 0
93 T 243 125 152 0 0
93 T 132 195 245 0 0
93 T 125 41 195 0 0
93 T 150 326 241 0 0
93 T 154 162 148 0 0
93 T 342 129 91 0 0
93 T 101 220 340 0 0
93 T 89 144 103 0 0
93 T 67 253 106 0 0
93 T 104 249 61 0 0
93 T 106 228 170 0 0
93 T 184 233 104 0 0
93 T 271 209 124 0 0
93 T 138 202 288 0 0
93 T 128 203 70 0 0
93 T 68 291 120 0 0
93 T 356 388 166 0 0
93 T 366 362 358 0 0
93 T 386 360 180 0 0
93 T 377 390 384 0 0
93 T 338 103 236 0 0
93 T 300 56 278 0 0
93 T 276 88 322 0 0
93 T 223 212 282 0 0
93 T 215 237 275 0 0
93 T 295 206 199 0 0
93 T 331 150 226 0 0
93 T 192 318 163 0 0
93 T 100 266 194 0 0
93 T 161 46 102 0 0
93 T 266 44 318 0 0
93 T 131 257 178 0 0
93 T 176 41 138 0 0
93 T 223 400 415 0 0
93 T 398 237 411 0 0
93 T 400 116 396 0 0
93 T 225 375 36 0 0
93 T 371 240 34 0 0
93 T 226 363 67 0 0
93 T 359 243 61 0 0
93 T 268 17 291 0 0
93 T 349 303 174 0 0
93 T 172 313 86 0 0
93 T 307 355 188 0 0
93 T 307 262 69 0 0
93 T 87 334 305 0 0
93 T 334 91 262 0 0
93 T 148 370 285 0 0
93 T 374 148 266 0 0
93 T 33 199 70 0 0
93 T 304 197 257 0 0
93 T 186 255 309 0 0
93 T 299 251 168 0 0
93 T 88 44 159 0 0
93 T 87 340 200 0 0
93 T 77 209 338 0 0
93 T 183 17 165 0 0
93 T 379 377 379 1 0
93 T 333 297 174 0 0
93 T 336 133 91 0 0
93 T 211 133 57 0 0
93 T 266 39 331 0 0
93 T 355 296 78 0 0
93 T 179 103 284 0 0
93 T 204 300 246 0 0
93 T 207 36 57 0 0
93 T 229 80 355 0 0
93 T 421 423 421 -1 0
93 T 316 177 160 0 0
93 T 229 60 296 0 0
93 T 329 42 318 0 0
93 T 58 140 270 0 0
93 U 8 1 1 0 0
93 U 1 1 1 -1 0
93 U 13 5 4 0 0
93 U 50 4 4 -1 0
93 U 15 5 4 0 0
93 U 6 3 2 0 0
93 U 3 3 3 0 0
93 U 10 3 2 0 0
93 Q 55 108 54 29 0 0 0 0 0 0
93 Q 16 254 3 250 0 0 0 0 0 0
93 Q 158 24 156 17 0 0 0 0 0 0
93 Q 72 334 24 323 0 0 0 0 0 0
93 Q 272 3 281 0 0 0 0 0 0 0
93 Q 1 389 51 385 0 0 0 0 0 0
93 Q 234 96 231 1 0 0 0 0 0 0
93 Q 49 400 98 396 0 0 0 0 0 0
93 Q 395 274 118 283 0 0 0 0 0 0
93 Q 19 419 19 419 1 0 -1 0 0 0
93 Q 181 1 167 19 0 0 1 0 0 0
93 Q 417 165 422 183 0 0 0 0 0 0
93 Q 420 1 420 1 0 0 0 0 0 0
93 Q 7 413 14 408 0 0 0 0 0 0
93 Q 225 2 242 114 0 0 0 0 0 0
93 Q 112 18 112 18 1 0 -1 0 0 0
93 Q 18 240 218 227 0 0 1 0 0 0
93 Q 216 4 216 4 0 0 0 0 0 0
93 Q 170 4 184 109 0 0 0 0 0 0
93 Q 99 238 23 222 0 0 0 0 0 0
93 Q 131 1 133 97 0 1 0 0 0 -1
93 Q 144 1 146 23 0 1 0 0 0 -1
93 Q 34 95 36 112 0 0 0 0 0 0
93 Q 30 106 117 104 -1 0 0 0 -1 0
93 Q 168 379 186 28 0 0 0 0 0 0
93 Q 126 0 136 364 0 0 0 0 0 0
93 Q 366 290 3 269 0 0 0 0 0 0
93 Q 209 5 202 0 0 0 0 0 0 0
93 Q 98 380 98 380 0 0 0 0 0 0
93 Q 382 77 5 87 0 0 0 0 0 0
93 Q 85 217 79 96 0 0 0 0 0 0
93 Q 222 0 238 393 0 0 0 0 0 0
93 Q 395 103 380 101 0 0 0 0 0 0
93 Q 382 336 0 340 0 0 0 0 0 0
93 Q 0 212 118 213 0 0 0 0 0 0
93 Q 51 293 51 293 0 0 0 0 0 0
93 Q 197 18 206 49 0 0 0 0 -1 0
93 Q 375 2 369 95 0 0 0 0 0 0
93 Q 19 303 1 305 0 0 -1 0 0 0
93 Q 190 49 172 19 0 0 1 0 0 0
93 Q 51 355 1 351 0 0 0 0 0 0
93 Q 178 99 192 49 0 0 0 0 0 0
93 Q 51 244 1 259 0 -1 0 0 0 0
93 Q 347 148 3 150 0 0 0 0 0 0
93 Q 287 94 264 345 0 0 0 0 0 0
93 Q 18 360 48 358 0 0 0 0 1 0
93 Q 66 216 60 50 0 0 0 0 0 0
93 Q 23 412 50 408 0 0 0 0 0 0
93 Q 311 17 297 111 0 0 0 0 0 0
93 Q 11 26 10 27 0 0 0 0 0 0
93 Q 264 407 287 394 0 0 0 0 0 0
93 Q 172 17 190 345 0 0 0 0 0 0
93 Q 405 188 417 174 0 0 0 0 0 0
93 Q 97 83 48 82 0 0 0 0 0 0
93 Q 404 195 380 177 0 0 0 0 0 0
93 Q 108 334 346 323 0 0 0 0 0 0
93 Q 151 24 149 26 0 0 0 0 0 0
93 Q 404 48 404 48 0 0 0 0 0 0
93 Q 154 0 152 21 0 0 0 0 0 0
93 Q 422 9 423 8 0 0 0 0 -1 0
93 Q 23 7 22 6 0 0 0 0 0 0
93 Q 294 13 295 12 0 0 0 0 -1 0
93 H 27 5 3 27 27 5 0 0 0 0 0 0 0 0 0 0
