1651 A 5 0 3 -1 -3 1
1651 A 7 0 1 -2 -1 2
1651 A 10 0 7 -4 -7 4
1651 A 14 0 1 -2 -1 2
1651 A 17 0 12 -7 -12 7
1651 A 20 0 3 -6 -3 6
1651 A 20 0 13 -6 -13 6
1651 A -1 1 -176 0 176 0
1651 A 0 1 -176 0 176 0
1651 A -2 1 -84 0 84 0
1651 A 1 1 -84 0 84 0
1651 A -4 1 -97 -1 97 1
1651 A 3 1 98 -1 -98 1
1651 A -7 1 -57 -1 57 1
1651 A -7 1 -160 -3 160 3
1651 A -7 1 -188 -3 188 3
1651 A 6 1 58 -1 -58 1
1651 A 6 1 163 -3 -163 3
1651 A 6 1 191 -3 -191 3
1651 A -14 1 -41 -2 41 2
1651 A 13 1 43 -2 -43 2
1651 A 25 0 18 -11 -18 11
1651 A 28 0 1 -2 -1 2
1651 A 28 0 15 -2 -15 2
1651 A 34 0 5 -10 -5 10
1651 A -1 2 -190 1 190 -1
1651 A 5 0 1 -2 1 -2
1651 A 9 0 5 -1 5 -1
1651 A 11 0 1 -2 1 -2
1651 A 15 0 1 -2 1 -2
1651 A 15 0 11 -7 11 -7
1651 A 17 0 3 -6 3 -6
1651 A 19 0 3 -6 3 -6
1651 A 23 0 3 -6 3 -6
1651 A 25 0 1 -2 1 -2
1651 A 33 0 23 -13 23 -13
1651 A 4 0 0 -1 1 -1
1651 A 4 0 -1 -1 -2 1
1651 A 5 0 0 -1 2 -2
1651 A 5 0 1 -1 0 -2
1651 A 6 0 0 -1 -1 1
1651 A 6 0 -1 -1 2 -1
1651 A 6 0 -2 -1 -3 1
1651 A 7 0 -1 -1 1 3
1651 A 7 0 2 -1 -4 3
1651 A 7 0 -2 -1 -3 1
1651 A 7 0 4 -1 5 -3
1651 A 7 0 -1 -2 1 -3
1651 A 7 0 3 -2 2 -3
1651 A 7 0 -2 -2 4 -2
1651 A 8 0 0 -1 -3 3
1651 A 8 0 1 -1 0 3
1651 A 8 0 -1 -1 -2 1
1651 A 8 0 -2 -1 1 -3
1651 A 8 0 3 -1 2 -3
1651 A 8 0 -3 -1 4 -1
1651 A 8 0 -1 -3 4 -3
1651 A 8 0 -2 -3 -5 3
1651 A 9 0 0 -1 -1 1
1651 A 9 0 -1 -1 2 -1
1651 A 9 0 -2 -1 -3 -2
1651 A 9 0 3 -1 5 -2
1651 A 9 0 -3 -1 2 4
1651 A 9 0 4 -1 -6 4
1651 A 9 0 1 -2 -2 4
1651 A 9 0 0 -2 4 -4
1651 A 9 0 2 -2 0 -4
1651 A 9 0 -1 -2 -3 2
1651 A 9 0 -2 -2 1 4
1651 A 9 0 4 -2 -5 4
1651 A 9 0 1 -4 -3 4
1651 A 10 0 0 -1 -3 3
1651 A 10 0 1 -1 0 3
1651 A 10 0 -2 -1 -3 1
1651 A 10 0 -4 -1 -5 3
1651 A 10 0 5 -1 2 3
1651 A 10 0 -1 -3 4 -3
1651 A 11 0 0 -1 2 -2
1651 A 11 0 1 -1 0 -2
1651 A 11 0 -1 -1 3 4
1651 A 11 0 2 -1 -7 4
1651 A 11 0 -2 -1 3 -1
1651 A 11 0 -3 -1 -1 3
1651 A 11 0 4 -1 -2 3
1651 A 11 0 -4 -1 4 -3
1651 A 11 0 5 -1 -1 -3
1651 A 11 0 6 -1 2 -4
1651 A 11 0 -1 -2 -6 4
1651 A 11 0 3 -2 2 4
1651 A 11 0 -2 -2 -4 2
1651 A 11 0 -3 -2 -1 -4
1651 A 11 0 5 -2 5 -4
1651 A 11 0 -4 -2 -4 5
1651 A 11 0 6 -2 -1 5
1651 A 11 0 0 -3 -3 3
1651 A 11 0 -2 -3 3 -4
1651 A 11 0 5 -3 1 -4
1651 A 11 0 -3 -3 1 5
1651 A 11 0 6 -3 -6 5
1651 A 11 0 7 -3 8 -5
1651 A 11 0 0 -4 -5 5
1651 A 11 0 4 -4 0 5
1651 A 11 0 2 -5 3 -5
1651 A 11 0 -2 -5 -7 5
1651 A 12 0 0 -1 5 -5
1651 A 12 0 1 -1 0 -5
1651 A 12 0 -1 -1 2 5
1651 A 12 0 2 -1 -7 5
1651 A 12 0 -2 -1 -3 1
1651 A 12 0 -3 -1 8 -5
1651 A 12 0 4 -1 -3 -5
1651 A 12 0 -4 -1 5 -1
1651 A 12 0 -5 -1 -6 1
1651 A 12 0 2 -5 -3 5
1651 A 12 0 1 -5 4 -5
1651 A 12 0 -1 -5 -6 5
1651 A 13 0 0 -1 4 -4
1651 A 13 0 1 -1 0 -4
1651 A 13 0 -1 -1 -2 1
1651 A 13 0 -2 -1 1 4
1651 A 13 0 3 -1 -5 4
1651 A 13 0 -3 -1 -1 -3
1651 A 13 0 4 -1 4 -3
1651 A 13 0 -4 -1 -2 3
1651 A 13 0 5 -1 -1 3
1651 A 13 0 -5 -1 6 -1
1651 A 13 0 0 -2 2 -2
1651 A 13 0 -1 -2 -9 6
1651 A 13 0 3 -2 3 6
1651 A 13 0 -2 -2 -1 -6
1651 A 13 0 4 -2 7 -6
1651 A 13 0 -3 -2 6 -5
1651 A 13 0 5 -2 -1 -5
1651 A 13 0 -4 -2 -6 2
1651 A 13 0 -5 -2 2 5
1651 A 13 0 7 -2 -7 5
1651 A 13 0 0 -3 -3 3
1651 A 13 0 -2 -3 2 4
1651 A 13 0 5 -3 -6 4
1651 A 13 0 -3 -3 8 -4
1651 A 13 0 6 -3 -4 -4
1651 A 13 0 -4 -3 7 -3
1651 A 13 0 1 -4 3 -4
1651 A 13 0 -3 -4 -7 4
1651 A 13 0 2 -5 -1 6
1651 A 13 0 3 -5 -5 6
1651 A 13 0 1 -5 -4 5
1651 A 13 0 0 -5 6 -6
1651 A 13 0 5 -5 0 -6
1651 A 13 0 -3 -5 8 -5
1651 A 13 0 2 -6 4 -6
1651 A 13 0 -2 -6 -8 6
1651 A 14 0 -1 -1 -6 3
1651 A 14 0 2 -1 3 3
1651 A 14 0 -2 -1 -3 1
1651 A 14 0 -3 -1 -2 -3
1651 A 14 0 4 -1 5 -3
1651 A 14 0 -4 -1 -5 1
1651 A 14 0 -5 -1 -4 3
1651 A 14 0 6 -1 1 3
1651 A 14 0 1 -3 -8 5
1651 A 14 0 2 -3 3 5
1651 A 14 0 -5 -3 -4 5
1651 A 14 0 8 -3 -1 5
1651 A 14 0 2 -5 3 -5
1651 A 14 0 -1 -5 -6 5
1651 A 14 0 -4 -5 9 -5
1651 A 15 0 0 -1 2 -2
1651 A 15 0 1 -1 0 -2
1651 A 15 0 -2 -1 -3 1
1651 A 15 0 -4 -1 5 -7
1651 A 15 0 5 -1 2 -7
1651 A 15 0 -5 -1 -3 -2
1651 A 15 0 6 -1 5 -2
1651 A 15 0 8 -1 2 -4
1651 A 15 0 -4 -2 6 -7
1651 A 15 0 6 -2 1 -7
1651 A 15 0 -5 -2 1 4
1651 A 15 0 7 -2 -5 4
1651 A 15 0 0 -4 -7 7
1651 A 15 0 4 -4 0 7
1651 A 15 0 -3 -4 -7 4
1651 A 15 0 -5 -4 3 7
1651 A 15 0 9 -4 -10 7
1651 A 16 0 0 -1 5 -5
1651 A 16 0 1 -1 0 -5
1651 A 16 0 -1 -1 -2 1
1651 A 16 0 -2 -1 1 5
1651 A 16 0 3 -1 -6 5
1651 A 16 0 -3 -1 4 7
1651 A 16 0 4 -1 -11 7
1651 A 16 0 -4 -1 5 -1
1651 A 16 0 -5 -1 2 -3
1651 A 16 0 6 -1 1 -3
1651 A 16 0 -6 -1 1 -7
1651 A 16 0 7 -1 6 -7
1651 A 16 0 -7 -1 -8 3
1651 A 16 0 8 -1 5 3
1651 A 16 0 0 -3 7 -7
1651 A 16 0 3 -3 0 -7
1651 A 16 0 -1 -3 4 5
1651 A 16 0 4 -3 -9 5
1651 A 16 0 -2 -3 -5 3
1651 A 16 0 -3 -3 10 -5
1651 A 16 0 6 -3 -5 -5
1651 A 16 0 -4 -3 7 -3
1651 A 16 0 -6 -3 -5 7
1651 A 16 0 9 -3 -2 7
1651 A 16 0 2 -5 -3 5
1651 A 16 0 1 -5 4 -5
1651 A 16 0 -2 -5 -3 -7
1651 A 16 0 7 -5 10 -7
1651 A 16 0 -3 -5 -8 7
1651 A 16 0 8 -5 1 7
1651 A 16 0 3 -7 4 -7
1651 A 16 0 -2 -7 -9 7
1651 A 17 0 0 -1 7 -7
1651 A 17 0 1 -1 0 -7
1651 A 17 0 -1 -1 10 -5
1651 A 17 0 2 -1 -5 -5
1651 A 17 0 -2 -1 -9 3
1651 A 17 0 3 -1 6 3
1651 A 17 0 -4 -1 7 2
1651 A 17 0 5 -1 -9 2
1651 A 17 0 -5 -1 6 -1
1651 A 17 0 -6 -1 -6 -4
1651 A 17 0 7 -1 10 -4
1651 A 17 0 -7 -1 -6 5
1651 A 17 0 8 -1 1 5
1651 A 17 0 9 -1 1 -2
1651 A 17 0 0 -2 -5 5
1651 A 17 0 2 -2 0 5
1651 A 17 0 -1 -2 9 -6
1651 A 17 0 3 -2 -3 -6
1651 A 17 0 -2 -2 5 6
1651 A 17 0 4 -2 -11 6
1651 A 17 0 -3 -2 5 -2
1651 A 17 0 -4 -2 4 -7
1651 A 17 0 6 -2 3 -7
1651 A 17 0 -5 -2 -11 8
1651 A 17 0 7 -2 3 8
1651 A 17 0 1 -3 4 -6
1651 A 17 0 2 -3 2 -6
1651 A 17 0 0 -3 8 -8
1651 A 17 0 3 -3 0 -8
1651 A 17 0 -1 -3 -2 -7
1651 A 17 0 4 -3 9 -7
1651 A 17 0 -2 -3 -3 -5
1651 A 17 0 5 -3 8 -5
1651 A 17 0 -3 -3 -8 4
1651 A 17 0 6 -3 4 4
1651 A 17 0 -4 -3 -2 -4
1651 A 17 0 7 -3 6 -4
1651 A 17 0 10 -3 6 5
1651 A 17 0 2 -4 -4 8
1651 A 17 0 1 -4 6 -8
1651 A 17 0 3 -4 2 -8
1651 A 17 0 0 -4 6 -6
1651 A 17 0 4 -4 0 -6
1651 A 17 0 -3 -4 -7 4
1651 A 17 0 -5 -4 -7 5
1651 A 17 0 9 -4 2 5
1651 A 17 0 1 -5 2 6
1651 A 17 0 4 -5 -8 6
1651 A 17 0 -4 -5 -1 -7
1651 A 17 0 9 -5 8 -7
1651 A 17 0 1 -6 1 -8
1651 A 17 0 5 -6 7 -8
1651 A 17 0 -4 -6 -10 6
1651 A 17 0 2 -7 4 8
1651 A 17 0 5 -7 -12 8
1651 A 17 0 1 -7 6 -7
1651 A 17 0 -3 -7 9 -8
1651 A 17 0 10 -7 -1 -8
1651 A 17 0 3 -8 -5 8
1651 A 18 0 0 -1 -1 1
1651 A 18 0 -1 -1 2 -1
1651 A 18 0 -2 -1 -3 7
1651 A 18 0 3 -1 -4 7
1651 A 18 0 -3 -1 2 -5
1651 A 18 0 4 -1 3 -5
1651 A 18 0 -4 -1 5 -1
1651 A 18 0 -5 -1 -6 -5
1651 A 18 0 6 -1 11 -5
1651 A 18 0 -6 -1 5 7
1651 A 18 0 7 -1 -12 7
1651 A 18 0 -7 -1 8 -1
1651 A 18 0 -8 -1 -9 1
1651 A 18 0 1 -5 -2 7
1651 A 18 0 4 -5 -5 7
1651 A 18 0 0 -5 7 -7
1651 A 18 0 5 -5 0 -7
1651 A 18 0 -1 -5 -6 5
1651 A 18 0 -2 -5 1 7
1651 A 18 0 7 -5 -8 7
1651 A 18 0 -3 -5 -8 5
1651 A 18 0 -4 -5 9 -7
1651 A 18 0 9 -5 -2 -7
1651 A 18 0 -5 -5 4 7
1651 A 18 0 10 -5 -11 7
1651 A 18 0 1 -7 -6 7
1651 A 18 0 -3 -7 -10 7
1651 A 19 0 0 -1 -4 4
1651 A 19 0 1 -1 0 4
1651 A 19 0 -1 -1 12 -6
1651 A 19 0 2 -1 -6 -6
1651 A 19 0 -2 -1 3 -1
1651 A 19 0 -3 -1 -13 8
1651 A 19 0 4 -1 5 8
1651 A 19 0 -4 -1 -6 5
1651 A 19 0 5 -1 1 5
1651 A 19 0 -5 -1 1 3
1651 A 19 0 6 -1 -4 3
1651 A 19 0 -6 -1 -7 1
1651 A 19 0 -7 -1 5 -3
1651 A 19 0 8 -1 -2 -3
1651 A 19 0 -8 -1 -1 -2
1651 A 19 0 9 -1 3 -2
1651 A 19 0 10 -1 -1 2
1651 A 19 0 0 -2 -2 2
1651 A 19 0 -2 -2 6 -3
1651 A 19 0 4 -2 -3 -3
1651 A 19 0 -3 -2 -1 8
1651 A 19 0 5 -2 -7 8
1651 A 19 0 -4 -2 -8 9
1651 A 19 0 6 -2 -1 9
1651 A 19 0 -5 -2 3 -9
1651 A 19 0 7 -2 6 -9
1651 A 19 0 -6 -2 3 4
1651 A 19 0 8 -2 -7 4
1651 A 19 0 -7 -2 -2 -8
1651 A 19 0 9 -2 10 -8
1651 A 19 0 -8 -2 -3 -7
1651 A 19 0 10 -2 10 -7
1651 A 19 0 1 -3 4 -6
1651 A 19 0 2 -3 2 -6
1651 A 19 0 0 -3 5 -5
1651 A 19 0 3 -3 0 -5
1651 A 19 0 -4 -3 -6 8
1651 A 19 0 7 -3 -2 8
1651 A 19 0 -5 -3 6 -7
1651 A 19 0 8 -3 1 -7
1651 A 19 0 -6 -3 1 6
1651 A 19 0 9 -3 -7 6
1651 A 19 0 -7 -3 -11 9
1651 A 19 0 10 -3 2 9
1651 A 19 0 11 -3 6 7
1651 A 19 0 2 -4 14 -9
1651 A 19 0 1 -4 5 6
1651 A 19 0 3 -4 -11 6
1651 A 19 0 -1 -4 5 -4
1651 A 19 0 -2 -4 -4 9
1651 A 19 0 6 -4 -5 9
1651 A 19 0 -4 -4 3 8
1651 A 19 0 8 -4 -11 8
1651 A 19 0 -5 -4 3 5
1651 A 19 0 9 -4 -8 5
1651 A 19 0 -6 -4 -10 4
1651 A 19 0 -7 -4 9 -5
1651 A 19 0 11 -4 -4 -5
1651 A 19 0 2 -5 -8 7
1651 A 19 0 3 -5 1 7
1651 A 19 0 1 -5 1 -6
1651 A 19 0 4 -5 5 -6
1651 A 19 0 -2 -5 -4 -8
1651 A 19 0 7 -5 12 -8
1651 A 19 0 -5 -5 10 -5
1651 A 19 0 -6 -5 4 -7
1651 A 19 0 11 -5 3 -7
1651 A 19 0 12 -5 -4 8
1651 A 19 0 0 -6 -7 7
1651 A 19 0 6 -6 0 7
1651 A 19 0 -2 -6 12 -9
1651 A 19 0 8 -6 -3 -9
1651 A 19 0 -3 -6 -9 6
1651 A 19 0 -4 -6 4 9
1651 A 19 0 10 -6 -13 9
1651 A 19 0 2 -7 -3 8
1651 A 19 0 5 -7 -5 8
1651 A 19 0 -2 -7 9 -7
1651 A 19 0 -4 -7 -1 -8
1651 A 19 0 11 -7 9 -8
1651 A 19 0 -5 -7 10 -9
1651 A 19 0 12 -7 -1 -9
1651 A 19 0 0 -8 9 -9
1651 A 19 0 8 -8 0 -9
1651 A 19 0 2 -9 -7 9
1651 A 20 0 0 -1 -3 3
1651 A 20 0 1 -1 0 3
1651 A 20 0 -2 -1 -3 1
1651 A 20 0 -4 -1 5 3
1651 A 20 0 5 -1 -8 3
1651 A 20 0 -5 -1 2 -7
1651 A 20 0 6 -1 5 -7
1651 A 20 0 -7 -1 12 -9
1651 A 20 0 8 -1 -3 -9
1651 A 20 0 -9 -1 10 -7
1651 A 20 0 10 -1 -3 -7
1651 A 20 0 -1 -3 4 -3
1651 A 20 0 -2 -3 -5 -9
1651 A 20 0 5 -3 14 -9
1651 A 20 0 -6 -3 -1 7
1651 A 20 0 9 -3 -6 7
1651 A 20 0 -7 -3 10 -9
1651 A 20 0 10 -3 -1 -9
1651 A 20 0 0 -7 -9 9
1651 A 20 0 7 -7 0 9
1651 A 20 0 -4 -7 11 -7
1651 A 20 0 -5 -7 -4 9
1651 A 20 0 12 -7 -5 9
1651 A 20 0 2 -9 -7 9
1651 A -1 1 -22 0 169 0
1651 A -1 1 -25 0 -33 0
1651 A -1 1 -29 0 57 0
1651 A -1 1 -30 0 179 0
1651 A -1 1 -36 0 -195 0
1651 A -1 1 -39 0 -180 0
1651 A -1 1 -43 0 -48 0
1651 A -1 1 -54 0 -130 0
1651 A -1 1 -58 0 -178 0
1651 A -1 1 -60 0 -117 0
1651 A -1 1 -61 0 -88 0
1651 A -1 1 -72 0 109 0
1651 A -1 1 -78 0 -90 0
1651 A -1 1 -79 0 -115 0
1651 A -1 1 -89 0 -116 0
1651 A -1 1 -94 0 145 0
1651 A -1 1 -111 0 160 0
1651 A -1 1 -120 0 148 0
1651 A -1 1 -121 0 -157 0
1651 A -1 1 -131 0 -186 0
1651 A -1 1 -149 0 158 0
1651 A 0 1 -22 0 169 0
1651 A 0 1 -25 0 -33 0
1651 A 0 1 -29 0 57 0
1651 A 0 1 -30 0 179 0
1651 A 0 1 -36 0 -195 0
1651 A 0 1 -39 0 -180 0
1651 A 0 1 -43 0 -48 0
1651 A 0 1 -54 0 -130 0
1651 A 0 1 -58 0 -178 0
1651 A 0 1 -60 0 -117 0
1651 A 0 1 -61 0 -88 0
1651 A 0 1 -72 0 109 0
1651 A 0 1 -78 0 -90 0
1651 A 0 1 -79 0 -115 0
1651 A 0 1 -89 0 -116 0
1651 A 0 1 -94 0 145 0
1651 A 0 1 -111 0 160 0
1651 A 0 1 -120 0 148 0
1651 A 0 1 -121 0 -157 0
1651 A 0 1 -131 0 -186 0
1651 A 0 1 -149 0 158 0
1651 A -2 1 -21 0 -79 0
1651 A -2 1 -27 0 123 0
1651 A -2 1 -28 0 -161 -1
1651 A -2 1 -33 0 -88 0
1651 A -2 1 -36 0 194 1
1651 A -2 1 -41 0 81 0
1651 A -2 1 -42 0 166 1
1651 A -2 1 -43 0 -191 -1
1651 A -2 1 -54 0 -144 -1
1651 A -2 1 -56 0 126 0
1651 A -2 1 -62 0 -87 0
1651 A -2 1 -63 0 112 0
1651 A -2 1 -77 0 -97 0
1651 A -2 1 -82 0 -165 -1
1651 A -2 1 -86 0 111 0
1651 A -2 1 -94 0 -179 -1
1651 A -2 1 -124 0 162 1
1651 A -2 1 -156 -1 195 1
1651 A -2 1 -160 -1 -185 -1
1651 A -2 1 -167 -1 192 1
1651 A 1 1 -21 0 -79 0
1651 A 1 1 -27 0 123 0
1651 A 1 1 -28 0 -162 1
1651 A 1 1 -33 0 -88 0
1651 A 1 1 -36 0 195 -1
1651 A 1 1 -41 0 81 0
1651 A 1 1 -42 0 167 -1
1651 A 1 1 -43 0 -192 1
1651 A 1 1 -54 0 -145 1
1651 A 1 1 -56 0 126 0
1651 A 1 1 -62 0 -87 0
1651 A 1 1 -63 0 112 0
1651 A 1 1 -77 0 -97 0
1651 A 1 1 -82 0 -166 1
1651 A 1 1 -86 0 111 0
1651 A 1 1 -94 0 -180 1
1651 A 1 1 -124 0 163 -1
1651 A 1 1 157 -1 -196 1
1651 A 1 1 161 -1 186 -1
1651 A 1 1 168 -1 -193 1
1651 A -3 1 -24 0 -189 -1
1651 A -3 1 -27 0 -31 0
1651 A -3 1 -36 0 -125 -1
1651 A -3 1 -40 0 -196 -1
1651 A -3 1 -50 0 173 1
1651 A -3 1 -55 0 157 1
1651 A -3 1 -57 0 -144 -1
1651 A -3 1 -63 0 -130 -1
1651 A -3 1 -73 0 -129 -1
1651 A -3 1 -80 0 107 1
1651 A -3 1 -88 -1 195 1
1651 A -3 1 -92 -1 -169 -1
1651 A -3 1 -96 -1 179 1
1651 A -3 1 -108 -1 148 1
1651 A -3 1 -114 -1 151 1
1651 A -3 1 -181 -1 -186 -1
1651 A 2 1 -24 0 -190 1
1651 A 2 1 -27 0 -31 0
1651 A 2 1 -36 0 -126 1
1651 A 2 1 -40 0 -197 1
1651 A 2 1 -50 0 174 -1
1651 A 2 1 -55 0 158 -1
1651 A 2 1 -57 0 -145 1
1651 A 2 1 -63 0 -131 1
1651 A 2 1 -73 0 -130 1
1651 A 2 1 -80 0 108 -1
1651 A 2 1 89 -1 -196 1
1651 A 2 1 93 -1 170 -1
1651 A 2 1 97 -1 -180 1
1651 A 2 1 109 -1 -149 1
1651 A 2 1 115 -1 -152 1
1651 A 2 1 182 -1 187 -1
1651 A -4 1 -21 0 77 1
1651 A -4 1 -22 0 58 0
1651 A -4 1 -23 0 37 0
1651 A -4 1 -24 0 120 1
1651 A -4 1 -26 0 -49 0
1651 A -4 1 -28 0 163 1
1651 A -4 1 -29 0 44 0
1651 A -4 1 -41 0 -110 -1
1651 A -4 1 -42 0 -168 -1
1651 A -4 1 -43 0 -164 -1
1651 A -4 1 -56 0 -125 -1
1651 A -4 1 -57 0 -78 -1
1651 A -4 1 -60 -1 -162 -1
1651 A -4 1 -70 -1 -193 -2
1651 A -4 1 -72 -1 147 1
1651 A -4 1 -79 -1 -124 -1
1651 A -4 1 -80 -1 -82 -1
1651 A -4 1 -83 -1 -123 -1
1651 A -4 1 -84 -1 -190 -2
1651 A -4 1 -85 -1 -183 -2
1651 A -4 1 -88 -1 -93 -1
1651 A -4 1 -95 -1 -172 -1
1651 A -4 1 -108 -1 144 1
1651 A -4 1 -109 -1 -169 -1
1651 A -4 1 -122 -1 -191 -2
1651 A -4 1 -145 -1 170 1
1651 A -4 1 -158 -1 -194 -2
1651 A -4 1 -165 -1 -167 -1
1651 A -4 1 -184 -2 -189 -2
1651 A 3 1 -21 0 78 -1
1651 A 3 1 -22 0 58 0
1651 A 3 1 -23 0 37 0
1651 A 3 1 -24 0 121 -1
1651 A 3 1 -26 0 -49 0
1651 A 3 1 -28 0 164 -1
1651 A 3 1 -29 0 44 0
1651 A 3 1 -41 0 -111 1
1651 A 3 1 -42 0 -169 1
1651 A 3 1 -43 0 -165 1
1651 A 3 1 -56 0 -126 1
1651 A 3 1 -57 0 -79 1
1651 A 3 1 61 -1 163 -1
1651 A 3 1 71 -1 195 -2
1651 A 3 1 73 -1 -148 1
1651 A 3 1 80 -1 125 -1
1651 A 3 1 81 -1 83 -1
1651 A 3 1 84 -1 124 -1
1651 A 3 1 85 -1 192 -2
1651 A 3 1 86 -1 185 -2
1651 A 3 1 89 -1 94 -1
1651 A 3 1 96 -1 173 -1
1651 A 3 1 109 -1 -145 1
1651 A 3 1 110 -1 170 -1
1651 A 3 1 123 -1 193 -2
1651 A 3 1 146 -1 -171 1
1651 A 3 1 159 -1 196 -2
1651 A 3 1 166 -1 168 -1
1651 A 3 1 186 -2 191 -2
1651 A -5 1 -21 0 155 2
1651 A -5 1 -22 0 -54 -1
1651 A -5 1 -32 0 193 2
1651 A -5 1 -38 0 52 1
1651 A -5 1 -41 0 159 2
1651 A -5 1 -63 -1 116 1
1651 A -5 1 -71 -1 -178 -2
1651 A -5 1 -77 -1 -127 -1
1651 A -5 1 -89 -1 -142 -2
1651 A -5 1 -98 -1 196 2
1651 A -5 1 -123 -1 149 2
1651 A -5 1 -131 -1 -146 -2
1651 A -5 1 -132 -1 167 2
1651 A 4 1 -21 0 157 -2
1651 A 4 1 -22 0 -55 1
1651 A 4 1 -32 0 195 -2
1651 A 4 1 -38 0 53 -1
1651 A 4 1 -41 0 161 -2
1651 A 4 1 64 -1 -117 1
1651 A 4 1 72 -1 180 -2
1651 A 4 1 78 -1 128 -1
1651 A 4 1 90 -1 144 -2
1651 A 4 1 99 -1 -198 2
1651 A 4 1 124 -1 -151 2
1651 A 4 1 132 -1 148 -2
1651 A 4 1 133 -1 -169 2
1651 A 21 0 -5 -1 3 10
1651 A 21 0 6 -1 -13 10
1651 A 21 0 -8 -1 -6 10
1651 A 21 0 9 -1 -4 10
1651 A 21 0 -9 -1 -10 1
1651 A 21 0 11 -1 5 -10
1651 A 21 0 1 -2 13 -5
1651 A 21 0 -1 -2 15 -10
1651 A 21 0 3 -2 -5 -10
1651 A 21 0 -2 -2 4 -2
1651 A 21 0 -3 -2 -2 5
1651 A 21 0 5 -2 -3 5
1651 A 21 0 -6 -2 -8 2
1651 A 21 0 -8 -2 1 4
1651 A 21 0 10 -2 -5 4
1651 A 21 0 -9 -2 4 5
1651 A 21 0 11 -2 -9 5
1651 A 21 0 2 -4 -4 8
1651 A 21 0 1 -4 6 -8
1651 A 21 0 3 -4 2 -8
1651 A 21 0 -2 -4 -3 -5
1651 A 21 0 6 -4 8 -5
1651 A 21 0 -6 -4 -1 -8
1651 A 21 0 10 -4 9 -8
1651 A 21 0 -8 -4 -6 -5
1651 A 21 0 12 -4 11 -5
1651 A 21 0 -5 -5 10 -5
1651 A 21 0 3 -8 -5 8
1651 A 21 0 -4 -8 -12 8
1651 A -6 1 -22 0 129 2
1651 A -6 1 -23 0 -71 -1
1651 A -6 1 -24 0 -185 -3
1651 A -6 1 -36 -1 -110 -1
1651 A -6 1 -47 -1 -111 -1
1651 A -6 1 -52 -1 -78 -1
1651 A -6 1 -54 -1 90 1
1651 A -6 1 -61 -1 -113 -1
1651 A -6 1 -95 -1 181 2
1651 A -6 1 -99 -1 -123 -2
1651 A -6 1 -119 -2 174 2
1651 A -6 1 -157 -2 -161 -2
1651 A -6 1 -175 -2 187 2
1651 A -6 1 -183 -2 -191 -3
1651 A 5 1 -22 0 131 -2
1651 A 5 1 -23 0 -72 1
1651 A 5 1 -24 0 -188 3
1651 A 5 1 37 -1 111 -1
1651 A 5 1 48 -1 112 -1
1651 A 5 1 53 -1 79 -1
1651 A 5 1 55 -1 -91 1
1651 A 5 1 62 -1 114 -1
1651 A 5 1 96 -1 -183 2
1651 A 5 1 100 -1 125 -2
1651 A 5 1 121 -2 -176 2
1651 A 5 1 159 -2 163 -2
1651 A 5 1 177 -2 -189 2
1651 A 5 1 185 -2 194 -3
1651 A -7 1 -22 0 -55 -1
1651 A -7 1 -23 0 -157 -3
1651 A -7 1 -29 0 183 3
1651 A -7 1 -31 0 -37 -1
1651 A -7 1 -32 0 114 2
1651 A -7 1 -33 0 -172 -3
1651 A -7 1 -34 0 160 2
1651 A -7 1 -29 -1 -125 -2
1651 A -7 1 -36 -1 113 2
1651 A -7 1 -39 -1 -82 -1
1651 A -7 1 -40 -1 192 3
1651 A -7 1 -54 -1 -158 -3
1651 A -7 1 -59 -1 117 2
1651 A -7 1 -60 -1 149 2
1651 A -7 1 -61 -1 80 1
1651 A -7 1 -62 -1 -190 -3
1651 A -7 1 -64 -1 127 2
1651 A -7 1 -72 -1 130 2
1651 A -7 1 -74 -1 170 3
1651 A -7 1 -79 -1 -150 -2
1651 A -7 1 -81 -1 191 3
1651 A -7 1 -86 -1 123 2
1651 A -7 1 -87 -1 -107 -2
1651 A -7 1 -90 -1 -176 -3
1651 A -7 1 -92 -1 -195 -3
1651 A -7 1 -92 -2 155 3
1651 A -7 1 -94 -2 -177 -3
1651 A -7 1 -108 -2 124 2
1651 A -7 1 -115 -2 173 3
1651 A -7 1 -118 -2 -148 -2
1651 A -7 1 -122 -2 -163 -3
1651 A -7 1 -145 -2 -165 -3
1651 A -7 1 -159 -2 171 3
1651 A 6 1 -22 0 -56 1
1651 A 6 1 -23 0 -160 3
1651 A 6 1 -29 0 186 -3
1651 A 6 1 -31 0 -38 1
1651 A 6 1 -32 0 116 -2
1651 A 6 1 -33 0 -175 3
1651 A 6 1 -34 0 162 -2
1651 A 6 1 30 -1 127 -2
1651 A 6 1 37 -1 -115 2
1651 A 6 1 40 -1 83 -1
1651 A 6 1 41 -1 -195 3
1651 A 6 1 55 -1 161 -3
1651 A 6 1 60 -1 -119 2
1651 A 6 1 61 -1 -151 2
1651 A 6 1 62 -1 -81 1
1651 A 6 1 63 -1 193 -3
1651 A 6 1 65 -1 -129 2
1651 A 6 1 73 -1 -132 2
1651 A 6 1 75 -1 -173 3
1651 A 6 1 80 -1 152 -2
1651 A 6 1 82 -1 -194 3
1651 A 6 1 87 -1 -125 2
1651 A 6 1 88 -1 109 -2
1651 A 6 1 91 -1 179 -3
1651 A 6 1 93 -1 198 -3
1651 A 6 1 94 -2 -158 3
1651 A 6 1 96 -2 180 -3
1651 A 6 1 110 -2 -126 2
1651 A 6 1 117 -2 -176 3
1651 A 6 1 120 -2 150 -2
1651 A 6 1 124 -2 166 -3
1651 A 6 1 147 -2 168 -3
1651 A 6 1 161 -2 -174 3
1651 A -8 1 -22 0 56 1
1651 A -8 1 -23 0 86 2
1651 A -8 1 -24 0 191 3
1651 A -8 1 -24 -1 36 1
1651 A -8 1 -25 -1 175 3
1651 A -8 1 -26 -1 61 1
1651 A -8 1 -33 -1 -159 -3
1651 A -8 1 -37 -1 -174 -3
1651 A -8 1 -53 -1 -107 -2
1651 A -8 1 -57 -1 -85 -2
1651 A -8 1 -58 -1 -119 -2
1651 A -8 1 -74 -1 127 2
1651 A -8 1 -79 -1 108 2
1651 A -8 1 -81 -1 -121 -2
1651 A -8 1 -82 -1 -83 -2
1651 A -8 1 -84 -2 -120 -2
1651 A -8 1 -91 -2 -182 -3
1651 A -8 1 -95 -2 -145 -3
1651 A -8 1 -115 -2 -155 -3
1651 A -8 1 -116 -2 143 3
1651 A -8 1 -133 -2 -168 -3
1651 A -8 1 -142 -3 154 3
1651 A -8 1 -180 -3 -191 -4
1651 A 7 1 -22 0 57 -1
1651 A 7 1 -23 0 88 -2
1651 A 7 1 -24 0 194 -3
1651 A 7 1 25 -1 -37 1
1651 A 7 1 26 -1 -178 3
1651 A 7 1 27 -1 -62 1
1651 A 7 1 34 -1 162 -3
1651 A 7 1 38 -1 177 -3
1651 A 7 1 54 -1 109 -2
1651 A 7 1 58 -1 87 -2
1651 A 7 1 59 -1 121 -2
1651 A 7 1 75 -1 -129 2
1651 A 7 1 80 -1 -110 2
1651 A 7 1 82 -1 123 -2
1651 A 7 1 83 -1 85 -2
1651 A 7 1 86 -2 122 -2
1651 A 7 1 93 -2 185 -3
1651 A 7 1 97 -2 148 -3
1651 A 7 1 117 -2 158 -3
1651 A 7 1 118 -2 -146 3
1651 A 7 1 135 -2 171 -3
1651 A 7 1 145 -3 -157 3
1651 A 7 1 183 -3 195 -4
1651 A 22 0 -8 -1 9 -1
1651 A 22 0 -9 -1 4 -7
1651 A 22 0 10 -1 3 -7
1651 A 22 0 -10 -1 -11 9
1651 A 22 0 11 -1 2 9
1651 A 22 0 0 -3 -3 3
1651 A 22 0 -2 -3 3 7
1651 A 22 0 5 -3 -10 7
1651 A 22 0 -3 -3 -10 5
1651 A 22 0 6 -3 5 5
1651 A 22 0 -4 -3 -3 -5
1651 A 22 0 7 -3 8 -5
1651 A 22 0 -5 -3 -6 5
1651 A 22 0 8 -3 1 5
1651 A 22 0 -8 -3 -11 3
1651 A 22 0 2 -5 3 -5
1651 A 22 0 1 -5 -6 -9
1651 A 22 0 4 -5 15 -9
1651 A 22 0 -2 -5 -7 5
1651 A 22 0 -4 -5 -9 5
1651 A 22 0 -6 -5 11 -7
1651 A 22 0 11 -5 -4 -7
1651 A 22 0 -8 -5 13 -5
1651 A 22 0 2 -7 3 9
1651 A 22 0 5 -7 -12 9
1651 A 22 0 2 -9 -7 9
1651 A 22 0 -1 -9 10 -9
1651 A 22 0 -4 -9 -13 9
1651 A -9 1 -24 0 -83 -2
1651 A -9 1 -26 0 47 1
1651 A -9 1 -22 -1 -183 -4
1651 A -9 1 -23 -1 -170 -3
1651 A -9 1 -24 -1 120 3
1651 A -9 1 -27 -1 -193 -4
1651 A -9 1 -30 -1 172 3
1651 A -9 1 -33 -1 -109 -2
1651 A -9 1 -38 -1 -191 -4
1651 A -9 1 -49 -1 74 2
1651 A -9 1 -54 -1 68 1
1651 A -9 1 -55 -1 117 3
1651 A -9 1 -57 -1 -142 -3
1651 A -9 1 -63 -1 110 2
1651 A -9 1 -64 -1 -75 -2
1651 A -9 1 -67 -1 -116 -2
1651 A -9 1 -76 -2 111 2
1651 A -9 1 -124 -2 -186 -4
1651 A -9 1 -119 -3 169 3
1651 A -9 1 -121 -3 -177 -4
1651 A -9 1 -127 -3 -175 -4
1651 A -9 1 -164 -3 190 4
1651 A -9 1 -171 -3 -182 -4
1651 A 8 1 -24 0 -85 2
1651 A 8 1 -26 0 48 -1
1651 A 8 1 23 -1 187 -4
1651 A 8 1 24 -1 173 -3
1651 A 8 1 25 -1 -123 3
1651 A 8 1 28 -1 197 -4
1651 A 8 1 31 -1 -175 3
1651 A 8 1 34 -1 111 -2
1651 A 8 1 39 -1 195 -4
1651 A 8 1 50 -1 -76 2
1651 A 8 1 55 -1 -69 1
1651 A 8 1 56 -1 -120 3
1651 A 8 1 58 -1 145 -3
1651 A 8 1 64 -1 -112 2
1651 A 8 1 65 -1 77 -2
1651 A 8 1 68 -1 118 -2
1651 A 8 1 78 -2 -113 2
1651 A 8 1 126 -2 190 -4
1651 A 8 1 122 -3 -172 3
1651 A 8 1 124 -3 181 -4
1651 A 8 1 130 -3 179 -4
1651 A 8 1 167 -3 -194 4
1651 A 8 1 174 -3 186 -4
1651 A -10 1 -23 0 145 3
1651 A -10 1 -26 0 -48 -1
1651 A -10 1 -17 -1 -119 -3
1651 A -10 1 -27 -1 58 1
1651 A -10 1 -30 -1 -68 -2
1651 A -10 1 -34 -1 -60 -2
1651 A -10 1 -50 -1 89 2
1651 A -10 1 -56 -1 -181 -4
1651 A -10 1 -65 -1 -94 -2
1651 A -10 1 -66 -1 109 3
1651 A -10 1 -73 -2 99 2
1651 A -10 1 -85 -2 166 4
1651 A -10 1 -100 -2 -157 -4
1651 A -10 1 -112 -2 111 3
1651 A -10 1 -103 -3 -168 -4
1651 A -10 1 -105 -3 -191 -4
1651 A -10 1 -117 -3 179 4
1651 A -10 1 -123 -3 190 5
1651 A -10 1 -151 -3 189 5
1651 A -10 1 -146 -4 -152 -4
1651 A 9 1 -23 0 148 -3
1651 A 9 1 -26 0 -49 1
1651 A 9 1 18 -1 122 -3
1651 A 9 1 28 -1 -59 1
1651 A 9 1 31 -1 70 -2
1651 A 9 1 35 -1 62 -2
1651 A 9 1 51 -1 -91 2
1651 A 9 1 57 -1 185 -4
1651 A 9 1 66 -1 96 -2
1651 A 9 1 67 -1 -112 3
1651 A 9 1 75 -2 -101 2
1651 A 9 1 87 -2 -170 4
1651 A 9 1 102 -2 161 -4
1651 A 9 1 114 -2 -114 3
1651 A 9 1 106 -3 172 -4
1651 A 9 1 108 -3 195 -4
1651 A 9 1 120 -3 -183 4
1651 A 9 1 126 -3 -195 5
1651 A 9 1 154 -3 -194 5
1651 A 9 1 150 -4 156 -4
1651 A -11 1 -23 0 69 2
1651 A -11 1 -24 0 87 2
1651 A -11 1 -16 -1 122 3
1651 A -11 1 -25 -1 192 5
1651 A -11 1 -28 -1 173 5
1651 A -11 1 -31 -1 104 3
1651 A -11 1 -34 -1 71 2
1651 A -11 1 -52 -1 -61 -2
1651 A -11 1 -57 -1 78 2
1651 A -11 1 -60 -1 177 4
1651 A -11 1 -56 -2 92 2
1651 A -11 1 -57 -2 148 4
1651 A -11 1 -75 -2 -102 -2
1651 A -11 1 -77 -2 -188 -5
1651 A -11 1 -92 -3 126 3
1651 A -11 1 -108 -3 -160 -4
1651 A -11 1 -113 -3 -185 -5
1651 A -11 1 -120 -3 -144 -4
1651 A -11 1 -133 -3 175 5
1651 A -11 1 -138 -4 -195 -5
1651 A 10 1 -23 0 71 -2
1651 A 10 1 -24 0 89 -2
1651 A 10 1 17 -1 -125 3
1651 A 10 1 26 -1 -197 5
1651 A 10 1 29 -1 -178 5
1651 A 10 1 32 -1 -107 3
1651 A 10 1 35 -1 -73 2
1651 A 10 1 53 -1 63 -2
1651 A 10 1 58 -1 -80 2
1651 A 10 1 61 -1 -181 4
1651 A 10 1 58 -2 -94 2
1651 A 10 1 59 -2 -152 4
1651 A 10 1 77 -2 104 -2
1651 A 10 1 79 -2 193 -5
1651 A 10 1 95 -3 -129 3
1651 A 10 1 111 -3 164 -4
1651 A 10 1 116 -3 190 -5
1651 A 10 1 123 -3 148 -4
1651 A 10 1 136 -3 -180 5
1651 A 10 1 142 -4 200 -5
1651 A 23 0 12 -1 -5 10
1651 A 23 0 1 -2 9 5
1651 A 23 0 -1 -2 -3 2
1651 A 23 0 -3 -2 -10 4
1651 A 23 0 5 -2 6 4
1651 A 23 0 -9 -2 -4 7
1651 A 23 0 11 -2 -3 7
1651 A 23 0 -10 -2 12 -2
1651 A 23 0 -1 -3 13 -4
1651 A 23 0 4 -3 -9 -4
1651 A 23 0 -2 -3 5 -3
1651 A 23 0 -4 -3 4 -5
1651 A 23 0 7 -3 1 -5
1651 A 23 0 -7 -3 -7 9
1651 A 23 0 10 -3 -2 9
1651 A 23 0 13 -3 6 11
1651 A 23 0 2 -4 16 -9
1651 A 23 0 -1 -5 13 -7
1651 A 23 0 6 -5 -6 -7
1651 A 23 0 -4 -5 5 10
1651 A 23 0 9 -5 -15 10
1651 A 23 0 -5 -5 5 9
1651 A 23 0 10 -5 -14 9
1651 A 23 0 -3 -6 -1 -7
1651 A 23 0 9 -6 8 -7
1651 A 23 0 -4 -6 -9 10
1651 A 23 0 10 -6 -1 10
1651 A 23 0 -8 -6 2 9
1651 A 23 0 14 -6 -11 9
1651 A 23 0 0 -7 -10 10
1651 A 23 0 7 -7 0 10
1651 A 23 0 15 -7 -4 8
1651 A 23 0 -3 -9 12 -9
1651 A 23 0 -4 -9 -6 -10
1651 A 23 0 13 -9 16 -10
1651 A 23 0 2 -10 -8 10
1651 A -12 1 -12 -1 123 3
1651 A -12 1 -15 -1 -162 -5
1651 A -12 1 -16 -1 -193 -5
1651 A -12 1 -25 -1 -126 -3
1651 A -12 1 -26 -1 -31 -1
1651 A -12 1 -32 -1 -125 -3
1651 A -12 1 -35 -1 46 1
1651 A -12 1 -41 -1 48 2
1651 A -12 1 -44 -1 110 3
1651 A -12 1 -51 -1 -125 -4
1651 A -12 1 -50 -2 -57 -2
1651 A -12 1 -58 -2 89 2
1651 A -12 1 -63 -2 165 4
1651 A -12 1 -73 -2 94 2
1651 A -12 1 -77 -2 -199 -5
1651 A -12 1 -90 -2 -148 -4
1651 A -12 1 -93 -3 121 4
1651 A -12 1 -108 -3 -186 -5
1651 A -12 1 -111 -3 -116 -3
1651 A -12 1 -128 -3 -156 -5
1651 A -12 1 -118 -4 -126 -4
1651 A -12 1 -143 -4 -154 -5
1651 A -12 1 -161 -5 -194 -5
1651 A 11 1 13 -1 -126 3
1651 A 11 1 16 -1 167 -5
1651 A 11 1 17 -1 198 -5
1651 A 11 1 26 -1 129 -3
1651 A 11 1 27 -1 32 -1
1651 A 11 1 33 -1 128 -3
1651 A 11 1 36 -1 -47 1
1651 A 11 1 42 -1 -50 2
1651 A 11 1 45 -1 -113 3
1651 A 11 1 52 -1 129 -4
1651 A 11 1 52 -2 59 -2
1651 A 11 1 60 -2 -91 2
1651 A 11 1 65 -2 -169 4
1651 A 11 1 75 -2 -96 2
1651 A 11 1 79 -2 204 -5
1651 A 11 1 92 -2 152 -4
1651 A 11 1 96 -3 -125 4
1651 A 11 1 111 -3 191 -5
1651 A 11 1 114 -3 119 -3
1651 A 11 1 131 -3 161 -5
1651 A 11 1 122 -4 130 -4
1651 A 11 1 147 -4 159 -5
1651 A 11 1 166 -5 199 -5
1651 A -13 1 -12 -1 -65 -2
1651 A -13 1 -15 -1 48 1
1651 A -13 1 -16 -1 118 3
1651 A -13 1 -26 -1 -183 -5
1651 A -13 1 -29 -1 -110 -3
1651 A -13 1 -36 -1 -144 -5
1651 A -13 1 -46 -1 -96 -3
1651 A -13 1 -53 -1 -185 -5
1651 A -13 1 -55 -1 120 3
1651 A -13 1 -51 -2 -94 -3
1651 A -13 1 -52 -2 -85 -3
1651 A -13 1 -79 -2 116 4
1651 A -13 1 -83 -2 -183 -6
1651 A -13 1 -80 -3 -114 -3
1651 A -13 1 -97 -3 -140 -5
1651 A -13 1 -130 -4 194 6
1651 A -13 1 -157 -5 186 6
1651 A 12 1 13 -1 67 -2
1651 A 12 1 16 -1 -49 1
1651 A 12 1 17 -1 -121 3
1651 A 12 1 27 -1 188 -5
1651 A 12 1 30 -1 113 -3
1651 A 12 1 37 -1 149 -5
1651 A 12 1 47 -1 99 -3
1651 A 12 1 54 -1 190 -5
1651 A 12 1 56 -1 -123 3
1651 A 12 1 53 -2 97 -3
1651 A 12 1 54 -2 88 -3
1651 A 12 1 81 -2 -120 4
1651 A 12 1 85 -2 189 -6
1651 A 12 1 83 -3 117 -3
1651 A 12 1 100 -3 145 -5
1651 A 12 1 134 -4 -200 6
1651 A 12 1 162 -5 -192 6
1651 A 24 0 -6 -5 -11 5
1651 A 24 0 -7 -5 -12 11
1651 A 24 0 12 -5 1 11
1651 A 24 0 2 -7 -1 11
1651 A 24 0 5 -7 -10 11
1651 A 24 0 1 -7 -6 7
1651 A 24 0 -3 -11 -14 11
1651 A -14 1 -15 -1 -27 -1
1651 A -14 1 -22 -1 197 6
1651 A -14 1 -24 -1 33 1
1651 A -14 1 -29 -1 -55 -2
1651 A -14 1 -30 -1 200 6
1651 A -14 1 -34 -1 48 1
1651 A -14 1 -43 -1 -111 -4
1651 A -14 1 -43 -2 120 4
1651 A -14 1 -50 -2 183 6
1651 A -14 1 -51 -2 -171 -5
1651 A -14 1 -54 -2 199 6
1651 A -14 1 -59 -2 -142 -5
1651 A -14 1 -60 -2 100 3
1651 A -14 1 -76 -2 -162 -6
1651 A -14 1 -78 -2 -118 -4
1651 A -14 1 -71 -3 -174 -6
1651 A -14 1 -72 -3 144 5
1651 A -14 1 -87 -3 -156 -5
1651 A -14 1 -97 -3 160 6
1651 A -14 1 -99 -3 141 5
1651 A -14 1 -100 -4 -108 -4
1651 A -14 1 -102 -4 121 4
1651 A -14 1 -110 -4 192 6
1651 A -14 1 -117 -4 157 5
1651 A -14 1 -139 -5 195 6
1651 A -14 1 -172 -5 184 6
1651 A -14 1 -159 -6 178 6
1651 A 13 1 16 -1 28 -1
1651 A 13 1 23 -1 -203 6
1651 A 13 1 25 -1 -34 1
1651 A 13 1 30 -1 57 -2
1651 A 13 1 31 -1 -206 6
1651 A 13 1 35 -1 -49 1
1651 A 13 1 44 -1 115 -4
1651 A 13 1 45 -2 -124 4
1651 A 13 1 52 -2 -189 6
1651 A 13 1 53 -2 176 -5
1651 A 13 1 56 -2 -205 6
1651 A 13 1 61 -2 147 -5
1651 A 13 1 62 -2 -103 3
1651 A 13 1 78 -2 168 -6
1651 A 13 1 80 -2 122 -4
1651 A 13 1 74 -3 180 -6
1651 A 13 1 75 -3 -149 5
1651 A 13 1 90 -3 161 -5
1651 A 13 1 100 -3 -166 6
1651 A 13 1 102 -3 -146 5
1651 A 13 1 104 -4 112 -4
1651 A 13 1 106 -4 -125 4
1651 A 13 1 114 -4 -198 6
1651 A 13 1 121 -4 -162 5
1651 A 13 1 144 -5 -201 6
1651 A 13 1 177 -5 -190 6
1651 A 13 1 165 -6 -184 6
1651 A -15 1 -14 -1 28 1
1651 A -15 1 -17 -1 -187 -7
1651 A -15 1 -25 -1 -64 -3
1651 A -15 1 -31 -1 104 3
1651 A -15 1 -45 -1 90 3
1651 A -15 1 -35 -2 -70 -3
1651 A -15 1 -45 -2 63 3
1651 A -15 1 -56 -2 -192 -7
1651 A -15 1 -57 -2 147 5
1651 A -15 1 -62 -2 -147 -6
1651 A -15 1 -69 -2 -168 -6
1651 A -15 1 -66 -3 114 4
1651 A -15 1 -73 -3 87 3
1651 A -15 1 -96 -3 130 4
1651 A -15 1 -103 -4 112 4
1651 A -15 1 -124 -4 133 4
1651 A -15 1 -146 -5 191 7
1651 A -15 1 -173 -6 184 7
1651 A -15 1 -176 -7 -181 -7
1651 A 14 1 15 -1 -29 1
1651 A 14 1 18 -1 194 -7
1651 A 14 1 26 -1 67 -3
1651 A 14 1 32 -1 -107 3
1651 A 14 1 46 -1 -93 3
1651 A 14 1 37 -2 73 -3
1651 A 14 1 47 -2 -66 3
1651 A 14 1 58 -2 199 -7
1651 A 14 1 59 -2 -152 5
1651 A 14 1 64 -2 153 -6
1651 A 14 1 71 -2 174 -6
1651 A 14 1 69 -3 -118 4
1651 A 14 1 76 -3 -90 3
1651 A 14 1 99 -3 -134 4
1651 A 14 1 107 -4 -116 4
1651 A 14 1 128 -4 -137 4
1651 A 14 1 151 -5 -198 7
1651 A 14 1 179 -6 -191 7
1651 A 14 1 183 -7 188 -7
1651 A -16 1 -16 -1 -70 -2
1651 A -16 1 -26 -1 -107 -4
1651 A -16 1 -32 -1 -36 -2
1651 A -16 1 -47 -1 -66 -3
1651 A -16 1 -111 -5 157 6
1651 A -16 1 -113 -5 -123 -5
1651 A -16 1 -127 -5 194 7
1651 A -16 1 -159 -6 -162 -7
1651 A 15 1 17 -1 72 -2
1651 A 15 1 27 -1 111 -4
1651 A 15 1 33 -1 38 -2
1651 A 15 1 48 -1 69 -3
1651 A 15 1 116 -5 -163 6
1651 A 15 1 118 -5 128 -5
1651 A 15 1 132 -5 -201 7
1651 A 15 1 165 -6 169 -7
1651 A 26 0 -3 -5 8 -5
1651 A 26 0 -5 -5 10 -5
1651 A 26 0 1 -7 2 -11
1651 A 26 0 6 -7 9 -11
1651 A 26 0 -4 -7 11 -7
1651 A 26 0 0 -11 11 -11
1651 A 26 0 -2 -11 13 -11
1651 A -17 1 -57 -2 152 7
1651 A -17 1 -114 -4 -122 -5
1651 A -17 1 -116 -4 190 7
1651 A -17 1 -119 -5 183 8
1651 A -17 1 -123 -5 145 6
1651 A -17 1 -137 -6 -185 -8
1651 A 16 1 59 -2 -159 7
1651 A 16 1 118 -4 127 -5
1651 A 16 1 120 -4 -197 7
1651 A 16 1 124 -5 -191 8
1651 A 16 1 128 -5 -151 6
1651 A 16 1 143 -6 193 -8
1651 A -18 1 -17 -1 118 6
1651 A -18 1 -23 -1 120 6
1651 A 17 1 18 -1 -124 6
1651 A 17 1 24 -1 -126 6
1651 A 27 0 16 -5 19 -11
1651 A 27 0 4 -8 -5 10
1651 A 27 0 2 -8 -15 11
1651 A 27 0 6 -8 4 11
1651 A -19 1 -18 -1 -64 -2
1651 A -19 1 -75 -3 67 4
1651 A -19 1 -150 -6 -173 -7
1651 A 18 1 19 -1 66 -2
1651 A 18 1 78 -3 -71 4
1651 A 18 1 156 -6 180 -7
1651 A -21 1 -19 -2 -186 -10
1651 A -21 1 -44 -2 -171 -8
1651 A -21 1 -57 -2 -118 -6
1651 A -21 1 -59 -3 -93 -5
1651 A 20 1 21 -2 196 -10
1651 A 20 1 46 -2 179 -8
1651 A 20 1 59 -2 124 -6
1651 A 20 1 62 -3 98 -5
1651 A 29 0 -2 -3 10 -6
1651 A 29 0 5 -3 -4 -6
1651 A 29 0 -1 -4 5 -4
1651 A -22 1 -50 -3 -132 -6
1651 A -22 1 -56 -3 98 5
1651 A -22 1 -130 -8 148 9
1651 A 21 1 53 -3 138 -6
1651 A 21 1 59 -3 -103 5
1651 A 21 1 138 -8 -157 9
1651 A 30 0 -3 -4 -7 4
1651 A 30 0 17 -4 -7 14
1651 A 30 0 -1 -13 14 -13
1651 A 30 0 -3 -14 -17 14
1651 A 33 0 -11 -10 9 13
1651 A 33 0 21 -10 -22 13
1651 A -32 1 -58 -4 139 11
1651 A 31 1 62 -4 -150 11
1651 S 1 1 5 0
1651 S -3 2 5 0
1651 S -2 1 5 0
1651 S 1 2 5 0
1651 S 0 1 7 0
1651 S 0 2 7 0
1651 S 0 3 7 0
1651 S -1 1 7 0
1651 S -2 2 7 0
1651 S -3 3 7 0
1651 S 6 1 13 0
1651 S -1 2 13 0
1651 S 5 3 13 0
1651 S -2 4 13 0
1651 S 4 5 13 0
1651 S -3 6 13 0
1651 S 3 1 17 0
1651 S 6 2 17 0
1651 S -8 3 17 0
1651 S -5 4 17 0
1651 S -2 5 17 0
1651 S 1 6 17 0
1651 S 4 7 17 0
1651 S -10 8 17 0
1651 S -4 1 17 0
1651 S -8 2 17 0
1651 S 5 3 17 0
1651 S 1 4 17 0
1651 S -3 5 17 0
1651 S -7 6 17 0
1651 S -11 7 17 0
1651 S 2 8 17 0
1651 T 84 82 84 0 0
1651 T 594 596 594 0 0
1651 T 1416 392 3482 0 0
1651 T 3484 394 3401 0 0
1651 T 3403 391 1414 0 0
1651 T 391 396 392 0 0
1651 T 1072 1068 1064 -1 0
1651 T 1062 2497 2553 0 0
1651 T 2555 336 1070 1 0
1651 T 336 2499 1068 0 0
1651 T 636 2916 726 0 0
1651 T 724 3005 634 0 0
1651 T 728 757 722 0 0
1651 T 3005 759 2916 0 0
1651 T 1272 1456 1266 0 0
1651 T 480 463 471 0 0
1651 T 469 3222 3462 0 0
1651 T 3464 1121 478 0 0
1651 T 1121 3224 463 0 0
1651 T 475 1128 3382 0 0
1651 T 471 466 473 0 0
1651 T 3384 3316 469 0 0
1651 T 466 3314 1128 0 0
1651 T 228 241 222 0 0
1651 T 224 3644 2398 0 0
1651 T 2400 3561 226 0 0
1651 T 3561 3642 241 -1 0
1651 T 1556 327 3462 0 0
1651 T 3464 317 3549 0 0
1651 T 3551 341 1554 0 0
1651 T 341 319 327 0 0
1651 T 1551 340 3629 0 0
1651 T 3384 330 1549 0 0
1651 T 3631 324 3382 0 0
1651 T 330 322 340 0 0
1651 T 932 2529 2806 0 0
1651 T 924 1000 930 0 0
1651 T 2808 397 922 0 0
1651 T 1000 399 2529 0 0
1651 T 927 993 917 0 0
1651 T 919 397 2674 0 0
1651 T 2676 2587 925 0 0
1651 T 2587 399 993 0 0
1651 T 280 1110 2337 0 0
1651 T 2339 1103 2633 0 0
1651 T 2635 1108 278 0 0
1651 T 1108 1101 1110 0 0
1651 T 275 1108 2765 0 0
1651 T 2288 1115 273 0 0
1651 T 2767 1098 2286 0 0
1651 T 1115 1100 1108 0 0
1651 T 262 254 258 0 0
1651 T 260 1324 3365 1 0
1651 T 3367 3448 264 -1 0
1651 T 3448 1322 254 1 0
1651 T 3792 5 3982 0 0
1651 T 3984 7 3889 0 0
1651 T 3891 6 3790 0 0
1651 T 6 7 5 -1 0
1651 T 948 975 938 0 0
1651 T 940 2526 3002 0 0
1651 T 3004 492 946 0 0
1651 T 492 2528 975 0 0
1651 T 943 485 2910 0 0
1651 T 935 975 941 0 0
1651 T 2912 2584 933 0 0
1651 T 975 2582 485 0 0
1651 T 192 2116 1254 0 0
1651 T 1264 2594 190 0 0
1651 T 1256 1353 1262 0 0
1651 T 2594 1355 2116 0 0
1651 T 187 2540 1257 0 0
1651 T 1259 1352 1249 0 0
1651 T 1251 2230 185 0 0
1651 T 2230 1350 2540 0 0
1651 T 158 3537 3618 0 0
1651 T 156 152 160 0 0
1651 T 3620 2441 154 0 0
1651 T 152 2443 3537 0 0
1651 T 476 3503 1322 0 0
1651 T 480 535 474 0 0
1651 T 1324 3422 478 -1 0
1651 T 535 3424 3503 0 0
1651 T 1172 1168 1164 -1 0
1651 T 1162 2041 2157 0 0
1651 T 2159 121 1170 0 0
1651 T 121 2043 1168 1 0
1651 T 469 1297 3549 0 0
1651 T 3224 317 1297 0 0
1651 T 3631 1304 469 0 0
1651 T 1304 324 3314 0 0
1651 T 438 430 434 0 0
1651 T 436 953 3181 0 0
1651 T 3183 3276 440 0 0
1651 T 3276 955 430 0 0
1651 T 3105 121 3622 -1 0
1651 T 3624 116 3849 0 0
1651 T 3851 119 3107 0 0
1651 T 119 114 121 0 0
1651 T 3107 119 3941 0 0
1651 T 3544 124 3105 1 0
1651 T 3943 109 3542 0 0
1651 T 124 111 119 -1 0
1651 T 235 2529 1257 0 0
1651 T 1267 2364 233 0 0
1651 T 1259 1459 1265 0 0
1651 T 2364 1457 2529 0 0
1651 T 239 2309 1269 0 0
1651 T 1263 2588 237 0 0
1651 T 1271 1461 1261 0 0
1651 T 2588 1463 2309 0 0
1651 T 156 1450 1989 0 0
1651 T 1991 1416 2505 0 0
1651 T 2507 1406 154 0 0
1651 T 1406 1414 1450 1 0
1651 T 151 1411 2561 0 0
1651 T 1928 1447 149 0 0
1651 T 2563 1413 1926 0 0
1651 T 1447 1415 1411 0 0
1651 T 369 373 366 0 0
1651 T 368 1399 3525 0 0
1651 T 3527 3283 371 0 0
1651 T 3283 1397 373 0 0
1651 T 371 3189 3605 0 0
1651 T 363 380 369 0 0
1651 T 3607 1394 361 0 0
1651 T 380 1396 3189 0 0
1651 T 102 98 99 0 0
1651 T 97 3729 3857 0 0
1651 T 3859 3952 104 -1 0
1651 T 3952 3731 98 0 0
1651 T 1556 1659 2001 0 0
1651 T 1548 1561 1554 0 0
1651 T 2003 3 1546 0 0
1651 T 1561 5 1659 0 0
1651 T 1551 1560 1541 0 0
1651 T 1543 3 1938 0 0
1651 T 1940 1742 1549 0 0
1651 T 1742 5 1560 0 0
1651 T 292 1457 2806 0 0
1651 T 932 2362 290 0 0
1651 T 287 2312 925 0 0
1651 T 2676 1464 285 0 0
1651 T 1304 1446 1294 0 0
1651 T 1296 127 2289 0 0
1651 T 2291 2029 1302 0 0
1651 T 2029 125 1446 0 0
1651 T 1299 1967 2341 0 0
1651 T 1291 1451 1297 0 0
1651 T 2343 130 1289 0 0
1651 T 1451 132 1967 0 0
1651 T 116 1356 1869 0 0
1651 T 1540 2595 114 0 0
1651 T 1871 2113 1538 0 0
1651 T 111 2537 1533 0 0
1651 T 1535 2231 1790 0 0
1651 T 1792 1349 109 0 0
1651 T 668 69 670 -1 0
1651 T 672 1020 3401 0 0
1651 T 3484 1014 666 0 0
1651 T 252 3634 2398 0 0
1651 T 248 66 250 0 0
1651 T 2400 3555 246 -1 0
1651 T 66 3553 3634 0 0
1651 T 904 72 906 0 0
1651 T 1020 1016 1024 1 0
1651 T 192 3579 3938 0 0
1651 T 184 214 190 0 0
1651 T 3940 3136 182 0 0
1651 T 214 3134 3579 0 0
1651 T 187 211 177 0 0
1651 T 179 3129 3846 0 0
1651 T 3848 3657 185 0 0
1651 T 3657 3131 211 0 0
1651 T 428 948 3361 0 0
1651 T 420 492 426 0 0
1651 T 3363 3002 418 0 0
1651 T 423 485 413 0 0
1651 T 415 2912 3441 0 0
1651 T 3443 941 421 0 0
1651 T 492 781 2578 0 0
1651 T 2580 800 2929 0 0
1651 T 2931 791 490 0 0
1651 T 791 798 781 0 0
1651 T 487 786 3021 0 0
1651 T 2524 780 485 0 0
1651 T 3023 800 2522 0 0
1651 T 780 798 786 0 0
1651 T 184 1949 1238 0 0
1651 T 1248 2832 182 0 0
1651 T 1240 1481 1246 0 0
1651 T 2832 1483 1949 0 0
1651 T 179 2698 1241 0 0
1651 T 1243 1481 1233 0 0
1651 T 1235 2015 177 0 0
1651 T 2015 1483 2698 0 0
1651 T 1104 2535 3030 0 0
1651 T 1096 1140 1102 0 0
1651 T 3032 522 1094 0 0
1651 T 1140 524 2535 0 0
1651 T 1099 1140 1089 0 0
1651 T 1091 522 2938 0 0
1651 T 2940 2589 1097 0 0
1651 T 2589 524 1140 0 0
1651 T 1512 1935 2325 0 0
1651 T 1504 1545 1510 0 0
1651 T 2327 118 1502 0 0
1651 T 1545 120 1935 0 0
1651 T 1507 1544 1497 0 0
1651 T 1499 118 2274 0 0
1651 T 2276 1998 1505 0 0
1651 T 1998 120 1544 0 0
1651 T 284 1412 2558 0 0
1651 T 2560 1404 2501 0 0
1651 T 2503 1406 282 0 0
1651 T 1406 1402 1412 0 0
1651 T 1060 1094 1050 0 0
1651 T 1052 2892 2161 0 0
1651 T 2163 269 1058 0 0
1651 T 269 2890 1094 0 0
1651 T 1055 268 2046 0 0
1651 T 1047 1091 1053 0 0
1651 T 2048 2982 1045 0 0
1651 T 1091 2984 268 0 0
1651 T 3032 526 3569 0 0
1651 T 3571 519 1094 0 0
1651 T 519 528 524 0 0
1651 T 1091 514 3649 0 0
1651 T 3651 531 2938 0 0
1651 T 524 529 514 0 0
1651 T 1556 204 3458 0 0
1651 T 3460 207 3545 0 0
1651 T 3547 209 1554 0 0
1651 T 209 205 204 0 0
1651 T 1551 216 3625 0 0
1651 T 3380 197 1549 0 0
1651 T 3627 207 3378 0 0
1651 T 197 205 216 0 0
1651 T 584 601 578 0 0
1651 T 580 3497 1326 0 0
1651 T 1328 3420 582 0 0
1651 T 3420 3499 601 -1 0
1651 T 436 957 2329 0 0
1651 T 2331 1036 3181 0 0
1651 T 955 1034 957 0 0
1651 T 2280 964 429 0 0
1651 T 3275 1036 2278 0 0
1651 T 964 1034 954 0 0
1651 T 3668 131 3902 0 0
1651 T 3904 135 3809 0 0
1651 T 3811 125 3666 0 0
1651 T 125 133 131 0 0
1651 T 632 2509 710 0 0
1651 T 720 3456 630 0 0
1651 T 712 730 718 0 0
1651 T 3456 732 2509 0 0
1651 T 627 3374 713 0 0
1651 T 715 735 705 0 0
1651 T 707 2567 625 0 0
1651 T 2567 733 3374 0 0
1651 T 728 3292 854 0 0
1651 T 856 3197 722 0 0
1651 T 3197 3290 759 0 0
1651 T 1212 225 3434 0 0
1651 T 3436 242 3353 0 0
1651 T 3355 223 1210 0 0
1651 T 105 1942 1310 0 0
1651 T 1320 2207 107 0 0
1651 T 1312 1429 1318 0 0
1651 T 2207 1431 1942 0 0
1651 T 107 2089 1313 0 0
1651 T 1315 1428 1305 0 0
1651 T 1307 2007 105 0 0
1651 T 2007 1426 2089 0 0
1651 T 260 3497 2406 0 0
1651 T 252 286 258 0 0
1651 T 2408 3867 250 0 0
1651 T 286 3865 3497 0 0
1651 T 255 291 245 0 0
1651 T 247 3957 2401 0 0
1651 T 2403 3419 253 0 0
1651 T 3419 3959 291 0 0
1651 T 565 569 562 0 0
1651 T 564 1346 3517 0 0
1651 T 3519 3275 567 0 0
1651 T 3275 1348 569 0 0
1651 T 567 3181 3597 0 0
1651 T 559 576 565 0 0
1651 T 3599 1343 557 0 0
1651 T 576 1341 3181 0 0
1651 T 165 2730 1462 0 0
1651 T 1472 1899 167 0 0
1651 T 1464 1478 1470 0 0
1651 T 1899 1480 2730 0 0
1651 T 167 1817 1465 0 0
1651 T 1467 1475 1457 0 0
1651 T 1459 2864 165 0 0
1651 T 2864 1473 1817 0 0
1651 T 2291 1109 466 0 0
1651 T 3316 1119 2289 0 0
1651 T 1109 1117 1128 0 0
1651 T 463 1116 2341 0 0
1651 T 2343 1119 3222 0 0
1651 T 1121 1117 1116 0 0
1651 T 728 761 718 0 0
1651 T 720 3491 850 0 0
1651 T 852 2920 726 0 0
1651 T 2920 3489 761 0 0
1651 T 723 3010 845 0 0
1651 T 715 768 721 0 0
1651 T 847 3409 713 0 0
1651 T 768 3411 3010 0 0
1651 T 168 163 167 0 0
1651 T 165 2485 3421 0 0
1651 T 3504 2486 166 0 0
1651 T 229 1233 1985 0 0
1651 T 1987 1476 2893 0 0
1651 T 2895 1227 231 0 0
1651 T 1227 1474 1233 0 0
1651 T 231 1230 2985 0 0
1651 T 1924 1240 229 0 0
1651 T 2987 1477 1922 0 0
1651 T 1240 1479 1230 0 0
1651 T 304 1379 3006 0 0
1651 T 1454 1383 1379 0 0
1651 T 2915 1381 298 0 0
1651 T 322 1119 2031 0 0
1651 T 1965 1119 319 0 0
1651 T 382 374 378 0 0
1651 T 380 18 3185 1 0
1651 T 3187 3280 384 -1 0
1651 T 3280 17 374 0 0
1651 T 852 864 854 0 0
1651 T 3290 862 2918 0 0
1651 T 855 857 845 0 0
1651 T 3012 859 3200 0 0
1651 T 500 510 490 0 0
1651 T 2931 3332 498 0 0
1651 T 3332 791 510 0 0
1651 T 495 3238 3021 0 0
1651 T 487 510 493 0 0
1651 T 510 786 3238 0 0
1651 T 900 668 2505 0 0
1651 T 892 1014 898 0 0
1651 T 2507 3482 890 0 0
1651 T 895 1019 885 0 0
1651 T 887 3404 2561 0 0
1651 T 2563 669 893 0 0
1651 T 158 160 158 1 0
1651 T 2 1 2 0 0
1651 T 880 2304 3450 0 0
1651 T 872 1010 878 0 0
1651 T 3452 581 870 0 0
1651 T 1010 583 2304 0 0
1651 T 875 1010 865 0 0
1651 T 867 580 3370 0 0
1651 T 3372 2354 873 0 0
1651 T 2354 578 1010 0 0
1651 T 196 1572 2354 0 0
1651 T 2356 1566 2301 0 0
1651 T 2303 1574 194 0 0
1651 T 1574 1568 1572 0 0
1651 T 744 512 2297 0 0
1651 T 736 791 742 0 0
1651 T 2299 3330 734 0 0
1651 T 739 786 729 0 0
1651 T 731 3240 2349 0 0
1651 T 2351 512 737 0 0
1651 T 1224 1290 1230 0 0
1651 T 1228 1296 1218 0 0
1651 T 624 2280 567 0 0
1651 T 3519 1036 622 0 0
1651 T 567 2329 617 0 0
1651 T 619 1036 3597 0 0
1651 T 1200 446 2965 0 0
1651 T 2967 544 3817 0 0
1651 T 3819 456 1198 0 0
1651 T 456 542 446 0 0
1651 T 1195 457 3909 0 0
1651 T 2876 451 1193 0 0
1651 T 3911 544 2874 0 0
1651 T 451 542 457 0 0
1651 T 1991 392 890 0 0
1651 T 887 392 1926 0 0
1651 T 720 2707 842 0 0
1651 T 844 982 850 0 0
1651 T 3489 984 2707 0 0
1651 T 847 979 837 0 0
1651 T 839 2837 713 0 0
1651 T 2837 977 3411 0 0
1651 T 632 642 622 0 0
1651 T 624 3640 710 0 0
1651 T 2511 3638 642 0 0
1651 T 619 639 625 0 0
1651 T 707 3558 617 0 0
1651 T 639 3560 2565 0 0
1651 T 360 1227 3833 0 0
1651 T 356 396 358 0 0
1651 T 3928 1229 354 0 0
1651 T 3835 173 3926 0 0
1651 T 712 3634 842 0 0
1651 T 2705 3636 732 0 0
1651 T 839 3556 705 0 0
1651 T 733 3554 2839 0 0
1651 T 1200 1183 1191 0 0
1651 T 1189 2498 2965 0 0
1651 T 448 2500 1183 0 0
1651 T 1191 1186 1193 0 0
1651 T 2876 2555 1189 0 0
1651 T 1186 2553 449 0 0
1651 T 3672 183 3926 -1 0
1651 T 3835 177 3670 0 0
1651 T 177 173 183 0 0
1651 T 2087 1142 478 0 0
1651 T 3464 1129 2085 0 0
1651 T 1142 1131 1123 0 0
1651 T 475 1142 2201 0 0
1651 T 2203 1136 3382 0 0
1651 T 1126 1134 1142 0 0
1651 T 117 3625 4033 0 0
1651 T 3104 3380 119 0 0
1651 T 4035 207 3102 0 0
1651 T 119 3458 3097 0 0
1651 T 3099 207 4101 0 0
1651 T 4103 3547 117 0 0
1651 T 1180 3192 2161 0 0
1651 T 1172 1395 1178 0 0
1651 T 2163 377 1170 0 0
1651 T 1175 1398 1165 0 0
1651 T 1167 376 2046 0 0
1651 T 2048 3282 1173 0 0
1651 T 116 3748 4033 0 0
1651 T 3627 3746 121 0 0
1651 T 4103 3741 109 0 0
1651 T 124 3743 3545 -1 0
1651 T 2444 513 3638 0 0
1651 T 3640 538 3557 0 0
1651 T 3559 519 2442 0 0
1651 T 519 540 513 0 0
1651 T 3587 97 3993 0 0
1651 T 3995 4064 0 0 0
1651 T 4064 98 3505 0 0
1651 T 702 706 710 0 0
1651 T 1556 1904 2085 0 0
1651 T 325 1129 1904 0 0
1651 T 2203 1822 1549 0 0
1651 T 1822 1136 332 0 0
1651 T 144 1424 1693 0 0
1651 T 1695 1392 2897 0 0
1651 T 2899 1382 142 0 0
1651 T 1382 1390 1424 0 0
1651 T 139 1379 2989 0 0
1651 T 1612 1417 137 0 0
1651 T 2991 1385 1610 0 0
1651 T 1417 1387 1379 0 0
1651 T 312 3880 3006 0 0
1651 T 304 342 310 0 0
1651 T 342 1379 3880 0 0
1651 T 307 339 297 0 0
1651 T 2916 3970 305 0 0
1651 T 3970 1382 339 0 0
1651 T 1530 2574 2517 0 0
1651 T 2519 666 450 0 0
1651 T 448 672 2574 0 0
1651 T 834 838 842 0 0
1651 T 9 1373 2009 0 0
1651 T 2011 1401 1945 0 0
1651 T 1947 1371 10 0 0
1651 T 1371 1403 1373 0 0
1651 T 280 314 270 0 0
1651 T 2891 3648 278 0 0
1651 T 3648 1095 314 0 0
1651 T 275 3566 2981 0 0
1651 T 267 314 273 0 0
1651 T 314 1090 3566 0 0
1651 T 2420 4050 258 0 0
1651 T 256 4119 2414 0 0
1651 T 4050 83 4119 0 0
1651 T 565 3437 630 0 0
1651 T 632 2513 574 0 0
1651 T 2513 3439 559 0 0
1651 T 571 2571 625 0 0
1651 T 627 3359 565 0 0
1651 T 562 3357 2571 0 0
1651 T 3724 95 3618 0 0
1651 T 3539 89 3718 0 0
1651 T 61 91 95 0 0
1651 T 1540 336 2517 0 0
1651 T 1530 1534 1538 0 0
1651 T 1534 2574 336 0 0
1651 T 1188 1285 1178 0 0
1651 T 1180 1627 2549 0 0
1651 T 2551 98 1186 0 0
1651 T 98 1625 1285 0 0
1651 T 1183 98 2494 0 0
1651 T 1175 1284 1181 0 0
1651 T 2496 1710 1173 0 0
1651 T 1284 1712 98 0 0
1651 T 1212 169 3429 0 0
1651 T 3431 176 3349 0 0
1651 T 3351 170 1210 0 0
1651 T 170 174 169 0 0
1651 T 3439 642 2278 0 0
1651 T 2331 639 3357 0 0
1651 T 90 2639 2191 0 0
1651 T 2189 2185 2262 0 0
1651 T 1803 2187 2639 0 0
1651 T 2074 2769 95 0 0
1651 T 2148 2072 2076 0 0
1651 T 2769 2070 1882 0 0
1651 T 2220 2222 2214 0 0
1651 T 2216 2721 1801 0 0
1651 T 2721 2224 92 0 0
1651 T 9 2686 2214 1 0
1651 T 27 2222 2686 0 0
1651 T 1884 2855 2098 0 0
1651 T 2100 2108 2102 0 0
1651 T 93 2106 2855 0 0
1651 T 2100 2820 9 0 0
1651 T 2820 2108 29 0 0
1651 T 1212 1606 3257 0 0
1651 T 1208 1215 1210 0 0
1651 T 3259 169 1206 0 0
1651 T 1215 171 1606 0 0
1651 T 1211 1215 1201 0 0
1651 T 1203 169 3166 0 0
1651 T 3168 1691 1209 0 0
1651 T 1691 171 1215 0 0
1651 T 908 591 3954 0 0
1651 T 3956 3863 66 1 0
1651 T 3863 585 902 0 0
1651 T 596 587 591 0 0
1651 T 774 770 771 0 0
1651 T 1343 1347 1337 0 0
1651 T 824 949 814 -1 0
1651 T 816 3229 1973 0 0
1651 T 1975 307 822 0 0
1651 T 307 3231 949 0 0
1651 T 819 310 1910 0 0
1651 T 811 952 817 1 0
1651 T 1912 3323 809 0 0
1651 T 952 3321 310 -1 0
1651 T 260 1469 1845 0 0
1651 T 1847 1320 3365 0 0
1651 T 1322 1318 1469 0 0
1651 T 1768 1468 253 0 0
1651 T 3447 1313 1766 0 0
1651 T 1468 1315 1323 0 0
1651 T 1320 2259 478 0 0
1651 T 2259 1471 3424 0 0
1651 T 475 2141 1313 0 0
1651 T 3502 1466 2141 0 0
1651 T 452 448 444 -1 0
1651 T 792 3335 1435 0 0
1651 T 1433 3578 782 0 0
1651 T 799 3580 3335 0 0
1651 T 779 3660 1433 0 0
1651 T 1435 3241 785 0 0
1651 T 3241 3658 799 0 0
1651 T 3355 859 3257 0 0
1651 T 1608 857 221 0 0
1651 T 3168 862 3433 0 0
1651 T 228 864 1689 0 0
1651 T 228 2100 1849 0 0
1651 T 1855 2855 226 0 0
1651 T 1851 1882 1853 0 0
1651 T 229 2070 1853 0 0
1651 T 1851 2771 231 0 0
1651 T 231 2637 1770 0 0
1651 T 1772 1801 1774 0 0
1651 T 1776 2187 229 0 0
1651 T 223 2721 1774 0 0
1651 T 1772 2214 221 0 0
1651 T 1085 853 3257 -1 0
1651 T 3355 847 1087 0 0
1651 T 1087 850 3433 0 0
1651 T 3168 856 1085 0 0
1651 T 1520 350 2965 0 0
1651 T 2967 335 4001 0 0
1651 T 4003 325 1518 0 0
1651 T 325 333 350 -1 0
1651 T 1515 332 4069 0 0
1651 T 2876 350 1513 0 0
1651 T 4071 334 2874 0 0
1651 T 350 336 332 1 0
1651 T 292 2680 747 0 0
1651 T 745 749 742 0 0
1651 T 744 2365 290 0 0
1651 T 2365 751 2680 0 0
1651 T 287 2315 737 0 0
1651 T 747 2810 285 0 0
1651 T 739 756 745 0 0
1651 T 2810 754 2315 0 0
1651 T 1060 3569 1973 0 0
1651 T 1975 519 1050 0 0
1651 T 1047 514 1910 0 0
1651 T 1912 3651 1053 0 0
1651 T 368 923 3529 0 0
1651 T 360 398 366 0 0
1651 T 3531 2805 358 0 0
1651 T 363 398 353 0 0
1651 T 355 2675 3609 0 0
1651 T 3611 918 361 0 0
1651 T 308 347 310 0 0
1651 T 3230 3321 347 -1 0
1651 T 2487 2258 1897 0 0
1651 T 1819 2144 2487 0 0
1651 T 468 526 458 0 0
1651 T 460 4043 3310 0 0
1651 T 3312 2462 466 0 0
1651 T 2462 4041 526 0 0
1651 T 463 2467 3218 0 0
1651 T 455 531 461 0 0
1651 T 3220 4109 453 0 0
1651 T 531 4111 2467 0 0
1651 T 1336 2365 582 0 0
1651 T 1328 1443 1334 0 0
1651 T 2365 1441 3418 0 0
1651 T 579 2315 1329 0 0
1651 T 1331 1438 1325 0 0
1651 T 3500 1440 2315 0 0
1651 T 3259 3167 1084 0 0
1651 T 832 828 836 1 0
1651 T 1062 2049 2165 0 0
1651 T 1060 1056 1064 0 0
1651 T 2167 11 1058 0 0
1651 T 1056 12 2049 0 0
1651 T 248 3954 3670 0 0
1651 T 3672 3863 250 0 0
1651 T 1995 513 642 0 0
1651 T 2511 2442 1993 0 0
1651 T 639 520 1930 0 0
1651 T 1932 2443 2565 0 0
1651 T 1085 1088 1084 -1 0
1651 T 744 1441 3958 0 0
1651 T 3868 1440 737 0 0
1651 T 502 494 498 0 0
1651 T 500 3982 3134 0 0
1651 T 3132 3891 494 0 0
1651 T 736 2953 3958 0 0
1651 T 1443 2955 789 0 0
1651 T 3868 3047 729 0 0
1651 T 788 3045 1438 0 0
1651 T 252 730 1685 0 0
1651 T 1687 2707 2398 0 0
1651 T 2399 2837 1602 1 0
1651 T 1604 735 245 0 0
1651 T 3531 289 4082 0 0
1651 T 4084 1458 358 0 0
1651 T 355 1463 4014 0 0
1651 T 4016 288 3609 0 0
1651 T 1160 2317 1665 0 0
1651 T 1152 1329 1158 0 0
1651 T 1667 91 1150 0 0
1651 T 1329 89 2317 0 0
1651 T 1155 1336 1145 0 0
1651 T 1147 94 1582 0 0
1651 T 1584 2371 1153 0 0
1651 T 2371 96 1336 0 0
1651 T 500 3967 975 0 0
1651 T 512 2528 3967 0 0
1651 T 975 3873 493 0 0
1651 T 3873 2582 512 0 0
1651 T 88 83 87 0 0
1651 T 85 3757 3561 0 0
1651 T 3644 3763 86 0 0
1651 T 420 781 3521 0 0
1651 T 3523 2580 426 0 0
1651 T 423 2522 3601 0 0
1651 T 3603 780 413 0 0
1651 T 652 3308 3849 0 0
1651 T 3624 1399 650 0 0
1651 T 1399 116 3308 0 0
1651 T 647 1394 3542 0 0
1651 T 3943 3214 645 0 0
1651 T 3214 109 1394 0 0
1651 T 304 287 295 0 0
1651 T 293 3465 946 0 0
1651 T 948 2933 302 0 0
1651 T 2933 3467 287 0 0
1651 T 299 3027 941 0 0
1651 T 295 290 297 0 0
1651 T 943 3387 293 0 0
1651 T 290 3385 3027 0 0
1651 T 469 1305 2001 0 0
1651 T 2003 1418 3549 0 0
1651 T 1299 1420 1305 0 0
1651 T 1940 1312 469 0 0
1651 T 3631 1423 1938 0 0
1651 T 1312 1421 1302 0 0
1651 T 1657 1418 343 0 0
1651 T 338 1423 1744 0 0
1651 T 436 4099 3357 0 0
1651 T 959 639 4099 0 0
1651 T 3439 4029 429 0 0
1651 T 4029 642 962 0 0
1651 T 368 1356 1841 0 0
1651 T 1843 1362 3525 0 0
1651 T 1397 1364 1356 0 0
1651 T 1764 1349 361 0 0
1651 T 3607 1359 1762 0 0
1651 T 1349 1357 1396 0 0
1651 T 144 1303 3294 0 0
1651 T 3296 1309 1693 0 0
1651 T 1612 1308 3202 0 0
1651 T 3204 1298 137 0 0
1651 T 3673 253 4082 0 0
1651 T 3531 247 3675 0 0
1651 T 3675 250 3609 0 0
1651 T 4016 260 3673 0 0
1651 T 2436 2477 2438 0 0
1651 T 2440 88 2501 0 0
1651 T 2560 87 2434 0 0
1651 T 564 1255 2177 0 0
1651 T 2179 1245 3517 0 0
1651 T 1348 1247 1255 0 0
1651 T 2064 1250 557 0 0
1651 T 3599 1244 2062 0 0
1651 T 1250 1242 1341 0 0
1651 T 144 2463 3290 0 0
1651 T 864 1654 142 0 0
1651 T 1654 2920 2463 0 0
1651 T 139 1739 857 0 0
1651 T 3200 2466 137 0 0
1651 T 2466 3010 1739 0 0
1651 T 844 2701 1078 0 0
1651 T 1080 1076 1084 1 0
1651 T 1076 2836 838 0 0
1651 T 1548 1727 3458 0 0
1651 T 202 1725 1563 0 0
1651 T 3380 1642 1541 0 0
1651 T 1558 1644 199 0 0
1651 T 2179 2642 622 0 0
1651 T 2642 1245 1034 0 0
1651 T 1242 2774 1034 0 0
1651 T 2774 2064 619 0 0
1651 T 144 161 138 0 0
1651 T 2380 2144 2321 0 0
1651 T 2271 2257 2374 0 0
1651 T 1328 1015 3470 -1 0
1651 T 3472 1021 3389 0 0
1651 T 3391 1017 1326 0 0
1651 T 97 2670 1278 0 0
1651 T 1280 1388 1286 0 0
1651 T 1628 1386 2670 0 0
1651 T 1283 1389 1273 0 0
1651 T 1275 2804 97 0 0
1651 T 2804 1391 1709 0 0
1651 T 436 481 426 0 0
1651 T 428 3099 3357 0 0
1651 T 4097 3097 481 0 0
1651 T 423 481 429 0 0
1651 T 3439 3102 421 0 0
1651 T 481 3104 4031 0 0
1651 T 156 2483 1993 0 0
1651 T 2511 2446 154 0 0
1651 T 2446 2442 2483 0 0
1651 T 151 2451 2565 0 0
1651 T 1932 2483 149 0 0
1651 T 2483 2443 2451 0 0
1651 T 916 1952 3954 0 0
1651 T 908 1002 914 0 0
1651 T 1002 591 1952 0 0
1651 T 911 1007 901 0 0
1651 T 3864 2014 909 0 0
1651 T 2014 586 1007 0 0
1651 T 636 3970 3169 0 0
1651 T 3171 307 726 0 0
1651 T 723 310 3261 0 0
1651 T 3263 3880 633 0 0
1651 T 702 694 698 0 0
1651 T 700 4091 830 0 0
1651 T 828 4022 694 0 0
1651 T 4022 63 4091 -1 0
1651 T 1444 1427 1435 0 0
1651 T 3333 1425 2954 0 0
1651 T 1435 1430 1437 0 0
1651 T 3048 1432 3243 0 0
1651 T 1208 1689 3429 0 0
1651 T 3352 1608 1201 0 0
1651 T 1189 1065 4001 0 0
1651 T 4071 1072 1189 0 0
1651 T 1172 3543 2325 0 0
1651 T 2327 646 1178 0 0
1651 T 1175 651 2274 0 0
1651 T 2276 3621 1165 0 0
1651 T 240 1814 2189 0 0
1651 T 2187 3327 238 0 0
1651 T 3327 2264 1814 0 0
1651 T 235 3233 2070 0 0
1651 T 2076 1895 233 0 0
1651 T 1895 2146 3233 0 0
1651 T 3104 1642 1997 0 0
1651 T 1936 1727 3097 0 0
1651 T 520 4059 2590 0 0
1651 T 1139 4057 525 0 0
1651 T 2536 4125 513 0 0
1651 T 532 4127 1139 0 0
1651 T 1280 770 2798 0 0
1651 T 2667 769 1274 0 0
1651 T 1280 74 1274 0 0
1651 T 2472 86 1945 0 0
1651 T 2476 2480 2470 0 0
1651 T 2011 85 2474 0 0
1651 T 2408 3048 1685 0 0
1651 T 1604 2954 2401 0 0
1651 T 2635 3975 270 0 0
1651 T 316 3973 1106 0 0
1651 T 267 3881 2765 0 0
1651 T 1106 3883 316 0 0
1651 T 744 3875 2458 0 0
1651 T 2460 2582 2297 0 0
1651 T 2455 3965 737 0 0
1651 T 2351 2528 2453 0 0
1651 T 192 2597 898 0 0
1651 T 900 1440 3938 0 0
1651 T 3577 1438 2597 0 0
1651 T 895 2543 185 0 0
1651 T 3848 1441 893 0 0
1651 T 2543 1443 3659 0 0
1651 T 184 1953 890 0 0
1651 T 892 888 884 0 0
1651 T 3138 2018 1953 0 0
1651 T 2018 180 888 0 0
1651 T 1072 1134 1078 0 0
1651 T 1076 1132 1066 0 0
1651 T 293 1798 938 0 0
1651 T 3467 975 1798 0 0
1651 T 935 1879 293 0 0
1651 T 1879 975 3385 0 0
1651 T 3716 198 3454 0 0
1651 T 3456 219 4189 0 0
1651 T 4191 196 3714 0 0
1651 T 196 217 198 0 0
1651 T 3711 193 4297 0 0
1651 T 3376 203 3709 0 0
1651 T 4299 219 3374 0 0
1651 T 203 217 193 0 0
1651 T 2519 3486 458 0 0
1651 T 3486 666 543 0 0
1651 T 455 3408 2573 0 0
1651 T 543 671 3408 0 0
1651 T 3120 3342 202 0 0
1651 T 1727 2253 3118 0 0
1651 T 3342 2255 1563 0 0
1651 T 199 3252 3113 0 0
1651 T 3115 2139 1642 0 0
1651 T 1558 2137 3252 0 0
1651 T 700 3523 1977 0 0
1651 T 692 781 698 0 0
1651 T 1979 418 690 0 0
1651 T 695 780 685 0 0
1651 T 687 415 1914 0 0
1651 T 1916 3601 693 0 0
1651 T 1208 226 3513 0 0
1651 T 3515 864 3429 0 0
1651 T 3352 857 3593 0 0
1651 T 3595 223 1201 0 0
1651 T 892 2947 3938 0 0
1651 T 1438 2945 1016 0 0
1651 T 3848 3037 885 0 0
1651 T 1017 3039 1443 0 0
1651 T 368 1029 1845 0 0
1651 T 1847 915 3529 0 0
1651 T 921 913 1029 0 0
1651 T 1768 1028 361 0 0
1651 T 3611 910 1766 0 0
1651 T 1028 912 920 0 0
1651 T 409 3605 4009 0 0
1651 T 552 1764 411 0 0
1651 T 4011 1359 550 0 0
1651 T 411 1841 545 0 0
1651 T 547 1362 4077 0 0
1651 T 4079 3527 409 0 0
1651 T 240 2300 2430 0 0
1651 T 2440 2581 238 0 0
1651 T 2432 2457 2438 0 0
1651 T 235 2527 2433 0 0
1651 T 2435 2456 2425 0 0
1651 T 2427 2350 233 0 0
1651 T 145 149 142 0 0
1651 T 144 4228 3450 0 0
1651 T 3452 3711 147 0 0
1651 T 3711 4226 149 0 0
1651 T 147 3714 3370 0 0
1651 T 139 156 145 0 0
1651 T 3372 4334 137 0 0
1651 T 156 4336 3714 0 0
1651 T 313 1097 1729 0 0
1651 T 1731 1140 3565 0 0
1651 T 1648 1104 313 0 0
1651 T 3647 1140 1646 0 0
1651 T 1432 2600 782 0 0
1651 T 779 2542 1425 0 0
1651 T 3120 4261 194 0 0
1651 T 220 4263 3344 0 0
1651 T 195 4371 3113 0 0
1651 T 3250 4369 220 0 0
1651 T 1365 1369 1362 0 0
1651 T 1364 1962 3962 0 0
1651 T 3964 587 1367 0 0
1651 T 587 1964 1369 0 0
1651 T 1367 590 3870 0 0
1651 T 1359 1376 1365 0 0
1651 T 3872 2028 1357 0 0
1651 T 1376 2026 590 0 0
1651 T 1208 1222 1198 0 0
1651 T 3819 1859 1206 0 0
1651 T 1859 456 1222 0 0
1651 T 1203 1778 3909 0 0
1651 T 1195 1219 1201 0 0
1651 T 1219 457 1778 0 0
1651 T 832 4093 1070 0 0
1651 T 1068 4028 826 0 0
1651 T 4028 134 4093 0 0
1651 T 2159 3108 2325 0 0
1651 T 2276 3108 2042 0 0
1651 T 1504 2002 2545 0 0
1651 T 2547 4 1510 0 0
1651 T 1507 4 2490 0 0
1651 T 2492 1939 1497 0 0
1651 T 756 3967 3385 0 0
1651 T 1879 498 754 0 0
1651 T 751 495 1798 0 0
1651 T 3467 3873 749 0 0
1651 T 428 2119 562 0 0
1651 T 3097 2569 2119 0 0
1651 T 559 2233 421 0 0
1651 T 2233 2515 3104 0 0
1651 T 1364 664 4045 0 0
1651 T 4047 318 3962 0 0
1651 T 1964 320 664 0 0
1651 T 3872 323 4113 0 0
1651 T 4115 664 1357 0 0
1651 T 664 321 2026 0 0
1651 T 1504 3309 2153 0 0
1651 T 2155 2461 2321 0 0
1651 T 2323 467 1502 0 0
1651 T 1499 462 2270 0 0
1651 T 2040 3219 1497 0 0
1651 T 2272 2468 2038 0 0
1651 T 360 1474 1681 0 0
1651 T 1683 1235 3833 0 0
1651 T 1600 1479 353 0 0
1651 T 3927 1238 1598 0 0
1651 T 1936 1005 637 0 0
1651 T 4099 965 1934 0 0
1651 T 1005 967 959 0 0
1651 T 643 1003 1998 0 0
1651 T 2000 971 4030 0 0
1651 T 961 969 1003 0 0
1651 T 3391 3039 1334 0 0
1651 T 1331 2945 3469 0 0
1651 T 436 3113 3185 0 0
1651 T 3187 4340 426 0 0
1651 T 483 4338 3113 0 0
1651 T 423 4230 3277 0 0
1651 T 3279 3120 429 0 0
1651 T 3120 4232 483 0 0
1651 T 229 2773 3193 0 0
1651 T 2420 4020 231 0 0
1651 T 3195 955 2418 0 0
1651 T 4020 953 2773 0 0
1651 T 231 4086 2413 0 0
1651 T 2415 954 3285 0 0
1651 T 3287 2643 229 0 0
1651 T 2643 956 4086 0 0
1651 T 552 2694 1677 0 0
1651 T 1679 1700 1673 0 0
1651 T 1675 2993 550 0 0
1651 T 2993 1698 2694 0 0
1651 T 1707 582 2653 0 0
1651 T 1703 1723 1705 0 0
1651 T 2655 3036 1701 0 0
1651 T 1723 3034 582 0 0
1651 T 1703 2620 2979 0 0
1651 T 2977 569 1705 0 0
1651 T 569 2618 1721 0 0
1651 T 547 2903 1590 0 0
1651 T 1592 1613 1594 0 0
1651 T 1596 2828 545 0 0
1651 T 2828 1615 2903 0 0
1651 T 1620 1640 1622 0 0
1651 T 1624 576 2887 0 0
1651 T 2885 2749 1618 0 0
1651 T 2749 574 1640 0 0
1651 T 1620 2942 2785 0 0
1651 T 2787 579 1622 0 0
1651 T 1638 577 2942 0 0
1651 T 1148 1339 1150 0 0
1651 T 1667 3155 1581 0 0
1651 T 1528 872 3429 0 0
1651 T 3515 985 1526 0 0
1651 T 985 864 872 0 0
1651 T 1523 992 3593 0 0
1651 T 3352 865 1521 0 0
1651 T 865 857 992 0 0
1651 T 1248 960 4086 0 0
1651 T 4020 961 1241 0 0
1651 T 1520 211 2961 0 0
1651 T 2963 179 3997 0 0
1651 T 3999 185 1518 0 0
1651 T 1515 192 4065 0 0
1651 T 2872 214 1513 0 0
1651 T 4067 182 2870 0 0
1651 T 409 413 406 0 0
1651 T 408 3760 4009 0 0
1651 T 3607 3758 413 0 0
1651 T 403 420 409 0 0
1651 T 4079 3761 401 0 0
1651 T 420 3763 3525 0 0
1651 T 745 2453 3385 0 0
1651 T 3467 2460 745 0 0
1651 T 360 996 3829 0 0
1651 T 3831 2586 366 0 0
1651 T 363 2532 3921 0 0
1651 T 3923 997 353 0 0
1651 T 613 553 1977 0 0
1651 T 700 4075 615 0 0
1651 T 4075 3523 553 0 0
1651 T 615 4005 693 0 0
1651 T 1916 553 613 0 0
1651 T 553 3601 4005 0 0
1651 T 4095 4028 159 -1 0
1651 T 2755 111 2885 0 0
1651 T 2751 2845 2753 0 0
1651 T 2751 125 2881 0 0
1651 T 2883 24 2753 0 0
1651 T 2784 2849 2786 0 0
1651 T 2943 2851 12 0 0
1651 T 2620 2713 2622 0 0
1651 T 2624 26 2973 0 0
1651 T 2975 132 2618 0 0
1651 T 2979 114 2622 0 0
1651 T 2656 2719 2650 0 0
1651 T 12 2717 3033 0 0
1651 T 369 3677 3361 0 0
1651 T 3363 4318 378 0 0
1651 T 4318 3679 363 0 0
1651 T 375 4212 3441 0 0
1651 T 3443 3684 369 0 0
1651 T 366 3682 4212 0 0
1651 T 460 4135 3853 0 0
1651 T 3855 9 3310 -1 0
1651 T 4041 10 4135 1 0
1651 T 3220 9 3945 0 0
1651 T 3947 4138 453 0 0
1651 T 4138 10 4111 0 0
1651 T 3171 2036 718 0 0
1651 T 763 2034 305 0 0
1651 T 715 1970 3261 0 0
1651 T 312 1972 766 0 0
1651 T 4140 344 3962 0 0
1651 T 4047 326 4138 0 0
1651 T 4135 331 4113 0 0
1651 T 3872 337 4133 0 0
1651 T 1987 2359 2418 0 0
1651 T 2416 2306 1921 0 0
1651 T 2678 2453 3027 0 0
1651 T 2933 2460 2812 0 0
1651 T 1847 1600 3675 0 0
1651 T 1600 915 245 0 0
1651 T 3675 1681 1766 0 0
1651 T 252 910 1681 0 0
1651 T 692 1429 4161 0 0
1651 T 4163 2599 698 0 0
1651 T 695 2541 4269 0 0
1651 T 4271 1428 685 0 0
1651 T 2214 3318 2712 0 0
1651 T 2710 2692 2688 0 0
1651 T 9 2690 3318 1 0
1651 T 2818 2822 2844 0 0
1651 T 2842 3228 2100 0 0
1651 T 3228 2824 9 0 0
1651 T 2773 2769 2815 0 0
1651 T 2813 93 3248 0 0
1651 T 3246 2076 2775 0 0
1651 T 2681 2639 2643 0 0
1651 T 2641 2189 3340 0 0
1651 T 3338 92 2683 0 0
1651 T 3308 1364 1869 0 0
1651 T 1792 1357 3214 0 0
1651 T 1392 1741 3970 0 0
1651 T 3880 1660 1385 0 0
1651 T 1644 972 481 0 0
1651 T 481 965 1725 0 0
1651 T 1955 2947 3134 0 0
1651 T 3131 3037 2017 0 0
1651 T 660 4128 3565 0 0
1651 T 1731 529 658 0 0
1651 T 655 528 1646 0 0
1651 T 3647 4058 653 0 0
1651 T 700 192 2169 0 0
1651 T 4089 48 192 0 0
1651 T 2056 185 693 0 0
1651 T 185 49 4023 0 0
1651 T 3125 209 2929 0 0
1651 T 2580 1812 3127 0 0
1651 T 1812 800 209 0 0
1651 T 3127 1889 2522 0 0
1651 T 3023 216 3125 0 0
1651 T 216 800 1889 0 0
1651 T 2410 2402 2406 0 0
1651 T 1080 3952 1198 0 0
1651 T 1196 3857 1074 0 0
1651 T 3672 2013 1681 0 0
1651 T 1600 1951 3669 0 0
1651 T 304 599 2093 0 0
1651 T 4324 3573 302 0 0
1651 T 3573 986 599 0 0
1651 T 2935 599 4342 0 0
1651 T 298 2210 598 0 0
1651 T 600 992 3656 0 0
1651 T 3654 4215 300 0 0
1651 T 4236 599 3025 0 0
1651 T 612 3205 1833 0 0
1651 T 1839 2780 610 0 0
1651 T 1835 1894 1837 0 0
1651 T 2780 1896 3205 0 0
1651 T 607 2646 1758 0 0
1651 T 1756 3299 605 0 0
1651 T 1760 1815 1754 0 0
1651 T 3299 1813 2646 0 0
1651 T 145 3202 3614 0 0
1651 T 3616 1298 154 0 0
1651 T 151 1303 3534 0 0
1651 T 3536 3296 145 0 0
1651 T 692 1944 822 0 0
1651 T 819 2005 685 0 0
1651 T 2739 1902 1518 0 0
1651 T 4003 1129 2737 0 0
1651 T 1515 1824 2606 0 0
1651 T 2608 1136 4069 0 0
1651 T 4112 343 4221 0 0
1651 T 4223 3963 10 0 0
1651 T 10 3869 4329 -1 0
1651 T 4331 338 4042 0 0
1651 T 408 506 402 0 0
1651 T 404 3413 4282 0 0
1651 T 4284 2 4173 1 -1
1651 T 4175 3496 406 0 0
1651 T 380 2123 426 0 0
1651 T 423 2237 373 0 0
1651 T 2159 3850 1502 0 0
1651 T 1499 3944 2042 0 0
1651 T 96 2535 2450 0 0
1651 T 2452 3032 1717 0 0
1651 T 1719 1102 94 0 0
1651 T 91 1099 1634 0 0
1651 T 2447 2589 89 0 0
1651 T 1636 2938 2445 0 0
1651 T 2816 3196 1852 0 0
1651 T 1769 3286 2682 0 0
1651 T 553 557 550 0 0
1651 T 552 3741 4005 0 0
1651 T 3603 3743 557 0 0
1651 T 547 564 553 0 0
1651 T 4075 3748 545 0 0
1651 T 564 3746 3521 0 0
1651 T 2428 89 2285 0 0
1651 T 2768 1636 2426 0 0
1651 T 94 2431 2340 0 0
1651 T 1719 2636 2431 0 0
1651 T 3620 2449 1993 0 0
1651 T 1932 2448 3538 0 0
1651 T 4324 4142 310 0 0
1651 T 4142 3573 344 0 0
1651 T 307 4147 4214 0 0
1651 T 337 3655 4147 0 0
1651 T 96 3150 3389 0 0
1651 T 3472 3149 90 0 0
1651 T 3684 105 3365 0 0
1651 T 1847 2207 3682 0 0
1651 T 3679 2089 1766 0 0
1651 T 3447 105 3677 0 0
1651 T 1235 2359 4018 0 0
1651 T 4088 2305 1238 0 0
1651 T 3831 239 4286 0 0
1651 T 4288 1261 366 0 0
1651 T 363 1260 4178 0 0
1651 T 4180 234 3921 0 0
1651 T 2339 3475 2438 0 0
1651 T 3475 95 2459 0 0
1651 T 2435 3393 2286 0 0
1651 T 2454 90 3393 0 0
1651 T 3136 3334 1889 0 0
1651 T 1812 3244 3129 0 0
1651 T 3152 3039 2371 0 0
1651 T 2317 2945 3152 0 0
1651 T 632 1865 3177 0 0
1651 T 3179 3735 574 0 0
1651 T 3735 1867 2515 0 0
1651 T 571 3738 3269 0 0
1651 T 3271 1788 625 0 0
1651 T 2569 1786 3738 0 0
1651 T 1189 1073 2737 0 0
1651 T 2608 1080 1189 0 0
1651 T 3704 1941 1693 0 0
1651 T 3296 108 3702 0 0
1651 T 3699 108 3202 0 0
1651 T 1612 2008 3697 0 0
1651 T 1188 3858 2737 0 0
1651 T 2608 3952 1181 0 0
1651 T 958 2305 1483 0 0
1651 T 1483 2359 963 0 0
1651 T 2179 237 3821 0 0
1651 T 2175 2192 2177 0 0
1651 T 3823 1813 2173 0 0
1651 T 2175 3337 622 0 0
1651 T 229 3842 2181 0 0
1651 T 2183 2246 2185 0 0
1651 T 1776 2248 3842 0 0
1651 T 2183 636 2615 0 0
1651 T 2613 3266 2185 0 0
1651 T 3266 634 2248 1 0
1651 T 652 2710 2193 0 0
1651 T 2199 3318 650 0 0
1651 T 2195 2216 2197 0 0
1651 T 2195 223 3840 0 0
1651 T 3838 1770 2197 0 0
1651 T 619 3247 2058 0 0
1651 T 2060 2075 2062 0 0
1651 T 2060 1896 3913 0 0
1651 T 3915 236 2062 0 0
1651 T 2068 2130 2070 0 0
1651 T 2072 3176 2748 0 0
1651 T 2746 633 2066 0 0
1651 T 633 3174 2130 0 0
1651 T 2068 3936 229 0 0
1651 T 3936 2130 1853 0 0
1651 T 2080 2100 2082 0 0
1651 T 2084 1851 3932 0 0
1651 T 3930 226 2078 0 0
1651 T 647 3228 2082 0 0
1651 T 2080 2844 645 0 0
1651 T 107 106 101 -1 0
1651 T 5 3582 4122 0 0
1651 T 4124 1 4053 0 -1
1651 T 4055 3663 6 0 0
1651 T 3724 2536 1993 0 0
1651 T 1932 2590 3717 0 0
1651 T 1060 4495 822 0 0
1651 T 4495 3569 305 0 0
1651 T 819 4417 1053 0 0
1651 T 312 3651 4417 0 0
1651 T 2388 1243 3997 0 0
1651 T 2963 2698 2386 0 0
1651 T 2383 2832 2870 0 0
1651 T 4067 1246 2381 0 0
1651 T 4084 1466 1681 0 0
1651 T 1600 1471 4014 0 0
1651 T 756 1331 4421 0 0
1651 T 4423 577 2810 0 0
1651 T 2680 584 4497 0 0
1651 T 4499 1334 749 0 0
1651 T 2117 3746 2578 0 0
1651 T 2524 3743 2235 0 0
1651 T 2747 4389 574 0 0
1651 T 3179 236 2745 0 0
1651 T 4389 234 3733 0 0
1651 T 571 4467 2614 0 0
1651 T 2616 237 3269 0 0
1651 T 3740 239 4467 0 0
1651 T 1492 1529 1486 0 0
1651 T 135 133 135 1 0
1651 T 4419 11 4322 0 0
1651 T 4216 11 4493 0 0
1651 T 3976 1114 1729 0 0
1651 T 1648 1111 3882 0 0
1651 T 1528 1566 1522 0 0
1651 T 3000 3020 2994 0 0
1651 T 2693 3018 132 0 0
1651 T 2904 2926 2906 0 0
1651 T 125 2928 2827 0 0
1651 T 816 3831 1669 0 0
1651 T 808 996 814 0 0
1651 T 1671 358 806 0 0
1651 T 811 997 801 0 0
1651 T 803 355 1586 0 0
1651 T 1588 3921 809 0 0
1651 T 2832 4440 590 0 0
1651 T 4440 1483 1001 0 0
1651 T 587 4514 2698 0 0
1651 T 1008 1483 4514 0 0
1651 T 880 1784 147 0 0
1651 T 1784 2304 3709 0 0
1651 T 147 1861 873 0 0
1651 T 3716 2354 1861 0 0
1651 T 272 268 264 0 0
1651 T 3191 4506 270 0 0
1651 T 4429 3284 268 0 0
1651 T 4506 82 4431 0 0
1651 T 2291 4353 458 0 0
1651 T 528 4355 1111 0 0
1651 T 455 4247 2341 0 0
1651 T 1114 4245 529 0 0
1651 T 720 219 2741 0 0
1651 T 2743 4191 630 0 0
1651 T 627 4297 2610 0 0
1651 T 2612 219 713 0 0
1651 T 192 188 64 1 0
1651 T 4092 52 190 0 0
1651 T 188 51 4021 -1 0
1651 T 1180 4505 1058 0 0
1651 T 1055 4431 1173 0 0
1651 T 613 2058 1837 0 0
1651 T 1835 3915 615 0 0
1651 T 1859 1907 1853 0 0
1651 T 3936 657 1857 0 0
1651 T 657 2130 1907 0 0
1651 T 615 3821 1754 0 0
1651 T 1760 2175 613 0 0
1651 T 1776 1825 1778 0 0
1651 T 1780 656 3842 0 0
1651 T 2246 654 1825 0 0
1651 T 2339 3776 2501 0 0
1651 T 86 3774 3473 0 0
1651 T 2559 3777 2286 0 0
1651 T 3395 3779 86 0 0
1651 T 2327 638 4377 0 0
1651 T 4379 655 1178 0 0
1651 T 655 640 648 0 0
1651 T 1175 658 4453 0 0
1651 T 4455 643 2274 0 0
1651 T 649 641 658 0 0
1651 T 2547 3076 2733 0 0
1651 T 2735 3209 1510 0 0
1651 T 3209 3074 6 0 0
1651 T 1507 3303 2602 0 0
1651 T 2604 3077 2490 0 0
1651 T 6 3079 3303 0 0
1651 T 3724 4125 642 0 0
1651 T 639 4059 3717 0 0
1651 T 3724 3568 650 0 0
1651 T 647 3646 3717 0 0
1651 T 3649 11 4144 0 0
1651 T 4145 11 3571 0 0
1651 T 1540 4445 458 0 0
1651 T 4445 336 3488 0 0
1651 T 455 4523 1533 0 0
1651 T 3406 333 4523 0 0
1651 T 3716 1631 2509 0 0
1651 T 200 732 1631 0 0
1651 T 2567 1714 3709 0 0
1651 T 1714 733 201 0 0
1651 T 1512 1006 4377 0 0
1651 T 4455 1003 1505 0 0
1651 T 1895 43 3978 0 0
1651 T 3980 14 3233 1 0
1651 T 3327 14 3886 0 0
1651 T 3888 38 1814 0 0
1651 T 2299 3740 1713 0 0
1651 T 202 3738 3332 0 0
1651 T 1632 3733 2349 0 0
1651 T 3238 3735 199 0 0
1651 T 144 3044 870 0 0
1651 T 4226 581 3044 0 0
1651 T 4336 2952 578 0 0
1651 T 2952 139 867 0 0
1651 T 972 4437 2358 0 0
1651 T 2308 4515 965 0 0
1651 T 3125 493 4502 0 0
1651 T 4504 3238 214 0 0
1651 T 211 3332 4426 0 0
1651 T 4428 500 3125 0 0
1651 T 3740 4428 207 0 0
1651 T 207 4502 3733 0 0
1651 T 2959 607 4373 0 0
1651 T 4375 4452 0 0 0
1651 T 4452 609 2865 0 0
1651 T 609 605 67 0 0
1651 T 2551 3730 2737 0 0
1651 T 2608 3731 2494 0 0
1651 T 3068 919 3585 0 0
1651 T 3587 925 3809 0 0
1651 T 3811 993 3066 0 0
1651 T 3063 1000 3901 0 0
1651 T 3508 922 3061 0 0
1651 T 3903 932 3506 0 0
1651 T 332 4156 3405 0 0
1651 T 4524 4154 350 0 0
1651 T 3487 4156 325 0 0
1651 T 350 4154 4446 0 0
1651 T 4379 912 2549 0 0
1651 T 1625 910 653 0 0
1651 T 2496 913 4453 0 0
1651 T 660 915 1712 0 0
1651 T 9 3013 1367 0 0
1651 T 4224 587 3013 0 0
1651 T 592 4332 2923 0 0
1651 T 2921 10 1367 1 0
1651 T 1512 904 2549 0 0
1651 T 2496 905 1505 0 0
1651 T 2420 2416 2412 0 0
1651 T 601 4119 4052 0 0
1651 T 793 795 793 0 0
1651 T 280 318 282 0 0
1651 T 2503 4346 278 0 0
1651 T 318 4348 1408 0 0
1651 T 283 323 273 0 0
1651 T 275 4240 2557 0 0
1651 T 1409 4238 323 0 0
1651 T 880 876 884 1 0
1651 T 3707 1862 1782 0 0
1651 T 692 675 683 0 0
1651 T 681 4457 822 0 0
1651 T 1942 4459 675 0 0
1651 T 683 678 685 0 0
1651 T 819 4383 681 0 0
1651 T 678 4381 2007 0 0
1651 T 3976 4245 658 0 0
1651 T 655 4355 3882 0 0
1651 T 2335 645 278 0 0
1651 T 2891 3719 2333 0 0
1651 T 275 652 2282 0 0
1651 T 2284 3722 2981 0 0
1651 T 2223 19 2686 0 0
1651 T 2819 20 2106 0 0
1651 T 4191 1572 1861 0 0
1651 T 1784 1573 4297 0 0
1651 T 3068 2859 3425 0 0
1651 T 3060 3142 3066 0 0
1651 T 3427 5 3058 0 0
1651 T 3142 3 2859 0 0
1651 T 3063 3147 3053 0 0
1651 T 3055 5 3346 0 0
1651 T 3348 2725 3061 0 0
1651 T 2725 3 3147 0 0
1651 T 3616 1290 1989 0 0
1651 T 1928 1295 3534 0 0
1651 T 3104 3121 3094 0 0
1651 T 3096 207 2513 0 0
1651 T 2233 205 3121 0 0
1651 T 3091 3121 3097 0 0
1651 T 2571 207 3089 0 0
1651 T 3121 205 2119 0 0
1651 T 3110 3112 3110 0 0
1651 T 1867 3890 3078 0 0
1651 T 3304 3791 1865 0 0
1651 T 3075 3984 1786 0 0
1651 T 1788 3790 3210 1 0
1651 T 3171 1579 2741 0 0
1651 T 217 1577 2034 0 0
1651 T 2612 1579 3261 0 0
1651 T 1972 1577 217 0 0
1651 T 116 3244 3078 0 0
1651 T 3088 1810 114 0 0
1651 T 3080 3131 3086 0 0
1651 T 111 1891 3081 0 0
1651 T 3083 3134 3073 0 0
1651 T 3075 3334 109 0 0
1651 T 1412 2031 3478 0 0
1651 T 3480 125 1414 0 0
1651 T 1415 132 3398 0 0
1651 T 3400 1965 1405 0 0
1651 T 3268 3327 3270 0 0
1651 T 3180 3233 3174 0 0
1651 T 681 1754 814 0 0
1651 T 4459 949 1754 -1 0
1651 T 811 1835 681 0 0
1651 T 1835 952 4381 1 0
1651 T 1296 4442 458 0 0
1651 T 4442 127 4355 0 0
1651 T 455 4520 1289 0 0
1651 T 4245 130 4520 0 0
1651 T 3692 2844 278 0 0
1651 T 2335 2078 3690 0 0
1651 T 275 2710 3685 0 0
1651 T 3687 2195 2282 0 0
1651 T 3064 91 3509 0 0
1651 T 3068 3153 3062 0 0
1651 T 3591 93 3066 0 0
1651 T 3511 1337 3589 0 0
1651 T 1152 4423 1829 0 0
1651 T 1831 754 1158 0 0
1651 T 1155 751 1750 0 0
1651 T 1752 4497 1145 0 0
1651 T 408 3564 4462 0 0
1651 T 4464 88 4009 0 0
1651 T 4079 88 4386 0 0
1651 T 4388 3642 401 0 0
1651 T 3255 2230 1518 0 0
1651 T 3999 1249 3253 0 0
1651 T 1515 2116 3162 0 0
1651 T 3164 1256 4065 0 0
1651 T 3055 2804 3506 0 0
1651 T 4063 1273 3053 0 0
1651 T 3059 1279 3994 0 0
1651 T 3588 2669 3057 0 0
1651 T 4288 1253 1841 0 0
1651 T 1764 1252 4178 0 0
1651 T 3195 3288 2412 0 0
1651 T 612 1609 678 0 0
1651 T 4383 3700 610 0 0
1651 T 607 3701 4457 0 0
1651 T 675 1696 605 0 0
1651 T 1807 4349 2222 0 0
1651 T 2228 667 1805 0 0
1651 T 2224 2250 2226 0 0
1651 T 667 2252 4349 0 0
1651 T 1888 670 2110 0 0
1651 T 2108 4243 1886 0 0
1651 T 2112 2136 2106 0 0
1651 T 4243 2134 670 0 0
1651 T 369 1918 418 0 0
1651 T 3679 3002 1918 0 0
1651 T 415 1983 369 0 0
1651 T 1983 2912 3682 0 0
1651 T 3032 4252 12 0 0
1651 T 4252 526 4145 0 0
1651 T 12 4358 2938 0 0
1651 T 4144 531 4358 0 0
1651 T 1920 3763 3281 0 0
1651 T 3191 3758 1981 0 0
1651 T 2899 76 2990 0 0
1651 T 636 271 2877 0 0
1651 T 2879 2424 2745 0 0
1651 T 2065 2422 271 0 0
1651 T 2616 2424 2969 0 0
1651 T 2971 266 633 0 0
1651 T 266 2422 2184 0 0
1651 T 4334 1631 2448 0 0
1651 T 2449 1714 4228 0 0
1651 T 3096 2578 114 0 0
1651 T 3088 3125 3094 0 0
1651 T 111 2524 3089 0 0
1651 T 3091 3125 3081 0 0
1651 T 2389 3905 3066 0 0
1651 T 3591 3164 2391 0 0
1651 T 3164 93 3905 0 0
1651 T 2391 3253 3510 0 0
1651 T 3063 3815 2389 0 0
1651 T 3815 92 3253 0 0
1651 T 816 4574 1050 0 0
1651 T 3231 519 4574 0 0
1651 T 1047 4544 809 0 0
1651 T 4544 514 3321 0 0
1651 T 1959 127 982 0 0
1651 T 2707 3807 1957 0 0
1651 T 127 3805 3489 0 0
1651 T 979 130 2021 0 0
1651 T 2023 3807 2837 0 0
1651 T 3411 3805 130 0 0
1651 T 3115 3119 3109 -1 0
1651 T 612 2990 4529 0 0
1651 T 4531 1386 678 0 0
1651 T 675 1391 4561 0 0
1651 T 4563 2900 605 0 0
1651 T 904 3986 3730 0 0
1651 T 3732 3895 906 0 0
1651 T 3895 3988 72 -1 0
1651 T 676 776 678 0 0
1651 T 4531 82 4562 0 0
1651 T 1052 4585 1170 0 0
1651 T 2890 377 4585 0 0
1651 T 1167 4555 1045 0 0
1651 T 4555 376 2984 0 0
1651 T 2396 1347 3589 0 0
1651 T 3511 1341 2394 0 0
1651 T 3480 133 3397 0 0
1651 T 3207 952 3698 1 0
1651 T 3703 949 3297 -1 0
1651 T 1112 3776 4348 0 0
1651 T 4238 3777 1113 0 0
1651 T 768 3805 4217 0 0
1651 T 4219 132 3010 0 0
1651 T 2920 125 4325 0 0
1651 T 4327 3805 761 0 0
1651 T 4586 62 4555 0 0
1651 T 2388 1344 3253 0 0
1651 T 3164 1345 2381 0 0
1651 T 3308 3320 3310 0 0
1651 T 3855 2690 3306 0 0
1651 T 3216 2824 3945 0 0
1651 T 3220 3226 3214 0 0
1651 T 3096 2119 4033 0 0
1651 T 4103 2233 3089 0 0
1651 T 2739 3751 2961 0 0
1651 T 209 3749 1904 0 0
1651 T 2872 3754 2606 0 0
1651 T 1822 3756 216 0 0
1651 T 602 604 602 1 0
1651 T 804 1024 806 0 0
1651 T 1671 78 1585 0 0
1651 T 1042 1046 1050 0 0
1651 T 4576 4543 134 0 0
1651 T 1520 2266 3817 0 0
1651 T 352 544 2266 0 0
1651 T 3911 2152 1513 0 0
1651 T 2152 544 352 0 0
1651 T 1867 495 3086 0 0
1651 T 3083 498 1786 0 0
1651 T 2655 597 4201 0 0
1651 T 4203 1736 2649 0 0
1651 T 2718 1734 597 0 0
1651 T 2783 1649 4309 0 0
1651 T 4311 597 2785 0 0
1651 T 2852 599 1649 0 0
1651 T 676 404 1585 0 0
1651 T 1671 406 678 0 0
1651 T 3050 2865 2957 0 0
1651 T 4239 1119 3478 0 0
1651 T 3400 1119 4345 0 0
1651 T 2804 4550 914 0 0
1651 T 4550 1391 659 0 0
1651 T 1388 4582 654 0 0
1651 T 4582 2672 911 0 0
1651 T 1296 389 4490 0 0
1651 T 4492 4415 104 0 0
1651 T 4415 390 1290 0 0
1651 T 2468 1748 4221 0 0
1651 T 532 343 1748 0 0
1651 T 4331 1661 2461 0 0
1651 T 1661 338 525 0 0
1651 T 1859 4519 1230 0 0
1651 T 1227 4441 1778 0 0
1651 T 2739 2780 2733 0 0
1651 T 2735 612 4157 0 0
1651 T 4159 1837 2737 0 0
1651 T 2604 2646 2606 0 0
1651 T 2608 1760 4265 0 0
1651 T 4267 605 2602 0 0
1651 T 1392 6 2125 0 0
1651 T 2127 1557 3970 0 0
1651 T 2243 6 1385 0 0
1651 T 3880 1564 2241 0 0
1651 T 4468 1716 2430 0 0
1651 T 2427 1629 4390 0 0
1651 T 116 3045 4197 0 0
1651 T 4199 1431 3078 0 0
1651 T 3075 1426 4305 0 0
1651 T 4307 2955 109 0 0
1651 T 3042 987 1656 0 0
1651 T 1737 990 2952 0 0
1651 T 2323 476 4525 0 0
1651 T 4527 470 1502 0 0
1651 T 1499 470 4557 0 0
1651 T 4559 477 2270 0 0
1651 T 2963 552 4157 0 0
1651 T 2959 2993 2961 0 0
1651 T 4159 1673 2957 0 0
1651 T 3012 3020 3014 0 0
1651 T 4223 1735 3010 0 0
1651 T 3020 1733 586 0 0
1651 T 3036 3041 3030 0 0
1651 T 3032 4227 1723 0 0
1651 T 2868 1592 4265 0 0
1651 T 2872 2903 2866 0 0
1651 T 4267 545 2870 0 0
1651 T 2920 1650 4329 0 0
1651 T 2924 2926 2918 0 0
1651 T 2926 589 1650 0 0
1651 T 1638 4333 2938 0 0
1651 T 2940 2951 2942 0 0
1651 T 228 3781 1685 0 0
1651 T 2408 3495 226 0 0
1651 T 3495 3048 3781 0 0
1651 T 223 3413 2401 0 0
1651 T 1604 3788 221 0 0
1651 T 3788 2954 3413 0 0
1651 T 2804 3145 922 0 0
1651 T 3145 4550 1030 0 0
1651 T 919 3144 2670 0 0
1651 T 1027 4584 3144 0 0
1651 T 2087 3794 2202 0 0
1651 T 553 4534 2177 0 0
1651 T 1253 4536 547 0 0
1651 T 2064 4568 553 0 0
1651 T 550 4566 1252 0 0
1651 T 2972 261 2877 0 0
1651 T 940 977 930 0 0
1651 T 932 130 2293 0 0
1651 T 2295 2023 938 0 0
1651 T 935 1957 2345 0 0
1651 T 927 984 933 0 0
1651 T 2347 127 925 0 0
1651 T 2408 3727 3930 0 0
1651 T 2078 3725 3493 -1 0
1651 T 3840 3726 2401 0 0
1651 T 3415 3728 2195 1 0
1651 T 1512 3986 2737 0 0
1651 T 2608 3896 1505 0 0
1651 T 2388 4124 3058 0 0
1651 T 3427 3582 2386 0 0
1651 T 2383 3664 3346 0 0
1651 T 3055 4054 2381 0 0
1651 T 4011 3766 1677 0 0
1651 T 2696 3768 1357 0 0
1651 T 1596 3771 4077 0 0
1651 T 1364 3769 2826 0 0
1651 T 3264 3344 3266 0 0
1651 T 2248 3342 3877 0 0
1651 T 3849 2197 3310 0 0
1651 T 3176 3250 3170 0 0
1651 T 3971 3252 2130 0 0
1651 T 3220 2084 3943 0 0
1651 T 4464 2706 1677 0 0
1651 T 2706 88 3768 0 0
1651 T 1596 2840 4386 0 0
1651 T 3769 88 2840 0 0
1651 T 2396 2383 2391 0 0
1651 T 2391 2386 2393 0 0
1651 T 2735 3070 2957 0 0
1651 T 610 1673 3070 0 0
1651 T 2868 3070 2602 0 0
1651 T 3070 1592 607 0 0
1651 T 2256 3160 2858 0 0
1651 T 2860 1906 4253 0 0
1651 T 1031 1908 3160 0 0
1651 T 2728 3160 2138 0 0
1651 T 4363 1828 2726 0 0
1651 T 3160 1826 1026 0 0
1651 T 236 243 238 0 0
1651 T 240 2911 4570 0 0
1651 T 4572 102 4537 0 0
1651 T 4539 3002 234 0 0
1651 T 2380 1316 4525 0 0
1651 T 4559 1317 2373 0 0
1651 T 793 4372 4263 0 0
1651 T 3749 552 1839 0 0
1651 T 1758 545 3756 0 0
1651 T 2747 2766 2749 0 0
1651 T 1640 2768 4391 0 0
1651 T 2792 4422 1621 0 0
1651 T 2788 2811 2790 0 0
1651 T 2620 2636 2614 0 0
1651 T 4465 2634 1721 0 0
1651 T 1708 4500 2658 0 0
1651 T 2660 2677 2654 0 0
1651 T 816 4578 678 0 0
1651 T 4578 3831 408 0 0
1651 T 675 4548 809 0 0
1651 T 401 3921 4548 0 0
1651 T 2440 936 4570 0 0
1651 T 4540 937 2433 0 0
1651 T 1528 3662 2394 0 0
1651 T 2396 3583 1522 0 0
1651 T 3583 3664 1568 0 0
1651 T 4568 4180 411 0 0
1651 T 411 4286 4534 0 0
1651 T 2840 3787 3642 0 0
1651 T 3784 2708 3564 0 0
1651 T 1756 4578 685 0 0
1651 T 692 4548 1833 0 0
1651 T 3780 1123 3478 0 0
1651 T 3400 1126 3773 0 0
1651 T 4149 985 2717 0 0
1651 T 1735 3576 4151 0 0
1651 T 4151 3654 1650 0 0
1651 T 2851 992 4149 0 0
1651 T 3616 4413 890 0 0
1651 T 887 4491 3534 0 0
1651 T 3016 1358 2009 0 0
1651 T 1948 1363 2922 0 0
1651 T 2241 2245 2254 0 0
1651 T 2140 2131 2127 0 0
1651 T 2159 2198 2153 0 0
1651 T 2232 2266 2226 0 0
1651 T 2228 3819 3255 0 0
1651 T 2040 2083 2042 0 0
1651 T 2112 2152 2114 0 0
1651 T 3162 3909 2110 0 0
1651 T 3587 2345 3666 0 0
1651 T 3667 2295 3506 0 0
1651 T 3000 1733 4482 0 0
1651 T 4484 588 2994 0 0
1651 T 2904 589 4406 0 0
1651 T 4408 1652 2906 0 0
1651 T 4527 1306 2545 0 0
1651 T 2492 1311 4557 0 0
1651 T 2735 1592 4373 0 0
1651 T 4451 1673 2602 0 0
1651 T 1679 3784 406 0 0
1651 T 4175 3047 1677 0 0
1651 T 403 3785 1594 0 0
1651 T 1596 2953 4281 0 0
1651 T 1489 1149 1621 0 0
1651 T 2792 1832 1491 0 0
1651 T 1486 1749 2658 0 0
1651 T 1708 1148 1488 0 0
1651 T 3268 4304 626 0 0
1651 T 4304 3327 1785 0 0
1651 T 631 4194 3174 0 0
1651 T 1868 3233 4194 0 0
1651 T 3096 4502 1865 0 0
1651 T 1788 4428 3089 0 0
1651 T 3427 1523 2391 0 0
1651 T 2391 1526 3346 0 0
1651 T 768 1959 2474 0 0
1651 T 2476 2705 4217 0 0
1651 T 2471 2021 761 0 0
1651 T 4327 2839 2469 0 0
1651 T 2380 1427 2545 0 0
1651 T 2492 1430 2373 0 0
1651 T 145 3697 4397 0 0
1651 T 4399 108 3614 0 0
1651 T 3536 108 4473 0 0
1651 T 4475 3704 145 0 0
1651 T 3547 3749 2085 0 0
1651 T 2203 3756 3625 0 0
1651 T 22 3885 1814 -1 0
1651 T 22 1893 3977 0 0
1651 T 1160 1156 1164 1 0
1651 T 700 3803 2173 0 0
1651 T 1760 3801 4073 0 0
1651 T 2060 3798 693 0 0
1651 T 4007 3800 1837 0 0
1651 T 932 4040 295 0 0
1651 T 4040 2362 297 0 0
1651 T 295 4106 925 0 0
1651 T 304 2312 4106 0 0
1651 T 332 4448 4650 0 0
1651 T 4652 352 3405 0 0
1651 T 3487 352 4626 0 0
1651 T 4628 4522 325 0 0
1651 T 1715 1721 1717 0 0
1651 T 1739 1748 1733 0 0
1651 T 1636 1640 1630 0 0
1651 T 1652 1661 1654 0 0
1651 T 1037 1041 1038 0 0
1651 T 1040 805 1581 0 0
1651 T 1667 803 1039 0 0
1651 T 4129 4113 1885 0 0
1651 T 1887 664 2822 0 0
1651 T 2824 1359 4131 0 0
1651 T 4131 1362 2690 0 0
1651 T 1808 4047 4129 0 0
1651 T 2692 664 1806 0 0
1651 T 4652 2150 670 0 0
1651 T 667 2268 4626 0 0
1651 T 2976 2987 2970 0 0
1651 T 2972 4182 2617 0 0
1651 T 4182 2985 129 0 0
1651 T 4219 2695 3014 0 0
1651 T 2720 3041 4250 0 0
1651 T 2752 4292 2878 0 0
1651 T 2880 2893 2882 0 0
1651 T 128 2895 4292 0 0
1651 T 2924 2825 4325 0 0
1651 T 4360 2951 2850 0 0
1651 T 4551 4663 6 0 0
1651 T 4663 1031 2726 0 0
1651 T 6 4637 4581 0 0
1651 T 2860 1026 4637 0 0
1651 T 2424 2634 4181 0 0
1651 T 4183 3976 2065 0 0
1651 T 2184 3882 4289 0 0
1651 T 4291 2768 2424 0 0
1651 T 3893 3304 2647 0 0
1651 T 2777 3210 3987 0 0
1651 T 660 4663 2125 0 0
1651 T 2243 4637 653 0 0
1651 T 2380 4308 2733 0 0
1651 T 2604 4198 2373 0 0
1651 T 1540 4651 1873 0 0
1651 T 1875 329 458 0 0
1651 T 455 328 1794 0 0
1651 T 1796 4625 1533 0 0
1651 T 2631 3687 387 0 0
1651 T 3687 3691 3693 0 0
1651 T 388 3689 2762 0 0
1651 T 388 383 387 0 0
1651 T 4407 4311 16 0 0
1651 T 16 4201 4481 0 0
1651 T 3060 3056 3052 0 0
1651 T 3694 3696 3694 1 0
1651 T 1527 2726 3814 0 0
1651 T 1522 3906 2858 0 0
1651 T 240 4108 4393 0 0
1651 T 4395 302 1270 0 0
1651 T 1267 299 4469 0 0
1651 T 4471 4038 233 0 0
1651 T 4651 2115 1887 0 0
1651 T 1806 2229 4625 0 0
1651 T 1825 2255 4640 0 0
1651 T 4662 2137 1907 0 0
1651 T 4399 4476 884 1 0
1651 T 4251 1663 3654 0 0
1651 T 3576 1746 4357 0 0
1651 T 1875 4115 3853 0 0
1651 T 3947 4045 1794 0 0
1651 T 692 403 4165 0 0
1651 T 4167 3921 1833 0 0
1651 T 1756 3831 4273 0 0
1651 T 4275 406 685 0 0
1651 T 1979 411 4165 0 0
1651 T 4275 411 1914 0 0
1651 T 2085 122 3798 0 0
1651 T 3803 123 2203 0 0
1651 T 2011 3765 4217 0 0
1651 T 4327 3772 1946 0 0
1651 T 1887 4645 2818 0 0
1651 T 662 2842 4645 0 0
1651 T 2688 4623 1806 0 0
1651 T 4623 2712 662 0 0
1651 T 1800 977 4038 0 0
1651 T 4108 984 1877 0 0
1651 T 3855 4129 1869 0 0
1651 T 1792 4129 3945 0 0
1651 T 1160 4679 1039 0 0
1651 T 4679 2317 801 0 0
1651 T 1039 4669 1153 0 0
1651 T 808 2371 4669 0 0
1651 T 3699 3703 3705 1 0
1651 T 4672 7 4677 -1 0
1651 T 2155 749 4665 0 0
1651 T 4667 4676 0 1 0
1651 T 4676 755 2037 0 0
1651 T 755 751 759 -1 0
1651 T 1871 1885 1873 0 0
1651 T 1796 1808 1790 0 0
1651 T 4395 760 4470 0 0
1651 T 1493 1153 4665 0 0
1651 T 2155 1752 1495 0 0
1651 T 1495 1829 2038 0 0
1651 T 4675 1160 1493 0 0
1651 T 2063 4179 3918 0 0
1651 T 3920 410 554 0 0
1651 T 4604 132 3974 0 0
1651 T 2065 2986 4602 0 0
1651 T 4598 3881 128 0 0
1651 T 2893 2181 4600 0 0
1651 T 554 410 3826 0 0
1651 T 3828 4285 2178 0 0
1651 T 2788 2936 4314 0 0
1651 T 4316 2459 2790 0 0
1651 T 2660 2454 4206 0 0
1651 T 4208 3026 2654 0 0
1651 T 3692 4634 282 0 0
1651 T 4634 2844 320 0 0
1651 T 283 4660 3685 0 0
1651 T 321 2710 4660 0 0
1651 T 984 4434 498 0 0
1651 T 496 4511 978 0 0
1651 T 4434 241 4511 0 0
1651 T 1737 4151 4359 0 0
1651 T 4249 4151 1656 0 0
1651 T 3706 3205 3298 0 0
1651 T 3844 4598 1225 0 0
1651 T 1232 4603 3934 0 0
1651 T 3916 3924 3918 0 0
1651 T 3828 3830 3822 0 0
1651 T 4108 4434 754 0 0
1651 T 751 4512 4038 0 0
1651 T 308 4368 4682 0 0
1651 T 4684 4257 310 -1 0
1651 T 345 4259 4368 0 0
1651 T 3344 1578 4366 0 0
1651 T 4368 2035 4261 0 0
1651 T 4371 1969 4258 0 0
1651 T 4260 1578 3250 0 0
1651 T 2611 4368 3266 0 0
1651 T 3176 4258 2742 0 0
1651 T 2732 4616 2861 0 0
1651 T 3775 3794 3777 0 0
1651 T 3140 3138 3140 -1 0
1651 T 3920 4168 614 0 0
1651 T 4604 4518 658 0 0
1651 T 4598 654 4441 0 0
1651 T 614 4274 3826 0 0
1651 T 345 347 345 0 0
1651 T 2841 4605 2712 0 0
1651 T 4660 593 4633 0 0
1651 T 2959 4477 2386 0 0
1651 T 4477 2993 2700 0 0
1651 T 2383 4403 2866 0 0
1651 T 2830 2903 4403 0 0
1651 T 4613 2538 2593 0 0
1651 T 2410 3837 3930 0 0
1651 T 2731 116 4488 0 0
1651 T 4486 1532 4411 0 0
1651 T 4409 110 2862 0 0
1651 T 4349 2508 4188 0 0
1651 T 4294 2562 4243 0 0
1651 T 1826 4692 2135 0 0
1651 T 2726 988 4692 0 0
1651 T 2249 4693 1908 0 0
1651 T 4693 989 2860 0 0
1651 T 1867 3977 4642 0 0
1651 T 4644 13 4193 -1 0
1651 T 4303 13 4618 0 0
1651 T 4620 3887 1786 0 0
1651 T 4684 4370 766 -1 0
1651 T 763 4264 4681 0 0
1651 T 4480 1 4401 0 0
1651 T 92 3897 2226 0 0
1651 T 2721 2250 3897 0 0
1651 T 2112 3991 93 0 0
1651 T 3991 2136 2855 0 0
1651 T 764 795 766 0 0
1651 T 156 4687 4185 0 0
1651 T 4187 4296 160 0 0
1651 T 4296 4685 150 0 0
1651 T 2295 763 4714 0 0
1651 T 4716 2469 938 0 0
1651 T 935 2476 4702 0 0
1651 T 4704 766 2345 0 0
1651 T 102 4701 4714 0 0
1651 T 2158 1496 4712 0 0
1651 T 4710 0 4699 0 0
1651 T 4697 1495 2044 0 0
1651 T 4711 2198 1750 0 0
1651 T 1831 2083 4697 0 0
1651 T 4647 19 4242 0 0
1651 T 4352 19 4621 0 0
1651 T 2759 4412 2885 0 0
1651 T 2755 2863 2757 0 0
1651 T 2628 2729 2622 0 0
1651 T 2979 4486 2626 0 0
1651 T 4685 4352 1408 0 0
1651 T 1409 4242 4688 0 0
1651 T 3798 3794 3804 0 0
1651 T 2199 4594 2081 0 0
1651 T 4365 4303 4299 0 0
1651 T 4189 4193 4259 0 0
1651 T 41 4279 1592 0 0
1651 T 1594 4277 111 0 0
1651 T 1673 4169 36 0 0
1651 T 1679 116 4169 0 0
1651 T 2659 4589 2790 0 0
1651 T 4316 83 4205 0 0
1651 T 4312 4343 4314 0 0
1651 T 4208 4233 4202 0 0
1651 T 4243 4352 1404 0 0
1651 T 56 2621 2973 -1 0
1651 T 56 2881 2754 0 0
1651 T 3515 4689 3813 0 0
1651 T 3907 4696 3593 0 0
1651 T 4368 1576 4720 0 0
1651 T 4718 7 4707 -1 0
1651 T 4705 1570 4257 0 0
1651 T 2755 4610 2621 0 0
1651 T 2623 1478 4738 0 0
1651 T 4740 1 4721 0 0
1651 T 4723 1476 2753 0 0
1651 T 2883 4609 2974 0 0
1651 T 4723 1820 2757 0 0
1651 T 4738 2625 1899 0 0
1651 T 4622 1401 4647 0 0
1651 T 1859 4655 226 0 0
1651 T 4655 1907 2853 0 0
1651 T 223 4629 1778 0 0
1651 T 2723 1825 4629 0 0
1651 T 1208 4742 3813 0 0
1651 T 228 4689 4742 0 0
1651 T 3907 4728 1201 0 0
1651 T 4728 4696 221 0 0
1651 T 2109 4756 1779 0 0
1651 T 4756 3163 1204 0 0
1651 T 1858 4757 2227 0 0
1651 T 1205 3254 4757 0 0
1651 T 4484 4513 4478 0 0
1651 T 4404 4439 4406 0 0
1651 T 4744 92 4758 0 0
1651 T 4755 93 4726 0 0
1651 T 3990 4727 1779 0 0
1651 T 1858 4741 3900 0 0
1651 T 54 1589 4277 0 0
1651 T 54 4169 1674 0 0
1651 T 1675 4763 1589 0 0
1651 T 1783 4718 4302 0 0
1651 T 4196 4708 1862 0 0
1651 T 4746 160 4731 0 0
1651 T 4316 32 4733 0 0
1651 T 4752 34 4205 0 0
1651 T 4735 84 4750 0 0
1651 T 4312 972 4733 0 0
1651 T 4751 965 4202 0 0
1651 T 2796 2815 2790 0 0
1651 T 2659 2682 2661 0 0
1651 T 2813 4595 2684 0 0
1651 T 13 4719 4776 0 0
1651 T 4785 4706 14 0 0
1651 T 4774 8 4787 1 0
1651 T 3990 4695 4632 0 0
1651 T 4654 4690 3900 0 0
1651 T 3300 21 4765 -1 0
1651 T 4767 3885 2645 0 0
1651 T 2779 3979 4777 0 0
1651 T 4779 21 3206 0 0
1651 T 4796 2816 2081 0 0
1651 T 2199 2681 4794 0 0
1651 T 4480 2308 4769 0 0
1651 T 4784 2357 4401 0 0
1651 T 4771 81 4782 0 0
1651 T 15 4781 4733 0 0
1651 T 4408 972 4781 0 0
1651 T 4751 4771 15 0 0
1651 T 4771 965 4482 0 0
1651 T 1595 4797 1677 0 0
1651 T 3932 4793 3193 -1 0
1651 T 3287 4796 3838 0 0
1651 T 4644 4788 1861 0 0
1651 T 1784 4774 4618 0 0
1651 T 4280 4762 4169 0 0
1651 T 2252 4802 4629 0 0
1651 T 3897 1825 4802 0 0
1651 T 4655 4802 2134 0 0
1651 T 4802 1907 3991 0 0
1651 T 4789 4618 2645 0 0
1651 T 4767 1788 4791 0 0
1651 T 4791 1865 4777 0 0
1651 T 2779 4644 4789 0 0
1651 T 4765 3708 4780 0 0
1651 T 3895 80 3986 0 0
1651 T 2647 4811 1865 0 0
1651 T 4811 3895 3789 0 0
1651 T 1788 4806 2777 0 0
1651 T 3792 3985 4806 0 0
1651 T 4767 4806 4642 0 0
1651 T 4620 4811 4777 0 0
1651 T 4788 79 4773 -1 0
1651 T 4767 3790 4818 1 0
1651 T 4820 3985 4642 0 0
1651 T 4620 3895 4814 0 0
1651 T 4816 3791 4777 0 0
1651 T 3706 4813 4818 0 0
1651 U 90 1 3 0 0
1651 U 2218 1 1 0 0
1651 U 1803 3 1 0 0
1651 U 28 2 1 0 0
1651 U 10 1 2 -1 0
1651 U 2264 3 3 0 0
1651 U 38 4 3 0 0
1651 U 14 3 4 0 0
1651 U 1881 5 7 0 0
1651 U 2103 5 5 0 0
1651 U 96 7 5 0 0
1651 U 9 6 5 0 0
1651 U 29 5 6 0 0
1651 U 2145 7 7 0 0
1651 U 13 8 7 1 0
1651 U 44 7 8 0 0
1651 U 16 9 10 0 0
1651 U 2784 12 9 0 0
1651 U 2906 10 12 0 0
1651 U 1619 11 9 0 0
1651 U 11 12 11 0 0
1651 U 112 14 9 0 0
1651 U 2846 11 14 0 0
1651 U 41 10 9 0 0
1651 U 1616 14 10 0 0
1651 U 128 13 11 0 0
1651 U 23 13 14 0 0
1651 U 2649 15 18 0 0
1651 U 15 16 15 0 0
1651 U 2999 18 16 0 0
1651 U 1699 19 15 0 0
1651 U 130 17 19 0 0
1651 U 36 16 15 0 0
1651 U 115 19 16 0 0
1651 U 1703 17 15 0 0
1651 U 2715 20 17 0 0
1651 U 12 17 18 0 0
1651 U 26 20 19 0 0
1651 U 2625 21 30 0 0
1651 U 440 21 21 -1 0
1651 U 2759 30 21 1 0
1651 U 2764 27 21 0 0
1651 U 2629 21 27 -1 0
1651 U 506 27 27 0 0
1651 U 535 30 30 1 0
1651 U 2798 23 28 0 0
1651 U 2667 28 23 0 0
1651 U 444 23 23 0 0
1651 U 2796 31 23 0 0
1651 U 2661 23 31 0 0
1651 U 540 31 31 0 0
1651 U 2701 25 30 -1 0
1651 U 502 25 25 0 0
1651 U 2836 30 25 0 0
1651 U 60 26 25 0 0
1651 U 45 32 31 0 0
1651 U 39 31 32 0 0
1651 U 2049 33 42 0 0
1651 U 820 38 33 0 0
1651 U 4323 42 38 0 0
1651 U 4272 48 33 0 0
1651 U 2090 38 48 0 0
1651 U 2055 35 33 0 0
1651 U 896 48 35 0 0
1651 U 828 36 33 0 0
1651 U 50 35 36 0 0
1651 U 4730 36 42 0 0
1651 U 4296 42 35 0 0
1651 U 2136 48 42 0 0
1651 U 57 42 41 0 0
1651 U 2095 44 37 0 0
1651 U 986 41 44 0 0
1651 U 948 39 37 0 0
1651 U 4344 44 39 0 0
1651 U 4320 45 37 0 0
1651 U 2121 39 45 0 0
1651 U 1026 45 47 0 0
1651 U 32 40 39 0 0
1651 U 971 44 40 0 0
1651 U 4340 46 39 0 0
1651 U 2137 43 46 0 0
1651 U 17 46 45 1 0
1651 U 4363 47 44 0 0
1651 U 2169 49 51 0 0
1651 U 4163 64 49 0 0
1651 U 898 51 64 0 0
1651 U 824 54 49 0 0
1651 U 2207 64 54 0 0
1651 U 2167 58 49 0 0
1651 U 4214 54 58 0 0
1651 U 832 52 49 0 0
1651 U 4747 58 52 0 0
1651 U 48 52 51 0 0
1651 U 4185 51 58 0 0
1651 U 2249 58 64 0 0
1651 U 58 57 58 0 0
1651 U 2210 53 60 0 0
1651 U 992 60 57 0 0
1651 U 4211 61 53 0 0
1651 U 1032 63 61 0 0
1651 U 944 55 53 0 0
1651 U 2240 61 55 0 0
1651 U 4233 55 60 0 0
1651 U 4231 62 55 0 0
1651 U 18 61 62 0 0
1651 U 968 59 55 0 0
1651 U 2256 62 59 0 0
1651 U 33 56 55 0 0
1651 U 4254 60 63 0 0
1651 Q 82 76 82 76 0 0 0 0 0 0
1651 Q 596 72 596 72 0 0 0 0 0 0
1651 Q 64 1268 164 1270 0 0 0 0 -1 0
1651 Q 1456 162 1456 162 0 0 0 0 0 0
1651 Q 1022 396 1022 396 0 0 0 0 0 0
1651 Q 160 3728 1 3726 0 -1 1 0 0 0
1651 Q 174 1220 102 1222 0 0 0 0 0 0
1651 Q 702 836 702 836 0 0 0 0 0 0
1651 Q 506 776 506 776 0 0 0 0 0 0
1651 Q 442 1532 442 1532 0 0 0 0 0 0
1651 Q 0 2376 2 2378 0 -1 0 0 0 0
1651 Q 2323 163 2269 0 0 0 0 0 0 0
1651 Q 1 2257 161 2144 0 0 -1 1 0 1
1651 Q 1134 134 1132 535 0 0 0 0 0 0
1651 Q 262 1923 2 1985 0 0 0 0 0 0
1651 Q 174 876 603 878 0 0 0 0 0 0
1651 Q 442 1284 82 1286 0 0 0 0 0 0
1651 Q 0 1488 441 1490 0 0 0 0 0 0
1651 Q 0 3668 795 3666 0 0 1 0 0 0
1651 Q 1955 62 2018 504 0 0 0 0 0 0
1651 Q 62 2945 7 3040 0 0 0 0 0 0
1651 Q 0 3052 0 3052 0 0 0 0 0 0
1651 Q 1042 1164 1042 1164 0 0 0 0 0 0
1651 Q 382 2283 157 2333 0 0 0 0 0 0
1651 Q 262 1919 242 1981 0 0 0 0 0 0
1651 Q 2195 506 2077 160 0 0 0 0 0 0
1651 Q 3138 504 3138 504 0 0 0 0 0 0
1651 Q 4590 92 3794 94 0 0 0 0 0 0
1651 Q 346 45 347 39 0 0 0 0 0 0
1651 Q 3246 3795 3339 540 0 0 0 0 0 0
1651 Q 4306 4764 4199 2 0 0 1 -1 0 0
1651 Q 3139 59 3140 60 0 0 0 0 1 0
