0
0 d=170
0
170 A 6 0 3 2 -3 -2
170 A 6 0 3 1 -3 -1
170 A 9 0 0 1 0 -1
170 A 12 0 3 2 -3 -2
170 A 12 0 -3 2 3 -2
170 A 13 0 0 5 0 -5
170 A 0 1 69 0 -69 0
170 A -1 1 37 0 -37 0
170 A 1 1 37 0 -37 0
170 A -2 1 57 1 -57 -1
170 A 2 1 -57 1 57 -1
170 A -5 1 54 2 -54 -2
170 A -5 1 14 0 -14 0
170 A 5 1 14 0 -14 0
170 A 5 1 -54 2 54 -2
170 A -8 1 37 2 -37 -2
170 A 8 1 -37 2 37 -2
170 A 18 0 9 8 -9 -8
170 A 24 0 3 4 -3 -4
170 A 24 0 -3 4 3 -4
170 A 26 0 13 8 -13 -8
170 A 0 2 169 0 -169 0
170 A 0 2 101 0 -101 0
170 A 0 2 69 0 -69 0
170 A -4 2 59 0 -59 0
170 A 4 2 59 0 -59 0
170 A -10 2 59 1 -59 -1
170 A 10 2 -59 1 59 -1
170 A 29 0 0 14 0 -14
170 A 0 4 69 0 -69 0
170 A 7 0 0 2 0 2
170 A 11 0 0 3 0 3
170 A 13 0 0 1 0 1
170 A 14 0 7 5 7 5
170 A 29 0 0 6 0 6
170 A 53 0 0 20 0 20
170 A 67 0 0 11 0 11
170 A 77 0 0 19 0 19
170 A 83 0 0 41 0 41
170 A 4 0 1 1 1 -1
170 A 5 0 2 2 2 -2
170 A 5 0 2 1 2 -1
170 A 5 0 1 2 -1 2
170 A 5 0 1 1 -1 1
170 A 7 0 3 3 3 -3
170 A 7 0 3 2 -1 3
170 A 7 0 3 1 1 2
170 A 7 0 -3 1 -1 2
170 A 7 0 -3 2 1 3
170 A 7 0 2 3 -2 3
170 A 7 0 2 2 1 -1
170 A 7 0 2 1 2 -1
170 A 7 0 -2 2 -1 -1
170 A 7 0 0 3 0 -1
170 A 8 0 3 3 -1 1
170 A 8 0 3 1 -1 3
170 A 8 0 -3 1 1 3
170 A 8 0 -3 3 1 1
170 A 9 0 3 4 3 2
170 A 9 0 3 1 3 -1
170 A 9 0 -3 2 -3 4
170 A 9 0 0 4 0 2
170 A 10 0 3 3 3 -3
170 A 10 0 3 1 3 -1
170 A 10 0 1 3 -1 3
170 A 10 0 1 1 -1 1
170 A 11 0 5 5 4 -4
170 A 11 0 5 4 1 -3
170 A 11 0 5 3 -4 -2
170 A 11 0 5 2 -5 2
170 A 11 0 5 1 -2 -4
170 A 11 0 -5 1 2 -4
170 A 11 0 -5 3 4 -2
170 A 11 0 -5 4 -1 -3
170 A 11 0 -5 5 -4 -4
170 A 11 0 4 5 2 3
170 A 11 0 4 3 3 -5
170 A 11 0 4 1 4 -1
170 A 11 0 -4 3 -3 -5
170 A 11 0 -4 5 -2 3
170 A 11 0 3 4 -3 4
170 A 11 0 3 3 3 -3
170 A 11 0 3 2 -2 5
170 A 11 0 3 1 -1 4
170 A 11 0 -3 1 1 4
170 A 11 0 -3 2 2 5
170 A 11 0 2 2 -1 1
170 A 11 0 2 1 1 5
170 A 11 0 -2 1 -1 5
170 A 11 0 -2 2 1 1
170 A 11 0 1 2 1 -2
170 A 11 0 0 5 0 4
170 A 11 0 0 2 0 -1
170 A 12 0 3 5 3 -5
170 A 12 0 3 1 3 -1
170 A 13 0 6 6 1 -1
170 A 13 0 6 5 -5 2
170 A 13 0 6 3 -1 -6
170 A 13 0 6 2 -6 2
170 A 13 0 6 1 3 6
170 A 13 0 -6 1 -3 6
170 A 13 0 -6 3 1 -6
170 A 13 0 -6 5 5 2
170 A 13 0 -6 6 -1 -1
170 A 13 0 5 6 -2 5
170 A 13 0 5 5 -4 4
170 A 13 0 5 4 4 2
170 A 13 0 5 3 1 2
170 A 13 0 -5 3 -1 2
170 A 13 0 -5 4 -4 2
170 A 13 0 -5 5 4 4
170 A 13 0 -5 6 2 5
170 A 13 0 4 5 -2 -4
170 A 13 0 4 3 4 -3
170 A 13 0 4 1 -1 -3
170 A 13 0 -4 1 1 -3
170 A 13 0 -4 5 2 -4
170 A 13 0 3 5 -2 -1
170 A 13 0 3 4 3 -4
170 A 13 0 3 3 2 -2
170 A 13 0 3 1 1 4
170 A 13 0 -3 1 -1 4
170 A 13 0 -3 3 -2 -2
170 A 13 0 -3 5 2 -1
170 A 13 0 2 6 -2 6
170 A 13 0 0 6 0 -2
170 A 13 0 0 4 0 -3
170 A 0 1 83 0 43 0
170 A 0 1 81 0 -21 0
170 A 0 1 79 0 71 0
170 A 0 1 67 0 -33 0
170 A 0 1 63 0 -27 0
170 A 0 1 61 0 39 0
170 A 0 1 41 0 29 0
170 A 0 1 37 0 -23 0
170 A -1 1 77 0 -20 0
170 A -1 1 71 0 -53 0
170 A -1 1 61 0 14 0
170 A -1 1 59 0 -29 0
170 A -1 1 58 0 56 0
170 A -1 1 55 0 -28 0
170 A -1 1 52 0 23 0
170 A -1 1 46 0 26 0
170 A 1 1 77 0 -20 0
170 A 1 1 71 0 -53 0
170 A 1 1 61 0 14 0
170 A 1 1 59 0 -29 0
170 A 1 1 58 0 56 0
170 A 1 1 55 0 -28 0
170 A 1 1 52 0 23 0
170 A 1 1 46 0 26 0
170 A -2 1 83 1 -43 0
170 A -2 1 81 1 -63 -1
170 A -2 1 75 1 59 1
170 A -2 1 71 1 -31 0
170 A -2 1 53 1 -19 0
170 A -2 1 51 1 -23 0
170 A -2 1 45 1 37 0
170 A -2 1 41 0 -17 0
170 A 2 1 43 0 -83 1
170 A 2 1 41 0 -17 0
170 A 2 1 37 0 45 -1
170 A 2 1 31 0 -71 1
170 A 2 1 23 0 -51 1
170 A 2 1 19 0 -53 1
170 A 2 1 -59 1 -75 1
170 A 2 1 -63 1 81 -1
170 A -3 1 79 1 24 0
170 A -3 1 61 1 -14 0
170 A -3 1 38 1 45 1
170 A -3 1 21 0 17 0
170 A 3 1 -79 1 -24 0
170 A 3 1 -61 1 14 0
170 A 3 1 17 0 21 0
170 A 3 1 -38 1 -45 1
170 A -4 1 63 2 51 1
170 A -4 1 75 2 -61 -1
170 A -4 1 63 1 -21 -1
170 A -4 1 55 1 -37 -1
170 A -4 1 23 0 -81 -2
170 A -4 1 19 0 -45 -1
170 A -4 1 25 1 -69 -2
170 A 4 1 -21 1 63 -1
170 A 4 1 -25 1 69 -2
170 A 4 1 -37 1 55 -1
170 A 4 1 -45 1 19 0
170 A 4 1 -61 1 75 -2
170 A 4 1 -81 2 23 0
170 A 4 1 -51 1 -63 2
170 A -5 1 72 2 -78 -2
170 A -5 1 57 2 27 1
170 A -5 1 52 2 17 1
170 A -5 1 32 1 -53 -1
170 A -5 1 17 0 -18 -1
170 A -5 1 58 2 38 1
170 A -5 1 76 2 29 1
170 A -5 1 66 2 49 2
170 A -5 1 51 2 -16 0
170 A -5 1 41 1 79 2
170 A -5 1 36 1 19 0
170 A -5 1 26 1 39 1
170 A -5 1 24 1 -64 -2
170 A 5 1 -78 2 72 -2
170 A 5 1 -53 1 32 -1
170 A 5 1 -38 1 -58 2
170 A 5 1 17 0 -18 1
170 A 5 1 -17 1 -52 2
170 A 5 1 -27 1 -57 2
170 A 5 1 -79 2 -41 1
170 A 5 1 -39 1 -26 1
170 A 5 1 19 0 36 -1
170 A 5 1 16 0 -51 2
170 A 5 1 -66 2 -49 2
170 A 5 1 -76 2 -29 1
170 A 5 1 -24 1 64 -2
170 A 14 0 5 3 -5 3
170 A 14 0 3 5 -1 -3
170 A 14 0 -3 5 1 -3
170 A 14 0 7 3 -7 -1
170 A -6 1 69 3 -39 -1
170 A -6 1 51 2 73 2
170 A -6 1 45 2 -41 -1
170 A -6 1 27 1 -19 -1
170 A -6 1 21 1 49 2
170 A -6 1 15 1 43 1
170 A -6 1 15 0 -43 -2
170 A -6 1 41 2 -29 -1
170 A -6 1 17 0 -79 -3
170 A -6 1 67 2 61 2
170 A 6 1 -41 1 45 -2
170 A 6 1 -29 1 41 -2
170 A 6 1 17 0 -79 3
170 A 6 1 -19 1 27 -1
170 A 6 1 -43 1 -15 1
170 A 6 1 -43 2 15 0
170 A 6 1 -49 2 -21 1
170 A 6 1 -61 2 -67 2
170 A 6 1 -73 2 -51 2
170 A 6 1 -39 1 69 -3
170 A -7 1 71 3 -36 -2
170 A -7 1 22 1 -54 -2
170 A -7 1 45 2 -19 -1
170 A -7 1 31 1 -77 -3
170 A -7 1 18 1 28 1
170 A -7 1 12 1 16 1
170 A -7 1 9 1 34 1
170 A -7 1 44 2 -27 -1
170 A -7 1 70 3 63 2
170 A -7 1 35 2 -62 -2
170 A 7 1 -27 1 44 -2
170 A 7 1 -34 1 -9 1
170 A 7 1 -62 2 35 -2
170 A 7 1 -31 1 77 -3
170 A 7 1 -18 1 -28 1
170 A 7 1 -54 2 22 -1
170 A 7 1 -16 1 -12 1
170 A 7 1 -63 2 -70 3
170 A 7 1 -19 1 45 -2
170 A 7 1 -36 2 71 -3
170 A 15 0 3 7 3 -7
170 A 15 0 3 2 3 -2
170 A -8 1 77 4 -57 -2
170 A -8 1 29 1 -11 -1
170 A -8 1 59 3 23 1
170 A -8 1 75 4 -27 -1
170 A -8 1 71 4 -17 -1
170 A -8 1 55 2 -65 -3
170 A -8 1 39 2 9 1
170 A -8 1 73 3 33 1
170 A 8 1 -11 1 29 -1
170 A 8 1 -27 1 75 -4
170 A 8 1 -59 3 -23 1
170 A 8 1 -55 2 65 -3
170 A 8 1 -9 1 -39 2
170 A 8 1 -17 1 71 -4
170 A 8 1 -33 1 -73 3
170 A 8 1 -57 2 77 -4
170 A -9 1 68 4 -43 -3
170 A -9 1 51 3 47 3
170 A -9 1 74 4 -62 -3
170 A -9 1 29 1 24 1
170 A -9 1 11 1 -77 -4
170 A -9 1 26 2 -70 -3
170 A 9 1 -68 4 43 -3
170 A 9 1 -77 4 11 -1
170 A 9 1 -24 1 -29 1
170 A 9 1 -51 3 -47 3
170 A 9 1 -70 3 26 -2
170 A 9 1 -62 3 74 -4
170 A 16 0 7 7 -5 5
170 A 16 0 -7 7 5 5
170 A 16 0 3 7 -1 -3
170 A 16 0 3 5 -1 7
170 A 16 0 -3 5 1 7
170 A 16 0 -3 7 1 -3
170 A -10 1 63 4 -57 -4
170 A -10 1 13 1 -27 -2
170 A -10 1 81 4 19 1
170 A -10 1 41 2 -21 -1
170 A -10 1 79 4 -39 -2
170 A 10 1 -13 1 27 -2
170 A 10 1 -63 4 57 -4
170 A 10 1 -79 4 39 -2
170 A 10 1 -19 1 -81 4
170 A 10 1 -21 1 41 -2
170 A 17 0 8 2 2 8
170 A 17 0 -8 2 -2 8
170 A 17 0 7 6 -5 -3
170 A 17 0 7 5 -5 6
170 A 17 0 7 4 -5 -2
170 A 17 0 -7 4 5 -2
170 A 17 0 -7 5 5 6
170 A 17 0 -7 6 5 -3
170 A 17 0 6 6 -3 3
170 A 17 0 -6 6 3 3
170 A 17 0 4 6 4 -6
170 A 17 0 4 3 4 -3
170 A 17 0 4 2 4 -2
170 A 17 0 1 8 -1 8
170 A 17 0 1 7 -1 7
170 A 17 0 1 4 -1 4
170 A 17 0 1 3 -1 3
170 A 17 0 1 2 -1 2
170 A -11 1 63 4 -35 -3
170 A -11 1 14 1 73 5
170 A -11 1 25 2 75 5
170 A -11 1 51 4 27 2
170 A -11 1 67 5 20 1
170 A -11 1 23 1 44 3
170 A -11 1 12 1 -27 -1
170 A -11 1 50 4 43 2
170 A -11 1 28 2 42 2
170 A -11 1 81 5 59 3
170 A 11 1 -63 4 35 -3
170 A 11 1 -14 1 -73 5
170 A 11 1 -25 2 -75 5
170 A 11 1 -20 1 -67 5
170 A 11 1 -42 2 -28 2
170 A 11 1 -59 3 -81 5
170 A 11 1 -23 1 -44 3
170 A 11 1 -43 2 -50 4
170 A 11 1 -27 1 12 -1
170 A 11 1 -27 2 -51 4
170 A -12 1 69 4 -27 -2
170 A -12 1 45 4 15 1
170 A -12 1 51 4 63 4
170 A 12 1 -69 4 27 -2
170 A 12 1 -15 1 -45 4
170 A 12 1 -51 4 -63 4
170 A 18 0 3 8 3 -8
170 A 18 0 3 4 3 2
170 A 18 0 -3 2 -3 4
170 A 18 0 1 3 -1 3
170 A 18 0 9 4 9 2
170 A -13 1 71 6 52 3
170 A -13 1 60 5 82 6
170 A -13 1 74 6 -16 -1
170 A -13 1 35 3 77 5
170 A -13 1 24 1 -29 -2
170 A -13 1 53 5 80 6
170 A 13 1 -71 6 -52 3
170 A 13 1 -82 6 -60 5
170 A 13 1 -16 1 74 -6
170 A 13 1 -29 2 24 -1
170 A 13 1 -80 6 -53 5
170 A 13 1 -77 5 -35 3
170 A 19 0 -9 2 9 2
170 A 19 0 -9 5 -9 -5
170 A 19 0 -9 7 8 2
170 A 19 0 -8 2 9 7
170 A 19 0 -8 5 8 5
170 A 19 0 -6 3 -4 -2
170 A 19 0 -4 2 -6 -3
170 A 19 0 -2 9 -2 -9
170 A 19 0 0 2 0 9
170 A 19 0 0 4 0 -5
170 A -14 1 31 2 17 1
170 A 14 1 -17 1 -31 2
170 A -15 1 12 2 17 2
170 A -15 1 22 2 -23 -1
170 A -15 1 61 6 19 1
170 A 15 1 -23 1 22 -2
170 A 15 1 -17 2 -12 2
170 A 15 1 -61 6 -19 1
170 A 20 0 9 6 -9 6
170 A 21 0 9 2 -6 -8
170 A 21 0 -9 2 6 -8
170 A 21 0 0 5 0 -2
170 A -17 1 10 2 22 3
170 A -17 1 78 8 -63 -5
170 A -17 1 28 3 37 5
170 A 17 1 -63 5 78 -8
170 A 17 1 -22 3 -10 2
170 A 17 1 -37 5 -28 3
170 A 22 0 11 7 -11 -5
170 A -18 1 43 6 85 8
170 A 18 1 -85 8 -43 6
170 A 23 0 11 6 -10 -5
170 A 23 0 11 5 -11 5
170 A 23 0 11 3 -7 4
170 A 23 0 -11 3 7 4
170 A 23 0 -11 6 10 -5
170 A 23 0 8 4 -8 4
170 A 23 0 5 7 3 5
170 A 23 0 -5 7 -3 5
170 A 23 0 0 6 0 3
170 A -19 1 68 8 -13 -3
170 A -19 1 43 6 -39 -4
170 A -19 1 35 3 69 7
170 A 19 1 -68 8 13 -3
170 A 19 1 -69 7 -35 3
170 A 19 1 -39 4 43 -6
170 A -21 1 55 5 21 1
170 A 21 1 -55 5 -21 1
170 A 25 0 12 8 12 -8
170 A 25 0 12 6 -8 4
170 A 25 0 -12 6 8 4
170 A 25 0 9 4 -9 4
170 A 26 0 13 9 13 3
170 A 0 2 -127 1 -87 1
170 A 0 2 -109 1 39 -1
170 A 0 2 103 0 33 0
170 A 0 2 -37 1 23 -1
170 A -2 2 57 1 55 1
170 A 2 2 -55 1 -57 1
170 A -4 2 85 2 43 0
170 A 4 2 43 0 85 -2
170 A -23 1 21 4 -59 -9
170 A -23 1 44 6 58 9
170 A -23 1 43 6 -20 -4
170 A -23 1 26 4 8 3
170 A 23 1 -21 4 59 -9
170 A 23 1 -44 6 -58 9
170 A 23 1 -26 4 -8 3
170 A 23 1 -20 4 43 -6
170 A 27 0 0 7 0 -13
170 A -25 1 37 4 -83 -12
170 A 25 1 -83 12 37 -4
170 A 29 0 0 3 0 12
170 A 31 0 -15 13 15 13
170 A 31 0 -12 10 12 10
170 A 31 0 -10 5 1 -15
170 A 31 0 1 15 -10 -5
170 A -29 1 81 14 19 5
170 A 29 1 -19 5 -81 14
170 A -31 1 39 5 26 8
170 A 31 1 -39 5 -26 8
170 A 37 0 15 11 -15 11
170 A 43 0 9 13 -9 13
170 A 55 0 14 7 -14 7
170 A 61 0 -30 23 30 23
170 A 79 0 39 20 -39 20
170 S -2 1 6 0
170 S 4 4 9 0
170 S 2 2 9 0
170 S 1 1 9 0
170 S 6 4 13 0
170 S -5 1 13 0
170 S -4 6 13 0
170 S 3 2 13 0
170 S -2 3 13 0
170 S 1 5 13 0
170 S 0 3 10 0
170 S 0 1 10 0
170 S 0 2 5 0
170 S 0 1 5 0
170 S -4 4 9 0
170 S -2 2 9 0
170 S -1 1 9 0
170 S -6 4 13 0
170 S 5 1 13 0
170 S 4 6 13 0
170 S -3 2 13 0
170 S 2 3 13 0
170 S -1 5 13 0
170 S 2 1 6 0
170 T 480 780 633 0 0
170 T 488 764 638 0 0
170 T 919 1274 478 0 0
170 T 631 168 921 0 0
170 T 1274 166 780 0 0
170 T 763 173 1267 0 0
170 T 543 1551 1529 0 0
170 T 1154 917 545 0 0
170 T 1527 637 1156 0 0
170 T 917 635 1551 0 0
170 T 801 1617 1339 0 0
170 T 11 1651 1559 0 0
170 T 1673 1705 10 0 0
170 T 1561 590 1671 0 0
170 T 1705 592 1651 0 0
170 T 877 1539 1387 0 0
170 T 1389 663 502 0 0
170 T 1377 673 508 0 0
170 T 504 401 875 0 0
170 T 401 665 1539 0 0
170 T 412 2 617 0 0
170 T 615 454 386 0 0
170 T 388 432 410 0 0
170 T 313 321 335 0 0
170 T 415 380 356 0 0
170 T 359 331 428 0 0
170 T 352 336 368 0 0
170 T 391 367 401 0 0
170 T 332 425 314 0 0
170 T 325 423 327 0 0
170 T 344 418 306 0 0
170 T 433 385 409 0 0
170 T 312 364 346 0 0
170 T 377 398 347 0 0
170 T 419 391 410 0 0
170 T 361 404 380 0 0
170 T 371 339 395 0 0
170 T 397 406 375 0 0
170 T 341 68 307 0 0
170 T 318 320 318 1 0
170 T 357 428 315 0 0
170 T 432 456 2 0 0
170 T 83 1664 1590 0 0
170 T 565 434 85 0 0
170 T 1592 1697 563 0 0
170 T 434 1695 1664 0 0
170 T 844 251 603 0 0
170 T 605 244 166 0 0
170 T 168 233 842 0 0
170 T 233 242 251 0 0
170 T 268 241 217 0 0
170 T 264 292 278 0 0
170 T 248 213 209 0 0
170 T 217 204 199 0 0
170 T 237 210 259 0 0
170 T 206 234 265 0 0
170 T 277 291 259 0 0
170 T 273 296 287 0 0
170 T 281 257 273 0 0
170 T 283 267 275 0 0
170 T 254 201 233 0 0
170 T 66 221 197 0 0
170 T 197 244 224 0 0
170 T 250 228 239 0 0
170 T 229 220 191 0 0
170 T 246 225 193 0 0
170 T 284 297 289 0 0
170 T 205 203 205 1 0
170 T 514 510 518 0 0
170 T 520 1233 26 0 0
170 T 1233 512 4 0 0
170 T 633 916 734 0 0
170 T 736 542 256 0 0
170 T 254 1157 631 0 0
170 T 545 1000 301 0 0
170 T 1027 574 300 0 0
170 T 1644 1690 436 0 0
170 T 434 61 1667 0 0
170 T 1669 1699 1642 0 0
170 T 1699 60 1690 0 0
170 T 520 42 1230 0 0
170 T 679 117 311 0 0
170 T 628 183 681 0 0
170 T 337 111 626 0 0
170 T 1038 1306 1171 0 0
170 T 1173 587 119 0 0
170 T 121 1101 1040 0 0
170 T 1101 589 1306 0 0
170 T 142 194 892 0 0
170 T 1439 1402 144 0 0
170 T 890 667 1441 0 0
170 T 1402 669 194 0 0
170 T 215 829 926 0 0
170 T 928 322 266 0 0
170 T 241 324 829 0 0
170 T 1110 508 1177 0 0
170 T 1175 656 1524 0 0
170 T 1522 1244 1112 0 0
170 T 1244 654 508 0 0
170 T 547 665 1329 0 0
170 T 1323 672 539 0 0
170 T 941 521 549 0 0
170 T 936 538 512 0 0
170 T 1327 728 939 0 0
170 T 935 708 1325 0 0
170 T 521 726 665 0 0
170 T 708 513 672 0 0
170 T 1079 1188 588 0 0
170 T 586 744 170 0 0
170 T 752 584 162 0 0
170 T 172 797 1081 0 0
170 T 797 742 1188 0 0
170 T 1545 1354 806 0 0
170 T 853 963 326 0 0
170 T 773 1256 851 0 0
170 T 963 1254 971 0 0
170 T 177 821 581 0 0
170 T 866 174 552 0 0
170 T 166 884 734 0 0
170 T 904 164 746 0 0
170 T 914 882 921 0 0
170 T 913 900 891 0 0
170 T 419 149 1243 0 0
170 T 1113 1569 421 0 0
170 T 1569 1525 149 0 0
170 T 569 189 559 0 0
170 T 1410 1588 561 0 0
170 T 567 1590 1415 0 0
170 T 1588 1596 1590 0 0
170 T 103 880 168 0 0
170 T 122 102 105 0 0
170 T 128 132 112 0 0
170 T 130 137 115 0 0
170 T 120 122 106 0 0
170 T 113 65 115 0 0
170 T 121 139 135 0 0
170 T 106 126 138 0 0
170 T 804 786 880 0 0
170 T 102 158 802 0 0
170 T 1637 1446 1005 0 0
170 T 1479 1470 1635 0 0
170 T 1003 235 1481 0 0
170 T 1470 237 1446 0 0
170 T 607 1165 560 0 0
170 T 558 824 178 0 0
170 T 180 164 609 0 0
170 T 164 822 1165 0 0
170 T 1241 891 1194 0 0
170 T 1196 898 854 0 0
170 T 856 913 1239 0 0
170 T 354 82 912 0 0
170 T 910 604 417 0 0
170 T 380 602 82 0 0
170 T 305 278 1064 0 0
170 T 599 264 303 0 0
170 T 1062 290 601 0 0
170 T 140 428 445 0 0
170 T 443 333 883 0 0
170 T 885 359 138 0 0
170 T 1373 153 1153 0 0
170 T 1421 593 1371 0 0
170 T 1151 676 1419 0 0
170 T 593 674 153 0 0
170 T 366 89 472 0 0
170 T 470 660 350 0 0
170 T 336 658 89 0 0
170 T 1629 854 831 0 0
170 T 1633 849 816 0 0
170 T 473 399 809 0 0
170 T 1355 640 471 0 0
170 T 1350 630 477 0 0
170 T 399 638 1542 0 0
170 T 792 704 1186 0 0
170 T 1188 3 1309 0 0
170 T 1307 665 790 0 0
170 T 665 2 704 0 0
170 T 617 305 261 0 0
170 T 259 1448 871 0 0
170 T 873 419 615 0 0
170 T 419 1446 305 0 0
170 T 1399 1311 1358 0 0
170 T 1391 1403 1401 0 0
170 T 1392 1390 1392 1 0
170 T 1397 1408 1396 0 0
170 T 1300 1336 1311 0 0
170 T 1403 1380 1298 0 0
170 T 208 791 725 0 0
170 T 723 463 1444 0 0
170 T 1442 1013 206 0 0
170 T 1013 465 791 0 0
170 T 1269 589 755 0 0
170 T 757 745 765 0 0
170 T 772 752 746 0 0
170 T 809 86 393 0 0
170 T 1727 1729 1727 1 0
170 T 1731 1733 1731 -1 0
170 T 1312 856 154 0 0
170 T 156 1629 1602 0 0
170 T 833 1312 1604 0 0
170 T 564 1672 1708 0 0
170 T 1706 1625 1591 0 0
170 T 1696 1623 1672 0 0
170 T 796 768 213 0 0
170 T 768 101 724 0 0
170 T 694 101 738 0 0
170 T 774 94 713 0 0
170 T 569 279 330 0 0
170 T 316 277 559 0 0
170 T 631 1325 587 0 0
170 T 639 584 1333 0 0
170 T 589 706 1179 0 0
170 T 1181 935 633 0 0
170 T 1339 1248 692 0 0
170 T 1582 1606 690 0 0
170 T 1248 1504 1584 0 0
170 T 1606 1502 1341 0 0
170 T 83 1021 828 0 0
170 T 82 862 994 0 0
170 T 574 1176 952 0 0
170 T 685 269 576 0 0
170 T 950 670 683 0 0
170 T 269 672 1176 0 0
170 T 1562 94 1553 0 0
170 T 635 70 655 0 0
170 T 952 1562 657 0 0
170 T 255 908 329 0 0
170 T 908 99 929 0 0
170 T 367 155 490 0 0
170 T 492 1048 351 0 0
170 T 337 1046 155 0 0
170 T 1058 94 1037 0 0
170 T 1026 217 1035 0 0
170 T 999 1058 201 0 0
170 T 1483 1152 1607 0 0
170 T 4 1384 1485 0 0
170 T 1609 1600 5 0 0
170 T 1384 1598 1152 0 0
170 T 847 1337 831 0 0
170 T 1275 1532 833 0 0
170 T 849 1514 1250 0 0
170 T 1532 1521 1514 0 0
170 T 1524 1536 1526 0 0
170 T 1314 509 1158 0 0
170 T 1160 541 106 0 0
170 T 108 1225 1316 0 0
170 T 1225 539 509 0 0
170 T 548 1237 505 0 0
170 T 1138 188 1115 0 0
170 T 469 1215 499 0 0
170 T 242 983 134 0 0
170 T 136 496 253 0 0
170 T 231 494 983 0 0
170 T 1134 1086 641 0 0
170 T 989 582 1086 0 0
170 T 1636 1566 13 0 0
170 T 1698 534 1634 0 0
170 T 12 1677 1700 0 0
170 T 534 1675 1566 0 0
170 T 130 146 730 0 0
170 T 1009 595 132 0 0
170 T 595 342 146 0 0
170 T 564 1 533 0 0
170 T 871 212 1472 0 0
170 T 1641 154 1546 0 0
170 T 1548 440 1666 0 0
170 T 1668 534 1639 0 0
170 T 534 438 154 0 0
170 T 58 1701 1691 0 0
170 T 1662 1702 1667 0 0
170 T 1657 1652 1664 0 0
170 T 1669 593 1655 0 0
170 T 263 1461 840 0 0
170 T 838 1468 208 0 0
170 T 234 1466 1461 0 0
170 T 955 157 221 0 0
170 T 219 1399 648 0 0
170 T 646 1457 957 0 0
170 T 1457 1401 157 0 0
170 T 1683 1685 1683 1 0
170 T 876 182 809 0 0
170 T 721 241 82 0 0
170 T 84 526 402 0 0
170 T 1007 528 241 0 0
170 T 625 229 161 0 0
170 T 1120 954 623 0 0
170 T 954 468 229 0 0
170 T 1225 778 272 0 0
170 T 270 1184 509 0 0
170 T 1184 780 541 0 0
170 T 956 1285 1194 0 0
170 T 1196 164 1454 0 0
170 T 647 162 1285 0 0
170 T 1130 372 224 0 0
170 T 636 150 1132 0 0
170 T 222 610 634 0 0
170 T 150 612 372 0 0
170 T 395 153 1293 0 0
170 T 475 1133 397 0 0
170 T 1291 637 477 0 0
170 T 1091 706 286 0 0
170 T 1105 289 779 0 0
170 T 142 590 440 0 0
170 T 1126 477 1156 0 0
170 T 257 1350 1128 0 0
170 T 275 1432 1269 0 0
170 T 1051 305 277 0 0
170 T 1267 974 1053 0 0
170 T 305 976 1432 0 0
170 T 190 306 506 0 0
170 T 508 420 1109 0 0
170 T 1107 344 192 0 0
170 T 648 1654 1467 0 0
170 T 1469 1653 1497 0 0
170 T 1495 1663 646 0 0
170 T 1315 1304 1463 0 0
170 T 1465 1015 990 0 0
170 T 1647 1233 693 0 0
170 T 1660 750 1294 0 0
170 T 640 742 3 0 0
170 T 2 756 486 0 0
170 T 89 1074 998 0 0
170 T 97 88 87 0 0
170 T 90 98 91 0 0
170 T 1054 205 1074 0 0
170 T 88 1029 1056 0 0
170 T 162 938 1380 0 0
170 T 1378 520 692 0 0
170 T 690 546 164 0 0
170 T 541 703 170 0 0
170 T 826 1576 1394 0 0
170 T 862 1397 1581 0 0
170 T 1576 0 1579 0 0
170 T 686 702 726 0 0
170 T 717 698 691 0 0
170 T 519 2 688 0 0
170 T 573 1498 1274 0 0
170 T 1531 1395 571 0 0
170 T 1395 830 1498 0 0
170 T 900 489 582 0 0
170 T 479 586 894 0 0
170 T 1333 763 898 0 0
170 T 895 780 1323 0 0
170 T 245 890 498 0 0
170 T 602 1144 890 0 0
170 T 1461 977 1652 0 0
170 T 977 236 1494 0 0
170 T 693 1150 1278 0 0
170 T 1280 836 715 0 0
170 T 698 834 1150 0 0
170 T 103 470 1086 0 0
170 T 1136 1354 105 0 0
170 T 285 476 1181 0 0
170 T 937 1351 283 0 0
170 T 1377 896 273 0 0
170 T 271 1191 1110 0 0
170 T 1112 266 1375 0 0
170 T 266 1193 896 0 0
170 T 226 1009 126 0 0
170 T 110 597 228 0 0
170 T 479 24 755 0 0
170 T 487 485 481 0 0
170 T 159 672 932 0 0
170 T 930 511 1252 0 0
170 T 1250 708 161 0 0
170 T 172 729 1229 0 0
170 T 1213 1486 1501 0 0
170 T 1395 1488 849 0 0
170 T 1148 1198 1150 0 0
170 T 645 1419 1146 0 0
170 T 674 1 642 0 0
170 T 109 1097 1073 0 0
170 T 1071 1319 1159 0 0
170 T 1319 1095 540 0 0
170 T 1067 968 132 0 0
170 T 117 820 1069 0 0
170 T 968 818 137 0 0
170 T 640 797 1319 0 0
170 T 1073 1572 638 0 0
170 T 797 1570 1161 0 0
170 T 573 862 798 0 0
170 T 1579 1531 800 0 0
170 T 89 874 375 0 0
170 T 1677 1710 530 0 0
170 T 1710 1536 1709 0 0
170 T 1034 300 118 0 0
170 T 108 301 1061 0 0
170 T 748 1146 850 0 0
170 T 1255 1148 752 0 0
170 T 20 879 1355 0 0
170 T 1386 803 19 0 0
170 T 717 949 547 0 0
170 T 700 165 949 0 0
170 T 160 958 684 0 0
170 T 1369 554 159 0 0
170 T 125 1342 1367 0 0
170 T 572 1344 167 0 0
170 T 787 556 570 0 0
170 T 575 217 121 0 0
170 T 1 1033 971 0 0
170 T 1509 1 1512 0 0
170 T 1286 1274 1296 0 0
170 T 5 921 1288 0 0
170 T 1294 480 4 0 0
170 T 777 1463 710 0 0
170 T 695 741 1463 0 0
170 T 139 1080 981 0 0
170 T 943 1099 141 0 0
170 T 979 2 945 0 0
170 T 1099 3 1080 0 0
170 T 1029 653 7 0 0
170 T 1000 7 660 0 0
170 T 1571 1545 174 0 0
170 T 1541 1557 175 0 0
170 T 261 1259 561 0 0
170 T 291 316 1259 0 0
170 T 1433 397 1650 0 0
170 T 397 302 1459 0 0
170 T 200 908 862 0 0
170 T 571 93 198 0 0
170 T 908 91 800 0 0
170 T 1224 1103 296 0 0
170 T 119 239 682 0 0
170 T 556 799 829 0 0
170 T 217 93 554 0 0
170 T 93 926 799 0 0
170 T 1677 1619 1692 0 0
170 T 1070 398 174 0 0
170 T 1316 696 297 0 0
170 T 1104 694 108 0 0
170 T 112 866 1047 0 0
170 T 866 629 156 0 0
170 T 1109 656 148 0 0
170 T 107 844 882 0 0
170 T 734 233 109 0 0
170 T 488 1294 33 0 0
170 T 13 1226 934 0 0
170 T 510 686 12 0 0
170 T 686 540 1226 0 0
170 T 1262 297 1090 0 0
170 T 1092 740 120 0 0
170 T 118 1303 1264 0 0
170 T 1303 738 297 0 0
170 T 566 1221 262 0 0
170 T 1221 331 292 0 0
170 T 451 148 856 0 0
170 T 152 451 816 0 0
170 T 619 262 150 0 0
170 T 698 235 621 0 0
170 T 152 209 700 0 0
170 T 1167 84 1282 0 0
170 T 163 861 1169 0 0
170 T 861 646 84 0 0
170 T 418 1636 1435 0 0
170 T 1437 1004 304 0 0
170 T 577 1563 1524 0 0
170 T 1255 422 1278 0 0
170 T 1280 965 1030 0 0
170 T 503 105 1085 0 0
170 T 1083 1024 546 0 0
170 T 1237 1022 105 0 0
170 T 1575 1514 801 0 0
170 T 556 1516 1395 0 0
170 T 147 606 261 0 0
170 T 1261 1162 149 0 0
170 T 212 1346 851 0 0
170 T 837 1371 206 0 0
170 T 852 1 834 0 0
170 T 1361 489 750 0 0
170 T 164 898 1359 0 0
170 T 236 746 609 0 0
170 T 146 748 213 0 0
170 T 637 115 194 0 0
170 T 657 218 111 0 0
170 T 657 193 596 0 0
170 T 1432 1127 11 0 0
170 T 394 1561 1127 0 0
170 T 1220 1166 153 0 0
170 T 452 360 1218 0 0
170 T 360 815 1166 0 0
170 T 1641 1636 1643 0 0
170 T 836 965 323 0 0
170 T 1249 1253 1231 0 0
170 T 933 1249 5 0 0
170 T 133 150 783 0 0
170 T 983 610 131 0 0
170 T 757 478 11 0 0
170 T 580 350 132 0 0
170 T 130 1047 968 0 0
170 T 966 493 578 0 0
170 T 1632 1605 145 0 0
170 T 388 173 1051 0 0
170 T 1053 291 617 0 0
170 T 454 293 173 0 0
170 T 1427 722 648 0 0
170 T 1548 464 1429 0 0
170 T 646 1445 1546 0 0
170 T 681 143 820 0 0
170 T 1422 1678 443 0 0
170 T 1438 164 1196 0 0
170 T 815 1378 1440 0 0
170 T 1194 938 817 0 0
170 T 1270 988 102 0 0
170 T 473 585 1272 0 0
170 T 588 1264 475 0 0
170 T 145 1067 311 0 0
170 T 357 136 813 0 0
170 T 625 494 355 0 0
170 T 811 253 623 0 0
170 T 938 1120 405 0 0
170 T 403 623 922 0 0
170 T 924 956 940 0 0
170 T 961 952 932 0 0
170 T 233 758 83 0 0
170 T 865 326 231 0 0
170 T 979 794 464 0 0
170 T 462 173 141 0 0
170 T 491 174 137 0 0
170 T 201 544 107 0 0
170 T 1673 675 1528 0 0
170 T 1522 643 1677 0 0
170 T 706 1367 1486 0 0
170 T 781 1501 1342 0 0
170 T 400 1038 174 0 0
170 T 662 1556 1038 0 0
170 T 1288 1582 1505 0 0
170 T 1340 750 1286 0 0
170 T 750 1609 1582 0 0
170 T 477 1305 1172 0 0
170 T 694 449 776 0 0
170 T 711 447 738 0 0
170 T 1482 1281 1582 0 0
170 T 1286 330 1484 0 0
170 T 1281 332 1503 0 0
170 T 3 409 599 0 0
170 T 601 383 455 0 0
170 T 1113 935 278 0 0
170 T 256 937 1190 0 0
170 T 1451 1471 156 0 0
170 T 1546 666 1453 0 0
170 T 666 1639 1471 0 0
170 T 1202 952 915 0 0
170 T 917 1384 445 0 0
170 T 443 1365 952 0 0
170 T 1200 1382 1365 0 0
170 T 1696 56 1704 0 0
170 T 439 1424 9 0 0
170 T 143 224 501 0 0
170 T 357 453 1260 0 0
170 T 1165 854 355 0 0
170 T 426 290 453 0 0
170 T 810 239 160 0 0
170 T 1477 297 458 0 0
170 T 1346 149 1149 0 0
170 T 466 191 156 0 0
170 T 838 395 598 0 0
170 T 1256 1583 1492 0 0
170 T 1608 1147 1490 0 0
170 T 105 1386 1122 0 0
170 T 1124 662 1083 0 0
170 T 1171 1554 791 0 0
170 T 86 346 502 0 0
170 T 651 312 88 0 0
170 T 504 362 653 0 0
170 T 83 533 437 0 0
170 T 1184 895 670 0 0
170 T 1475 432 1613 0 0
170 T 283 1192 1127 0 0
170 T 356 141 958 0 0
170 T 960 121 812 0 0
170 T 966 868 128 0 0
170 T 645 534 146 0 0
170 T 336 6 1074 0 0
170 T 848 1605 1300 0 0
170 T 401 942 490 0 0
170 T 1041 134 942 0 0
170 T 552 146 1015 0 0
170 T 992 152 581 0 0
170 T 1187 3 1320 0 0
170 T 1143 898 414 0 0
170 T 548 1413 363 0 0
170 T 1413 1237 650 0 0
170 T 251 127 527 0 0
170 T 529 360 605 0 0
170 T 360 129 842 0 0
170 T 815 1300 145 0 0
170 T 849 82 460 0 0
170 T 833 460 85 0 0
170 T 85 1241 1163 0 0
170 T 822 668 83 0 0
170 T 668 164 1241 0 0
170 T 772 584 902 0 0
170 T 540 1188 1042 0 0
170 T 1044 2 1097 0 0
170 T 138 1043 1013 0 0
170 T 172 793 1043 0 0
170 T 349 522 143 0 0
170 T 145 886 375 0 0
170 T 886 524 398 0 0
170 T 1414 181 1495 0 0
170 T 976 903 1416 0 0
170 T 903 237 181 0 0
170 T 1285 924 817 0 0
170 T 1064 383 170 0 0
170 T 1456 1359 854 0 0
170 T 1437 13 1110 0 0
170 T 281 1228 1435 0 0
170 T 2 393 871 0 0
170 T 178 860 569 0 0
170 T 1590 858 1494 0 0
170 T 988 188 1024 0 0
170 T 364 1068 523 0 0
170 T 315 1504 1255 0 0
170 T 1277 1659 1339 0 0
170 T 1646 1250 1341 0 0
170 T 360 922 85 0 0
170 T 477 341 225 0 0
170 T 534 1419 1347 0 0
170 T 706 1265 283 0 0
170 T 376 3 839 0 0
170 T 82 495 415 0 0
170 T 378 622 84 0 0
170 T 365 132 550 0 0
170 T 22 510 687 0 0
170 T 1561 152 1528 0 0
170 T 1526 1290 1129 0 0
170 T 533 1587 1693 0 0
170 T 1587 83 1645 0 0
170 T 317 443 959 0 0
170 T 930 1363 315 0 0
170 T 333 1382 918 0 0
170 T 243 611 117 0 0
170 T 127 175 525 0 0
170 T 889 1071 129 0 0
170 T 947 1412 1003 0 0
170 T 1253 557 1487 0 0
170 T 968 524 552 0 0
170 T 353 1416 585 0 0
170 T 1478 668 1645 0 0
170 T 669 767 1428 0 0
170 T 1057 311 6 0 0
170 T 317 1493 1248 0 0
170 T 1493 1365 5 0 0
170 T 1621 1588 1710 0 0
170 T 1411 1480 178 0 0
170 T 1587 824 1480 0 0
170 T 156 981 872 0 0
170 T 392 943 154 0 0
170 T 11 1267 895 0 0
170 T 145 1013 838 0 0
170 T 1013 886 3 0 0
170 T 1295 41 486 0 0
170 T 1168 620 567 0 0
170 T 1443 144 1467 0 0
170 T 1656 142 1546 0 0
170 T 180 618 162 0 0
170 T 1450 210 980 0 0
170 T 463 769 1452 0 0
170 T 886 140 1094 0 0
170 T 948 234 178 0 0
170 T 1415 1271 658 0 0
170 T 897 277 1129 0 0
170 T 1601 1147 1362 0 0
170 T 1704 60 1697 0 0
170 T 1003 1064 1227 0 0
170 U 1 1 1 0 0
170 U 46 1 1 0 -1
170 U 2 2 3 0 0
170 U 484 3 3 0 0
170 U 25 3 2 0 0
170 U 33 3 2 0 0
170 U 4 2 3 0 0
170 U 13 7 6 0 0
170 U 1619 6 6 0 0
170 U 58 6 7 0 0
170 U 55 6 7 0 0
170 U 7 7 6 -1 0
170 U 1327 11 13 0 0
170 U 1023 13 8 0 0
170 U 1123 8 11 0 0
170 U 158 8 10 0 0
170 U 19 10 11 0 0
170 U 1116 13 9 0 0
170 U 466 9 12 0 0
170 U 8 12 13 0 0
170 U 1120 12 11 0 0
170 U 36 10 11 0 0
170 U 39 9 8 0 0
170 U 785 24 21 0 0
170 U 985 21 18 0 0
170 U 370 18 24 0 0
170 U 30 17 16 0 0
170 U 994 23 17 0 0
170 U 386 16 23 0 0
170 U 351 15 21 0 0
170 U 771 16 15 0 0
170 U 974 21 16 0 0
170 U 34 23 22 0 0
170 U 414 22 21 0 0
170 U 765 21 23 0 0
170 U 761 23 19 0 0
170 U 993 25 14 0 0
170 U 326 16 18 0 0
170 U 774 24 14 0 0
170 U 1512 14 18 0 0
170 U 972 14 19 0 0
170 U 45 15 14 0 0
170 U 14 24 25 0 0
170 U 1610 27 29 0 0
170 U 189 29 29 0 0
170 U 183 27 27 0 0
170 U 48 27 26 0 0
170 U 62 29 28 0 0
170 U 449 33 30 0 0
170 U 94 30 30 0 0
170 U 99 33 33 0 0
170 U 16 31 30 0 0
170 U 50 33 32 0 0
170 U 168 34 36 0 0
170 U 21 36 37 0 0
170 U 1136 37 34 0 0
170 U 1330 38 36 0 0
170 U 35 36 37 0 0
170 U 1144 37 38 0 0
170 U 989 39 34 0 0
170 U 1141 35 39 0 0
170 U 38 34 35 1 0
170 U 500 38 35 0 0
170 U 9 39 38 0 0
170 U 733 51 46 0 0
170 U 1006 46 45 0 0
170 U 343 45 51 0 0
170 U 365 47 41 0 0
170 U 714 41 42 0 0
170 U 1002 42 47 0 0
170 U 37 49 48 0 0
170 U 402 48 47 0 0
170 U 726 47 49 0 0
170 U 383 43 48 0 0
170 U 1031 41 44 0 0
170 U 324 44 42 0 0
170 U 1017 50 41 0 0
170 U 712 41 51 0 0
170 U 15 51 50 0 0
170 U 29 42 43 0 0
170 U 1020 48 42 0 0
170 U 718 49 45 0 0
170 U 1506 41 45 0 0
170 U 44 40 41 1 0
170 U 3 4 5 0 0
170 U 517 5 5 0 0
170 U 23 5 4 0 0
170 U 27 5 4 0 0
170 U 5 4 5 -1 0
170 U 10 52 53 0 0
170 U 1625 53 53 0 0
170 U 56 53 52 0 0
170 U 52 53 52 0 0
170 U 6 52 53 0 0
170 Q 1341 1391 1339 1521 1 0 -1 0 0 0
170 Q 1393 1617 0 1615 1 0 1 0 0 0
170 Q 123 1000 1537 1029 0 0 0 0 0 0
170 Q 877 1721 808 1683 0 0 0 0 0 0
170 Q 1685 1354 99 1387 0 0 0 0 0 0
170 Q 1541 101 1543 1719 0 0 0 0 0 0
170 Q 579 1722 550 1715 0 0 0 0 0 0
170 Q 1717 174 1720 175 0 0 0 0 0 0
170 Q 1718 868 1724 821 0 0 0 0 0 0
170 Q 1730 1631 1722 1627 0 0 0 0 0 0
170 Q 833 77 849 1732 0 0 0 0 0 0
170 Q 814 77 854 1724 0 0 0 0 0 0
170 Q 1604 1732 1602 1728 -1 0 0 0 0 0
170 Q 1535 53 1536 54 0 0 0 0 0 0
170 Q 6 1594 7 1537 0 0 -1 0 1 0
170 Q 1408 84 1207 85 0 0 0 0 0 0
170 Q 996 0 1021 1209 0 0 0 0 0 0
170 Q 17 1204 16 1205 0 0 0 0 0 0
170 Q 1216 438 1201 440 0 0 0 0 0 0
170 Q 460 1211 458 1209 0 0 0 0 0 0
170 Q 1203 97 1203 97 0 0 0 0 0 0
170 Q 530 81 563 1730 0 0 0 0 0 0
170 Q 288 1211 289 98 0 0 0 0 0 0
170 Q 248 534 1199 590 0 0 0 0 0 0
170 Q 992 74 1015 1715 0 0 0 0 0 0
170 Q 1717 1304 69 1317 0 0 0 0 0 0
170 Q 691 1688 750 1390 0 0 0 0 0 0
170 Q 1392 1658 1336 1649 0 0 0 0 0 0
170 Q 1233 1334 1296 1686 0 0 0 0 0 0
170 Q 98 18 101 21 0 0 0 0 0 0
170 Q 879 99 803 1684 0 0 0 0 0 0
170 Q 123 658 1596 653 0 0 0 0 0 0
170 Q 73 51 72 50 0 0 0 0 0 0
170 Q 1716 1557 101 1573 0 0 0 0 0 0
170 Q 271 101 285 189 0 0 0 0 0 0
170 Q 77 451 74 453 0 0 0 0 0 0
170 Q 1722 148 74 150 0 0 0 0 0 0
170 Q 143 1727 157 1725 0 0 0 0 0 0
170 Q 1719 626 1729 679 0 0 0 0 0 0
170 Q 1200 1422 188 1424 0 0 0 0 0 0
170 Q 1680 1202 1678 186 0 0 0 0 0 0
170 Q 722 73 766 1393 0 0 0 0 0 0
170 Q 64 66 64 66 0 0 0 0 0 0
170 Q 1207 1477 188 1475 0 0 0 0 0 0
170 Q 297 186 295 1213 0 0 0 0 0 0
170 Q 1159 1717 1173 249 0 0 0 0 0 0
170 Q 78 84 1731 85 0 0 0 0 0 0
170 Q 435 80 437 78 0 0 0 0 0 0
170 Q 184 432 1207 430 0 0 0 0 0 0
170 Q 81 47 80 46 0 0 0 0 0 0
170 Q 184 410 0 408 0 0 0 0 0 0
170 Q 382 0 388 1207 0 0 0 0 0 0
170 Q 458 79 460 77 0 0 0 0 0 0
170 Q 521 1335 487 1686 0 0 0 0 0 0
170 Q 97 421 0 395 0 0 0 0 0 0
170 Q 340 0 306 1 0 0 -1 0 0 0
170 Q 69 0 69 0 0 0 0 0 0 0
170 Q 0 30 0 29 0 0 0 0 0 0
170 Q 1334 41 1337 42 0 0 0 0 0 0
170 Q 1681 17 1678 62 0 0 0 0 0 0
170 Q 49 64 48 65 0 0 0 0 0 0
