326 A 5 0 0 -2 0 2
326 A 6 0 3 -1 -3 1
326 A 6 0 3 -2 -3 2
326 A 9 0 0 -2 0 2
326 A 10 0 5 -2 -5 2
326 A 10 0 5 -3 -5 3
326 A 11 0 0 -5 0 5
326 A 12 0 -3 -2 3 2
326 A 12 0 3 -2 -3 2
326 A 13 0 0 -5 0 5
326 A 15 0 0 -2 0 2
326 A 15 0 0 -7 0 7
326 A 18 0 9 -2 -9 2
326 A 18 0 9 -7 -9 7
326 A -1 1 -110 0 110 0
326 A 1 1 -110 0 110 0
326 A -2 1 -87 -1 87 1
326 A -2 1 -107 -1 107 1
326 A -2 1 -129 -1 129 1
326 A 2 1 87 -1 -87 1
326 A 2 1 107 -1 -107 1
326 A 2 1 129 -1 -129 1
326 A -3 1 -63 -1 63 1
326 A 3 1 63 -1 -63 1
326 A -4 1 -37 0 37 0
326 A 4 1 -37 0 37 0
326 A -5 1 -48 -1 48 1
326 A 5 1 48 -1 -48 1
326 A 19 0 0 -5 0 5
326 A -8 1 -149 -4 149 4
326 A 8 1 149 -4 -149 4
326 A 20 0 -5 -2 5 2
326 A 20 0 5 -2 -5 2
326 A -9 1 -150 -4 150 4
326 A 9 1 150 -4 -150 4
326 A 22 0 11 -5 -11 5
326 A 22 0 11 -6 -11 6
326 A -13 1 -70 -3 70 3
326 A 13 1 70 -3 -70 3
326 A 24 0 -3 -4 3 4
326 A 24 0 3 -4 -3 4
326 A -17 1 -150 -8 150 8
326 A 17 1 150 -8 -150 8
326 A 26 0 13 -5 -13 5
326 A 26 0 13 -8 -13 8
326 A 30 0 15 -2 -15 2
326 A 30 0 15 -8 -15 8
326 A 33 0 0 -16 0 16
326 A 36 0 -9 -2 9 2
326 A 36 0 9 -2 -9 2
326 A 0 2 -325 0 325 0
326 A -2 2 -109 -1 109 1
326 A 2 2 109 -1 -109 1
326 A -4 2 -109 0 109 0
326 A -4 2 -195 -2 195 2
326 A 4 2 -109 0 109 0
326 A 4 2 195 -2 -195 2
326 A -6 2 -63 -1 63 1
326 A 6 2 63 -1 -63 1
326 A -8 2 -37 0 37 0
326 A 8 2 -37 0 37 0
326 A -37 1 -81 -10 81 10
326 A 37 1 81 -10 -81 10
326 A -26 2 -243 -11 243 11
326 A 26 2 243 -11 -243 11
326 A 55 0 0 -27 0 27
326 A 5 0 0 -1 0 -1
326 A 7 0 0 -3 0 -3
326 A 10 0 5 -1 5 -1
326 A 13 0 0 -1 0 -1
326 A 14 0 7 -3 7 -3
326 A 23 0 0 -11 0 -11
326 A 29 0 0 -5 0 -5
326 A 31 0 0 -8 0 -8
326 A 35 0 0 -11 0 -11
326 A 65 0 0 -14 0 -14
326 A 91 0 0 -38 0 -38
326 A 113 0 0 -34 0 -34
326 A 131 0 0 -49 0 -49
326 A 145 0 0 -24 0 -24
326 A 155 0 0 -39 0 -39
326 A 161 0 0 -80 0 -80
326 A 4 0 -1 -1 -1 1
326 A 5 0 -1 -1 -2 2
326 A 5 0 1 -1 2 2
326 A 7 0 0 -1 0 -2
326 A 7 0 -1 -1 3 -3
326 A 7 0 1 -1 -3 -3
326 A 7 0 -2 -1 2 -1
326 A 7 0 -3 -1 -3 1
326 A 7 0 -1 -2 -2 -3
326 A 7 0 1 -2 2 -3
326 A 7 0 -2 -2 -2 2
326 A 7 0 -3 -2 -1 3
326 A 7 0 3 -2 1 3
326 A 8 0 -1 -1 -1 1
326 A 8 0 -3 -1 -3 1
326 A 8 0 -1 -3 -1 3
326 A 8 0 -3 -3 -3 3
326 A 9 0 0 -1 0 4
326 A 9 0 -3 -1 -3 4
326 A 9 0 3 -1 3 4
326 A 9 0 -3 -2 -3 2
326 A 10 0 -1 -1 3 -3
326 A 10 0 1 -1 -3 -3
326 A 11 0 0 -1 0 3
326 A 11 0 -1 -1 -4 4
326 A 11 0 1 -1 4 4
326 A 11 0 -3 -1 5 2
326 A 11 0 3 -1 -5 2
326 A 11 0 -4 -1 4 -1
326 A 11 0 -5 -1 -5 1
326 A 11 0 0 -2 0 -4
326 A 11 0 -1 -2 -3 -5
326 A 11 0 1 -2 3 -5
326 A 11 0 -2 -2 -2 2
326 A 11 0 -3 -2 -2 5
326 A 11 0 3 -2 2 5
326 A 11 0 -1 -3 5 -4
326 A 11 0 1 -3 -5 -4
326 A 11 0 -2 -3 2 -3
326 A 11 0 -3 -3 -5 5
326 A 11 0 3 -3 5 5
326 A 11 0 -4 -3 2 4
326 A 11 0 4 -3 -2 4
326 A 11 0 -1 -4 4 -5
326 A 11 0 1 -4 -4 -5
326 A 12 0 -3 -1 -3 1
326 A 12 0 -3 -5 -3 5
326 A 13 0 -1 -1 -6 6
326 A 13 0 1 -1 6 6
326 A 13 0 -2 -1 3 5
326 A 13 0 2 -1 -3 5
326 A 13 0 -3 -1 -1 -4
326 A 13 0 3 -1 1 -4
326 A 13 0 -4 -1 1 3
326 A 13 0 4 -1 -1 3
326 A 13 0 -6 -1 -3 -6
326 A 13 0 6 -1 3 -6
326 A 13 0 0 -2 0 6
326 A 13 0 -1 -2 -5 -3
326 A 13 0 1 -2 5 -3
326 A 13 0 -2 -2 -3 3
326 A 13 0 2 -2 3 3
326 A 13 0 -4 -2 -5 -4
326 A 13 0 4 -2 5 -4
326 A 13 0 -5 -2 6 -5
326 A 13 0 5 -2 -6 -5
326 A 13 0 -6 -2 6 -2
326 A 13 0 0 -3 0 4
326 A 13 0 -4 -3 -4 3
326 A 13 0 -6 -3 1 6
326 A 13 0 6 -3 -1 6
326 A 13 0 -2 -4 4 5
326 A 13 0 2 -4 -4 5
326 A 13 0 -3 -4 -3 4
326 A 13 0 -4 -4 5 -5
326 A 13 0 4 -4 -5 -5
326 A 13 0 -2 -5 5 -6
326 A 13 0 2 -5 -5 -6
326 A 13 0 -2 -6 2 -6
326 A 14 0 -1 -1 3 -3
326 A 14 0 1 -1 -3 -3
326 A 14 0 -3 -1 -3 1
326 A 14 0 -5 -1 5 -1
326 A 14 0 7 -1 7 5
326 A 14 0 -1 -3 -3 -5
326 A 14 0 1 -3 3 -5
326 A 14 0 -5 -3 1 5
326 A 14 0 5 -3 -1 5
326 A 14 0 -5 -5 -5 5
326 A 15 0 0 -1 0 4
326 A 15 0 -6 -1 3 7
326 A 15 0 6 -1 -3 7
326 A 15 0 -3 -2 6 -4
326 A 15 0 3 -2 -6 -4
326 A 16 0 -1 -1 7 -7
326 A 16 0 1 -1 -7 -7
326 A 16 0 -3 -1 -3 1
326 A 16 0 -5 -1 -5 1
326 A 16 0 -7 -1 1 -7
326 A 16 0 7 -1 -1 -7
326 A 16 0 -1 -3 7 -5
326 A 16 0 1 -3 -7 -5
326 A 16 0 -3 -3 -3 3
326 A 16 0 -5 -3 -5 3
326 A 16 0 -7 -3 1 -5
326 A 16 0 7 -3 -1 -5
326 A 16 0 -3 -5 -3 5
326 A 16 0 -5 -5 -5 5
326 A 16 0 -3 -7 -3 7
326 A 16 0 -5 -7 -5 7
326 A 17 0 0 -1 0 -6
326 A 17 0 -1 -1 -4 4
326 A 17 0 1 -1 4 4
326 A 17 0 -2 -1 -7 -5
326 A 17 0 2 -1 7 -5
326 A 17 0 -3 -1 -4 7
326 A 17 0 3 -1 4 7
326 A 17 0 -4 -1 2 8
326 A 17 0 4 -1 -2 8
326 A 17 0 -5 -1 2 3
326 A 17 0 5 -1 -2 3
326 A 17 0 -6 -1 8 -7
326 A 17 0 6 -1 -8 -7
326 A 17 0 -7 -1 7 -1
326 A 17 0 -8 -1 -8 1
326 A 17 0 0 -2 0 -3
326 A 17 0 -1 -2 4 -8
326 A 17 0 1 -2 -4 -8
326 A 17 0 -2 -2 -2 2
326 A 17 0 -3 -2 5 8
326 A 17 0 3 -2 -5 8
326 A 17 0 -4 -2 5 6
326 A 17 0 4 -2 -5 6
326 A 17 0 -5 -2 -4 5
326 A 17 0 5 -2 4 5
326 A 17 0 -6 -2 -2 -5
326 A 17 0 6 -2 2 -5
326 A 17 0 -7 -2 -1 -7
326 A 17 0 7 -2 1 -7
326 A 17 0 -8 -2 1 4
326 A 17 0 8 -2 -1 4
326 A 17 0 -1 -3 -3 -8
326 A 17 0 1 -3 3 -8
326 A 17 0 -3 -3 -7 7
326 A 17 0 3 -3 7 7
326 A 17 0 -4 -3 8 -6
326 A 17 0 4 -3 -8 -6
326 A 17 0 -5 -3 5 -3
326 A 17 0 -6 -3 -8 4
326 A 17 0 6 -3 8 4
326 A 17 0 -7 -3 3 6
326 A 17 0 7 -3 -3 6
326 A 17 0 -8 -3 7 8
326 A 17 0 8 -3 -7 8
326 A 17 0 0 -4 0 7
326 A 17 0 -2 -4 2 -4
326 A 17 0 -3 -4 -8 5
326 A 17 0 3 -4 8 5
326 A 17 0 -5 -4 1 6
326 A 17 0 5 -4 -1 6
326 A 17 0 -6 -4 -6 4
326 A 17 0 -7 -4 2 -6
326 A 17 0 7 -4 -2 -6
326 A 17 0 0 -5 0 -8
326 A 17 0 -1 -5 -2 -7
326 A 17 0 1 -5 2 -7
326 A 17 0 -3 -5 -3 5
326 A 17 0 -5 -5 6 -6
326 A 17 0 5 -5 -6 -6
326 A 17 0 -6 -5 -5 7
326 A 17 0 6 -5 5 7
326 A 17 0 -4 -6 -6 -8
326 A 17 0 4 -6 6 -8
326 A 17 0 -7 -6 6 7
326 A 17 0 7 -6 -6 7
326 A 17 0 -3 -7 1 -8
326 A 17 0 3 -7 -1 -8
326 A 17 0 -8 -8 8 -8
326 A 18 0 -3 -1 -3 -5
326 A 18 0 3 -1 3 -5
326 A 18 0 9 -1 9 -5
326 A 18 0 -3 -2 -3 2
326 A 18 0 -1 -3 1 -3
326 A 18 0 -3 -4 -3 -8
326 A 18 0 3 -4 3 -8
326 A 18 0 9 -4 9 -8
326 A 18 0 -3 -7 -3 7
326 A 0 1 -19 0 103 0
326 A 0 1 -21 0 -31 0
326 A 0 1 -23 0 -85 0
326 A 0 1 -27 0 157 0
326 A 0 1 -33 0 -79 0
326 A 0 1 -39 0 -117 0
326 A 0 1 -41 0 -159 0
326 A 0 1 -43 0 91 0
326 A 0 1 -49 0 -153 0
326 A 0 1 -51 0 -147 0
326 A 0 1 -53 0 -123 0
326 A 0 1 -55 0 83 0
326 A 0 1 -57 0 143 0
326 A 0 1 -61 0 155 0
326 A 0 1 -69 0 -137 0
326 A 0 1 -71 0 -101 0
326 A 0 1 -77 0 -127 0
326 A 0 1 -81 0 161 0
326 A 0 1 -97 0 121 0
326 A 0 1 -99 0 -135 0
326 A -1 1 -19 0 -86 0
326 A -1 1 -20 0 -49 0
326 A -1 1 -22 0 -104 0
326 A -1 1 -26 0 -88 0
326 A -1 1 -28 0 -35 0
326 A -1 1 -31 0 -116 0
326 A -1 1 -34 0 -125 0
326 A -1 1 -37 0 -53 0
326 A -1 1 -38 0 -43 0
326 A -1 1 -44 0 -52 0
326 A -1 1 -55 0 -107 0
326 A -1 1 -56 0 146 0
326 A -1 1 -58 0 -62 0
326 A -1 1 -71 0 152 0
326 A -1 1 -73 0 112 0
326 A -1 1 -74 0 137 0
326 A -1 1 -91 0 115 0
326 A -1 1 -103 0 127 0
326 A -1 1 -106 0 145 0
326 A -1 1 -113 0 -136 0
326 A 1 1 -19 0 -86 0
326 A 1 1 -20 0 -49 0
326 A 1 1 -22 0 -104 0
326 A 1 1 -26 0 -88 0
326 A 1 1 -28 0 -35 0
326 A 1 1 -31 0 -116 0
326 A 1 1 -34 0 -125 0
326 A 1 1 -37 0 -53 0
326 A 1 1 -38 0 -43 0
326 A 1 1 -44 0 -52 0
326 A 1 1 -55 0 -107 0
326 A 1 1 -56 0 146 0
326 A 1 1 -58 0 -62 0
326 A 1 1 -71 0 152 0
326 A 1 1 -73 0 112 0
326 A 1 1 -74 0 137 0
326 A 1 1 -91 0 115 0
326 A 1 1 -103 0 127 0
326 A 1 1 -106 0 145 0
326 A 1 1 -113 0 -136 0
326 A -2 1 -19 0 137 1
326 A -2 1 -23 0 -43 0
326 A -2 1 -29 0 -89 -1
326 A -2 1 -31 0 -147 -1
326 A -2 1 -37 0 -105 -1
326 A -2 1 -41 0 159 1
326 A -2 1 -53 0 135 1
326 A -2 1 -59 0 -149 -1
326 A -2 1 -61 0 -117 -1
326 A -2 1 -67 0 131 1
326 A -2 1 -71 0 -79 0
326 A -2 1 -73 0 -111 -1
326 A -2 1 -81 -1 -161 -1
326 A -2 1 -101 -1 155 1
326 A 2 1 -19 0 137 -1
326 A 2 1 -23 0 -43 0
326 A 2 1 -29 0 -89 1
326 A 2 1 -31 0 -147 1
326 A 2 1 -37 0 -105 1
326 A 2 1 -41 0 159 -1
326 A 2 1 -53 0 135 -1
326 A 2 1 -59 0 -149 1
326 A 2 1 -61 0 -117 1
326 A 2 1 -67 0 131 -1
326 A 2 1 -71 0 -79 0
326 A 2 1 -73 0 -111 1
326 A 2 1 81 -1 161 -1
326 A 2 1 101 -1 -155 1
326 A -3 1 -19 0 -138 -1
326 A -3 1 -22 0 -134 -1
326 A -3 1 -23 0 99 1
326 A -3 1 -29 0 101 1
326 A -3 1 -32 0 -154 -1
326 A -3 1 -33 0 129 1
326 A -3 1 -34 0 66 1
326 A -3 1 -39 0 -143 -1
326 A -3 1 -44 0 96 1
326 A -3 1 -53 0 -155 -1
326 A -3 1 -61 -1 86 1
326 A -3 1 -65 -1 -130 -1
326 A -3 1 -68 -1 148 1
326 A -3 1 -73 -1 -116 -1
326 A -3 1 -85 -1 -115 -1
326 A -3 1 -98 -1 133 1
326 A -3 1 -120 -1 -125 -1
326 A -3 1 -128 -1 153 1
326 A 3 1 -19 0 -138 1
326 A 3 1 -22 0 -134 1
326 A 3 1 -23 0 99 -1
326 A 3 1 -29 0 101 -1
326 A 3 1 -32 0 -154 1
326 A 3 1 -33 0 129 -1
326 A 3 1 -34 0 66 -1
326 A 3 1 -39 0 -143 1
326 A 3 1 -44 0 96 -1
326 A 3 1 -53 0 -155 1
326 A 3 1 61 -1 -86 1
326 A 3 1 65 -1 130 -1
326 A 3 1 68 -1 -148 1
326 A 3 1 73 -1 116 -1
326 A 3 1 85 -1 115 -1
326 A 3 1 98 -1 -133 1
326 A 3 1 120 -1 125 -1
326 A 3 1 128 -1 -153 1
326 A -4 1 -23 0 115 1
326 A -4 1 -25 0 -41 0
326 A -4 1 -29 0 55 1
326 A -4 1 -35 0 -123 -1
326 A -4 1 -39 -1 -159 -2
326 A -4 1 -43 -1 123 2
326 A -4 1 -51 -1 -135 -2
326 A -4 1 -61 -1 -117 -1
326 A -4 1 -69 -1 -85 -1
326 A -4 1 -73 -1 -143 -2
326 A -4 1 -79 -1 -99 -1
326 A -4 1 -87 -1 105 1
326 A -4 1 -97 -1 141 2
326 A -4 1 -103 -1 -155 -2
326 A -4 1 -109 -1 -111 -1
326 A 4 1 -23 0 115 -1
326 A 4 1 -25 0 -41 0
326 A 4 1 -29 0 55 -1
326 A 4 1 -35 0 -123 1
326 A 4 1 39 -1 159 -2
326 A 4 1 43 -1 -123 2
326 A 4 1 51 -1 135 -2
326 A 4 1 61 -1 117 -1
326 A 4 1 69 -1 85 -1
326 A 4 1 73 -1 143 -2
326 A 4 1 79 -1 99 -1
326 A 4 1 87 -1 -105 1
326 A 4 1 97 -1 -141 2
326 A 4 1 103 -1 155 -2
326 A 4 1 109 -1 111 -1
326 A -5 1 -19 0 32 1
326 A -5 1 -20 0 148 2
326 A -5 1 -23 0 -56 -1
326 A -5 1 -28 0 153 2
326 A -5 1 -29 0 -111 -2
326 A -5 1 -33 -1 -147 -2
326 A -5 1 -35 -1 74 1
326 A -5 1 -36 -1 127 2
326 A -5 1 -41 -1 135 2
326 A -5 1 -42 -1 -102 -2
326 A -5 1 -50 -1 -124 -2
326 A -5 1 -51 -1 -89 -1
326 A -5 1 -53 -1 105 2
326 A -5 1 -54 -1 109 2
326 A -5 1 -69 -1 -156 -2
326 A -5 1 -71 -1 92 1
326 A -5 1 -72 -1 145 2
326 A -5 1 -75 -1 -126 -2
326 A -5 1 -77 -1 -97 -2
326 A -5 1 -78 -1 -138 -2
326 A -5 1 -93 -1 -144 -2
326 A -5 1 -99 -2 -151 -2
326 A -5 1 -103 -2 136 2
326 A -5 1 -112 -2 154 2
326 A 5 1 -19 0 32 -1
326 A 5 1 -20 0 148 -2
326 A 5 1 -23 0 -56 1
326 A 5 1 -28 0 153 -2
326 A 5 1 -29 0 -111 2
326 A 5 1 33 -1 147 -2
326 A 5 1 35 -1 -74 1
326 A 5 1 36 -1 -127 2
326 A 5 1 41 -1 -135 2
326 A 5 1 42 -1 102 -2
326 A 5 1 50 -1 124 -2
326 A 5 1 51 -1 89 -1
326 A 5 1 53 -1 -105 2
326 A 5 1 54 -1 -109 2
326 A 5 1 69 -1 156 -2
326 A 5 1 71 -1 -92 1
326 A 5 1 72 -1 -145 2
326 A 5 1 75 -1 126 -2
326 A 5 1 77 -1 97 -2
326 A 5 1 78 -1 138 -2
326 A 5 1 93 -1 144 -2
326 A 5 1 99 -2 151 -2
326 A 5 1 103 -2 -136 2
326 A 5 1 112 -2 -154 2
326 A 19 0 -6 -1 6 -1
326 A 19 0 -7 -1 -9 4
326 A 19 0 7 -1 9 4
326 A 19 0 -8 -1 -3 -2
326 A 19 0 8 -1 3 -2
326 A 19 0 -9 -1 -6 7
326 A 19 0 9 -1 6 7
326 A 19 0 0 -2 0 3
326 A 19 0 -1 -2 3 -6
326 A 19 0 1 -2 -3 -6
326 A 19 0 -2 -2 -7 7
326 A 19 0 2 -2 7 7
326 A 19 0 -4 -2 -8 4
326 A 19 0 4 -2 8 4
326 A 19 0 -5 -2 -5 2
326 A 19 0 -6 -2 -7 -4
326 A 19 0 6 -2 7 -4
326 A 19 0 -7 -2 -3 9
326 A 19 0 7 -2 3 9
326 A 19 0 -1 -3 -2 6
326 A 19 0 1 -3 2 6
326 A 19 0 -2 -3 -3 -5
326 A 19 0 2 -3 3 -5
326 A 19 0 -3 -3 8 -8
326 A 19 0 3 -3 -8 -8
326 A 19 0 -4 -3 -3 7
326 A 19 0 4 -3 3 7
326 A 19 0 -5 -3 -1 -7
326 A 19 0 5 -3 1 -7
326 A 19 0 -6 -3 1 9
326 A 19 0 6 -3 -1 9
326 A 19 0 -8 -3 -2 -4
326 A 19 0 8 -3 2 -4
326 A 19 0 -4 -4 6 -6
326 A 19 0 4 -4 -6 -6
326 A 19 0 -5 -4 -8 -5
326 A 19 0 5 -4 8 -5
326 A 19 0 -6 -4 -4 9
326 A 19 0 6 -4 4 9
326 A 19 0 -2 -5 7 -8
326 A 19 0 2 -5 -7 -8
326 A 19 0 -4 -5 -1 6
326 A 19 0 4 -5 1 6
326 A 19 0 -6 -5 -2 8
326 A 19 0 6 -5 2 8
326 A 19 0 -7 -5 -5 9
326 A 19 0 7 -5 5 9
326 A 19 0 -9 -5 7 -6
326 A 19 0 9 -5 -7 -6
326 A 19 0 -4 -6 8 7
326 A 19 0 4 -6 -8 7
326 A 19 0 -8 -6 8 -6
326 A 19 0 -9 -6 -9 6
326 A 19 0 0 -7 0 9
326 A 19 0 -2 -7 -2 7
326 A 19 0 -4 -7 9 8
326 A 19 0 4 -7 -9 8
326 A 19 0 -5 -7 5 -7
326 A 19 0 -1 -8 -6 -9
326 A 19 0 1 -8 6 -9
326 A 19 0 -4 -8 -4 8
326 A -6 1 -21 0 63 1
326 A -6 1 -23 0 57 1
326 A -6 1 -25 0 29 0
326 A -6 1 -27 0 -61 -1
326 A -6 1 -25 -1 -29 -1
326 A -6 1 -31 -1 125 2
326 A -6 1 -37 -1 -89 -2
326 A -6 1 -41 -1 -71 -1
326 A -6 1 -43 -1 121 2
326 A -6 1 -49 -1 73 1
326 A -6 1 -51 -1 -115 -2
326 A -6 1 -53 -1 123 2
326 A -6 1 -55 -1 -83 -1
326 A -6 1 -81 -1 117 2
326 A -6 1 -81 -2 97 2
326 A -6 1 -83 -2 129 2
326 A -6 1 -95 -2 -141 -3
326 A -6 1 -101 -2 155 3
326 A -6 1 -133 -3 -157 -3
326 A -6 1 -145 -3 -153 -3
326 A 6 1 -21 0 63 -1
326 A 6 1 -23 0 57 -1
326 A 6 1 -25 0 29 0
326 A 6 1 -27 0 -61 1
326 A 6 1 25 -1 29 -1
326 A 6 1 31 -1 -125 2
326 A 6 1 37 -1 89 -2
326 A 6 1 41 -1 71 -1
326 A 6 1 43 -1 -121 2
326 A 6 1 49 -1 -73 1
326 A 6 1 51 -1 115 -2
326 A 6 1 53 -1 -123 2
326 A 6 1 55 -1 83 -1
326 A 6 1 81 -1 -117 2
326 A 6 1 81 -2 -97 2
326 A 6 1 83 -2 -129 2
326 A 6 1 95 -2 141 -3
326 A 6 1 101 -2 -155 3
326 A 6 1 133 -3 157 -3
326 A 6 1 145 -3 153 -3
326 A -7 1 -26 0 87 2
326 A -7 1 -24 -1 107 2
326 A -7 1 -25 -1 -68 -2
326 A -7 1 -30 -1 -131 -3
326 A -7 1 -31 -1 -127 -3
326 A -7 1 -34 -1 -57 -1
326 A -7 1 -36 -1 136 3
326 A -7 1 -42 -1 -155 -3
326 A -7 1 -49 -1 -133 -3
326 A -7 1 -52 -1 75 2
326 A -7 1 -54 -1 145 3
326 A -7 1 -55 -1 -113 -2
326 A -7 1 -64 -1 -148 -3
326 A -7 1 -66 -1 -99 -2
326 A -7 1 -67 -1 -69 -1
326 A -7 1 -70 -1 -98 -2
326 A -7 1 -69 -2 108 2
326 A -7 1 -90 -2 105 2
326 A -7 1 -104 -2 -122 -3
326 A -7 1 -114 -2 146 3
326 A -7 1 -117 -2 125 3
326 A -7 1 -119 -2 151 3
326 A 7 1 -26 0 87 -2
326 A 7 1 24 -1 -107 2
326 A 7 1 25 -1 68 -2
326 A 7 1 30 -1 131 -3
326 A 7 1 31 -1 127 -3
326 A 7 1 34 -1 57 -1
326 A 7 1 36 -1 -136 3
326 A 7 1 42 -1 155 -3
326 A 7 1 49 -1 133 -3
326 A 7 1 52 -1 -75 2
326 A 7 1 54 -1 -145 3
326 A 7 1 55 -1 113 -2
326 A 7 1 64 -1 148 -3
326 A 7 1 66 -1 99 -2
326 A 7 1 67 -1 69 -1
326 A 7 1 70 -1 98 -2
326 A 7 1 69 -2 -108 2
326 A 7 1 90 -2 -105 2
326 A 7 1 104 -2 122 -3
326 A 7 1 114 -2 -146 3
326 A 7 1 117 -2 -125 3
326 A 7 1 119 -2 -151 3
326 A -8 1 -21 -1 -105 -2
326 A -8 1 -23 -1 127 3
326 A -8 1 -29 -1 -113 -3
326 A -8 1 -35 -1 103 3
326 A -8 1 -39 -1 67 2
326 A -8 1 -45 -1 -87 -2
326 A -8 1 -51 -1 103 2
326 A -8 1 -53 -1 -147 -4
326 A -8 1 -59 -1 139 3
326 A -8 1 -65 -1 155 4
326 A -8 1 -73 -2 125 3
326 A -8 1 -85 -2 -115 -3
326 A -8 1 -93 -2 -137 -3
326 A 8 1 21 -1 105 -2
326 A 8 1 23 -1 -127 3
326 A 8 1 29 -1 113 -3
326 A 8 1 35 -1 -103 3
326 A 8 1 39 -1 -67 2
326 A 8 1 45 -1 87 -2
326 A 8 1 51 -1 -103 2
326 A 8 1 53 -1 147 -4
326 A 8 1 59 -1 -139 3
326 A 8 1 65 -1 -155 4
326 A 8 1 73 -2 -125 3
326 A 8 1 85 -2 115 -3
326 A 8 1 93 -2 137 -3
326 A 20 0 -9 -1 7 -3
326 A 20 0 9 -1 -7 -3
326 A 20 0 -7 -2 -1 6
326 A 20 0 7 -2 1 6
326 A 20 0 -3 -7 1 -9
326 A 20 0 3 -7 -1 -9
326 A 20 0 -5 -7 -5 7
326 A 20 0 -7 -7 9 -9
326 A 20 0 7 -7 -9 -9
326 A -9 1 -21 0 -128 -3
326 A -9 1 -14 -1 141 4
326 A -9 1 -26 -1 -75 -2
326 A -9 1 -27 -1 120 3
326 A -9 1 -29 -1 57 2
326 A -9 1 -30 -1 131 4
326 A -9 1 -44 -1 156 4
326 A -9 1 -55 -1 123 4
326 A -9 1 -53 -2 68 2
326 A -9 1 -55 -2 148 4
326 A -9 1 -79 -2 -157 -4
326 A -9 1 -94 -2 122 3
326 A -9 1 -92 -3 -135 -4
326 A -9 1 -97 -3 -101 -3
326 A -9 1 -102 -3 147 4
326 A -9 1 -143 -4 155 4
326 A 9 1 -21 0 -128 3
326 A 9 1 14 -1 -141 4
326 A 9 1 26 -1 75 -2
326 A 9 1 27 -1 -120 3
326 A 9 1 29 -1 -57 2
326 A 9 1 30 -1 -131 4
326 A 9 1 44 -1 -156 4
326 A 9 1 55 -1 -123 4
326 A 9 1 53 -2 -68 2
326 A 9 1 55 -2 -148 4
326 A 9 1 79 -2 157 -4
326 A 9 1 94 -2 -122 3
326 A 9 1 92 -3 135 -4
326 A 9 1 97 -3 101 -3
326 A 9 1 102 -3 -147 4
326 A 9 1 143 -4 -155 4
326 A -10 1 -13 -1 -27 -1
326 A -10 1 -19 -1 151 4
326 A -10 1 -21 -1 45 1
326 A -10 1 -25 -1 -53 -2
326 A -10 1 -31 -1 -147 -4
326 A -10 1 -37 -1 -115 -3
326 A -10 1 -39 -1 -83 -3
326 A -10 1 -59 -2 111 4
326 A -10 1 -77 -2 -81 -2
326 A -10 1 -85 -3 123 4
326 A -10 1 -89 -3 139 4
326 A -10 1 -97 -3 -121 -4
326 A -10 1 -107 -3 -149 -5
326 A -10 1 -119 -3 153 5
326 A -10 1 -135 -4 -145 -4
326 A 10 1 13 -1 27 -1
326 A 10 1 19 -1 -151 4
326 A 10 1 21 -1 -45 1
326 A 10 1 25 -1 53 -2
326 A 10 1 31 -1 147 -4
326 A 10 1 37 -1 115 -3
326 A 10 1 39 -1 83 -3
326 A 10 1 59 -2 -111 4
326 A 10 1 77 -2 81 -2
326 A 10 1 85 -3 -123 4
326 A 10 1 89 -3 -139 4
326 A 10 1 97 -3 121 -4
326 A 10 1 107 -3 149 -5
326 A 10 1 119 -3 -153 5
326 A 10 1 135 -4 145 -4
326 A 21 0 -3 -2 6 -4
326 A 21 0 3 -2 -6 -4
326 A 21 0 -9 -2 -9 2
326 A 21 0 0 -5 0 8
326 A 21 0 -9 -5 -9 5
326 A 21 0 -6 -8 -3 -10
326 A 21 0 6 -8 3 -10
326 A -11 1 -11 -1 39 2
326 A -11 1 -12 -1 -103 -3
326 A -11 1 -14 -1 -99 -4
326 A -11 1 -18 -1 130 5
326 A -11 1 -20 -1 -129 -4
326 A -11 1 -26 -1 101 4
326 A -11 1 -27 -1 145 5
326 A -11 1 -32 -1 41 1
326 A -11 1 -38 -1 51 2
326 A -11 1 -47 -1 -98 -3
326 A -11 1 -48 -1 142 5
326 A -11 1 -48 -2 -61 -2
326 A -11 1 -49 -2 126 4
326 A -11 1 -54 -2 78 2
326 A -11 1 -55 -2 154 5
326 A -11 1 -63 -2 109 3
326 A -11 1 -75 -2 73 3
326 A -11 1 -76 -2 -132 -5
326 A -11 1 -79 -2 -153 -5
326 A -11 1 -74 -3 133 5
326 A -11 1 -85 -3 -92 -3
326 A -11 1 -91 -3 -111 -4
326 A -11 1 -113 -4 150 5
326 A -11 1 -117 -4 -156 -5
326 A -11 1 -131 -4 -157 -5
326 A 11 1 11 -1 -39 2
326 A 11 1 12 -1 103 -3
326 A 11 1 14 -1 99 -4
326 A 11 1 18 -1 -130 5
326 A 11 1 20 -1 129 -4
326 A 11 1 26 -1 -101 4
326 A 11 1 27 -1 -145 5
326 A 11 1 32 -1 -41 1
326 A 11 1 38 -1 -51 2
326 A 11 1 47 -1 98 -3
326 A 11 1 48 -1 -142 5
326 A 11 1 48 -2 61 -2
326 A 11 1 49 -2 -126 4
326 A 11 1 54 -2 -78 2
326 A 11 1 55 -2 -154 5
326 A 11 1 63 -2 -109 3
326 A 11 1 75 -2 -73 3
326 A 11 1 76 -2 132 -5
326 A 11 1 79 -2 153 -5
326 A 11 1 74 -3 -133 5
326 A 11 1 85 -3 92 -3
326 A 11 1 91 -3 111 -4
326 A 11 1 113 -4 -150 5
326 A 11 1 117 -4 156 -5
326 A 11 1 131 -4 157 -5
326 A -12 1 -15 -1 -63 -2
326 A -12 1 -17 -1 -57 -2
326 A -12 1 -29 -1 -101 -4
326 A -12 1 -37 -1 -151 -5
326 A -12 1 -37 -2 95 3
326 A -12 1 -39 -2 73 2
326 A -12 1 -47 -2 -91 -4
326 A -12 1 -53 -2 -117 -5
326 A -12 1 -65 -2 121 4
326 A -12 1 -71 -3 87 3
326 A -12 1 -101 -3 151 6
326 A -12 1 -119 -4 -137 -5
326 A -12 1 -131 -5 -147 -6
326 A -12 1 -133 -5 147 5
326 A 12 1 15 -1 63 -2
326 A 12 1 17 -1 57 -2
326 A 12 1 29 -1 101 -4
326 A 12 1 37 -1 151 -5
326 A 12 1 37 -2 -95 3
326 A 12 1 39 -2 -73 2
326 A 12 1 47 -2 91 -4
326 A 12 1 53 -2 117 -5
326 A 12 1 65 -2 -121 4
326 A 12 1 71 -3 -87 3
326 A 12 1 101 -3 -151 6
326 A 12 1 119 -4 137 -5
326 A 12 1 131 -5 147 -6
326 A 12 1 133 -5 -147 5
326 A 22 0 -1 -3 5 7
326 A 22 0 1 -3 -5 7
326 A 22 0 -9 -3 9 -3
326 A 22 0 -9 -5 3 -9
326 A 22 0 9 -5 -3 -9
326 A 22 0 11 -7 11 -9
326 A -13 1 -15 -1 -40 -1
326 A -13 1 -19 -1 -154 -6
326 A -13 1 -21 -1 -92 -3
326 A -13 1 -28 -1 -117 -4
326 A -13 1 -43 -1 143 6
326 A -13 1 -33 -2 -99 -4
326 A -13 1 -41 -2 94 3
326 A -13 1 -48 -2 129 5
326 A -13 1 -53 -2 68 2
326 A -13 1 -60 -2 158 6
326 A -13 1 -66 -2 74 3
326 A -13 1 -58 -3 96 4
326 A -13 1 -73 -3 -85 -4
326 A -13 1 -79 -3 107 5
326 A -13 1 -82 -4 -116 -5
326 A -13 1 -113 -5 -138 -5
326 A -13 1 -123 -5 -143 -5
326 A -13 1 -128 -5 -140 -6
326 A -13 1 -137 -5 145 6
326 A 13 1 15 -1 40 -1
326 A 13 1 19 -1 154 -6
326 A 13 1 21 -1 92 -3
326 A 13 1 28 -1 117 -4
326 A 13 1 43 -1 -143 6
326 A 13 1 33 -2 99 -4
326 A 13 1 41 -2 -94 3
326 A 13 1 48 -2 -129 5
326 A 13 1 53 -2 -68 2
326 A 13 1 60 -2 -158 6
326 A 13 1 66 -2 -74 3
326 A 13 1 58 -3 -96 4
326 A 13 1 73 -3 85 -4
326 A 13 1 79 -3 -107 5
326 A 13 1 82 -4 116 -5
326 A 13 1 113 -5 138 -5
326 A 13 1 123 -5 143 -5
326 A 13 1 128 -5 140 -6
326 A 13 1 137 -5 -145 6
326 A -14 1 -29 -1 57 2
326 A -14 1 -51 -2 -115 -5
326 A -14 1 -55 -2 155 6
326 A -14 1 -55 -3 -71 -3
326 A -14 1 -77 -3 -123 -5
326 A -14 1 -83 -4 99 5
326 A -14 1 -99 -4 -145 -6
326 A 14 1 29 -1 -57 2
326 A 14 1 51 -2 115 -5
326 A 14 1 55 -2 -155 6
326 A 14 1 55 -3 71 -3
326 A 14 1 77 -3 123 -5
326 A 14 1 83 -4 -99 5
326 A 14 1 99 -4 145 -6
326 A 23 0 0 -2 0 -3
326 A 23 0 -1 -2 -4 8
326 A 23 0 1 -2 4 8
326 A 23 0 -4 -2 3 10
326 A 23 0 4 -2 -3 10
326 A 23 0 -5 -2 -1 5
326 A 23 0 5 -2 1 5
326 A 23 0 -7 -2 4 -11
326 A 23 0 7 -2 -4 -11
326 A 23 0 -10 -2 10 -2
326 A 23 0 -1 -3 5 8
326 A 23 0 1 -3 -5 8
326 A 23 0 -7 -3 -1 7
326 A 23 0 7 -3 1 7
326 A 23 0 -10 -3 -5 -10
326 A 23 0 10 -3 5 -10
326 A 23 0 -11 -3 3 -5
326 A 23 0 11 -3 -3 -5
326 A 23 0 -2 -4 -2 4
326 A 23 0 -4 -4 -8 8
326 A 23 0 4 -4 8 8
326 A 23 0 -5 -4 6 9
326 A 23 0 5 -4 -6 9
326 A 23 0 -8 -4 -10 5
326 A 23 0 8 -4 10 5
326 A 23 0 -9 -4 -2 6
326 A 23 0 9 -4 2 6
326 A 23 0 -4 -5 4 -5
326 A 23 0 -6 -5 -3 -9
326 A 23 0 6 -5 3 -9
326 A 23 0 -7 -5 9 10
326 A 23 0 7 -5 -9 10
326 A 23 0 -1 -6 10 9
326 A 23 0 1 -6 -10 9
326 A 23 0 -9 -6 -11 -8
326 A 23 0 9 -6 11 -8
326 A 23 0 -10 -6 4 -7
326 A 23 0 10 -6 -4 -7
326 A 23 0 -11 -6 -1 11
326 A 23 0 11 -6 1 11
326 A 23 0 -3 -7 10 -8
326 A 23 0 3 -7 -10 -8
326 A 23 0 -5 -7 2 11
326 A 23 0 5 -7 -2 11
326 A 23 0 -9 -7 9 -7
326 A 23 0 -10 -7 -11 10
326 A 23 0 10 -7 11 10
326 A 23 0 -7 -8 5 -9
326 A 23 0 7 -8 -5 -9
326 A 23 0 -2 -9 8 10
326 A 23 0 2 -9 -8 10
326 A -15 1 -15 -1 -127 -5
326 A -15 1 -26 -1 -125 -6
326 A -15 1 -29 -1 158 7
326 A -15 1 -34 -2 -123 -5
326 A -15 1 -36 -2 -117 -5
326 A -15 1 -42 -2 -101 -5
326 A -15 1 -56 -2 98 5
326 A -15 1 -58 -2 -84 -4
326 A -15 1 -51 -3 -72 -4
326 A -15 1 -72 -3 86 4
326 A -15 1 -75 -3 135 6
326 A -15 1 -88 -4 137 7
326 A -15 1 -103 -4 -135 -7
326 A -15 1 -114 -6 157 7
326 A -15 1 -136 -6 151 7
326 A -15 1 -141 -6 155 7
326 A 15 1 15 -1 127 -5
326 A 15 1 26 -1 125 -6
326 A 15 1 29 -1 -158 7
326 A 15 1 34 -2 123 -5
326 A 15 1 36 -2 117 -5
326 A 15 1 42 -2 101 -5
326 A 15 1 56 -2 -98 5
326 A 15 1 58 -2 84 -4
326 A 15 1 51 -3 72 -4
326 A 15 1 72 -3 -86 4
326 A 15 1 75 -3 -135 6
326 A 15 1 88 -4 -137 7
326 A 15 1 103 -4 135 -7
326 A 15 1 114 -6 -157 7
326 A 15 1 136 -6 -151 7
326 A 15 1 141 -6 -155 7
326 A 24 0 -3 -2 3 -10
326 A 24 0 3 -2 -3 -10
326 A 24 0 -9 -2 9 -10
326 A 24 0 9 -2 -9 -10
326 A 24 0 -9 -5 -9 5
326 A -16 1 -31 -1 97 4
326 A -16 1 -23 -2 79 3
326 A -16 1 -45 -2 145 7
326 A -16 1 -53 -3 -73 -3
326 A -16 1 -67 -4 -159 -7
326 A -16 1 -91 -4 -119 -5
326 A -16 1 -131 -6 -129 -7
326 A 16 1 31 -1 -97 4
326 A 16 1 23 -2 -79 3
326 A 16 1 45 -2 -145 7
326 A 16 1 53 -3 73 -3
326 A 16 1 67 -4 159 -7
326 A 16 1 91 -4 119 -5
326 A 16 1 131 -6 129 -7
326 A -17 1 -17 -1 97 6
326 A -17 1 -35 -1 -136 -8
326 A -17 1 -25 -2 -152 -7
326 A -17 1 -30 -2 -119 -6
326 A -17 1 -33 -2 -138 -7
326 A -17 1 -49 -2 -78 -5
326 A -17 1 -40 -3 111 5
326 A -17 1 -41 -3 -59 -4
326 A -17 1 -47 -3 97 5
326 A -17 1 -53 -3 -68 -4
326 A -17 1 -60 -4 112 5
326 A -17 1 -71 -4 -78 -4
326 A -17 1 -80 -4 102 5
326 A -17 1 -93 -4 106 5
326 A -17 1 -116 -6 -149 -7
326 A -17 1 -119 -7 156 8
326 A 17 1 17 -1 -97 6
326 A 17 1 35 -1 136 -8
326 A 17 1 25 -2 152 -7
326 A 17 1 30 -2 119 -6
326 A 17 1 33 -2 138 -7
326 A 17 1 49 -2 78 -5
326 A 17 1 40 -3 -111 5
326 A 17 1 41 -3 59 -4
326 A 17 1 47 -3 -97 5
326 A 17 1 53 -3 68 -4
326 A 17 1 60 -4 -112 5
326 A 17 1 71 -4 78 -4
326 A 17 1 80 -4 -102 5
326 A 17 1 93 -4 -106 5
326 A 17 1 116 -6 149 -7
326 A 17 1 119 -7 -156 8
326 A 25 0 -3 -2 6 -4
326 A 25 0 3 -2 -6 -4
326 A 25 0 -8 -2 6 11
326 A 25 0 8 -2 -6 11
326 A 25 0 -7 -3 4 9
326 A 25 0 7 -3 -4 9
326 A 25 0 0 -4 0 6
326 A 25 0 -1 -4 3 -12
326 A 25 0 1 -4 -3 -12
326 A 25 0 -9 -4 -3 -7
326 A 25 0 9 -4 3 -7
326 A 25 0 -1 -6 -2 12
326 A 25 0 1 -6 2 12
326 A 25 0 -7 -8 -11 9
326 A 25 0 7 -8 11 9
326 A 25 0 -8 -8 11 -11
326 A 25 0 8 -8 -11 -11
326 A 25 0 -10 -9 10 11
326 A 25 0 10 -9 -10 11
326 A -18 1 -19 -1 69 3
326 A -18 1 -23 -1 57 3
326 A -18 1 -31 -1 91 6
326 A -18 1 -35 -1 -125 -6
326 A -18 1 -27 -2 119 6
326 A -18 1 -51 -2 -55 -4
326 A 18 1 19 -1 -69 3
326 A 18 1 23 -1 -57 3
326 A 18 1 31 -1 -91 6
326 A 18 1 35 -1 125 -6
326 A 18 1 27 -2 -119 6
326 A 18 1 51 -2 55 -4
326 A 26 0 13 -3 13 -9
326 A 26 0 -9 -5 11 -9
326 A 26 0 9 -5 -11 -9
326 A -19 1 -19 -1 -121 -6
326 A -19 1 -25 -1 89 6
326 A -19 1 -28 -1 -95 -5
326 A -19 1 -18 -2 -89 -5
326 A -19 1 -21 -2 -68 -5
326 A -19 1 -33 -2 158 9
326 A -19 1 -44 -2 139 9
326 A -19 1 -51 -2 -114 -7
326 A -19 1 -34 -3 75 4
326 A -19 1 -35 -3 -55 -3
326 A -19 1 -56 -3 76 4
326 A -19 1 -61 -3 129 7
326 A -19 1 -55 -4 103 7
326 A -19 1 -87 -5 -135 -7
326 A -19 1 -105 -7 128 8
326 A -19 1 -155 -8 -149 -9
326 A 19 1 19 -1 121 -6
326 A 19 1 25 -1 -89 6
326 A 19 1 28 -1 95 -5
326 A 19 1 18 -2 89 -5
326 A 19 1 21 -2 68 -5
326 A 19 1 33 -2 -158 9
326 A 19 1 44 -2 -139 9
326 A 19 1 51 -2 114 -7
326 A 19 1 34 -3 -75 4
326 A 19 1 35 -3 55 -3
326 A 19 1 56 -3 -76 4
326 A 19 1 61 -3 -129 7
326 A 19 1 55 -4 -103 7
326 A 19 1 87 -5 135 -7
326 A 19 1 105 -7 -128 8
326 A 19 1 155 -8 149 -9
326 A -20 1 -19 -2 -123 -8
326 A -20 1 -39 -2 93 5
326 A -20 1 -95 -6 113 6
326 A 20 1 19 -2 123 -8
326 A 20 1 39 -2 -93 5
326 A 20 1 95 -6 -113 6
326 A 27 0 -12 -7 -12 7
326 A 27 0 -6 -10 3 13
326 A 27 0 6 -10 -3 13
326 A -21 1 -23 -1 -59 -3
326 A -21 1 -24 -2 -148 -9
326 A -21 1 -40 -2 -75 -4
326 A -21 1 -80 -5 -94 -5
326 A -21 1 -123 -8 -159 -10
326 A -21 1 -133 -8 -155 -9
326 A 21 1 23 -1 59 -3
326 A 21 1 24 -2 148 -9
326 A 21 1 40 -2 75 -4
326 A 21 1 80 -5 94 -5
326 A 21 1 123 -8 159 -10
326 A 21 1 133 -8 155 -9
326 A 28 0 -5 -3 -13 -9
326 A 28 0 5 -3 13 -9
326 A 28 0 -7 -3 -7 11
326 A 28 0 7 -3 7 11
326 A 28 0 -9 -9 -9 9
326 A -22 1 -31 -1 41 3
326 A -22 1 -39 -2 -107 -8
326 A -22 1 -43 -3 159 10
326 A -22 1 -51 -4 59 5
326 A -22 1 -85 -6 -157 -10
326 A 22 1 31 -1 -41 3
326 A 22 1 39 -2 107 -8
326 A 22 1 43 -3 -159 10
326 A 22 1 51 -4 -59 5
326 A 22 1 85 -6 157 -10
326 A 29 0 -8 -2 -10 -12
326 A 29 0 8 -2 10 -12
326 A 29 0 -5 -3 5 -3
326 A 29 0 -6 -3 -14 7
326 A 29 0 6 -3 14 7
326 A 29 0 -10 -3 7 -5
326 A 29 0 10 -3 -7 -5
326 A 29 0 -12 -3 3 -8
326 A 29 0 12 -3 -3 -8
326 A 29 0 -1 -5 -14 12
326 A 29 0 1 -5 14 12
326 A 29 0 -12 -6 -7 -11
326 A 29 0 12 -6 7 -11
326 A 29 0 -11 -10 -2 -14
326 A 29 0 11 -10 2 -14
326 A 29 0 -12 -10 4 -13
326 A 29 0 12 -10 -4 -13
326 A 29 0 -13 -10 -13 10
326 A 29 0 -14 -10 5 13
326 A 29 0 14 -10 -5 13
326 A 29 0 -13 -11 13 -11
326 A 29 0 -14 -11 -14 11
326 A 29 0 -3 -13 1 -14
326 A 29 0 3 -13 -1 -14
326 A 29 0 -6 -13 6 -13
326 A -23 1 -23 -1 109 9
326 A -23 1 -10 -2 -91 -6
326 A -23 1 -27 -2 36 2
326 A -23 1 -37 -2 -34 -3
326 A -23 1 -47 -4 -119 -9
326 A -23 1 -74 -4 146 10
326 A -23 1 -78 -5 159 11
326 A -23 1 -98 -7 113 7
326 A 23 1 23 -1 -109 9
326 A 23 1 10 -2 91 -6
326 A 23 1 27 -2 -36 2
326 A 23 1 37 -2 34 -3
326 A 23 1 47 -4 119 -9
326 A 23 1 74 -4 -146 10
326 A 23 1 78 -5 -159 11
326 A 23 1 98 -7 -113 7
326 A 30 0 -3 -2 -9 -4
326 A 30 0 3 -2 9 -4
326 A 30 0 15 -4 15 -14
326 A 30 0 -3 -8 -9 14
326 A 30 0 3 -8 9 14
326 A 30 0 -5 -9 5 -9
326 A -24 1 -27 -1 91 8
326 A -24 1 -9 -2 -101 -7
326 A -24 1 -25 -2 53 5
326 A -24 1 -41 -2 135 10
326 A -24 1 -31 -3 97 8
326 A -24 1 -57 -4 131 11
326 A -24 1 -107 -9 137 10
326 A 24 1 27 -1 -91 8
326 A 24 1 9 -2 101 -7
326 A 24 1 25 -2 -53 5
326 A 24 1 41 -2 -135 10
326 A 24 1 31 -3 -97 8
326 A 24 1 57 -4 -131 11
326 A 24 1 107 -9 -137 10
326 A -25 1 -27 -1 -53 -3
326 A -25 1 -8 -2 32 2
326 A -25 1 -20 -2 144 10
326 A -25 1 -27 -2 -97 -6
326 A -25 1 -50 -3 -138 -10
326 A -25 1 -55 -4 112 10
326 A -25 1 -76 -6 -150 -11
326 A -25 1 -77 -6 148 10
326 A -25 1 -88 -7 152 12
326 A -25 1 -101 -9 158 12
326 A -25 1 -128 -9 -136 -9
326 A 25 1 27 -1 53 -3
326 A 25 1 8 -2 -32 2
326 A 25 1 20 -2 -144 10
326 A 25 1 27 -2 97 -6
326 A 25 1 50 -3 138 -10
326 A 25 1 55 -4 -112 10
326 A 25 1 76 -6 150 -11
326 A 25 1 77 -6 -148 10
326 A 25 1 88 -7 -152 12
326 A 25 1 101 -9 -158 12
326 A 25 1 128 -9 136 -9
326 A 31 0 -3 -2 -11 -3
326 A 31 0 3 -2 11 -3
326 A 31 0 -4 -2 14 -7
326 A 31 0 4 -2 -14 -7
326 A 31 0 -7 -2 5 3
326 A 31 0 7 -2 -5 3
326 A 31 0 -8 -2 2 15
326 A 31 0 8 -2 -2 15
326 A 31 0 -14 -2 -4 5
326 A 31 0 14 -2 4 5
326 A 31 0 -15 -2 -14 6
326 A 31 0 15 -2 14 6
326 A 31 0 0 -3 0 -11
326 A 31 0 -6 -3 -1 -15
326 A 31 0 6 -3 1 -15
326 A 31 0 -7 -3 1 4
326 A 31 0 7 -3 -1 4
326 A 31 0 -10 -3 13 -7
326 A 31 0 10 -3 -13 -7
326 A 31 0 -12 -3 -9 10
326 A 31 0 12 -3 9 10
326 A 31 0 0 -4 0 15
326 A 31 0 -15 -4 -1 -8
326 A 31 0 15 -4 1 -8
326 A 31 0 -2 -5 2 -5
326 A 31 0 -3 -5 -15 -6
326 A 31 0 3 -5 15 -6
326 A 31 0 -7 -5 -14 10
326 A 31 0 7 -5 14 10
326 A 31 0 -8 -5 -8 5
326 A 31 0 -12 -6 15 8
326 A 31 0 12 -6 -15 8
326 A 31 0 -13 -6 13 -6
326 A 31 0 -15 -10 4 -13
326 A 31 0 15 -10 -4 -13
326 A 31 0 -5 -13 5 -13
326 A -26 1 -29 -1 -133 -11
326 A -26 1 -59 -4 -79 -5
326 A 26 1 29 -1 133 -11
326 A 26 1 59 -4 79 -5
326 A 32 0 -13 -11 -13 11
326 A -27 1 -15 -2 150 12
326 A -27 1 -22 -3 -95 -9
326 A -27 1 -27 -3 46 3
326 A -27 1 -47 -3 83 7
326 A -27 1 -35 -4 116 8
326 A -27 1 -103 -8 -155 -13
326 A 27 1 15 -2 -150 12
326 A 27 1 22 -3 95 -9
326 A 27 1 27 -3 -46 3
326 A 27 1 47 -3 -83 7
326 A 27 1 35 -4 -116 8
326 A 27 1 103 -8 155 -13
326 A 33 0 -9 -4 -15 -8
326 A 33 0 9 -4 15 -8
326 A -29 1 -18 -2 -128 -12
326 A -29 1 -28 -2 37 2
326 A -29 1 -36 -2 -132 -13
326 A -29 1 -52 -5 139 14
326 A -29 1 -54 -5 85 9
326 A -29 1 -55 -5 160 14
326 A -29 1 -70 -8 -81 -8
326 A -29 1 -86 -9 -159 -14
326 A -29 1 -115 -9 -129 -10
326 A 29 1 18 -2 128 -12
326 A 29 1 28 -2 -37 2
326 A 29 1 36 -2 132 -13
326 A 29 1 52 -5 -139 14
326 A 29 1 54 -5 -85 9
326 A 29 1 55 -5 -160 14
326 A 29 1 70 -8 81 -8
326 A 29 1 86 -9 159 -14
326 A 29 1 115 -9 129 -10
326 A 35 0 -1 -9 -2 -17
326 A 35 0 1 -9 2 -17
326 A -30 1 -31 -1 51 5
326 A -30 1 -7 -2 63 4
326 A 30 1 31 -1 -51 5
326 A 30 1 7 -2 -63 4
326 A -31 1 -31 -1 137 15
326 A -31 1 -32 -3 61 7
326 A -31 1 -57 -5 -167 -14
326 A -31 1 -65 -8 160 15
326 A -31 1 -141 -14 155 15
326 A 31 1 31 -1 -137 15
326 A 31 1 32 -3 -61 7
326 A 31 1 57 -5 167 -14
326 A 31 1 65 -8 -160 15
326 A 31 1 141 -14 -155 15
326 A 36 0 -3 -2 15 2
326 A 36 0 3 -2 -15 2
326 A 36 0 -17 -3 -1 15
326 A 36 0 17 -3 1 15
326 A 36 0 -3 -10 15 -14
326 A 36 0 3 -10 -15 -14
326 A 0 2 -33 1 247 1
326 A 0 2 -41 1 167 1
326 A 0 2 -97 1 -205 1
326 A 0 2 -159 1 285 1
326 A 0 2 -161 1 -245 1
326 A -1 2 -53 0 197 0
326 A -1 2 -54 -1 -209 -1
326 A 1 2 -53 0 197 0
326 A 1 2 54 -1 209 -1
326 A -3 2 -43 0 197 1
326 A -3 2 -106 0 -271 -1
326 A 3 2 -43 0 197 -1
326 A 3 2 -106 0 -271 1
326 A -4 2 -41 0 161 0
326 A -4 2 -43 0 303 2
326 A -4 2 -67 0 -193 -2
326 A -4 2 -127 0 -313 -2
326 A -4 2 -163 0 243 2
326 A -4 2 -165 -2 285 2
326 A -4 2 -207 -2 -265 -2
326 A 4 2 -41 0 161 0
326 A 4 2 -43 0 303 -2
326 A 4 2 -67 0 -193 2
326 A 4 2 -127 0 -313 2
326 A 4 2 -163 0 243 -2
326 A 4 2 165 -2 -285 2
326 A 4 2 207 -2 265 -2
326 A -5 2 -128 0 -174 -1
326 A -5 2 -211 -1 -272 -2
326 A 5 2 -128 0 -174 1
326 A 5 2 211 -1 272 -2
326 A -6 2 -65 -1 199 1
326 A -6 2 -223 -3 -313 -3
326 A 6 2 65 -1 -199 1
326 A 6 2 223 -3 313 -3
326 A -32 1 -25 -2 -27 -2
326 A 32 1 25 -2 27 -2
326 A -7 2 -65 0 111 1
326 A 7 2 -65 0 111 -1
326 A -8 2 -67 0 -237 -2
326 A -8 2 -105 -2 -107 -2
326 A -8 2 -183 -2 -249 -4
326 A 8 2 -67 0 -237 2
326 A 8 2 105 -2 107 -2
326 A 8 2 183 -2 249 -4
326 A 37 0 -12 -3 7 -11
326 A 37 0 12 -3 -7 -11
326 A 37 0 -13 -3 -10 8
326 A 37 0 13 -3 10 8
326 A 37 0 -9 -6 -2 -11
326 A 37 0 9 -6 2 -11
326 A 37 0 -14 -7 14 -7
326 A 37 0 -11 -8 8 11
326 A 37 0 11 -8 -8 11
326 A 37 0 -18 -9 15 11
326 A 37 0 18 -9 -15 11
326 A -10 2 -33 -1 179 3
326 A -10 2 -35 -1 -257 -3
326 A -10 2 -181 -3 259 3
326 A 10 2 33 -1 -179 3
326 A 10 2 35 -1 257 -3
326 A 10 2 181 -3 -259 3
326 A -33 1 -22 -3 91 10
326 A -33 1 -39 -3 159 16
326 A 33 1 22 -3 -91 10
326 A 33 1 39 -3 -159 16
326 A -12 2 -155 -3 -219 -5
326 A 12 2 155 -3 219 -5
326 A -14 2 -49 0 171 4
326 A -14 2 -67 -1 -69 -1
326 A 14 2 -49 0 171 -4
326 A 14 2 67 -1 69 -1
326 A -35 1 -62 -9 -84 -11
326 A 35 1 62 -9 84 -11
326 A -18 2 -71 -1 227 7
326 A 18 2 71 -1 -227 7
326 A 41 0 -6 -3 14 -7
326 A 41 0 6 -3 -14 -7
326 A 41 0 0 -4 0 -5
326 A 41 0 -20 -5 -14 -17
326 A 41 0 20 -5 14 -17
326 A 41 0 -13 -17 13 -17
326 A -37 1 -25 -4 -157 -18
326 A -37 1 -32 -5 148 15
326 A 37 1 25 -4 157 -18
326 A 37 1 32 -5 -148 15
326 A 43 0 -11 -8 11 -8
326 A -26 2 -43 -1 -183 -7
326 A 26 2 43 -1 183 -7
326 A -41 1 -41 -3 52 5
326 A -41 1 -40 -5 -106 -12
326 A 41 1 41 -3 -52 5
326 A 41 1 40 -5 106 -12
326 A 47 0 -7 -4 7 -4
326 A 47 0 -8 -4 -23 -12
326 A 47 0 8 -4 23 -12
326 A 47 0 -11 -6 -10 14
326 A 47 0 11 -6 10 14
326 A 47 0 -12 -6 16 -8
326 A 47 0 12 -6 -16 -8
326 A 47 0 -15 -8 9 14
326 A 47 0 15 -8 -9 14
326 A -45 1 -18 -6 40 8
326 A 45 1 18 -6 -40 8
326 A 49 0 0 -6 0 -12
326 A 49 0 -24 -6 -17 -8
326 A 49 0 24 -6 17 -8
326 A 49 0 -16 -8 16 -8
326 A -49 1 -53 -6 80 12
326 A -49 1 -71 -8 -107 -12
326 A 49 1 53 -6 -80 12
326 A 49 1 71 -8 107 -12
326 A 53 0 -17 -9 -1 13
326 A 53 0 17 -9 1 13
326 A 53 0 -18 -9 1 26
326 A 53 0 18 -9 -1 26
326 A 53 0 -7 -10 7 -10
326 A 53 0 0 -13 0 -26
326 A -51 1 -71 -8 -161 -25
326 A 51 1 71 -8 161 -25
326 A -53 1 -37 -9 57 14
326 A 53 1 37 -9 -57 14
326 A -55 1 -73 -9 -161 -27
326 A 55 1 73 -9 161 -27
326 A -57 1 -73 -9 -111 -14
326 A 57 1 73 -9 111 -14
326 A 67 0 -33 -21 33 -21
326 A 67 0 -19 -24 19 -24
326 A 73 0 -31 -26 31 -26
326 A 83 0 -36 -6 36 -6
326 A 109 0 -54 -9 54 -9
326 A 121 0 -48 -12 48 -12
326 A 133 0 -33 -50 33 -50
326 A 139 0 -69 -52 69 -52
326 A 157 0 -78 -39 78 -39
326 S 2 1 5 0
326 S -1 2 5 0
326 S -2 1 5 0
326 S 1 2 5 0
326 S -2 1 6 0
326 S 2 1 6 0
326 S 4 1 9 0
326 S -1 2 9 0
326 S -2 4 9 0
326 S -4 1 9 0
326 S 1 2 9 0
326 S 2 4 9 0
326 S 2 1 10 0
326 S -4 3 10 0
326 S -2 1 10 0
326 S 4 3 10 0
326 S 2 1 11 0
326 S 4 2 11 0
326 S -5 3 11 0
326 S -3 4 11 0
326 S -1 5 11 0
326 S -2 1 11 0
326 S -4 2 11 0
326 S 5 3 11 0
326 S 3 4 11 0
326 S 1 5 11 0
326 S 5 1 13 0
326 S -3 2 13 0
326 S 2 3 13 0
326 S -6 4 13 0
326 S -1 5 13 0
326 S 4 6 13 0
326 S -5 1 13 0
326 S 3 2 13 0
326 S -2 3 13 0
326 S 6 4 13 0
326 S 1 5 13 0
326 S -4 6 13 0
326 S 7 1 15 0
326 S -1 2 15 0
326 S -2 4 15 0
326 S 4 7 15 0
326 S -7 1 15 0
326 S 1 2 15 0
326 S 2 4 15 0
326 S -4 7 15 0
326 S -2 1 15 0
326 S -4 2 15 0
326 S 7 4 15 0
326 S 1 7 15 0
326 S 2 1 15 0
326 S 4 2 15 0
326 S -7 4 15 0
326 S -1 7 15 0
326 S 4 1 18 0
326 S 2 5 18 0
326 S -8 7 18 0
326 S -4 1 18 0
326 S -2 5 18 0
326 S 8 7 18 0
326 T 715 834 705 0 0
326 T 707 1461 1368 0 0
326 T 1370 207 713 0 0
326 T 207 1463 834 0 0
326 T 710 200 1297 0 0
326 T 702 834 708 0 0
326 T 1299 1523 700 0 0
326 T 834 1521 200 0 0
326 T 391 481 393 0 0
326 T 395 2302 501 0 0
326 T 503 2213 389 0 0
326 T 2213 2300 481 -1 0
326 T 6 780 1376 0 0
326 T 1378 879 1304 0 0
326 T 1306 778 7 0 0
326 T 778 877 780 0 0
326 T 224 1301 713 0 0
326 T 723 1662 226 0 0
326 T 715 829 721 0 0
326 T 1662 831 1301 0 0
326 T 226 1564 716 0 0
326 T 718 826 708 0 0
326 T 710 1374 224 0 0
326 T 1374 824 1564 0 0
326 T 208 212 205 0 0
326 T 207 1966 2612 0 0
326 T 2614 2558 210 0 0
326 T 2558 1964 212 0 0
326 T 210 2492 2672 0 0
326 T 202 219 208 0 0
326 T 2674 1966 200 0 0
326 T 219 1964 2492 0 0
326 T 247 604 1368 0 0
326 T 707 2112 245 0 0
326 T 2112 1461 604 0 0
326 T 242 2034 700 0 0
326 T 1299 604 240 0 0
326 T 604 1523 2034 0 0
326 T 627 794 617 0 0
326 T 619 1609 1212 0 0
326 T 1214 219 625 0 0
326 T 219 1611 794 0 0
326 T 622 212 1157 0 0
326 T 614 797 620 0 0
326 T 1159 1707 612 0 0
326 T 797 1705 212 0 0
326 T 535 394 2056 0 0
326 T 2058 1978 499 1 0
326 T 1978 388 529 0 0
326 T 471 454 462 0 0
326 T 460 592 2496 0 0
326 T 2498 2289 469 0 0
326 T 2289 594 454 0 0
326 T 466 2203 2560 0 0
326 T 462 457 464 0 0
326 T 2562 592 460 0 0
326 T 457 594 2203 0 0
326 T 799 795 791 -1 0
326 T 789 1604 1701 0 0
326 T 1703 15 797 1 0
326 T 15 1606 795 0 0
326 T 311 294 302 0 0
326 T 300 2660 753 0 0
326 T 755 2212 309 0 0
326 T 2212 2662 294 0 0
326 T 306 2302 748 0 0
326 T 302 297 304 0 0
326 T 750 2602 300 0 0
326 T 297 2600 2302 0 0
326 T 707 208 1992 0 0
326 T 699 838 705 0 0
326 T 1994 1140 697 0 0
326 T 838 1142 208 0 0
326 T 702 841 692 0 0
326 T 694 1063 2072 0 0
326 T 2074 208 700 0 0
326 T 208 1061 841 0 0
326 T 891 217 2513 0 0
326 T 2515 138 2448 0 0
326 T 2450 215 889 0 0
326 T 215 138 217 0 0
326 T 755 1442 1124 0 0
326 T 747 863 753 0 0
326 T 1126 177 745 0 0
326 T 863 179 1442 0 0
326 T 750 864 740 0 0
326 T 742 174 1045 0 0
326 T 1047 1500 748 0 0
326 T 1500 172 864 0 0
326 T 651 736 641 0 0
326 T 643 2047 1632 0 0
326 T 1634 298 649 0 0
326 T 298 2045 736 0 0
326 T 646 293 1537 0 0
326 T 638 735 644 0 0
326 T 1539 2125 636 0 0
326 T 735 2127 293 0 0
326 T 0 2821 2720 0 0
326 T 2722 199 2413 0 0
326 T 2411 198 2821 0 0
326 T 199 196 193 1 0
326 T 680 684 677 0 0
326 T 679 2158 1108 0 0
326 T 1110 222 682 0 0
326 T 222 2156 684 0 0
326 T 682 222 1029 0 0
326 T 674 691 680 0 0
326 T 1031 2244 672 0 0
326 T 691 2246 222 0 0
326 T 755 751 759 1 0
326 T 2407 846 210 0 0
326 T 2614 352 2405 0 0
326 T 846 354 2556 0 0
326 T 210 849 2353 0 0
326 T 2355 352 2672 0 0
326 T 2494 354 849 0 0
326 T 415 2605 2253 0 0
326 T 407 442 413 0 0
326 T 2255 808 405 0 0
326 T 442 810 2605 0 0
326 T 410 442 400 0 0
326 T 402 808 2165 0 0
326 T 2167 2667 408 0 0
326 T 2667 810 442 0 0
326 T 279 780 1356 0 0
326 T 1358 859 2312 0 0
326 T 2314 774 277 0 0
326 T 774 857 780 0 0
326 T 274 769 2364 0 0
326 T 1287 779 272 0 0
326 T 2366 852 1285 0 0
326 T 779 854 769 0 0
326 T 395 299 2060 0 0
326 T 2062 2600 501 0 0
326 T 502 2662 1981 0 0
326 T 1983 292 388 0 0
326 T 1855 177 2537 0 0
326 T 2539 2474 435 -1 0
326 T 2474 175 1849 0 0
326 T 137 173 177 0 0
326 T 431 427 435 1 0
326 T 2539 30 429 -1 0
326 T 427 31 2472 0 0
326 T 183 825 2249 0 0
326 T 950 823 181 0 0
326 T 2251 869 948 0 0
326 T 823 871 825 0 0
326 T 951 874 2161 0 0
326 T 2163 830 180 0 0
326 T 830 872 820 0 0
326 T 191 203 181 0 0
326 T 183 2802 2377 0 0
326 T 2379 1885 189 0 0
326 T 1885 2800 203 0 0
326 T 186 1882 2325 0 0
326 T 182 204 184 0 0
326 T 2327 2900 180 0 0
326 T 204 2902 1882 0 0
326 T 503 314 2216 -1 0
326 T 2218 320 2128 0 0
326 T 2130 316 501 0 0
326 T 316 322 314 0 0
326 T 1982 569 2357 0 0
326 T 1616 571 295 0 0
326 T 423 571 2764 0 0
326 T 2766 293 2385 0 0
326 T 299 1715 573 0 0
326 T 575 419 2867 0 0
326 T 2865 2332 297 0 0
326 T 2060 2304 573 0 0
326 T 731 784 721 0 0
326 T 723 5 1560 0 0
326 T 1562 983 729 0 0
326 T 983 4 784 0 0
326 T 726 980 1656 0 0
326 T 718 787 724 0 0
326 T 1658 5 716 0 0
326 T 1839 345 2385 0 0
326 T 2766 289 1837 0 0
326 T 289 293 345 0 0
326 T 1834 290 2864 0 0
326 T 2335 342 1832 0 0
326 T 342 298 290 0 0
326 T 291 2913 737 0 0
326 T 2046 2915 343 0 0
326 T 734 2815 288 0 0
326 T 344 2813 2124 0 0
326 T 619 800 609 0 0
326 T 611 1326 1076 0 0
326 T 1078 170 617 0 0
326 T 170 1324 800 0 0
326 T 614 170 997 0 0
326 T 610 807 612 0 0
326 T 999 1396 608 0 0
326 T 807 1398 170 0 0
326 T 1078 1901 1212 0 0
326 T 1611 1903 168 0 0
326 T 1159 1898 997 0 0
326 T 168 1896 1705 0 0
326 T 2010 819 405 0 0
326 T 2255 800 2008 0 0
326 T 819 802 810 0 0
326 T 402 812 2088 0 0
326 T 2090 807 2165 0 0
326 T 810 805 812 0 0
326 T 399 2810 2089 0 0
326 T 403 445 397 0 0
326 T 445 813 2810 0 0
326 T 817 449 2909 0 0
326 T 2911 399 2010 0 0
326 T 405 397 449 0 0
326 T 1122 1150 1116 0 0
326 T 1118 1174 2239 0 0
326 T 2237 241 1120 0 0
326 T 241 1172 1150 0 0
326 T 1039 1069 1041 0 0
326 T 1043 246 2151 0 0
326 T 2149 1229 1037 0 0
326 T 1229 244 1069 0 0
326 T 259 837 1096 0 0
326 T 1098 865 2464 0 0
326 T 2466 847 257 0 0
326 T 847 867 837 0 0
326 T 254 848 2528 0 0
326 T 1019 842 252 0 0
326 T 2530 862 1017 0 0
326 T 842 860 848 0 0
326 T 635 851 625 0 0
326 T 627 2492 1340 0 0
326 T 1342 354 633 0 0
326 T 630 354 1269 0 0
326 T 622 844 628 0 0
326 T 1271 2558 620 0 0
326 T 1366 172 2144 0 0
326 T 1362 1386 1364 0 0
326 T 2146 40 1360 0 0
326 T 1362 4 2140 0 0
326 T 2142 1195 1364 0 0
326 T 1291 1314 1293 0 0
326 T 1295 1248 2228 0 0
326 T 2230 4 1289 0 0
326 T 1291 47 2232 0 0
326 T 2234 179 1293 0 0
326 T 259 2113 2588 0 0
326 T 2590 246 2849 0 0
326 T 2851 704 257 0 0
326 T 254 703 2749 0 0
326 T 2650 2035 252 0 0
326 T 2751 241 2648 0 0
326 T 1118 1529 2261 0 0
326 T 1582 39 1116 0 0
326 T 2263 9 1580 0 0
326 T 1039 44 1676 0 0
326 T 1678 9 2173 1 0
326 T 2175 1471 1037 0 0
326 T 300 576 1124 0 0
326 T 2662 1442 576 0 0
326 T 1047 576 300 0 0
326 T 576 1500 2600 0 0
326 T 1839 1405 1572 0 0
326 T 347 479 1405 0 0
326 T 1833 1669 1332 0 0
326 T 1334 473 341 0 0
326 T 1271 1964 1157 0 0
326 T 1215 1965 1341 0 0
326 T 387 731 1476 0 0
326 T 1478 1418 499 -1 0
326 T 788 727 731 0 0
326 T 1418 725 381 0 0
326 T 19 1036 1676 0 0
326 T 21 1580 1117 0 0
326 T 543 333 2000 0 0
326 T 1114 1576 541 0 0
326 T 2002 1831 1112 0 0
326 T 1576 1829 333 0 0
326 T 538 1674 1033 0 0
326 T 1035 1824 2080 0 0
326 T 2082 338 536 0 0
326 T 338 1826 1674 0 0
326 T 239 2505 677 0 0
326 T 679 735 669 0 0
326 T 671 964 237 0 0
326 T 964 733 2505 0 0
326 T 674 2571 236 0 0
326 T 670 736 672 0 0
326 T 2571 738 967 0 0
326 T 1118 2 1584 0 0
326 T 1586 35 2261 0 0
326 T 1682 2 1037 0 0
326 T 2175 33 1680 0 0
326 T 415 792 2944 0 0
326 T 2946 15 2381 0 0
326 T 2331 15 3000 1 0
326 T 3002 799 408 0 0
326 T 6 2477 1853 0 0
326 T 1855 1685 1376 0 0
326 T 782 1687 2477 0 0
326 T 1850 2543 6 0 0
326 T 1307 1591 1848 0 0
326 T 2543 1589 777 0 0
326 T 271 318 261 0 0
326 T 263 2197 2985 0 0
326 T 2987 1921 269 0 0
326 T 1921 2199 318 0 0
326 T 266 1926 2929 0 0
326 T 262 313 264 0 0
326 T 2931 2287 260 0 0
326 T 313 2285 1926 0 0
326 T 775 510 2476 0 0
326 T 1684 508 858 0 0
326 T 2542 505 768 0 0
326 T 853 507 1590 0 0
326 T 2407 866 1140 0 0
326 T 1063 861 2353 0 0
326 T 1815 1324 2008 0 0
326 T 2255 168 1813 0 0
326 T 1810 168 2165 0 0
326 T 2090 1398 1808 0 0
326 T 535 738 2052 0 0
326 T 567 2569 533 0 0
326 T 2054 965 565 0 0
326 T 530 2507 560 0 0
326 T 562 966 1973 0 0
326 T 1975 733 528 0 0
326 T 259 465 1100 0 0
326 T 1763 2563 257 0 0
326 T 1102 2202 1761 0 0
326 T 254 2497 1756 0 0
326 T 1758 2288 1021 0 0
326 T 1023 470 252 0 0
326 T 1322 802 442 0 0
326 T 2667 817 1320 0 0
326 T 442 805 1392 0 0
326 T 1394 814 2605 0 0
326 T 248 1392 517 0 0
326 T 519 814 2885 0 0
326 T 2887 2607 250 0 0
326 T 250 2665 2785 0 0
326 T 514 1322 248 0 0
326 T 2787 817 512 0 0
326 T 659 746 649 0 0
326 T 651 1125 2048 0 0
326 T 2050 176 657 0 0
326 T 654 175 1969 0 0
326 T 646 741 652 0 0
326 T 1971 1046 644 0 0
326 T 1110 2533 689 0 0
326 T 2533 222 674 0 0
326 T 686 2471 1029 0 0
326 T 677 222 2471 0 0
326 T 519 2813 1877 0 0
326 T 1879 2126 1316 0 0
326 T 1318 346 517 0 0
326 T 514 341 1388 0 0
326 T 1874 2915 512 0 0
326 T 1390 2044 1872 0 0
326 T 179 2030 1869 0 0
326 T 1871 1917 1861 0 0
326 T 1863 1064 177 0 0
326 T 1064 1919 2030 0 0
326 T 172 1864 2110 0 0
326 T 1145 1858 174 0 0
326 T 2108 1912 1147 0 0
326 T 1858 1914 1864 0 0
326 T 191 1823 1112 0 0
326 T 2002 1944 189 0 0
326 T 1944 1831 1823 0 0
326 T 186 1951 2080 0 0
326 T 1035 1816 184 0 0
326 T 1816 1824 1951 0 0
326 T 348 1281 377 0 0
326 T 387 2518 350 0 0
326 T 379 438 385 0 0
326 T 2518 436 1281 0 0
326 T 350 2452 380 0 0
326 T 382 437 372 0 0
326 T 374 1354 348 0 0
326 T 1354 439 2452 0 0
326 T 1839 1942 1829 0 0
326 T 1831 228 1572 0 0
326 T 1407 230 1942 0 0
326 T 231 1827 1671 0 0
326 T 1332 1941 229 0 0
326 T 1941 1835 1827 0 0
326 T 1687 1963 972 0 0
326 T 974 1957 1588 0 0
326 T 1634 307 2920 0 0
326 T 2922 301 649 0 0
326 T 646 301 2976 0 0
326 T 2978 308 1537 0 0
326 T 492 372 1348 0 0
326 T 1350 452 2736 0 0
326 T 2738 366 494 0 0
326 T 366 454 372 0 0
326 T 494 369 2836 0 0
326 T 1279 379 492 0 0
326 T 2838 459 1277 0 0
326 T 379 457 369 0 0
326 T 775 2809 1240 0 0
326 T 767 812 773 0 0
326 T 1242 446 765 0 0
326 T 770 819 760 0 0
326 T 762 449 1185 0 0
326 T 1187 2911 768 0 0
326 T 1815 1893 1805 0 0
326 T 1807 3 2008 0 0
326 T 1326 2 1893 0 0
326 T 1802 1890 1808 0 0
326 T 2090 3 1800 0 0
326 T 1890 2 1396 0 0
326 T 415 3012 1813 0 0
326 T 2607 168 3012 0 0
326 T 1810 2958 408 0 0
326 T 2958 168 2665 0 0
326 T 1771 1923 1761 0 0
326 T 1102 234 1769 0 0
326 T 234 2202 1923 0 0
326 T 1766 234 1021 0 0
326 T 1758 1924 1764 0 0
326 T 1924 2288 234 0 0
326 T 887 205 1340 0 0
326 T 1214 2614 885 0 0
326 T 882 2672 1157 0 0
326 T 1271 202 880 0 0
326 T 2415 425 2508 0 0
326 T 2510 467 2724 0 0
326 T 2726 419 2413 0 0
326 T 419 465 425 0 0
326 T 2410 420 2824 0 0
326 T 2447 430 2408 0 0
326 T 2826 468 2445 0 0
326 T 430 470 420 0 0
326 T 247 1318 1789 0 0
326 T 1799 2126 245 0 0
326 T 1791 1877 1797 0 0
326 T 242 2044 1792 0 0
326 T 1794 1874 1784 0 0
326 T 1786 1388 240 0 0
326 T 137 2780 2881 0 0
326 T 2883 3052 177 0 0
326 T 3052 2782 175 1 0
326 T 2379 1815 1112 0 0
326 T 1821 1813 1887 0 0
326 T 1035 1808 2325 0 0
326 T 1880 1810 1818 0 0
326 T 954 17 397 0 0
326 T 2010 2425 952 0 0
326 T 17 2427 2911 0 0
326 T 955 2430 2088 0 0
326 T 2809 2428 17 0 0
326 T 679 2814 936 0 0
326 T 938 291 669 0 0
326 T 939 2912 672 0 0
326 T 1807 2564 952 0 0
326 T 2 2425 2564 0 0
326 T 955 2502 1800 0 0
326 T 2502 2430 2 0 0
326 T 667 662 666 0 0
326 T 664 560 2448 0 0
326 T 2515 566 665 0 0
326 T 1725 1532 1628 0 0
326 T 1743 257 2724 0 0
326 T 2510 1102 1741 0 0
326 T 1738 1021 2445 0 0
326 T 2826 254 1736 0 0
326 T 611 2 916 0 0
326 T 918 1895 1076 0 0
326 T 999 1888 917 0 0
326 T 1751 1771 1741 0 0
326 T 2510 234 1749 0 0
326 T 1746 234 2445 0 0
326 T 1738 1764 1744 0 0
326 T 239 955 1753 0 0
326 T 1763 2565 237 0 0
326 T 1755 1804 1761 0 0
326 T 2501 1758 238 0 0
326 T 1758 1803 1752 0 0
326 T 1442 521 3009 0 0
326 T 3011 3117 177 0 0
326 T 3117 523 863 0 0
326 T 174 3195 2953 0 0
326 T 2955 521 1500 0 0
326 T 864 523 3195 0 0
326 T 2851 696 1096 0 0
326 T 1019 695 2749 0 0
326 T 271 3192 2464 0 0
326 T 1098 522 269 0 0
326 T 1016 265 521 0 0
326 T 265 2529 3117 0 0
326 T 556 1541 649 0 0
326 T 659 2834 558 0 0
326 T 2834 746 1541 0 0
326 T 558 2732 652 0 0
326 T 646 1638 556 0 0
326 T 1638 741 2732 0 0
326 T 271 2954 2697 0 0
326 T 2699 173 2464 0 0
326 T 2694 3008 264 0 0
326 T 2530 178 2692 0 0
326 T 627 2946 1080 0 0
326 T 1082 413 617 0 0
326 T 614 410 1001 0 0
326 T 1003 3000 620 0 0
326 T 379 3078 1476 0 0
326 T 729 3076 436 0 0
326 T 1419 3152 372 0 0
326 T 439 3154 726 0 0
326 T 215 1960 2960 0 0
326 T 3019 1958 217 0 0
326 T 2962 1 3017 0 -1
326 T 248 2789 1136 0 0
326 T 1138 1155 1132 0 0
326 T 1134 1203 250 0 0
326 T 1203 1153 2789 0 0
326 T 250 1256 1053 0 0
326 T 1055 1072 1057 0 0
326 T 1059 2891 248 0 0
326 T 2891 1074 1256 0 0
326 T 271 1751 2574 0 0
326 T 2572 889 1220 0 0
326 T 2488 891 1751 1 0
326 T 1167 890 2634 0 0
326 T 2632 1744 264 0 0
326 T 1744 888 2554 -1 0
326 T 1610 1957 2484 0 0
326 T 2486 1910 169 0 0
326 T 1910 1959 1900 0 0
326 T 1899 1960 1905 0 0
326 T 1907 2550 169 0 0
326 T 2550 1962 1704 0 0
326 T 2922 577 2048 0 0
326 T 1971 577 2976 0 0
326 T 191 2630 2249 0 0
326 T 201 825 2630 0 0
326 T 2163 2688 184 0 0
326 T 2688 830 206 0 0
326 T 1104 2316 1580 0 0
326 T 2263 2655 1106 0 0
326 T 2655 9 2316 0 0
326 T 1025 2593 2173 0 0
326 T 1678 2370 1027 0 0
326 T 2370 9 2593 1 0
326 T 1110 1112 1104 0 0
326 T 1106 1576 2657 0 0
326 T 2659 543 1108 0 0
326 T 1027 1035 1029 0 0
326 T 1031 536 2597 0 0
326 T 2599 1674 1025 0 0
326 T 220 2076 2320 0 0
326 T 2322 1876 677 0 0
326 T 2471 1878 2076 0 0
326 T 674 1875 2372 0 0
326 T 2374 1998 220 0 0
326 T 1998 1873 2533 0 0
326 T 2574 1092 1741 0 0
326 T 1769 1094 271 0 0
326 T 1738 1015 2632 0 0
326 T 264 1013 1766 0 0
326 T 2314 2429 1224 0 0
326 T 2483 2431 772 0 0
326 T 768 2544 2425 0 0
326 T 1171 2426 2364 0 0
326 T 2322 516 936 0 0
326 T 939 515 2372 0 0
326 T 224 2992 1992 0 0
326 T 707 2759 226 0 0
326 T 2759 208 2992 0 0
326 T 226 2857 700 0 0
326 T 2074 2938 224 0 0
326 T 2938 208 2857 0 0
326 T 279 3172 2452 0 0
326 T 1354 590 277 0 0
326 T 590 439 3172 0 0
326 T 274 585 1281 0 0
326 T 2518 3098 272 0 0
326 T 3098 436 585 0 0
326 T 491 1865 3064 0 0
326 T 1218 1996 489 0 0
326 T 1996 541 1865 0 0
326 T 485 3141 1869 0 0
326 T 1871 539 2079 0 0
326 T 2077 1162 487 0 0
326 T 2659 1905 689 0 0
326 T 1905 543 2535 0 0
326 T 686 1910 2597 0 0
326 T 2469 536 1910 0 0
326 T 423 1208 1845 0 0
326 T 1847 970 2764 0 0
326 T 569 968 1208 0 0
326 T 1842 1266 416 0 0
326 T 2866 969 1840 0 0
326 T 1266 971 574 0 0
326 T 1172 2752 1583 0 0
326 T 20 2754 2239 0 0
326 T 1677 2854 1231 0 0
326 T 2149 2852 18 0 0
326 T 2263 2293 2257 0 0
326 T 2259 239 1106 0 0
326 T 239 2295 2653 0 0
326 T 1025 236 2169 0 0
326 T 2171 2207 2173 0 0
326 T 2595 2205 236 0 0
326 T 1839 230 2768 0 0
326 T 2770 1335 1829 0 0
326 T 228 1834 2870 0 0
326 T 2868 1824 1407 0 0
326 T 1847 1939 1837 0 0
326 T 968 289 1939 0 0
326 T 1834 1936 1840 0 0
326 T 1735 1731 1727 -1 0
326 T 511 3021 972 0 0
326 T 859 1963 3021 0 0
326 T 975 2967 504 0 0
326 T 2967 1956 852 0 0
326 T 2699 581 2460 0 0
326 T 1226 2178 2697 0 0
326 T 2178 310 581 0 0
326 T 1246 2955 582 0 0
326 T 580 2527 2695 0 0
326 T 3011 1191 582 0 0
326 T 2694 2264 1169 0 0
326 T 581 305 2264 0 0
326 T 592 1465 2036 0 0
326 T 2038 2718 457 0 0
326 T 2718 1467 2203 0 0
326 T 454 2713 2116 0 0
326 T 2118 1527 592 0 0
326 T 2289 1525 2713 0 0
326 T 3078 992 721 0 0
326 T 786 994 436 0 0
326 T 718 995 3152 0 0
326 T 552 1273 633 0 0
326 T 643 3138 554 0 0
326 T 635 868 641 0 0
326 T 3138 870 1273 0 0
326 T 554 3060 636 0 0
326 T 638 875 628 0 0
326 T 630 1346 552 0 0
326 T 1346 873 3060 0 0
326 T 2186 2188 2180 0 0
326 T 2182 1401 173 0 0
326 T 1401 2190 1194 0 0
326 T 178 1331 2268 0 0
326 T 2270 2278 2272 0 0
326 T 1249 2276 1331 0 0
326 T 1118 2282 2772 0 0
326 T 2774 1201 1584 0 0
326 T 3 1203 2282 0 0
326 T 1682 1258 2872 0 0
326 T 2874 2192 1037 0 0
326 T 2192 1256 3 0 0
326 T 2987 1763 1092 0 0
326 T 1015 1756 2929 0 0
326 T 1865 1873 1905 0 0
326 T 1910 1878 1870 0 0
326 T 74 448 2893 0 0
326 T 2895 483 2792 0 0
326 T 2794 446 75 0 0
326 T 446 481 448 0 0
326 T 1780 1784 1777 0 0
326 T 1779 1388 2989 0 0
326 T 2991 242 1782 0 0
326 T 1782 245 2933 0 0
326 T 1774 1791 1780 0 0
326 T 2935 1318 1772 0 0
326 T 247 3202 1560 0 0
326 T 723 2972 245 0 0
326 T 2972 5 3202 0 0
326 T 717 241 3029 0 0
326 T 3031 3127 5 0 0
326 T 3127 243 1659 0 0
326 T 415 1057 1821 0 0
326 T 3014 1885 1057 0 0
326 T 1818 1138 408 0 0
326 T 1138 1882 2956 0 0
326 T 591 978 3220 0 0
326 T 3222 11 3173 0 0
326 T 436 10 978 0 0
326 T 3099 11 3248 0 0
326 T 3250 977 584 0 0
326 T 2551 2963 797 0 0
326 T 794 3017 2485 0 0
326 T 1831 340 3245 0 0
326 T 3247 327 1576 0 0
326 T 333 325 340 0 0
326 T 1674 328 3217 0 0
326 T 3219 347 1824 0 0
326 T 347 330 338 0 0
326 T 407 1320 3241 0 0
326 T 3243 802 413 0 0
326 T 410 805 3213 0 0
326 T 3215 1394 400 0 0
326 T 643 1795 3056 0 0
326 T 3058 241 1632 0 0
326 T 1539 246 3132 0 0
326 T 3134 1796 636 0 0
326 T 699 856 689 0 0
326 T 691 1962 2152 0 0
326 T 2154 3022 697 0 0
326 T 694 2964 2240 0 0
326 T 686 855 692 0 0
326 T 2242 1957 684 0 0
326 T 1370 2691 721 0 0
326 T 718 2629 1297 0 0
326 T 3327 207 2857 0 0
326 T 2938 212 3325 0 0
326 T 3322 219 2992 0 0
326 T 2759 200 3320 0 0
326 T 2770 472 3245 0 0
326 T 3219 479 2868 0 0
326 T 379 3314 2580 0 0
326 T 2582 224 1476 0 0
326 T 3076 226 3314 0 0
326 T 1419 224 2640 0 0
326 T 2642 3317 372 0 0
326 T 3317 226 3154 0 0
326 T 1122 910 2772 0 0
326 T 1148 2282 910 0 0
326 T 2874 909 1041 0 0
326 T 1071 911 2194 1 0
326 T 1364 2421 2189 0 0
326 T 1400 2423 2142 0 0
326 T 2278 2419 1294 0 0
326 T 2229 2417 1331 0 0
326 T 67 1288 2232 0 0
326 T 69 2144 1361 0 0
326 T 1303 834 2757 0 0
326 T 2859 834 1372 0 0
326 T 575 1933 2881 0 0
326 T 2782 1932 569 0 0
326 T 1931 1934 1933 0 0
326 T 491 1857 1084 0 0
326 T 1086 1915 3064 0 0
326 T 485 1004 1861 0 0
326 T 3143 1917 1004 0 0
326 T 892 1025 2853 0 0
326 T 1230 2370 894 0 0
326 T 894 2316 1173 0 0
326 T 2755 1106 892 0 0
326 T 1082 3241 609 0 0
326 T 610 3215 1001 0 0
326 T 2271 3103 48 0 0
326 T 3103 2279 12 0 0
326 T 51 3177 2181 0 0
326 T 12 2189 3177 1 0
326 T 519 2103 1252 0 0
326 T 1254 2710 2885 0 0
326 T 812 2708 2103 0 0
326 T 1199 2021 512 0 0
326 T 2787 2710 1197 0 0
326 T 2021 2708 819 0 0
326 T 2243 1903 2596 0 0
326 T 1899 2154 2659 0 0
326 T 606 2691 2974 0 0
326 T 3028 2629 606 0 0
326 T 1519 2287 2800 0 0
326 T 2377 3037 1517 0 0
326 T 3037 181 2287 0 0
326 T 1459 3034 2327 0 0
326 T 2902 2197 1457 0 0
326 T 2197 182 3034 0 0
326 T 407 250 2004 0 0
326 T 2006 512 3241 0 0
326 T 2086 250 400 0 0
326 T 3215 519 2084 0 0
326 T 1511 3203 1600 0 0
326 T 1602 1563 1559 0 0
326 T 1653 1657 1696 0 0
326 T 1698 3125 1449 0 0
326 T 1630 1648 1632 0 0
326 T 3058 52 1628 0 0
326 T 10 3105 1689 0 0
326 T 1691 1708 1693 0 0
326 T 1451 1710 3105 0 0
326 T 1535 54 3132 0 0
326 T 1539 1554 1533 0 0
326 T 1595 3183 10 0 0
326 T 1599 1614 1593 0 0
326 T 3183 1612 1509 0 0
326 T 1831 3227 413 0 0
326 T 3227 228 2396 0 0
326 T 1824 408 3255 0 0
326 T 3253 2344 230 0 0
326 T 2770 2671 1576 0 0
326 T 2671 472 325 0 0
326 T 2609 328 477 0 0
326 T 2868 1672 2611 0 0
326 T 179 2817 1877 0 0
326 T 2028 1909 2817 0 0
326 T 1874 2919 172 0 0
326 T 2919 1906 2110 0 0
326 T 492 2640 1216 0 0
326 T 1218 3317 1348 0 0
326 T 1163 2582 492 0 0
326 T 1279 3314 1161 0 0
326 T 1138 1951 3253 0 0
326 T 2346 3196 1136 0 0
326 T 3196 228 1951 0 0
326 T 1059 3122 2396 0 0
326 T 3227 1944 1057 0 0
326 T 1944 228 3122 0 0
326 T 1815 1311 3165 0 0
326 T 3167 588 1805 0 0
326 T 1895 590 1311 0 0
326 T 1802 587 3089 0 0
326 T 3091 1381 1808 0 0
326 T 1381 585 1888 0 0
326 T 399 3591 2160 0 0
326 T 950 27 397 0 0
326 T 27 875 3591 0 0
326 T 396 2248 3527 0 0
326 T 3525 868 27 0 0
326 T 3314 992 1660 0 0
326 T 1566 995 3317 0 0
326 T 1550 1202 2225 0 0
326 T 2227 2281 2221 0 0
326 T 2223 3 1548 0 0
326 T 1647 3 2133 0 0
326 T 2135 2195 2137 0 0
326 T 2139 1257 1645 0 0
326 T 1751 1952 1745 0 0
326 T 2555 1954 2488 0 0
326 T 3222 3290 278 0 0
326 T 3290 11 2453 0 0
326 T 273 3285 3248 0 0
326 T 2519 11 3285 0 0
326 T 3291 504 2456 0 0
326 T 1222 1595 3289 0 0
326 T 1595 333 504 0 0
326 T 3223 504 1245 0 0
326 T 511 2522 3286 0 0
326 T 3249 1188 509 0 0
326 T 511 338 1689 0 0
326 T 1691 1167 3286 0 0
326 T 2050 2880 2728 0 0
326 T 2730 3053 657 0 0
326 T 654 3054 2828 0 0
326 T 2830 2782 1969 0 0
326 T 1164 2517 3106 0 0
326 T 3180 2455 1223 0 0
326 T 379 2036 3541 0 0
326 T 3543 2718 369 0 0
326 T 366 2713 3477 0 0
326 T 3479 2118 372 0 0
326 T 551 191 1080 0 0
326 T 627 3581 549 0 0
326 T 3581 2946 191 0 0
326 T 546 3519 620 0 0
326 T 1003 184 544 0 0
326 T 184 3000 3519 0 0
326 T 1414 3430 1276 0 0
326 T 2839 2211 1412 0 0
326 T 3430 2209 456 0 0
326 T 1351 3425 1473 0 0
326 T 1475 2297 2737 0 0
326 T 455 2299 3425 0 0
326 T 2851 3481 269 0 0
326 T 3481 696 520 0 0
326 T 266 3547 2749 0 0
326 T 520 695 3547 0 0
326 T 359 474 365 0 0
326 T 367 912 3472 0 0
326 T 3474 1409 357 0 0
326 T 1409 914 474 0 0
326 T 915 371 3539 0 0
326 T 1338 478 913 0 0
326 T 3537 361 1336 0 0
326 T 478 363 371 0 0
326 T 775 2103 3500 0 0
326 T 3371 2349 773 0 0
326 T 3502 170 3369 0 0
326 T 2349 168 2103 0 0
326 T 770 2403 3364 0 0
326 T 3366 170 3564 0 0
326 T 3566 2021 768 0 0
326 T 2021 168 2403 0 0
326 T 1094 2653 3145 0 0
326 T 2742 2318 1092 0 0
326 T 3147 9 2740 0 0
326 T 1015 2368 2840 0 0
326 T 2842 9 3069 1 0
326 T 3071 2595 1013 0 0
326 T 1138 2798 2665 0 0
326 T 1880 168 2798 0 0
326 T 2607 2896 1057 0 0
326 T 2896 168 1887 0 0
326 T 363 359 143 -1 0
326 T 491 1048 361 0 0
326 T 1048 3373 1130 0 0
326 T 1128 487 359 0 0
326 T 527 263 920 0 0
326 T 551 3578 525 0 0
326 T 922 2588 549 0 0
326 T 3578 2590 263 0 0
326 T 526 3512 544 0 0
326 T 546 2650 921 0 0
326 T 260 2648 3512 0 0
326 T 3299 2394 277 0 0
326 T 1354 2116 3297 0 0
326 T 2394 2118 588 0 0
326 T 274 2340 3292 0 0
326 T 3294 2038 1281 0 0
326 T 587 2036 2340 0 0
326 T 3327 1463 1372 0 0
326 T 1303 1521 3320 0 0
326 T 287 282 286 0 0
326 T 284 2700 1984 0 0
326 T 2067 2701 285 0 0
326 T 1986 141 2065 0 0
326 T 2863 600 3325 0 0
326 T 2938 1613 2861 0 0
326 T 600 1615 214 0 0
326 T 3322 600 2761 0 0
326 T 2763 1711 2992 0 0
326 T 217 1709 600 0 0
326 T 359 327 1008 0 0
326 T 1010 2669 365 0 0
326 T 403 3045 2160 0 0
326 T 3589 3047 447 0 0
326 T 331 363 1090 0 0
326 T 1088 369 2608 0 0
326 T 3049 407 2251 0 0
326 T 3526 451 3051 0 0
326 T 691 1723 3484 0 0
326 T 3486 3306 222 0 0
326 T 3306 1721 2244 0 0
326 T 222 3309 3548 0 0
326 T 3550 1625 684 0 0
326 T 2158 1627 3309 0 0
326 T 1474 1153 2732 0 0
326 T 1638 3341 1472 0 0
326 T 3341 741 1153 0 0
326 T 1415 3346 1541 0 0
326 T 2834 1074 1413 0 0
326 T 1074 746 3346 0 0
326 T 699 2435 3484 0 0
326 T 858 1723 2435 0 0
326 T 3550 2435 692 0 0
326 T 2435 1625 853 0 0
326 T 348 3292 3541 0 0
326 T 3479 3299 348 0 0
326 T 757 761 765 0 0
326 T 3371 1447 2476 0 0
326 T 508 1445 2351 0 0
326 T 2542 1505 3364 0 0
326 T 2401 1507 507 0 0
326 T 661 653 657 0 0
326 T 2730 2831 663 -1 0
326 T 279 275 283 1 0
326 T 1799 2714 1988 0 0
326 T 1486 3520 1797 0 0
326 T 1990 232 1484 0 0
326 T 3520 234 2714 0 0
326 T 1527 3523 1925 0 0
326 T 232 3584 2717 0 0
326 T 2719 1794 2070 0 0
326 T 2068 1425 234 0 0
326 T 1425 1792 3584 0 0
326 T 1922 3585 1465 0 0
326 T 6 3364 3496 1 0
326 T 1499 2339 7 0 0
326 T 3498 1885 1497 0 0
326 T 2339 1887 3364 0 0
326 T 3371 3562 7 0 0
326 T 3562 1447 1852 0 0
326 T 1507 3498 1851 0 0
326 T 7 2389 1437 0 0
326 T 1439 1882 3560 0 0
326 T 3371 1880 2389 0 0
326 T 193 185 189 0 0
326 T 1948 1954 1946 0 0
326 T 24 180 944 0 0
326 T 946 2284 3488 0 0
326 T 3490 3038 25 0 0
326 T 945 3552 2196 0 0
326 T 3035 3554 25 0 0
326 T 535 2879 1636 0 0
326 T 1638 3337 2052 0 0
326 T 736 3339 2879 0 0
326 T 1543 2777 528 0 0
326 T 1975 3337 1541 0 0
326 T 2777 3339 735 0 0
326 T 239 2746 1094 0 0
326 T 2293 3147 2746 0 0
326 T 1013 2844 236 0 0
326 T 2844 3069 2207 0 0
326 T 767 2708 3500 0 0
326 T 3566 2708 760 0 0
326 T 168 3400 3185 0 0
326 T 3187 2625 2549 0 0
326 T 1906 2627 3400 0 0
326 T 2487 2687 3109 0 0
326 T 3111 3407 168 0 0
326 T 3407 2685 1909 0 0
326 T 2343 1 2392 -1 0
326 T 556 1973 2924 0 0
326 T 2926 3337 649 0 0
326 T 646 3337 2980 0 0
326 T 2982 2054 556 0 0
326 T 491 3377 3537 0 0
326 T 1336 3379 1050 0 0
326 T 3475 3382 484 0 0
326 T 1129 3380 1410 0 0
326 T 1638 1040 2576 0 0
326 T 2578 2442 1472 0 0
326 T 2442 1042 3343 0 0
326 T 1415 2437 2636 0 0
326 T 2638 1123 1541 0 0
326 T 3344 1121 2437 0 0
326 T 433 435 433 1 0
326 T 2887 2896 2889 0 0
326 T 2791 2798 2785 0 0
326 T 191 3450 2381 0 0
326 T 3581 15 3450 0 0
326 T 2331 3445 184 0 0
326 T 3445 15 3519 1 0
326 T 460 1465 3437 0 0
326 T 3439 2038 2496 0 0
326 T 3434 1527 460 0 0
326 T 2562 2116 3432 0 0
326 T 1342 3593 641 0 0
326 T 3593 354 870 0 0
326 T 638 3531 1269 0 0
326 T 873 354 3531 0 0
326 T 2926 2877 641 0 0
326 T 638 2779 2980 0 0
326 T 2225 3301 2138 0 0
326 T 2136 286 3650 0 0
326 T 3648 140 3623 -1 0
326 T 3621 287 2227 0 0
326 T 2987 2565 2744 0 0
326 T 2846 2503 2929 0 0
326 T 755 2624 3169 0 0
326 T 3094 2687 749 0 0
326 T 2687 1 2624 -1 -1
326 T 2863 3235 1372 0 0
326 T 1461 3233 602 0 0
326 T 1303 3261 2761 0 0
326 T 602 3263 1523 0 0
326 T 431 1067 3557 0 0
326 T 3559 596 421 0 0
326 T 469 598 1067 0 0
326 T 418 596 3493 0 0
326 T 3495 1144 424 0 0
326 T 1144 598 466 0 0
326 T 2795 88 444 0 0
326 T 450 86 2892 0 0
326 T 1847 870 1236 0 0
326 T 1238 826 3704 0 0
326 T 3706 820 1845 0 0
326 T 1842 823 3768 0 0
326 T 1183 873 1840 0 0
326 T 3770 829 1181 0 0
326 T 83 2172 1680 0 0
326 T 85 1584 2260 0 0
326 T 1182 355 1497 0 0
326 T 1499 3528 1841 0 0
326 T 1846 3594 1437 0 0
326 T 1439 355 1237 0 0
326 T 0 3533 3468 0 0
326 T 3470 319 885 0 0
326 T 883 313 3533 0 0
326 T 727 3719 1653 0 0
326 T 983 1698 3719 0 0
326 T 728 1557 3783 0 0
326 T 3781 1600 980 0 0
326 T 1843 1526 3492 0 0
326 T 599 1524 1265 0 0
326 T 1210 1467 598 0 0
326 T 3559 1465 1845 0 0
326 T 3706 989 1837 0 0
326 T 1937 991 822 0 0
326 T 1834 990 3768 0 0
326 T 487 3569 525 0 0
326 T 527 60 924 0 0
326 T 926 1446 485 0 0
326 T 1446 61 3569 0 0
326 T 489 525 3504 0 0
326 T 1507 926 491 0 0
326 T 3506 60 1505 0 0
326 T 1519 1087 526 0 0
326 T 3505 1856 1517 0 0
326 T 525 1004 1457 0 0
326 T 1459 1863 3571 0 0
326 T 1576 3803 1010 0 0
326 T 3803 2768 365 0 0
326 T 2868 3806 370 0 0
326 T 3806 1672 1089 0 0
326 T 3407 2297 2028 0 0
326 T 2817 2299 2687 0 0
326 T 2110 2211 3400 0 0
326 T 2625 2209 2919 0 0
326 T 2251 3511 2004 0 0
326 T 248 3509 3049 0 0
326 T 2086 3573 2161 0 0
326 T 3046 3575 248 0 0
326 T 2227 909 3676 1 0
326 T 3678 1151 2221 0 0
326 T 2135 1068 3740 0 0
326 T 3742 910 2137 -1 0
326 T 1779 512 3684 0 0
326 T 3686 341 2989 0 0
326 T 2935 346 3748 0 0
326 T 3750 519 1772 0 0
326 T 3311 3 3488 0 0
326 T 946 2805 3309 0 0
326 T 2805 2284 3 0 0
326 T 3306 2907 945 0 0
326 T 3554 3 3304 0 0
326 T 3 2198 2907 0 0
326 T 2030 470 3789 0 0
326 T 3791 599 1917 0 0
326 T 1914 599 3725 0 0
326 T 3727 465 2108 0 0
326 T 1154 3607 1550 0 0
326 T 2788 2227 3607 0 0
326 T 1645 3608 1073 0 0
326 T 3608 2137 2890 0 0
326 T 1222 3619 350 0 0
326 T 3619 3183 380 0 0
326 T 350 3645 1165 0 0
326 T 387 3105 3645 0 0
326 T 3467 2690 5 0 0
326 T 3203 605 3465 0 0
326 T 5 2628 3460 0 0
326 T 3462 605 3125 0 0
326 T 2318 1621 3688 0 0
326 T 3690 2242 894 0 0
326 T 2242 1623 1173 0 0
326 T 894 2152 3752 0 0
326 T 3754 1719 2368 0 0
326 T 1230 1717 2152 0 0
326 T 3335 1596 2861 0 0
326 T 2938 1594 3333 0 0
326 T 3329 2760 1693 0 0
326 T 1691 2995 3331 0 0
326 T 3650 145 3621 0 0
326 T 747 3670 3353 0 0
326 T 3355 2210 753 0 0
326 T 2210 3668 861 0 0
326 T 750 2296 3348 0 0
326 T 3350 3640 740 0 0
326 T 866 3642 2296 0 0
326 T 3109 788 3186 0 0
326 T 2590 3870 269 0 0
326 T 3870 246 3483 0 0
326 T 266 3873 2648 0 0
326 T 3545 241 3873 0 0
326 T 1090 3228 2740 0 0
326 T 3147 3667 1088 0 0
326 T 3667 9 3228 0 0
326 T 1011 3637 3069 0 0
326 T 2842 3258 1009 0 0
326 T 3258 9 3637 1 0
326 T 1134 1586 3710 0 0
326 T 3708 2772 250 0 0
326 T 250 2874 3774 0 0
326 T 3772 1680 1053 0 0
326 T 877 879 877 1 0
326 T 3355 175 3628 0 0
326 T 3171 2918 3353 0 0
326 T 3630 1873 3169 0 0
326 T 3350 2816 3093 0 0
326 T 3095 1878 3656 0 0
326 T 3658 176 3348 0 0
326 T 191 3462 3084 0 0
326 T 3086 4 2249 0 0
326 T 2163 4 3160 0 0
326 T 3162 3465 184 0 0
326 T 918 590 3901 0 0
326 T 3903 1309 1076 0 0
326 T 999 1383 3877 0 0
326 T 3879 585 917 0 0
326 T 1421 3292 3169 0 0
326 T 2584 350 1423 0 0
326 T 3171 3543 2586 0 0
326 T 1480 350 2646 0 0
326 T 2644 3477 3093 0 0
326 T 3095 3299 1482 0 0
326 T 3415 461 3789 0 0
326 T 2030 455 3413 0 0
326 T 459 2111 3411 0 0
326 T 3409 3724 462 0 0
326 T 316 3576 3868 0 0
326 T 3875 3514 315 0 0
326 T 1226 3206 2464 0 0
326 T 175 3204 2176 0 0
326 T 2530 3128 1169 0 0
326 T 2266 3130 176 0 0
326 T 3086 3378 2004 0 0
326 T 3378 4 3509 0 0
326 T 2086 3381 3160 0 0
326 T 3575 4 3381 0 0
326 T 3 3275 2987 0 0
326 T 2426 2746 3275 0 0
326 T 2429 3270 2846 0 0
326 T 3 2931 3270 0 0
326 T 2399 2707 3781 0 0
326 T 980 2705 23 0 0
326 T 3719 2704 2345 0 0
326 T 193 3692 3757 0 0
326 T 3759 1913 1568 0 0
326 T 1667 1919 3692 0 0
326 T 1931 1915 1919 0 0
326 T 3607 2390 1420 0 0
326 T 1422 3360 2225 0 0
326 T 2788 3362 2390 0 0
326 T 1483 2336 3608 0 0
326 T 2139 3359 1481 0 0
326 T 2336 3357 2890 0 0
326 T 3114 1955 3189 0 0
326 T 1358 1722 3892 0 0
326 T 3894 2432 2312 0 0
326 T 2366 2432 3916 0 0
326 T 3918 1624 1285 0 0
326 T 551 3730 609 0 0
326 T 189 3241 3730 0 0
326 T 610 3792 544 0 0
326 T 3792 3215 186 0 0
326 T 1915 1208 3417 0 0
326 T 3419 1467 3724 0 0
326 T 1527 3422 3790 0 0
326 T 1916 3420 1264 0 0
326 T 263 2904 3273 0 0
326 T 3270 2806 260 0 0
326 T 767 1199 3361 0 0
326 T 3363 2785 3500 0 0
326 T 3358 1252 760 0 0
326 T 3566 2887 3356 0 0
326 T 3502 2796 2389 0 0
326 T 3564 2337 2896 0 0
326 T 3835 2118 1805 0 0
326 T 3167 2392 3833 0 0
326 T 1802 2036 3828 0 0
326 T 3830 2342 3089 0 0
326 T 3156 192 3083 0 0
326 T 2263 1135 4041 0 0
326 T 4043 904 2257 0 0
326 T 2295 906 1135 0 0
326 T 2171 903 3977 0 0
326 T 3979 1052 2173 0 0
326 T 2205 1054 903 0 0
326 T 2138 1252 3952 0 0
326 T 3954 762 1480 0 0
326 T 1423 765 4016 0 0
326 T 4018 1199 2224 0 0
326 T 1362 3454 3892 0 0
326 T 1358 1410 1360 0 0
326 T 1410 1722 3454 0 0
326 T 3459 1291 3918 0 0
326 T 1626 1338 3457 0 0
326 T 1338 1287 1291 0 0
326 T 8 4002 3675 0 0
326 T 3736 3937 9 0 0
326 T 3673 0 3738 0 0
326 T 3937 0 4002 0 0
326 T 731 3184 3925 0 0
326 T 3927 3111 725 0 0
326 T 1763 2117 3956 0 0
326 T 3958 3435 257 0 0
326 T 254 3436 4020 0 0
326 T 4022 2039 1756 0 0
326 T 2778 4062 1120 0 0
326 T 4062 531 2639 0 0
326 T 1043 3996 2876 0 0
326 T 2577 532 3996 0 0
326 T 1646 1721 1640 0 0
326 T 1642 2623 2132 0 0
326 T 3 2621 1721 0 0
326 T 1547 1627 1549 0 0
326 T 2222 2681 1545 0 0
326 T 2681 2 1627 0 0
326 T 1622 3602 2743 0 0
326 T 3689 1095 3602 0 0
326 T 2841 3597 1716 0 0
326 T 3597 1012 3755 0 0
326 T 2006 3384 189 0 0
326 T 3384 512 3730 0 0
326 T 186 3391 2084 0 0
326 T 3792 519 3391 0 0
326 T 1978 3889 501 0 0
326 T 2130 4014 1976 0 0
326 T 3889 4012 318 0 0
326 T 2057 500 3913 0 0
326 T 3915 315 3948 0 0
326 T 3950 2219 2059 0 0
326 T 2875 2892 2877 0 0
326 T 3999 2894 910 0 0
326 T 2779 2794 2773 0 0
326 T 909 2792 4061 -1 0
326 T 3415 3433 3421 0 0
326 T 3418 3438 3408 0 0
326 T 3347 3452 3353 0 0
326 T 3668 3454 1075 0 0
326 T 3350 3459 3340 0 0
326 T 1152 3457 3642 0 0
326 T 1374 3179 3921 0 0
326 T 2942 2189 1372 0 0
326 T 3923 13 2940 1 0
326 T 1303 2279 2996 0 0
326 T 2998 13 3897 0 0
326 T 3899 3101 1301 0 0
326 T 2938 332 4029 0 0
326 T 4031 507 3333 0 0
326 T 3330 508 3965 0 0
326 T 3967 339 2992 0 0
326 T 3954 4019 283 -1 0
326 T 3908 498 3887 0 0
326 T 2926 3883 554 0 0
326 T 3883 2877 3136 0 0
326 T 554 3905 2980 0 0
326 T 3062 2779 3905 0 0
326 T 1350 1400 1344 0 0
326 T 1346 3995 1472 0 0
326 T 3426 3993 1400 0 0
326 T 3429 1328 4057 0 0
326 T 4059 1275 1415 0 0
326 T 1277 1273 1328 0 0
326 T 3448 3442 3446 0 0
326 T 179 4059 3933 0 0
326 T 3935 3431 2269 0 0
326 T 3930 3993 172 0 0
326 T 2183 3424 3928 0 0
326 T 1196 145 1254 1 0
326 T 383 1508 3809 0 0
326 T 3811 3202 2361 0 0
326 T 2363 915 4077 0 0
326 T 4079 1336 1544 0 0
326 T 1614 3810 3619 0 0
326 T 3814 1450 384 0 0
326 T 2311 3124 3812 0 0
326 T 1643 1410 4065 0 0
326 T 4067 915 2309 0 0
326 T 3645 3813 1708 0 0
326 T 2245 3553 2622 0 0
326 T 2680 3491 2159 0 0
326 T 3407 3427 3413 0 0
326 T 3410 3428 3400 0 0
326 T 224 3965 3821 0 0
326 T 3823 339 1992 0 0
326 T 3818 4031 224 0 0
326 T 2074 332 3816 0 0
326 T 2577 498 2638 0 0
326 T 4063 481 3996 0 0
326 T 892 2597 4081 0 0
326 T 4083 1674 2853 0 0
326 T 2755 1576 4069 0 0
326 T 4071 2659 892 0 0
326 T 3575 2969 1128 0 0
326 T 1411 2971 5 0 0
326 T 1051 3027 3509 0 0
326 T 5 3025 1337 0 0
326 T 3171 2718 4045 0 0
326 T 4047 371 2586 0 0
326 T 2644 364 3981 0 0
326 T 3983 2713 3093 0 0
326 T 1667 4075 1300 0 0
326 T 1663 1719 1665 0 0
326 T 4075 1717 828 0 0
326 T 827 1623 4085 0 0
326 T 4087 1571 1375 0 0
326 T 1565 1569 1623 0 0
326 T 263 946 3265 0 0
326 T 3267 3305 3273 0 0
326 T 3270 3310 3264 0 0
326 T 2722 1433 2508 0 0
326 T 427 1435 197 0 0
326 T 2447 1495 2820 0 0
326 T 197 1493 428 0 0
326 T 551 3867 1084 0 0
326 T 1518 3865 3576 0 0
326 T 1007 3860 544 0 0
326 T 3514 3862 1456 0 0
326 T 1076 3672 3228 0 0
326 T 3667 4003 1078 0 0
326 T 997 3937 3637 0 0
326 T 3258 3738 999 0 0
326 T 3706 2676 2768 0 0
326 T 228 2678 991 0 0
326 T 2870 2618 3768 0 0
326 T 988 2616 228 0 0
326 T 552 3941 625 0 0
326 T 1275 851 3941 0 0
326 T 622 4007 552 0 0
326 T 4007 844 1344 0 0
326 T 1358 2970 2140 0 0
326 T 2230 3024 1285 0 0
326 T 1646 3453 4064 0 0
326 T 3457 1550 4079 0 0
326 T 2996 3040 2943 0 0
326 T 2941 199 3767 0 0
326 T 3765 433 3702 0 0
326 T 3700 198 2998 0 0
326 T 1458 3852 313 0 0
326 T 3948 2132 1456 0 0
326 T 3852 2134 3915 0 0
326 T 3856 1519 319 0 0
326 T 3888 2221 3858 0 0
326 T 1519 2223 4015 0 0
326 T 168 3408 3785 0 0
326 T 3787 3428 3185 0 0
326 T 3111 3427 3721 0 0
326 T 3723 3415 168 0 0
326 T 934 1452 257 0 0
326 T 3958 3851 932 0 0
326 T 1452 3849 3433 0 0
326 T 254 1514 933 0 0
326 T 935 3844 4020 0 0
326 T 3438 3846 1514 0 0
326 T 1755 3832 3956 0 0
326 T 3829 1754 4022 0 0
326 T 79 3330 4034 0 0
326 T 4032 2761 905 0 0
326 T 902 2863 3970 0 0
326 T 3968 3333 80 0 0
326 T 1951 2041 4097 0 0
326 T 4099 4142 230 0 0
326 T 4142 2043 3196 0 0
326 T 230 4116 4092 0 0
326 T 4094 2123 1944 0 0
326 T 3122 2121 4116 0 0
326 T 325 321 331 0 0
326 T 3690 1902 4081 0 0
326 T 4071 1897 3752 0 0
326 T 168 2104 1452 0 0
326 T 1454 3415 4137 0 0
326 T 4139 4090 170 0 0
326 T 4090 3413 2104 0 0
326 T 170 4090 4113 0 0
326 T 1514 2026 168 0 0
326 T 4115 3408 1512 0 0
326 T 2026 3410 4090 0 0
326 T 2996 1664 3712 0 0
326 T 3714 4074 2277 0 0
326 T 2191 4084 3776 0 0
326 T 3778 1570 2942 0 0
326 T 1780 4156 2144 0 0
326 T 1366 4111 1782 0 0
326 T 4111 172 4156 0 0
326 T 1782 4133 1293 0 0
326 T 2234 4163 1780 0 0
326 T 4163 179 4133 0 0
326 T 3676 3301 3743 0 0
326 T 3423 146 3417 0 0
326 T 2305 498 2358 0 0
326 T 2991 4147 2144 0 0
326 T 4158 4145 240 0 0
326 T 2234 4121 2933 0 0
326 T 247 4123 4161 0 0
326 T 3460 3378 3386 0 0
326 T 3389 3381 3467 0 0
326 T 1122 4146 3353 0 0
326 T 4146 2438 3454 0 0
326 T 3350 4120 1041 0 0
326 T 3457 2441 4120 0 0
326 T 3835 4094 2012 0 0
326 T 958 4116 3833 0 0
326 T 2014 228 956 0 0
326 T 3830 4142 957 0 0
326 T 959 228 2092 0 0
326 T 2094 4097 3828 0 0
326 T 4163 3351 2148 0 0
326 T 2150 3657 4133 0 0
326 T 2238 3352 4156 0 0
326 T 4111 3631 2236 0 0
326 T 1366 3612 1789 0 0
326 T 3612 4111 1774 0 0
326 T 1786 3612 1293 0 0
326 T 1777 4133 3612 0 0
326 T 1110 3653 237 0 0
326 T 3653 1112 2259 0 0
326 T 238 3627 1029 0 0
326 T 2169 1035 3627 0 0
326 T 1731 3713 2829 0 0
326 T 1739 1773 1729 0 0
326 T 2831 4151 1737 0 0
326 T 1773 4149 3713 0 0
326 T 4153 1777 3778 0 0
326 T 2728 1741 4155 0 0
326 T 3776 1735 2730 0 0
326 T 1741 1733 1777 0 0
326 T 248 3660 1128 0 0
326 T 3046 2969 3660 0 0
326 T 1051 3634 248 0 0
326 T 3634 3027 3049 0 0
326 T 2578 331 4009 0 0
326 T 4011 1140 1472 0 0
326 T 1140 329 2440 0 0
326 T 1415 1063 3945 0 0
326 T 3947 324 2636 0 0
326 T 2439 326 1063 0 0
326 T 2991 2439 4193 0 0
326 T 4195 3453 2144 0 0
326 T 2234 3458 4173 0 0
326 T 4175 2440 2933 0 0
326 T 1755 3824 932 0 0
326 T 3834 3851 3824 0 0
326 T 3827 3844 3829 0 0
326 T 3611 3671 4064 0 0
326 T 4078 3641 3604 0 0
326 T 3745 281 3682 0 0
326 T 3676 2065 3747 0 0
326 T 3680 1986 3743 0 0
326 T 1791 3659 4233 0 0
326 T 4235 3092 1797 0 0
326 T 1794 3170 4228 0 0
326 T 4230 3629 1784 0 0
326 T 4139 2024 3785 0 0
326 T 3723 2106 4113 0 0
326 T 4195 3895 69 0 0
326 T 67 3917 4173 0 0
326 T 1164 4129 1709 0 0
326 T 351 3812 4129 0 0
326 T 1615 4107 1223 0 0
326 T 4107 3811 351 0 0
326 T 3894 695 4353 0 0
326 T 4355 3549 2312 0 0
326 T 2366 3487 4321 0 0
326 T 4323 696 3916 0 0
326 T 3851 3423 4137 0 0
326 T 4115 3416 3844 0 0
326 T 2314 3270 4350 0 0
326 T 4348 2844 1224 0 0
326 T 1171 2746 4318 0 0
326 T 4316 3273 2364 0 0
326 T 4041 85 3711 0 0
326 T 3773 83 3979 0 0
326 T 958 2706 3825 0 0
326 T 3848 2704 4118 0 0
326 T 4140 2707 3847 0 0
326 T 2043 1 2120 0 -1
326 T 4235 3980 1988 0 0
326 T 2070 4046 4228 0 0
326 T 3896 3041 3923 0 0
326 T 3655 2505 2156 0 0
326 T 2246 2571 3625 0 0
326 T 2423 2676 1988 0 0
326 T 1990 4254 1364 0 0
326 T 2189 4252 2676 0 0
326 T 1295 4257 2068 0 0
326 T 2070 2618 2416 0 0
326 T 2618 4259 2279 0 0
326 T 2237 1773 4180 0 0
326 T 4182 3615 3628 0 0
326 T 3658 3615 4200 0 0
326 T 4202 1778 2151 0 0
326 T 3102 3260 4361 0 0
326 T 4363 2762 3898 0 0
326 T 3920 2860 4329 0 0
326 T 4331 3234 3176 0 0
326 T 4001 3901 3987 0 0
326 T 3985 1309 3667 0 0
326 T 3637 1383 4051 0 0
326 T 4049 3879 3939 0 0
326 T 1484 1535 4311 0 0
326 T 1424 141 1486 1 0
326 T 4340 1629 1426 0 0
326 T 4309 0 4342 0 0
326 T 1554 4305 1649 0 0
326 T 3075 4307 3148 0 0
326 T 3283 603 4104 0 0
326 T 1222 213 3281 0 0
326 T 3278 218 1165 0 0
326 T 4130 603 3276 0 0
326 T 1622 995 4370 0 0
326 T 4368 3319 1570 0 0
326 T 1664 3312 4338 0 0
326 T 4336 992 1716 0 0
326 T 2450 3283 2572 0 0
326 T 2634 3276 2512 0 0
326 T 1146 3733 1525 0 0
326 T 424 1840 3733 0 0
326 T 1467 3799 1065 0 0
326 T 3799 1847 431 0 0
326 T 20 4044 4324 0 0
326 T 3236 2585 21 0 0
326 T 4326 370 3238 0 0
326 T 19 2647 3210 0 0
326 T 3208 365 4356 0 0
326 T 4358 3982 18 0 0
326 T 4383 1051 3968 -1 0
326 T 4035 1129 4381 0 0
326 T 3970 3372 4033 0 0
326 T 1366 4203 4233 0 0
326 T 4230 4181 1293 0 0
326 T 1994 329 4025 0 0
326 T 4027 2442 697 0 0
326 T 694 2437 3961 0 0
326 T 3963 326 2072 0 0
326 T 4013 389 4184 0 0
326 T 4206 394 3951 0 0
326 T 3856 3864 3869 0 0
326 T 3874 3863 3855 0 0
326 T 659 4250 2052 0 0
326 T 2982 4248 2832 0 0
326 T 1975 4245 652 0 0
326 T 2734 4247 2924 0 0
326 T 1137 3717 4526 0 0
326 T 4524 2704 3199 0 0
326 T 3121 2707 4482 0 0
326 T 4480 3783 1058 0 0
326 T 4483 2121 3848 0 0
326 T 2040 4526 3846 0 0
326 T 3655 562 4171 0 0
326 T 4189 565 3625 0 0
326 T 2762 2259 4037 0 0
326 T 4039 4041 4033 0 0
326 T 3971 3979 3973 0 0
326 T 3975 2169 2860 0 0
326 T 3718 3845 4365 0 0
326 T 4367 2043 1136 0 0
326 T 1059 2121 4333 0 0
326 T 4335 3850 3780 0 0
326 T 4196 3032 2622 0 0
326 T 2680 3039 4178 0 0
326 T 1642 4387 3948 0 0
326 T 2621 1458 4387 0 0
326 T 4014 4388 1545 0 0
326 T 4388 1516 2683 0 0
326 T 3674 4676 1212 0 0
326 T 1903 4678 3228 0 0
326 T 1159 4675 3736 0 0
326 T 3258 4673 1896 0 0
326 T 4602 221 4321 0 0
326 T 2366 3307 4600 0 0
326 T 4606 3309 2313 0 0
326 T 4354 220 4604 0 0
326 T 1779 1197 4225 0 0
326 T 4227 2021 3684 0 0
326 T 4222 1254 1772 0 0
326 T 3750 2103 4220 0 0
326 T 4555 2775 3905 0 0
326 T 3062 2794 4553 0 0
326 T 2875 4550 3883 0 0
326 T 3136 4548 2894 0 0
326 T 1284 4609 3634 0 0
326 T 2231 3051 4609 0 0
326 T 3660 4614 1359 0 0
326 T 4614 3044 2141 0 0
326 T 3671 4211 2839 0 0
326 T 1412 4209 860 0 0
326 T 2737 4212 3641 0 0
326 T 867 4214 1475 0 0
326 T 4315 320 4344 0 0
326 T 3230 4651 1675 0 0
326 T 3807 4649 2740 0 0
326 T 1577 4652 3256 0 0
326 T 2842 4654 3800 0 0
326 T 143 4464 4509 0 0
326 T 4511 3421 928 0 0
326 T 930 3419 4464 0 0
326 T 3823 344 4025 0 0
326 T 3963 343 3816 0 0
326 T 3783 4476 901 0 0
326 T 4476 730 3150 0 0
326 T 906 4522 3717 0 0
326 T 3072 725 4522 0 0
326 T 3603 4695 2574 0 0
326 T 3688 1743 4695 0 0
326 T 2632 4685 3596 0 0
326 T 4685 1736 3754 0 0
326 T 930 4302 2744 0 0
326 T 4318 4592 928 0 0
326 T 4592 1169 4302 0 0
326 T 931 4599 4348 0 0
326 T 2846 4297 929 0 0
326 T 4297 1226 4599 0 0
326 T 3230 4154 4082 0 0
326 T 2852 4152 4649 0 0
326 T 4068 4149 3256 0 0
326 T 4654 4151 2754 0 0
326 T 4635 1507 3333 0 0
326 T 4031 2403 4633 0 0
326 T 3330 1445 4628 0 0
326 T 4630 2349 3965 0 0
326 T 2510 4291 2444 0 0
326 T 2267 4271 3933 0 0
326 T 4057 4269 3129 0 0
326 T 3930 4272 2177 0 0
326 T 3207 4274 3995 0 0
326 T 3089 4636 3166 0 0
326 T 2407 4215 4011 0 0
326 T 3945 4208 2353 0 0
326 T 3982 4254 4201 0 0
326 T 4183 4257 4044 0 0
326 T 3041 1493 1432 0 0
326 T 2014 4493 4517 0 0
326 T 2950 234 2012 0 0
326 T 4519 4292 2948 0 0
326 T 234 4294 4493 0 0
326 T 2094 234 3004 0 0
326 T 3006 4292 4473 0 0
326 T 4475 4539 2092 0 0
326 T 4539 4294 234 0 0
326 T 3335 3373 3329 0 0
326 T 2256 4644 4362 0 0
326 T 4036 3897 4644 0 0
326 T 4328 4643 2170 0 0
326 T 4643 3923 3974 0 0
326 T 3985 4406 3147 0 0
326 T 4406 1309 1088 0 0
326 T 3069 4432 4051 0 0
326 T 1011 1383 4432 0 0
326 T 2991 3963 4712 0 0
326 T 4714 692 4193 0 0
326 T 4175 699 4736 0 0
326 T 4738 4025 2933 0 0
326 T 3239 4659 3805 0 0
326 T 2869 4657 4327 0 0
326 T 3802 4659 3209 0 0
326 T 4357 4657 2771 0 0
326 T 224 4628 4741 0 0
326 T 4743 2349 3821 0 0
326 T 3818 2403 4717 0 0
326 T 4719 4635 224 0 0
326 T 3151 4283 3925 0 0
326 T 3186 4281 4477 0 0
326 T 3926 4284 3073 0 0
326 T 4523 4286 3108 0 0
326 T 2753 1772 4697 0 0
326 T 4699 4183 21 0 0
326 T 19 4201 4689 0 0
326 T 4691 1779 2855 0 0
326 T 3145 928 4488 0 0
326 T 4490 4302 2293 0 0
326 T 2207 4297 4532 0 0
326 T 4534 931 3071 0 0
326 T 3690 4679 4153 0 0
326 T 4150 4672 3752 0 0
326 T 4377 1084 1568 0 0
326 T 1666 1007 4374 0 0
326 T 567 3234 4400 0 0
326 T 4587 4329 565 0 0
326 T 4402 3178 4585 0 0
326 T 562 4363 4580 0 0
326 T 4582 3100 4428 0 0
326 T 4430 3260 560 0 0
326 T 4215 4506 494 0 0
326 T 4506 3642 364 0 0
326 T 494 4460 4208 0 0
326 T 371 3668 4460 0 0
326 T 3686 3818 4712 0 0
326 T 4738 3821 3748 0 0
326 T 2154 4451 3480 0 0
326 T 521 4449 3020 0 0
326 T 3546 4421 2240 0 0
326 T 2966 4423 521 0 0
326 T 3267 4602 4316 0 0
326 T 4350 4605 3264 0 0
326 T 68 4713 4353 0 0
326 T 4323 4739 66 0 0
326 T 4367 4266 1132 0 0
326 T 1153 4264 2041 0 0
326 T 4261 1072 2123 0 0
326 T 4333 1053 4263 0 0
326 T 2423 4368 4708 0 0
326 T 4439 995 2421 0 0
326 T 4710 1620 4437 0 0
326 T 2418 992 4409 0 0
326 T 4411 1718 4732 0 0
326 T 4734 4338 2416 0 0
326 T 3851 4750 3785 0 0
326 T 3421 2024 4750 0 0
326 T 3723 4724 3844 0 0
326 T 4724 2106 3418 0 0
326 T 551 3682 4545 0 0
326 T 4547 4708 1084 0 0
326 T 3865 4710 3682 0 0
326 T 4542 3744 544 0 0
326 T 1007 4734 4540 0 0
326 T 3744 4732 3862 0 0
326 T 4695 4679 2728 0 0
326 T 2830 4672 4685 0 0
326 T 4759 2101 3821 0 0
326 T 4743 168 4757 0 0
326 T 3818 2023 4752 0 0
326 T 4754 168 4717 0 0
326 T 4571 2043 2732 0 0
326 T 1474 4264 4569 0 0
326 T 4566 4263 1413 0 0
326 T 2834 2121 4564 0 0
326 T 3482 3858 4412 0 0
326 T 4414 3864 245 0 0
326 T 242 3863 4440 0 0
326 T 4442 3853 3544 0 0
326 T 4287 4306 4281 0 0
326 T 2267 4286 3984 0 0
326 T 3986 4279 3933 0 0
326 T 4279 4284 4269 0 0
326 T 3930 4279 4048 0 0
326 T 4050 4281 2177 0 0
326 T 4274 4283 4279 0 0
326 T 4539 4494 1955 -1 0
326 T 4290 4295 4292 0 0
326 T 1346 3205 4704 0 0
326 T 4706 4274 1472 0 0
326 T 1415 4269 4728 0 0
326 T 4730 3131 1273 0 0
326 T 4414 4167 1228 0 0
326 T 1068 4165 3866 0 0
326 T 4167 1149 3861 0 0
326 T 4440 1173 4165 0 0
326 T 4248 148 4246 0 0
326 T 4563 2465 1344 0 0
326 T 4007 258 4561 0 0
326 T 4558 253 3941 0 0
326 T 1275 2531 4556 0 0
326 T 4217 4221 4225 0 0
326 T 3778 4650 4691 0 0
326 T 4697 4653 3712 0 0
326 T 1218 4513 1344 0 0
326 T 3319 1400 4513 0 0
326 T 1160 1272 4468 0 0
326 T 4470 1331 3313 0 0
326 T 4509 1088 4784 0 0
326 T 4823 1010 4466 0 0
326 T 4786 323 4821 0 0
326 T 4571 4819 2924 0 0
326 T 2041 4247 4819 0 0
326 T 2982 4781 4564 0 0
326 T 4781 4248 2123 0 0
326 T 1149 4619 3747 0 0
326 T 2221 2065 4619 0 0
326 T 3681 4620 1070 0 0
326 T 4620 1987 2135 0 0
326 T 4358 4254 4689 0 0
326 T 4324 4697 4259 0 0
326 T 1568 4499 2730 0 0
326 T 2942 1735 4499 0 0
326 T 2828 4453 1666 0 0
326 T 4453 1728 2996 0 0
326 T 4406 4664 4509 0 0
326 T 4784 4666 1311 0 0
326 T 4467 4663 4432 0 0
326 T 1381 4661 4822 0 0
326 T 4700 4268 2293 0 0
326 T 4490 4262 4702 0 0
326 T 4262 4302 4268 0 0
326 T 4702 4265 4532 0 0
326 T 2207 4275 4700 0 0
326 T 4275 4297 4265 0 0
326 T 224 1488 1232 0 0
326 T 1234 4834 4741 0 0
326 T 4630 4832 1488 0 0
326 T 1179 1430 224 0 0
326 T 4719 4837 1177 0 0
326 T 1430 4839 4633 0 0
326 T 1434 4474 3972 0 0
326 T 3974 4850 2723 0 0
326 T 2509 4848 4474 0 0
326 T 2821 4840 4036 0 0
326 T 4038 4516 1492 0 0
326 T 4516 4842 2446 0 0
326 T 4706 4296 4569 0 0
326 T 4566 4303 4728 0 0
326 T 4635 151 4629 0 0
326 T 4583 1309 4345 0 0
326 T 4587 4668 4581 0 0
326 T 4314 1382 4585 0 0
326 T 4571 4598 4561 0 0
326 T 4007 4824 4569 0 0
326 T 4824 258 4598 0 0
326 T 4566 4790 3941 0 0
326 T 4558 4593 4564 0 0
326 T 4593 253 4790 0 0
326 T 4731 1171 4557 0 0
326 T 1226 4707 4562 0 0
326 T 4555 3045 4760 0 0
326 T 4547 4613 4553 0 0
326 T 4762 2142 4545 0 0
326 T 4550 4610 4540 0 0
326 T 4542 2228 4796 0 0
326 T 4798 3050 4548 0 0
326 T 4381 2723 4878 0 0
326 T 4876 0 4859 0 0
326 T 4857 2820 4383 0 0
326 T 3907 4777 625 0 0
326 T 3943 4779 2980 0 0
326 T 622 4815 3881 0 0
326 T 2926 4813 4005 0 0
326 T 4623 4164 4708 0 0
326 T 4734 4164 4616 0 0
326 T 2774 3660 4772 0 0
326 T 4774 1130 3708 0 0
326 T 3774 1049 4808 0 0
326 T 4810 3634 2872 0 0
326 T 2295 4873 4265 0 0
326 T 4873 906 4366 0 0
326 T 4333 900 4894 0 0
326 T 4892 2206 4263 0 0
326 T 897 4416 4445 0 0
326 T 2099 2018 899 -1 0
326 T 4447 4934 2097 -1 0
326 T 2018 4932 4416 0 0
326 T 4406 2268 4948 0 0
326 T 4950 2026 4509 0 0
326 T 4666 2024 2268 0 0
326 T 4467 2104 4941 0 0
326 T 4943 2182 4432 0 0
326 T 2182 2106 4661 0 0
326 T 3267 4625 928 0 0
326 T 4600 4592 4625 0 0
326 T 4626 4599 4607 0 0
326 T 4667 4663 4671 1 0
326 T 2027 4395 2104 0 0
326 T 4950 4748 928 0 0
326 T 931 4726 4941 0 0
326 T 4647 4643 4639 -1 0
326 T 3167 90 4645 0 0
326 T 90 3090 4643 1 0
326 T 4516 4638 4475 0 0
326 T 2510 4294 4920 0 0
326 T 4922 4295 2444 0 0
326 T 4431 4395 4400 0 0
326 T 4402 2106 4924 0 0
326 T 4926 2025 4429 0 0
326 T 3603 4962 3805 0 0
326 T 3239 1237 3601 0 0
326 T 1237 4659 4962 0 0
326 T 3598 1182 3209 0 0
326 T 3802 4969 3596 0 0
326 T 4969 4659 1182 0 0
326 T 3482 4794 1228 0 0
326 T 4794 3858 4165 0 0
326 T 1175 4828 3544 0 0
326 T 4165 3853 4828 0 0
326 T 4960 4649 1623 0 0
326 T 1717 4654 4971 0 0
326 T 4406 5013 928 0 0
326 T 5013 2268 4750 0 0
326 T 931 4986 4432 0 0
326 T 4724 2182 4986 0 0
326 T 2134 4164 4944 0 0
326 T 4946 4710 1984 0 0
326 T 2066 4732 4952 0 0
326 T 4954 4164 2220 0 0
326 T 1234 4870 4757 0 0
326 T 4870 4834 170 0 0
326 T 4754 4888 1177 0 0
326 T 170 4837 4888 0 0
326 T 4831 4420 1620 0 0
326 T 1718 4450 4793 0 0
326 T 4547 2421 4964 0 0
326 T 4966 4368 1084 0 0
326 T 1007 4338 4957 0 0
326 T 4959 2418 4540 0 0
326 T 4368 1400 4996 0 0
326 T 4998 4515 1570 0 0
326 T 1664 4469 5024 0 0
326 T 5026 1330 4338 0 0
326 T 4762 1402 4964 0 0
326 T 4959 1328 4796 0 0
326 T 1084 4760 4996 0 0
326 T 5026 4798 1007 0 0
326 T 4762 4515 4377 0 0
326 T 4374 4469 4796 0 0
326 T 4048 5124 3987 0 0
326 T 3468 124 4342 0 0
326 T 4309 123 3535 0 0
326 T 5065 4760 1344 0 0
326 T 1275 4798 5063 0 0
326 T 3848 4477 4894 0 0
326 T 4872 4523 3847 0 0
326 T 1358 4775 5072 0 0
326 T 5074 2773 4613 0 0
326 T 4610 2875 5069 0 0
326 T 5071 4809 1285 0 0
326 T 4164 1716 5041 0 0
326 T 5043 4450 3857 0 0
326 T 3854 4420 5033 0 0
326 T 5035 1622 4164 0 0
326 T 1114 4574 4171 0 0
326 T 2259 562 4574 0 0
326 T 4189 4577 1033 0 0
326 T 4577 565 2169 0 0
326 T 5123 2616 4324 0 0
326 T 4699 2277 5121 0 0
326 T 5118 2191 4689 0 0
326 T 4358 2678 5116 0 0
326 T 664 4500 2572 0 0
326 T 562 3283 4500 0 0
326 T 2634 4458 664 0 0
326 T 4458 3276 565 0 0
326 T 4543 5068 3880 0 0
326 T 3882 4417 545 0 0
326 T 4417 5070 3747 0 0
326 T 4545 3905 5072 0 0
326 T 5074 4444 3680 0 0
326 T 551 4446 3905 0 0
326 T 4911 4439 1984 0 0
326 T 4946 1620 4909 0 0
326 T 4906 1718 4952 0 0
326 T 2066 4409 4904 0 0
326 T 4858 878 4877 0 0
326 T 4532 4268 4875 0 0
326 T 4893 4275 4490 0 0
326 T 962 168 2097 0 0
326 T 2099 4868 4780 0 0
326 T 4782 4834 960 0 0
326 T 963 4837 4816 0 0
326 T 2019 168 961 0 0
326 T 4818 4890 2017 0 0
326 T 4851 3004 4920 0 0
326 T 4923 2950 4841 0 0
326 T 4077 4767 366 0 0
326 T 4767 2361 3473 0 0
326 T 369 4801 4067 0 0
326 T 3539 2311 4801 0 0
326 T 2134 5033 4909 0 0
326 T 4906 5043 2220 0 0
326 T 3768 4656 5123 0 0
326 T 5116 4656 3706 0 0
326 T 4851 896 4840 0 0
326 T 3006 2951 896 -1 0
326 T 4963 826 5116 0 0
326 T 5123 829 4968 0 0
326 T 3915 4420 4909 0 0
326 T 4448 3891 4906 0 0
326 T 5121 4653 4072 0 0
326 T 4086 4650 5118 0 0
326 T 4739 4756 4221 0 0
326 T 4753 4715 4226 0 0
326 T 451 4978 4551 0 0
326 T 4552 5005 444 0 0
326 T 3985 5013 4488 0 0
326 T 4534 4986 4051 0 0
326 T 3851 5058 3185 0 0
326 T 4748 3428 5058 0 0
326 T 3111 5048 3844 0 0
326 T 5048 3427 4726 0 0
326 T 4039 4885 4381 0 0
326 T 4885 4041 1131 0 0
326 T 4382 4867 3973 1 0
326 T 1048 3979 4867 0 0
326 T 4903 4692 1212 0 0
326 T 3674 2731 4901 0 0
326 T 4898 2829 3736 0 0
326 T 1159 4686 4896 0 0
326 T 3851 4490 5184 0 0
326 T 5186 4278 3185 0 0
326 T 5056 4276 4490 0 0
326 T 3111 4278 5188 0 0
326 T 5190 4532 3844 0 0
326 T 4532 4276 5050 0 0
326 T 3907 2096 5000 0 0
326 T 5002 5140 625 0 0
326 T 5140 2098 4779 0 0
326 T 622 5139 4973 0 0
326 T 4975 2018 3881 0 0
326 T 4813 2016 5139 0 0
326 T 551 4935 5000 1 0
326 T 4975 4932 544 0 0
326 T 4933 5140 3583 -1 0
326 T 3517 5139 4934 0 0
326 T 1815 5038 4645 0 0
326 T 1309 90 5038 0 0
326 T 4642 5029 1808 0 0
326 T 5029 90 1383 -1 0
326 T 4355 1176 5181 0 0
326 T 5183 943 4605 0 0
326 T 943 1178 223 0 0
326 T 4602 940 5173 0 0
326 T 5175 1235 4321 0 0
326 T 223 1233 940 0 0
326 T 5186 4273 4476 0 0
326 T 4522 4270 5188 0 0
326 T 922 4589 609 0 0
326 T 3728 4591 2590 0 0
326 T 2648 4588 3794 0 0
326 T 5006 3591 4760 0 0
326 T 4976 4797 3526 0 0
326 T 5048 3931 4986 0 0
326 T 5013 3932 5058 0 0
326 T 1430 1 1489 -1 0
326 T 4789 4778 4782 0 0
326 T 4815 4824 4817 0 0
326 T 3611 4463 4802 0 0
326 T 4764 4505 3604 0 0
326 T 4587 4642 4577 0 0
326 T 4574 4645 4580 0 0
326 T 3505 172 4053 0 0
326 T 4055 1147 1517 0 0
326 T 1459 1064 3989 0 0
326 T 3991 179 3571 0 0
326 T 5183 98 4597 0 0
326 T 4626 99 941 0 0
326 T 4594 98 5173 0 0
326 T 5143 14 5208 0 0
326 T 5210 3449 4932 0 0
326 T 5214 14 5136 -1 0
326 T 4935 3446 5212 0 0
326 T 4572 5193 1813 0 0
326 T 1810 5202 4579 0 0
326 T 4885 85 4775 0 0
326 T 4809 83 4867 0 0
326 T 3283 3262 5168 0 0
326 T 5170 1520 4104 0 0
326 T 4130 1462 5176 0 0
326 T 5178 3232 3276 0 0
326 T 1382 129 5029 0 0
326 T 5039 127 1309 0 0
326 T 5210 3443 5213 0 0
326 T 5139 4824 4889 0 0
326 T 4870 4791 5141 0 0
326 T 5170 5102 350 0 0
326 T 5102 1520 3808 0 0
326 T 1461 5106 3814 0 0
326 T 5106 5179 351 0 0
326 T 4227 5212 5044 0 0
326 T 5010 5138 4225 0 0
326 T 4222 5141 4981 0 0
326 T 5054 5210 4220 0 0
326 T 1570 1934 4720 0 0
326 T 4722 4747 195 -1 0
326 T 4747 1935 1665 0 0
326 T 2590 3386 4881 0 0
326 T 4883 512 4589 0 0
326 T 4590 519 4861 0 0
326 T 4863 3389 2648 0 0
326 T 2310 3460 4805 0 0
326 T 4807 605 3813 0 0
326 T 3810 605 4769 0 0
326 T 4771 3467 2360 0 0
326 T 4499 198 4844 0 0
326 T 4846 3764 1733 0 0
326 T 1730 3702 4852 0 0
326 T 4854 198 4453 0 0
326 T 4587 5029 5200 0 0
326 T 5195 5038 4580 0 0
326 T 4594 5174 120 0 0
326 T 5182 4599 119 0 0
326 T 4857 4841 4887 0 0
326 T 4865 4851 4879 0 0
326 T 4722 4931 198 0 0
326 T 4931 4747 199 -1 0
326 T 491 5114 4801 0 0
326 T 3379 2311 5114 0 0
326 T 4767 5109 484 0 0
326 T 5109 2361 3380 0 0
326 T 5180 68 5250 0 0
326 T 5248 4712 1179 0 0
326 T 1232 4738 5258 0 0
326 T 5256 66 5174 0 0
326 T 2050 572 4425 0 0
326 T 4427 1932 2728 0 0
326 T 2830 1932 4397 0 0
326 T 4399 571 1969 0 0
326 T 4220 5256 4868 0 0
326 T 4890 5250 4227 0 0
326 T 5251 4598 5206 0 0
326 T 5196 4593 5257 0 0
326 T 5250 4827 5008 0 0
326 T 4983 4789 5256 0 0
326 T 1482 5230 4802 0 0
326 T 4461 5228 2339 0 0
326 T 4764 5225 1421 0 0
326 T 2389 5227 4507 0 0
326 T 1570 3762 198 0 0
326 T 3762 1934 4929 0 0
326 T 198 3696 1664 0 0
326 T 4930 1934 3696 1 0
326 T 259 5130 4881 0 0
326 T 2115 3386 5130 0 0
326 T 4863 5133 252 0 0
326 T 5133 3389 2033 0 0
326 T 4807 2115 5105 0 0
326 T 5102 2033 4769 0 0
326 T 5115 3384 4805 0 0
326 T 4771 3391 5108 0 0
326 T 1216 4460 5252 0 0
326 T 5254 4210 2642 0 0
326 T 2580 4213 5260 0 0
326 T 5262 4506 1163 0 0
326 T 5235 936 4589 0 0
326 T 4883 2375 5233 0 0
326 T 5234 2321 4861 0 0
326 T 4215 5243 1476 0 0
326 T 5260 224 5243 0 0
326 T 1419 5236 4208 0 0
326 T 5236 224 5254 0 0
326 T 3760 4846 2730 0 0
326 T 2828 4852 3698 0 0
326 T 4926 4993 561 0 0
326 T 4993 2025 3263 0 0
326 T 4925 564 5021 -1 0
326 T 5023 3235 2105 0 0
326 T 2388 5314 5262 0 0
326 T 5224 1161 5314 0 0
326 T 5252 5317 2338 0 0
326 T 5317 1218 5231 0 0
326 T 2474 3399 3496 0 0
326 T 1507 3397 173 0 0
326 T 4052 60 3399 0 0
326 T 176 1445 3394 0 0
326 T 3392 60 3990 0 0
326 T 2536 3560 3394 0 0
326 T 5115 5128 5105 0 0
326 T 5102 5135 5108 0 0
326 T 1342 1438 4125 0 0
326 T 4127 1845 641 0 0
326 T 1499 1270 4102 0 0
326 T 4100 637 1841 0 0
326 T 1218 5286 4801 0 0
326 T 5112 5284 1998 0 0
326 T 4767 5276 1161 0 0
326 T 2076 5278 5111 0 0
326 T 259 5282 5233 0 0
326 T 5128 2375 5282 0 0
326 T 5234 5288 252 0 0
326 T 5288 2321 5135 0 0
326 T 1482 5318 5285 0 0
326 T 5279 5313 1421 0 0
326 T 3283 4994 5301 0 0
326 T 5303 2024 5168 0 0
326 T 5298 5020 3276 0 0
326 T 5178 2106 5296 0 0
326 T 4427 4931 4844 0 0
326 T 4930 4399 4854 1 0
326 T 4458 5296 4924 0 0
326 T 4927 5303 4500 0 0
326 T 5243 2390 5328 0 0
326 T 5330 5314 226 0 0
326 T 226 5317 5332 0 0
326 T 5334 2336 5236 0 0
326 T 5107 5322 1480 0 0
326 T 2646 5320 5176 0 0
326 T 1423 5325 5100 0 0
326 T 5170 5327 2584 0 0
326 T 5243 1438 5345 0 0
326 T 5347 7 5328 0 0
326 T 5342 1496 5236 0 0
326 T 5334 7 5340 1 0
326 T 220 5304 5289 0 0
326 T 2078 5132 5304 0 0
326 T 5283 5311 220 0 0
326 T 5311 5131 1996 0 0
326 T 4502 5295 4457 0 0
326 T 5241 5237 5247 -1 0
326 T 5303 5367 2584 0 0
326 T 2026 5327 5367 0 0
326 T 2646 5357 5296 0 0
326 T 5357 5320 2104 0 0
326 T 934 5339 5233 0 0
326 T 5280 5337 1454 0 0
326 T 1512 5338 5290 0 0
326 T 5330 5380 1428 0 0
326 T 1179 5382 5312 0 0
326 T 1490 5379 5332 0 0
326 T 5319 5377 1232 0 0
326 T 5375 1512 5325 0 0
326 T 5367 170 5373 0 0
326 T 5322 1454 5368 0 0
326 T 5370 170 5357 0 0
326 T 5287 5308 5105 0 0
326 T 5102 5307 5277 0 0
326 T 5347 5397 1428 0 0
326 T 6 5380 5397 0 0
326 T 1490 5395 5340 0 0
326 T 5395 5379 6 0 0
326 T 3915 5090 1984 0 0
326 T 4437 5088 4422 0 0
326 T 2066 5077 3889 0 0
326 T 4448 5079 4411 0 0
326 T 220 5353 5337 0 0
326 T 5306 1515 5353 0 0
326 T 5338 5363 220 0 0
326 T 5363 1453 5309 0 0
326 T 5320 5318 5310 0 0
326 T 5305 5313 5327 0 0
326 T 5343 5349 5345 0 0
326 T 942 5391 5337 0 0
326 T 5355 5389 1177 0 0
326 T 1234 5390 5361 0 0
326 T 3236 5300 5400 0 0
326 T 5402 5366 21 0 0
326 T 19 5356 5404 0 0
326 T 5406 5299 3210 0 0
326 T 207 1438 3843 0 0
326 T 3841 4127 887 0 0
326 T 201 3839 1499 0 0
326 T 881 4100 3839 0 0
326 T 5292 5296 5300 0 0
326 T 3498 2800 3837 0 0
326 T 2901 3563 3843 0 0
326 T 5367 1204 5413 0 0
326 T 5415 987 5373 0 0
326 T 987 1206 168 0 0
326 T 5370 984 5409 0 0
326 T 5411 1262 5357 0 0
326 T 168 1260 984 0 0
326 T 5363 5371 5317 0 0
326 T 5314 5372 5353 0 0
326 T 5367 5423 5082 0 0
326 T 107 5380 5413 0 0
326 T 1206 5399 5423 0 0
326 T 5411 5379 108 0 0
326 T 5092 5417 5357 0 0
326 T 5417 5393 1260 0 0
326 T 5379 5390 5369 0 0
326 T 5374 5389 5380 0 0
326 T 5401 5350 5406 0 0
326 T 5403 5423 115 0 0
326 T 111 5417 5405 0 0
326 T 5415 135 5381 0 0
326 T 135 987 5390 0 0
326 T 5378 135 5409 0 0
326 T 5145 4340 317 0 0
326 T 5158 313 4309 0 0
326 T 1206 1 1261 -1 0
326 T 5416 5349 5423 0 0
326 T 1527 4530 2286 0 0
326 T 312 4528 3521 0 0
326 T 2196 4484 1465 0 0
326 T 3587 4486 319 0 0
326 T 3843 5152 2537 0 0
326 T 2901 3393 5152 0 0
326 T 2475 5166 3836 0 0
326 T 5166 3398 2803 0 0
326 T 101 1532 3132 0 0
326 T 103 3056 1629 0 0
326 T 4127 429 5148 0 0
326 T 5150 3797 641 0 0
326 T 3733 5162 638 0 0
326 T 5162 426 4101 0 0
326 T 4919 3990 2903 0 0
326 T 2198 1065 4917 0 0
326 T 4914 1146 2284 0 0
326 T 2801 4052 4912 0 0
326 T 1630 4236 5144 0 0
326 T 1427 318 4236 0 0
326 T 5158 4243 1533 0 0
326 T 4243 313 1484 0 0
326 T 4531 1799 4243 0 0
326 T 4237 1793 4484 0 0
326 T 5086 427 3839 0 0
326 T 3843 5097 429 0 0
326 T 4486 3799 4917 0 0
326 T 4914 3733 4528 0 0
326 T 643 4486 5273 0 0
326 T 5275 4239 3056 0 0
326 T 3134 4240 5269 0 0
326 T 5271 4528 636 0 0
326 T 3991 132 3392 0 0
326 T 3398 130 4052 0 0
326 T 2099 4936 2948 -1 0
326 T 3007 4938 2016 0 0
326 T 5425 5427 5425 1 0
326 T 5090 522 5221 0 0
326 T 5223 2965 4437 0 0
326 T 4411 3023 5217 0 0
326 T 5219 522 5077 0 0
326 T 5442 5440 5442 1 0
326 T 2099 5016 2012 0 0
326 T 4938 234 5016 1 0
326 T 2094 4991 2017 0 0
326 T 232 4939 4991 0 0
326 T 5455 5453 5455 -1 0
326 T 5459 5457 5459 -1 0
326 U 104 1 1 0 0
326 U 1 1 1 0 0
326 U 2 2 3 0 0
326 U 33 3 2 0 0
326 U 1469 3 3 0 0
326 U 8 3 2 1 0
326 U 45 2 3 0 0
326 U 3 4 5 0 0
326 U 1530 4 4 0 0
326 U 34 5 4 0 0
326 U 38 5 4 0 0
326 U 8 4 5 0 0
326 U 1385 6 8 0 0
326 U 1194 9 6 0 0
326 U 5 8 9 0 0
326 U 2184 6 6 0 0
326 U 175 9 6 0 0
326 U 12 7 6 1 0
326 U 51 6 7 0 0
326 U 41 9 8 0 0
326 U 177 10 13 0 0
326 U 2275 10 10 0 0
326 U 1250 13 10 0 0
326 U 49 11 10 0 0
326 U 13 10 11 0 0
326 U 1314 12 10 0 0
326 U 4 13 12 0 0
326 U 47 12 13 0 0
326 U 7 14 15 0 0
326 U 107 15 14 0 0
326 U 5081 15 15 0 0
326 U 20 15 14 0 0
326 U 114 14 15 0 0
326 U 7 16 17 -1 0
326 U 5095 16 16 0 0
326 U 108 17 16 0 0
326 U 111 17 16 0 0
326 U 19 16 17 0 0
326 U 3072 18 23 0 0
326 U 28 19 18 1 0
326 U 1650 23 19 0 0
326 U 53 19 18 0 0
326 U 242 22 19 0 0
326 U 1655 21 18 0 0
326 U 1451 23 21 0 0
326 U 904 21 23 0 0
326 U 11 20 21 0 0
326 U 1695 23 20 0 0
326 U 79 21 20 0 0
326 U 29 24 25 0 0
326 U 3151 29 24 0 0
326 U 1553 25 29 0 0
326 U 1558 27 24 0 0
326 U 902 29 27 0 0
326 U 247 29 24 0 0
326 U 1508 27 29 0 0
326 U 55 25 24 0 0
326 U 1596 26 29 0 0
326 U 10 27 26 0 0
326 U 80 27 26 0 0
326 U 5053 30 33 0 0
326 U 4982 32 30 0 0
326 U 14 33 32 0 0
326 U 5196 30 30 0 0
326 U 255 32 30 0 0
326 U 66 31 30 0 0
326 U 121 30 31 0 0
326 U 112 32 33 0 0
326 U 257 34 36 0 0
326 U 5207 34 34 0 0
326 U 5010 36 34 0 0
326 U 119 35 34 0 0
326 U 69 34 35 0 0
326 U 5046 37 34 0 0
326 U 15 36 37 -1 0
326 U 116 37 36 0 0
326 U 1164 38 42 0 0
326 U 267 45 38 0 0
326 U 2553 42 45 0 0
326 U 2527 41 38 0 0
326 U 1191 45 41 0 0
326 U 1170 46 38 0 0
326 U 304 41 46 0 0
326 U 275 41 38 0 0
326 U 2546 46 41 0 0
326 U 2523 45 38 0 0
326 U 339 45 42 0 0
326 U 1186 46 40 0 0
326 U 16 47 46 0 0
326 U 73 46 47 0 0
326 U 37 43 42 0 0
326 U 3115 45 43 0 0
326 U 76 43 42 0 0
326 U 1224 48 56 0 0
326 U 2462 51 48 0 0
326 U 310 56 51 0 0
326 U 271 55 48 0 0
326 U 1245 51 55 0 0
326 U 1222 52 48 0 0
326 U 2490 55 52 0 0
326 U 2458 55 48 0 0
326 U 333 52 55 0 0
326 U 279 51 48 0 0
326 U 2481 51 56 0 0
326 U 1240 50 56 0 0
326 U 17 56 57 0 0
326 U 71 57 56 0 0
326 U 76 53 52 1 0
326 U 3190 55 53 0 0
326 U 42 53 52 0 0
326 U 3884 58 65 0 0
326 U 383 63 58 0 0
326 U 1607 65 63 0 0
326 U 2363 67 58 0 0
326 U 1601 63 67 0 0
326 U 1546 69 58 0 0
326 U 476 67 69 0 0
326 U 391 68 58 0 0
326 U 64 69 68 0 0
326 U 2359 64 58 0 0
326 U 1618 68 64 0 0
326 U 93 64 65 0 0
326 U 2385 60 68 0 0
326 U 1574 66 60 0 0
326 U 415 63 60 0 0
326 U 2398 66 63 0 0
326 U 2383 65 60 0 0
326 U 57 61 60 0 0
326 U 422 65 61 0 0
326 U 22 67 66 0 0
326 U 385 70 75 0 0
326 U 3911 77 70 0 0
326 U 1700 75 77 0 0
326 U 2306 76 70 0 0
326 U 92 77 76 1 0
326 U 395 80 70 0 0
326 U 1713 76 80 0 0
326 U 1642 81 70 0 0
326 U 62 80 81 0 0
326 U 2310 79 70 0 0
326 U 474 81 79 0 0
326 U 1698 79 75 0 0
326 U 1669 72 78 0 0
326 U 2334 80 72 0 0
326 U 419 76 72 0 0
326 U 58 73 72 0 0
326 U 2331 76 73 0 0
326 U 411 75 72 0 0
326 U 2345 75 78 0 0
326 U 23 78 79 0 0
326 U 95 82 83 -1 0
326 U 4347 86 82 0 0
326 U 2129 83 86 0 0
326 U 5194 87 82 0 0
326 U 126 86 87 0 0
326 U 4170 85 82 0 0
326 U 2378 87 85 0 0
326 U 531 89 82 0 0
326 U 2157 85 89 0 0
326 U 4187 89 87 0 0
326 U 4176 84 89 0 0
326 U 24 85 84 0 0
326 U 4389 86 89 0 0
326 U 65 88 89 0 0
326 U 95 90 91 0 0
326 U 2218 95 90 0 0
326 U 4313 91 95 0 0
326 U 535 97 90 0 0
326 U 4204 95 97 0 0
326 U 4191 93 90 0 0
326 U 2246 97 93 0 0
326 U 5202 95 90 0 0
326 U 2325 93 95 0 0
326 U 128 95 94 0 0
326 U 25 92 93 0 0
326 U 4199 97 92 0 0
326 U 4387 97 94 0 0
326 U 63 97 96 0 0
326 U 3060 98 104 0 0
326 U 5065 98 98 0 0
326 U 27 104 105 0 0
326 U 5006 105 98 0 0
326 U 1218 100 98 0 0
326 U 4377 98 100 0 0
326 U 3066 102 98 0 0
326 U 541 100 102 0 0
326 U 3759 102 100 0 0
326 U 88 105 104 0 0
326 U 3082 103 100 0 0
326 U 97 102 103 -1 0
326 U 42 103 102 0 0
326 U 4976 106 113 0 0
326 U 5062 106 106 0 0
326 U 3139 112 106 0 0
326 U 26 113 112 0 0
326 U 4375 108 106 0 0
326 U 1160 106 108 0 0
326 U 3143 110 106 0 0
326 U 3692 108 110 0 0
326 U 539 110 108 0 0
326 U 86 112 113 0 0
326 U 3159 111 108 0 0
326 U 36 110 111 0 0
326 U 96 111 110 0 0
326 U 5268 114 116 0 0
326 U 100 115 114 0 0
326 U 5158 116 115 0 0
326 U 123 115 114 0 0
326 U 882 117 115 0 0
326 U 5163 118 114 0 0
326 U 5084 116 118 0 0
326 U 4915 118 116 0 0
326 U 5165 116 119 0 0
326 U 30 119 118 0 0
326 U 130 118 119 0 0
326 U 103 120 121 0 0
326 U 5275 122 120 0 0
326 U 5145 121 122 0 0
326 U 5150 124 120 0 0
326 U 4917 122 124 0 0
326 U 887 122 120 0 0
326 U 5099 124 122 0 0
326 U 125 121 120 0 0
326 U 5154 125 122 0 0
326 U 31 124 125 -1 0
326 U 132 125 124 0 0
326 Q 137 1590 1 1685 0 0 0 0 0 0
326 Q 974 139 972 137 0 0 0 0 0 0
326 Q 0 1727 0 1727 0 0 0 0 0 0
326 Q 0 1731 144 1733 0 0 0 0 0 0
326 Q 433 1306 1 1376 0 0 0 0 0 0
326 Q 70 483 72 480 0 0 0 0 0 0
326 Q 2726 3443 2825 0 0 0 0 0 0 0
326 Q 195 423 3441 417 0 0 0 0 0 0
326 Q 193 58 194 56 0 0 0 0 0 0
326 Q 137 970 146 968 0 0 0 0 0 0
326 Q 1743 4217 1737 0 0 0 0 0 0 0
326 Q 259 3443 253 4219 0 0 0 0 0 0
326 Q 139 965 148 967 0 0 0 0 0 0
326 Q 143 926 151 924 0 0 0 0 0 0
326 Q 1214 4682 1156 0 0 0 0 0 0 0
326 Q 321 2675 4680 2612 0 0 0 0 0 0
326 Q 4669 50 4670 48 0 0 0 0 0 0
326 Q 897 4811 878 4772 0 0 0 0 0 0
326 Q 149 962 150 960 0 0 0 0 0 0
326 Q 4685 662 4694 4682 0 0 0 0 0 0
326 Q 84 896 83 899 0 0 0 0 0 0
326 Q 3443 113 3440 117 0 0 0 0 0 0
326 Q 321 2354 5247 2405 0 0 0 0 0 0
326 Q 355 4680 354 5245 0 0 0 0 0 0
326 Q 4307 304 5266 310 0 0 0 0 0 0
326 Q 5264 2921 1724 2978 0 0 0 0 0 0
326 Q 580 5126 581 5267 0 0 0 0 0 0
326 Q 5295 3603 4683 3597 0 0 0 0 0 0
326 Q 5349 1182 4680 1236 0 0 0 0 0 0
326 Q 918 152 916 0 0 0 0 0 0 0
326 Q 152 588 5124 586 0 0 0 0 0 0
326 Q 1725 1970 5386 2048 0 0 0 0 0 0
326 Q 578 5265 579 5384 0 0 0 0 0 0
326 Q 4427 5426 4396 1727 0 0 0 0 0 0
326 Q 4929 434 4931 5424 1 0 0 0 0 0
326 Q 5386 574 5426 568 0 0 0 0 0 0
326 Q 5125 3251 155 3220 0 0 0 0 0 0
326 Q 976 155 978 153 0 0 0 0 0 0
326 Q 5125 1190 5429 1244 0 0 0 0 0 0
326 Q 509 155 507 5431 0 0 0 0 0 0
326 Q 3011 5428 2952 5267 0 0 0 0 0 0
326 Q 1442 5435 1501 5267 0 0 0 0 0 0
326 Q 5433 523 5428 522 0 0 0 0 0 0
326 Q 2662 5435 2601 5384 0 0 0 0 0 0
326 Q 5437 503 5434 501 0 0 0 0 1 0
326 Q 2062 5385 1980 5439 0 0 0 0 0 0
326 Q 155 974 157 972 0 0 0 0 0 0
326 Q 3023 157 2964 5431 0 0 0 0 0 0
326 Q 2306 5427 2357 5439 0 0 0 0 0 0
326 Q 5445 5218 5428 5221 0 0 0 0 0 0
326 Q 5090 5433 5076 5447 0 0 0 0 0 0
326 Q 5445 4410 156 4437 0 0 0 0 0 0
326 Q 5445 2419 158 2421 0 0 0 0 0 0
326 Q 158 995 156 993 0 0 0 0 0 0
326 Q 5437 1978 5442 2056 0 0 0 0 0 0
326 Q 3912 5440 3891 5434 0 0 0 0 0 0
326 Q 5441 2067 5447 1984 0 0 0 0 0 0
326 Q 159 2679 5451 2616 0 0 0 0 0 0
326 Q 2070 5449 1989 5444 0 0 0 0 0 0
326 Q 159 990 160 988 0 0 0 0 0 0
326 Q 229 5451 228 160 0 0 0 0 0 0
326 Q 163 958 161 956 0 0 0 0 0 0
326 Q 2014 5450 2093 163 0 0 0 0 0 0
326 Q 5445 1426 5455 1484 0 0 0 0 0 0
326 Q 235 5448 234 5453 0 0 0 0 0 0
326 Q 163 2018 5459 2097 0 0 0 0 0 0
326 Q 962 164 960 163 0 0 0 0 0 0
326 Q 164 170 5457 171 0 0 0 0 0 0
326 Q 5018 5450 4988 5459 0 0 0 0 0 0
326 Q 5457 1263 167 1204 0 0 0 0 0 0
326 Q 987 167 985 164 0 0 0 0 0 0
326 Q 4938 5453 4936 5459 0 0 1 0 1 0
326 Q 166 104 167 105 0 0 0 0 0 0
