0
0 d=201
0
201 A 5 0 0 2 0 -2
201 A 7 0 0 2 0 -2
201 A 10 0 0 3 0 -3
201 A 10 0 5 2 -5 -2
201 A 14 0 0 5 0 -5
201 A 14 0 7 2 -7 -2
201 A 0 1 68 0 -68 0
201 A -2 1 79 1 -79 -1
201 A 2 1 -79 1 79 -1
201 A -3 1 38 1 -38 -1
201 A -3 1 29 0 -29 0
201 A 3 1 29 0 -29 0
201 A 3 1 -38 1 38 -1
201 A -4 1 84 2 -84 -2
201 A 4 1 -84 2 84 -2
201 A -12 1 55 3 -55 -3
201 A 12 1 -55 3 55 -3
201 A 20 0 5 2 -5 -2
201 A 20 0 -5 2 5 -2
201 A -18 1 89 9 -89 -9
201 A 18 1 -89 9 89 -9
201 A 28 0 7 2 -7 -2
201 A 28 0 -7 2 7 -2
201 A 0 2 -200 1 200 -1
201 A 0 2 133 0 -133 0
201 A 0 2 -68 1 68 -1
201 A -4 2 122 1 -122 -1
201 A 4 2 -122 1 122 -1
201 A -6 2 41 0 -41 0
201 A -6 2 29 0 -29 0
201 A 6 2 41 0 -41 0
201 A 6 2 29 0 -29 0
201 A -8 2 88 1 -88 -1
201 A 8 2 -88 1 88 -1
201 A 0 4 -133 2 133 -2
201 A 4 0 0 1 0 1
201 A 4 0 2 1 2 1
201 A 5 0 0 1 0 1
201 A 8 0 0 3 0 3
201 A 8 0 0 1 0 1
201 A 8 0 4 3 4 3
201 A 8 0 4 1 4 1
201 A 10 0 0 1 0 1
201 A 11 0 0 2 0 2
201 A 16 0 0 5 0 5
201 A 16 0 8 5 8 5
201 A 16 0 8 3 8 3
201 A 19 0 0 8 0 8
201 A 20 0 0 9 0 9
201 A 32 0 0 11 0 11
201 A 40 0 0 9 0 9
201 A 55 0 0 9 0 9
201 A 64 0 0 21 0 21
201 A 5 0 2 2 1 -1
201 A 5 0 -2 2 -1 -1
201 A 6 0 2 1 -2 1
201 A 7 0 3 3 -2 2
201 A 7 0 3 2 -3 2
201 A 7 0 -3 3 2 2
201 A 7 0 2 1 -1 -3
201 A 7 0 -2 1 1 -3
201 A 7 0 1 1 1 -1
201 A 7 0 0 3 0 1
201 A 8 0 2 3 -2 -1
201 A 8 0 -2 1 2 -3
201 A 9 0 4 4 -4 4
201 A 9 0 4 2 -4 2
201 A 9 0 4 1 -4 1
201 A 9 0 2 4 1 -2
201 A 9 0 2 2 1 -1
201 A 9 0 2 1 1 4
201 A 9 0 -2 1 -1 4
201 A 9 0 -2 2 -1 -1
201 A 9 0 -2 4 -1 -2
201 A 10 0 4 1 -2 3
201 A 10 0 -4 1 2 3
201 A 11 0 5 5 -5 5
201 A 11 0 5 4 4 -1
201 A 11 0 5 3 -2 -1
201 A 11 0 5 2 -4 -5
201 A 11 0 5 1 1 2
201 A 11 0 -5 1 -1 2
201 A 11 0 -5 2 4 -5
201 A 11 0 -5 3 2 -1
201 A 11 0 -5 4 -4 -1
201 A 11 0 4 4 2 -2
201 A 11 0 4 3 4 -3
201 A 11 0 4 2 3 4
201 A 11 0 -4 2 -3 4
201 A 11 0 -4 4 -2 -2
201 A 11 0 3 5 -2 -4
201 A 11 0 3 3 -1 1
201 A 11 0 3 2 3 -2
201 A 11 0 3 1 -3 1
201 A 11 0 -3 3 1 1
201 A 11 0 -3 5 2 -4
201 A 11 0 2 5 -1 -3
201 A 11 0 2 3 1 4
201 A 11 0 -2 3 -1 4
201 A 11 0 -2 5 1 -3
201 A 11 0 1 5 1 -5
201 A 11 0 0 5 0 3
201 A 11 0 0 4 0 1
201 A 12 0 4 5 -4 5
201 A 12 0 4 1 -4 1
201 A 12 0 2 5 -2 5
201 A 12 0 2 1 -2 1
201 A 12 0 1 2 -1 2
201 A 13 0 6 6 4 -4
201 A 13 0 6 5 5 -2
201 A 13 0 6 4 -3 2
201 A 13 0 6 3 6 -3
201 A 13 0 6 2 -4 -3
201 A 13 0 6 1 -2 -4
201 A 13 0 -6 1 2 -4
201 A 13 0 -6 2 4 -3
201 A 13 0 -6 4 3 2
201 A 13 0 -6 5 -5 -2
201 A 13 0 -6 6 -4 -4
201 A 13 0 5 6 3 -1
201 A 13 0 5 5 -3 3
201 A 13 0 5 4 2 1
201 A 13 0 5 3 -5 3
201 A 13 0 5 1 -1 -5
201 A 13 0 -5 1 1 -5
201 A 13 0 -5 4 -2 1
201 A 13 0 -5 5 3 3
201 A 13 0 -5 6 -3 -1
201 A 13 0 4 6 2 -3
201 A 13 0 4 5 -3 -6
201 A 13 0 4 2 -4 2
201 A 13 0 4 1 1 3
201 A 13 0 -4 1 -1 3
201 A 13 0 -4 5 3 -6
201 A 13 0 -4 6 -2 -3
201 A 13 0 3 5 -1 6
201 A 13 0 3 4 -3 4
201 A 13 0 -3 5 1 6
201 A 13 0 2 6 2 -6
201 A 13 0 2 5 1 4
201 A 13 0 2 2 -1 1
201 A 13 0 -2 2 1 1
201 A 13 0 -2 5 -1 4
201 A 13 0 1 2 1 -2
201 A 13 0 0 6 0 4
201 A 13 0 0 5 0 -3
201 A 13 0 0 2 0 -1
201 A 14 0 6 3 2 -1
201 A 14 0 6 1 6 -1
201 A 14 0 -6 3 -2 -1
201 A 14 0 4 5 -4 5
201 A 14 0 4 3 2 -5
201 A 14 0 -4 3 -2 -5
201 A 14 0 0 3 0 1
201 A 0 1 92 0 -59 0
201 A 0 1 89 0 70 0
201 A 0 1 88 0 -16 0
201 A 0 1 83 0 46 0
201 A 0 1 71 0 -17 0
201 A 0 1 65 0 34 0
201 A 0 1 64 0 -22 0
201 A 0 1 44 0 -32 0
201 A 0 1 35 0 -23 0
201 A -1 1 99 0 51 0
201 A -1 1 97 0 -25 0
201 A -1 1 95 0 17 0
201 A -1 1 85 0 19 0
201 A -1 1 83 0 73 0
201 A -1 1 77 0 -21 0
201 A -1 1 75 0 35 0
201 A -1 1 61 0 -53 0
201 A -1 1 49 0 -33 0
201 A -1 1 47 0 -43 0
201 A -1 1 27 0 -15 0
201 A 1 1 99 0 51 0
201 A 1 1 97 0 -25 0
201 A 1 1 95 0 17 0
201 A 1 1 85 0 19 0
201 A 1 1 83 0 73 0
201 A 1 1 77 0 -21 0
201 A 1 1 75 0 35 0
201 A 1 1 61 0 -53 0
201 A 1 1 49 0 -33 0
201 A 1 1 47 0 -43 0
201 A 1 1 27 0 -15 0
201 A -2 1 59 1 82 1
201 A -2 1 81 1 -42 0
201 A -2 1 92 1 -24 0
201 A -2 1 60 1 -43 0
201 A -2 1 38 0 -27 0
201 A -2 1 39 0 21 0
201 A 2 1 21 0 39 0
201 A 2 1 27 0 -38 0
201 A 2 1 43 0 -60 1
201 A 2 1 -59 1 -82 1
201 A 2 1 -81 1 42 0
201 A 2 1 24 0 -92 1
201 A -3 1 76 1 98 1
201 A -3 1 70 1 23 0
201 A -3 1 64 1 44 1
201 A -3 1 58 1 -31 0
201 A -3 1 40 1 80 1
201 A -3 1 34 1 17 0
201 A -3 1 56 1 -86 -1
201 A 3 1 -98 1 -76 1
201 A 3 1 -86 1 56 -1
201 A 3 1 -80 1 -40 1
201 A 3 1 23 0 70 -1
201 A 3 1 17 0 34 -1
201 A 3 1 31 0 -58 1
201 A 3 1 -64 1 -44 1
201 A -4 1 26 1 86 2
201 A -4 1 42 1 29 1
201 A -4 1 87 2 -16 0
201 A -4 1 43 1 56 1
201 A -4 1 15 0 -25 -1
201 A -4 1 93 2 54 1
201 A -4 1 60 1 -74 -1
201 A -4 1 28 1 57 1
201 A 4 1 -26 1 -86 2
201 A 4 1 -42 1 -29 1
201 A 4 1 -54 1 -93 2
201 A 4 1 -74 1 60 -1
201 A 4 1 15 0 -25 1
201 A 4 1 -57 1 -28 1
201 A 4 1 -56 1 -43 1
201 A 4 1 16 0 -87 2
201 A 15 0 7 7 -4 4
201 A 15 0 -7 7 4 4
201 A 15 0 5 7 -5 -2
201 A 15 0 5 4 -5 4
201 A 15 0 5 1 -5 1
201 A 15 0 -5 2 5 -7
201 A -5 1 83 2 17 0
201 A -5 1 73 2 44 1
201 A -5 1 48 1 71 2
201 A -5 1 18 1 -54 -1
201 A -5 1 22 1 -62 -1
201 A -5 1 89 2 95 2
201 A -5 1 59 2 -85 -2
201 A -5 1 34 1 -24 -1
201 A -5 1 19 0 97 2
201 A 5 1 -83 2 -17 0
201 A 5 1 -48 1 -71 2
201 A 5 1 -22 1 62 -1
201 A 5 1 -97 2 -19 0
201 A 5 1 -89 2 -95 2
201 A 5 1 -54 1 18 -1
201 A 5 1 -44 1 -73 2
201 A 5 1 -85 2 59 -2
201 A 5 1 -24 1 34 -1
201 A -6 1 14 1 -71 -2
201 A -6 1 26 1 31 1
201 A -6 1 32 1 88 3
201 A -6 1 62 2 16 0
201 A -6 1 86 3 -86 -2
201 A -6 1 92 3 22 1
201 A -6 1 73 2 80 2
201 A -6 1 25 1 89 3
201 A -6 1 19 1 -19 0
201 A -6 1 82 3 -52 -2
201 A -6 1 58 2 38 1
201 A -6 1 46 1 35 1
201 A 6 1 16 0 62 -2
201 A 6 1 -22 1 -92 3
201 A 6 1 -46 1 -35 1
201 A 6 1 -52 2 82 -3
201 A 6 1 -58 2 -38 1
201 A 6 1 -88 3 -32 1
201 A 6 1 -71 2 14 -1
201 A 6 1 19 0 -19 1
201 A 6 1 -25 1 -89 3
201 A 6 1 -31 1 -26 1
201 A 6 1 -73 2 -80 2
201 A 6 1 -86 2 86 -3
201 A -7 1 76 3 53 2
201 A -7 1 55 2 -22 -1
201 A -7 1 88 3 -32 -1
201 A -7 1 46 1 26 1
201 A -7 1 45 2 -75 -2
201 A -7 1 44 1 42 1
201 A -7 1 82 3 -17 0
201 A -7 1 96 3 40 1
201 A 7 1 -22 1 55 -2
201 A 7 1 -88 3 32 -1
201 A 7 1 -46 1 -26 1
201 A 7 1 17 0 -82 3
201 A 7 1 -45 2 75 -2
201 A 7 1 -44 1 -42 1
201 A 7 1 -40 1 -96 3
201 A 7 1 -53 2 -76 3
201 A 16 0 6 7 2 3
201 A 16 0 6 3 2 7
201 A 16 0 -6 3 -2 7
201 A 16 0 -6 7 -2 3
201 A 16 0 4 3 -4 3
201 A 16 0 8 7 -8 -1
201 A -8 1 20 1 91 4
201 A -8 1 92 4 -85 -3
201 A -8 1 19 1 -84 -3
201 A -8 1 35 2 -18 -1
201 A -8 1 70 3 23 1
201 A -8 1 62 2 -9 -1
201 A -8 1 46 2 39 1
201 A -8 1 10 1 79 3
201 A -8 1 63 2 -80 -3
201 A -8 1 55 2 -40 -2
201 A -8 1 65 2 -28 -1
201 A 8 1 -20 1 -91 4
201 A 8 1 -28 1 65 -2
201 A 8 1 -84 3 19 -1
201 A 8 1 -92 4 85 -3
201 A 8 1 -35 2 18 -1
201 A 8 1 -62 2 9 -1
201 A 8 1 -10 1 -79 3
201 A 8 1 -63 2 80 -3
201 A 8 1 -55 2 40 -2
201 A 8 1 -39 1 -46 2
201 A 8 1 -23 1 -70 3
201 A -9 1 43 2 -28 -1
201 A -9 1 83 4 82 3
201 A -9 1 91 4 95 4
201 A 9 1 -95 4 -91 4
201 A 9 1 -28 1 43 -2
201 A 9 1 -82 3 -83 4
201 A 17 0 7 8 1 -6
201 A 17 0 -7 8 -1 -6
201 A 17 0 6 8 2 3
201 A 17 0 6 2 4 -7
201 A 17 0 -6 2 -4 -7
201 A 17 0 -6 8 -2 3
201 A 17 0 5 8 4 -3
201 A 17 0 5 5 -5 5
201 A 17 0 5 4 -2 5
201 A 17 0 -5 4 2 5
201 A 17 0 -5 8 -4 -3
201 A 17 0 4 4 -2 2
201 A 17 0 -4 4 2 2
201 A 17 0 3 3 3 -3
201 A 17 0 3 2 1 5
201 A 17 0 -3 2 -1 5
201 A 17 0 2 6 1 -3
201 A 17 0 -2 6 -1 -3
201 A -10 1 75 4 -59 -3
201 A -10 1 87 4 -44 -2
201 A -10 1 67 4 35 1
201 A -10 1 27 2 22 1
201 A -10 1 68 4 -91 -4
201 A -10 1 58 3 -45 -2
201 A -10 1 12 1 31 1
201 A -10 1 71 4 91 5
201 A -10 1 90 4 -34 -1
201 A 10 1 -35 1 -67 4
201 A 10 1 -45 2 58 -3
201 A 10 1 -75 4 59 -3
201 A 10 1 -34 1 90 -4
201 A 10 1 -44 2 87 -4
201 A 10 1 -12 1 -31 1
201 A 10 1 -22 1 -27 2
201 A 10 1 -71 4 -91 5
201 A 10 1 -91 4 68 -4
201 A -11 1 22 1 28 1
201 A 11 1 -28 1 -22 1
201 A 18 0 4 7 -4 7
201 A 18 0 4 5 -4 5
201 A -12 1 16 1 -25 -1
201 A -12 1 92 5 -83 -5
201 A -12 1 47 2 22 1
201 A -12 1 91 6 -79 -4
201 A 12 1 -79 4 91 -6
201 A 12 1 -22 1 -47 2
201 A 12 1 -25 1 16 -1
201 A 12 1 -92 5 83 -5
201 A 19 0 9 9 -3 3
201 A 19 0 9 4 1 8
201 A 19 0 9 3 -1 -6
201 A 19 0 -9 3 1 -6
201 A 19 0 -9 4 -1 8
201 A 19 0 -9 9 3 3
201 A 19 0 8 9 6 -2
201 A 19 0 -8 9 -6 -2
201 A 19 0 7 4 -4 5
201 A 19 0 -7 4 4 5
201 A 19 0 5 8 2 -7
201 A 19 0 5 2 -2 -3
201 A 19 0 -5 2 2 -3
201 A 19 0 -5 8 -2 -7
201 A 19 0 4 3 -4 3
201 A 19 0 2 6 -2 6
201 A -13 1 60 3 45 2
201 A -13 1 33 2 -43 -2
201 A 13 1 -43 2 33 -2
201 A 13 1 -60 3 -45 2
201 A -14 1 73 5 88 7
201 A -14 1 79 6 81 5
201 A -14 1 52 3 24 1
201 A 14 1 -73 5 -88 7
201 A 14 1 -81 5 -79 6
201 A 14 1 -24 1 -52 3
201 A 20 0 9 6 3 -2
201 A 20 0 -9 6 -3 -2
201 A 21 0 10 10 5 -5
201 A 21 0 10 2 -10 2
201 A 21 0 -10 10 -5 -5
201 A 21 0 8 10 -2 -8
201 A 21 0 -8 10 2 -8
201 A 21 0 4 5 -4 5
201 A -16 1 83 6 -56 -4
201 A -16 1 59 5 -89 -8
201 A -16 1 57 4 -18 -1
201 A 16 1 -56 4 83 -6
201 A 16 1 -59 5 89 -8
201 A 16 1 -18 1 57 -4
201 A -17 1 33 4 -46 -5
201 A 17 1 -33 4 46 -5
201 A -18 1 19 3 -79 -6
201 A 18 1 -79 6 19 -3
201 A 23 0 -10 11 -2 7
201 A 23 0 -9 3 8 -5
201 A 23 0 -7 10 7 10
201 A 23 0 -5 6 -4 9
201 A 23 0 -3 3 3 3
201 A 23 0 2 7 10 11
201 A 23 0 4 9 5 6
201 A 23 0 8 5 -9 -3
201 A -19 1 53 6 -61 -6
201 A -19 1 83 8 17 2
201 A 19 1 -61 6 53 -6
201 A 19 1 -17 2 -83 8
201 A 24 0 11 10 1 10
201 A 24 0 -11 10 -1 10
201 A -20 1 73 7 19 3
201 A -20 1 87 10 -58 -6
201 A 20 1 -73 7 -19 3
201 A 20 1 -87 10 58 -6
201 A 26 0 8 3 -8 3
201 A -22 1 21 4 -22 -1
201 A -22 1 54 5 27 2
201 A 22 1 -27 2 -54 5
201 A 22 1 -21 4 22 -1
201 A 27 0 13 2 -13 2
201 A 27 0 4 10 -4 10
201 A -23 1 73 10 7 2
201 A 23 1 -73 10 -7 2
201 A -24 1 85 10 -64 -6
201 A 24 1 -85 10 64 -6
201 A 28 0 11 10 9 2
201 A 28 0 -11 10 -9 2
201 A -4 2 120 1 40 1
201 A 4 2 -120 1 -40 1
201 A -5 2 64 1 38 1
201 A 5 2 -38 1 -64 1
201 A -6 2 145 2 83 2
201 A -6 2 121 2 -43 0
201 A -6 2 103 2 125 2
201 A -6 2 31 0 143 2
201 A 6 2 -143 2 -31 0
201 A 6 2 43 0 -121 2
201 A 6 2 -103 2 -125 2
201 A 6 2 -145 2 -83 2
201 A 29 0 14 5 -14 5
201 A 29 0 12 12 -12 12
201 A 29 0 7 12 1 -10
201 A 29 0 -7 12 -1 -10
201 A -8 2 28 1 -144 -3
201 A -8 2 26 1 90 1
201 A 8 2 -28 1 144 -3
201 A 8 2 -26 1 -90 1
201 A 31 0 -15 5 7 -8
201 A 31 0 -15 13 15 13
201 A 31 0 -14 15 -8 -13
201 A 31 0 -8 8 8 8
201 A 31 0 -8 13 -14 -15
201 A 31 0 7 8 -15 -5
201 A -28 1 12 3 -40 -7
201 A -28 1 69 8 46 4
201 A 28 1 -12 3 40 -7
201 A 28 1 -69 8 -46 4
201 A -14 2 35 2 37 2
201 A 14 2 -37 2 -35 2
201 A 33 0 16 16 -16 16
201 A -20 2 34 1 -80 -5
201 A 20 2 -34 1 80 -5
201 A -34 1 82 17 -16 -6
201 A 34 1 -16 6 82 -17
201 A 41 0 -3 17 3 17
201 A -40 1 13 7 -70 -15
201 A 40 1 -13 7 70 -15
201 A -3 3 -100 1 -251 -2
201 A 3 3 100 1 251 -2
201 A 43 0 -14 19 14 19
201 A 51 0 5 5 -5 5
201 A 0 4 334 1 -334 1
201 A 63 0 31 19 -31 19
201 A 69 0 -26 26 26 26
201 A 73 0 -27 9 27 9
201 A 83 0 -14 14 14 14
201 A 93 0 23 23 -23 23
201 A 99 0 49 49 -49 49
201 S -2 1 5 0
201 S 1 2 5 0
201 S 5 3 14 0
201 S -3 1 14 0
201 S -1 5 14 0
201 S -3 1 10 0
201 S 1 3 10 0
201 S 3 1 7 0
201 S 2 3 7 0
201 S -1 2 7 0
201 S 3 1 6 0
201 S 3 1 10 0
201 S -1 3 10 0
201 S -3 1 7 0
201 S -2 3 7 0
201 S 1 2 7 0
201 S 2 1 5 0
201 S -1 2 5 0
201 S -5 3 14 0
201 S 3 1 14 0
201 S 1 5 14 0
201 T 1483 239 1048 0 0
201 T 78 1048 1017 0 0
201 T 1019 209 1494 0 0
201 T 274 211 239 0 0
201 T 208 240 225 0 0
201 T 294 308 276 0 0
201 T 250 240 268 0 0
201 T 287 306 301 0 0
201 T 235 274 213 0 0
201 T 281 297 294 0 0
201 T 284 260 289 0 0
201 T 236 256 221 0 0
201 T 206 204 206 -1 0
201 T 223 93 225 0 0
201 T 281 230 254 0 0
201 T 303 296 305 0 0
201 T 244 264 233 0 0
201 T 245 213 276 0 0
201 T 216 248 261 0 0
201 T 256 254 269 0 0
201 T 230 207 216 0 0
201 T 311 267 291 0 0
201 T 1484 14 1200 0 0
201 T 1202 1725 376 0 0
201 T 378 1756 1486 0 0
201 T 395 1119 493 0 0
201 T 495 1045 834 0 0
201 T 832 7 393 0 0
201 T 7 1047 1119 0 0
201 T 1058 1093 115 0 0
201 T 1127 114 1060 0 0
201 T 531 175 1366 0 0
201 T 1362 180 527 0 0
201 T 529 1391 195 0 0
201 T 525 186 1386 0 0
201 T 1067 258 1291 0 0
201 T 1289 788 125 0 0
201 T 1295 803 8 0 0
201 T 806 139 1296 0 0
201 T 139 1277 783 0 0
201 T 127 944 1065 0 0
201 T 944 790 258 0 0
201 T 611 266 132 0 0
201 T 278 567 126 0 0
201 T 1063 441 766 0 0
201 T 284 419 1061 0 0
201 T 764 454 286 0 0
201 T 419 452 441 0 0
201 T 415 382 418 0 0
201 T 446 359 355 0 0
201 T 396 356 469 0 0
201 T 427 482 393 0 0
201 T 353 393 458 0 0
201 T 455 435 451 0 0
201 T 363 390 349 0 0
201 T 377 413 428 0 0
201 T 467 486 474 0 0
201 T 383 362 337 0 0
201 T 461 367 403 0 0
201 T 465 343 387 0 0
201 T 343 423 365 0 0
201 T 404 368 351 0 0
201 T 468 448 478 0 0
201 T 476 442 458 0 0
201 T 346 391 347 0 0
201 T 403 378 334 0 0
201 T 375 384 409 0 0
201 T 398 481 428 0 0
201 T 424 411 439 0 0
201 T 421 370 338 0 0
201 T 335 446 373 0 0
201 T 461 473 486 0 0
201 T 438 407 435 0 0
201 T 695 1212 1755 0 0
201 T 1749 1218 731 0 0
201 T 45 1568 1535 0 0
201 T 1533 60 1569 0 0
201 T 203 768 210 0 0
201 T 227 971 201 0 0
201 T 768 969 240 0 0
201 T 119 80 113 0 0
201 T 1326 1180 115 0 0
201 T 1199 1276 117 0 0
201 T 1180 323 1197 0 0
201 T 484 911 639 0 0
201 T 513 544 486 0 0
201 T 637 1192 515 0 0
201 T 544 1194 911 0 0
201 T 1204 1220 1265 0 0
201 T 1208 1200 1271 0 0
201 T 1255 1227 1211 0 0
201 T 1263 1235 1247 0 0
201 T 1249 1237 1257 0 0
201 T 1243 1252 1221 0 0
201 T 1626 829 1206 0 0
201 T 1267 861 1624 0 0
201 T 829 863 1220 0 0
201 T 654 488 401 0 0
201 T 1136 1015 652 0 0
201 T 1135 1028 662 0 0
201 T 1024 642 1155 0 0
201 T 403 639 1138 0 0
201 T 1015 637 488 0 0
201 T 278 563 810 0 0
201 T 808 1486 292 0 0
201 T 308 1484 563 0 0
201 T 641 1160 6 0 0
201 T 117 1141 661 0 0
201 T 647 655 643 0 0
201 T 655 727 1160 0 0
201 T 1149 31 663 0 0
201 T 261 418 929 0 0
201 T 872 415 263 0 0
201 T 931 380 874 0 0
201 T 353 939 202 0 0
201 T 196 982 359 0 0
201 T 982 168 939 0 0
201 T 998 161 922 0 0
201 T 1159 469 918 0 0
201 T 495 396 1157 0 0
201 T 916 358 493 0 0
201 T 654 1396 856 0 0
201 T 1503 1371 652 0 0
201 T 858 1614 1501 0 0
201 T 1371 1612 1396 0 0
201 T 226 1267 905 0 0
201 T 907 1206 882 0 0
201 T 880 1220 224 0 0
201 T 507 843 591 0 0
201 T 589 406 118 0 0
201 T 116 994 505 0 0
201 T 994 404 843 0 0
201 T 832 528 425 0 0
201 T 482 530 6 0 0
201 T 167 165 167 1 0
201 T 160 162 160 1 0
201 T 194 177 186 0 0
201 T 181 190 173 0 0
201 T 171 169 171 1 0
201 T 1042 84 1013 0 0
201 T 1820 1822 1820 1 0
201 T 554 79 596 0 0
201 T 270 1226 1031 0 0
201 T 1029 1338 248 0 0
201 T 240 1336 1226 0 0
201 T 755 760 747 0 0
201 T 757 749 775 0 0
201 T 141 1331 753 0 0
201 T 1326 142 749 0 0
201 T 132 1340 769 0 0
201 T 1312 757 9 0 0
201 T 1331 28 760 0 0
201 T 721 1326 759 0 0
201 T 1309 736 771 0 0
201 T 1312 749 739 0 0
201 T 1154 1086 126 0 0
201 T 1109 134 1086 0 0
201 T 43 1103 665 0 0
201 T 679 1099 1497 0 0
201 T 1442 1700 42 0 0
201 T 667 1464 1440 0 0
201 T 1700 1466 1103 0 0
201 T 1000 449 785 0 0
201 T 793 826 763 0 0
201 T 456 1119 955 0 0
201 T 953 495 355 0 0
201 T 1436 1423 1415 0 0
201 T 1414 1448 1392 0 0
201 T 1410 100 1396 0 0
201 T 1394 1443 1416 0 0
201 T 1403 1452 1405 0 0
201 T 1413 1513 587 0 0
201 T 585 1649 1438 0 0
201 T 1649 1515 1423 0 0
201 T 183 301 651 0 0
201 T 649 304 1033 0 0
201 T 1035 287 181 0 0
201 T 8 306 519 0 0
201 T 517 686 1263 0 0
201 T 1261 1007 9 0 0
201 T 1007 684 306 0 0
201 T 1733 1595 459 0 0
201 T 469 1583 1718 0 0
201 T 150 1130 896 0 0
201 T 141 146 148 0 0
201 T 128 134 126 0 0
201 T 130 128 130 -1 0
201 T 144 136 151 0 0
201 T 898 341 143 0 0
201 T 146 343 1130 0 0
201 T 1460 1707 1148 0 0
201 T 687 451 156 0 0
201 T 925 455 685 0 0
201 T 158 433 927 0 0
201 T 1149 1458 215 0 0
201 T 1471 1100 233 0 0
201 T 1458 99 1469 0 0
201 T 292 1003 992 0 0
201 T 994 432 283 0 0
201 T 297 434 1003 0 0
201 T 326 607 563 0 0
201 T 561 1392 466 0 0
201 T 460 1414 607 0 0
201 T 828 669 1059 0 0
201 T 1057 1073 887 0 0
201 T 885 142 830 0 0
201 T 142 1075 669 0 0
201 T 758 289 893 0 0
201 T 895 262 174 0 0
201 T 172 284 756 0 0
201 T 1140 645 1370 0 0
201 T 1500 641 1142 0 0
201 T 1148 661 41 0 0
201 T 595 515 1178 0 0
201 T 988 1010 136 0 0
201 T 656 1463 990 0 0
201 T 138 1071 658 0 0
201 T 1463 1069 1010 0 0
201 T 620 158 860 0 0
201 T 578 902 153 0 0
201 T 1623 1604 608 0 0
201 T 566 1613 1617 0 0
201 T 1282 349 1050 0 0
201 T 3 1311 1280 0 0
201 T 1311 1019 361 0 0
201 T 382 633 112 0 0
201 T 114 509 931 0 0
201 T 874 511 633 0 0
201 T 213 1558 1371 0 0
201 T 1369 12 1151 0 0
201 T 12 1556 1458 0 0
201 T 188 960 551 0 0
201 T 974 546 172 0 0
201 T 549 1267 1173 0 0
201 T 1175 510 190 0 0
201 T 510 1265 960 0 0
201 T 255 1300 1057 0 0
201 T 669 156 253 0 0
201 T 156 828 1300 0 0
201 T 1164 292 505 0 0
201 T 116 1001 1166 0 0
201 T 7 1159 1025 0 0
201 T 117 1146 1031 0 0
201 T 1398 1677 1556 0 0
201 T 1555 1682 1408 0 0
201 T 1558 79 1553 0 0
201 T 4 2 4 -1 0
201 T 733 428 1115 0 0
201 T 218 377 735 0 0
201 T 1113 415 216 0 0
201 T 1060 288 931 0 0
201 T 866 1378 238 0 0
201 T 223 1211 864 0 0
201 T 1378 1209 256 0 0
201 T 1336 152 816 0 0
201 T 818 659 1029 0 0
201 T 659 154 248 0 0
201 T 297 454 784 0 0
201 T 1844 1835 718 0 0
201 T 1664 1851 1846 0 0
201 T 1839 1820 1835 0 0
201 T 1851 689 1837 0 0
201 T 1836 1795 552 0 0
201 T 1832 596 1772 0 0
201 T 1440 1652 631 0 0
201 T 629 1798 1700 0 0
201 T 43 1796 1652 0 0
201 T 1204 408 1722 0 0
201 T 1720 1329 1624 0 0
201 T 1329 410 829 0 0
201 T 1031 1068 855 0 0
201 T 853 139 816 0 0
201 T 1206 692 1420 0 0
201 T 607 534 1204 0 0
201 T 1422 1363 605 0 0
201 T 534 1361 692 0 0
201 T 115 749 337 0 0
201 T 339 140 1182 0 0
201 T 936 1418 865 0 0
201 T 867 1547 352 0 0
201 T 1547 1416 203 0 0
201 T 379 1297 817 0 0
201 T 819 1634 1201 0 0
201 T 1634 1299 1724 0 0
201 T 71 1424 1166 0 0
201 T 292 1426 1736 0 0
201 T 431 530 871 0 0
201 T 869 1367 804 0 0
201 T 806 172 429 0 0
201 T 1036 525 465 0 0
201 T 472 150 1038 0 0
201 T 525 148 486 0 0
201 T 240 571 114 0 0
201 T 116 613 258 0 0
201 T 159 1273 1261 0 0
201 T 1273 448 519 0 0
201 T 1743 1741 1743 1 0
201 T 1508 1510 1508 1 0
201 T 1525 1514 1506 0 0
201 T 1518 394 867 0 0
201 T 1545 459 1516 0 0
201 T 649 455 957 0 0
201 T 959 418 154 0 0
201 T 152 440 651 0 0
201 T 704 672 1123 0 0
201 T 1103 664 25 0 0
201 T 1121 676 7 0 0
201 T 1096 664 112 0 0
201 T 676 674 680 0 0
201 T 463 527 1011 0 0
201 T 1009 182 1438 0 0
201 T 1436 1362 461 0 0
201 T 1279 838 1432 0 0
201 T 893 1325 1446 0 0
201 T 1027 493 868 0 0
201 T 870 396 6 0 0
201 T 339 1285 572 0 0
201 T 574 191 381 0 0
201 T 191 1287 362 0 0
201 T 911 475 147 0 0
201 T 142 1037 909 0 0
201 T 1105 507 179 0 0
201 T 548 1270 1107 0 0
201 T 177 948 550 0 0
201 T 915 192 546 0 0
201 T 1270 950 507 0 0
201 T 1649 1232 1698 0 0
201 T 1818 1483 1651 0 0
201 T 1483 196 1232 0 0
201 T 1503 1345 878 0 0
201 T 849 1348 1497 0 0
201 T 79 847 889 0 0
201 T 1340 1076 241 0 0
201 T 568 923 1342 0 0
201 T 923 113 1076 0 0
201 T 661 1023 1371 0 0
201 T 1116 1111 1123 0 0
201 T 1091 1093 1097 0 0
201 T 1111 1044 676 0 0
201 T 1130 1042 675 0 0
201 T 1057 666 1090 0 0
201 T 637 147 463 0 0
201 T 147 1136 367 0 0
201 T 154 1346 573 0 0
201 T 1349 157 619 0 0
201 T 1635 901 1269 0 0
201 T 504 1596 1633 0 0
201 T 1596 949 901 0 0
201 T 841 439 283 0 0
201 T 252 1168 843 0 0
201 T 439 1170 230 0 0
201 T 223 946 197 0 0
201 T 1103 1381 12 0 0
201 T 232 1554 1381 0 0
201 T 1554 1468 13 0 0
201 T 1662 1660 1662 -1 0
201 T 1037 187 1443 0 0
201 T 1465 1073 1039 0 0
201 T 1073 666 187 0 0
201 T 749 634 360 0 0
201 T 1499 1380 675 0 0
201 T 896 1605 1497 0 0
201 T 673 1408 898 0 0
201 T 1605 1410 1380 0 0
201 T 881 1372 210 0 0
201 T 385 1128 595 0 0
201 T 593 144 467 0 0
201 T 232 1683 1606 0 0
201 T 117 1542 1424 0 0
201 T 1426 38 1167 0 0
201 T 1002 39 1542 0 0
201 T 1243 268 1059 0 0
201 T 888 626 197 0 0
201 T 582 846 203 0 0
201 T 1109 128 1154 0 0
201 T 289 722 1446 0 0
201 T 1432 714 295 0 0
201 T 1595 583 1123 0 0
201 T 704 1429 1593 0 0
201 T 1429 672 583 0 0
201 T 181 662 1071 0 0
201 T 854 1135 183 0 0
201 T 685 184 301 0 0
201 T 296 186 1004 0 0
201 T 1814 1653 1493 0 0
201 T 1495 1799 66 0 0
201 T 1536 583 386 0 0
201 T 497 1429 1538 0 0
201 T 384 674 499 0 0
201 T 1853 1837 1789 0 0
201 T 1447 1851 1855 0 0
201 T 1791 691 1445 0 0
201 T 973 218 1460 0 0
201 T 991 985 975 0 0
201 T 985 659 218 0 0
201 T 816 1208 901 0 0
201 T 1405 1811 1602 0 0
201 T 1717 1775 1407 0 0
201 T 1600 624 1719 0 0
201 T 1775 626 1811 0 0
201 T 1856 1835 1782 0 0
201 T 703 783 1293 0 0
201 T 1281 788 702 0 0
201 T 1277 714 803 0 0
201 T 792 1296 27 0 0
201 T 797 801 783 0 0
201 T 793 805 777 0 0
201 T 904 980 693 0 0
201 T 1423 982 881 0 0
201 T 213 1679 1612 0 0
201 T 1233 588 1292 0 0
201 T 702 348 1235 0 0
201 T 348 782 588 0 0
201 T 1779 1777 1779 -1 0
201 T 1792 1786 1773 0 0
201 T 965 821 941 0 0
201 T 1156 1155 1163 0 0
201 T 1141 1146 1132 0 0
201 T 471 1571 719 0 0
201 T 717 1628 1272 0 0
201 T 1274 10 469 0 0
201 T 10 1630 1571 0 0
201 T 368 116 783 0 0
201 T 853 806 376 0 0
201 T 1304 1291 1283 0 0
201 T 414 174 855 0 0
201 T 508 1575 1624 0 0
201 T 1575 960 863 0 0
201 T 1435 1846 1858 0 0
201 T 1780 716 1433 0 0
201 T 1249 1506 559 0 0
201 T 603 85 557 0 0
201 T 601 1512 1247 0 0
201 T 468 1163 1602 0 0
201 T 1600 1153 917 0 0
201 T 294 1758 1551 0 0
201 T 1549 490 1426 0 0
201 T 1378 1225 621 0 0
201 T 623 1255 256 0 0
201 T 1245 840 1106 0 0
201 T 176 590 1247 0 0
201 T 23 1593 1529 0 0
201 T 1531 1431 112 0 0
201 T 1599 794 1762 0 0
201 T 1574 1771 762 0 0
201 T 778 1578 745 0 0
201 T 1342 1563 747 0 0
201 T 776 1567 1290 0 0
201 T 1563 3 1567 0 0
201 T 1418 1385 561 0 0
201 T 466 1387 1443 0 0
201 T 176 1294 1261 0 0
201 T 1259 1314 190 0 0
201 T 188 634 1251 0 0
201 T 1237 632 1314 0 0
201 T 1134 419 574 0 0
201 T 572 1478 1143 0 0
201 T 1146 1476 419 0 0
201 T 1855 323 1856 0 0
201 T 1212 876 642 0 0
201 T 1218 679 849 0 0
201 T 118 1067 996 0 0
201 T 1506 628 1392 0 0
201 T 1464 228 912 0 0
201 T 1055 666 1383 0 0
201 T 1582 21 1540 0 0
201 T 1424 726 1580 0 0
201 T 1287 542 1404 0 0
201 T 1402 540 1334 0 0
201 T 1252 579 242 0 0
201 T 1336 577 1208 0 0
201 T 1730 1588 1418 0 0
201 T 1588 59 1547 0 0
201 T 535 1386 731 0 0
201 T 521 525 533 0 0
201 T 548 538 542 0 0
201 T 729 184 523 0 0
201 T 741 540 177 0 0
201 T 1229 1800 1809 0 0
201 T 1794 1802 582 0 0
201 T 1562 1310 17 0 0
201 T 1310 1343 1320 0 0
201 T 148 1410 1042 0 0
201 T 231 935 671 0 0
201 T 669 909 1465 0 0
201 T 913 911 935 0 0
201 T 1732 1792 1403 0 0
201 T 1401 1802 1608 0 0
201 T 1610 580 1734 0 0
201 T 616 433 1089 0 0
201 T 1099 1491 618 0 0
201 T 433 1489 1093 0 0
201 T 1316 456 11 0 0
201 T 1636 691 1318 0 0
201 T 10 1588 1638 0 0
201 T 691 1590 456 0 0
201 T 1372 1221 240 0 0
201 T 1173 1251 875 0 0
201 T 194 1194 935 0 0
201 T 185 926 1191 0 0
201 T 282 836 192 0 0
201 T 933 156 280 0 0
201 T 836 158 1194 0 0
201 T 558 155 690 0 0
201 T 600 717 156 0 0
201 T 1335 370 619 0 0
201 T 692 522 181 0 0
201 T 540 696 191 0 0
201 T 1826 1575 1329 0 0
201 T 987 261 154 0 0
201 T 1590 46 1544 0 0
201 T 46 691 1517 0 0
201 T 442 517 1316 0 0
201 T 1318 1259 152 0 0
201 T 1259 519 651 0 0
201 T 1040 496 593 0 0
201 T 1300 257 1241 0 0
201 T 1223 622 1302 0 0
201 T 472 988 146 0 0
201 T 593 990 486 0 0
201 T 298 801 192 0 0
201 T 177 803 1006 0 0
201 T 332 808 624 0 0
201 T 626 1551 401 0 0
201 T 378 1549 808 0 0
201 T 1241 1372 579 0 0
201 T 876 88 851 0 0
201 T 1019 771 1236 0 0
201 T 1238 738 363 0 0
201 T 1504 1636 1237 0 0
201 T 1653 1418 1506 0 0
201 T 1239 1692 1655 0 0
201 T 1418 1694 1636 0 0
201 T 1646 0 1657 0 0
201 T 955 1403 1659 0 0
201 T 919 1646 1407 0 0
201 T 709 1168 424 0 0
201 T 1521 881 399 0 0
201 T 470 1533 1523 0 0
201 T 881 1535 357 0 0
201 T 78 1457 1468 0 0
201 T 1215 1147 957 0 0
201 T 152 1479 1213 0 0
201 T 411 1538 813 0 0
201 T 815 583 373 0 0
201 T 1421 1569 1714 0 0
201 T 198 1533 1423 0 0
201 T 1803 1656 1109 0 0
201 T 1154 1647 1808 0 0
201 T 1260 602 1630 0 0
201 T 810 822 812 0 0
201 T 814 264 605 0 0
201 T 1684 1343 754 0 0
201 T 48 1328 760 0 0
201 T 1289 1688 807 0 0
201 T 51 1296 793 0 0
201 T 858 320 898 0 0
201 T 367 137 856 0 0
201 T 1013 1396 150 0 0
201 T 1189 764 305 0 0
201 T 1184 305 787 0 0
201 T 1390 832 753 0 0
201 T 755 425 192 0 0
201 T 16 1567 1282 0 0
201 T 1257 559 1638 0 0
201 T 1215 1140 1346 0 0
201 T 1035 759 190 0 0
201 T 459 1609 1123 0 0
201 T 1112 873 249 0 0
201 T 1536 289 1764 0 0
201 T 1766 1472 411 0 0
201 T 813 1474 289 0 0
201 T 195 439 885 0 0
201 T 887 409 752 0 0
201 T 1135 413 190 0 0
201 T 998 1291 613 0 0
201 T 5 977 907 0 0
201 T 220 979 1271 0 0
201 T 370 137 1196 0 0
201 T 1513 1628 1232 0 0
201 T 1423 1698 1628 0 0
201 T 36 1431 1125 0 0
201 T 1062 1529 37 0 0
201 T 9 1259 1035 0 0
201 T 1685 570 1675 0 0
201 T 1673 923 755 0 0
201 T 1178 990 544 0 0
201 T 1381 1096 682 0 0
201 T 1623 1681 940 0 0
201 T 964 1678 1617 0 0
201 T 517 476 11 0 0
201 T 833 1618 1674 0 0
201 T 1618 1391 922 0 0
201 T 1598 1298 1831 0 0
201 T 228 709 409 0 0
201 T 733 326 709 0 0
201 T 1711 1428 290 0 0
201 T 1875 1873 1875 1 0
201 T 1892 1894 1892 1 0
201 T 961 698 538 0 0
201 T 149 1008 474 0 0
201 T 1179 154 892 0 0
201 T 173 987 1177 0 0
201 T 181 957 1184 0 0
201 T 176 351 1333 0 0
201 T 617 404 178 0 0
201 T 1805 62 1481 0 0
201 T 1219 1490 157 0 0
201 T 1351 1096 1217 0 0
201 T 73 1127 1428 0 0
201 T 1127 509 288 0 0
201 T 970 1078 134 0 0
201 T 1189 454 302 0 0
201 T 295 836 801 0 0
201 T 1024 323 1045 0 0
201 T 1494 1236 200 0 0
201 T 1235 790 1049 0 0
201 T 44 717 1520 0 0
201 T 40 1804 1650 0 0
201 T 133 940 245 0 0
201 T 940 608 232 0 0
201 T 1200 561 532 0 0
201 T 728 1418 1202 0 0
201 T 1425 655 627 0 0
201 T 1089 179 436 0 0
201 T 245 965 126 0 0
201 T 613 1669 1688 0 0
201 T 1669 996 805 0 0
201 T 1620 996 1366 0 0
201 T 538 950 741 0 0
201 T 1402 741 348 0 0
201 T 858 148 1138 0 0
201 T 1186 453 301 0 0
201 T 1436 663 1460 0 0
201 T 939 978 729 0 0
201 T 310 607 1473 0 0
201 T 955 1608 1110 0 0
201 T 1622 868 1669 0 0
201 T 1805 1705 585 0 0
201 T 1705 41 1438 0 0
201 T 697 1407 363 0 0
201 T 967 565 213 0 0
201 T 1218 1095 927 0 0
201 T 866 1201 978 0 0
201 T 1473 14 1204 0 0
201 T 887 1090 187 0 0
201 T 14 533 309 0 0
201 T 238 197 788 0 0
201 T 627 1581 1160 0 0
201 U 18 3 2 0 0
201 U 3 3 3 0 0
201 U 54 3 2 0 0
201 U 115 4 7 0 0
201 U 23 7 6 0 0
201 U 707 6 4 0 0
201 U 25 4 5 0 0
201 U 13 5 4 -1 0
201 U 1052 4 4 0 0
201 U 6 6 7 0 0
201 U 682 5 6 0 0
201 U 504 8 13 0 0
201 U 1737 13 9 0 0
201 U 70 9 8 0 0
201 U 1829 11 8 0 0
201 U 1725 13 11 0 0
201 U 1758 12 11 0 0
201 U 490 11 8 0 0
201 U 50 10 11 0 0
201 U 1760 11 9 0 0
201 U 68 11 10 0 0
201 U 15 13 12 0 0
201 U 1729 14 17 0 0
201 U 58 17 16 0 0
201 U 202 16 14 0 0
201 U 66 15 14 0 0
201 U 42 14 15 0 0
201 U 1814 15 15 0 0
201 U 1695 14 16 0 0
201 U 10 16 17 0 0
201 U 9 23 22 0 0
201 U 799 19 23 0 0
201 U 701 22 19 0 0
201 U 127 23 21 0 0
201 U 1304 21 18 0 0
201 U 34 20 21 0 0
201 U 712 23 20 0 0
201 U 778 20 18 0 0
201 U 16 18 19 0 0
201 U 136 18 21 0 0
201 U 26 19 18 0 0
201 U 52 1 1 0 0
201 U 1 1 1 -1 0
201 U 57 25 24 0 0
201 U 122 24 24 -1 0
201 U 75 25 24 0 0
201 U 1715 27 28 0 0
201 U 60 28 29 0 0
201 U 199 29 27 0 0
201 U 1819 27 27 0 0
201 U 41 27 26 0 0
201 U 63 26 27 0 0
201 U 1699 27 29 0 0
201 U 11 29 28 0 0
201 U 775 34 30 0 0
201 U 140 30 33 0 0
201 U 721 33 34 0 0
201 U 29 30 31 0 0
201 U 744 31 33 0 0
201 U 134 34 32 0 0
201 U 736 31 34 0 0
201 U 1323 32 31 0 0
201 U 32 33 32 0 0
201 U 17 31 30 -1 0
201 U 8 34 35 0 0
201 U 118 37 38 0 0
201 U 21 38 39 0 0
201 U 725 39 37 0 0
201 U 646 36 39 0 0
201 U 1023 36 36 0 0
201 U 31 37 36 0 0
201 U 12 36 37 0 0
201 U 7 39 38 0 0
201 U 509 41 44 0 0
201 U 1709 44 40 0 0
201 U 72 40 41 0 0
201 U 1723 44 42 0 0
201 U 1825 42 41 0 0
201 U 497 41 42 0 0
201 U 65 42 43 0 0
201 U 1769 43 41 0 0
201 U 48 42 43 0 0
201 U 1765 43 44 0 0
201 U 14 44 45 0 0
201 Q 1364 1861 1391 100 0 0 0 0 0 0
201 Q 100 531 106 529 0 0 0 0 0 0
201 Q 106 193 1863 175 0 0 0 0 0 0
201 Q 134 1358 124 314 0 0 0 0 0 0
201 Q 312 567 90 609 0 0 0 0 0 0
201 Q 1356 266 90 276 0 0 0 0 0 0
201 Q 697 2 742 166 0 0 0 0 0 0
201 Q 1753 321 1751 2 0 0 0 0 0 0
201 Q 1212 170 1218 323 0 0 0 0 0 0
201 Q 1015 1586 1040 164 0 0 0 0 0 0
201 Q 124 162 134 1230 0 0 0 0 0 0
201 Q 160 1086 0 1084 0 0 -1 0 0 0
201 Q 1063 1355 1002 77 0 0 0 0 0 0
201 Q 77 787 1 766 0 -1 0 0 0 0
201 Q 443 1 449 1353 0 1 0 0 0 -1
201 Q 89 761 0 795 0 0 0 0 -1 0
201 Q 0 826 0 826 0 0 0 0 0 0
201 Q 314 1754 105 1748 0 0 0 0 0 0
201 Q 1217 1641 1215 312 0 0 0 0 0 0
201 Q 694 1643 730 105 0 0 0 0 0 0
201 Q 95 1716 77 1735 0 0 0 0 0 0
201 Q 457 1355 471 95 0 0 0 0 0 0
201 Q 1353 1595 77 1583 0 0 0 0 0 0
201 Q 1466 329 1462 98 0 0 -1 0 0 0
201 Q 1702 273 1707 331 0 0 0 0 0 0
201 Q 1584 639 0 593 0 0 0 0 0 0
201 Q 1176 81 1192 1586 0 0 0 0 0 0
201 Q 515 0 513 81 0 0 0 0 0 0
201 Q 862 1882 902 1885 0 0 0 0 0 0
201 Q 1887 576 1877 622 0 0 0 0 0 0
201 Q 1879 155 1880 158 0 0 0 0 0 0
201 Q 1745 1619 1841 1621 0 0 0 0 0 0
201 Q 610 1865 564 1747 0 0 0 0 0 0
201 Q 1613 1867 1604 1843 0 0 0 0 0 0
201 Q 55 110 54 111 0 0 0 0 0 0
201 Q 3 97 3 97 -1 0 1 0 0 0
201 Q 205 163 205 163 0 0 0 0 0 0
201 Q 827 954 5 918 0 0 0 0 0 0
201 Q 3 1455 3 1455 0 0 0 0 0 0
201 Q 1 1834 120 1838 0 0 0 1 0 1
201 Q 554 77 596 1 0 0 0 -1 0 0
201 Q 1774 77 1795 122 0 0 0 0 0 0
201 Q 1081 256 500 242 0 0 0 0 0 0
201 Q 112 314 118 1083 0 0 0 0 0 0
201 Q 312 571 502 613 0 0 0 0 0 0
201 Q 57 1741 56 1740 0 0 0 0 -1 0
201 Q 227 81 221 1511 0 0 0 0 0 0
201 Q 1667 838 81 895 0 0 0 0 0 0
201 Q 312 1857 120 1854 0 0 0 0 0 0
201 Q 1871 315 1870 314 0 0 0 0 0 0
201 Q 1869 320 1868 321 0 0 0 0 0 0
201 Q 1852 75 1858 1869 -1 0 0 0 0 0
201 Q 1873 1499 1864 1501 0 0 0 0 0 0
201 Q 876 1880 851 1875 0 0 0 0 0 0
201 Q 1348 1882 1345 1866 0 0 0 0 0 0
201 Q 1510 847 1785 891 0 0 0 0 0 0
201 Q 575 1867 617 1878 0 0 0 0 0 0
201 Q 199 1229 201 1509 0 0 0 0 0 0
201 Q 946 81 969 1231 0 0 0 0 0 0
201 Q 1661 355 4 357 0 0 0 0 0 0
201 Q 319 208 86 238 0 0 0 0 0 0
201 Q 866 1 883 317 0 1 0 0 0 -1
201 Q 86 1372 1 1376 0 -1 1 0 0 0
201 Q 1876 86 1876 86 0 0 0 0 -1 0
201 Q 86 619 91 573 0 0 0 0 1 0
201 Q 91 1865 91 1865 0 0 0 0 0 0
201 Q 1057 1081 1028 1 0 0 0 -1 0 0
201 Q 1 1227 120 1241 0 0 0 1 0 1
201 Q 269 1083 268 122 0 0 0 0 0 0
201 Q 367 123 341 97 0 0 1 0 0 0
201 Q 423 121 423 121 0 0 0 0 0 0
201 Q 171 846 822 890 0 0 0 0 0 0
201 Q 83 293 1357 291 0 0 0 0 0 0
201 Q 1444 312 1434 83 0 0 0 0 0 0
201 Q 722 1359 714 314 0 0 0 0 0 0
201 Q 34 314 32 313 0 0 0 0 0 0
201 Q 313 1780 1 1789 0 0 0 0 0 0
201 Q 943 79 967 1776 0 0 0 0 1 0
201 Q 164 390 164 390 0 0 0 0 0 0
201 Q 1760 0 1771 165 0 0 0 0 0 0
201 Q 167 1572 88 1597 -1 0 0 0 0 0
201 Q 170 851 131 876 0 0 0 0 0 0
201 Q 914 161 975 331 0 0 0 0 0 0
201 Q 950 331 961 165 0 0 0 0 0 0
201 Q 228 98 218 163 0 0 0 0 -1 0
201 Q 1406 95 1400 122 0 0 0 0 0 0
201 Q 120 1332 90 1285 0 0 0 0 0 0
201 Q 542 90 540 95 0 0 0 0 0 0
201 Q 476 1 478 94 0 0 0 0 0 0
201 Q 123 1449 123 1449 0 0 0 0 0 0
201 Q 585 76 631 121 0 0 0 0 0 0
201 Q 76 1526 76 1526 0 0 0 0 0 0
201 Q 584 1891 630 1886 0 0 0 0 0 0
201 Q 1884 120 1884 120 0 0 0 0 0 0
201 Q 77 1889 77 1889 0 0 0 0 0 0
201 Q 873 1525 842 3 0 0 0 0 0 0
201 Q 5 1106 85 1175 0 0 0 0 0 0
201 Q 235 324 213 131 0 0 0 0 0 0
201 Q 1823 602 1586 556 0 0 0 0 0 0
201 Q 158 1665 155 1584 0 0 0 0 0 0
201 Q 167 344 78 345 0 0 0 0 0 0
201 Q 370 123 336 86 0 0 -1 0 0 0
201 Q 1641 183 103 185 0 0 0 0 0 0
201 Q 103 522 105 520 0 0 0 0 0 0
201 Q 364 2 342 1448 0 0 0 0 0 0
201 Q 313 1093 1 1146 0 0 0 0 0 0
201 Q 860 329 900 88 0 0 -1 0 0 0
201 Q 629 78 587 331 0 0 0 0 -1 0
201 Q 122 1740 122 1740 0 0 0 0 0 0
201 Q 577 86 623 120 1 0 0 0 0 0
201 Q 205 335 2 373 0 0 0 0 0 0
201 Q 324 384 4 402 0 0 0 0 0 0
201 Q 76 1528 1355 1540 0 0 0 0 0 0
201 Q 22 1354 20 1353 0 0 0 0 0 0
201 Q 550 84 548 93 0 0 0 0 0 0
201 Q 426 76 428 316 0 0 0 0 0 0
201 Q 318 735 122 711 0 0 0 0 0 0
201 Q 1168 120 1113 76 0 0 0 0 0 0
201 Q 544 107 546 108 0 0 0 0 0 0
201 Q 108 972 1860 913 0 0 0 0 0 0
201 Q 826 1688 2 1686 0 0 0 0 0 0
201 Q 103 1186 1 1191 0 -1 0 0 0 0
201 Q 307 77 305 103 0 0 0 0 0 0
201 Q 1891 596 1893 554 0 0 0 0 0 0
201 Q 1895 1 1895 1 0 1 0 -1 0 -1
201 Q 1779 921 1862 997 0 0 0 0 0 0
201 Q 165 491 0 497 0 0 0 0 0 0
201 Q 255 501 249 123 0 0 0 0 0 0
201 Q 503 840 77 875 0 0 0 0 0 0
201 Q 319 399 82 393 0 0 0 0 0 0
201 Q 1521 1 1519 82 0 1 0 0 0 -1
201 Q 1894 53 1895 52 0 0 0 0 -1 0
201 Q 1779 1619 101 1621 0 0 0 0 0 0
201 Q 480 82 482 77 0 0 0 0 0 0
201 Q 1 718 82 691 0 0 0 0 0 0
201 Q 1796 273 1807 78 0 0 -1 0 0 0
201 Q 272 62 275 67 0 0 0 0 0 0
201 Q 503 3 503 3 0 0 0 0 0 0
201 Q 315 1745 315 1745 0 0 0 0 0 0
201 Q 47 1 45 1 0 1 0 0 0 -1
201 Q 924 1 957 1643 0 1 0 0 0 -1
201 Q 570 5 612 1745 0 0 0 0 0 0
201 Q 5 538 329 536 0 0 0 0 0 0
201 Q 538 109 536 111 0 0 0 0 0 0
201 Q 0 65 0 68 0 0 0 0 0 0
201 Q 273 708 1741 732 0 0 0 0 0 0
201 Q 311 91 309 83 0 0 0 0 0 0
201 Q 77 38 76 36 0 0 0 0 0 0
201 Q 1671 824 1672 1746 0 0 0 0 0 0
201 Q 826 868 1842 835 0 0 0 0 0 0
201 Q 1661 1025 1842 1044 0 0 0 0 0 0
201 Q 1748 1868 1755 18 0 0 0 0 0 0
201 Q 272 318 272 318 0 0 0 0 0 0
201 Q 1843 857 1872 897 0 0 0 0 0 0
201 Q 492 1662 493 827 0 0 0 0 0 0
201 Q 105 19 104 18 0 0 0 0 0 0
201 H 111 3 5 111 111 3 0 0 0 0 0 0 0 0 0 0
