1307 A 6 0 1 -2 -1 2
1307 A 7 0 5 -3 -5 3
1307 A 9 0 2 -4 -2 4
1307 A 12 0 1 -2 -1 2
1307 A 12 0 7 -2 -7 2
1307 A 14 0 9 -4 -9 4
1307 A 17 0 3 -6 -3 6
1307 A 18 0 11 -4 -11 4
1307 A -1 1 -110 0 110 0
1307 A 0 1 -110 0 110 0
1307 A -2 1 -48 0 48 0
1307 A 1 1 -48 0 48 0
1307 A -3 1 -70 -1 70 1
1307 A 2 1 71 -1 -71 1
1307 A -4 1 -108 -1 108 1
1307 A 3 1 109 -1 -109 1
1307 A -6 1 -44 -1 44 1
1307 A -6 1 -151 -3 151 3
1307 A 5 1 45 -1 -45 1
1307 A 5 1 154 -3 -154 3
1307 A 19 0 10 -1 -10 1
1307 A -7 1 -142 -3 142 3
1307 A 6 1 145 -3 -145 3
1307 A -9 1 -20 0 20 0
1307 A 8 1 -20 0 20 0
1307 A -11 1 -153 -5 153 5
1307 A 10 1 158 -5 -158 5
1307 A 21 0 2 -4 -2 4
1307 A -12 1 -128 -5 128 5
1307 A 11 1 133 -5 -133 5
1307 A 28 0 19 -10 -19 10
1307 A 34 0 3 -6 -3 6
1307 A 38 0 9 -18 -9 18
1307 A 11 0 7 -3 7 -3
1307 A 17 0 12 -7 12 -7
1307 A 31 0 5 -10 5 -10
1307 A 4 0 0 -1 -1 1
1307 A 4 0 -1 -1 2 -1
1307 A 5 0 0 -1 -2 2
1307 A 5 0 1 -1 0 2
1307 A 5 0 -1 -1 -2 1
1307 A 5 0 3 -1 1 -2
1307 A 5 0 -1 -2 3 -2
1307 A 6 0 -1 -1 -2 1
1307 A 7 0 0 -1 3 -3
1307 A 7 0 1 -1 0 -3
1307 A 7 0 -2 -1 -1 -2
1307 A 7 0 3 -1 3 -2
1307 A 7 0 4 -1 -1 2
1307 A 7 0 0 -2 -2 2
1307 A 7 0 1 -3 2 -3
1307 A 8 0 0 -1 -1 1
1307 A 8 0 -1 -1 2 -1
1307 A 8 0 -2 -1 -1 3
1307 A 8 0 3 -1 -2 3
1307 A 8 0 -3 -1 4 -3
1307 A 8 0 4 -1 -1 -3
1307 A 8 0 0 -3 -3 3
1307 A 8 0 -2 -3 5 -3
1307 A 9 0 -1 -1 4 -2
1307 A 9 0 2 -1 -2 -2
1307 A 9 0 5 -1 1 -2
1307 A 9 0 -1 -4 -5 4
1307 A 10 0 0 -1 3 -3
1307 A 10 0 1 -1 0 -3
1307 A 10 0 -1 -1 -2 1
1307 A 10 0 -2 -1 1 3
1307 A 10 0 3 -1 -4 3
1307 A 10 0 -3 -1 -4 1
1307 A 10 0 -4 -1 5 -3
1307 A 10 0 5 -1 -2 -3
1307 A 10 0 1 -3 2 -3
1307 A 10 0 -3 -3 6 -3
1307 A 11 0 0 -1 -4 4
1307 A 11 0 1 -1 0 4
1307 A 11 0 -1 -1 -2 1
1307 A 11 0 -2 -1 1 -4
1307 A 11 0 3 -1 3 -4
1307 A 11 0 -3 -1 -2 -5
1307 A 11 0 4 -1 7 -5
1307 A 11 0 -4 -1 -1 -2
1307 A 11 0 5 -1 3 -2
1307 A 11 0 6 -1 -1 2
1307 A 11 0 0 -2 -2 2
1307 A 11 0 -2 -2 -1 -5
1307 A 11 0 4 -2 6 -5
1307 A 11 0 -3 -2 -2 3
1307 A 11 0 5 -2 -1 3
1307 A 11 0 -4 -2 6 -2
1307 A 11 0 0 -3 -5 5
1307 A 11 0 3 -3 0 5
1307 A 11 0 -1 -3 -4 3
1307 A 11 0 -2 -3 1 -5
1307 A 11 0 5 -3 4 -5
1307 A 11 0 -3 -3 3 4
1307 A 11 0 6 -3 -7 4
1307 A 11 0 2 -4 8 -5
1307 A 11 0 -1 -4 5 -4
1307 A 11 0 -2 -4 -2 5
1307 A 11 0 6 -4 -3 5
1307 A 12 0 -1 -1 -2 -5
1307 A 12 0 2 -1 7 -5
1307 A 12 0 -4 -1 -5 1
1307 A 12 0 1 -5 -4 5
1307 A 13 0 0 -1 -6 6
1307 A 13 0 1 -1 0 6
1307 A 13 0 -1 -1 -6 3
1307 A 13 0 2 -1 3 3
1307 A 13 0 -2 -1 2 -5
1307 A 13 0 3 -1 3 -5
1307 A 13 0 -3 -1 4 -1
1307 A 13 0 -4 -1 2 -3
1307 A 13 0 5 -1 1 -3
1307 A 13 0 -5 -1 1 2
1307 A 13 0 6 -1 -3 2
1307 A 13 0 7 -1 4 5
1307 A 13 0 1 -2 2 -4
1307 A 13 0 0 -2 -3 3
1307 A 13 0 2 -2 0 3
1307 A 13 0 -2 -2 -3 -5
1307 A 13 0 4 -2 8 -5
1307 A 13 0 -3 -2 -6 5
1307 A 13 0 5 -2 1 5
1307 A 13 0 -4 -2 1 4
1307 A 13 0 6 -2 -5 4
1307 A 13 0 -5 -2 -8 6
1307 A 13 0 7 -2 2 6
1307 A 13 0 -1 -3 -1 4
1307 A 13 0 4 -3 -3 4
1307 A 13 0 -2 -3 -4 5
1307 A 13 0 5 -3 -1 5
1307 A 13 0 -4 -3 1 -6
1307 A 13 0 7 -3 5 -6
1307 A 13 0 8 -3 -3 6
1307 A 13 0 0 -4 5 -5
1307 A 13 0 4 -4 0 -5
1307 A 13 0 -2 -4 9 -6
1307 A 13 0 6 -4 -3 -6
1307 A 13 0 -3 -4 7 -4
1307 A 13 0 -4 -4 -8 4
1307 A 13 0 -2 -5 -7 5
1307 A 13 0 2 -6 -4 6
1307 A 13 0 -1 -6 7 -6
1307 A 14 0 0 -1 3 -3
1307 A 14 0 1 -1 0 -3
1307 A 14 0 -2 -1 -1 5
1307 A 14 0 3 -1 -4 5
1307 A 14 0 -3 -1 6 -5
1307 A 14 0 4 -1 -1 -5
1307 A 14 0 -4 -1 3 5
1307 A 14 0 5 -1 -8 5
1307 A 14 0 -6 -1 7 -3
1307 A 14 0 7 -1 -4 -3
1307 A 14 0 1 -3 2 -3
1307 A 14 0 -2 -3 -5 3
1307 A 14 0 -5 -3 8 -3
1307 A 14 0 0 -5 -5 5
1307 A 14 0 -2 -5 -7 5
1307 A 15 0 -1 -1 -2 1
1307 A 15 0 -4 -1 -5 7
1307 A 15 0 5 -1 -2 7
1307 A 15 0 8 -1 1 -2
1307 A 15 0 -2 -2 -1 -7
1307 A 15 0 4 -2 8 -7
1307 A 15 0 -5 -2 -1 -4
1307 A 15 0 7 -2 5 -4
1307 A 15 0 2 -4 4 7
1307 A 15 0 -4 -4 -8 4
1307 A 16 0 0 -1 7 -7
1307 A 16 0 1 -1 0 -7
1307 A 16 0 -1 -1 2 7
1307 A 16 0 2 -1 -9 7
1307 A 16 0 -2 -1 -1 -5
1307 A 16 0 3 -1 6 -5
1307 A 16 0 -3 -1 -4 5
1307 A 16 0 4 -1 -1 5
1307 A 16 0 -4 -1 -1 -3
1307 A 16 0 5 -1 4 -3
1307 A 16 0 -5 -1 -2 3
1307 A 16 0 6 -1 -1 3
1307 A 16 0 -6 -1 7 -1
1307 A 16 0 -7 -1 -8 1
1307 A 16 0 0 -3 -3 3
1307 A 16 0 -2 -3 -3 5
1307 A 16 0 5 -3 -2 5
1307 A 16 0 -3 -3 6 -3
1307 A 16 0 -4 -3 -11 7
1307 A 16 0 7 -3 4 7
1307 A 16 0 -5 -3 8 -5
1307 A 16 0 8 -3 -3 -5
1307 A 16 0 -6 -3 5 -7
1307 A 16 0 9 -3 2 -7
1307 A 16 0 0 -5 -5 5
1307 A 16 0 -2 -5 3 7
1307 A 16 0 7 -5 -10 7
1307 A 16 0 -4 -5 3 -7
1307 A 16 0 9 -5 4 -7
1307 A 16 0 -5 -5 10 -5
1307 A 16 0 1 -7 6 -7
1307 A 16 0 -1 -7 -8 7
1307 A 17 0 0 -1 -4 4
1307 A 17 0 1 -1 0 4
1307 A 17 0 -1 -1 6 -3
1307 A 17 0 2 -1 -3 -3
1307 A 17 0 -2 -1 2 5
1307 A 17 0 3 -1 -7 5
1307 A 17 0 -3 -1 -4 1
1307 A 17 0 -4 -1 8 -5
1307 A 17 0 5 -1 -3 -5
1307 A 17 0 -6 -1 2 7
1307 A 17 0 7 -1 -9 7
1307 A 17 0 -7 -1 -1 -2
1307 A 17 0 8 -1 3 -2
1307 A 17 0 9 -1 -1 2
1307 A 17 0 0 -2 -2 2
1307 A 17 0 -2 -2 3 7
1307 A 17 0 4 -2 -10 7
1307 A 17 0 -3 -2 4 -5
1307 A 17 0 5 -2 1 -5
1307 A 17 0 -4 -2 1 -6
1307 A 17 0 6 -2 5 -6
1307 A 17 0 -6 -2 -2 -8
1307 A 17 0 8 -2 10 -8
1307 A 17 0 -7 -2 -10 6
1307 A 17 0 9 -2 4 6
1307 A 17 0 0 -3 -7 7
1307 A 17 0 3 -3 0 7
1307 A 17 0 -1 -3 -5 8
1307 A 17 0 4 -3 -3 8
1307 A 17 0 -2 -3 -1 4
1307 A 17 0 5 -3 -3 4
1307 A 17 0 -4 -3 -6 5
1307 A 17 0 7 -3 1 5
1307 A 17 0 -5 -3 1 6
1307 A 17 0 8 -3 -7 6
1307 A 17 0 -6 -3 -5 -4
1307 A 17 0 9 -3 9 -4
1307 A 17 0 10 -3 11 -5
1307 A 17 0 2 -4 4 -8
1307 A 17 0 -1 -4 5 -4
1307 A 17 0 -2 -4 -12 8
1307 A 17 0 6 -4 4 8
1307 A 17 0 -4 -4 10 -5
1307 A 17 0 8 -4 -5 -5
1307 A 17 0 -6 -4 2 6
1307 A 17 0 10 -4 -8 6
1307 A 17 0 2 -5 -11 7
1307 A 17 0 3 -5 4 7
1307 A 17 0 0 -5 6 -6
1307 A 17 0 5 -5 0 -6
1307 A 17 0 -3 -6 9 -6
1307 A 17 0 -5 -6 -9 8
1307 A 17 0 11 -6 1 8
1307 A 17 0 3 -7 -7 8
1307 A 17 0 4 -7 -1 8
1307 A 17 0 2 -7 -5 7
1307 A 17 0 1 -7 2 -8
1307 A 17 0 6 -7 6 -8
1307 A 17 0 0 -8 8 -8
1307 A 18 0 -1 -1 4 7
1307 A 18 0 2 -1 -11 7
1307 A 18 0 -4 -1 1 7
1307 A 18 0 5 -1 -8 7
1307 A 18 0 -7 -1 -2 7
1307 A 18 0 8 -1 -5 7
1307 A 18 0 1 -2 5 8
1307 A 18 0 -5 -2 -1 8
1307 A 18 0 7 -2 -7 8
1307 A 18 0 -1 -4 -5 4
1307 A 18 0 1 -5 -4 5
1307 A 18 0 -2 -5 -7 5
1307 A 18 0 -5 -5 -10 5
1307 A -1 1 -19 0 -86 0
1307 A -1 1 -20 0 -49 0
1307 A -1 1 -22 0 -104 0
1307 A -1 1 -26 0 -88 0
1307 A -1 1 -28 0 -35 0
1307 A -1 1 -31 0 -116 0
1307 A -1 1 -34 0 -125 0
1307 A -1 1 -37 0 -53 0
1307 A -1 1 -38 0 -43 0
1307 A -1 1 -44 0 -52 0
1307 A -1 1 -55 0 -107 0
1307 A -1 1 -56 0 146 0
1307 A -1 1 -58 0 -62 0
1307 A -1 1 -71 0 152 0
1307 A -1 1 -73 0 112 0
1307 A -1 1 -74 0 137 0
1307 A -1 1 -91 0 115 0
1307 A -1 1 -103 0 127 0
1307 A -1 1 -106 0 145 0
1307 A -1 1 -113 0 -136 0
1307 A 0 1 -19 0 -86 0
1307 A 0 1 -20 0 -49 0
1307 A 0 1 -22 0 -104 0
1307 A 0 1 -26 0 -88 0
1307 A 0 1 -28 0 -35 0
1307 A 0 1 -31 0 -116 0
1307 A 0 1 -34 0 -125 0
1307 A 0 1 -37 0 -53 0
1307 A 0 1 -38 0 -43 0
1307 A 0 1 -44 0 -52 0
1307 A 0 1 -55 0 -107 0
1307 A 0 1 -56 0 146 0
1307 A 0 1 -58 0 -62 0
1307 A 0 1 -71 0 152 0
1307 A 0 1 -73 0 112 0
1307 A 0 1 -74 0 137 0
1307 A 0 1 -91 0 115 0
1307 A 0 1 -103 0 127 0
1307 A 0 1 -106 0 145 0
1307 A 0 1 -113 0 -136 0
1307 A -2 1 -19 0 52 0
1307 A -2 1 -20 0 -146 -1
1307 A -2 1 -23 0 -141 -1
1307 A -2 1 -24 0 96 0
1307 A -2 1 -31 0 136 1
1307 A -2 1 -45 0 115 1
1307 A -2 1 -46 0 93 0
1307 A -2 1 -71 0 -137 -1
1307 A -2 1 -75 0 134 1
1307 A -2 1 -87 0 -119 -1
1307 A -2 1 -92 0 -116 -1
1307 A -2 1 -95 0 140 1
1307 A -2 1 -104 0 -153 -1
1307 A 1 1 -19 0 52 0
1307 A 1 1 -20 0 -147 1
1307 A 1 1 -23 0 -142 1
1307 A 1 1 -24 0 96 0
1307 A 1 1 -31 0 137 -1
1307 A 1 1 -45 0 116 -1
1307 A 1 1 -46 0 93 0
1307 A 1 1 -71 0 -138 1
1307 A 1 1 -75 0 135 -1
1307 A 1 1 -87 0 -120 1
1307 A 1 1 -92 0 -117 1
1307 A 1 1 -95 0 141 -1
1307 A 1 1 -104 0 -154 1
1307 A -3 1 -19 0 -35 0
1307 A -3 1 -20 0 50 0
1307 A -3 1 -22 0 103 1
1307 A -3 1 -23 0 29 0
1307 A -3 1 -28 0 -104 -1
1307 A -3 1 -32 0 -52 0
1307 A -3 1 -38 0 146 1
1307 A -3 1 -44 0 53 0
1307 A -3 1 -55 0 106 1
1307 A -3 1 -56 0 110 1
1307 A -3 1 -58 0 -152 -1
1307 A -3 1 -67 -1 154 1
1307 A -3 1 -73 -1 -89 -1
1307 A -3 1 -85 -1 -137 -1
1307 A -3 1 -86 -1 113 1
1307 A -3 1 -107 -1 -109 -1
1307 A -3 1 -112 -1 136 1
1307 A -3 1 -115 -1 124 1
1307 A -3 1 -127 -1 -143 -1
1307 A 2 1 -19 0 -35 0
1307 A 2 1 -20 0 50 0
1307 A 2 1 -22 0 104 -1
1307 A 2 1 -23 0 29 0
1307 A 2 1 -28 0 -105 1
1307 A 2 1 -32 0 -52 0
1307 A 2 1 -38 0 147 -1
1307 A 2 1 -44 0 53 0
1307 A 2 1 -55 0 107 -1
1307 A 2 1 -56 0 111 -1
1307 A 2 1 -58 0 -153 1
1307 A 2 1 68 -1 -155 1
1307 A 2 1 74 -1 90 -1
1307 A 2 1 86 -1 138 -1
1307 A 2 1 87 -1 -114 1
1307 A 2 1 108 -1 110 -1
1307 A 2 1 113 -1 -137 1
1307 A 2 1 116 -1 -125 1
1307 A 2 1 128 -1 144 -1
1307 A -4 1 -19 0 -103 -1
1307 A -4 1 -22 0 -73 -1
1307 A -4 1 -23 0 55 1
1307 A -4 1 -28 0 105 1
1307 A -4 1 -29 0 144 2
1307 A -4 1 -32 0 49 1
1307 A -4 1 -37 0 51 1
1307 A -4 1 -38 0 112 1
1307 A -4 1 -44 0 127 1
1307 A -4 1 -46 0 -136 -1
1307 A -4 1 -52 -1 -111 -1
1307 A -4 1 -54 -1 72 1
1307 A -4 1 -60 -1 -139 -1
1307 A -4 1 -70 -1 -138 -1
1307 A -4 1 -87 -1 -141 -2
1307 A -4 1 -90 -1 -115 -1
1307 A -4 1 -106 -1 -143 -2
1307 A -4 1 -114 -1 -150 -2
1307 A -4 1 -121 -1 -152 -2
1307 A 3 1 -19 0 -104 1
1307 A 3 1 -22 0 -74 1
1307 A 3 1 -23 0 56 -1
1307 A 3 1 -28 0 106 -1
1307 A 3 1 -29 0 146 -2
1307 A 3 1 -32 0 50 -1
1307 A 3 1 -37 0 52 -1
1307 A 3 1 -38 0 113 -1
1307 A 3 1 -44 0 128 -1
1307 A 3 1 -46 0 -137 1
1307 A 3 1 53 -1 112 -1
1307 A 3 1 55 -1 -73 1
1307 A 3 1 61 -1 140 -1
1307 A 3 1 71 -1 139 -1
1307 A 3 1 88 -1 143 -2
1307 A 3 1 91 -1 116 -1
1307 A 3 1 107 -1 145 -2
1307 A 3 1 115 -1 152 -2
1307 A 3 1 122 -1 154 -2
1307 A -5 1 -19 0 -68 -1
1307 A -5 1 -20 0 -47 -1
1307 A -5 1 -21 0 -33 0
1307 A -5 1 -24 0 -149 -2
1307 A -5 1 -30 0 76 1
1307 A -5 1 -42 -1 91 1
1307 A -5 1 -50 -1 -77 -1
1307 A -5 1 -61 -1 153 2
1307 A -5 1 -74 -1 113 2
1307 A -5 1 -87 -1 -122 -2
1307 A -5 1 -104 -1 146 2
1307 A -5 1 -112 -2 118 2
1307 A -5 1 -136 -2 154 2
1307 A 4 1 -19 0 -69 1
1307 A 4 1 -20 0 -48 1
1307 A 4 1 -21 0 -33 0
1307 A 4 1 -24 0 -151 2
1307 A 4 1 -30 0 77 -1
1307 A 4 1 43 -1 -92 1
1307 A 4 1 51 -1 78 -1
1307 A 4 1 62 -1 -155 2
1307 A 4 1 75 -1 -115 2
1307 A 4 1 88 -1 124 -2
1307 A 4 1 105 -1 -148 2
1307 A 4 1 114 -2 -120 2
1307 A 4 1 138 -2 -156 2
1307 A -6 1 -19 0 88 1
1307 A -6 1 -20 0 113 2
1307 A -6 1 -22 0 -134 -2
1307 A -6 1 -23 0 -31 0
1307 A -6 1 -25 0 88 2
1307 A -6 1 -26 0 -139 -2
1307 A -6 1 -29 0 -148 -2
1307 A -6 1 -32 -1 41 1
1307 A -6 1 -34 -1 -104 -2
1307 A -6 1 -35 -1 -136 -2
1307 A -6 1 -37 -1 -77 -1
1307 A -6 1 -46 -1 91 2
1307 A -6 1 -47 -1 116 2
1307 A -6 1 -52 -1 -74 -1
1307 A -6 1 -53 -1 -109 -2
1307 A -6 1 -55 -1 -146 -2
1307 A -6 1 -56 -1 149 3
1307 A -6 1 -58 -1 94 2
1307 A -6 1 -70 -1 -143 -2
1307 A -6 1 -73 -1 -110 -2
1307 A -6 1 -89 -1 -112 -2
1307 A -6 1 -89 -2 140 2
1307 A -6 1 -92 -2 -115 -2
1307 A -6 1 -97 -2 -119 -2
1307 A -6 1 -101 -2 -127 -2
1307 A -6 1 -103 -2 -137 -2
1307 A -6 1 -145 -2 148 3
1307 A 5 1 -19 0 89 -1
1307 A 5 1 -20 0 115 -2
1307 A 5 1 -22 0 -136 2
1307 A 5 1 -23 0 -31 0
1307 A 5 1 -25 0 90 -2
1307 A 5 1 -26 0 -141 2
1307 A 5 1 -29 0 -150 2
1307 A 5 1 33 -1 -42 1
1307 A 5 1 35 -1 106 -2
1307 A 5 1 36 -1 138 -2
1307 A 5 1 38 -1 78 -1
1307 A 5 1 47 -1 -93 2
1307 A 5 1 48 -1 -118 2
1307 A 5 1 53 -1 75 -1
1307 A 5 1 54 -1 111 -2
1307 A 5 1 56 -1 148 -2
1307 A 5 1 57 -1 -152 3
1307 A 5 1 59 -1 -96 2
1307 A 5 1 71 -1 145 -2
1307 A 5 1 74 -1 112 -2
1307 A 5 1 90 -1 114 -2
1307 A 5 1 91 -2 -142 2
1307 A 5 1 94 -2 117 -2
1307 A 5 1 99 -2 121 -2
1307 A 5 1 103 -2 129 -2
1307 A 5 1 105 -2 139 -2
1307 A 5 1 147 -2 -151 3
1307 A 19 0 -6 -1 -11 7
1307 A 19 0 7 -1 4 7
1307 A 19 0 -7 -1 -10 6
1307 A 19 0 8 -1 4 6
1307 A 19 0 1 -2 14 -9
1307 A 19 0 0 -2 -7 7
1307 A 19 0 2 -2 0 7
1307 A 19 0 -2 -2 -3 -8
1307 A 19 0 4 -2 11 -8
1307 A 19 0 -3 -2 2 3
1307 A 19 0 5 -2 -5 3
1307 A 19 0 -5 -2 2 -6
1307 A 19 0 7 -2 4 -6
1307 A 19 0 -6 -2 -7 -3
1307 A 19 0 8 -2 10 -3
1307 A 19 0 -7 -2 3 -7
1307 A 19 0 9 -2 4 -7
1307 A 19 0 -8 -2 10 -2
1307 A 19 0 1 -3 9 -4
1307 A 19 0 2 -3 -5 -4
1307 A 19 0 0 -3 8 -8
1307 A 19 0 3 -3 0 -8
1307 A 19 0 -1 -3 2 8
1307 A 19 0 4 -3 -10 8
1307 A 19 0 -4 -3 1 5
1307 A 19 0 7 -3 -6 5
1307 A 19 0 -6 -3 2 -7
1307 A 19 0 9 -3 5 -7
1307 A 19 0 11 -3 3 -6
1307 A 19 0 2 -4 7 5
1307 A 19 0 0 -4 6 -6
1307 A 19 0 4 -4 0 -6
1307 A 19 0 -1 -4 2 6
1307 A 19 0 5 -4 -8 6
1307 A 19 0 -3 -4 5 8
1307 A 19 0 7 -4 -13 8
1307 A 19 0 -4 -4 8 -4
1307 A 19 0 -6 -4 1 -8
1307 A 19 0 10 -4 7 -8
1307 A 19 0 2 -5 -3 5
1307 A 19 0 1 -5 4 -5
1307 A 19 0 -3 -5 -3 9
1307 A 19 0 8 -5 -6 9
1307 A 19 0 -1 -6 -7 6
1307 A 19 0 -5 -6 -3 -7
1307 A 19 0 11 -6 10 -7
1307 A 19 0 -1 -7 -13 9
1307 A 19 0 8 -7 4 9
1307 A 19 0 13 -7 4 -8
1307 A 19 0 -1 -8 -9 8
1307 A -7 1 -20 0 -145 -3
1307 A -7 1 -25 0 -52 -1
1307 A -7 1 -24 -1 -105 -2
1307 A -7 1 -25 -1 152 3
1307 A -7 1 -28 -1 102 2
1307 A -7 1 -33 -1 -76 -1
1307 A -7 1 -36 -1 89 2
1307 A -7 1 -42 -1 -114 -2
1307 A -7 1 -43 -1 134 3
1307 A -7 1 -51 -1 63 1
1307 A -7 1 -54 -1 107 2
1307 A -7 1 -57 -1 -84 -2
1307 A -7 1 -73 -1 122 3
1307 A -7 1 -104 -2 151 3
1307 A -7 1 -113 -2 133 3
1307 A -7 1 -117 -2 -148 -3
1307 A 6 1 -20 0 -148 3
1307 A 6 1 -25 0 -53 1
1307 A 6 1 25 -1 107 -2
1307 A 6 1 26 -1 -155 3
1307 A 6 1 29 -1 -104 2
1307 A 6 1 34 -1 77 -1
1307 A 6 1 37 -1 -91 2
1307 A 6 1 43 -1 116 -2
1307 A 6 1 44 -1 -137 3
1307 A 6 1 52 -1 -64 1
1307 A 6 1 55 -1 -109 2
1307 A 6 1 58 -1 86 -2
1307 A 6 1 74 -1 -125 3
1307 A 6 1 106 -2 -154 3
1307 A 6 1 115 -2 -136 3
1307 A 6 1 119 -2 151 -3
1307 A -8 1 -20 0 -110 -3
1307 A -8 1 -21 0 65 1
1307 A -8 1 -22 0 -71 -2
1307 A -8 1 -23 0 42 1
1307 A -8 1 -25 -1 -50 -1
1307 A -8 1 -28 -1 -101 -2
1307 A -8 1 -32 -1 -59 -1
1307 A -8 1 -44 -1 -65 -2
1307 A -8 1 -52 -1 67 2
1307 A -8 1 -75 -2 -85 -2
1307 A -8 1 -87 -2 103 2
1307 A -8 1 -90 -2 -96 -2
1307 A -8 1 -122 -3 -149 -4
1307 A -8 1 -133 -3 -137 -3
1307 A -8 1 -143 -3 -148 -3
1307 A 7 1 -20 0 -113 3
1307 A 7 1 -21 0 66 -1
1307 A 7 1 -22 0 -73 2
1307 A 7 1 -23 0 43 -1
1307 A 7 1 26 -1 51 -1
1307 A 7 1 29 -1 103 -2
1307 A 7 1 33 -1 60 -1
1307 A 7 1 45 -1 67 -2
1307 A 7 1 53 -1 -69 2
1307 A 7 1 77 -2 87 -2
1307 A 7 1 89 -2 -105 2
1307 A 7 1 92 -2 98 -2
1307 A 7 1 125 -3 153 -4
1307 A 7 1 136 -3 140 -3
1307 A 7 1 146 -3 151 -3
1307 A -9 1 -22 0 100 3
1307 A -9 1 -23 0 -43 -1
1307 A -9 1 -17 -1 -37 -1
1307 A -9 1 -20 -1 -46 -1
1307 A -9 1 -23 -1 -151 -4
1307 A -9 1 -25 -1 -140 -4
1307 A -9 1 -32 -1 119 3
1307 A -9 1 -34 -1 -131 -4
1307 A -9 1 -35 -1 -109 -3
1307 A -9 1 -44 -1 101 3
1307 A -9 1 -50 -1 -115 -3
1307 A -9 1 -53 -1 -121 -3
1307 A -9 1 -55 -1 88 2
1307 A -9 1 -56 -1 -142 -4
1307 A -9 1 -59 -1 -70 -2
1307 A -9 1 -65 -2 98 3
1307 A -9 1 -67 -2 133 4
1307 A -9 1 -68 -2 98 2
1307 A -9 1 -86 -2 152 4
1307 A -9 1 -89 -2 143 4
1307 A -9 1 -92 -2 149 4
1307 A -9 1 -97 -2 -134 -4
1307 A -9 1 -110 -3 -130 -4
1307 A -9 1 -112 -3 -128 -3
1307 A -9 1 -116 -3 137 4
1307 A 8 1 -22 0 103 -3
1307 A 8 1 -23 0 -44 1
1307 A 8 1 18 -1 38 -1
1307 A 8 1 21 -1 47 -1
1307 A 8 1 24 -1 155 -4
1307 A 8 1 26 -1 144 -4
1307 A 8 1 33 -1 -122 3
1307 A 8 1 35 -1 135 -4
1307 A 8 1 36 -1 112 -3
1307 A 8 1 45 -1 -104 3
1307 A 8 1 51 -1 118 -3
1307 A 8 1 54 -1 124 -3
1307 A 8 1 56 -1 -90 2
1307 A 8 1 57 -1 146 -4
1307 A 8 1 60 -1 72 -2
1307 A 8 1 67 -2 -101 3
1307 A 8 1 69 -2 -137 4
1307 A 8 1 70 -2 -100 2
1307 A 8 1 88 -2 -156 4
1307 A 8 1 91 -2 -147 4
1307 A 8 1 94 -2 -153 4
1307 A 8 1 99 -2 138 -4
1307 A 8 1 113 -3 134 -4
1307 A 8 1 115 -3 131 -3
1307 A 8 1 119 -3 -141 4
1307 A 20 0 -9 -1 -10 7
1307 A 20 0 10 -1 3 7
1307 A 20 0 1 -3 2 -3
1307 A 20 0 -1 -3 12 -9
1307 A 20 0 4 -3 -3 -9
1307 A 20 0 -2 -3 5 9
1307 A 20 0 5 -3 -14 9
1307 A 20 0 -3 -3 6 -3
1307 A 20 0 -4 -3 -3 7
1307 A 20 0 7 -3 -4 7
1307 A 20 0 -7 -3 -10 9
1307 A 20 0 10 -3 1 9
1307 A 20 0 -8 -3 1 7
1307 A 20 0 11 -3 -8 7
1307 A 20 0 1 -7 -2 9
1307 A 20 0 6 -7 -7 9
1307 A 20 0 0 -7 9 -9
1307 A 20 0 7 -7 0 -9
1307 A 20 0 -2 -7 9 -7
1307 A 20 0 1 -9 -8 9
1307 A 20 0 -4 -9 -13 9
1307 A -10 1 -13 -1 -115 -3
1307 A -10 1 -18 -1 -104 -3
1307 A -10 1 -19 -1 -85 -3
1307 A -10 1 -24 -1 144 4
1307 A -10 1 -30 -1 53 2
1307 A -10 1 -36 -1 106 3
1307 A -10 1 -45 -1 71 2
1307 A -10 1 -46 -1 -47 -2
1307 A -10 1 -48 -2 72 2
1307 A -10 1 -59 -2 -75 -2
1307 A -10 1 -74 -2 -133 -4
1307 A -10 1 -80 -3 -123 -4
1307 A -10 1 -82 -3 135 4
1307 A -10 1 -86 -3 -103 -3
1307 A -10 1 -92 -3 148 4
1307 A -10 1 -97 -3 -157 -4
1307 A -10 1 -101 -3 151 4
1307 A -10 1 -147 -4 -154 -4
1307 A 9 1 14 -1 118 -3
1307 A 9 1 19 -1 107 -3
1307 A 9 1 20 -1 88 -3
1307 A 9 1 25 -1 -148 4
1307 A 9 1 31 -1 -55 2
1307 A 9 1 37 -1 -109 3
1307 A 9 1 46 -1 -73 2
1307 A 9 1 47 -1 49 -2
1307 A 9 1 50 -2 -74 2
1307 A 9 1 61 -2 77 -2
1307 A 9 1 76 -2 137 -4
1307 A 9 1 83 -3 127 -4
1307 A 9 1 85 -3 -139 4
1307 A 9 1 89 -3 106 -3
1307 A 9 1 95 -3 -152 4
1307 A 9 1 100 -3 161 -4
1307 A 9 1 104 -3 -155 4
1307 A 9 1 151 -4 158 -4
1307 A -11 1 -10 -1 -82 -2
1307 A -11 1 -11 -1 -106 -3
1307 A -11 1 -13 -1 -69 -2
1307 A -11 1 -14 -1 24 1
1307 A -11 1 -31 -1 -41 -1
1307 A -11 1 -34 -1 46 2
1307 A -11 1 -36 -1 71 2
1307 A -11 1 -48 -1 145 5
1307 A -11 1 -44 -2 -137 -5
1307 A -11 1 -48 -2 -151 -5
1307 A -11 1 -59 -2 -150 -5
1307 A -11 1 -61 -2 -135 -4
1307 A -11 1 -77 -2 -95 -3
1307 A -11 1 -83 -3 118 4
1307 A -11 1 -89 -3 -142 -5
1307 A -11 1 -104 -3 -141 -4
1307 A -11 1 -111 -4 148 5
1307 A -11 1 -113 -4 -123 -4
1307 A -11 1 -116 -4 139 4
1307 A 10 1 11 -1 84 -2
1307 A 10 1 12 -1 109 -3
1307 A 10 1 14 -1 71 -2
1307 A 10 1 15 -1 -25 1
1307 A 10 1 32 -1 42 -1
1307 A 10 1 35 -1 -48 2
1307 A 10 1 37 -1 -73 2
1307 A 10 1 49 -1 -150 5
1307 A 10 1 46 -2 142 -5
1307 A 10 1 50 -2 156 -5
1307 A 10 1 61 -2 155 -5
1307 A 10 1 63 -2 139 -4
1307 A 10 1 79 -2 98 -3
1307 A 10 1 86 -3 -122 4
1307 A 10 1 92 -3 147 -5
1307 A 10 1 107 -3 145 -4
1307 A 10 1 115 -4 -153 5
1307 A 10 1 117 -4 127 -4
1307 A 10 1 120 -4 -143 4
1307 A 21 0 1 -2 -4 8
1307 A 21 0 -5 -2 -7 2
1307 A -12 1 -13 -1 142 5
1307 A -12 1 -14 -1 41 1
1307 A -12 1 -16 -1 58 2
1307 A -12 1 -19 -1 -50 -2
1307 A -12 1 -25 -1 -38 -2
1307 A -12 1 -26 -1 -109 -4
1307 A -12 1 -28 -1 -158 -5
1307 A -12 1 -32 -1 -49 -2
1307 A -12 1 -37 -1 130 4
1307 A -12 1 -38 -1 65 3
1307 A -12 1 -40 -1 -143 -5
1307 A -12 1 -43 -1 157 5
1307 A -12 1 -37 -2 -110 -4
1307 A -12 1 -55 -2 -86 -3
1307 A -12 1 -56 -2 -73 -3
1307 A -12 1 -64 -3 -131 -4
1307 A -12 1 -67 -3 145 5
1307 A -12 1 -68 -3 92 3
1307 A -12 1 -71 -3 -115 -4
1307 A -12 1 -91 -3 -146 -5
1307 A -12 1 -98 -3 113 4
1307 A -12 1 -92 -4 140 5
1307 A -12 1 -112 -4 127 4
1307 A -12 1 -130 -5 -155 -5
1307 A 11 1 14 -1 -147 5
1307 A 11 1 15 -1 -42 1
1307 A 11 1 17 -1 -60 2
1307 A 11 1 20 -1 52 -2
1307 A 11 1 26 -1 40 -2
1307 A 11 1 27 -1 113 -4
1307 A 11 1 29 -1 163 -5
1307 A 11 1 33 -1 51 -2
1307 A 11 1 38 -1 -134 4
1307 A 11 1 39 -1 -68 3
1307 A 11 1 41 -1 148 -5
1307 A 11 1 44 -1 -162 5
1307 A 11 1 39 -2 114 -4
1307 A 11 1 57 -2 89 -3
1307 A 11 1 58 -2 76 -3
1307 A 11 1 67 -3 135 -4
1307 A 11 1 70 -3 -150 5
1307 A 11 1 71 -3 -95 3
1307 A 11 1 74 -3 119 -4
1307 A 11 1 94 -3 151 -5
1307 A 11 1 101 -3 -117 4
1307 A 11 1 96 -4 -145 5
1307 A 11 1 116 -4 -131 4
1307 A 11 1 135 -5 160 -5
1307 A -13 1 -12 -1 32 2
1307 A -13 1 -13 -1 -91 -3
1307 A -13 1 -18 -1 122 5
1307 A -13 1 -27 -1 105 4
1307 A -13 1 -39 -1 -39 -2
1307 A -13 1 -42 -1 137 5
1307 A -13 1 -41 -2 -121 -4
1307 A -13 1 -47 -2 -60 -2
1307 A -13 1 -53 -2 136 6
1307 A -13 1 -62 -3 71 3
1307 A -13 1 -64 -3 84 4
1307 A -13 1 -70 -3 148 6
1307 A -13 1 -89 -3 135 5
1307 A -13 1 -95 -3 103 4
1307 A -13 1 -91 -4 100 4
1307 A -13 1 -147 -5 143 6
1307 A 12 1 13 -1 -34 2
1307 A 12 1 14 -1 94 -3
1307 A 12 1 19 -1 -127 5
1307 A 12 1 28 -1 -109 4
1307 A 12 1 40 -1 41 -2
1307 A 12 1 43 -1 -142 5
1307 A 12 1 43 -2 125 -4
1307 A 12 1 49 -2 62 -2
1307 A 12 1 55 -2 -142 6
1307 A 12 1 65 -3 -74 3
1307 A 12 1 67 -3 -88 4
1307 A 12 1 73 -3 -154 6
1307 A 12 1 92 -3 -140 5
1307 A 12 1 98 -3 -107 4
1307 A 12 1 95 -4 -104 4
1307 A 12 1 152 -5 -149 6
1307 A 22 0 -2 -3 1 -5
1307 A 22 0 5 -3 4 -5
1307 A 22 0 -4 -3 7 -3
1307 A 22 0 -5 -3 4 -7
1307 A 22 0 8 -3 3 -7
1307 A 22 0 -6 -3 -7 -5
1307 A 22 0 9 -3 12 -5
1307 A 22 0 -8 -3 -11 5
1307 A 22 0 11 -3 6 5
1307 A 22 0 -1 -5 -2 9
1307 A 22 0 6 -5 -7 9
1307 A 22 0 -3 -5 2 7
1307 A 22 0 8 -5 -9 7
1307 A 22 0 -8 -5 5 -7
1307 A 22 0 13 -5 2 -7
1307 A 22 0 1 -7 6 -7
1307 A -14 1 -15 -1 102 4
1307 A -14 1 -21 -1 104 4
1307 A -14 1 -24 -1 39 2
1307 A -14 1 -30 -1 53 2
1307 A -14 1 -34 -1 -39 -1
1307 A -14 1 -31 -2 -41 -2
1307 A -14 1 -61 -2 -113 -5
1307 A -14 1 -69 -3 -118 -5
1307 A -14 1 -74 -3 -131 -6
1307 A 13 1 16 -1 -106 4
1307 A 13 1 22 -1 -108 4
1307 A 13 1 25 -1 -41 2
1307 A 13 1 31 -1 -55 2
1307 A 13 1 35 -1 40 -1
1307 A 13 1 33 -2 43 -2
1307 A 13 1 63 -2 118 -5
1307 A 13 1 72 -3 123 -5
1307 A 13 1 77 -3 137 -6
1307 A 23 0 -3 -2 10 -4
1307 A 23 0 5 -2 -6 -4
1307 A 23 0 -5 -2 -12 10
1307 A 23 0 7 -2 2 10
1307 A 23 0 13 -3 -4 8
1307 A 23 0 2 -4 -3 6
1307 A 23 0 0 -4 -8 8
1307 A 23 0 4 -4 0 8
1307 A 23 0 -9 -4 1 5
1307 A 23 0 13 -4 -6 5
1307 A 23 0 -2 -5 7 -5
1307 A -15 1 -14 -1 -22 -1
1307 A -15 1 -20 -1 -31 -1
1307 A -15 1 -25 -1 49 3
1307 A -15 1 -29 -1 -31 -2
1307 A -15 1 -32 -1 50 2
1307 A -15 1 -41 -2 -76 -3
1307 A -15 1 -62 -2 146 7
1307 A -15 1 -73 -3 133 6
1307 A -15 1 -82 -4 118 6
1307 A -15 1 -83 -4 -109 -5
1307 A -15 1 -110 -5 119 6
1307 A -15 1 -115 -6 136 7
1307 A 14 1 15 -1 23 -1
1307 A 14 1 21 -1 32 -1
1307 A 14 1 26 -1 -52 3
1307 A 14 1 30 -1 33 -2
1307 A 14 1 33 -1 -52 2
1307 A 14 1 43 -2 79 -3
1307 A 14 1 64 -2 -153 7
1307 A 14 1 76 -3 -139 6
1307 A 14 1 86 -4 -124 6
1307 A 14 1 87 -4 114 -5
1307 A 14 1 115 -5 -125 6
1307 A 14 1 121 -6 -143 7
1307 A -16 1 -15 -1 -80 -3
1307 A -16 1 -21 -1 30 1
1307 A -16 1 -29 -2 -94 -4
1307 A -16 1 -44 -3 -153 -7
1307 A -16 1 -73 -3 -100 -4
1307 A -16 1 -87 -4 104 5
1307 A -16 1 -124 -6 138 7
1307 A 15 1 16 -1 83 -3
1307 A 15 1 22 -1 -31 1
1307 A 15 1 31 -2 98 -4
1307 A 15 1 47 -3 160 -7
1307 A 15 1 76 -3 104 -4
1307 A 15 1 91 -4 -109 5
1307 A 15 1 130 -6 -145 7
1307 A 24 0 1 -2 11 2
1307 A 24 0 -5 -2 -7 2
1307 A 24 0 5 -10 7 10
1307 A 24 0 -1 -10 -11 10
1307 A -17 1 -35 -2 106 5
1307 A 16 1 37 -2 -111 5
1307 A 25 0 1 -2 18 -11
1307 A 25 0 -4 -2 8 -11
1307 A 25 0 6 -2 3 -11
1307 A 25 0 -11 -2 13 -2
1307 A 25 0 2 -4 9 7
1307 A 25 0 -1 -4 -10 8
1307 A 25 0 5 -4 2 8
1307 A 25 0 -9 -4 -13 4
1307 A 25 0 -6 -7 13 -7
1307 A 25 0 4 -8 17 -9
1307 A 25 0 0 -8 11 -11
1307 A 25 0 8 -8 0 -11
1307 A -18 1 -17 -1 -109 -6
1307 A -18 1 -49 -2 139 8
1307 A -18 1 -67 -4 -152 -8
1307 A 17 1 18 -1 115 -6
1307 A 17 1 51 -2 -147 8
1307 A 17 1 71 -4 160 -8
1307 A -19 1 -18 -1 103 6
1307 A -19 1 -17 -2 35 2
1307 A -19 1 -52 -3 83 5
1307 A -19 1 -128 -8 142 9
1307 A 18 1 19 -1 -109 6
1307 A 18 1 19 -2 -37 2
1307 A 18 1 55 -3 -88 5
1307 A 18 1 136 -8 -151 9
1307 A 26 0 -9 -3 10 -9
1307 A 26 0 12 -3 -1 -9
1307 A 26 0 4 -9 -5 9
1307 A 26 0 3 -9 6 -9
1307 A -21 1 -20 -1 59 5
1307 A -21 1 -43 -2 -122 -8
1307 A -21 1 -95 -5 -121 -9
1307 A 20 1 21 -1 -64 5
1307 A 20 1 45 -2 130 -8
1307 A 20 1 100 -5 130 -9
1307 A 28 0 1 -3 2 -3
1307 A -22 1 -30 -1 129 10
1307 A 21 1 31 -1 -139 10
1307 A -23 1 -56 -4 82 5
1307 A 22 1 60 -4 -87 5
1307 A 29 0 -11 -5 -16 5
1307 A 29 0 17 -5 6 -12
1307 A 30 0 -11 -2 -7 8
1307 A 30 0 13 -2 -1 8
1307 A -25 1 -11 -2 26 2
1307 A 24 1 13 -2 -28 2
1307 A 31 0 2 -5 6 -10
1307 A 31 0 3 -5 4 -10
1307 A -28 1 -148 -13 -150 -13
1307 A 27 1 161 -13 163 -13
1307 S 1 1 7 0
1307 S 2 2 7 0
1307 S -4 3 7 0
1307 S -2 1 7 0
1307 S -4 2 7 0
1307 S 1 3 7 0
1307 S -3 1 9 0
1307 S 3 2 9 0
1307 S -3 4 9 0
1307 S 2 1 9 0
1307 S -5 2 9 0
1307 S -1 4 9 0
1307 S 5 1 17 0
1307 S -7 2 17 0
1307 S -2 3 17 0
1307 S 3 4 17 0
1307 S -9 5 17 0
1307 S -4 6 17 0
1307 S 1 7 17 0
1307 S -11 8 17 0
1307 S -6 1 17 0
1307 S 5 2 17 0
1307 S -1 3 17 0
1307 S -7 4 17 0
1307 S 4 5 17 0
1307 S -2 6 17 0
1307 S -8 7 17 0
1307 S 3 8 17 0
1307 S 8 1 19 0
1307 S -3 2 19 0
1307 S 5 3 19 0
1307 S -6 4 19 0
1307 S 2 5 19 0
1307 S -9 6 19 0
1307 S -1 7 19 0
1307 S -12 8 19 0
1307 S -4 9 19 0
1307 S -9 1 19 0
1307 S 1 2 19 0
1307 S -8 3 19 0
1307 S 2 4 19 0
1307 S -7 5 19 0
1307 S 3 6 19 0
1307 S -6 7 19 0
1307 S 4 8 19 0
1307 S -5 9 19 0
1307 T 128 917 1549 0 0
1307 T 1551 74 1473 0 0
1307 T 1475 923 126 0 0
1307 T 923 74 917 1 0
1307 T 396 2159 542 -1 0
1307 T 540 2222 394 0 0
1307 T 544 554 538 0 0
1307 T 2222 556 2159 0 0
1307 T 168 166 168 -1 0
1307 T 134 136 134 0 0
1307 T 600 483 2338 0 0
1307 T 2340 487 2277 0 0
1307 T 2279 477 598 0 0
1307 T 477 485 483 0 0
1307 T 288 286 288 -1 0
1307 T 224 222 224 -1 0
1307 T 722 1629 1682 0 0
1307 T 720 716 724 0 0
1307 T 1684 9 718 0 0
1307 T 716 10 1629 0 0
1307 T 160 1509 822 0 0
1307 T 832 1685 158 0 0
1307 T 824 939 830 0 0
1307 T 1685 937 1509 0 0
1307 T 155 1635 825 0 0
1307 T 827 942 817 0 0
1307 T 819 1587 153 0 0
1307 T 1587 944 1635 0 0
1307 T 396 415 390 -1 0
1307 T 392 2329 542 0 0
1307 T 2157 2331 415 0 0
1307 T 387 410 393 0 0
1307 T 539 2271 385 0 0
1307 T 410 2269 2223 0 0
1307 T 768 751 759 0 0
1307 T 757 1290 1645 0 0
1307 T 1647 118 766 0 0
1307 T 118 1292 751 0 0
1307 T 763 123 1594 0 0
1307 T 759 754 761 0 0
1307 T 1596 1367 757 0 0
1307 T 754 1365 123 0 0
1307 T 284 280 288 0 0
1307 T 692 2280 282 0 0
1307 T 280 2337 686 0 0
1307 T 654 1705 1813 0 0
1307 T 652 648 656 0 0
1307 T 1815 262 650 0 0
1307 T 648 264 1705 0 0
1307 T 180 1621 826 0 0
1307 T 828 935 830 0 0
1307 T 832 1676 178 0 0
1307 T 1676 933 1621 0 0
1307 T 644 670 634 0 0
1307 T 636 2127 1649 0 0
1307 T 1651 258 642 0 0
1307 T 258 2125 670 0 0
1307 T 639 255 1598 0 0
1307 T 631 667 637 0 0
1307 T 1600 2189 629 0 0
1307 T 667 2191 255 0 0
1307 T 284 289 274 0 0
1307 T 276 2771 862 0 0
1307 T 864 2284 282 0 0
1307 T 2284 2769 289 0 0
1307 T 279 2342 857 0 0
1307 T 271 296 277 0 0
1307 T 859 2697 269 0 0
1307 T 296 2699 2342 0 0
1307 T 544 2328 578 0 0
1307 T 580 2265 538 0 0
1307 T 2265 2326 556 0 0
1307 T 193 197 190 0 0
1307 T 192 863 2657 0 0
1307 T 2659 2323 195 0 0
1307 T 2323 861 197 0 0
1307 T 195 2261 2729 0 0
1307 T 187 204 193 0 0
1307 T 2731 858 185 0 0
1307 T 204 860 2261 0 0
1307 T 2 56 57 -1 1
1307 T 1 2 1 1 0
1307 T 748 850 738 0 0
1307 T 740 1616 1233 0 0
1307 T 1235 108 746 0 0
1307 T 108 1614 850 0 0
1307 T 743 108 1182 0 0
1307 T 735 855 741 0 0
1307 T 1184 1666 733 0 0
1307 T 855 1668 108 0 0
1307 T 128 2917 2602 0 0
1307 T 124 131 126 0 0
1307 T 2604 2699 122 0 0
1307 T 131 2697 2917 0 0
1307 T 127 131 117 0 0
1307 T 119 2769 2597 0 0
1307 T 2599 2843 125 0 0
1307 T 2843 2771 131 0 0
1307 T 100 946 1406 0 0
1307 T 1408 967 1329 0 0
1307 T 1331 952 98 0 0
1307 T 952 965 946 0 0
1307 T 192 2774 1926 0 0
1307 T 188 220 190 0 0
1307 T 1928 2703 186 -1 0
1307 T 220 2701 2774 0 0
1307 T 692 706 682 0 0
1307 T 684 1571 282 0 0
1307 T 1571 708 2278 0 0
1307 T 279 1493 677 0 0
1307 T 679 711 685 0 0
1307 T 2340 709 1493 0 0
1307 T 0 2785 2862 0 0
1307 T 2864 84 2785 0 0
1307 T 84 82 84 -1 0
1307 T 296 2919 1011 0 0
1307 T 1009 129 2342 0 0
1307 T 1011 2841 289 0 0
1307 T 2284 129 1009 0 0
1307 T 600 1908 1493 0 0
1307 T 481 709 1908 0 0
1307 T 1571 1798 597 0 0
1307 T 1798 708 480 0 0
1307 T 1399 1423 1393 0 0
1307 T 1395 4 1477 0 0
1307 T 1479 21 1397 0 0
1307 T 1320 1345 1322 0 0
1307 T 1324 23 1553 0 0
1307 T 1555 4 1318 1 0
1307 T 408 2680 2210 0 0
1307 T 400 443 406 0 0
1307 T 2212 669 398 0 0
1307 T 443 671 2680 0 0
1307 T 403 446 397 0 0
1307 T 399 668 2146 0 0
1307 T 2148 2750 401 0 0
1307 T 2750 666 446 0 0
1307 T 252 276 258 0 0
1307 T 2127 2777 250 0 0
1307 T 276 2779 670 0 0
1307 T 255 269 245 0 0
1307 T 247 2707 2189 0 0
1307 T 667 2705 269 0 0
1307 T 800 920 806 0 0
1307 T 804 922 794 0 0
1307 T 384 886 2373 0 0
1307 T 374 378 382 0 0
1307 T 2375 2476 376 0 0
1307 T 378 2474 886 0 0
1307 T 2212 675 2145 0 0
1307 T 665 673 671 0 0
1307 T 59 85 2906 0 0
1307 T 2908 104 2829 0 0
1307 T 2831 91 60 0 0
1307 T 91 102 85 0 0
1307 T 536 564 526 0 0
1307 T 528 2169 1653 0 0
1307 T 1655 331 534 0 0
1307 T 331 2171 564 0 0
1307 T 531 326 1602 0 0
1307 T 523 564 529 0 0
1307 T 1604 2235 521 0 0
1307 T 564 2233 326 0 0
1307 T 456 2345 898 0 0
1307 T 448 473 454 0 0
1307 T 900 2704 446 0 0
1307 T 473 2702 2345 0 0
1307 T 451 472 441 0 0
1307 T 443 2774 893 0 0
1307 T 895 2287 449 0 0
1307 T 2287 2776 472 0 0
1307 T 260 854 1657 0 0
1307 T 1659 885 2121 0 0
1307 T 2123 848 258 0 0
1307 T 848 887 854 0 0
1307 T 255 841 2185 0 0
1307 T 1608 851 253 0 0
1307 T 2187 888 1606 0 0
1307 T 851 886 841 0 0
1307 T 684 7 1485 -1 0
1307 T 674 678 682 0 0
1307 T 1487 1564 676 1 0
1307 T 678 1562 7 0 0
1307 T 72 310 314 -1 0
1307 T 316 2101 2689 0 0
1307 T 2691 2764 72 0 0
1307 T 2764 2103 310 0 0
1307 T 756 860 746 0 0
1307 T 748 2263 1361 0 0
1307 T 1363 202 754 0 0
1307 T 751 199 1286 0 0
1307 T 743 861 749 0 0
1307 T 1288 2321 741 0 0
1307 T 341 2185 2373 0 0
1307 T 384 1608 343 0 0
1307 T 343 1657 377 0 0
1307 T 2475 2123 341 0 0
1307 T 816 928 806 0 0
1307 T 808 130 2133 0 0
1307 T 2135 1166 814 0 0
1307 T 1166 132 928 0 0
1307 T 811 1087 2197 0 0
1307 T 803 929 809 0 0
1307 T 2199 130 801 0 0
1307 T 929 132 1087 0 0
1307 T 264 265 258 0 0
1307 T 2123 2903 262 0 0
1307 T 2903 848 265 0 0
1307 T 263 2825 2185 0 0
1307 T 255 265 261 0 0
1307 T 265 841 2825 0 0
1307 T 784 798 774 0 0
1307 T 776 1215 2305 0 0
1307 T 2307 176 782 0 0
1307 T 176 1213 798 0 0
1307 T 779 169 2246 0 0
1307 T 771 795 777 0 0
1307 T 2248 1266 769 0 0
1307 T 795 1268 169 0 0
1307 T 92 2759 2026 0 0
1307 T 2028 2686 86 -1 0
1307 T 103 2688 2759 0 0
1307 T 700 716 690 0 0
1307 T 688 718 694 0 0
1307 T 872 1575 282 0 0
1307 T 864 925 870 0 0
1307 T 1575 927 2282 0 0
1307 T 279 1497 865 0 0
1307 T 867 932 857 0 0
1307 T 2344 930 1497 0 0
1307 T 788 137 2461 0 0
1307 T 2463 144 2361 0 0
1307 T 2363 138 786 0 0
1307 T 138 142 137 0 0
1307 T 1009 1086 1497 0 0
1307 T 1575 1167 1009 0 0
1307 T 848 1619 1149 0 0
1307 T 840 957 846 0 0
1307 T 1151 90 838 0 0
1307 T 957 92 1619 0 0
1307 T 843 964 833 0 0
1307 T 835 87 1070 0 0
1307 T 1072 1669 841 0 0
1307 T 1669 85 964 0 0
1307 T 576 2903 650 0 0
1307 T 1815 2121 574 0 0
1307 T 571 2187 1706 0 0
1307 T 647 2825 569 0 0
1307 T 105 1062 1393 0 0
1307 T 1399 1859 107 0 0
1307 T 1859 1423 1062 0 0
1307 T 107 1749 1322 0 0
1307 T 1320 1143 105 0 0
1307 T 1143 1345 1749 0 0
1307 T 536 1623 382 0 0
1307 T 1676 532 380 0 0
1307 T 620 732 610 0 0
1307 T 612 2293 1237 0 0
1307 T 1239 182 618 0 0
1307 T 182 2295 732 0 0
1307 T 615 182 1186 0 0
1307 T 607 732 613 0 0
1307 T 1188 2355 605 0 0
1307 T 732 2353 182 0 0
1307 T 188 804 2801 0 0
1307 T 2880 806 190 0 0
1307 T 2803 142 2878 0 0
1307 T 788 1054 2309 0 0
1307 T 784 791 786 0 0
1307 T 2311 137 782 0 0
1307 T 791 139 1054 0 0
1307 T 787 791 777 0 0
1307 T 779 137 2250 0 0
1307 T 2252 1135 785 0 0
1307 T 1135 139 791 0 0
1307 T 440 483 430 0 0
1307 T 432 709 2817 0 0
1307 T 2819 1906 438 0 0
1307 T 435 1800 2893 0 0
1307 T 427 478 433 0 0
1307 T 2895 708 425 0 0
1307 T 468 2235 914 0 0
1307 T 464 499 466 0 0
1307 T 916 2850 462 0 0
1307 T 499 2852 2235 0 0
1307 T 467 499 457 0 0
1307 T 459 2928 909 0 0
1307 T 911 2169 465 0 0
1307 T 2169 2926 499 0 0
1307 T 953 957 950 0 0
1307 T 952 1639 2350 0 0
1307 T 2352 347 955 0 0
1307 T 347 1637 957 0 0
1307 T 955 347 2290 0 0
1307 T 947 964 953 0 0
1307 T 2292 1689 945 0 0
1307 T 964 1691 347 0 0
1307 T 528 2926 574 0 0
1307 T 576 497 1653 0 0
1307 T 571 2852 521 0 0
1307 T 1604 497 569 0 0
1307 T 1235 1952 1361 0 0
1307 T 2261 1950 106 0 0
1307 T 1288 1945 1182 0 0
1307 T 106 1947 2323 0 0
1307 T 1543 4 1725 1 0
1307 T 1539 1553 1541 0 0
1307 T 1727 1320 1537 0 0
1307 T 1464 1393 1833 0 0
1307 T 1468 1479 1462 0 0
1307 T 1835 4 1466 0 0
1307 T 1147 184 1753 0 0
1307 T 1143 1173 1145 0 0
1307 T 1755 1580 1141 0 0
1307 T 1173 1578 184 0 0
1307 T 1064 1502 1861 0 0
1307 T 1068 1096 1062 0 0
1307 T 1863 184 1066 0 0
1307 T 1096 182 1502 0 0
1307 T 880 906 882 0 0
1307 T 884 904 874 0 0
1307 T 392 2315 343 0 0
1307 T 384 407 390 0 0
1307 T 2315 405 1606 0 0
1307 T 343 2253 385 0 0
1307 T 387 402 377 0 0
1307 T 1659 404 2253 0 0
1307 T 2236 2171 936 0 0
1307 T 323 329 325 0 0
1307 T 2659 108 3070 0 0
1307 T 3072 1947 195 0 0
1307 T 195 1950 2974 0 0
1307 T 2976 108 2729 0 0
1307 T 87 61 2905 0 0
1307 T 2832 63 89 0 0
1307 T 644 2677 1517 0 0
1307 T 1519 442 634 0 0
1307 T 631 447 1442 0 0
1307 T 1444 2751 637 0 0
1307 T 912 933 914 0 0
1307 T 2940 152 2878 0 0
1307 T 2803 146 2938 0 0
1307 T 146 142 152 0 0
1307 T 992 452 2305 0 0
1307 T 2307 363 2797 0 0
1307 T 2799 369 990 0 0
1307 T 369 361 452 0 0
1307 T 987 368 2873 0 0
1307 T 2248 453 985 0 0
1307 T 2875 358 2246 0 0
1307 T 453 360 368 0 0
1307 T 2311 2251 656 0 0
1307 T 657 660 656 -1 0
1307 T 2311 579 659 0 0
1307 T 579 2251 660 0 0
1307 T 740 77 1101 0 0
1307 T 1103 2011 1233 0 0
1307 T 1614 2009 77 0 0
1307 T 1024 77 733 0 0
1307 T 1184 2006 1022 0 0
1307 T 77 2008 1668 0 0
1307 T 1143 36 2214 0 0
1307 T 2216 5 1749 0 0
1307 T 1859 5 2150 0 0
1307 T 2152 33 1062 0 0
1307 T 2064 2352 98 0 0
1307 T 1331 1639 2062 0 0
1307 T 99 2290 2057 0 0
1307 T 2059 1689 1405 0 0
1307 T 14 1321 1553 -1 0
1307 T 14 1477 1398 0 0
1307 T 776 339 2797 0 0
1307 T 1213 363 339 0 0
1307 T 2875 334 769 0 0
1307 T 334 358 1268 0 0
1307 T 232 321 226 0 0
1307 T 228 2097 2969 0 0
1307 T 3068 2095 230 0 0
1307 T 2971 1 3066 0 0
1307 T 2777 2706 504 0 0
1307 T 160 162 150 0 0
1307 T 152 2286 3086 0 0
1307 T 3088 2096 158 0 0
1307 T 2096 2288 162 0 0
1307 T 155 2097 2990 0 0
1307 T 147 162 153 0 0
1307 T 2992 2348 145 0 0
1307 T 162 2346 2097 0 0
1307 T 601 2761 1337 0 0
1307 T 1271 311 603 0 0
1307 T 1339 2104 1269 0 0
1307 T 603 314 1218 0 0
1307 T 1220 2101 1413 0 0
1307 T 1415 2691 601 0 0
1307 T 740 889 734 0 0
1307 T 1023 2070 1101 0 0
1307 T 756 2698 1237 0 0
1307 T 1239 272 746 0 0
1307 T 743 273 1186 0 0
1307 T 1188 2772 749 0 0
1307 T 2604 2710 438 0 0
1307 T 2819 183 2602 0 0
1307 T 2710 181 1908 0 0
1307 T 435 2784 2597 0 0
1307 T 2599 183 2893 0 0
1307 T 1798 181 2784 0 0
1307 T 436 2780 2022 0 0
1307 T 440 501 434 0 0
1307 T 2024 2705 438 0 0
1307 T 174 806 2833 0 0
1307 T 2835 130 3110 0 0
1307 T 3112 2135 176 0 0
1307 T 802 170 2912 0 0
1307 T 2910 3013 131 0 0
1307 T 3013 172 2200 0 0
1307 T 176 2331 1950 0 0
1307 T 1952 413 3074 0 0
1307 T 3076 2159 174 0 0
1307 T 171 2221 2978 0 0
1307 T 1947 2269 169 0 0
1307 T 2980 412 1945 0 0
1307 T 784 1133 2461 0 0
1307 T 2364 1056 777 0 0
1307 T 484 320 1785 1 0
1307 T 1787 1896 488 0 0
1307 T 1896 318 478 0 0
1307 T 192 926 1121 0 0
1307 T 1123 871 2657 0 0
1307 T 1044 931 185 0 0
1307 T 2731 866 1042 0 0
1307 T 984 1171 1513 0 0
1307 T 1515 2032 1641 0 0
1307 T 1643 86 982 0 0
1307 T 86 2030 1171 0 0
1307 T 979 91 1590 0 0
1307 T 1440 1090 977 0 0
1307 T 1592 2033 1438 0 0
1307 T 1090 2035 91 0 0
1307 T 900 896 892 -1 0
1307 T 628 710 618 0 0
1307 T 620 2820 1365 0 0
1307 T 1367 429 626 0 0
1307 T 623 428 1290 0 0
1307 T 615 707 621 0 0
1307 T 1292 2894 613 0 0
1307 T 492 487 491 0 0
1307 T 489 713 3029 0 0
1307 T 3128 719 490 0 0
1307 T 3031 133 3126 0 0
1307 T 308 291 299 0 0
1307 T 297 3022 2534 0 0
1307 T 2536 2633 306 0 0
1307 T 2633 3024 291 0 0
1307 T 303 2633 2434 0 0
1307 T 299 294 301 0 0
1307 T 2436 3120 297 0 0
1307 T 294 3118 2633 0 0
1307 T 374 366 370 0 0
1307 T 372 2932 526 0 0
1307 T 524 2853 366 0 0
1307 T 2853 324 2932 0 0
1307 T 788 2467 659 0 0
1307 T 2467 1054 577 0 0
1307 T 659 2365 785 0 0
1307 T 580 1135 2365 0 0
1307 T 612 116 1105 0 0
1307 T 1107 2574 1237 0 0
1307 T 2295 2576 116 0 0
1307 T 1028 109 605 0 0
1307 T 1188 2571 1026 0 0
1307 T 109 2569 2353 0 0
1307 T 265 661 1149 0 0
1307 T 2903 1619 661 0 0
1307 T 1072 661 265 0 0
1307 T 661 1669 2825 0 0
1307 T 576 1619 642 0 0
1307 T 644 663 650 0 0
1307 T 647 663 637 0 0
1307 T 639 1669 569 0 0
1307 T 1535 433 250 0 0
1307 T 2127 2023 1533 0 0
1307 T 247 440 1458 0 0
1307 T 1460 2022 2189 0 0
1307 T 116 134 110 0 0
1307 T 112 2064 2265 0 0
1307 T 2328 2058 114 0 0
1307 T 612 726 606 0 0
1307 T 1027 2566 1105 0 0
1307 T 1840 2168 1465 0 0
1307 T 1836 1902 1838 0 0
1307 T 2168 1904 4 0 0
1307 T 108 1482 1854 0 0
1307 T 1856 1878 1858 0 0
1307 T 1400 1880 1482 0 0
1307 T 1544 2230 1730 0 0
1307 T 1732 1796 1726 0 0
1307 T 4 1794 2230 -1 0
1307 T 1748 1560 108 0 0
1307 T 1752 1772 1746 0 0
1307 T 1560 1770 1321 0 0
1307 T 372 1356 518 0 0
1307 T 520 560 526 0 0
1307 T 2930 558 1356 0 0
1307 T 523 560 513 0 0
1307 T 515 1430 365 0 0
1307 T 1430 558 2856 0 0
1307 T 1531 181 2377 0 0
1307 T 1527 1577 1529 0 0
1307 T 2379 1176 1525 0 0
1307 T 1452 1093 2477 0 0
1307 T 1456 1503 1450 0 0
1307 T 2479 181 1454 0 0
1307 T 192 470 1125 0 0
1307 T 1127 2285 1926 0 0
1307 T 1927 2347 1046 1 0
1307 T 1048 475 185 0 0
1307 T 1367 2601 1237 0 0
1307 T 1188 2600 1290 0 0
1307 T 900 600 2273 0 0
1307 T 2275 2336 892 0 0
1307 T 894 2334 600 0 0
1307 T 392 2001 1821 0 0
1307 T 1823 1211 542 0 0
1307 T 2331 1209 2001 0 0
1307 T 539 1262 1714 0 0
1307 T 1716 2000 385 0 0
1307 T 2000 1264 2269 0 0
1307 T 12 2149 1062 0 0
1307 T 12 1141 2213 0 0
1307 T 528 867 1521 0 0
1307 T 1523 1326 574 0 0
1307 T 2928 1328 867 0 0
1307 T 571 1403 1446 0 0
1307 T 1448 870 521 0 0
1307 T 870 1401 2850 0 0
1307 T 880 914 870 0 0
1307 T 1403 464 878 0 0
1307 T 875 457 1326 0 0
1307 T 867 911 873 0 0
1307 T 546 548 546 0 0
1307 T 105 2410 1145 0 0
1307 T 1320 1173 2410 0 0
1307 T 1068 2512 105 0 0
1307 T 2512 1096 1393 0 0
1307 T 544 1988 2177 0 0
1307 T 2179 1139 578 0 0
1307 T 2326 1137 1988 0 0
1307 T 579 1058 2114 0 0
1307 T 2116 1981 537 0 0
1307 T 1981 1060 2268 0 0
1307 T 1988 2054 1982 0 0
1307 T 1984 95 2145 0 0
1307 T 2212 96 1986 0 0
1307 T 1339 1690 2078 0 0
1307 T 2076 1639 1414 0 0
1307 T 2368 2467 655 0 0
1307 T 92 1792 2042 0 0
1307 T 2044 2084 2034 0 0
1307 T 1089 2082 1792 0 0
1307 T 2039 1898 85 0 0
1307 T 2031 2084 2037 0 0
1307 T 1898 2082 1172 0 0
1307 T 116 1996 1137 0 0
1307 T 1139 2002 2141 0 0
1307 T 2143 2108 114 0 0
1307 T 2108 2004 1996 0 0
1307 T 111 2108 2205 0 0
1307 T 1060 1989 109 0 0
1307 T 2207 1999 1058 0 0
1307 T 1989 1997 2108 0 0
1307 T 232 2929 2938 0 0
1307 T 2940 2856 226 0 0
1307 T 1916 325 2173 0 0
1307 T 2175 304 3141 0 0
1307 T 3143 310 1914 0 0
1307 T 310 302 325 0 0
1307 T 1911 315 3205 0 0
1307 T 2112 332 1909 0 0
1307 T 3207 305 2110 0 0
1307 T 332 307 315 0 0
1307 T 1976 151 1721 0 0
1307 T 1968 2018 1974 0 0
1307 T 1723 1390 1966 0 0
1307 T 2018 1392 151 0 0
1307 T 1971 2015 1961 0 0
1307 T 1963 1315 1829 0 0
1307 T 1831 146 1969 0 0
1307 T 146 1313 2015 0 0
1307 T 2275 2067 79 0 0
1307 T 2067 2066 2069 0 0
1307 T 80 2068 2334 0 0
1307 T 341 1718 1529 0 0
1307 T 1527 2183 343 0 0
1307 T 2183 1577 1718 0 0
1307 T 343 2117 1450 0 0
1307 T 1456 1827 341 0 0
1307 T 1827 1503 2117 0 0
1307 T 596 294 2890 0 0
1307 T 1611 297 594 0 0
1307 T 2892 303 1609 0 0
1307 T 591 297 1661 0 0
1307 T 1663 306 2814 0 0
1307 T 2816 291 589 0 0
1307 T 1916 1272 1801 0 0
1307 T 1695 1218 1910 0 0
1307 T 216 199 207 0 0
1307 T 205 1953 2125 0 0
1307 T 2127 3260 214 0 0
1307 T 3260 1955 199 0 0
1307 T 211 3194 2189 0 0
1307 T 207 202 209 0 0
1307 T 2191 1960 205 0 0
1307 T 202 1958 3194 0 0
1307 T 1994 1986 2060 0 0
1307 T 2061 1983 1991 0 0
1307 T 260 3232 2253 0 0
1307 T 856 404 3232 0 0
1307 T 2315 3166 253 0 0
1307 T 3166 405 849 0 0
1307 T 180 1157 1541 0 0
1307 T 1539 2745 178 0 0
1307 T 2745 1553 1157 0 0
1307 T 179 2675 1462 0 0
1307 T 1468 1080 177 0 0
1307 T 1080 1479 2675 0 0
1307 T 1924 2085 1914 0 0
1307 T 1916 1688 2297 0 0
1307 T 2299 3 1922 0 0
1307 T 3 1686 2085 0 0
1307 T 1919 3 2238 -1 0
1307 T 1911 2092 1917 0 0
1307 T 2240 1634 1909 0 0
1307 T 2092 1636 3 0 0
1307 T 1487 2047 95 0 0
1307 T 2047 2051 2053 1 0
1307 T 96 2049 1562 0 0
1307 T 1163 1180 1157 0 0
1307 T 1159 1350 2754 0 0
1307 T 2756 346 1161 0 0
1307 T 346 1352 1180 0 0
1307 T 1080 1097 1082 0 0
1307 T 1084 346 2682 0 0
1307 T 2684 1428 1078 0 0
1307 T 1428 348 1097 0 0
1307 T 1978 1980 1978 1 0
1307 T 1279 2556 1781 0 0
1307 T 1783 1744 1740 0 0
1307 T 113 1742 2556 0 0
1307 T 1846 1850 1889 0 0
1307 T 1891 2454 1226 0 0
1307 T 2454 1852 112 0 0
1307 T 1742 28 2500 0 0
1307 T 2498 122 1783 0 0
1307 T 1889 119 2400 0 0
1307 T 2398 26 1852 0 0
1307 T 1823 112 2369 0 0
1307 T 1819 1885 1821 0 0
1307 T 2371 1205 1817 0 0
1307 T 1712 1260 2469 0 0
1307 T 1716 1779 1710 0 0
1307 T 2471 113 1714 0 0
1307 T 1936 2093 1926 0 0
1307 T 1127 163 1934 0 0
1307 T 1931 163 1046 0 0
1307 T 1927 2100 1929 1 0
1307 T 2092 1586 1281 0 0
1307 T 1283 943 3 0 0
1307 T 3 938 1230 0 0
1307 T 1232 1512 2085 0 0
1307 T 252 2572 2253 0 0
1307 T 3230 2570 274 0 0
1307 T 2315 2573 245 0 0
1307 T 271 2575 3168 0 0
1307 T 222 3126 3029 0 0
1307 T 2880 814 1121 0 0
1307 T 1044 811 2802 0 0
1307 T 1535 425 2257 0 0
1307 T 2259 478 250 0 0
1307 T 247 483 2317 0 0
1307 T 2319 432 1458 0 0
1307 T 652 2905 774 0 0
1307 T 772 2832 646 0 0
1307 T 124 3111 3298 0 0
1307 T 3300 2834 126 0 0
1307 T 127 2912 3293 0 0
1307 T 3295 3013 117 0 0
1307 T 1651 262 2953 0 0
1307 T 2955 265 642 0 0
1307 T 639 265 3049 0 0
1307 T 3051 263 1598 0 0
1307 T 176 1209 1942 0 0
1307 T 1944 2003 1950 0 0
1307 T 1947 1998 1937 0 0
1307 T 1939 1264 169 0 0
1307 T 1049 2490 1858 0 0
1307 T 1856 172 1051 0 0
1307 T 172 1878 2490 0 0
1307 T 1130 173 1746 0 0
1307 T 1752 2392 1132 0 0
1307 T 2392 1772 173 0 0
1307 T 636 3260 766 0 0
1307 T 768 216 1649 0 0
1307 T 763 3194 629 0 0
1307 T 1600 209 761 0 0
1307 T 424 493 414 0 0
1307 T 416 3131 2594 0 0
1307 T 2596 2450 422 0 0
1307 T 2450 3129 493 0 0
1307 T 419 2552 2589 0 0
1307 T 411 493 417 0 0
1307 T 2591 3033 409 0 0
1307 T 493 3035 2552 0 0
1307 T 1978 1970 1974 0 0
1307 T 1976 1896 214 0 0
1307 T 212 1785 1970 0 0
1307 T 1655 308 2649 0 0
1307 T 2651 314 534 0 0
1307 T 531 311 2721 0 0
1307 T 2723 301 1602 0 0
1307 T 205 1961 1533 0 0
1307 T 1955 2023 1961 0 0
1307 T 1460 1968 205 0 0
1307 T 1968 2022 1958 0 0
1307 T 244 318 250 0 0
1307 T 2259 1894 242 0 0
1307 T 247 319 237 -1 0
1307 T 239 1788 2317 0 0
1307 T 1643 2026 1801 0 0
1307 T 1803 2686 982 0 0
1307 T 979 2760 1694 0 0
1307 T 1696 2027 1590 0 0
1307 T 512 1765 1241 0 0
1307 T 1247 2528 510 0 0
1307 T 1243 1280 1245 0 0
1307 T 2528 1278 1765 0 0
1307 T 520 1784 1245 0 0
1307 T 1243 2555 518 0 0
1307 T 1255 1276 1257 0 0
1307 T 2470 530 1253 0 0
1307 T 1276 532 1711 0 0
1307 T 515 2453 1190 0 0
1307 T 1192 1227 1194 0 0
1307 T 1196 1890 513 0 0
1307 T 507 2426 1194 0 0
1307 T 1192 1875 505 0 0
1307 T 1875 1227 2426 0 0
1307 T 1204 535 2372 0 0
1307 T 1208 1221 1202 0 0
1307 T 1221 1820 535 0 0
1307 T 1924 713 2945 0 0
1307 T 2175 1632 1922 0 0
1307 T 2947 9 2173 0 0
1307 T 1919 1682 2110 0 0
1307 T 2112 9 3041 0 0
1307 T 3043 720 1917 0 0
1307 T 2087 325 1630 0 0
1307 T 1684 332 2090 0 0
1307 T 1868 2712 1065 0 0
1307 T 1864 1906 1866 0 0
1307 T 1148 2782 1758 0 0
1307 T 1760 1800 1754 0 0
1307 T 1519 450 3145 0 0
1307 T 3147 471 634 0 0
1307 T 631 474 3209 0 0
1307 T 3211 455 1442 0 0
1307 T 1588 44 2098 0 0
1307 T 2096 40 1509 0 0
1307 T 1283 966 1229 0 0
1307 T 939 968 941 0 0
1307 T 232 557 1121 0 0
1307 T 1123 1353 2938 0 0
1307 T 2939 1431 1042 0 0
1307 T 1044 557 225 0 0
1307 T 2216 2736 1131 0 0
1307 T 2736 5 2389 0 0
1307 T 1050 2662 2150 0 0
1307 T 2491 5 2662 0 0
1307 T 150 814 1355 0 0
1307 T 1429 811 147 0 0
1307 T 1215 920 2833 0 0
1307 T 2911 921 1266 0 0
1307 T 3143 602 1801 0 0
1307 T 1696 602 3205 0 0
1307 T 364 3113 518 0 0
1307 T 1354 3115 451 0 0
1307 T 515 3019 357 0 0
1307 T 454 3017 1432 0 0
1307 T 1158 2416 1324 0 0
1307 T 2746 14 2416 1 0
1307 T 1397 2514 1079 0 0
1307 T 2514 14 2676 0 0
1307 T 1131 1139 1133 0 0
1307 T 2365 2177 1129 0 0
1307 T 1052 2116 2467 0 0
1307 T 1056 1058 1050 0 0
1307 T 356 2892 2961 0 0
1307 T 1115 294 354 0 0
1307 T 2963 594 1113 0 0
1307 T 351 291 1034 0 0
1307 T 1036 591 3057 0 0
1307 T 3059 2814 349 0 0
1307 T 2208 2232 2202 0 0
1307 T 2204 3 2393 -1 0
1307 T 2395 1794 2206 0 0
1307 T 2140 2166 2142 0 0
1307 T 2144 1904 2493 0 0
1307 T 2495 3 2138 0 0
1307 T 576 2540 2649 0 0
1307 T 499 308 2540 0 0
1307 T 2723 2438 569 0 0
1307 T 2438 301 499 0 0
1307 T 1647 2590 1805 0 0
1307 T 3027 2592 120 0 0
1307 T 2596 3124 122 0 0
1307 T 1593 1697 2594 0 0
1307 T 2399 18 2590 0 0
1307 T 2595 18 2497 0 0
1307 T 408 3240 1986 0 0
1307 T 2678 96 3240 0 0
1307 T 1983 3174 401 0 0
1307 T 3174 96 2752 0 0
1307 T 992 1358 2945 0 0
1307 T 2303 97 990 0 0
1307 T 2947 699 2301 0 0
1307 T 97 697 1358 0 0
1307 T 987 100 2242 0 0
1307 T 2244 694 3041 0 0
1307 T 3043 1436 985 0 0
1307 T 1436 696 100 0 0
1307 T 0 3202 3137 0 0
1307 T 3139 157 1914 0 0
1307 T 1912 155 3202 0 0
1307 T 157 153 165 1 0
1307 T 700 726 694 0 0
1307 T 1436 728 1357 0 0
1307 T 1420 1883 602 0 0
1307 T 1416 1427 1418 0 0
1307 T 1883 1425 2690 0 0
1307 T 602 1773 1342 0 0
1307 T 1344 1349 1338 0 0
1307 T 2764 1351 1773 0 0
1307 T 2955 1070 650 0 0
1307 T 647 1151 3049 0 0
1307 T 628 703 634 0 0
1307 T 3147 1171 626 0 0
1307 T 703 1169 469 0 0
1307 T 631 703 621 0 0
1307 T 623 1090 3209 0 0
1307 T 476 1092 703 0 0
1307 T 748 3167 1105 0 0
1307 T 1107 406 738 0 0
1307 T 735 403 1026 0 0
1307 T 1028 3229 741 0 0
1307 T 984 420 1645 0 0
1307 T 1647 426 3329 0 0
1307 T 3331 469 982 0 0
1307 T 469 428 420 0 0
1307 T 979 476 3365 0 0
1307 T 1596 421 977 0 0
1307 T 3367 431 1594 0 0
1307 T 421 429 476 0 0
1307 T 384 3361 1821 0 0
1307 T 2003 3363 405 0 0
1307 T 1716 3399 377 0 0
1307 T 404 3397 1998 0 0
1307 T 984 2551 1805 0 0
1307 T 1700 2449 977 0 0
1307 T 1363 1958 1513 0 0
1307 T 1515 3196 754 0 0
1307 T 751 3258 1438 0 0
1307 T 1440 1955 1286 0 0
1307 T 2188 2228 2182 0 0
1307 T 1528 2226 2374 0 0
1307 T 2120 2162 2122 0 0
1307 T 2476 2164 1449 0 0
1307 T 976 3076 1361 0 0
1307 T 1235 413 974 0 0
1307 T 971 412 1182 0 0
1307 T 1288 2978 969 0 0
1307 T 464 308 1333 0 0
1307 T 1335 2538 466 0 0
1307 T 467 2440 1409 0 0
1307 T 1411 301 457 0 0
1307 T 232 3391 2657 0 0
1307 T 559 871 3391 0 0
1307 T 2731 3353 225 0 0
1307 T 3353 866 559 0 0
1307 T 757 621 3329 0 0
1307 T 3367 628 757 0 0
1307 T 392 2581 1825 0 0
1307 T 1456 2583 2313 0 0
1307 T 1720 2580 385 0 0
1307 T 2255 2578 1529 0 0
1307 T 520 3356 1521 0 0
1307 T 1448 3390 513 0 0
1307 T 1515 631 759 0 0
1307 T 759 634 1438 0 0
1307 T 384 3268 2369 0 0
1307 T 3363 112 3268 0 0
1307 T 2471 3269 377 0 0
1307 T 3269 113 3397 0 0
1307 T 204 432 1381 0 0
1307 T 2941 2317 202 0 0
1307 T 1383 1460 2943 0 0
1307 T 199 2259 2941 0 0
1307 T 2943 1533 1306 0 0
1307 T 1308 425 197 0 0
1307 T 1924 691 2301 0 0
1307 T 2244 686 1917 0 0
1307 T 2259 216 3382 0 0
1307 T 3384 1974 242 0 0
1307 T 239 1971 3346 0 0
1307 T 3348 209 2317 0 0
1307 T 2941 205 3382 0 0
1307 T 3348 205 2941 0 0
1307 T 1251 1939 195 0 0
1307 T 3072 1998 1249 0 0
1307 T 195 1942 1198 0 0
1307 T 1200 2003 2974 0 0
1307 T 1339 346 3250 0 0
1307 T 3252 961 2078 0 0
1307 T 2075 960 3186 0 0
1307 T 3188 346 1413 0 0
1307 T 1119 1934 230 0 0
1307 T 3068 1928 1117 0 0
1307 T 227 1931 1038 0 0
1307 T 1040 1925 2970 0 0
1307 T 3331 701 1513 0 0
1307 T 1440 701 3365 0 0
1307 T 906 359 1196 0 0
1307 T 1245 362 903 0 0
1307 T 565 1190 618 0 0
1307 T 628 3371 567 0 0
1307 T 3371 710 1190 0 0
1307 T 567 3333 621 0 0
1307 T 615 1243 565 0 0
1307 T 1243 707 3333 0 0
1307 T 3187 1100 1418 0 0
1307 T 1344 1177 3249 0 0
1307 T 1004 2412 1537 0 0
1307 T 1727 1173 1002 0 0
1307 T 999 1096 1833 0 0
1307 T 1464 2510 997 0 0
1307 T 1005 1770 1157 0 0
1307 T 2413 1558 1007 0 0
1307 T 1007 1484 2515 0 0
1307 T 1080 1880 1005 0 0
1307 T 2651 1019 1817 0 0
1307 T 1222 1017 316 0 0
1307 T 1712 1019 2721 0 0
1307 T 309 1017 1275 0 0
1307 T 512 2038 3333 0 0
1307 T 1767 707 2038 0 0
1307 T 3371 2043 505 0 0
1307 T 2043 710 1873 0 0
1307 T 233 1198 338 0 0
1307 T 340 2003 3378 0 0
1307 T 3380 2976 235 0 0
1307 T 235 3070 3342 0 0
1307 T 335 1251 233 0 0
1307 T 3344 1998 333 0 0
1307 T 824 588 3349 0 0
1307 T 3351 1253 830 0 0
1307 T 1253 586 937 0 0
1307 T 827 1204 3385 0 0
1307 T 3387 581 817 0 0
1307 T 944 583 1204 0 0
1307 T 3300 1214 1549 0 0
1307 T 1476 1267 3293 0 0
1307 T 3266 1201 1621 0 0
1307 T 1675 1256 3271 0 0
1307 T 364 3300 2961 0 0
1307 T 356 459 362 0 0
1307 T 459 2892 3300 0 0
1307 T 359 462 349 0 0
1307 T 3059 3293 357 0 0
1307 T 3293 2814 462 0 0
1307 T 340 1551 2961 0 0
1307 T 3059 1474 333 0 0
1307 T 296 2627 1165 0 0
1307 T 2917 1573 2627 0 0
1307 T 1088 2622 289 0 0
1307 T 2622 1499 2843 0 0
1307 T 3300 1409 1609 0 0
1307 T 1663 1335 3293 0 0
1307 T 124 1015 1609 0 0
1307 T 3109 1409 1015 0 0
1307 T 1663 1015 117 0 0
1307 T 1015 1335 3015 0 0
1307 T 156 3131 3418 0 0
1307 T 3420 3034 158 0 0
1307 T 166 3036 3131 0 0
1307 T 3139 829 2297 0 0
1307 T 2240 828 3201 0 0
1307 T 684 3198 274 0 0
1307 T 291 3200 1569 0 0
1307 T 271 3264 677 0 0
1307 T 1495 3262 294 0 0
1307 T 1523 1557 1517 0 0
1307 T 1519 3246 574 0 0
1307 T 3246 1559 1328 0 0
1307 T 571 3184 1442 0 0
1307 T 1444 1483 1446 0 0
1307 T 1401 1481 3184 0 0
1307 T 2463 2494 2457 0 0
1307 T 2459 4 2641 0 0
1307 T 2643 2139 2461 0 0
1307 T 2360 2396 2362 0 0
1307 T 2364 2201 2713 0 0
1307 T 2715 4 2358 1 0
1307 T 3408 2731 235 0 0
1307 T 3380 108 3406 0 0
1307 T 235 2657 3401 0 0
1307 T 3403 108 3342 0 0
1307 T 172 1489 2486 0 0
1307 T 2488 2548 2490 0 0
1307 T 1880 2546 1489 0 0
1307 T 2388 1567 173 0 0
1307 T 2392 2446 2386 0 0
1307 T 1567 2448 1770 0 0
1307 T 1705 2718 2182 0 0
1307 T 572 2228 2718 0 0
1307 T 2120 2648 1816 0 0
1307 T 2648 2162 573 0 0
1307 T 1864 1495 3094 0 0
1307 T 3096 598 1866 0 0
1307 T 1760 599 2998 -1 0
1307 T 3000 1569 1754 0 0
1307 T 1807 1420 3141 0 0
1307 T 2175 2615 1805 0 0
1307 T 2615 304 1420 0 0
1307 T 1700 2618 2110 0 0
1307 T 3207 1342 1698 0 0
1307 T 1342 305 2618 0 0
1307 T 408 1082 1994 0 0
1307 T 3238 2058 1082 0 0
1307 T 1991 1163 401 0 0
1307 T 1163 2063 3176 0 0
1307 T 2586 2578 2582 0 0
1307 T 2584 319 1741 0 0
1307 T 1743 1852 2588 0 0
1307 T 1852 317 2578 0 0
1307 T 128 1573 2610 0 0
1307 T 2612 2625 2602 0 0
1307 T 2607 1499 125 0 0
1307 T 2599 2624 2605 0 0
1307 T 93 97 90 -1 0
1307 T 92 3304 2677 0 0
1307 T 3239 3302 97 0 0
1307 T 87 100 93 0 0
1307 T 2751 3305 85 0 0
1307 T 100 3307 3173 0 0
1307 T 252 2639 1529 0 0
1307 T 2570 2578 2639 0 0
1307 T 1456 2639 245 0 0
1307 T 2639 2583 2575 0 0
1307 T 2299 2563 53 0 0
1307 T 2790 2561 4 0 0
1307 T 45 2561 2641 0 0
1307 T 2557 2865 3 0 0
1307 T 2237 51 2559 0 0
1307 T 2715 2560 45 0 0
1307 T 1819 3244 542 0 0
1307 T 3244 1885 1209 0 0
1307 T 539 3178 1710 0 0
1307 T 1264 1779 3178 0 0
1307 T 2536 2627 1341 0 0
1307 T 2617 2625 2635 0 0
1307 T 1419 2622 2434 0 0
1307 T 2635 2624 2616 0 0
1307 T 2213 3233 1578 0 0
1307 T 1755 3235 12 0 0
1307 T 1504 3171 2151 0 0
1307 T 12 3169 1861 0 0
1307 T 1643 512 3445 0 0
1307 T 3447 3496 0 0 0
1307 T 3496 506 1589 0 0
1307 T 506 510 548 0 0
1307 T 424 1679 2010 0 0
1307 T 2012 3478 414 0 0
1307 T 495 3480 1679 0 0
1307 T 411 3528 2005 0 0
1307 T 2007 1625 417 0 0
1307 T 1625 3526 495 0 0
1307 T 652 85 1809 0 0
1307 T 1704 92 645 0 0
1307 T 840 3187 2218 0 0
1307 T 2220 2074 846 0 0
1307 T 843 2079 2154 0 0
1307 T 2156 3249 833 0 0
1307 T 3351 3270 178 0 0
1307 T 179 3267 3385 0 0
1307 T 3305 1162 2350 0 0
1307 T 2292 1083 3304 0 0
1307 T 396 3490 1825 -1 0
1307 T 413 2581 3490 0 0
1307 T 1720 3540 393 0 0
1307 T 3540 2580 412 0 0
1307 T 1807 1883 1801 0 0
1307 T 1696 1773 1698 0 0
1307 T 1898 1372 3148 0 0
1307 T 625 1370 2084 0 0
1307 T 3210 1293 1792 0 0
1307 T 2084 1295 624 0 0
1307 T 1163 3224 180 0 0
1307 T 3224 1180 1541 0 0
1307 T 177 3158 1082 1 0
1307 T 1468 1097 3158 0 0
1307 T 2568 2566 2568 0 0
1307 T 220 218 220 0 0
1307 T 1876 8 2421 0 0
1307 T 2423 2444 2425 0 0
1307 T 2523 8 1766 1 0
1307 T 2527 2542 2521 0 0
1307 T 2787 910 2562 0 0
1307 T 2560 916 2862 0 0
1307 T 502 3263 3200 0 0
1307 T 2612 1581 438 0 0
1307 T 1581 2625 2712 0 0
1307 T 435 1507 2605 0 0
1307 T 2782 2624 1507 0 0
1307 T 3120 2619 1165 0 0
1307 T 1088 2614 3022 0 0
1307 T 1519 3310 1369 0 0
1307 T 3310 450 1897 0 0
1307 T 1296 3315 1442 0 0
1307 T 1791 455 3315 0 0
1307 T 1084 2106 3362 0 0
1307 T 3400 2106 1161 0 0
1307 T 1371 1032 567 0 0
1307 T 1032 2081 3369 0 0
1307 T 567 1109 1294 0 0
1307 T 3335 2081 1109 0 0
1307 T 2756 954 3306 0 0
1307 T 3303 954 2682 0 0
1307 T 244 1744 3510 0 0
1307 T 3512 2581 250 0 0
1307 T 247 2580 3462 0 0
1307 T 3464 1850 237 0 0
1307 T 1383 2018 242 0 0
1307 T 3384 1966 1381 0 0
1307 T 239 2015 1306 0 0
1307 T 1308 1963 3346 0 0
1307 T 2608 2629 2610 0 0
1307 T 1575 2631 1498 0 0
1307 T 1067 2536 2153 0 0
1307 T 2155 2507 106 0 0
1307 T 2507 2534 2509 0 0
1307 T 106 2405 2217 0 0
1307 T 2219 2434 1146 0 0
1307 T 2411 2436 2405 0 0
1307 T 1037 3062 2490 0 0
1307 T 2488 336 1039 0 0
1307 T 336 2548 3062 0 0
1307 T 1118 337 2386 0 0
1307 T 2392 2968 1120 0 0
1307 T 2968 2446 337 0 0
1307 T 2143 1163 3270 0 0
1307 T 3267 1082 2205 0 0
1307 T 512 2030 1109 0 0
1307 T 1032 2035 505 0 0
1307 T 1119 2734 3214 0 0
1307 T 3216 5 2965 0 0
1307 T 3063 5 3150 0 0
1307 T 3152 2664 1038 0 0
1307 T 180 2739 1721 0 0
1307 T 1976 3359 178 0 0
1307 T 3359 151 2739 0 0
1307 T 179 3393 1969 0 0
1307 T 1831 2665 177 0 0
1307 T 2665 146 3393 0 0
1307 T 244 2554 3414 0 0
1307 T 3416 115 3510 0 0
1307 T 3411 2456 237 0 0
1307 T 3464 110 3409 0 0
1307 T 2586 2590 2594 0 0
1307 T 1103 3477 974 0 0
1307 T 971 3527 1022 0 0
1307 T 244 227 235 0 0
1307 T 3408 3353 242 0 0
1307 T 239 3391 3401 0 0
1307 T 235 230 237 0 0
1307 T 3048 1386 2109 0 0
1307 T 2619 1388 815 0 0
1307 T 3120 1388 2136 0 0
1307 T 2616 1311 812 0 0
1307 T 1311 3024 2198 0 0
1307 T 2176 1311 2950 0 0
1307 T 2549 1883 2688 0 0
1307 T 2758 1773 2451 0 0
1307 T 356 1328 3502 0 0
1307 T 3504 873 362 0 0
1307 T 359 880 3454 0 0
1307 T 3456 1401 349 0 0
1307 T 1375 3499 567 0 0
1307 T 1371 1380 1373 0 0
1307 T 3499 1378 1030 0 0
1307 T 567 3449 1298 0 0
1307 T 1300 1301 1294 0 0
1307 T 1111 1303 3449 0 0
1307 T 356 501 350 0 0
1307 T 352 587 3337 0 0
1307 T 3376 581 354 0 0
1307 T 3339 143 3374 0 0
1307 T 1515 1111 3445 0 0
1307 T 3495 1030 1438 0 0
1307 T 520 243 1373 0 0
1307 T 1375 3405 1521 0 0
1307 T 1300 238 513 0 0
1307 T 1448 3404 1298 0 0
1307 T 512 1073 354 0 0
1307 T 3376 2666 510 0 0
1307 T 1073 2668 583 0 0
1307 T 351 1156 505 0 0
1307 T 507 2740 3338 0 0
1307 T 586 2738 1156 0 0
1307 T 2750 1670 3181 0 0
1307 T 3247 1620 2680 0 0
1307 T 1243 3415 1373 0 0
1307 T 1300 3410 1190 0 0
1307 T 1722 1538 2742 0 0
1307 T 2744 2746 2738 0 0
1307 T 2668 2676 2670 0 0
1307 T 2672 1463 1832 0 0
1307 T 2540 2163 2693 0 0
1307 T 2695 3324 1335 0 0
1307 T 3324 2161 466 0 0
1307 T 1409 3317 2765 0 0
1307 T 2767 2225 2438 0 0
1307 T 467 2227 3317 0 0
1307 T 3504 881 1245 -1 0
1307 T 1196 884 3454 1 0
1307 T 160 494 1545 0 0
1307 T 596 1678 158 0 0
1307 T 1547 3479 594 0 0
1307 T 155 1628 589 0 0
1307 T 591 3525 1470 0 0
1307 T 1472 494 153 0 0
1307 T 546 3394 3357 0 0
1307 T 556 3005 3102 0 0
1307 T 554 556 554 1 0
1307 T 3104 104 3005 0 0
1307 T 104 102 104 -1 0
1307 T 1836 1379 3508 0 0
1307 T 3506 338 1838 0 0
1307 T 338 1377 1904 0 0
1307 T 1732 335 3460 0 0
1307 T 3458 1302 1726 0 0
1307 T 1302 333 1794 0 0
1307 T 992 1899 2457 0 0
1307 T 2459 3312 2305 0 0
1307 T 2248 3313 2358 0 0
1307 T 2360 1789 985 0 0
1307 T 996 1579 2734 0 0
1307 T 1131 3234 994 0 0
1307 T 995 3172 1050 1 0
1307 T 2664 1501 993 0 0
1307 T 3302 3246 957 0 0
1307 T 964 3184 3307 0 0
1307 T 3416 729 2377 0 0
1307 T 1531 2296 3414 0 0
1307 T 3411 2354 1454 0 0
1307 T 2479 729 3409 0 0
1307 T 2724 2766 2718 0 0
1307 T 2648 2696 2650 0 0
1307 T 2586 2397 2498 0 0
1307 T 1523 105 2957 0 0
1307 T 2959 1745 1517 0 0
1307 T 1444 1855 3053 0 0
1307 T 3055 105 1446 0 0
1307 T 2303 96 2793 0 0
1307 T 2795 86 990 0 0
1307 T 987 91 2869 0 0
1307 T 2871 96 2242 0 0
1307 T 2560 2631 2562 0 0
1307 T 3100 2334 2997 0 0
1307 T 3095 2276 3002 0 0
1307 T 1505 3431 1760 0 0
1307 T 3134 1099 1507 0 0
1307 T 1099 839 3431 0 0
1307 T 1581 1178 3040 0 0
1307 T 1866 3426 1583 0 0
1307 T 3426 834 1178 0 0
1307 T 3512 2573 1529 0 0
1307 T 1456 2572 3462 0 0
1307 T 723 721 723 1 0
1307 T 166 3538 3489 0 0
1307 T 216 222 210 0 0
1307 T 2218 3430 1418 0 0
1307 T 1344 3427 2156 0 0
1307 T 2756 946 3181 0 0
1307 T 3247 951 2682 0 0
1307 T 512 3435 3502 0 0
1307 T 1326 3433 1075 0 0
1307 T 3456 3438 505 0 0
1307 T 1154 3440 1403 0 0
1307 T 1375 3377 2957 0 0
1307 T 3055 3343 1298 0 0
1307 T 3457 2726 1002 0 0
1307 T 2726 1301 1175 0 0
1307 T 999 2656 3507 0 0
1307 T 1094 1380 2656 0 0
1307 T 1005 2682 3522 0 0
1307 T 3524 1428 1878 0 0
1307 T 1772 1350 3474 0 0
1307 T 3476 2756 1005 0 0
1307 T 3433 881 2526 -1 0
1307 T 2428 884 3440 1 0
1307 T 1031 3326 1109 0 0
1307 T 3426 1065 2625 0 0
1307 T 2624 1148 3431 0 0
1307 T 2131 1410 3549 0 0
1307 T 3220 3286 2129 0 0
1307 T 3551 120 3218 0 0
1307 T 3286 118 1410 0 0
1307 T 2195 3291 3154 0 0
1307 T 3156 121 3577 0 0
1307 T 3579 1336 2193 0 0
1307 T 1336 123 3291 0 0
1307 T 2715 2631 2642 0 0
1307 T 2544 1263 3588 0 0
1307 T 3586 551 2527 0 0
1307 T 551 1261 2521 0 0
1307 T 2425 551 3560 0 0
1307 T 3558 1210 2442 0 0
1307 T 1210 549 2423 0 0
1307 T 3451 3410 618 0 0
1307 T 615 3415 3497 0 0
1307 T 3451 2478 610 0 0
1307 T 607 2380 3497 0 0
1307 T 1255 3164 37 0 0
1307 T 121 3162 1274 0 0
1307 T 42 3226 1202 0 0
1307 T 3226 118 1223 0 0
1307 T 3588 16 3177 0 0
1307 T 3243 16 3558 1 0
1307 T 1711 3253 2718 0 0
1307 T 1018 2766 3253 0 0
1307 T 2648 3191 1818 0 0
1307 T 3191 2696 1018 0 0
1307 T 2221 30 3007 0 0
1307 T 3102 32 2160 0 0
1307 T 2459 3615 782 0 0
1307 T 3615 3312 174 0 0
1307 T 779 3617 2358 0 0
1307 T 171 3313 3617 0 0
1307 T 2744 3582 586 0 0
1307 T 3582 2746 1156 0 0
1307 T 583 3556 2670 0 0
1307 T 1073 2676 3556 0 0
1307 T 1960 3280 3218 0 0
1307 T 3551 2766 1958 0 0
1307 T 2766 120 3280 0 0
1307 T 1955 2696 3577 0 0
1307 T 3156 3281 1953 0 0
1307 T 3281 121 2696 0 0
1307 T 2967 2995 2961 0 0
1307 T 1549 2993 2447 0 0
1307 T 3059 3089 3061 0 0
1307 T 2545 3091 1476 0 0
1307 T 3424 80 3098 0 0
1307 T 3100 82 3001 0 0
1307 T 3003 79 3422 0 0
1307 T 79 84 80 0 0
1307 T 3274 1201 1253 0 0
1307 T 1735 450 150 0 0
1307 T 147 455 1841 0 0
1307 T 3470 2414 1156 0 0
1307 T 3582 14 3472 1 0
1307 T 1073 2516 3520 0 0
1307 T 3518 14 3556 0 0
1307 T 3221 3350 2144 0 0
1307 T 2206 3388 3159 0 0
1307 T 1115 3481 2965 0 0
1307 T 3216 3592 1113 0 0
1307 T 3592 5 3481 0 0
1307 T 1036 3562 3150 0 0
1307 T 3063 3531 1034 0 0
1307 T 3531 5 3562 0 0
1307 T 1968 2671 3218 0 0
1307 T 2024 3280 2671 0 0
1307 T 3156 2741 1961 0 0
1307 T 2741 3281 2021 0 0
1307 T 72 3189 3254 -1 0
1307 T 3256 3657 314 0 0
1307 T 312 3659 3189 -1 0
1307 T 356 3264 3622 0 0
1307 T 3624 3197 350 -1 0
1307 T 1115 1493 3622 0 0
1307 T 3623 1571 1034 1 0
1307 T 1135 2494 3613 0 0
1307 T 3620 2395 1053 0 0
1307 T 3424 2068 2997 0 0
1307 T 3095 2068 3421 0 0
1307 T 1526 3604 1303 0 0
1307 T 2726 3602 2380 0 0
1307 T 1378 3604 1451 0 0
1307 T 2478 3602 2656 0 0
1307 T 596 3481 2993 0 0
1307 T 3091 3531 589 0 0
1307 T 1363 2129 3541 0 0
1307 T 3543 3318 1513 0 0
1307 T 1960 3320 2129 0 0
1307 T 1440 3323 3569 0 0
1307 T 3571 2195 1286 0 0
1307 T 2195 3321 1953 0 0
1307 T 214 262 1871 0 0
1307 T 1761 263 211 0 0
1307 T 1379 3662 2377 0 0
1307 T 1029 606 3662 0 0
1307 T 2479 3667 1302 0 0
1307 T 3667 611 1112 0 0
1307 T 2496 3312 3465 0 0
1307 T 3467 176 1135 0 0
1307 T 1054 169 3513 0 0
1307 T 3515 3313 2394 0 0
1307 T 1222 2765 3659 0 0
1307 T 3658 2695 1275 0 0
1307 T 2232 3609 1177 0 0
1307 T 3609 1732 3223 0 0
1307 T 1100 3609 2166 0 0
1307 T 3157 1838 3609 0 0
1307 T 3096 2072 2997 0 0
1307 T 596 2534 3686 0 0
1307 T 1391 2505 594 0 0
1307 T 3688 2511 1389 0 0
1307 T 591 2407 1314 0 0
1307 T 1316 2409 3674 0 0
1307 T 3676 2436 589 0 0
1307 T 1825 3636 1719 0 0
1307 T 1745 1139 3467 0 0
1307 T 3513 1058 1855 0 0
1307 T 1527 3665 2653 0 0
1307 T 2655 611 3575 0 0
1307 T 3573 1110 1525 0 0
1307 T 1452 1031 3547 0 0
1307 T 2727 3664 1450 0 0
1307 T 3545 606 2725 0 0
1307 T 1273 3656 1223 0 0
1307 T 3226 3274 3163 0 0
1307 T 1139 3646 2494 0 0
1307 T 2004 1903 3646 0 0
1307 T 2396 3643 1058 0 0
1307 T 3643 1793 1997 0 0
1307 T 588 1507 2137 0 0
1307 T 2204 1582 582 0 0
1307 T 1391 3652 2742 0 0
1307 T 1965 1538 3652 0 0
1307 T 2672 3652 1314 0 0
1307 T 3652 1463 1964 0 0
1307 T 3324 3326 3318 0 0
1307 T 2226 3328 2163 0 0
1307 T 3084 3043 3047 0 0
1307 T 2949 2945 2986 0 0
1307 T 3076 3103 3078 0 0
1307 T 3112 3117 3106 0 0
1307 T 2984 3005 2978 0 0
1307 T 3012 3023 3014 0 0
1307 T 549 1565 2050 0 0
1307 T 3443 1490 1565 0 0
1307 T 2048 1492 550 0 0
1307 T 3420 2549 1545 0 0
1307 T 1472 2451 3417 0 0
1307 T 1391 1463 3155 0 0
1307 T 3217 1538 1314 0 0
1307 T 1615 886 2821 0 0
1307 T 2823 843 107 0 0
1307 T 107 846 2897 0 0
1307 T 2899 887 1665 0 0
1307 T 2655 3596 370 0 0
1307 T 368 3565 2726 0 0
1307 T 3596 725 3565 0 0
1307 T 1351 3605 2445 0 0
1307 T 3473 1566 3605 0 0
1307 T 2547 3608 1425 0 0
1307 T 3608 1492 3523 0 0
1307 T 3292 3013 1609 0 0
1307 T 1663 3111 3285 0 0
1307 T 3555 966 3582 0 0
1307 T 3472 968 3517 0 0
1307 T 1004 3675 3218 0 0
1307 T 3156 3685 997 0 0
1307 T 2413 1325 3677 0 0
1307 T 3679 3247 1007 0 0
1307 T 1007 3181 3689 0 0
1307 T 3691 1404 2515 0 0
1307 T 5 3683 3696 0 0
1307 T 3709 3670 6 0 0
1307 T 3694 0 3711 0 0
1307 T 3670 0 3683 0 0
1307 T 3284 3280 3276 0 0
1307 T 3274 2669 2742 0 0
1307 T 48 1435 3568 0 0
1307 T 2725 3625 47 0 0
1307 T 3625 365 1435 0 0
1307 T 50 3632 2655 0 0
1307 T 3594 1357 49 0 0
1307 T 1357 372 3632 0 0
1307 T 3576 375 3545 0 0
1307 T 1819 3640 2177 0 0
1307 T 1986 3638 3242 0 0
1307 T 2116 3637 1710 0 0
1307 T 3180 3639 1983 -1 0
1307 T 1379 3647 3378 0 0
1307 T 3344 3642 1302 0 0
1307 T 2695 2768 3656 0 0
1307 T 3178 2055 3243 0 0
1307 T 3558 2053 3587 0 0
1307 T 3045 2873 3459 0 0
1307 T 3505 2799 2951 0 0
1307 T 1838 3726 1179 0 0
1307 T 3726 818 1582 0 0
1307 T 1098 3731 1732 0 0
1307 T 1508 823 3731 0 0
1307 T 2959 3646 1369 0 0
1307 T 3646 1745 3312 0 0
1307 T 1296 3643 3053 0 0
1307 T 3313 1855 3643 0 0
1307 T 2208 3721 582 0 0
1307 T 3721 2232 1584 0 0
1307 T 587 3707 2142 0 0
1307 T 1506 2166 3707 0 0
1307 T 996 1720 3715 0 0
1307 T 3713 2181 2734 0 0
1307 T 2664 2119 3699 0 0
1307 T 3697 1825 993 0 0
1307 T 3221 821 3705 0 0
1307 T 3723 820 3159 0 0
1307 T 3536 972 3684 0 0
1307 T 3487 103 3534 0 0
1307 T 3669 974 3485 0 0
1307 T 3543 3572 0 1 0
1307 T 3679 951 3522 0 0
1307 T 3476 946 3689 0 0
1307 T 692 2845 1485 0 0
1307 T 708 7 2845 -1 0
1307 T 1563 2923 685 0 0
1307 T 2923 7 709 0 0
1307 T 3118 1663 3676 0 0
1307 T 3686 1609 3024 0 0
1307 T 3440 3443 3434 0 0
1307 T 2525 3441 2428 0 0
1307 T 596 2837 150 0 0
1307 T 164 2839 1680 0 0
1307 T 147 2915 589 0 0
1307 T 1626 2913 164 0 0
1307 T 3094 12 3704 0 0
1307 T 3702 3170 1493 0 0
1307 T 1571 3236 3720 0 0
1307 T 3718 12 3000 0 0
1307 T 3157 3726 2232 0 0
1307 T 2166 3731 3223 0 0
1307 T 3673 3286 3108 0 0
1307 T 3010 3291 3687 0 0
1307 T 3528 3536 3530 0 0
1307 T 3092 3534 1469 0 0
1307 T 3484 3486 3478 0 0
1307 T 1548 3488 2994 0 0
1307 T 1101 3669 3481 0 0
1307 T 3592 3712 1103 0 0
1307 T 1022 3694 3562 0 0
1307 T 3531 3683 1024 0 0
1307 T 3457 3626 3082 0 0
1307 T 2988 3631 3507 0 0
1307 T 1775 3740 1882 0 0
1307 T 3474 3441 3523 0 0
1307 T 3213 3597 2184 0 0
1307 T 3597 1118 3714 0 0
1307 T 2118 3600 3151 1 0
1307 T 3700 1039 3600 0 0
1307 T 3104 975 3755 0 0
1307 T 3753 0 3744 0 0
1307 T 3742 969 3005 0 0
1307 T 3457 366 3758 0 0
1307 T 3760 1434 3082 0 0
1307 T 2988 1360 3746 0 0
1307 T 3748 371 3507 0 0
1307 T 3045 985 3758 0 0
1307 T 3748 992 2951 0 0
1307 T 1361 3754 3078 0 0
1307 T 2984 3744 1288 0 0
1307 T 193 2806 1381 0 0
1307 T 430 2808 187 0 0
1307 T 1308 2884 193 0 0
1307 T 190 2882 427 0 0
1307 T 2884 417 1125 0 0
1307 T 1048 424 2806 0 0
1307 T 3486 3736 2552 0 0
1307 T 3419 3734 2994 0 0
1307 T 2450 3736 3536 0 0
1307 T 3092 3734 3418 0 0
1307 T 3756 19 3541 -1 0
1307 T 3571 19 3742 0 0
1307 T 232 2933 338 0 0
1307 T 1200 2935 237 0 0
1307 T 335 2859 225 0 0
1307 T 244 2857 1249 0 0
1307 T 172 551 2809 0 0
1307 T 2887 551 173 0 0
1307 T 3227 65 1202 0 0
1307 T 1256 66 3162 1 0
1307 T 1884 2546 3762 0 0
1307 T 3764 3607 2689 0 0
1307 T 2763 3606 3750 0 0
1307 T 3752 2448 1774 0 0
1307 T 2365 3774 994 0 0
1307 T 3774 2177 3236 0 0
1307 T 995 3772 2467 1 0
1307 T 3170 2116 3772 0 0
1307 T 78 886 2529 0 0
1307 T 2431 887 78 0 0
1307 T 3704 2072 3717 0 0
1307 T 3749 72 3764 1 0
1307 T 1039 3766 1117 0 0
1307 T 3792 950 3518 0 0
1307 T 3471 948 3790 0 0
1307 T 3470 3785 1403 0 0
1307 T 3438 3787 2416 0 0
1307 T 1326 3785 3520 0 0
1307 T 2514 3787 3435 0 0
1307 T 3764 74 3749 1 0
1307 T 3470 3433 3692 0 0
1307 T 3678 3440 3520 0 0
1307 T 3792 3523 3438 0 0
1307 T 3435 3473 3789 0 0
1307 T 3769 654 3776 0 0
1307 T 1762 1869 224 0 0
1307 T 2995 3740 3090 0 0
1307 T 3735 3740 3736 0 0
1307 T 3784 83 3777 0 0
1307 T 689 96 2520 0 0
1307 T 2418 96 688 0 0
1307 T 1815 3599 3801 -1 0
1307 T 3803 3150 2645 0 0
1307 T 2719 3216 3805 0 0
1307 T 3807 3598 1706 0 0
1307 T 3698 3635 3715 0 0
1307 T 3720 3800 2179 0 0
1307 T 3800 1569 3774 0 0
1307 T 2114 3793 3702 0 0
1307 T 3772 1495 3793 0 0
1307 T 3191 75 3254 0 0
1307 T 3700 3766 3713 0 0
1307 T 3802 655 3807 0 0
1307 T 3800 3562 2645 0 0
1307 T 3803 1034 3798 0 0
1307 T 3795 1115 3805 0 0
1307 T 2719 3592 3793 0 0
1307 T 3636 3634 3636 -1 0
1307 T 2179 3814 2645 0 0
1307 T 3564 3816 3720 0 0
1307 T 2719 3811 2114 0 0
1307 T 3702 3809 3590 0 0
1307 T 3712 75 3693 0 0
1307 T 3638 3814 3190 0 0
1307 T 3256 3811 3639 0 0
1307 T 3803 3621 3774 0 0
1307 T 3772 3624 3805 0 0
1307 T 2402 417 161 0 0
1307 T 161 424 2504 0 0
1307 T 3766 3768 3766 0 0
1307 T 244 2483 195 0 0
1307 T 195 2381 237 0 0
1307 T 2432 2531 81 0 0
1307 T 3824 2 3817 0 0
1307 T 3816 76 3810 0 0
1307 U 3 1 2 0 0
1307 U 1424 1 1 0 0
1307 U 22 2 1 0 0
1307 U 34 2 1 0 0
1307 U 6 1 2 0 0
1307 U 3 3 4 1 0
1307 U 24 4 3 0 0
1307 U 1346 4 4 0 0
1307 U 5 4 3 0 0
1307 U 36 3 4 0 0
1307 U 1846 5 8 0 0
1307 U 26 6 5 0 0
1307 U 119 8 6 0 0
1307 U 41 6 5 0 0
1307 U 1208 7 6 0 0
1307 U 112 9 5 0 0
1307 U 1885 8 9 0 0
1307 U 1228 9 8 0 0
1307 U 2443 9 7 0 0
1307 U 7 10 9 0 0
1307 U 15 8 7 1 0
1307 U 122 11 13 0 0
1307 U 28 12 11 0 0
1307 U 1740 13 12 0 0
1307 U 116 15 11 0 0
1307 U 1278 14 15 0 0
1307 U 1259 14 11 0 0
1307 U 1780 15 14 0 0
1307 U 38 12 11 0 0
1307 U 15 14 13 0 0
1307 U 2543 16 14 0 0
1307 U 8 15 16 -1 0
1307 U 174 17 19 0 0
1307 U 3080 20 17 0 0
1307 U 32 19 20 0 0
1307 U 2131 19 17 0 0
1307 U 19 20 19 1 0
1307 U 1004 22 17 0 0
1307 U 3106 19 22 0 0
1307 U 3084 21 17 0 0
1307 U 48 22 21 0 0
1307 U 1387 22 17 0 0
1307 U 10 21 22 0 0
1307 U 170 23 25 0 0
1307 U 1311 28 23 0 0
1307 U 3009 25 28 0 0
1307 U 2987 27 23 0 0
1307 U 9 28 27 0 0
1307 U 1000 28 23 0 0
1307 U 50 27 28 0 0
1307 U 2196 25 23 0 0
1307 U 2983 26 23 0 0
1307 U 20 25 26 0 0
1307 U 30 26 25 0 0
1307 U 1697 29 40 0 0
1307 U 764 37 29 0 0
1307 U 3124 40 37 0 0
1307 U 3052 34 29 0 0
1307 U 1764 37 34 0 0
1307 U 1703 41 29 0 0
1307 U 837 34 41 0 0
1307 U 772 42 29 0 0
1307 U 64 41 42 0 0
1307 U 3048 32 29 0 0
1307 U 1732 42 32 0 0
1307 U 813 32 40 0 0
1307 U 3086 31 44 0 0
1307 U 1735 35 31 0 0
1307 U 896 44 35 0 0
1307 U 3114 35 39 0 0
1307 U 824 43 31 0 0
1307 U 3134 41 43 0 0
1307 U 39 43 44 0 0
1307 U 3779 36 33 0 0
1307 U 903 38 36 0 0
1307 U 67 34 33 0 0
1307 U 3099 36 34 0 0
1307 U 1759 44 33 0 0
1307 U 1781 37 39 0 0
1307 U 17 40 39 0 0
1307 U 1809 45 57 0 0
1307 U 2955 50 45 0 0
1307 U 835 57 50 0 0
1307 U 768 53 45 0 0
1307 U 1869 50 53 0 0
1307 U 1807 56 45 0 0
1307 U 3025 53 56 0 0
1307 U 2951 48 45 0 0
1307 U 811 56 48 0 0
1307 U 776 58 45 0 0
1307 U 1837 48 58 0 0
1307 U 62 58 57 0 0
1307 U 1844 51 47 0 0
1307 U 3019 55 51 0 0
1307 U 2991 60 47 0 0
1307 U 898 51 60 0 0
1307 U 820 59 47 0 0
1307 U 43 60 59 0 0
1307 U 3039 59 57 0 0
1307 U 1866 49 60 0 0
1307 U 3003 51 49 0 0
1307 U 67 50 49 0 0
1307 U 3783 51 50 0 0
1307 U 905 52 54 0 0
1307 U 1892 55 53 0 0
1307 U 18 55 56 0 0
1307 U 2870 61 67 0 0
1307 U 2359 72 61 0 0
1307 U 2042 67 72 0 0
1307 U 45 62 61 1 0
1307 U 2867 72 62 0 0
1307 U 52 62 61 0 0
1307 U 1919 71 62 0 0
1307 U 2419 72 67 0 0
1307 U 2886 63 68 0 0
1307 U 2387 75 63 0 0
1307 U 2049 68 75 0 0
1307 U 1936 74 63 0 0
1307 U 2935 75 74 0 0
1307 U 2884 66 63 0 0
1307 U 2404 74 66 0 0
1307 U 2383 74 63 0 0
1307 U 2013 66 74 0 0
1307 U 1944 75 63 0 0
1307 U 2424 75 68 0 0
1307 U 2008 70 65 0 0
1307 U 2915 73 70 0 0
1307 U 2900 77 65 0 0
1307 U 2430 70 77 0 0
1307 U 2407 70 65 0 0
1307 U 2075 77 70 0 0
1307 U 2923 76 72 0 0
1307 U 3820 78 78 0 0
1307 U 69 78 77 0 0
1307 U 58 77 78 0 0
1307 U 2793 79 85 0 0
1307 U 1924 90 79 0 0
1307 U 2518 85 90 0 0
1307 U 54 80 79 0 0
1307 U 2792 90 80 0 0
1307 U 45 80 79 0 0
1307 U 2460 89 80 0 0
1307 U 2040 90 85 0 0
1307 U 2482 81 92 0 0
1307 U 2807 84 81 0 0
1307 U 2019 92 84 0 0
1307 U 1932 92 81 0 0
1307 U 2501 84 92 0 0
1307 U 2488 93 81 0 0
1307 U 2858 92 93 0 0
1307 U 2811 86 81 0 0
1307 U 2047 93 86 0 0
1307 U 1940 93 81 0 0
1307 U 2521 86 93 0 0
1307 U 2506 83 88 0 0
1307 U 2823 95 83 0 0
1307 U 2077 88 95 0 0
1307 U 2012 88 83 0 0
1307 U 2531 95 88 0 0
1307 U 2838 88 91 0 0
1307 U 2846 90 94 0 0
1307 U 3821 96 96 0 0
1307 U 56 96 95 0 0
1307 U 70 95 96 0 0
1307 Q 166 2104 136 2102 0 0 0 0 1 0
1307 Q 286 884 222 882 0 0 0 0 1 0
1307 Q 142 796 103 798 0 0 0 0 0 0
1307 Q 920 101 922 218 0 0 0 0 0 0
1307 Q 286 696 134 698 0 0 0 0 0 0
1307 Q 286 876 84 878 0 0 0 0 0 0
1307 Q 548 2028 83 2026 0 0 0 0 0 0
1307 Q 82 1416 134 1337 0 0 0 0 0 0
1307 Q 1639 2 1690 136 -1 1 0 0 0 -1
1307 Q 1803 81 1693 0 0 0 0 0 0 0
1307 Q 167 1218 83 1272 0 0 0 0 0 0
1307 Q 322 1511 1 1586 0 0 0 0 0 0
1307 Q 40 1 44 2 0 1 0 0 1 -1
1307 Q 400 220 398 2568 0 0 0 0 0 0
1307 Q 1331 2 1406 556 -1 1 0 0 0 -1
1307 Q 722 1231 1 1281 0 0 0 0 0 0
1307 Q 54 0 51 0 0 0 0 0 0 0
