0
0 d=571
0
571 A 5 0 2 1 -2 -1
571 A 10 0 3 4 -3 -4
571 A 11 0 -1 2 1 -2
571 A -1 1 12 0 -12 0
571 A 0 1 12 0 -12 0
571 A -2 1 57 1 -57 -1
571 A 1 1 -58 1 58 -1
571 A -4 1 57 1 -57 -1
571 A 3 1 -58 1 58 -1
571 A 13 0 -1 2 1 -2
571 A -11 1 23 2 -23 -2
571 A 10 1 -25 2 25 -2
571 A 22 0 -1 2 1 -2
571 A 5 0 -1 2 -1 2
571 A 7 0 3 1 3 1
571 A 9 0 4 1 4 1
571 A 13 0 5 3 5 3
571 A 15 0 -1 2 -1 2
571 A 4 0 1 1 -2 1
571 A 4 0 -1 1 0 -1
571 A 5 0 -2 2 0 1
571 A 5 0 -1 1 0 2
571 A 6 0 2 1 3 -1
571 A 6 0 -2 1 1 1
571 A 6 0 -1 1 0 -1
571 A 7 0 -4 3 -2 1
571 A 7 0 -4 2 -2 -2
571 A 7 0 -3 1 1 -3
571 A 7 0 -3 2 1 2
571 A 7 0 -3 3 0 -3
571 A 7 0 2 3 1 -2
571 A 7 0 2 1 2 -3
571 A 7 0 -2 2 0 -1
571 A 7 0 1 3 1 1
571 A 7 0 -1 1 0 -2
571 A 8 0 -5 3 2 3
571 A 8 0 3 1 -4 3
571 A 8 0 -3 1 2 -3
571 A 8 0 -3 3 0 -3
571 A 8 0 2 1 1 -3
571 A 8 0 -2 1 1 1
571 A 8 0 1 3 -4 1
571 A 8 0 -1 1 0 -1
571 A 9 0 -5 4 4 -2
571 A 9 0 -5 2 -3 1
571 A 9 0 -4 1 6 -4
571 A 9 0 -4 4 0 2
571 A 9 0 3 2 2 1
571 A 9 0 3 1 -2 -4
571 A 9 0 -3 2 -1 -2
571 A 9 0 -3 4 1 -4
571 A 9 0 2 2 -1 -4
571 A 9 0 -2 1 1 1
571 A 9 0 -2 2 0 4
571 A 9 0 -1 1 0 -1
571 A 9 0 -1 2 2 -4
571 A 10 0 4 1 5 -3
571 A 10 0 -4 3 1 3
571 A 10 0 -3 1 -2 -1
571 A 10 0 -3 3 0 -1
571 A 10 0 2 3 5 -1
571 A 10 0 -1 1 0 -3
571 A 11 0 -6 5 2 -1
571 A 11 0 -6 4 2 4
571 A 11 0 -6 3 2 2
571 A 11 0 -6 2 2 1
571 A 11 0 5 1 2 -4
571 A 11 0 -5 1 -2 5
571 A 11 0 -5 2 -2 -5
571 A 11 0 -5 3 -2 -3
571 A 11 0 -5 4 -2 3
571 A 11 0 -7 5 -3 -2
571 A 11 0 -7 4 -3 -4
571 A 11 0 4 3 -3 -5
571 A 11 0 4 2 -3 1
571 A 11 0 4 1 -3 5
571 A 11 0 -4 1 3 1
571 A 11 0 -4 2 3 3
571 A 11 0 -4 3 3 -2
571 A 11 0 -4 5 3 -4
571 A 11 0 1 5 -1 -1
571 A 11 0 1 4 -1 3
571 A 11 0 1 3 -1 -2
571 A 11 0 -1 5 1 -4
571 A -1 1 64 0 -38 0
571 A -1 1 60 0 -31 0
571 A -1 1 53 0 -27 0
571 A -1 1 51 0 14 0
571 A -1 1 40 0 25 0
571 A -1 1 19 0 15 0
571 A 0 1 64 0 -38 0
571 A 0 1 60 0 -31 0
571 A 0 1 53 0 -27 0
571 A 0 1 51 0 14 0
571 A 0 1 40 0 25 0
571 A 0 1 19 0 15 0
571 A 12 0 -7 5 2 5
571 A 12 0 5 1 -6 5
571 A 12 0 -5 1 4 -5
571 A 12 0 -5 5 0 -5
571 A 12 0 -8 5 -3 -5
571 A 12 0 4 1 1 -5
571 A 12 0 -4 1 -3 -1
571 A 12 0 -3 1 -2 5
571 A 12 0 -3 5 2 1
571 A 12 0 -2 1 1 1
571 A 12 0 1 5 -6 1
571 A -2 1 55 1 -28 0
571 A -2 1 54 1 44 0
571 A -2 1 22 0 -33 0
571 A -2 1 14 0 31 0
571 A -2 1 43 0 -27 0
571 A 1 1 44 0 55 -1
571 A 1 1 43 0 -27 0
571 A 1 1 33 0 -22 0
571 A 1 1 31 0 14 0
571 A 1 1 28 0 -56 1
571 A -3 1 64 1 20 0
571 A -3 1 43 1 65 1
571 A -3 1 31 1 -54 -1
571 A -3 1 13 0 -23 0
571 A -3 1 29 1 -14 0
571 A 2 1 13 0 -23 0
571 A 2 1 -55 1 32 -1
571 A 2 1 -65 1 -20 0
571 A 2 1 -66 1 -44 1
571 A 2 1 14 0 -30 1
571 A -4 1 53 1 -60 -2
571 A -4 1 29 1 -43 -1
571 A -4 1 25 1 16 0
571 A -4 1 63 2 20 1
571 A -4 1 60 1 42 1
571 A -4 1 52 1 -32 -1
571 A -4 1 28 1 -59 -1
571 A 3 1 -61 1 -43 1
571 A 3 1 16 0 26 -1
571 A 3 1 -29 1 60 -1
571 A 3 1 -44 1 30 -1
571 A 3 1 -53 1 33 -1
571 A 3 1 -62 2 54 -1
571 A 3 1 -65 2 -21 1
571 A -5 1 39 1 -53 -2
571 A -5 1 14 0 -30 -1
571 A -5 1 32 1 17 1
571 A -5 1 65 2 -45 -1
571 A -5 1 20 1 13 0
571 A 4 1 14 0 -31 1
571 A 4 1 -18 1 -33 1
571 A 4 1 -46 1 67 -2
571 A 4 1 13 0 21 -1
571 A 4 1 -55 2 40 -1
571 A 13 0 -7 5 2 5
571 A 13 0 -6 1 -2 -3
571 A 13 0 -6 4 -2 -4
571 A 13 0 -6 5 -2 3
571 A 13 0 -5 3 -5 -1
571 A 13 0 -9 6 3 6
571 A 13 0 -4 3 -3 4
571 A 13 0 -4 5 -3 2
571 A 13 0 -3 6 -4 -5
571 A 13 0 -2 4 -6 -1
571 A 13 0 -1 3 1 5
571 A 13 0 -1 4 1 3
571 A 13 0 -1 5 1 2
571 A -6 1 21 1 26 1
571 A -6 1 39 2 66 2
571 A -6 1 50 2 41 2
571 A -6 1 14 0 31 1
571 A -6 1 17 1 15 0
571 A -6 1 54 2 64 2
571 A 5 1 14 0 32 -1
571 A 5 1 -41 2 -68 2
571 A 5 1 -56 2 -66 2
571 A 5 1 -27 1 -22 1
571 A 5 1 -18 1 -15 0
571 A 5 1 -43 2 -52 2
571 A -7 1 26 1 21 1
571 A -7 1 12 1 -32 -1
571 A -7 1 9 1 -60 -3
571 A -7 1 51 3 -11 -1
571 A -7 1 55 3 -42 -2
571 A -7 1 52 3 31 1
571 A -7 1 14 0 52 2
571 A 6 1 -27 1 -22 1
571 A 6 1 -33 1 13 -1
571 A 6 1 -63 3 10 -1
571 A 6 1 -32 1 -55 3
571 A 6 1 14 0 54 -2
571 A 6 1 -58 3 44 -2
571 A 6 1 -12 1 54 -3
571 A 14 0 4 3 7 -3
571 A -8 1 52 3 -39 -2
571 A -8 1 27 2 29 1
571 A -8 1 37 2 7 1
571 A -8 1 8 1 63 3
571 A 7 1 -9 1 -66 3
571 A 7 1 -30 1 -29 2
571 A 7 1 -41 2 55 -3
571 A 7 1 -39 2 -8 1
571 A -9 1 40 2 45 2
571 A -9 1 31 2 -52 -3
571 A -9 1 13 1 -61 -3
571 A -9 1 57 3 -37 -3
571 A -9 1 20 2 -8 -1
571 A -9 1 20 1 -53 -4
571 A 8 1 -60 3 40 -3
571 A 8 1 -21 1 57 -4
571 A 8 1 -42 2 -47 2
571 A 8 1 -14 1 64 -3
571 A 8 1 -22 2 9 -1
571 A 8 1 -55 3 33 -2
571 A -10 1 58 4 -67 -4
571 A -10 1 41 3 65 4
571 A 9 1 -69 4 -44 3
571 A 9 1 -62 4 71 -4
571 A -11 1 49 4 35 3
571 A -11 1 61 5 -13 -1
571 A -11 1 59 5 -47 -4
571 A -11 1 37 3 -25 -2
571 A 10 1 -66 5 14 -1
571 A 10 1 -53 4 -38 3
571 A 10 1 -40 3 27 -2
571 A 10 1 -64 5 51 -4
571 A 16 0 2 3 -5 3
571 A -12 1 16 1 48 5
571 A -12 1 66 5 12 1
571 A 11 1 -17 1 -53 5
571 A 11 1 -71 5 -13 1
571 S -2 1 5 0
571 S 1 2 5 0
571 S 0 5 11 0
571 S 0 4 11 0
571 S 0 3 11 0
571 S 0 2 11 0
571 S 0 1 11 0
571 S -5 5 11 0
571 S -4 4 11 0
571 S -3 3 11 0
571 S -2 2 11 0
571 S -1 1 11 0
571 S -3 2 5 0
571 S 1 1 5 0
571 T 645 122 238 0 0
571 T 240 132 672 0 0
571 T 670 136 647 0 0
571 T 136 130 122 0 0
571 T 144 135 143 0 0
571 T 123 126 139 0 0
571 T 114 116 114 1 0
571 T 115 137 119 0 0
571 T 126 120 132 0 0
571 T 219 204 212 0 0
571 T 199 202 216 0 0
571 T 210 445 852 0 0
571 T 837 474 217 0 0
571 T 839 852 2 0 0
571 T 390 817 295 0 0
571 T 293 533 453 0 0
571 T 455 97 392 0 0
571 T 97 535 817 0 0
571 T 202 639 674 0 0
571 T 676 4 587 0 0
571 T 588 3 639 0 0
571 T 4 5 7 0 0
571 T 425 804 288 0 0
571 T 865 419 427 0 0
571 T 419 304 771 0 0
571 T 769 46 804 0 0
571 T 57 55 35 0 0
571 T 627 667 59 0 0
571 T 667 67 632 0 0
571 T 630 607 55 0 0
571 T 273 648 469 0 0
571 T 175 714 275 0 0
571 T 471 81 173 0 0
571 T 714 83 648 0 0
571 T 545 160 472 0 0
571 T 470 290 122 0 0
571 T 124 813 547 0 0
571 T 813 292 160 0 0
571 T 583 624 616 0 0
571 T 595 615 601 0 0
571 T 617 591 579 0 0
571 T 599 597 599 1 0
571 T 6 724 614 0 0
571 T 624 527 4 0 0
571 T 724 525 581 0 0
571 T 359 725 694 0 0
571 T 696 614 363 0 0
571 T 397 359 361 0 0
571 T 378 383 387 0 0
571 T 400 366 371 0 0
571 T 374 358 373 0 0
571 T 386 394 390 0 0
571 T 369 363 379 0 0
571 T 389 368 384 0 0
571 T 614 727 399 0 0
571 T 278 557 541 0 0
571 T 543 57 378 0 0
571 T 368 53 557 0 0
571 T 675 308 551 0 0
571 T 549 447 588 0 0
571 T 5 445 308 0 0
571 T 233 786 384 0 0
571 T 277 271 235 0 0
571 T 284 251 287 0 0
571 T 275 289 237 0 0
571 T 270 259 223 0 0
571 T 298 228 256 0 0
571 T 226 262 263 0 0
571 T 268 248 284 0 0
571 T 232 259 266 0 0
571 T 240 308 242 0 0
571 T 275 243 279 0 0
571 T 301 252 232 0 0
571 T 246 234 293 0 0
571 T 271 381 809 0 0
571 T 811 0 786 0 0
571 T 426 77 282 0 0
571 T 251 79 801 0 0
571 T 191 143 356 0 0
571 T 183 192 189 0 0
571 T 164 166 178 0 0
571 T 179 188 172 0 0
571 T 40 166 154 0 0
571 T 157 145 172 0 0
571 T 184 164 152 0 0
571 T 175 195 157 0 0
571 T 175 188 196 0 0
571 T 152 154 147 0 0
571 T 192 332 142 0 0
571 T 221 494 461 0 0
571 T 463 64 272 0 0
571 T 259 62 494 0 0
571 T 603 521 169 0 0
571 T 171 643 593 0 0
571 T 615 641 521 0 0
571 T 137 619 548 0 0
571 T 816 617 126 0 0
571 T 216 691 407 0 0
571 T 684 415 205 0 0
571 T 609 550 405 0 0
571 T 550 243 214 0 0
571 T 243 609 691 0 0
571 T 52 528 256 0 0
571 T 334 157 50 0 0
571 T 157 842 528 0 0
571 T 481 298 93 0 0
571 T 254 531 95 0 0
571 T 531 226 483 0 0
571 T 880 12 777 0 0
571 T 433 718 878 0 0
571 T 779 507 435 0 0
571 T 24 424 781 0 0
571 T 433 710 206 0 0
571 T 200 422 730 0 0
571 T 208 729 878 0 0
571 T 729 712 720 0 0
571 T 207 460 151 0 0
571 T 149 736 682 0 0
571 T 736 458 415 0 0
571 T 302 111 678 0 0
571 T 680 707 67 0 0
571 T 86 102 111 0 0
571 T 87 80 77 0 0
571 T 107 97 92 0 0
571 T 81 75 91 0 0
571 T 96 112 74 0 0
571 T 95 102 105 0 0
571 T 97 37 83 0 0
571 T 707 104 288 0 0
571 T 780 497 217 0 0
571 T 219 488 436 0 0
571 T 492 197 427 0 0
571 T 506 486 497 0 0
571 T 467 178 650 0 0
571 T 130 164 465 0 0
571 T 652 168 132 0 0
571 T 269 9 478 0 0
571 T 480 734 436 0 0
571 T 434 742 271 0 0
571 T 742 736 9 0 0
571 T 765 299 702 0 0
571 T 594 50 767 0 0
571 T 704 502 596 0 0
571 T 50 504 299 0 0
571 T 84 387 464 0 0
571 T 555 378 82 0 0
571 T 462 381 553 0 0
571 T 584 172 653 0 0
571 T 655 186 749 0 0
571 T 751 179 582 0 0
571 T 125 53 317 0 0
571 T 856 537 127 0 0
571 T 53 539 304 0 0
571 T 657 213 156 0 0
571 T 166 198 636 0 0
571 T 634 85 659 0 0
571 T 491 164 758 0 0
571 T 711 491 9 0 0
571 T 58 485 726 0 0
571 T 760 734 10 0 0
571 T 709 736 164 0 0
571 T 415 523 211 0 0
571 T 213 418 513 0 0
571 T 209 511 806 0 0
571 T 808 520 413 0 0
571 T 794 26 408 0 0
571 T 520 509 523 0 0
571 T 79 266 634 0 0
571 T 80 657 266 0 0
571 T 406 577 422 0 0
571 T 152 513 741 0 0
571 T 513 681 10 0 0
571 T 53 694 524 0 0
571 T 90 688 397 0 0
571 T 399 671 105 0 0
571 T 97 669 688 0 0
571 T 642 753 159 0 0
571 T 753 596 145 0 0
571 T 178 523 824 0 0
571 T 822 603 187 0 0
571 T 19 693 509 0 0
571 T 692 513 402 0 0
571 T 511 500 357 0 0
571 T 726 22 500 0 0
571 T 440 731 490 0 0
571 T 369 338 60 0 0
571 T 58 655 398 0 0
571 T 655 340 366 0 0
571 T 569 366 98 0 0
571 T 106 751 571 0 0
571 T 751 91 366 0 0
571 T 49 836 815 0 0
571 T 29 70 705 0 0
571 T 349 102 70 0 0
571 T 835 575 126 0 0
571 T 128 59 341 0 0
571 T 288 57 575 0 0
571 T 375 497 93 0 0
571 T 95 512 376 0 0
571 T 700 683 690 0 0
571 T 134 798 789 0 0
571 T 791 373 108 0 0
571 T 74 374 798 0 0
571 T 575 50 619 0 0
571 T 591 49 539 0 0
571 T 49 52 46 0 0
571 T 47 45 47 -1 0
571 T 459 279 480 0 0
571 T 478 205 162 0 0
571 T 583 51 748 0 0
571 T 746 255 722 0 0
571 T 739 857 54 0 0
571 T 608 110 737 0 0
571 T 110 629 857 0 0
571 T 276 567 198 0 0
571 T 732 612 274 0 0
571 T 612 424 567 0 0
571 T 71 668 13 0 0
571 T 848 666 101 0 0
571 T 596 556 429 0 0
571 T 431 75 147 0 0
571 T 755 73 556 0 0
571 T 425 421 438 0 0
571 T 680 69 31 0 0
571 T 327 71 111 0 0
571 T 559 315 400 0 0
571 T 687 157 557 0 0
571 T 315 159 91 0 0
571 T 533 599 496 0 0
571 T 881 2 876 0 0
571 T 567 290 640 0 0
571 T 587 476 565 0 0
571 T 476 4 290 0 0
571 T 420 56 796 0 0
571 T 406 402 418 0 0
571 T 805 183 780 0 0
571 T 354 797 778 0 0
571 T 807 792 332 0 0
571 T 685 242 173 0 0
571 T 195 244 559 0 0
571 T 763 60 846 0 0
571 T 103 628 761 0 0
571 T 89 755 379 0 0
571 T 441 306 130 0 0
571 T 672 242 443 0 0
571 T 832 221 388 0 0
571 T 819 1 830 0 0
571 T 372 314 54 0 0
571 T 275 196 542 0 0
571 T 544 186 716 0 0
571 T 175 441 100 0 0
571 T 98 562 196 0 0
571 T 186 564 441 0 0
571 T 629 70 14 0 0
571 T 69 72 68 0 0
571 T 61 67 62 0 0
571 T 145 257 741 0 0
571 T 515 259 154 0 0
571 T 615 701 6 0 0
571 T 4 501 603 0 0
571 T 870 208 690 0 0
571 T 877 181 872 0 0
571 T 692 278 732 0 0
571 T 636 248 426 0 0
571 T 489 246 166 0 0
571 T 69 705 28 0 0
571 T 739 299 126 0 0
571 T 313 379 644 0 0
571 T 642 361 55 0 0
571 T 674 214 239 0 0
571 T 237 197 637 0 0
571 T 652 529 128 0 0
571 T 529 168 120 0 0
571 T 703 8 721 0 0
571 T 108 409 179 0 0
571 T 584 411 569 0 0
571 T 434 148 224 0 0
571 T 294 823 212 0 0
571 T 210 5 324 0 0
571 T 864 3 823 0 0
571 T 451 124 150 0 0
571 T 42 467 449 0 0
571 T 774 563 131 0 0
571 T 125 589 776 0 0
571 T 563 591 117 0 0
571 T 854 776 51 0 0
571 T 806 869 11 0 0
571 T 503 185 863 0 0
571 T 185 49 310 0 0
571 T 657 418 257 0 0
571 T 488 622 169 0 0
571 T 614 488 654 0 0
571 T 78 250 772 0 0
571 T 647 362 76 0 0
571 T 112 500 798 0 0
571 T 27 69 679 0 0
571 T 15 17 395 0 0
571 T 553 63 811 0 0
571 T 247 179 757 0 0
571 T 356 217 109 0 0
571 T 628 409 466 0 0
571 T 606 452 432 0 0
571 T 125 661 481 0 0
571 T 740 95 661 0 0
571 T 714 91 361 0 0
571 T 0 767 748 0 0
571 T 787 570 63 0 0
571 T 427 57 784 0 0
571 T 782 579 795 0 0
571 T 61 535 246 0 0
571 T 382 569 454 0 0
571 T 122 154 661 0 0
571 T 663 145 451 0 0
571 T 542 361 340 0 0
571 T 415 699 869 0 0
571 T 330 104 212 0 0
571 T 512 102 792 0 0
571 T 234 63 453 0 0
571 T 762 256 128 0 0
571 T 652 105 625 0 0
571 T 762 95 650 0 0
571 T 77 229 417 0 0
571 T 43 354 330 0 0
571 T 146 826 486 0 0
571 T 826 222 219 0 0
571 T 338 89 186 0 0
571 T 483 156 138 0 0
571 T 82 547 196 0 0
571 T 159 623 825 0 0
571 T 2 1 2 0 0
571 T 37 561 548 0 0
571 T 295 413 180 0 0
571 T 607 75 661 0 0
571 T 493 831 82 0 0
571 T 308 775 188 0 0
571 T 348 217 6 0 0
571 T 828 4 841 0 0
571 T 415 760 236 0 0
571 T 460 236 9 0 0
571 U 11 3 4 0 0
571 U 717 1 3 0 0
571 U 508 4 1 0 0
571 U 60 4 2 0 0
571 U 437 2 3 0 0
571 U 24 3 4 0 0
571 U 22 4 3 0 0
571 U 10 2 1 -1 0
571 U 322 7 13 0 0
571 U 862 6 7 0 0
571 U 296 13 6 0 0
571 U 15 14 13 0 0
571 U 876 13 5 0 0
571 U 298 8 10 0 0
571 U 312 10 5 0 0
571 U 319 11 8 0 0
571 U 858 10 11 0 0
571 U 32 12 11 0 0
571 U 304 11 10 0 0
571 U 325 10 12 0 0
571 U 305 5 8 0 0
571 U 851 14 5 0 0
571 U 34 14 13 0 0
571 U 855 9 7 0 0
571 U 13 11 12 0 0
571 U 842 15 18 0 0
571 U 345 18 24 0 0
571 U 223 24 15 0 0
571 U 254 18 20 0 0
571 U 336 20 15 0 0
571 U 884 24 16 0 0
571 U 18 23 24 0 0
571 U 33 23 24 0 0
571 U 840 24 15 0 0
571 U 343 21 18 0 0
571 U 833 18 20 0 0
571 U 286 20 21 0 0
571 U 845 20 21 0 0
571 U 349 20 22 0 0
571 U 14 22 21 0 0
571 U 29 22 21 0 0
571 U 291 18 15 0 0
571 U 12 26 25 -1 0
571 U 699 28 26 0 0
571 U 520 25 28 0 0
571 U 53 25 27 0 0
571 U 403 27 26 0 0
571 U 26 26 25 0 0
571 U 10 28 27 0 0
571 U 19 26 25 0 0
571 Q 577 115 577 115 0 0 0 0 0 0
571 Q 113 408 7 424 0 0 0 0 0 0
571 Q 136 182 136 182 0 0 0 0 0 0
571 Q 202 88 202 88 0 0 0 0 0 0
571 Q 261 115 262 8 0 0 0 0 0 0
571 Q 48 268 599 266 1 0 0 0 1 0
571 Q 282 68 230 46 0 0 0 0 0 0
571 Q 2 599 2 599 0 0 0 0 0 0
571 Q 227 113 227 113 0 0 0 0 0 0
571 Q 566 8 550 2 0 0 0 0 1 0
571 Q 1 611 116 609 -1 0 0 0 0 0
571 Q 468 47 452 36 0 0 0 0 0 0
571 Q 66 430 45 409 0 0 0 0 0 0
571 Q 46 42 46 42 -1 0 1 0 0 0
571 Q 36 392 0 388 0 0 0 0 0 0
571 Q 396 0 396 0 0 0 0 0 0 0
571 Q 0 16 0 17 0 0 0 0 0 0
