0
0 d=113
0
113 A 6 0 0 1 0 -1
113 A 6 0 3 2 -3 -2
113 A 9 0 0 4 0 -4
113 A -1 1 37 0 -37 0
113 A 1 1 37 0 -37 0
113 A -2 1 51 1 -51 -1
113 A 2 1 -51 1 51 -1
113 A -4 1 40 1 -40 -1
113 A 4 1 -40 1 40 -1
113 A 12 0 3 2 -3 -2
113 A 12 0 -3 2 3 -2
113 A -11 1 31 2 -31 -2
113 A 11 1 -31 2 31 -2
113 A 18 0 9 4 -9 -4
113 A -18 1 46 9 -46 -9
113 A 18 1 -46 9 46 -9
113 A 0 2 -112 1 112 -1
113 A -2 2 37 0 -37 0
113 A 2 2 37 0 -37 0
113 A -8 2 40 1 -40 -1
113 A 8 2 -40 1 40 -1
113 A 4 0 0 1 0 1
113 A 4 0 2 1 2 1
113 A 7 0 0 1 0 1
113 A 8 0 0 3 0 3
113 A 8 0 0 1 0 1
113 A 8 0 4 3 4 3
113 A 8 0 4 1 4 1
113 A 11 0 0 2 0 2
113 A 16 0 8 7 8 7
113 A 5 0 2 2 -2 2
113 A 5 0 2 1 -1 -2
113 A 5 0 -2 1 1 -2
113 A 5 0 1 1 1 -1
113 A 5 0 0 2 0 1
113 A 7 0 3 3 1 -1
113 A 7 0 3 2 3 -2
113 A 7 0 3 1 -1 -2
113 A 7 0 -3 1 1 -2
113 A 7 0 -3 3 -1 -1
113 A 7 0 2 3 2 -3
113 A 7 0 2 2 -2 2
113 A 7 0 2 1 1 3
113 A 7 0 -2 1 -1 3
113 A 7 0 0 3 0 -2
113 A 8 0 2 3 -2 -1
113 A 8 0 -2 1 2 -3
113 A 9 0 3 4 3 -4
113 A 9 0 3 2 3 1
113 A 9 0 -3 1 -3 2
113 A 9 0 0 2 0 1
113 A 10 0 4 3 2 1
113 A 10 0 4 1 4 -1
113 A 10 0 -4 3 -2 1
113 A 10 0 2 3 -2 3
113 A 10 0 0 3 0 -1
113 A 0 1 51 0 31 0
113 A 0 1 47 0 12 0
113 A 0 1 41 0 11 0
113 A -1 1 55 0 29 0
113 A -1 1 53 0 43 0
113 A -1 1 41 0 25 0
113 A -1 1 35 0 13 0
113 A -1 1 31 0 11 0
113 A 1 1 55 0 29 0
113 A 1 1 53 0 43 0
113 A 1 1 41 0 25 0
113 A 1 1 35 0 13 0
113 A 1 1 31 0 11 0
113 A -2 1 35 1 -19 0
113 A -2 1 39 1 -20 0
113 A -2 1 41 1 -47 -1
113 A -2 1 38 1 36 1
113 A -2 1 30 1 -11 0
113 A -2 1 14 0 25 0
113 A 2 1 11 0 -30 1
113 A 2 1 19 0 -35 1
113 A 2 1 25 0 14 0
113 A 2 1 -39 1 20 0
113 A 2 1 -41 1 47 -1
113 A 2 1 -36 1 -38 1
113 A 11 0 5 5 -5 5
113 A 11 0 5 4 4 -1
113 A 11 0 5 2 -4 -5
113 A 11 0 5 1 1 2
113 A 11 0 -5 1 -1 2
113 A 11 0 -5 2 4 -5
113 A 11 0 -5 4 -4 -1
113 A 11 0 4 4 2 -2
113 A 11 0 4 3 4 -3
113 A 11 0 4 2 3 4
113 A 11 0 -4 2 -3 4
113 A 11 0 -4 4 -2 -2
113 A 11 0 3 5 -2 -4
113 A 11 0 3 2 3 -2
113 A 11 0 3 1 -3 1
113 A 11 0 -3 5 2 -4
113 A 11 0 2 5 -1 -3
113 A 11 0 2 3 1 4
113 A 11 0 -2 3 -1 4
113 A 11 0 -2 5 1 -3
113 A -3 1 52 1 48 1
113 A -3 1 34 1 -30 -1
113 A -3 1 19 0 -42 -1
113 A -3 1 13 0 -44 -1
113 A -3 1 26 1 18 1
113 A -3 1 54 1 -15 0
113 A 3 1 -52 1 -48 1
113 A 3 1 19 0 -42 1
113 A 3 1 13 0 -44 1
113 A 3 1 -26 1 -18 1
113 A 3 1 -54 1 15 0
113 A 3 1 -30 1 34 -1
113 A -4 1 18 1 37 1
113 A -4 1 50 2 16 1
113 A -4 1 19 1 24 1
113 A -4 1 25 1 36 1
113 A -4 1 42 1 14 0
113 A 4 1 14 0 42 -1
113 A 4 1 -18 1 -37 1
113 A 4 1 -50 2 -16 1
113 A 4 1 -25 1 -36 1
113 A 4 1 -24 1 -19 1
113 A -5 1 39 2 -26 -1
113 A -5 1 32 1 36 1
113 A -5 1 33 2 -51 -2
113 A -5 1 43 2 13 0
113 A 5 1 -26 1 39 -2
113 A 5 1 -36 1 -32 1
113 A 5 1 -51 2 33 -2
113 A 5 1 13 0 43 -2
113 A 12 0 6 5 6 1
113 A -6 1 50 3 34 2
113 A -6 1 26 1 -8 -1
113 A -6 1 14 1 49 3
113 A -6 1 7 1 -17 -1
113 A -6 1 28 1 -45 -2
113 A 6 1 -45 2 28 -1
113 A 6 1 -26 1 8 -1
113 A 6 1 -34 2 -50 3
113 A 6 1 -17 1 7 -1
113 A 6 1 -49 3 -14 1
113 A -7 1 46 3 22 1
113 A -7 1 10 1 12 1
113 A -7 1 23 2 21 2
113 A -7 1 50 3 52 3
113 A 7 1 -10 1 -12 1
113 A 7 1 -52 3 -50 3
113 A 7 1 -23 2 -21 2
113 A 7 1 -22 1 -46 3
113 A 13 0 -6 4 -3 -2
113 A 13 0 -5 6 4 -3
113 A 13 0 -4 6 2 3
113 A 13 0 -3 2 -6 -4
113 A 13 0 -3 3 -3 -3
113 A 13 0 -2 2 2 2
113 A 13 0 -2 3 4 6
113 A 13 0 4 3 -5 -6
113 A -8 1 11 1 -20 -1
113 A -8 1 47 4 32 3
113 A -8 1 39 2 50 3
113 A -8 1 23 1 -24 -2
113 A 8 1 -20 1 11 -1
113 A 8 1 -50 3 -39 2
113 A 8 1 -23 1 24 -2
113 A 8 1 -32 3 -47 4
113 A -9 1 16 1 22 1
113 A 9 1 -16 1 -22 1
113 A 14 0 4 5 4 -5
113 A -10 1 15 2 43 3
113 A -10 1 18 2 18 1
113 A -10 1 54 4 -14 -2
113 A -10 1 44 3 -55 -4
113 A -10 1 17 2 13 1
113 A -10 1 19 1 12 1
113 A 10 1 -15 2 -43 3
113 A 10 1 -55 4 44 -3
113 A 10 1 -18 1 -18 2
113 A 10 1 -12 1 -19 1
113 A 10 1 -54 4 14 -2
113 A 10 1 -13 1 -17 2
113 A 15 0 6 2 3 4
113 A 15 0 -6 2 -3 4
113 A -11 1 48 5 -14 -1
113 A 11 1 -48 5 14 -1
113 A -12 1 24 3 -18 -1
113 A 12 1 -18 1 24 -3
113 A 17 0 8 8 3 -3
113 A 17 0 8 6 -8 6
113 A 17 0 -8 8 -3 -3
113 A 17 0 6 6 4 -4
113 A 17 0 -6 6 -4 -4
113 A 17 0 2 3 -2 3
113 A -14 1 26 4 -21 -2
113 A 14 1 -21 2 26 -4
113 A 18 0 8 3 -8 3
113 A 18 0 3 8 3 -2
113 A 18 0 3 2 3 -8
113 A 18 0 9 8 -9 -2
113 A 19 0 -9 2 9 2
113 A 19 0 -8 9 4 -5
113 A 19 0 4 5 -8 -9
113 A -16 1 32 6 17 2
113 A -16 1 16 3 34 4
113 A 16 1 -34 4 -16 3
113 A 16 1 -17 2 -32 6
113 A 20 0 8 7 -8 7
113 A -2 2 55 0 29 0
113 A 2 2 55 0 29 0
113 A 4 2 -38 1 -36 1
113 A -4 2 38 1 36 1
113 A -20 1 44 10 -22 -3
113 A 20 1 -44 10 22 -3
113 A 23 0 -6 6 -4 -4
113 A 23 0 -4 4 -6 -6
113 A -22 1 64 10 15 4
113 A 22 1 -64 10 -15 4
113 A 25 0 3 3 -3 3
113 A 29 0 4 11 -4 11
113 A 43 0 -21 7 21 7
113 A 49 0 12 12 -12 12
113 A 55 0 27 27 -27 27
113 S 4 2 9 0
113 S 2 1 9 0
113 S -1 4 9 0
113 S 1 1 6 0
113 S -1 1 6 0
113 S -4 2 9 0
113 S -2 1 9 0
113 S 1 4 9 0
113 T 427 579 729 0 0
113 T 524 115 425 0 0
113 T 115 681 579 0 0
113 T 85 133 481 0 0
113 T 118 107 87 0 0
113 T 112 92 120 0 0
113 T 90 111 91 0 0
113 T 107 100 115 0 0
113 T 87 50 101 0 0
113 T 98 122 116 0 0
113 T 108 95 99 0 0
113 T 483 372 116 0 0
113 T 107 374 133 0 0
113 T 569 561 574 0 0
113 T 552 548 563 0 0
113 T 546 567 559 0 0
113 T 572 384 278 0 0
113 T 276 589 571 0 0
113 T 589 386 561 0 0
113 T 173 120 167 0 0
113 T 165 94 643 0 0
113 T 641 112 175 0 0
113 T 405 397 409 0 0
113 T 411 2 452 0 0
113 T 454 257 407 0 0
113 T 402 248 461 0 0
113 T 257 3 397 0 0
113 T 406 145 636 0 0
113 T 132 629 400 0 0
113 T 543 81 404 0 0
113 T 638 174 541 0 0
113 T 81 172 145 0 0
113 T 492 75 520 0 0
113 T 141 129 494 0 0
113 T 129 254 75 0 0
113 T 637 24 595 0 0
113 T 593 248 195 0 0
113 T 600 259 190 0 0
113 T 193 399 639 0 0
113 T 399 250 24 0 0
113 T 197 336 179 0 0
113 T 165 394 199 0 0
113 T 177 2 167 0 0
113 T 394 3 336 0 0
113 T 70 125 243 0 0
113 T 536 489 68 0 0
113 T 489 136 125 0 0
113 T 561 143 691 0 0
113 T 689 390 554 0 0
113 T 548 388 143 0 0
113 T 465 155 362 0 0
113 T 449 382 152 0 0
113 T 629 634 620 0 0
113 T 637 625 643 0 0
113 T 613 86 631 0 0
113 T 622 767 615 0 0
113 T 86 765 634 0 0
113 T 577 664 23 0 0
113 T 717 217 579 0 0
113 T 22 762 719 0 0
113 T 217 760 664 0 0
113 T 759 183 807 0 0
113 T 693 750 757 0 0
113 T 805 34 695 0 0
113 T 750 35 183 0 0
113 T 676 119 595 0 0
113 T 593 402 732 0 0
113 T 533 400 119 0 0
113 T 64 66 64 1 0
113 T 81 74 77 0 0
113 T 71 64 73 0 0
113 T 77 69 82 0 0
113 T 421 23 220 0 0
113 T 214 665 423 0 0
113 T 222 578 212 0 0
113 T 227 588 209 0 0
113 T 359 53 377 0 0
113 T 823 821 823 -1 0
113 T 279 316 305 0 0
113 T 347 340 329 0 0
113 T 286 60 280 0 0
113 T 283 314 294 0 0
113 T 291 270 277 0 0
113 T 314 321 310 0 0
113 T 319 338 333 0 0
113 T 298 287 272 0 0
113 T 274 327 292 0 0
113 T 308 288 331 0 0
113 T 268 270 268 1 0
113 T 322 298 304 0 0
113 T 307 454 588 0 0
113 T 568 452 316 0 0
113 T 421 223 12 0 0
113 T 331 2 472 0 0
113 T 474 352 345 0 0
113 T 340 354 2 0 0
113 T 11 250 398 0 0
113 T 266 256 250 0 0
113 T 650 752 100 0 0
113 T 429 555 474 0 0
113 T 410 501 569 0 0
113 T 207 492 548 0 0
113 T 573 488 185 0 0
113 T 181 692 803 0 0
113 T 801 784 723 0 0
113 T 721 794 183 0 0
113 T 794 786 692 0 0
113 T 158 577 544 0 0
113 T 447 681 156 0 0
113 T 546 113 445 0 0
113 T 151 239 89 0 0
113 T 327 244 239 0 0
113 T 244 159 88 0 0
113 T 592 556 151 0 0
113 T 149 442 198 0 0
113 T 196 722 594 0 0
113 T 722 440 556 0 0
113 T 213 156 519 0 0
113 T 195 530 148 0 0
113 T 463 604 134 0 0
113 T 629 606 248 0 0
113 T 229 131 119 0 0
113 T 373 329 231 0 0
113 T 329 482 131 0 0
113 T 777 365 612 0 0
113 T 611 386 775 0 0
113 T 445 583 133 0 0
113 T 107 596 447 0 0
113 T 596 374 583 0 0
113 T 247 301 219 0 0
113 T 238 199 302 0 0
113 T 745 32 203 0 0
113 T 281 450 83 0 0
113 T 79 496 283 0 0
113 T 496 72 450 0 0
113 T 505 51 485 0 0
113 T 282 4 507 0 0
113 T 487 5 284 0 0
113 T 684 569 370 0 0
113 T 368 574 138 0 0
113 T 136 563 686 0 0
113 T 388 744 673 0 0
113 T 751 369 671 0 0
113 T 292 209 498 0 0
113 T 314 77 209 0 0
113 T 100 596 546 0 0
113 T 320 434 78 0 0
113 T 75 513 322 0 0
113 T 513 80 434 0 0
113 T 644 611 753 0 0
113 T 542 114 625 0 0
113 T 297 261 540 0 0
113 T 627 127 299 0 0
113 T 261 125 114 0 0
113 T 456 544 717 0 0
113 T 219 158 458 0 0
113 T 607 269 582 0 0
113 T 580 649 7 0 0
113 T 6 633 605 0 0
113 T 649 271 633 0 0
113 T 279 349 69 0 0
113 T 75 374 289 0 0
113 T 730 214 446 0 0
113 T 444 220 424 0 0
113 T 436 224 432 0 0
113 T 308 72 229 0 0
113 T 231 512 312 0 0
113 T 103 504 469 0 0
113 T 486 87 471 0 0
113 T 213 430 146 0 0
113 T 208 418 143 0 0
113 T 144 432 664 0 0
113 T 135 660 425 0 0
113 T 420 434 430 0 0
113 T 223 662 583 0 0
113 T 645 223 7 0 0
113 T 647 650 662 0 0
113 T 659 653 665 0 0
113 T 542 71 323 0 0
113 T 321 77 405 0 0
113 T 135 107 348 0 0
113 T 350 115 509 0 0
113 T 511 102 133 0 0
113 T 401 344 96 0 0
113 T 534 120 344 0 0
113 T 678 150 461 0 0
113 T 463 193 734 0 0
113 T 560 365 602 0 0
113 T 188 705 562 0 0
113 T 705 257 365 0 0
113 T 129 390 207 0 0
113 T 419 651 739 0 0
113 T 415 739 633 0 0
113 T 48 536 521 0 0
113 T 27 48 29 0 0
113 T 43 799 763 0 0
113 T 716 797 782 0 0
113 T 756 45 802 0 0
113 T 720 24 758 0 0
113 T 217 340 179 0 0
113 T 165 352 219 0 0
113 T 466 53 450 0 0
113 T 287 83 464 0 0
113 T 477 76 285 0 0
113 T 466 70 479 0 0
113 T 315 703 206 0 0
113 T 186 57 204 0 0
113 T 714 695 703 0 0
113 T 698 696 698 -1 0
113 T 297 186 695 0 0
113 T 443 88 300 0 0
113 T 441 48 456 0 0
113 T 458 303 91 0 0
113 T 658 96 167 0 0
113 T 173 118 656 0 0
113 T 614 403 481 0 0
113 T 412 188 139 0 0
113 T 192 410 147 0 0
113 T 155 275 414 0 0
113 T 137 476 153 0 0
113 T 275 478 188 0 0
113 T 501 3 317 0 0
113 T 335 392 503 0 0
113 T 21 647 225 0 0
113 T 19 256 622 0 0
113 T 427 610 509 0 0
113 T 660 100 610 0 0
113 T 359 125 611 0 0
113 T 424 316 357 0 0
113 T 125 318 510 0 0
113 T 798 702 203 0 0
113 T 201 808 760 0 0
113 T 808 700 43 0 0
113 T 413 704 686 0 0
113 T 191 76 296 0 0
113 T 388 700 653 0 0
113 T 655 763 673 0 0
113 T 763 702 746 0 0
113 T 335 123 526 0 0
113 T 427 93 333 0 0
113 T 313 130 654 0 0
113 T 256 616 309 0 0
113 T 311 208 404 0 0
113 T 453 210 616 0 0
113 T 694 624 369 0 0
113 T 669 626 758 0 0
113 T 154 141 499 0 0
113 T 141 380 73 0 0
113 T 418 699 414 0 0
113 T 740 742 740 -1 0
113 T 743 414 416 0 0
113 T 197 759 639 0 0
113 T 708 419 690 0 0
113 T 596 66 585 0 0
113 T 587 351 604 0 0
113 T 294 153 419 0 0
113 T 131 382 518 0 0
113 T 529 360 126 0 0
113 T 439 602 310 0 0
113 T 329 553 437 0 0
113 T 602 555 288 0 0
113 T 708 225 385 0 0
113 T 369 185 126 0 0
113 T 48 384 365 0 0
113 T 197 670 643 0 0
113 T 670 392 92 0 0
113 T 182 49 200 0 0
113 T 828 830 828 1 0
113 T 430 2 438 0 0
113 T 224 3 420 0 0
113 T 7 622 250 0 0
113 T 68 136 363 0 0
113 T 674 354 96 0 0
113 T 673 659 216 0 0
113 T 222 226 234 0 0
113 T 632 697 648 0 0
113 T 666 515 175 0 0
113 T 116 556 460 0 0
113 T 263 351 318 0 0
113 T 791 719 201 0 0
113 T 794 565 789 0 0
113 T 585 463 104 0 0
113 T 119 512 653 0 0
113 T 94 337 357 0 0
113 T 305 435 188 0 0
113 T 619 225 307 0 0
113 T 190 439 617 0 0
113 T 306 260 68 0 0
113 T 709 208 563 0 0
113 T 123 171 9 0 0
113 T 345 14 171 0 0
113 T 17 333 169 0 0
113 T 807 44 692 0 0
113 T 131 378 613 0 0
113 T 702 811 33 0 0
113 T 288 367 549 0 0
113 T 788 701 782 0 0
113 T 97 376 340 0 0
113 T 587 84 559 0 0
113 T 402 376 329 0 0
113 U 2 5 4 0 0
113 U 12 4 5 0 0
113 U 235 5 5 0 0
113 U 20 5 4 0 0
113 U 7 4 5 -1 0
113 U 539 7 7 0 0
113 U 137 7 9 0 0
113 U 240 9 7 0 0
113 U 9 11 10 0 0
113 U 533 11 11 0 0
113 U 15 10 11 0 0
113 U 530 8 8 0 0
113 U 735 10 9 0 0
113 U 679 9 10 0 0
113 U 27 6 7 0 0
113 U 31 7 6 0 0
113 U 5 13 12 0 0
113 U 39 12 13 0 0
113 U 783 13 13 0 0
113 U 42 13 12 0 0
113 U 22 12 13 0 0
113 U 36 1 1 0 0
113 U 1 1 1 -1 0
113 U 4 14 15 0 0
113 U 40 15 14 0 0
113 U 787 14 14 0 0
113 U 44 14 15 0 0
113 U 25 15 14 0 0
113 U 142 16 18 0 0
113 U 255 18 16 0 0
113 U 523 16 16 0 0
113 U 524 21 21 0 0
113 U 17 21 20 0 0
113 U 8 20 21 0 0
113 U 29 17 16 0 0
113 U 30 16 17 1 0
113 U 730 19 20 0 0
113 U 680 20 19 0 0
113 U 516 19 19 0 0
113 U 3 3 2 0 0
113 U 11 2 3 0 0
113 U 265 3 3 0 0
113 U 18 3 2 0 0
113 U 6 2 3 0 0
113 Q 40 567 39 564 0 0 0 0 0 0
113 Q 565 4 712 5 0 0 0 0 0 0
113 Q 360 327 382 816 0 0 0 0 0 0
113 Q 818 451 740 467 0 0 0 0 0 0
113 Q 67 471 0 469 0 0 0 0 1 0
113 Q 817 357 820 379 0 0 0 0 0 0
113 Q 62 102 55 84 0 0 0 0 1 0
113 Q 632 771 648 62 0 0 0 0 0 0
113 Q 55 752 769 765 0 0 0 0 0 0
113 Q 161 408 47 431 0 0 0 0 0 0
113 Q 472 1 501 163 0 1 0 0 0 -1
113 Q 571 1 555 47 0 1 0 0 0 -1
113 Q 268 187 66 205 0 0 0 0 0 0
113 Q 517 324 530 814 0 0 0 0 0 0
113 Q 812 193 110 215 0 0 0 0 0 0
113 Q 812 773 826 779 0 0 0 0 0 0
113 Q 614 822 609 814 0 0 0 0 0 0
113 Q 820 365 824 386 0 0 0 0 0 0
113 Q 0 236 49 245 1 0 0 0 0 0
113 Q 217 108 199 0 0 0 0 0 0 0
113 Q 46 750 1 747 0 -1 0 0 0 0
113 Q 201 1 183 46 0 0 0 0 0 0
113 Q 34 1 32 1 0 0 0 -1 0 0
113 Q 675 47 669 59 0 0 1 0 0 0
113 Q 59 369 1 390 0 0 -1 0 0 0
113 Q 54 611 726 612 0 0 0 0 0 0
113 Q 768 621 724 646 0 0 0 0 0 0
113 Q 54 50 54 50 0 0 0 0 0 0
113 Q 0 504 564 484 0 0 0 0 0 0
113 Q 417 58 413 770 0 0 0 0 -1 0
113 Q 63 739 58 737 0 0 0 0 0 0
113 Q 686 58 690 47 1 0 0 0 0 0
113 Q 227 727 256 770 0 0 0 0 0 0
113 Q 768 18 771 20 0 0 0 0 0 0
113 Q 704 770 710 47 0 0 0 0 0 0
113 Q 274 0 292 56 0 0 0 0 0 0
113 Q 713 281 0 287 0 0 0 0 0 0
113 Q 53 178 0 176 0 0 0 0 0 0
113 Q 813 124 818 129 0 0 0 0 0 0
113 Q 387 727 364 47 0 0 0 0 0 0
113 Q 325 0 325 0 0 0 0 0 0 0
113 Q 46 826 46 826 0 0 0 0 0 0
113 Q 824 181 830 203 0 0 0 0 0 0
113 Q 828 1 828 1 0 0 0 0 0 0
113 Q 46 779 54 773 0 0 0 0 0 0
113 Q 812 54 812 54 0 0 0 0 0 0
113 Q 92 58 98 161 1 0 0 0 0 0
113 Q 163 354 46 394 0 0 0 0 0 0
113 Q 1 334 47 344 0 0 0 0 0 0
113 Q 1 14 1 16 0 -1 0 0 0 0
113 Q 171 46 169 1 0 0 0 0 0 0
113 Q 55 212 161 194 0 0 0 0 0 0
113 Q 145 47 147 55 0 0 0 0 0 0
113 Q 160 110 160 110 0 0 0 0 0 0
113 Q 829 36 828 37 1 0 1 0 0 0
