313 A 7 0 0 -2 0 2
313 A 13 0 0 -5 0 5
313 A 14 0 7 -2 -7 2
313 A 14 0 0 -5 0 5
313 A -3 1 -136 -1 136 1
313 A 3 1 136 -1 -136 1
313 A -4 1 -44 -1 44 1
313 A 4 1 44 -1 -44 1
313 A -8 1 -120 -3 120 3
313 A 8 1 120 -3 -120 3
313 A 26 0 13 -8 -13 8
313 A -20 1 -85 -5 85 5
313 A 20 1 85 -5 -85 5
313 A -21 1 -107 -6 107 6
313 A 21 1 107 -6 -107 6
313 A 28 0 -7 -2 7 2
313 A 28 0 7 -2 -7 2
313 A 0 2 -312 1 312 -1
313 A -6 2 -133 -2 133 2
313 A 6 2 133 -2 -133 2
313 A -8 2 -44 -1 44 1
313 A 8 2 44 -1 -44 1
313 A 4 0 0 -1 0 -1
313 A 4 0 2 -1 2 -1
313 A 6 0 0 -1 0 -1
313 A 8 0 0 -1 0 -1
313 A 8 0 4 -1 4 -1
313 A 8 0 0 -3 0 -3
313 A 8 0 4 -3 4 -3
313 A 9 0 0 -2 0 -2
313 A 11 0 0 -3 0 -3
313 A 12 0 0 -1 0 -1
313 A 12 0 6 -1 6 -1
313 A 12 0 0 -5 0 -5
313 A 12 0 6 -5 6 -5
313 A 13 0 0 -1 0 -1
313 A 16 0 0 -3 0 -3
313 A 16 0 8 -3 8 -3
313 A 16 0 0 -5 0 -5
313 A 16 0 8 -5 8 -5
313 A 18 0 0 -7 0 -7
313 A 24 0 12 -11 12 -11
313 A 5 0 0 -1 0 -2
313 A 5 0 -1 -1 -1 1
313 A 5 0 -2 -1 1 2
313 A 5 0 2 -1 -1 2
313 A 5 0 -2 -2 2 -2
313 A 6 0 -2 -1 -2 1
313 A 7 0 0 -1 0 -3
313 A 7 0 -1 -1 -1 1
313 A 7 0 -2 -1 1 3
313 A 7 0 2 -1 -1 3
313 A 7 0 -2 -2 3 -3
313 A 7 0 2 -2 -3 -3
313 A 7 0 -3 -2 3 -2
313 A 8 0 -2 -1 2 3
313 A 8 0 2 -1 -2 3
313 A 9 0 0 -1 0 -4
313 A 9 0 -1 -1 -1 1
313 A 9 0 -2 -1 1 4
313 A 9 0 2 -1 -1 4
313 A 9 0 -3 -1 3 -4
313 A 9 0 3 -1 -3 -4
313 A 9 0 -4 -1 -1 -2
313 A 9 0 4 -1 1 -2
313 A 9 0 -2 -2 4 -4
313 A 9 0 2 -2 -4 -4
313 A 9 0 -3 -2 3 -2
313 A 9 0 -4 -2 -4 2
313 A 9 0 -2 -4 -2 4
313 A 10 0 0 -1 0 3
313 A 10 0 -2 -1 -4 -3
313 A 10 0 2 -1 4 -3
313 A 10 0 -4 -1 -4 1
313 A 10 0 -2 -3 2 -3
313 A 11 0 0 -1 0 2
313 A 11 0 -1 -1 2 -2
313 A 11 0 1 -1 -2 -2
313 A 11 0 -2 -1 -1 -5
313 A 11 0 2 -1 1 -5
313 A 11 0 -3 -1 1 -4
313 A 11 0 3 -1 -1 -4
313 A 11 0 -4 -1 -4 1
313 A 11 0 -5 -1 2 4
313 A 11 0 5 -1 -2 4
313 A 11 0 -1 -2 -1 2
313 A 11 0 -3 -2 2 -5
313 A 11 0 3 -2 -2 -5
313 A 11 0 -4 -2 5 3
313 A 11 0 4 -2 -5 3
313 A 11 0 -5 -2 5 -2
313 A 11 0 -1 -3 -5 4
313 A 11 0 1 -3 5 4
313 A 11 0 -2 -3 -4 -5
313 A 11 0 2 -3 4 -5
313 A 11 0 -3 -3 -3 3
313 A 11 0 -4 -3 -3 5
313 A 11 0 4 -3 3 5
313 A 11 0 0 -4 0 -5
313 A 11 0 -3 -4 3 -4
313 A 11 0 -4 -4 -5 5
313 A 11 0 4 -4 5 5
313 A 12 0 -2 -1 -2 -5
313 A 12 0 2 -1 2 -5
313 A 12 0 -4 -1 -4 -5
313 A 12 0 4 -1 4 -5
313 A 13 0 -1 -1 -6 6
313 A 13 0 1 -1 6 6
313 A 13 0 -2 -1 3 5
313 A 13 0 2 -1 -3 5
313 A 13 0 -3 -1 -1 -4
313 A 13 0 3 -1 1 -4
313 A 13 0 -4 -1 1 3
313 A 13 0 4 -1 -1 3
313 A 13 0 -6 -1 -3 -6
313 A 13 0 6 -1 3 -6
313 A 13 0 0 -2 0 6
313 A 13 0 -1 -2 -5 -3
313 A 13 0 1 -2 5 -3
313 A 13 0 -2 -2 -3 3
313 A 13 0 2 -2 3 3
313 A 13 0 -4 -2 -5 -4
313 A 13 0 4 -2 5 -4
313 A 13 0 -5 -2 6 -5
313 A 13 0 5 -2 -6 -5
313 A 13 0 -6 -2 6 -2
313 A 13 0 0 -3 0 4
313 A 13 0 -4 -3 -4 3
313 A 13 0 -6 -3 1 6
313 A 13 0 6 -3 -1 6
313 A 13 0 -2 -4 4 5
313 A 13 0 2 -4 -4 5
313 A 13 0 -3 -4 -3 4
313 A 13 0 -4 -4 5 -5
313 A 13 0 4 -4 -5 -5
313 A 13 0 -2 -5 5 -6
313 A 13 0 2 -5 -5 -6
313 A 13 0 -2 -6 2 -6
313 A 14 0 0 -1 0 -3
313 A 14 0 -2 -1 -6 3
313 A 14 0 2 -1 6 3
313 A 14 0 -6 -1 -6 1
313 A 14 0 -4 -3 -2 5
313 A 14 0 4 -3 2 5
313 A 14 0 -4 -5 4 -5
313 A 15 0 0 -1 0 -7
313 A 15 0 -1 -1 -1 1
313 A 15 0 -2 -1 1 7
313 A 15 0 2 -1 -1 7
313 A 15 0 -3 -1 -6 2
313 A 15 0 3 -1 6 2
313 A 15 0 -4 -1 -4 1
313 A 15 0 -5 -1 -5 -2
313 A 15 0 5 -1 5 -2
313 A 15 0 -6 -1 -6 -4
313 A 15 0 6 -1 6 -4
313 A 15 0 -7 -1 -4 7
313 A 15 0 7 -1 4 7
313 A 15 0 0 -2 0 4
313 A 15 0 -1 -2 2 -4
313 A 15 0 1 -2 -2 -4
313 A 15 0 -2 -2 7 -7
313 A 15 0 2 -2 -7 -7
313 A 15 0 -3 -2 3 -2
313 A 15 0 -4 -2 -7 -4
313 A 15 0 4 -2 7 -4
313 A 15 0 -7 -2 2 -7
313 A 15 0 7 -2 -2 -7
313 A 15 0 -1 -4 -1 4
313 A 15 0 -3 -4 -6 -7
313 A 15 0 3 -4 6 -7
313 A 15 0 -4 -4 -4 4
313 A 15 0 -5 -4 -5 7
313 A 15 0 5 -4 5 7
313 A 15 0 -3 -7 3 -7
313 A 16 0 0 -1 0 7
313 A 16 0 -2 -1 -6 -5
313 A 16 0 2 -1 6 -5
313 A 16 0 -4 -1 4 7
313 A 16 0 4 -1 -4 7
313 A 16 0 -6 -1 -2 -5
313 A 16 0 6 -1 2 -5
313 A 16 0 8 -1 8 7
313 A 16 0 -2 -3 -6 -7
313 A 16 0 2 -3 6 -7
313 A 16 0 -4 -3 4 -3
313 A 16 0 -6 -3 -2 -7
313 A 16 0 6 -3 2 -7
313 A 16 0 -4 -5 4 -5
313 A 17 0 0 -1 0 -5
313 A 17 0 -1 -1 -2 2
313 A 17 0 1 -1 2 2
313 A 17 0 -2 -1 -6 3
313 A 17 0 2 -1 6 3
313 A 17 0 -3 -1 -3 1
313 A 17 0 -4 -1 -5 -3
313 A 17 0 4 -1 5 -3
313 A 17 0 -5 -1 6 -8
313 A 17 0 5 -1 -6 -8
313 A 17 0 -6 -1 -5 -2
313 A 17 0 6 -1 5 -2
313 A 17 0 -7 -1 -2 -7
313 A 17 0 7 -1 2 -7
313 A 17 0 -8 -1 -3 -6
313 A 17 0 8 -1 3 -6
313 A 17 0 0 -2 0 6
313 A 17 0 -1 -2 -7 -3
313 A 17 0 1 -2 7 -3
313 A 17 0 -3 -2 1 5
313 A 17 0 3 -2 -1 5
313 A 17 0 -4 -2 -3 -7
313 A 17 0 4 -2 3 -7
313 A 17 0 -6 -2 7 -8
313 A 17 0 6 -2 -7 -8
313 A 17 0 -7 -2 -3 -4
313 A 17 0 7 -2 3 -4
313 A 17 0 -8 -2 6 7
313 A 17 0 8 -2 -6 7
313 A 17 0 0 -3 0 4
313 A 17 0 -1 -3 4 5
313 A 17 0 1 -3 -4 5
313 A 17 0 -2 -3 -2 3
313 A 17 0 -3 -3 5 -5
313 A 17 0 3 -3 -5 -5
313 A 17 0 -4 -3 5 -8
313 A 17 0 4 -3 -5 -8
313 A 17 0 -8 -3 1 6
313 A 17 0 8 -3 -1 6
313 A 17 0 -1 -4 -3 -5
313 A 17 0 1 -4 3 -5
313 A 17 0 -2 -4 5 7
313 A 17 0 2 -4 -5 7
313 A 17 0 -4 -4 8 -8
313 A 17 0 4 -4 -8 -8
313 A 17 0 -5 -4 5 -4
313 A 17 0 -6 -4 -8 -6
313 A 17 0 6 -4 8 -6
313 A 17 0 -7 -4 3 8
313 A 17 0 7 -4 -3 8
313 A 17 0 -8 -4 7 5
313 A 17 0 8 -4 -7 5
313 A 17 0 -2 -5 4 7
313 A 17 0 2 -5 -4 7
313 A 17 0 -6 -5 -4 -8
313 A 17 0 6 -5 4 -8
313 A 17 0 -8 -5 8 -5
313 A 17 0 -2 -6 2 -6
313 A 17 0 -4 -6 -1 -7
313 A 17 0 4 -6 1 -7
313 A 17 0 -5 -6 1 -8
313 A 17 0 5 -6 -1 -8
313 A 17 0 -6 -6 -6 6
313 A 17 0 -7 -6 2 8
313 A 17 0 7 -6 -2 8
313 A 17 0 0 -7 0 -8
313 A 17 0 -7 -7 7 -7
313 A 17 0 -8 -7 -8 7
313 A 0 1 -18 0 87 0
313 A 0 1 -19 0 33 0
313 A 0 1 -20 0 47 0
313 A 0 1 -30 0 -73 0
313 A 0 1 -49 0 115 0
313 A 0 1 -66 0 -147 0
313 A 0 1 -83 0 132 0
313 A 0 1 -111 0 141 0
313 A -1 1 -19 0 -33 0
313 A -1 1 -23 0 41 0
313 A -1 1 -25 0 -113 0
313 A -1 1 -27 0 -93 0
313 A -1 1 -31 0 -81 0
313 A -1 1 -39 0 153 0
313 A -1 1 -47 0 147 0
313 A -1 1 -49 0 141 0
313 A -1 1 -51 0 117 0
313 A -1 1 -53 0 -77 0
313 A -1 1 -55 0 -137 0
313 A -1 1 -59 0 -149 0
313 A -1 1 -67 0 75 0
313 A -1 1 -79 0 -155 0
313 A -1 1 -83 0 -87 0
313 A -1 1 -95 0 119 0
313 A -1 1 -99 0 -111 0
313 A -1 1 -131 0 -151 0
313 A 1 1 -19 0 -33 0
313 A 1 1 -23 0 41 0
313 A 1 1 -25 0 -113 0
313 A 1 1 -27 0 -93 0
313 A 1 1 -31 0 -81 0
313 A 1 1 -39 0 153 0
313 A 1 1 -47 0 147 0
313 A 1 1 -49 0 141 0
313 A 1 1 -51 0 117 0
313 A 1 1 -53 0 -77 0
313 A 1 1 -55 0 -137 0
313 A 1 1 -59 0 -149 0
313 A 1 1 -67 0 75 0
313 A 1 1 -79 0 -155 0
313 A 1 1 -83 0 -87 0
313 A 1 1 -95 0 119 0
313 A 1 1 -99 0 -111 0
313 A 1 1 -131 0 -151 0
313 A -2 1 -18 0 -86 -1
313 A -2 1 -19 0 -50 0
313 A -2 1 -22 0 -72 0
313 A -2 1 -30 0 74 0
313 A -2 1 -33 0 -48 0
313 A -2 1 -37 0 60 0
313 A -2 1 -43 0 59 0
313 A -2 1 -67 0 -121 -1
313 A -2 1 -82 -1 115 1
313 A -2 1 -98 -1 147 1
313 A -2 1 -119 -1 129 1
313 A -2 1 -131 -1 -141 -1
313 A 2 1 -18 0 -86 1
313 A 2 1 -19 0 -50 0
313 A 2 1 -22 0 -72 0
313 A 2 1 -30 0 74 0
313 A 2 1 -33 0 -48 0
313 A 2 1 -37 0 60 0
313 A 2 1 -43 0 59 0
313 A 2 1 -67 0 -121 1
313 A 2 1 82 -1 -115 1
313 A 2 1 98 -1 -147 1
313 A 2 1 119 -1 -129 1
313 A 2 1 131 -1 141 -1
313 A -3 1 -27 0 -152 -1
313 A -3 1 -31 0 -132 -1
313 A -3 1 -33 0 -39 0
313 A -3 1 -41 0 52 1
313 A -3 1 -45 0 -90 -1
313 A -3 1 -47 0 -134 -1
313 A -3 1 -51 0 -98 -1
313 A -3 1 -53 0 76 1
313 A -3 1 -58 -1 -92 -1
313 A -3 1 -80 -1 94 1
313 A -3 1 -82 -1 -122 -1
313 A -3 1 -86 -1 -120 -1
313 A -3 1 -118 -1 -154 -1
313 A -3 1 -138 -1 -150 -1
313 A -3 1 -142 -1 -148 -1
313 A 3 1 -27 0 -152 1
313 A 3 1 -31 0 -132 1
313 A 3 1 -33 0 -39 0
313 A 3 1 -41 0 52 -1
313 A 3 1 -45 0 -90 1
313 A 3 1 -47 0 -134 1
313 A 3 1 -51 0 -98 1
313 A 3 1 -53 0 76 -1
313 A 3 1 58 -1 92 -1
313 A 3 1 80 -1 -94 1
313 A 3 1 82 -1 122 -1
313 A 3 1 86 -1 120 -1
313 A 3 1 118 -1 154 -1
313 A 3 1 138 -1 150 -1
313 A 3 1 142 -1 148 -1
313 A 18 0 -4 -1 8 7
313 A 18 0 4 -1 -8 7
313 A 18 0 -6 -1 6 5
313 A 18 0 6 -1 -6 5
313 A 18 0 -8 -1 -8 1
313 A 18 0 -2 -5 -2 5
313 A 18 0 -4 -5 2 -7
313 A 18 0 4 -5 -2 -7
313 A 18 0 -4 -7 -4 7
313 A 18 0 -6 -7 6 -7
313 A -4 1 -19 0 48 1
313 A -4 1 -20 0 -140 -2
313 A -4 1 -23 0 -135 -2
313 A -4 1 -24 0 92 1
313 A -4 1 -31 0 130 2
313 A -4 1 -41 -1 113 1
313 A -4 1 -42 -1 89 1
313 A -4 1 -67 -1 -131 -2
313 A -4 1 -71 -1 128 2
313 A -4 1 -83 -1 -117 -1
313 A -4 1 -88 -1 -114 -1
313 A -4 1 -91 -1 134 2
313 A -4 1 -100 -1 -147 -2
313 A 4 1 -19 0 48 -1
313 A 4 1 -20 0 -140 2
313 A 4 1 -23 0 -135 2
313 A 4 1 -24 0 92 -1
313 A 4 1 -31 0 130 -2
313 A 4 1 41 -1 -113 1
313 A 4 1 42 -1 -89 1
313 A 4 1 67 -1 131 -2
313 A 4 1 71 -1 -128 2
313 A 4 1 83 -1 117 -1
313 A 4 1 88 -1 114 -1
313 A 4 1 91 -1 -134 2
313 A 4 1 100 -1 147 -2
313 A -5 1 -19 0 84 1
313 A -5 1 -21 0 151 2
313 A -5 1 -23 0 137 2
313 A -5 1 -25 0 -27 0
313 A -5 1 -29 0 30 1
313 A -5 1 -33 0 36 1
313 A -5 1 -38 -1 -50 -1
313 A -5 1 -46 -1 -48 -1
313 A -5 1 -54 -1 -58 -1
313 A -5 1 -66 -1 -109 -2
313 A -5 1 -68 -1 -115 -2
313 A -5 1 -72 -1 -74 -1
313 A -5 1 -76 -1 -111 -2
313 A -5 1 -82 -1 -96 -1
313 A -5 1 -88 -1 -139 -2
313 A -5 1 -93 -2 -95 -2
313 A -5 1 -119 -2 -121 -2
313 A -5 1 -131 -2 -153 -2
313 A -5 1 -145 -2 -147 -2
313 A 5 1 -19 0 84 -1
313 A 5 1 -21 0 151 -2
313 A 5 1 -23 0 137 -2
313 A 5 1 -25 0 -27 0
313 A 5 1 -29 0 30 -1
313 A 5 1 -33 0 36 -1
313 A 5 1 38 -1 50 -1
313 A 5 1 46 -1 48 -1
313 A 5 1 54 -1 58 -1
313 A 5 1 66 -1 109 -2
313 A 5 1 68 -1 115 -2
313 A 5 1 72 -1 74 -1
313 A 5 1 76 -1 111 -2
313 A 5 1 82 -1 96 -1
313 A 5 1 88 -1 139 -2
313 A 5 1 93 -2 95 -2
313 A 5 1 119 -2 121 -2
313 A 5 1 131 -2 153 -2
313 A 5 1 145 -2 147 -2
313 A -6 1 -19 0 129 3
313 A -6 1 -20 0 -139 -3
313 A -6 1 -21 0 121 2
313 A -6 1 -24 0 142 3
313 A -6 1 -27 -1 -68 -1
313 A -6 1 -31 -1 -60 -1
313 A -6 1 -49 -1 147 3
313 A -6 1 -56 -1 134 3
313 A -6 1 -80 -2 -98 -2
313 A 6 1 -19 0 129 -3
313 A 6 1 -20 0 -139 3
313 A 6 1 -21 0 121 -2
313 A 6 1 -24 0 142 -3
313 A 6 1 27 -1 68 -1
313 A 6 1 31 -1 60 -1
313 A 6 1 49 -1 -147 3
313 A 6 1 56 -1 -134 3
313 A 6 1 80 -2 98 -2
313 A 19 0 -7 -1 7 -1
313 A 19 0 -8 -1 -9 -6
313 A 19 0 8 -1 9 -6
313 A 19 0 -9 -1 2 4
313 A 19 0 9 -1 -2 4
313 A 19 0 -1 -2 -1 2
313 A 19 0 -3 -2 -5 -3
313 A 19 0 3 -2 5 -3
313 A 19 0 -4 -2 3 8
313 A 19 0 4 -2 -3 8
313 A 19 0 -5 -2 6 9
313 A 19 0 5 -2 -6 9
313 A 19 0 -6 -2 8 -9
313 A 19 0 6 -2 -8 -9
313 A 19 0 -7 -2 5 4
313 A 19 0 7 -2 -5 4
313 A 19 0 -8 -2 -6 -8
313 A 19 0 8 -2 6 -8
313 A 19 0 -9 -2 3 -7
313 A 19 0 9 -2 -3 -7
313 A 19 0 -2 -3 -4 6
313 A 19 0 2 -3 4 6
313 A 19 0 -3 -3 7 -7
313 A 19 0 3 -3 -7 -7
313 A 19 0 -4 -3 2 8
313 A 19 0 4 -3 -2 8
313 A 19 0 -8 -3 7 -5
313 A 19 0 8 -3 -7 -5
313 A 19 0 -1 -4 8 6
313 A 19 0 1 -4 -8 6
313 A 19 0 -3 -4 3 -4
313 A 19 0 -4 -4 -9 9
313 A 19 0 4 -4 9 9
313 A 19 0 -6 -4 7 8
313 A 19 0 6 -4 -7 8
313 A 19 0 -7 -4 -4 5
313 A 19 0 7 -4 4 5
313 A 19 0 -9 -4 -3 -5
313 A 19 0 9 -4 3 -5
313 A 19 0 -2 -5 2 -5
313 A 19 0 -5 -5 8 -8
313 A 19 0 5 -5 -8 -8
313 A 19 0 -3 -6 6 7
313 A 19 0 3 -6 -6 7
313 A 19 0 -1 -7 4 -9
313 A 19 0 1 -7 -4 -9
313 A 19 0 -2 -7 5 -8
313 A 19 0 2 -7 -5 -8
313 A 19 0 -4 -7 4 -7
313 A 19 0 -8 -7 -1 8
313 A 19 0 8 -7 1 8
313 A 19 0 -4 -8 -5 -9
313 A 19 0 4 -8 5 -9
313 A 19 0 -7 -9 -7 9
313 A -7 1 -21 0 62 1
313 A -7 1 -23 0 56 1
313 A -7 1 -25 0 22 1
313 A -7 1 -20 -1 -60 -1
313 A -7 1 -24 -1 -28 -1
313 A -7 1 -30 -1 116 3
313 A -7 1 -36 -1 -87 -2
313 A -7 1 -40 -1 -70 -1
313 A -7 1 -42 -1 112 3
313 A -7 1 -48 -1 65 2
313 A -7 1 -50 -1 -113 -2
313 A -7 1 -73 -2 115 2
313 A -7 1 -81 -2 120 3
313 A -7 1 -93 -2 -138 -3
313 A -7 1 -99 -2 152 3
313 A -7 1 -142 -3 -150 -3
313 A 7 1 -21 0 62 -1
313 A 7 1 -23 0 56 -1
313 A 7 1 -25 0 22 -1
313 A 7 1 20 -1 60 -1
313 A 7 1 24 -1 28 -1
313 A 7 1 30 -1 -116 3
313 A 7 1 36 -1 87 -2
313 A 7 1 40 -1 70 -1
313 A 7 1 42 -1 -112 3
313 A 7 1 48 -1 -65 2
313 A 7 1 50 -1 113 -2
313 A 7 1 73 -2 -115 2
313 A 7 1 81 -2 -120 3
313 A 7 1 93 -2 138 -3
313 A 7 1 99 -2 -152 3
313 A 7 1 142 -3 150 -3
313 A -8 1 -20 0 108 3
313 A -8 1 -23 0 66 2
313 A -8 1 -20 -1 -143 -4
313 A -8 1 -22 -1 72 2
313 A -8 1 -25 -1 64 2
313 A -8 1 -28 -1 -146 -4
313 A -8 1 -32 -1 58 1
313 A -8 1 -43 -1 -138 -4
313 A -8 1 -49 -1 70 2
313 A -8 1 -51 -1 -99 -2
313 A -8 1 -56 -2 -73 -2
313 A -8 1 -122 -3 -141 -4
313 A -8 1 -123 -3 -135 -3
313 A -8 1 -140 -3 -145 -4
313 A 8 1 -20 0 108 -3
313 A 8 1 -23 0 66 -2
313 A 8 1 20 -1 143 -4
313 A 8 1 22 -1 -72 2
313 A 8 1 25 -1 -64 2
313 A 8 1 28 -1 146 -4
313 A 8 1 32 -1 -58 1
313 A 8 1 43 -1 138 -4
313 A 8 1 49 -1 -70 2
313 A 8 1 51 -1 99 -2
313 A 8 1 56 -2 73 -2
313 A 8 1 122 -3 141 -4
313 A 8 1 123 -3 135 -3
313 A 8 1 140 -3 145 -4
313 A -9 1 -21 0 -57 -2
313 A -9 1 -16 -1 -54 -1
313 A -9 1 -18 -1 55 2
313 A -9 1 -20 -1 -127 -4
313 A -9 1 -32 -1 137 4
313 A -9 1 -38 -1 91 2
313 A -9 1 -42 -1 67 2
313 A -9 1 -50 -1 151 4
313 A -9 1 -51 -2 -141 -4
313 A -9 1 -85 -2 -126 -3
313 A -9 1 -90 -3 -129 -4
313 A 9 1 -21 0 -57 2
313 A 9 1 16 -1 54 -1
313 A 9 1 18 -1 -55 2
313 A 9 1 20 -1 127 -4
313 A 9 1 32 -1 -137 4
313 A 9 1 38 -1 -91 2
313 A 9 1 42 -1 -67 2
313 A 9 1 50 -1 -151 4
313 A 9 1 51 -2 141 -4
313 A 9 1 85 -2 126 -3
313 A 9 1 90 -3 129 -4
313 A 20 0 10 -1 10 3
313 A 20 0 -2 -3 2 -3
313 A 20 0 -4 -3 8 9
313 A 20 0 4 -3 -8 9
313 A 20 0 -8 -3 8 -3
313 A 20 0 10 -7 10 9
313 A -10 1 -12 -1 129 4
313 A -10 1 -15 -1 -23 -1
313 A -10 1 -19 -1 47 1
313 A -10 1 -20 -1 139 4
313 A -10 1 -26 -1 -145 -5
313 A -10 1 -29 -1 -140 -4
313 A -10 1 -33 -1 -38 -1
313 A -10 1 -44 -1 -100 -3
313 A -10 1 -50 -1 -87 -3
313 A -10 1 -51 -1 -68 -2
313 A -10 1 -52 -2 79 3
313 A -10 1 -58 -2 -70 -2
313 A -10 1 -59 -2 -85 -3
313 A -10 1 -69 -2 -86 -3
313 A -10 1 -74 -2 105 4
313 A -10 1 -81 -3 120 4
313 A -10 1 -90 -3 108 4
313 A -10 1 -91 -3 -117 -4
313 A -10 1 -101 -3 -136 -5
313 A -10 1 -109 -4 118 4
313 A 10 1 12 -1 -129 4
313 A 10 1 15 -1 23 -1
313 A 10 1 19 -1 -47 1
313 A 10 1 20 -1 -139 4
313 A 10 1 26 -1 145 -5
313 A 10 1 29 -1 140 -4
313 A 10 1 33 -1 38 -1
313 A 10 1 44 -1 100 -3
313 A 10 1 50 -1 87 -3
313 A 10 1 51 -1 68 -2
313 A 10 1 52 -2 -79 3
313 A 10 1 58 -2 70 -2
313 A 10 1 59 -2 85 -3
313 A 10 1 69 -2 86 -3
313 A 10 1 74 -2 -105 4
313 A 10 1 81 -3 -120 4
313 A 10 1 90 -3 -108 4
313 A 10 1 91 -3 117 -4
313 A 10 1 101 -3 136 -5
313 A 10 1 109 -4 -118 4
313 A -11 1 -14 -1 136 5
313 A -11 1 -30 -1 -94 -3
313 A -11 1 -34 -1 -102 -3
313 A -11 1 -46 -1 66 3
313 A -11 1 -48 -1 70 3
313 A -11 1 -47 -2 140 5
313 A -11 1 -61 -2 -128 -5
313 A -11 1 -88 -3 121 4
313 A -11 1 -144 -5 -150 -5
313 A 11 1 14 -1 -136 5
313 A 11 1 30 -1 94 -3
313 A 11 1 34 -1 102 -3
313 A 11 1 46 -1 -66 3
313 A 11 1 48 -1 -70 3
313 A 11 1 47 -2 -140 5
313 A 11 1 61 -2 128 -5
313 A 11 1 88 -3 -121 4
313 A 11 1 144 -5 150 -5
313 A 21 0 -2 -2 10 -10
313 A 21 0 2 -2 -10 -10
313 A 21 0 -3 -2 3 -2
313 A 21 0 -7 -2 -7 2
313 A 21 0 -10 -2 -4 5
313 A 21 0 10 -2 4 5
313 A 21 0 -1 -4 2 -8
313 A 21 0 1 -4 -2 -8
313 A 21 0 -3 -5 3 -5
313 A 21 0 -7 -5 -7 5
313 A 21 0 -7 -8 -7 -10
313 A 21 0 7 -8 7 -10
313 A 21 0 -8 -8 -8 8
313 A 21 0 -9 -8 -6 10
313 A 21 0 9 -8 6 10
313 A -12 1 -14 -1 -87 -3
313 A -12 1 -22 -1 85 3
313 A -12 1 -28 -1 56 2
313 A -12 1 -41 -1 45 2
313 A -12 1 -36 -2 -63 -3
313 A -12 1 -38 -2 -139 -5
313 A -12 1 -91 -4 145 6
313 A -12 1 -133 -5 -146 -5
313 A -12 1 -141 -5 144 6
313 A 12 1 14 -1 87 -3
313 A 12 1 22 -1 -85 3
313 A 12 1 28 -1 -56 2
313 A 12 1 41 -1 -45 2
313 A 12 1 36 -2 63 -3
313 A 12 1 38 -2 139 -5
313 A 12 1 91 -4 -145 6
313 A 12 1 133 -5 146 -5
313 A 12 1 141 -5 -144 6
313 A -13 1 -16 -1 81 4
313 A -13 1 -18 -1 -106 -5
313 A -13 1 -20 -1 -47 -2
313 A -13 1 -89 -4 95 4
313 A 13 1 16 -1 -81 4
313 A 13 1 18 -1 106 -5
313 A 13 1 20 -1 47 -2
313 A 13 1 89 -4 -95 4
313 A 22 0 -8 -3 -8 3
313 A -14 1 -15 -1 102 4
313 A -14 1 -21 -1 104 4
313 A -14 1 -27 -1 93 4
313 A -14 1 -30 -1 53 2
313 A -14 1 -34 -1 -39 -1
313 A -14 1 -33 -2 144 7
313 A -14 1 -61 -2 -113 -5
313 A -14 1 -99 -4 -145 -7
313 A 14 1 15 -1 -102 4
313 A 14 1 21 -1 -104 4
313 A 14 1 27 -1 -93 4
313 A 14 1 30 -1 -53 2
313 A 14 1 34 -1 39 -1
313 A 14 1 33 -2 -144 7
313 A 14 1 61 -2 113 -5
313 A 14 1 99 -4 145 -7
313 A 23 0 -5 -2 10 -4
313 A 23 0 5 -2 -10 -4
313 A 23 0 -8 -3 9 11
313 A 23 0 8 -3 -9 11
313 A 23 0 -4 -4 5 -5
313 A 23 0 4 -4 -5 -5
313 A 23 0 -11 -5 1 10
313 A 23 0 11 -5 -1 10
313 A 23 0 -4 -6 -3 -7
313 A 23 0 4 -6 3 -7
313 A 23 0 -6 -6 11 -11
313 A 23 0 6 -6 -11 -11
313 A 23 0 -7 -6 7 -6
313 A 23 0 -1 -7 -8 10
313 A 23 0 1 -7 8 10
313 A 23 0 -2 -10 2 -10
313 A -15 1 -118 -5 -133 -6
313 A 15 1 118 -5 133 -6
313 A -16 1 -23 -1 -136 -7
313 A -16 1 -26 -1 -85 -4
313 A -16 1 -27 -2 -71 -4
313 A 16 1 23 -1 136 -7
313 A 16 1 26 -1 85 -4
313 A 16 1 27 -2 71 -4
313 A 25 0 -6 -2 12 -4
313 A 25 0 6 -2 -12 -4
313 A 25 0 -7 -2 7 -2
313 A 25 0 -3 -3 3 -3
313 A 25 0 -4 -3 -12 9
313 A 25 0 4 -3 12 9
313 A 25 0 -3 -4 9 -12
313 A 25 0 3 -4 -9 -12
313 A 25 0 -4 -4 -4 4
313 A 25 0 -5 -4 10 12
313 A 25 0 5 -4 -10 12
313 A 25 0 -7 -6 -4 7
313 A 25 0 7 -6 4 7
313 A 25 0 -2 -9 11 -12
313 A 25 0 2 -9 -11 -12
313 A -18 1 -26 -1 -142 -9
313 A -18 1 -52 -2 -80 -4
313 A -18 1 -35 -3 64 4
313 A -18 1 -121 -6 -116 -7
313 A -18 1 -110 -7 -143 -9
313 A 18 1 26 -1 142 -9
313 A 18 1 52 -2 80 -4
313 A 18 1 35 -3 -64 4
313 A 18 1 121 -6 116 -7
313 A 18 1 110 -7 143 -9
313 A -19 1 -24 -1 -28 -1
313 A 19 1 24 -1 28 -1
313 A 26 0 -6 -11 6 -11
313 A -20 1 -63 -3 -142 -10
313 A -20 1 -45 -4 -74 -4
313 A -20 1 -96 -6 140 10
313 A -20 1 -124 -7 143 10
313 A 20 1 63 -3 142 -10
313 A 20 1 45 -4 74 -4
313 A 20 1 96 -6 -140 10
313 A 20 1 124 -7 -143 10
313 A 27 0 -6 -2 6 7
313 A 27 0 6 -2 -6 7
313 A 27 0 -12 -4 3 -10
313 A 27 0 12 -4 -3 -10
313 A 28 0 -9 -2 -11 -10
313 A 28 0 9 -2 11 -10
313 A -22 1 -40 -4 -132 -9
313 A -22 1 -50 -4 107 8
313 A -22 1 -59 -5 140 11
313 A 22 1 40 -4 132 -9
313 A 22 1 50 -4 -107 8
313 A 22 1 59 -5 -140 11
313 A 29 0 -2 -2 -3 3
313 A 29 0 2 -2 3 3
313 A 29 0 -6 -2 -14 -5
313 A 29 0 6 -2 14 -5
313 A 29 0 -4 -5 3 -11
313 A 29 0 4 -5 -3 -11
313 A 29 0 -5 -5 -7 7
313 A 29 0 5 -5 7 7
313 A 29 0 -6 -5 3 12
313 A 29 0 6 -5 -3 12
313 A 29 0 -6 -7 2 -12
313 A 29 0 6 -7 -2 -12
313 A 29 0 -8 -7 4 11
313 A 29 0 8 -7 -4 11
313 A 29 0 -9 -9 9 -9
313 A -24 1 -17 -2 160 11
313 A -24 1 -72 -5 -122 -9
313 A 24 1 17 -2 -160 11
313 A 24 1 72 -5 122 -9
313 A 31 0 -15 -5 14 -15
313 A 31 0 15 -5 -14 -15
313 A 31 0 -15 -15 15 -15
313 A -26 1 -42 -3 -83 -6
313 A -26 1 -67 -4 58 6
313 A 26 1 42 -3 83 -6
313 A 26 1 67 -4 -58 6
313 A 33 0 -6 -2 6 -2
313 A 33 0 -2 -7 16 10
313 A 33 0 2 -7 -16 10
313 A 33 0 -3 -7 3 -7
313 A 33 0 -7 -8 14 -16
313 A 33 0 7 -8 -14 -16
313 A 33 0 -8 -8 -8 8
313 A 33 0 -9 -8 15 16
313 A 33 0 9 -8 -15 16
313 A -28 1 -29 -3 65 6
313 A -28 1 -30 -4 114 10
313 A -28 1 -48 -5 139 14
313 A 28 1 29 -3 -65 6
313 A 28 1 30 -4 -114 10
313 A 28 1 48 -5 -139 14
313 A -30 1 -35 -3 -82 -6
313 A -30 1 -58 -5 -139 -15
313 A 30 1 35 -3 82 -6
313 A 30 1 58 -5 139 -15
313 A 35 0 -17 -2 17 -2
313 A -6 2 -45 0 223 2
313 A -6 2 -47 0 -131 -2
313 A 6 2 -45 0 223 -2
313 A 6 2 -47 0 -131 2
313 A -8 2 -42 -1 -224 -3
313 A -8 2 -138 -1 -222 -3
313 A 8 2 42 -1 224 -3
313 A 8 2 138 -1 222 -3
313 A 37 0 -18 -8 3 11
313 A 37 0 18 -8 -3 11
313 A 37 0 -4 -11 4 -11
313 A 39 0 -4 -4 5 -5
313 A 39 0 4 -4 -5 -5
313 A -20 2 -50 -1 226 7
313 A 20 2 50 -1 -226 7
313 A 41 0 -8 -18 8 -18
313 A -38 1 -35 -5 -113 -11
313 A 38 1 35 -5 113 -11
313 A 43 0 -21 -13 -6 16
313 A 43 0 21 -13 6 16
313 A 43 0 -5 -16 5 -16
313 A -40 1 -45 -5 90 12
313 A 40 1 45 -5 -90 12
313 A 47 0 -6 -6 12 -12
313 A 47 0 6 -6 -12 -12
313 A -46 1 -68 -12 123 17
313 A 46 1 68 -12 -123 17
313 A 51 0 -12 -13 12 -13
313 A 51 0 -13 -13 -25 25
313 A 51 0 13 -13 25 25
313 A 53 0 -17 -10 17 -10
313 A 53 0 -25 -26 25 -26
313 A 53 0 -26 -26 -26 26
313 A 59 0 -21 -21 21 -21
313 A 71 0 -25 -5 25 -5
313 A 83 0 -41 -6 41 -6
313 A 85 0 -7 -7 7 -7
313 A 89 0 -22 -37 22 -37
313 A 97 0 -40 -8 40 -8
313 A 107 0 -32 -32 32 -32
313 A 111 0 -33 -11 33 -11
313 A 119 0 -59 -12 59 -12
313 A 125 0 -47 -47 47 -47
313 A 129 0 -48 -16 48 -16
313 A 139 0 -23 -23 23 -23
313 A 143 0 -71 -24 71 -24
313 A 149 0 -37 -37 37 -37
313 A 155 0 -77 -77 77 -77
313 S 3 1 7 0
313 S -1 2 7 0
313 S 2 3 7 0
313 S -3 1 7 0
313 S 1 2 7 0
313 S -2 3 7 0
313 S 5 1 13 0
313 S -3 2 13 0
313 S 2 3 13 0
313 S -6 4 13 0
313 S -1 5 13 0
313 S 4 6 13 0
313 S -5 1 13 0
313 S 3 2 13 0
313 S -2 3 13 0
313 S 6 4 13 0
313 S 1 5 13 0
313 S -4 6 13 0
313 S 3 1 14 0
313 S -5 3 14 0
313 S 1 5 14 0
313 S -3 1 14 0
313 S 5 3 14 0
313 S -1 5 14 0
313 T 285 287 285 1 0
313 T 555 1563 1688 0 0
313 T 547 617 553 0 0
313 T 1690 315 545 0 0
313 T 617 313 1563 0 0
313 T 550 614 540 0 0
313 T 542 308 1653 0 0
313 T 1655 1637 548 0 0
313 T 1637 310 614 0 0
313 T 5 6 2 -1 0
313 T 2 2352 2433 0 0
313 T 2435 2278 7 0 0
313 T 2278 2354 6 1 0
313 T 771 894 761 0 0
313 T 763 1259 1196 0 0
313 T 1198 104 769 0 0
313 T 104 1257 894 0 0
313 T 766 103 1149 0 0
313 T 758 889 764 0 0
313 T 1151 1317 756 0 0
313 T 889 1319 103 0 0
313 T 711 694 702 0 0
313 T 700 1133 1436 0 0
313 T 1438 112 709 0 0
313 T 112 1135 694 0 0
313 T 706 112 1385 0 0
313 T 702 697 704 0 0
313 T 1387 1182 700 0 0
313 T 697 1180 112 0 0
313 T 167 154 158 0 0
313 T 156 748 2080 0 0
313 T 2082 2244 165 0 0
313 T 2244 750 154 0 0
313 T 162 2202 2136 0 0
313 T 158 153 160 0 0
313 T 2138 755 156 0 0
313 T 153 753 2202 0 0
313 T 755 281 2233 0 0
313 T 2235 2190 59 1 0
313 T 2190 279 749 0 0
313 T 285 277 281 0 0
313 T 567 297 2141 0 0
313 T 1962 291 565 0 0
313 T 2143 330 1960 0 0
313 T 291 328 297 0 0
313 T 562 292 2024 0 0
313 T 2026 325 2085 0 0
313 T 2087 302 560 0 0
313 T 302 327 292 0 0
313 T 559 599 565 0 0
313 T 1962 1474 557 0 0
313 T 599 1472 289 0 0
313 T 562 599 556 0 0
313 T 558 1420 2024 0 0
313 T 294 1422 599 0 0
313 T 795 946 789 0 0
313 T 887 906 881 0 0
313 T 488 380 1688 0 0
313 T 555 2122 490 0 0
313 T 490 2064 548 0 0
313 T 1655 387 488 0 0
313 T 555 382 2000 0 0
313 T 2002 1503 490 0 0
313 T 490 1576 1937 0 0
313 T 1939 385 548 0 0
313 T 555 620 549 0 0
313 T 1938 72 2000 0 0
313 T 387 475 381 0 0
313 T 167 674 1196 0 0
313 T 763 2044 165 0 0
313 T 2044 1259 674 0 0
313 T 162 1982 756 0 0
313 T 1151 669 160 0 0
313 T 669 1317 1982 0 0
313 T 183 1416 793 0 0
313 T 795 851 785 0 0
313 T 787 1611 181 0 0
313 T 1611 849 1416 0 0
313 T 178 1533 780 0 0
313 T 790 1470 176 0 0
313 T 782 844 788 0 0
313 T 1470 846 1533 0 0
313 T 1732 156 2385 0 0
313 T 2186 154 1734 0 0
313 T 2387 165 2184 0 0
313 T 1734 153 2228 0 0
313 T 2230 162 2305 0 0
313 T 2307 156 1732 0 0
313 T 207 2044 2184 0 0
313 T 2387 761 205 0 0
313 T 206 758 2305 0 0
313 T 2230 1982 204 0 0
313 T 735 1171 1684 0 0
313 T 727 769 733 0 0
313 T 1686 151 725 0 0
313 T 769 149 1171 0 0
313 T 730 766 720 0 0
313 T 722 144 1649 0 0
313 T 1651 1217 728 0 0
313 T 1217 146 766 0 0
313 T 1731 99 2212 0 0
313 T 2214 101 2280 0 0
313 T 2282 94 1729 0 0
313 T 94 103 99 0 0
313 T 1726 93 2360 0 0
313 T 2171 99 1724 0 0
313 T 2362 106 2169 0 0
313 T 99 104 93 0 0
313 T 819 802 810 0 0
313 T 808 1669 1096 0 0
313 T 1098 135 817 0 0
313 T 135 1671 802 0 0
313 T 814 136 1025 0 0
313 T 810 805 812 0 0
313 T 1027 1707 808 0 0
313 T 805 1705 136 0 0
313 T 243 271 233 0 0
313 T 235 821 2296 0 0
313 T 2298 2055 241 0 0
313 T 2055 823 271 0 0
313 T 238 1989 2376 0 0
313 T 230 272 236 0 0
313 T 2378 826 228 0 0
313 T 272 824 1989 0 0
313 T 727 777 717 0 0
313 T 719 1282 1680 0 0
313 T 1682 175 725 0 0
313 T 175 1280 777 0 0
313 T 722 168 1645 0 0
313 T 714 774 720 0 0
313 T 1647 1340 712 0 0
313 T 774 1342 168 0 0
313 T 655 186 2116 -1 0
313 T 2118 192 2060 0 0
313 T 2062 188 653 0 0
313 T 188 194 186 0 0
313 T 1690 274 2176 0 0
313 T 2178 280 545 0 0
313 T 280 272 313 0 0
313 T 542 279 2220 0 0
313 T 2222 269 1653 0 0
313 T 310 271 279 0 0
313 T 95 915 1601 0 0
313 T 974 943 93 0 0
313 T 1603 921 972 0 0
313 T 943 923 915 0 0
313 T 975 926 1525 0 0
313 T 1527 916 92 0 0
313 T 916 924 940 0 0
313 T 575 1282 2141 0 0
313 T 567 601 573 0 0
313 T 601 297 1282 0 0
313 T 570 606 560 0 0
313 T 2087 1340 568 0 0
313 T 1340 302 606 0 0
313 T 379 848 2180 0 0
313 T 2182 347 1576 0 0
313 T 2068 345 848 0 0
313 T 1503 340 2224 0 0
313 T 2226 847 372 0 0
313 T 847 342 2126 0 0
313 T 347 1419 377 0 0
313 T 374 1469 340 0 0
313 T 315 298 306 0 0
313 T 304 1368 2340 0 0
313 T 2342 2156 313 0 0
313 T 2156 1370 298 0 0
313 T 310 2102 2420 0 0
313 T 306 301 308 0 0
313 T 2422 1375 304 0 0
313 T 301 1373 2102 0 0
313 T 808 264 1520 0 0
313 T 1522 661 1096 0 0
313 T 1671 663 264 0 0
313 T 1027 658 1596 0 0
313 T 1598 264 808 0 0
313 T 264 656 1705 0 0
313 T 2342 468 617 0 0
313 T 2420 612 465 0 0
313 T 807 842 797 0 0
313 T 799 836 801 0 0
313 T 235 657 2300 0 0
313 T 227 267 233 0 0
313 T 2302 1706 225 0 0
313 T 230 267 224 0 0
313 T 226 1668 2380 0 0
313 T 2382 662 228 0 0
313 T 591 623 593 0 0
313 T 252 256 249 0 0
313 T 251 498 2072 0 0
313 T 2074 1694 254 0 0
313 T 1694 496 256 0 0
313 T 254 1656 2128 0 0
313 T 246 263 252 0 0
313 T 2130 493 244 0 0
313 T 263 495 1656 0 0
313 T 651 449 1684 0 0
313 T 1686 363 2284 0 0
313 T 2286 369 649 0 0
313 T 369 361 449 0 0
313 T 646 366 2364 0 0
313 T 1651 446 644 0 0
313 T 2366 356 1649 0 0
313 T 446 358 366 0 0
313 T 1743 2460 165 0 0
313 T 2082 112 1741 0 0
313 T 2460 114 2246 0 0
313 T 162 2498 1736 0 0
313 T 1738 112 2136 0 0
313 T 2200 114 2498 0 0
313 T 5 928 1120 0 0
313 T 1122 937 1164 0 0
313 T 1166 922 7 0 0
313 T 922 939 928 0 0
313 T 7 925 1212 0 0
313 T 1051 928 5 0 0
313 T 1214 934 1049 0 0
313 T 928 932 925 0 0
313 T 691 756 681 0 0
313 T 683 9 952 0 0
313 T 954 2018 689 0 0
313 T 2018 8 756 0 0
313 T 686 1952 953 0 0
313 T 682 763 684 0 0
313 T 763 8 1952 0 0
313 T 1375 1631 1268 0 0
313 T 1270 465 301 0 0
313 T 298 470 1328 0 0
313 T 1330 1553 1368 0 0
313 T 407 2337 2033 0 0
313 T 399 434 405 0 0
313 T 2035 871 397 0 0
313 T 434 869 2337 0 0
313 T 402 434 392 0 0
313 T 394 864 1969 0 0
313 T 1971 2419 400 0 0
313 T 2419 866 434 0 0
313 T 488 2004 2176 0 0
313 T 382 274 2004 0 0
313 T 2222 1942 488 0 0
313 T 1942 269 385 0 0
313 T 719 1990 1440 0 0
313 T 711 825 717 0 0
313 T 1442 275 709 0 0
313 T 714 822 704 0 0
313 T 706 268 1389 0 0
313 T 1391 2052 712 0 0
313 T 193 2336 2417 0 0
313 T 2419 2276 189 -1 0
313 T 187 2278 2336 -1 0
313 T 2302 139 2481 0 0
313 T 2483 806 225 0 0
313 T 226 801 2445 0 0
313 T 2447 132 2380 0 0
313 T 1887 328 2433 0 0
313 T 2354 326 1881 0 0
313 T 320 324 328 0 0
313 T 699 2082 1056 0 0
313 T 691 748 697 0 0
313 T 1058 158 689 0 0
313 T 694 755 684 0 0
313 T 686 158 985 0 0
313 T 987 2136 692 0 0
313 T 215 886 1188 0 0
313 T 1190 876 2076 0 0
313 T 2078 903 213 0 0
313 T 903 878 886 0 0
313 T 210 896 2132 0 0
313 T 1143 881 208 0 0
313 T 2134 875 1141 0 0
313 T 881 873 896 0 0
313 T 735 339 2284 0 0
313 T 1169 363 339 0 0
313 T 2366 332 728 0 0
313 T 332 356 1219 0 0
313 T 539 585 545 0 0
313 T 2178 1202 537 0 0
313 T 585 1200 282 0 0
313 T 542 582 532 0 0
313 T 534 1153 2220 0 0
313 T 277 1155 582 0 0
313 T 747 835 753 0 0
313 T 751 829 745 0 0
313 T 948 951 947 -1 0
313 T 139 135 143 1 0
313 T 903 2110 137 0 0
313 T 135 2165 897 0 0
313 T 2110 623 2165 0 0
313 T 151 2507 1952 0 0
313 T 763 2349 149 0 0
313 T 2349 8 2507 0 0
313 T 146 2431 756 0 0
313 T 2018 2469 144 0 0
313 T 2469 8 2431 0 0
313 T 608 612 605 0 0
313 T 607 467 1264 0 0
313 T 1266 2422 610 0 0
313 T 610 2340 1324 0 0
313 T 602 619 608 0 0
313 T 1326 468 600 0 0
313 T 1182 1743 1056 0 0
313 T 987 1736 1133 0 0
313 T 555 2166 653 0 0
313 T 655 2109 549 0 0
313 T 151 1162 585 0 0
313 T 587 583 579 -1 0
313 T 1904 1211 1162 0 0
313 T 1211 147 583 0 0
313 T 251 1889 2076 0 0
313 T 243 319 249 0 0
313 T 2078 2511 241 0 0
313 T 319 2509 1889 0 0
313 T 246 316 236 0 0
313 T 238 2473 2132 0 0
313 T 2134 1894 244 0 0
313 T 1894 2475 316 0 0
313 T 1942 665 2005 0 0
313 T 399 877 1664 0 0
313 T 391 443 397 0 0
313 T 1666 2510 389 0 0
313 T 443 2508 877 0 0
313 T 872 394 1702 0 0
313 T 1700 388 2474 0 0
313 T 2472 438 874 0 0
313 T 438 390 394 0 0
313 T 1114 306 610 0 0
313 T 1266 1375 1112 0 0
313 T 610 306 1041 0 0
313 T 1043 1368 1324 0 0
313 T 627 154 956 0 0
313 T 958 1732 1056 0 0
313 T 1058 2184 625 0 0
313 T 626 2230 985 0 0
313 T 987 1732 957 0 0
313 T 691 2189 1176 0 0
313 T 1178 278 697 0 0
313 T 694 281 1129 0 0
313 T 1131 2235 684 0 0
313 T 827 899 817 0 0
313 T 1098 2165 825 0 0
313 T 822 2111 1025 0 0
313 T 814 900 820 0 0
313 T 119 979 557 0 0
313 T 1962 1912 117 0 0
313 T 1912 1474 979 0 0
313 T 118 1911 2024 0 0
313 T 976 1420 1911 0 0
313 T 2035 937 1664 0 0
313 T 879 939 869 0 0
313 T 1702 934 1969 0 0
313 T 866 932 872 0 0
313 T 107 1978 1865 0 0
313 T 1867 1264 1204 0 0
313 T 1206 1377 105 0 0
313 T 1377 1266 1978 0 0
313 T 102 1377 1157 0 0
313 T 1862 2040 100 0 0
313 T 1159 1326 1860 0 0
313 T 2040 1324 1377 0 0
313 T 1574 131 537 0 0
313 T 2178 672 1572 0 0
313 T 131 674 1200 0 0
313 T 534 124 1497 0 0
313 T 1499 671 2220 0 0
313 T 1155 669 124 0 0
313 T 595 438 2489 0 0
313 T 2491 2454 61 -1 0
313 T 2454 440 589 0 0
313 T 475 442 438 0 0
313 T 747 981 153 0 0
313 T 981 835 2202 0 0
313 T 2244 828 982 0 0
313 T 1190 440 241 0 0
313 T 1141 236 437 0 0
313 T 539 2389 649 0 0
313 T 651 1674 545 0 0
313 T 1674 2391 587 0 0
313 T 542 1708 644 0 0
313 T 646 2311 532 0 0
313 T 580 2309 1708 0 0
313 T 215 2151 1741 0 0
313 T 1743 413 2485 0 0
313 T 2487 1550 213 0 0
313 T 210 1624 2449 0 0
313 T 1738 2093 208 0 0
313 T 2451 410 1736 0 0
313 T 215 415 1192 0 0
313 T 1194 1516 1741 0 0
313 T 1738 1594 1145 0 0
313 T 1147 408 208 0 0
313 T 183 189 173 0 0
313 T 175 659 1660 0 0
313 T 1662 2405 181 0 0
313 T 2405 657 189 0 0
313 T 178 2327 1696 0 0
313 T 170 186 176 0 0
313 T 1698 660 168 0 0
313 T 186 662 2327 0 0
313 T 1682 201 2440 0 0
313 T 2442 167 725 0 0
313 T 167 203 173 0 0
313 T 722 160 2476 0 0
313 T 2478 201 1645 0 0
313 T 170 203 160 0 0
313 T 379 840 1448 0 0
313 T 1450 892 2180 0 0
313 T 850 894 840 0 0
313 T 1399 839 372 0 0
313 T 2226 891 1397 0 0
313 T 839 889 845 0 0
313 T 547 1819 2172 0 0
313 T 1998 2321 545 0 0
313 T 2174 113 1996 0 0
313 T 2321 115 1819 0 0
313 T 542 2403 1933 0 0
313 T 1935 113 2216 0 0
313 T 2218 1820 540 0 0
313 T 1820 115 2403 0 0
313 T 179 2146 2584 0 0
313 T 2586 404 781 0 0
313 T 2090 182 2622 0 0
313 T 2620 784 401 0 0
313 T 423 419 427 1 0
313 T 1823 2204 421 0 0
313 T 419 2251 1817 0 0
313 T 2204 55 2251 1 0
313 T 167 2052 1757 0 0
313 T 1759 2606 173 0 0
313 T 2606 2054 201 0 0
313 T 170 2640 1752 0 0
313 T 1754 1990 160 0 0
313 T 201 1988 2640 0 0
313 T 1359 312 1680 0 0
313 T 1682 299 2572 0 0
313 T 2574 305 1357 0 0
313 T 1354 305 2608 0 0
313 T 1647 311 1352 0 0
313 T 2610 300 1645 0 0
313 T 175 1276 1765 0 0
313 T 1767 1030 1660 0 0
313 T 657 1028 1276 0 0
313 T 1762 1338 168 0 0
313 T 1698 1101 1760 0 0
313 T 1338 1103 662 0 0
313 T 235 813 1068 0 0
313 T 1070 901 2296 0 0
313 T 999 818 228 0 0
313 T 2378 898 997 0 0
313 T 739 498 2060 0 0
313 T 743 911 737 0 0
313 T 2118 492 741 0 0
313 T 555 826 1996 0 0
313 T 1998 1097 653 0 0
313 T 654 1026 1933 0 0
313 T 1935 821 548 0 0
313 T 2623 2264 173 0 0
313 T 191 2266 2091 0 0
313 T 170 2271 2585 0 0
313 T 2145 2269 184 0 0
313 T 824 2321 619 0 0
313 T 612 2403 823 0 0
313 T 5 932 1485 0 0
313 T 1487 927 1120 0 0
313 T 1051 920 1433 0 0
313 T 1435 939 5 0 0
313 T 151 1887 2389 0 0
313 T 1160 1672 1887 0 0
313 T 2311 1880 144 0 0
313 T 1880 1710 1210 0 0
313 T 527 2453 1184 0 0
313 T 519 590 525 0 0
313 T 1186 441 517 0 0
313 T 522 593 512 0 0
313 T 514 438 1137 0 0
313 T 1139 2491 520 0 0
313 T 691 2307 956 0 0
313 T 958 204 681 0 0
313 T 959 2385 684 0 0
313 T 862 868 864 0 0
313 T 970 316 389 0 0
313 T 1666 1890 968 0 0
313 T 971 1893 1700 0 0
313 T 339 1172 241 0 0
313 T 2298 1923 337 0 0
313 T 1172 1921 2053 0 0
313 T 238 1222 332 0 0
313 T 334 1916 2376 0 0
313 T 1991 1918 1222 0 0
313 T 2143 2602 117 0 0
313 T 2602 330 1914 0 0
313 T 118 2636 2085 0 0
313 T 1909 325 2636 0 0
313 T 120 124 117 0 0
313 T 2143 2266 122 0 0
313 T 2266 2602 124 0 0
313 T 122 2269 2085 0 0
313 T 118 131 120 0 0
313 T 131 2636 2269 0 0
313 T 1859 1324 105 0 0
313 T 1206 2042 1857 0 0
313 T 102 1266 1852 0 0
313 T 1854 1976 1157 0 0
313 T 727 1196 1992 0 0
313 T 1994 104 733 0 0
313 T 730 103 1929 0 0
313 T 1931 1151 720 0 0
313 T 1831 1165 972 0 0
313 T 1603 4 1829 0 0
313 T 1826 4 1525 0 0
313 T 975 1215 1824 0 0
313 T 452 456 449 0 0
313 T 447 462 453 0 0
313 T 227 1523 2617 0 0
313 T 2619 811 233 0 0
313 T 230 811 2581 0 0
313 T 2583 1597 224 0 0
313 T 719 603 2572 0 0
313 T 2610 604 712 0 0
313 T 347 1403 254 0 0
313 T 2074 1848 345 0 0
313 T 1403 1850 1692 0 0
313 T 254 1452 340 0 0
313 T 342 1847 2128 0 0
313 T 1658 1845 1452 0 0
313 T 95 2104 2501 0 0
313 T 2503 1846 98 0 0
313 T 1846 2106 100 0 0
313 T 98 1849 2465 0 0
313 T 2467 2162 92 0 0
313 T 107 2160 1849 0 0
313 T 591 878 2456 0 0
313 T 2495 872 593 0 0
313 T 2458 54 2493 0 0
313 T 1359 1115 1564 0 0
313 T 1566 1876 1676 0 0
313 T 1678 138 1357 0 0
313 T 138 1878 1115 0 0
313 T 1354 133 1641 0 0
313 T 1491 1040 1352 0 0
313 T 1643 1875 1489 0 0
313 T 1040 1873 133 0 0
313 T 1438 1816 1564 0 0
313 T 1566 2322 709 0 0
313 T 706 2400 1489 0 0
313 T 1491 1823 1385 0 0
313 T 487 196 1184 0 0
313 T 527 2624 485 0 0
313 T 2624 2453 196 0 0
313 T 482 2590 520 0 0
313 T 1139 196 480 0 0
313 T 196 2491 2590 0 0
313 T 643 203 1440 0 0
313 T 719 2642 641 0 0
313 T 638 2604 712 0 0
313 T 1391 203 636 0 0
313 T 575 1011 122 0 0
313 T 1011 1282 2264 0 0
313 T 122 1080 568 0 0
313 T 2271 1340 1080 0 0
313 T 528 532 525 0 0
313 T 527 2628 641 0 0
313 T 643 1395 530 0 0
313 T 1395 2630 532 0 0
313 T 530 1444 636 0 0
313 T 522 539 528 0 0
313 T 638 2594 520 0 0
313 T 539 2592 1444 0 0
313 T 1475 1422 1871 -1 0
313 T 68 292 288 0 0
313 T 966 798 225 0 0
313 T 2483 843 964 0 0
313 T 967 836 2445 0 0
313 T 1566 616 717 0 0
313 T 714 615 1489 0 0
313 T 426 424 426 1 0
313 T 363 468 353 0 0
313 T 355 602 2576 0 0
313 T 2578 1324 361 0 0
313 T 607 350 2614 0 0
313 T 2612 356 1264 0 0
313 T 465 358 350 0 0
313 T 2574 609 1564 0 0
313 T 1491 609 2608 0 0
313 T 95 1375 2328 0 0
313 T 2330 137 2501 0 0
313 T 2106 139 1375 0 0
313 T 2410 1368 92 0 0
313 T 2467 134 2408 0 0
313 T 1368 132 2160 0 0
313 T 1799 1433 1664 0 0
313 T 2035 7 1797 0 0
313 T 1794 7 1969 0 0
313 T 1702 1487 1792 0 0
313 T 635 2487 1056 0 0
313 T 1182 413 633 0 0
313 T 630 410 1133 0 0
313 T 987 2449 628 0 0
313 T 1266 2104 1877 0 0
313 T 1874 2162 1324 0 0
313 T 1171 894 2351 0 0
313 T 2429 889 1217 0 0
313 T 575 571 579 1 0
313 T 2262 1081 1009 0 0
313 T 487 1157 361 0 0
313 T 2578 1862 485 0 0
313 T 358 1206 480 0 0
313 T 482 1865 2612 0 0
313 T 1290 2210 213 0 0
313 T 2078 1923 1288 0 0
313 T 2210 1921 901 0 0
313 T 210 2252 1229 0 0
313 T 1231 1916 2132 0 0
313 T 898 1918 2252 0 0
313 T 1450 136 2292 0 0
313 T 1446 1482 1448 0 0
313 T 2294 17 1444 0 0
313 T 1446 126 2288 0 0
313 T 2290 1241 1448 0 0
313 T 1463 1476 1457 0 0
313 T 1459 2346 1240 0 0
313 T 2346 1478 9 0 0
313 T 1395 1430 1397 0 0
313 T 1399 1302 2368 0 0
313 T 2370 129 1393 0 0
313 T 1395 18 2372 0 0
313 T 2374 135 1397 0 0
313 T 1303 2424 1405 0 0
313 T 1407 1426 1409 0 0
313 T 9 1424 2424 0 0
313 T 2271 1086 1516 0 0
313 T 184 407 1086 0 0
313 T 1594 1013 2264 0 0
313 T 1013 400 191 0 0
313 T 1406 932 593 0 0
313 T 2495 864 1404 0 0
313 T 590 939 1456 0 0
313 T 1458 871 2457 0 0
313 T 1859 1872 1849 0 0
313 T 1846 1879 1852 0 0
313 T 1731 1600 2112 0 0
313 T 1723 1830 1729 0 0
313 T 2114 5 1721 0 0
313 T 1726 1825 1716 0 0
313 T 1718 5 2057 0 0
313 T 2059 1526 1724 0 0
313 T 1751 1815 1741 0 0
313 T 1194 129 1749 0 0
313 T 129 1516 1815 0 0
313 T 1746 126 1145 0 0
313 T 1738 1808 1744 0 0
313 T 1808 1594 126 0 0
313 T 183 1412 1781 0 0
313 T 1791 1607 181 0 0
313 T 1783 1899 1789 0 0
313 T 1607 1897 1412 0 0
313 T 178 1529 1784 0 0
313 T 1786 1900 1776 0 0
313 T 1778 1466 176 0 0
313 T 1466 1902 1529 0 0
313 T 259 320 261 0 0
313 T 355 574 1060 0 0
313 T 1062 564 2576 0 0
313 T 991 569 348 0 0
313 T 2614 563 989 0 0
313 T 1086 2279 2033 1 0
313 T 1971 2276 1013 -1 0
313 T 2442 674 1992 0 0
313 T 1931 669 2476 0 0
313 T 651 1250 2172 0 0
313 T 1817 1248 1672 0 0
313 T 2218 1309 644 0 0
313 T 1710 1311 1822 0 0
313 T 167 1175 1749 0 0
313 T 1751 1920 1757 0 0
313 T 1754 1919 1744 0 0
313 T 1746 1221 160 0 0
313 T 215 2596 1757 0 0
313 T 1759 2243 1192 0 0
313 T 413 2241 2596 0 0
313 T 1754 2634 208 0 0
313 T 1147 2197 1752 0 0
313 T 2634 2199 410 0 0
313 T 1360 728 2280 0 0
313 T 2214 1931 1362 0 0
313 T 1362 1992 2169 0 0
313 T 2362 735 1360 0 0
313 T 2282 914 2112 0 0
313 T 2059 917 2360 0 0
313 T 379 428 369 0 0
313 T 371 2659 1448 0 0
313 T 842 2657 428 0 0
313 T 366 431 372 0 0
313 T 1399 2673 364 0 0
313 T 431 2675 837 0 0
313 T 1070 2208 337 0 0
313 T 334 2254 997 0 0
313 T 1731 1834 1725 0 0
313 T 2170 667 2212 0 0
313 T 2241 129 1922 0 0
313 T 1917 126 2199 0 0
313 T 216 1776 1452 0 0
313 T 1658 1770 218 0 0
313 T 1770 1845 1776 0 0
313 T 218 1773 1692 0 0
313 T 1403 1783 216 0 0
313 T 1783 1850 1773 0 0
313 T 787 857 777 0 0
313 T 779 1011 2621 0 0
313 T 400 1009 857 0 0
313 T 774 854 780 0 0
313 T 2587 1080 772 0 0
313 T 854 1082 407 0 0
313 T 1190 1142 2523 1 0
313 T 1086 2355 1797 0 0
313 T 1794 2433 1013 0 0
313 T 1775 99 1660 0 0
313 T 1767 1842 1773 0 0
313 T 1842 1030 99 0 0
313 T 1770 1837 1760 0 0
313 T 1698 99 1768 0 0
313 T 99 1101 1837 0 0
313 T 1062 1957 485 0 0
313 T 1957 564 1860 0 0
313 T 482 2023 989 0 0
313 T 1867 563 2023 0 0
313 T 1351 2250 1564 0 0
313 T 1438 416 1349 0 0
313 T 1346 423 1385 0 0
313 T 1491 2204 1344 0 0
313 T 263 1786 1580 0 0
313 T 1582 1506 73 -1 0
313 T 1904 1790 1786 0 0
313 T 1506 1788 257 0 0
313 T 207 431 964 0 0
313 T 2483 2656 205 0 0
313 T 206 2674 2445 0 0
313 T 519 939 2648 0 0
313 T 2650 1458 525 0 0
313 T 522 1404 2664 0 0
313 T 2666 932 512 0 0
313 T 251 1897 1288 0 0
313 T 1891 1923 1897 0 0
313 T 1231 1902 244 0 0
313 T 1902 1916 1892 0 0
313 T 2619 804 1068 0 0
313 T 999 803 2581 0 0
313 T 1713 1640 1676 0 0
313 T 519 1166 633 0 0
313 T 635 1120 2648 0 0
313 T 630 1212 512 0 0
313 T 2666 1051 628 0 0
313 T 1102 1030 667 -1 0
313 T 1834 1840 1836 0 0
313 T 1258 843 2096 0 0
313 T 2098 849 105 0 0
313 T 102 846 2152 0 0
313 T 2154 836 1316 0 0
313 T 1807 1882 1797 0 0
313 T 1086 327 1805 0 0
313 T 1802 328 1013 0 0
313 T 1794 1885 1800 0 0
313 T 423 463 413 0 0
313 T 2243 2567 421 0 0
313 T 2567 2598 463 0 0
313 T 418 2568 2197 0 0
313 T 410 456 416 0 0
313 T 456 2632 2568 0 0
313 T 1173 1815 2462 0 0
313 T 2496 1808 1223 0 0
313 T 1442 314 2644 0 0
313 T 2646 283 709 0 0
313 T 706 276 2660 0 0
313 T 2662 309 1389 0 0
313 T 1360 736 2112 0 0
313 T 730 914 736 0 0
313 T 2059 743 1360 0 0
313 T 743 917 733 0 0
313 T 651 2049 1568 0 0
313 T 1570 2558 1684 0 0
313 T 451 2556 2049 0 0
313 T 645 1492 1984 0 0
313 T 1986 2554 445 0 0
313 T 2554 1494 1650 0 0
313 T 515 391 2669 0 0
313 T 2671 393 1136 0 0
313 T 391 519 2654 0 0
313 T 2652 1184 397 0 0
313 T 347 1290 1944 0 0
313 T 1946 2526 254 0 0
313 T 2526 1288 1401 0 0
313 T 254 2526 2008 0 0
313 T 2010 1229 340 0 0
313 T 1454 1231 2526 0 0
313 T 1438 408 2680 0 0
313 T 2682 456 1349 0 0
313 T 1346 463 2712 0 0
313 T 2714 415 1385 0 0
313 T 263 1539 2533 0 0
313 T 2535 1034 1656 0 0
313 T 493 1032 1539 0 0
313 T 2530 1613 256 0 0
313 T 1694 1105 2528 0 0
313 T 1613 1107 498 0 0
313 T 2202 319 2737 0 0
313 T 2739 15 833 0 0
313 T 15 317 981 0 0
313 T 830 15 2705 0 0
313 T 2707 316 2244 0 0
313 T 700 628 2680 0 0
313 T 2714 635 700 0 0
313 T 2638 1086 1815 0 0
313 T 1808 1013 2600 0 0
313 T 519 506 510 0 0
313 T 508 2716 633 0 0
313 T 1164 2718 506 0 0
313 T 510 505 512 0 0
313 T 630 2686 508 0 0
313 T 505 2684 1214 0 0
313 T 1759 1927 1765 0 0
313 T 1278 1925 2604 0 0
313 T 1762 1927 1752 0 0
313 T 2642 1925 1336 0 0
313 T 507 390 960 0 0
313 T 962 2670 510 0 0
313 T 510 2652 961 0 0
313 T 1815 1911 1805 0 0
313 T 1802 1912 1808 0 0
313 T 339 1814 2725 0 0
313 T 2727 2461 241 0 0
313 T 238 2499 2693 0 0
313 T 2695 1809 332 0 0
313 T 479 972 505 0 0
313 T 2686 1827 477 0 0
313 T 478 1828 2716 0 0
313 T 59 2021 1956 0 0
313 T 1861 1865 1869 1 0
313 T 252 2697 1580 0 0
313 T 1784 2699 246 0 0
313 T 1507 2731 252 0 0
313 T 249 2729 1791 0 0
313 T 1946 218 1580 0 0
313 T 2699 216 2524 0 0
313 T 1507 218 2008 0 0
313 T 2524 216 2729 0 0
313 T 539 2678 2288 0 0
313 T 2594 126 2678 0 0
313 T 2370 2678 532 0 0
313 T 2678 129 2628 0 0
313 T 1178 2662 702 0 0
313 T 702 2644 1129 0 0
313 T 719 1925 1568 0 0
313 T 1570 1338 641 0 0
313 T 638 1276 1493 0 0
313 T 1495 1925 712 0 0
313 T 1270 2438 293 0 0
313 T 324 2436 467 0 0
313 T 290 2356 1328 0 0
313 T 468 2358 331 0 0
313 T 1783 2466 1660 0 0
313 T 1698 2500 1776 0 0
313 T 487 2031 2652 0 0
313 T 198 399 2031 0 0
313 T 2670 1965 480 0 0
313 T 1965 392 198 0 0
313 T 1329 1365 2506 0 0
313 T 2504 1476 2359 0 0
313 T 291 1478 1365 0 0
313 T 2437 1426 2470 0 0
313 T 2468 1365 1271 0 0
313 T 1365 1424 292 0 0
313 T 1723 1719 1715 -1 0
313 T 363 2358 1064 0 0
313 T 1066 329 353 0 0
313 T 992 349 325 0 0
313 T 2439 359 994 0 0
313 T 1414 2466 2407 0 0
313 T 2325 2500 1464 0 0
313 T 452 1985 2741 0 0
313 T 2743 2555 461 0 0
313 T 2048 455 2710 0 0
313 T 2708 457 2559 0 0
313 T 854 858 860 1 0
313 T 1570 2702 725 0 0
313 T 2702 2558 149 0 0
313 T 722 2732 1493 0 0
313 T 146 2553 2732 0 0
313 T 339 894 2721 0 0
313 T 2723 2349 361 0 0
313 T 358 2431 2689 0 0
313 T 2691 889 332 0 0
313 T 2302 2802 205 0 0
313 T 2802 139 2658 0 0
313 T 206 2797 2380 0 0
313 T 2672 132 2797 0 0
313 T 195 198 197 0 0
313 T 2751 2245 241 0 0
313 T 2727 115 2749 0 0
313 T 238 2203 2744 0 0
313 T 2746 115 2693 0 0
313 T 371 2801 2292 0 0
313 T 2374 2798 364 0 0
313 T 1574 2630 2288 0 0
313 T 2370 2592 1497 0 0
313 T 2731 1781 1288 0 0
313 T 1231 1778 2697 0 0
313 T 779 1925 2700 0 0
313 T 2734 1925 772 0 0
313 T 215 1116 1948 0 0
313 T 1950 2556 1757 0 0
313 T 2598 2558 1116 0 0
313 T 1754 2555 2012 0 0
313 T 2014 1047 208 0 0
313 T 1047 2553 2632 0 0
313 T 1294 2700 1757 0 0
313 T 1950 151 1292 0 0
313 T 1754 2734 1233 0 0
313 T 1235 144 2012 0 0
313 T 235 1028 2517 0 0
313 T 2519 1278 2300 0 0
313 T 2514 1103 228 0 0
313 T 2382 1336 2512 0 0
313 T 2407 2413 2409 0 0
313 T 2413 1412 133 0 0
313 T 2431 2438 2425 0 0
313 T 2331 2335 2325 0 0
313 T 2335 136 1464 0 0
313 T 2347 2356 2349 0 0
313 T 103 108 105 0 0
313 T 2098 2547 2153 0 0
313 T 835 910 829 0 0
313 T 355 351 79 -1 0
313 T 179 67 181 0 0
313 T 2751 2704 249 0 0
313 T 246 2738 2744 0 0
313 T 1294 777 1765 0 0
313 T 1762 774 1233 0 0
313 T 2239 1529 149 0 0
313 T 147 1606 2192 0 0
313 T 339 2815 1064 0 0
313 T 1066 2347 2721 0 0
313 T 892 2345 2815 0 0
313 T 995 2809 332 0 0
313 T 2691 2425 993 0 0
313 T 2809 2427 891 0 0
313 T 871 2038 2550 0 0
313 T 865 2549 1975 0 0
313 T 1973 54 2038 0 0
313 T 216 2836 2533 0 0
313 T 2535 782 1584 0 0
313 T 1586 1235 218 0 0
313 T 1235 780 2836 0 0
313 T 218 1292 1509 0 0
313 T 2530 2826 216 0 0
313 T 1511 785 2528 0 0
313 T 2826 787 1292 0 0
313 T 487 1852 2833 0 0
313 T 2835 1976 361 0 0
313 T 358 2042 2821 0 0
313 T 2823 1859 480 0 0
313 T 479 2238 1060 0 0
313 T 990 2193 477 0 0
313 T 2031 1966 2263 -1 0
313 T 1731 2398 2257 0 0
313 T 2259 2317 1725 0 0
313 T 2317 2396 1832 -1 0
313 T 2826 857 1765 0 0
313 T 1762 854 2836 0 0
313 T 2838 1034 1768 0 0
313 T 1775 1105 2824 0 0
313 T 1250 85 1308 0 0
313 T 2521 2513 2517 0 0
313 T 463 2561 1116 0 0
313 T 2567 2558 2561 0 0
313 T 1047 2561 456 0 0
313 T 2561 2553 2568 0 0
313 T 1107 857 1840 0 0
313 T 1839 854 1032 0 0
313 T 539 2757 1568 0 0
313 T 2391 2049 2757 0 0
313 T 1495 2754 532 0 0
313 T 2754 1987 2309 0 0
313 T 2783 449 1976 0 0
313 T 2043 447 2777 0 0
313 T 2743 2570 1116 0 0
313 T 1047 2565 2709 0 0
313 T 2399 1412 1304 0 0
313 T 2395 2415 2397 0 0
313 T 1247 1466 2317 0 0
313 T 2319 2333 2313 0 0
313 T 2535 2544 2529 0 0
313 T 1510 60 1584 0 0
313 T 2835 2781 369 0 0
313 T 366 2778 2821 0 0
313 T 2543 1629 93 0 0
313 T 95 1554 2537 0 0
313 T 141 143 141 1 0
313 T 907 905 907 -1 0
313 T 627 2819 510 0 0
313 T 962 116 625 0 0
313 T 2819 118 2668 0 0
313 T 510 2829 624 0 0
313 T 2654 117 2829 0 0
313 T 1570 2903 530 0 0
313 T 2903 1338 1393 0 0
313 T 530 2921 1493 0 0
313 T 1446 1276 2921 0 0
313 T 12 2909 2397 0 0
313 T 1411 2415 2909 0 0
313 T 2319 2931 12 0 0
313 T 2931 2333 1461 0 0
313 T 151 2917 2757 0 0
313 T 1885 2049 2917 0 0
313 T 2754 2939 144 0 0
313 T 2939 1987 1882 0 0
313 T 1329 1424 2914 0 0
313 T 2912 294 2506 0 0
313 T 2468 289 2934 0 0
313 T 2932 1478 1271 0 0
313 T 1799 1985 2869 0 0
313 T 2867 2050 1793 0 0
313 T 339 1633 1284 0 0
313 T 1286 2882 2725 0 0
313 T 1812 2880 1633 0 0
313 T 1227 1559 332 0 0
313 T 2695 2877 1225 0 0
313 T 1559 2879 1811 0 0
313 T 2759 2903 522 0 0
313 T 525 2921 2752 0 0
313 T 487 2768 2829 0 0
313 T 2029 117 2768 0 0
313 T 2819 2775 480 0 0
313 T 2775 118 1967 0 0
313 T 2495 2548 2925 0 0
313 T 2927 1972 1404 0 0
313 T 1458 2038 2905 0 0
313 T 2907 2548 2457 0 0
313 T 643 1622 2644 0 0
313 T 201 314 1622 0 0
313 T 2662 1544 636 0 0
313 T 1544 309 201 0 0
313 T 2543 1270 2328 0 0
313 T 2410 1328 2536 0 0
313 T 151 2915 2861 0 0
313 T 2863 295 1952 0 0
313 T 2858 2933 144 0 0
313 T 2018 288 2856 0 0
313 T 1359 1620 2440 0 0
313 T 2478 1546 1352 0 0
313 T 527 2290 2945 0 0
313 T 2947 1572 641 0 0
313 T 638 1499 2941 0 0
313 T 2943 2368 520 0 0
313 T 1463 2887 2904 0 0
313 T 1478 2039 2887 0 0
313 T 2891 1410 2927 0 0
313 T 1974 1427 2889 0 0
313 T 151 1090 1512 0 0
313 T 1514 2881 2757 0 0
313 T 2919 2883 1090 0 0
313 T 2754 2878 1588 0 0
313 T 1590 1017 144 0 0
313 T 1017 2876 2937 0 0
313 T 2999 1897 1304 0 0
313 T 2399 1605 2997 0 0
313 T 2994 1531 2317 0 0
313 T 1247 1902 2992 0 0
313 T 1807 2937 2869 0 0
313 T 2866 2919 1800 0 0
313 T 2983 1559 1913 0 0
313 T 1911 1632 2964 0 0
313 T 1998 2764 2116 0 0
313 T 184 2766 1099 0 0
313 T 2063 2763 1933 0 0
313 T 1024 2761 191 0 0
313 T 1879 1052 2789 0 0
313 T 2791 2787 2795 1 0
313 T 77 1124 1052 0 0
313 T 2787 1126 1873 0 0
313 T 1286 2954 2749 0 0
313 T 2954 2882 113 0 0
313 T 1298 2953 2757 0 0
313 T 1514 114 1296 0 0
313 T 2879 2970 113 0 0
313 T 2970 1227 2746 0 0
313 T 1589 1236 113 0 0
313 T 1236 2753 2968 0 0
313 T 2286 2845 2172 0 0
313 T 1248 2847 371 0 0
313 T 2218 2842 2364 0 0
313 T 364 2840 1311 0 0
313 T 2927 1107 2908 0 0
313 T 2412 1105 2891 0 0
313 T 2930 1032 2905 0 0
313 T 2884 1034 2334 0 0
313 T 2906 861 2925 0 0
313 T 31 2776 1321 0 0
313 T 1262 2782 33 0 0
313 T 2910 1834 2929 0 0
313 T 1522 2324 2765 0 0
313 T 2762 2406 1596 0 0
313 T 2883 2966 1805 0 0
313 T 1802 2980 2876 0 0
313 T 2768 2772 2805 -1 0
313 T 2871 2982 1088 0 0
313 T 1018 2965 2865 0 0
313 T 39 1392 2372 0 0
313 T 41 2292 1445 0 0
313 T 3002 1406 2368 0 0
313 T 1399 2425 3000 0 0
313 T 3006 2346 1449 0 0
313 T 2291 1457 3004 0 0
313 T 215 1619 1072 0 0
313 T 1002 1540 209 0 0
313 T 3007 2813 2180 0 0
313 T 2226 2811 3000 0 0
313 T 1286 1126 345 0 0
313 T 2074 3017 1284 0 0
313 T 1126 3019 1850 0 0
313 T 342 1053 1225 0 0
313 T 1227 3031 2128 0 0
313 T 1845 3029 1053 0 0
313 T 1074 2789 2517 0 0
313 T 2515 2787 1000 0 0
313 T 1807 1019 2874 0 0
313 T 2872 2876 2869 0 0
313 T 2874 1088 1800 0 0
313 T 2866 2883 2872 0 0
313 T 1859 2784 3016 0 0
313 T 3030 2791 1852 0 0
313 T 735 3023 2172 0 0
313 T 337 2845 3023 0 0
313 T 2218 3009 728 0 0
313 T 3009 2842 334 0 0
313 T 1550 87 1625 0 0
313 T 34 87 36 1 0
313 T 111 109 111 -1 0
313 T 3087 1330 2889 0 0
313 T 1974 2913 3085 0 0
313 T 2886 1268 3080 0 0
313 T 3082 2935 2036 0 0
313 T 2863 2859 2855 -1 0
313 T 207 2976 2517 0 0
313 T 1074 1260 205 0 0
313 T 1260 2789 2976 0 0
313 T 1000 205 1321 0 0
313 T 1323 2961 2785 0 0
313 T 2961 207 2515 0 0
313 T 1339 2963 2798 0 0
313 T 2801 2977 1277 0 0
313 T 251 2893 1284 0 0
313 T 496 3017 2893 0 0
313 T 1227 2898 244 0 0
313 T 2898 3031 495 0 0
313 T 1998 3013 741 0 0
313 T 3013 2764 494 0 0
313 T 738 3027 1933 0 0
313 T 497 2763 3027 0 0
313 T 2849 2841 2845 0 0
313 T 3055 2543 1520 0 0
313 T 1599 2537 3049 0 0
313 T 735 3070 1996 0 0
313 T 3021 113 3070 0 0
313 T 1935 3065 728 0 0
313 T 3065 113 3011 0 0
313 T 2407 3105 2537 0 0
313 T 3105 2413 1331 0 0
313 T 2542 3099 2325 0 0
313 T 1269 2335 3099 0 0
313 T 1339 3102 2374 0 0
313 T 364 3100 2961 0 0
313 T 2292 3092 1277 0 0
313 T 2979 3094 371 0 0
313 T 2895 2954 2706 0 0
313 T 2737 2969 2897 0 0
313 T 2767 1032 3061 0 0
313 T 3063 1537 3012 0 0
313 T 3058 1107 2760 0 0
313 T 3026 1615 3056 0 0
313 T 1619 1542 55 -1 0
313 T 1106 3084 3105 0 0
313 T 3099 3083 1033 0 0
313 T 2650 3007 2945 0 0
313 T 2943 3000 2664 0 0
313 T 1615 913 3077 0 0
313 T 3075 919 1536 0 0
313 T 2847 3109 1284 0 0
313 T 1635 3111 3023 0 0
313 T 1227 3114 2840 0 0
313 T 3009 3112 1557 0 0
313 T 151 3087 3129 0 0
313 T 3131 1972 2861 0 0
313 T 2858 2038 3121 0 0
313 T 3123 3080 144 0 0
313 T 835 495 2956 0 0
313 T 2975 497 829 0 0
313 T 2958 193 2973 0 0
313 T 919 3070 3015 0 0
313 T 3025 3065 912 0 0
313 T 1297 2589 3124 0 0
313 T 1237 60 1299 -1 0
313 T 3135 2626 1239 0 0
313 T 3126 194 3133 0 0
313 T 3055 3098 2765 0 0
313 T 2762 3104 3048 0 0
313 T 3079 1556 3157 0 0
313 T 3155 1635 3073 0 0
313 T 3055 3082 3061 0 0
313 T 3058 3085 3048 0 0
313 T 2991 1261 369 0 0
313 T 2835 33 2989 0 0
313 T 2991 2788 3092 0 0
313 T 2984 364 1321 0 0
313 T 31 2823 2986 0 0
313 T 2984 3100 2785 0 0
313 T 3115 3194 114 0 0
313 T 3194 1558 3064 0 0
313 T 114 3180 3108 0 0
313 T 3071 1632 3180 0 0
313 T 151 1332 1076 0 0
313 T 1078 3171 3129 0 0
313 T 3085 3169 1332 0 0
313 T 1007 1274 144 0 0
313 T 3123 3164 1005 0 0
313 T 1274 3166 3082 0 0
313 T 3063 3072 3069 0 0
313 T 3066 3079 3056 0 0
313 T 3211 1274 3053 0 0
313 T 3051 1333 3200 0 0
313 T 527 1237 3045 0 0
313 T 3047 3133 485 0 0
313 T 482 3127 3040 0 0
313 T 3042 1298 520 0 0
313 T 1094 3157 3209 0 0
313 T 3202 3155 1020 0 0
313 T 3115 3166 1312 0 0
313 T 1314 1023 114 0 0
313 T 1023 3164 3192 0 0
313 T 114 1092 1253 0 0
313 T 1255 3169 3108 0 0
313 T 3182 3171 1092 0 0
313 T 3111 3119 3113 0 0
313 T 40 3093 2921 0 0
313 T 2903 3103 38 0 0
313 T 1298 2705 3176 0 0
313 T 3178 2892 2757 0 0
313 T 2737 1239 3190 0 0
313 T 3188 2752 2897 0 0
313 T 2986 2822 50 0 0
313 T 2834 2991 49 0 0
313 T 2923 2899 3232 0 0
313 T 3234 3190 525 0 0
313 T 522 3176 3240 0 0
313 T 3242 2892 2901 0 0
313 T 3234 2739 3045 0 0
313 T 3042 2705 3240 0 0
313 T 508 3032 1056 0 0
313 T 2718 2487 3032 0 0
313 T 987 3039 508 0 0
313 T 3039 2449 2684 0 0
313 T 3063 3152 3180 0 0
313 T 3194 3159 3056 0 0
313 T 3119 3117 3119 -1 0
313 T 3034 2184 2817 0 0
313 T 2831 2230 3037 0 0
313 T 2956 3133 47 0 0
313 T 3237 3135 835 0 0
313 T 44 3127 2974 0 0
313 T 828 3125 3247 0 0
313 T 3226 835 3045 0 0
313 T 3042 828 3217 0 0
313 T 1854 2990 3231 0 0
313 T 3220 2985 1857 0 0
313 T 3211 3166 3061 0 0
313 T 3058 3169 3201 0 0
313 T 3063 3160 1092 0 0
313 T 3154 3171 3160 0 0
313 T 1023 3160 3056 0 0
313 T 3160 3164 3157 0 0
313 T 1254 54 1312 0 0
313 T 3039 3184 477 0 0
313 T 3184 2449 1825 0 0
313 T 478 3174 3032 0 0
313 T 1830 2487 3174 0 0
313 T 3230 3029 3092 0 0
313 T 3221 3100 3017 0 0
313 T 1078 1006 59 1 0
313 T 3174 3144 213 0 0
313 T 3144 1828 1548 0 0
313 T 210 3143 3184 0 0
313 T 1626 1827 3143 0 0
313 T 487 3199 3037 0 0
313 T 2770 2230 3199 0 0
313 T 3034 3205 480 0 0
313 T 3205 2184 2773 0 0
313 T 3275 2896 3092 0 0
313 T 3102 2895 3269 0 0
313 T 3039 3260 1060 0 0
313 T 2236 3262 3186 0 0
313 T 991 3267 3032 0 0
313 T 3172 3265 2194 0 0
313 T 3197 3260 1959 0 0
313 T 2021 3267 3207 0 0
313 T 3149 3141 3145 0 0
313 T 3267 3285 213 0 0
313 T 3285 2192 3146 0 0
313 T 210 3283 3260 0 0
313 T 3141 2238 3283 0 0
313 T 207 3255 3205 0 0
313 T 2046 2775 3255 0 0
313 T 3199 3248 204 0 0
313 T 3248 2768 1980 0 0
313 T 3282 3289 149 0 0
313 T 3289 3142 1531 0 0
313 T 146 3294 3284 0 0
313 T 1605 3145 3294 0 0
313 T 3255 3258 3249 0 0
313 T 207 3302 3265 0 0
313 T 3253 2023 3302 0 0
313 T 3262 3304 204 0 0
313 T 3304 1957 3250 0 0
313 T 3267 3309 1072 0 0
313 T 1617 3311 3287 0 0
313 T 1003 3314 3260 0 0
313 T 3281 3312 1543 0 0
313 T 3294 3297 3288 0 0
313 T 3315 3321 149 0 0
313 T 3321 1540 3291 0 0
313 T 146 3319 3308 0 0
313 T 3292 1618 3319 0 0
313 T 3315 3329 1076 0 0
313 T 1334 3331 3323 0 0
313 T 1007 3334 3308 0 0
313 T 3317 3332 1272 0 0
313 T 3300 3309 1262 0 0
313 T 1320 3314 3306 0 0
313 T 3331 3335 3325 1 0
313 T 3213 3215 3213 1 0
313 T 3335 3344 1108 0 0
313 T 1110 1038 55 -1 0
313 T 1038 3345 3329 0 0
313 T 3342 3347 3344 0 0
313 T 3357 3359 3357 1 0
313 T 3380 3382 3380 -1 0
313 T 3396 3398 3396 -1 0
313 T 3407 3405 3407 -1 0
313 U 42 1 1 0 0
313 U 1 1 1 -1 0
313 U 13 2 3 -1 0
313 U 1463 5 2 0 0
313 U 2313 3 5 0 0
313 U 1242 4 2 0 0
313 U 8 5 4 0 0
313 U 127 7 2 0 0
313 U 1481 4 7 0 0
313 U 22 3 2 0 0
313 U 1247 7 3 0 0
313 U 139 6 4 0 0
313 U 16 6 7 0 0
313 U 1408 8 11 0 0
313 U 12 9 8 0 0
313 U 2394 11 9 0 0
313 U 1306 12 8 0 0
313 U 133 10 12 0 0
313 U 21 9 8 0 0
313 U 130 12 9 0 0
313 U 1302 10 8 0 0
313 U 1430 13 10 0 0
313 U 9 10 11 0 0
313 U 18 13 12 0 0
313 U 1500 14 14 0 0
313 U 375 19 14 0 0
313 U 2125 14 19 0 0
313 U 1533 19 19 0 0
313 U 383 24 14 0 0
313 U 2121 14 24 0 0
313 U 1560 24 24 0 0
313 U 2149 16 20 0 0
313 U 1516 16 16 0 0
313 U 415 20 16 0 0
313 U 407 19 16 0 0
313 U 2145 16 19 0 0
313 U 1550 20 20 0 0
313 U 28 21 20 0 0
313 U 37 20 21 0 0
313 U 2157 22 24 0 0
313 U 1552 22 22 0 0
313 U 471 24 22 0 0
313 U 10 23 22 0 0
313 U 27 22 23 0 0
313 U 1578 26 26 0 0
313 U 2070 31 26 0 0
313 U 377 26 31 0 0
313 U 1610 31 31 0 0
313 U 2066 36 26 0 0
313 U 385 26 36 0 0
313 U 1639 36 36 0 0
313 U 1593 28 28 0 0
313 U 2090 31 28 0 0
313 U 401 28 31 0 0
313 U 2094 32 28 0 0
313 U 409 28 32 0 0
313 U 1625 32 32 0 0
313 U 35 33 32 0 0
313 U 29 32 33 -1 0
313 U 2100 34 36 0 0
313 U 467 36 34 0 0
313 U 1631 34 34 0 0
313 U 25 35 34 0 0
313 U 11 34 35 0 0
313 U 39 38 39 0 0
313 U 3243 42 38 0 0
313 U 3269 39 42 0 0
313 U 3218 43 38 0 0
313 U 15 42 43 0 0
313 U 483 41 38 0 0
313 U 3246 43 41 0 0
313 U 50 39 38 0 0
313 U 3223 41 39 0 0
313 U 497 40 43 0 0
313 U 45 41 40 0 0
313 U 3232 44 48 0 0
313 U 40 45 44 0 0
313 U 3274 48 45 0 0
313 U 3230 46 44 0 0
313 U 495 49 46 0 0
313 U 49 45 44 0 0
313 U 486 46 45 0 0
313 U 3226 49 44 0 0
313 U 3237 47 49 0 0
313 U 14 49 48 0 0
313 U 46 47 46 0 0
313 Q 287 83 287 83 -1 0 1 0 0 0
313 Q 61 791 110 793 0 0 0 0 -1 0
313 Q 946 108 946 108 0 0 0 0 0 0
313 Q 55 883 142 885 0 0 0 0 -1 0
313 Q 906 140 906 140 0 0 0 0 0 0
313 Q 475 621 475 621 0 0 0 0 0 0
313 Q 57 803 222 805 0 0 0 0 0 0
313 Q 799 52 797 57 0 0 0 0 0 0
313 Q 220 836 52 842 0 0 0 0 0 0
313 Q 59 747 3 745 0 0 0 0 0 0
313 Q 835 3 829 287 0 0 0 0 0 0
313 Q 109 951 76 950 0 0 0 0 0 0
313 Q 221 455 676 454 0 0 0 0 0 0
313 Q 451 1380 445 223 0 0 0 0 0 0
313 Q 678 462 1382 456 0 0 0 0 0 0
313 Q 0 2259 424 2257 -1 0 1 0 0 0
313 Q 52 1474 64 1421 0 0 0 0 0 0
313 Q 1870 52 1870 52 0 0 0 0 0 0
313 Q 1906 320 1906 320 0 0 0 0 0 0
313 Q 57 970 62 968 0 0 0 0 0 0
313 Q 1666 1 1701 57 0 1 0 0 0 -1
313 Q 1 1888 62 1894 0 0 0 1 0 1
313 Q 501 915 75 917 0 0 0 0 0 0
313 Q 927 1 921 503 0 0 0 0 0 0
313 Q 941 75 943 1 0 0 0 0 0 0
313 Q 559 68 557 59 0 0 0 0 0 0
313 Q 0 1715 0 1715 0 0 0 0 0 0
313 Q 1678 76 1640 0 0 0 0 0 -1 0
313 Q 55 1211 322 1160 0 0 0 0 -1 0
313 Q 1674 2 1709 55 0 0 0 0 0 0
313 Q 425 1250 2 1308 0 0 0 0 0 0
313 Q 978 74 976 53 0 0 0 0 0 0
313 Q 1911 74 1913 65 0 0 1 0 0 0
313 Q 0 1719 87 1721 1 0 0 0 0 0
313 Q 63 1631 89 1552 0 0 0 0 0 0
313 Q 26 62 24 63 0 0 0 0 0 0
313 Q 62 11 89 10 0 0 0 0 0 0
313 Q 1799 678 1793 57 0 0 0 0 0 0
313 Q 1435 1 1484 676 0 1 0 0 0 -1
313 Q 227 80 225 71 0 0 0 0 0 0
313 Q 71 2582 56 2617 0 0 0 0 0 0
313 Q 1521 56 1598 80 0 0 0 0 0 0
313 Q 83 2155 53 2096 0 0 0 0 -1 0
313 Q 1258 221 1317 83 0 0 0 0 0 0
313 Q 677 1050 503 1120 0 0 0 0 0 0
313 Q 221 2710 1 2741 0 0 0 0 0 0
313 Q 1987 1 2048 676 0 0 0 0 0 0
313 Q 2273 419 65 421 0 0 0 0 0 0
313 Q 2243 1 2196 2275 0 1 0 0 0 -1
313 Q 65 2571 1 2565 0 -1 -1 0 0 0
313 Q 577 2194 66 2237 0 0 0 0 0 0
313 Q 71 998 223 1068 0 0 0 0 0 0
313 Q 79 479 67 477 0 0 0 0 0 0
313 Q 321 503 321 503 0 0 0 0 0 0
313 Q 501 327 90 329 0 0 0 0 0 0
313 Q 71 351 90 353 0 0 0 0 0 0
313 Q 1066 501 992 71 0 0 0 0 0 0
313 Q 71 79 71 79 0 0 0 0 0 0
313 Q 2273 427 2273 427 0 0 0 0 0 0
313 Q 53 2779 223 2781 0 0 0 0 0 0
313 Q 1978 1380 2041 53 0 0 0 0 0 0
313 Q 2545 53 2545 53 0 0 0 0 0 0
313 Q 221 1046 64 1116 -1 0 0 0 0 0
313 Q 131 2804 125 579 0 0 0 0 0 0
313 Q 672 284 670 2806 0 0 0 0 0 0
313 Q 95 89 93 81 0 0 0 0 0 0
313 Q 81 2539 63 2541 0 0 0 0 0 0
313 Q 1380 110 1380 110 0 0 0 0 0 0
313 Q 347 945 341 2851 0 0 0 0 0 0
313 Q 2849 375 66 377 0 0 0 0 0 0
313 Q 0 1490 2794 1564 0 0 0 0 0 0
313 Q 1351 108 1345 0 0 0 0 0 0 0
313 Q 2248 2792 2207 110 0 0 0 0 0 0
313 Q 2871 1 2865 57 0 0 0 0 0 0
313 Q 430 85 428 66 0 0 0 0 0 0
313 Q 1615 503 1536 53 0 0 0 0 0 0
313 Q 131 2948 125 2275 0 0 0 0 0 0
313 Q 1922 1 1916 2950 0 1 0 0 0 -1
313 Q 1903 2951 1897 63 0 0 0 0 0 0
313 Q 0 1130 141 1176 0 0 0 0 0 0
313 Q 691 2854 685 0 0 0 0 0 0 0
313 Q 2191 143 2232 2852 0 0 0 0 0 0
313 Q 65 2966 1 2981 0 -1 0 0 -1 0
313 Q 1559 1 1632 74 0 1 0 0 0 -1
313 Q 53 32 52 30 0 0 0 0 0 0
313 Q 1323 222 1260 53 0 0 0 0 0 0
313 Q 954 68 952 0 0 0 0 0 0 0
313 Q 1090 64 1016 57 1 0 0 0 0 0
313 Q 905 1540 2795 1619 0 0 0 0 0 0
313 Q 57 3051 63 3053 0 0 0 0 0 0
313 Q 21 2272 23 2275 0 0 0 0 0 0
313 Q 2948 1245 2274 1307 0 0 0 0 0 0
313 Q 2999 63 2993 2275 0 0 0 0 0 0
313 Q 3079 75 3073 53 0 0 0 0 0 0
313 Q 3159 1 3153 53 0 0 0 0 0 0
313 Q 945 1054 3119 1124 0 0 0 0 0 0
313 Q 57 3202 1 3209 0 0 0 0 0 0
313 Q 1274 1 1333 63 0 0 0 0 0 0
313 Q 57 1022 53 1092 0 0 0 0 0 0
313 Q 1731 3148 1725 0 0 0 0 0 0 0
313 Q 2396 424 2319 3150 0 0 0 0 0 0
313 Q 1078 3116 1004 2855 0 0 0 0 0 0
313 Q 1258 3257 1317 287 0 0 0 0 0 0
313 Q 3259 221 3259 221 0 0 0 0 0 0
313 Q 425 2995 3297 2997 0 0 0 0 0 0
313 Q 63 3297 63 3297 0 0 0 0 0 0
313 Q 463 111 457 3091 0 0 0 0 0 0
313 Q 3089 679 3089 679 0 0 0 0 0 0
313 Q 2682 3090 2713 0 0 0 0 0 0 0
313 Q 53 3327 53 3327 0 0 0 0 0 0
313 Q 3325 1323 3258 1260 0 0 0 0 0 0
313 Q 3297 1274 3343 1333 0 0 0 0 0 0
313 Q 1 3341 1 3341 0 0 0 0 0 0
313 Q 700 3138 701 0 0 0 0 0 0 0
313 Q 630 3090 632 3136 0 0 0 0 0 0
313 Q 3138 2647 141 2660 0 0 0 0 0 0
313 Q 53 1038 1 1108 0 0 0 0 0 0
313 Q 1360 3214 1361 1715 0 0 0 0 0 0
313 Q 738 3 740 3212 0 0 0 0 0 0
313 Q 643 3276 637 3139 0 0 0 0 0 0
313 Q 1620 140 1547 3278 0 0 0 0 0 0
313 Q 1713 2479 3278 2440 0 0 0 0 0 0
313 Q 1713 1930 3338 1992 0 0 0 0 0 0
313 Q 670 3278 672 3336 0 0 0 0 0 0
313 Q 3089 1050 3351 1120 0 0 0 0 0 0
313 Q 503 3349 503 3349 0 0 0 0 0 0
313 Q 3137 2667 3351 2648 0 0 0 0 0 0
313 Q 3214 2215 3338 2169 0 0 0 0 0 0
313 Q 2947 3353 2940 3139 0 0 0 0 0 0
313 Q 3276 1496 3355 1574 0 0 0 0 0 0
313 Q 2178 3336 2221 3355 0 0 0 0 0 0
313 Q 2808 3351 2815 3365 0 0 0 0 0 0
313 Q 3367 2180 3353 2227 0 0 0 0 0 0
313 Q 3361 71 3361 71 0 0 0 0 0 0
313 Q 1066 3349 992 3363 0 0 0 0 0 0
313 Q 339 3365 333 3363 0 0 0 0 0 0
313 Q 488 3358 489 3355 0 0 0 0 0 0
313 Q 2006 3336 1941 3356 0 0 0 0 0 0
313 Q 3353 1502 3371 1576 0 0 0 0 0 0
313 Q 343 3367 345 3369 0 0 0 0 0 0
313 Q 3361 998 3375 1068 0 0 0 0 0 0
313 Q 223 3373 223 3373 0 0 0 0 0 0
313 Q 3365 2253 3375 2210 0 0 0 0 0 0
313 Q 3358 2003 3371 1937 0 0 0 0 0 0
313 Q 3377 211 3375 213 0 0 0 0 0 0
313 Q 1290 3365 1228 3379 0 0 0 0 0 0
313 Q 3369 2011 3379 1944 0 0 0 0 0 0
313 Q 3373 1046 3386 1116 0 0 0 0 0 0
313 Q 64 3384 64 3384 -1 0 1 0 0 0
313 Q 3377 2015 3386 1948 0 0 0 0 0 0
313 Q 3377 1234 3391 1292 0 0 0 0 0 0
313 Q 147 3386 149 3389 0 0 0 0 0 0
313 Q 3369 1506 3380 1580 0 0 0 0 0 0
313 Q 217 3379 216 3382 0 0 0 0 0 0
313 Q 3393 57 3393 57 0 0 0 0 0 0
313 Q 1090 3384 1016 3395 0 0 0 0 0 0
313 Q 3389 1591 3395 1512 0 0 0 0 0 0
313 Q 3382 1587 3391 1509 0 0 0 0 0 0
313 Q 3393 1022 3403 1092 0 0 0 0 0 0
313 Q 53 3401 53 3401 0 0 0 0 0 0
313 Q 3401 1038 3407 1108 0 0 0 0 0 0
313 Q 1 3405 1 3405 0 0 0 0 0 0
313 Q 3389 1238 3396 1296 0 0 0 0 0 0
313 Q 113 3395 112 3398 0 0 0 0 0 0
313 Q 42 3405 43 3404 0 0 0 0 1 0
313 Q 3398 1315 3403 1253 0 0 0 0 0 0
