0
0 d=979
0
979 A 5 0 -1 2 1 -2
979 A 7 0 -1 2 1 -2
979 A 10 0 -1 2 1 -2
979 A 13 0 4 5 -4 -5
979 A 14 0 -1 2 1 -2
979 A -1 1 99 0 -99 0
979 A 0 1 99 0 -99 0
979 A -2 1 77 0 -77 0
979 A 1 1 77 0 -77 0
979 A -5 1 49 1 -49 -1
979 A 4 1 -50 1 50 -1
979 A -6 1 64 2 -64 -2
979 A 5 1 -66 2 66 -2
979 A -7 1 69 2 -69 -2
979 A 6 1 -71 2 71 -2
979 A 19 0 6 7 -6 -7
979 A -12 1 96 4 -96 -4
979 A 11 1 -100 4 100 -4
979 A 20 0 9 2 -9 -2
979 A 20 0 -1 2 1 -2
979 A -14 1 34 2 -34 -2
979 A 13 1 -36 2 36 -2
979 A 26 0 9 8 -9 -8
979 A 28 0 13 2 -13 -2
979 A -1 2 177 0 -177 0
979 A 5 0 2 1 2 1
979 A 9 0 -2 4 -2 4
979 A 13 0 6 1 6 1
979 A 15 0 7 1 7 1
979 A 15 0 -2 4 -2 4
979 A 27 0 -2 4 -2 4
979 A 4 0 1 1 2 -1
979 A 4 0 -1 1 0 1
979 A 5 0 -3 2 2 -1
979 A 5 0 1 2 -1 -1
979 A 6 0 2 1 3 -1
979 A 6 0 -2 1 1 1
979 A 6 0 -1 1 0 -1
979 A 7 0 -4 3 2 -1
979 A 7 0 -4 2 2 2
979 A 7 0 3 1 2 3
979 A 7 0 -3 1 -2 -1
979 A 7 0 -3 2 -2 3
979 A 7 0 1 3 -1 -1
979 A 7 0 1 2 -1 3
979 A 8 0 -5 3 -2 -3
979 A 8 0 3 1 -4 1
979 A 8 0 -3 1 -2 3
979 A 8 0 -3 3 0 -1
979 A 8 0 2 1 -1 3
979 A 8 0 -2 1 -1 -1
979 A 8 0 1 3 -4 3
979 A 8 0 -1 1 0 -3
979 A 9 0 -5 4 1 4
979 A 9 0 -5 2 -3 4
979 A 9 0 4 1 1 -2
979 A 9 0 -4 1 -3 2
979 A 9 0 -4 2 -1 -1
979 A 9 0 -4 4 0 -1
979 A 9 0 -6 4 -2 -4
979 A 9 0 3 2 -1 4
979 A 9 0 3 1 1 2
979 A 9 0 -3 1 -2 -1
979 A 9 0 2 2 2 -1
979 A 9 0 -2 2 0 -2
979 A 9 0 -1 1 0 -4
979 A 10 0 -6 3 1 1
979 A 10 0 -4 1 -1 3
979 A 10 0 -4 3 -1 -3
979 A 10 0 3 3 -2 1
979 A 10 0 3 1 -2 3
979 A 10 0 -3 1 2 1
979 A 11 0 -6 5 3 4
979 A 11 0 -6 4 -4 3
979 A 11 0 -6 3 3 3
979 A 11 0 -6 2 5 -3
979 A 11 0 -5 1 4 1
979 A 11 0 -5 2 5 -4
979 A 11 0 -5 5 0 3
979 A 11 0 -7 5 2 5
979 A 11 0 -7 4 1 5
979 A 11 0 4 2 -2 -3
979 A 11 0 -4 1 -2 3
979 A 11 0 -4 2 -1 -1
979 A 11 0 -4 4 0 1
979 A 11 0 -4 5 2 1
979 A 11 0 3 2 -1 -4
979 A 11 0 3 1 -1 3
979 A 11 0 -3 1 -1 5
979 A 11 0 -3 2 3 -5
979 A 11 0 -3 3 0 5
979 A 11 0 -3 4 -1 4
979 A 11 0 2 4 1 3
979 A 11 0 2 2 2 -1
979 A 11 0 -2 2 0 2
979 A 11 0 1 2 2 -5
979 A 11 0 -1 1 0 4
979 A 12 0 -7 5 2 -1
979 A 12 0 5 1 6 -1
979 A 12 0 -5 1 4 1
979 A 12 0 -5 5 0 1
979 A 12 0 -8 5 3 1
979 A 12 0 -4 1 3 5
979 A 12 0 -4 5 -1 5
979 A 12 0 -3 1 -2 -1
979 A 12 0 -3 5 2 -5
979 A 12 0 2 5 -1 -1
979 A 12 0 1 5 6 -5
979 A 12 0 -1 1 0 5
979 A 13 0 -7 5 -8 6
979 A 13 0 -7 4 -5 2
979 A 13 0 -7 3 3 -1
979 A 13 0 -7 2 5 2
979 A 13 0 -6 1 9 -6
979 A 13 0 -6 2 -3 5
979 A 13 0 -6 4 -4 5
979 A 13 0 -6 5 5 -1
979 A 13 0 -6 6 0 1
979 A 13 0 5 3 2 -4
979 A 13 0 5 1 -3 -6
979 A 13 0 -5 3 3 -2
979 A 13 0 -5 4 -1 -4
979 A 13 0 -5 5 0 -4
979 A 13 0 -5 6 -1 6
979 A 13 0 4 3 -2 -1
979 A 13 0 4 2 -2 5
979 A 13 0 4 1 -1 -5
979 A 13 0 -4 1 -1 4
979 A 13 0 -4 3 -1 -3
979 A 13 0 -4 4 0 -5
979 A 13 0 -4 6 1 -3
979 A 13 0 3 4 3 2
979 A 13 0 3 1 -3 4
979 A 13 0 -3 3 0 2
979 A 13 0 2 6 2 5
979 A 13 0 2 4 -1 5
979 A 13 0 2 3 -1 -2
979 A 13 0 -2 2 0 3
979 A 13 0 -2 3 2 -6
979 A 13 0 -1 1 0 6
979 A 13 0 -1 2 3 -6
979 A 14 0 -8 5 1 -3
979 A 14 0 -8 3 1 -5
979 A 14 0 -6 1 -1 -3
979 A 14 0 -6 3 -1 -1
979 A 14 0 -6 5 -1 -5
979 A 14 0 -9 5 4 5
979 A 14 0 5 3 4 -5
979 A 14 0 5 1 4 -3
979 A 14 0 -5 1 -4 -1
979 A 14 0 -5 3 -4 1
979 A 14 0 3 5 2 -3
979 A 14 0 3 3 2 -1
979 A 14 0 3 1 2 3
979 A 14 0 -3 1 -2 -1
979 A 14 0 -3 5 -2 5
979 A 15 0 -8 7 -8 4
979 A 15 0 -8 2 -3 4
979 A 15 0 -7 1 3 -7
979 A 15 0 -7 4 3 -1
979 A 15 0 -9 7 4 -1
979 A 15 0 6 2 -1 4
979 A 15 0 6 1 4 -7
979 A 15 0 -6 2 -4 -2
979 A 15 0 -6 4 1 2
979 A 15 0 -6 7 1 -7
979 A 15 0 4 7 1 -2
979 A 15 0 4 4 1 7
979 A 15 0 -4 2 -1 -1
979 A 15 0 3 4 -2 -1
979 A 15 0 3 1 -2 -7
979 A 15 0 -3 2 2 4
979 A 15 0 2 2 2 -1
979 A -1 1 114 0 101 0
979 A -1 1 107 0 87 0
979 A -1 1 106 0 104 0
979 A -1 1 103 0 88 0
979 A -1 1 97 0 -48 0
979 A -1 1 96 0 74 0
979 A -1 1 76 0 29 0
979 A -1 1 73 0 -47 0
979 A -1 1 72 0 17 0
979 A -1 1 71 0 69 0
979 A -1 1 68 0 18 0
979 A -1 1 66 0 -26 0
979 A -1 1 57 0 -43 0
979 A -1 1 53 0 -37 0
979 A -1 1 52 0 -33 0
979 A -1 1 51 0 24 0
979 A -1 1 46 0 -16 0
979 A -1 1 36 0 34 0
979 A -1 1 32 0 -23 0
979 A 0 1 114 0 101 0
979 A 0 1 107 0 87 0
979 A 0 1 106 0 104 0
979 A 0 1 103 0 88 0
979 A 0 1 97 0 -48 0
979 A 0 1 96 0 74 0
979 A 0 1 76 0 29 0
979 A 0 1 73 0 -47 0
979 A 0 1 72 0 17 0
979 A 0 1 71 0 69 0
979 A 0 1 68 0 18 0
979 A 0 1 66 0 -26 0
979 A 0 1 57 0 -43 0
979 A 0 1 53 0 -37 0
979 A 0 1 52 0 -33 0
979 A 0 1 51 0 24 0
979 A 0 1 46 0 -16 0
979 A 0 1 36 0 34 0
979 A 0 1 32 0 -23 0
979 A -2 1 111 1 -92 -1
979 A -2 1 113 1 -58 0
979 A -2 1 106 1 16 0
979 A -2 1 100 1 46 0
979 A -2 1 94 1 18 0
979 A -2 1 56 0 -75 0
979 A -2 1 44 0 -73 0
979 A -2 1 20 0 37 0
979 A -2 1 29 0 17 0
979 A 1 1 75 0 -56 0
979 A 1 1 73 0 -44 0
979 A 1 1 58 0 -114 1
979 A 1 1 46 0 101 -1
979 A 1 1 37 0 20 0
979 A 1 1 29 0 17 0
979 A 1 1 18 0 95 -1
979 A 1 1 16 0 107 -1
979 A 1 1 -93 1 112 -1
979 A -3 1 94 1 -44 0
979 A -3 1 67 1 -101 -1
979 A -3 1 16 0 47 0
979 A -3 1 56 1 17 0
979 A -3 1 71 1 75 1
979 A -3 1 86 1 -107 -1
979 A -3 1 33 0 38 0
979 A -3 1 110 1 -20 0
979 A 2 1 17 0 57 -1
979 A 2 1 33 0 38 0
979 A 2 1 47 0 16 0
979 A 2 1 -87 1 108 -1
979 A 2 1 -95 1 44 0
979 A 2 1 -111 1 20 0
979 A 2 1 -102 1 68 -1
979 A 2 1 -72 1 -76 1
979 A 16 0 -9 5 4 5
979 A 16 0 7 1 -8 5
979 A 16 0 -7 1 -6 -1
979 A 16 0 -7 3 4 -5
979 A 16 0 -7 5 6 -1
979 A 16 0 -7 7 0 -5
979 A 16 0 -10 7 1 -3
979 A 16 0 -6 3 -3 -3
979 A 16 0 -6 5 -5 7
979 A 16 0 -6 7 1 -7
979 A 16 0 -11 7 4 7
979 A 16 0 5 3 -8 7
979 A 16 0 5 1 -2 -5
979 A 16 0 -5 1 4 -7
979 A 16 0 -5 3 -2 5
979 A 16 0 -5 5 0 -7
979 A 16 0 4 3 1 -5
979 A 16 0 4 1 3 -7
979 A 16 0 -4 1 3 1
979 A 16 0 -4 3 1 3
979 A 16 0 3 7 2 -3
979 A 16 0 3 5 -8 1
979 A 16 0 -3 5 2 3
979 A 16 0 1 7 -8 3
979 A 16 0 1 5 -2 7
979 A -4 1 87 1 44 1
979 A -4 1 67 1 72 1
979 A -4 1 27 0 19 0
979 A -4 1 65 1 104 1
979 A -4 1 96 1 -18 0
979 A -4 1 76 1 102 1
979 A -4 1 56 1 -30 0
979 A 3 1 -103 1 -77 1
979 A 3 1 -97 1 18 0
979 A 3 1 -88 1 -45 1
979 A 3 1 -73 1 -68 1
979 A 3 1 19 0 27 0
979 A 3 1 -105 1 -66 1
979 A 3 1 30 0 -57 1
979 A -5 1 97 2 47 1
979 A -5 1 57 1 42 1
979 A -5 1 27 0 -98 -2
979 A -5 1 17 0 -73 -1
979 A -5 1 93 2 18 0
979 A -5 1 76 1 -31 -1
979 A -5 1 66 1 -51 -1
979 A -5 1 46 1 -26 0
979 A -5 1 26 1 84 2
979 A -5 1 94 2 -74 -1
979 A -5 1 99 2 -114 -2
979 A -5 1 113 2 28 0
979 A 4 1 18 0 95 -2
979 A 4 1 26 0 -47 1
979 A 4 1 -58 1 -43 1
979 A 4 1 -74 1 17 0
979 A 4 1 -86 2 -27 1
979 A 4 1 -115 2 -28 0
979 A 4 1 -75 1 96 -2
979 A 4 1 -67 1 52 -1
979 A 4 1 27 0 -100 2
979 A 4 1 -77 1 32 -1
979 A 4 1 -101 2 116 -2
979 A 4 1 -48 1 -99 2
979 A -6 1 21 1 100 2
979 A -6 1 69 2 111 3
979 A -6 1 110 3 52 1
979 A -6 1 104 2 58 1
979 A -6 1 68 1 20 1
979 A -6 1 50 1 48 1
979 A -6 1 26 1 -37 -1
979 A -6 1 22 1 96 2
979 A -6 1 70 2 51 1
979 A -6 1 85 2 17 0
979 A -6 1 67 1 101 2
979 A -6 1 43 1 89 2
979 A -6 1 31 1 46 1
979 A -6 1 19 0 -23 -1
979 A -6 1 71 2 47 1
979 A -6 1 108 3 24 0
979 A -6 1 72 2 30 1
979 A -6 1 18 0 -95 -2
979 A -6 1 112 2 45 1
979 A 5 1 -103 2 -68 1
979 A 5 1 -98 2 -23 1
979 A 5 1 -53 1 -113 3
979 A 5 1 -48 1 -73 2
979 A 5 1 18 0 -97 2
979 A 5 1 17 0 87 -2
979 A 5 1 -22 1 -102 2
979 A 5 1 -27 1 38 -1
979 A 5 1 -32 1 -47 1
979 A 5 1 -52 1 -72 2
979 A 5 1 -114 2 -46 1
979 A 5 1 -69 1 -21 1
979 A 5 1 -59 1 -106 2
979 A 5 1 -49 1 -51 1
979 A 5 1 24 0 111 -3
979 A 5 1 19 0 -24 1
979 A 5 1 -31 1 -74 2
979 A 5 1 -71 2 -114 3
979 A 5 1 -91 2 -44 1
979 A -7 1 108 3 -75 -2
979 A -7 1 101 3 -33 -1
979 A -7 1 66 2 -54 -1
979 A -7 1 38 1 44 1
979 A -7 1 17 0 114 3
979 A -7 1 32 1 89 2
979 A -7 1 53 2 -23 -1
979 A -7 1 67 2 103 3
979 A -7 1 100 3 -88 -2
979 A -7 1 92 2 90 3
979 A -7 1 36 1 20 0
979 A -7 1 27 1 -62 -2
979 A -7 1 97 3 -76 -2
979 A -7 1 104 3 -55 -1
979 A 6 1 -33 1 -91 2
979 A 6 1 -39 1 -45 1
979 A 6 1 -69 2 -106 3
979 A 6 1 -93 3 -94 2
979 A 6 1 -111 3 77 -2
979 A 6 1 -117 3 -17 0
979 A 6 1 -56 1 107 -3
979 A 6 1 20 0 37 -1
979 A 6 1 -28 1 64 -2
979 A 6 1 -34 1 104 -3
979 A 6 1 -100 3 78 -2
979 A 6 1 -55 1 68 -2
979 A 6 1 -90 2 103 -3
979 A 6 1 -24 1 55 -2
979 A 17 0 -9 7 -8 6
979 A 17 0 -9 6 -2 -4
979 A 17 0 -9 3 -3 7
979 A 17 0 8 1 -7 -3
979 A 17 0 -8 1 2 -7
979 A 17 0 -8 3 5 3
979 A 17 0 -8 7 -3 -4
979 A 17 0 -10 4 3 2
979 A 17 0 7 1 5 -7
979 A 17 0 -7 2 -1 3
979 A 17 0 -7 3 12 -8
979 A 17 0 -7 4 -1 -7
979 A 17 0 6 5 2 -4
979 A 17 0 6 4 -5 2
979 A 17 0 6 3 -4 7
979 A 17 0 -6 2 4 2
979 A 17 0 -6 4 -3 -6
979 A 17 0 -6 5 -3 2
979 A 17 0 5 7 -1 2
979 A 17 0 5 2 -2 3
979 A 17 0 4 8 -4 -3
979 A 17 0 -4 3 -1 -3
979 A 17 0 -4 5 -1 5
979 A 17 0 -3 5 2 -5
979 A 17 0 2 7 2 6
979 A 17 0 1 5 1 2
979 A 17 0 -3 6 -4 8
979 A -8 1 84 3 -107 -3
979 A -8 1 73 2 -91 -3
979 A -8 1 49 2 -72 -2
979 A -8 1 33 1 14 1
979 A -8 1 87 3 109 4
979 A -8 1 83 3 37 1
979 A -8 1 93 3 18 0
979 A -8 1 48 2 -103 -3
979 A -8 1 24 1 39 1
979 A 7 1 -74 2 51 -2
979 A 7 1 18 0 96 -3
979 A 7 1 -38 1 -86 3
979 A 7 1 -87 3 110 -3
979 A 7 1 -94 3 75 -2
979 A 7 1 -40 1 -25 1
979 A 7 1 -34 1 -15 1
979 A 7 1 -50 2 106 -3
979 A 7 1 -113 4 -90 3
979 A -9 1 73 3 -113 -4
979 A -9 1 28 1 -42 -2
979 A -9 1 10 1 41 1
979 A -9 1 107 4 97 4
979 A -9 1 66 2 -90 -3
979 A -9 1 39 1 24 1
979 A -9 1 21 1 -56 -2
979 A -9 1 95 4 -94 -3
979 A -9 1 41 2 -34 -1
979 A -9 1 13 1 54 2
979 A -9 1 49 2 96 3
979 A -9 1 70 2 18 0
979 A 8 1 -44 2 29 -1
979 A 8 1 -68 2 93 -3
979 A 8 1 -76 3 117 -4
979 A 8 1 -97 3 99 -4
979 A 8 1 -111 4 -101 4
979 A 8 1 18 0 72 -2
979 A 8 1 -42 1 -11 1
979 A 8 1 -58 2 22 -1
979 A 8 1 -99 3 -51 2
979 A 8 1 -35 1 43 -2
979 A 8 1 -40 1 -25 1
979 A 8 1 -56 2 -14 1
979 A 18 0 -7 5 2 5
979 A 18 0 -7 7 0 -7
979 A 18 0 -12 7 1 5
979 A 18 0 -6 5 5 7
979 A 18 0 -4 5 -1 5
979 A 18 0 2 7 9 -7
979 A -10 1 13 1 -72 -3
979 A -10 1 33 2 118 4
979 A -10 1 22 1 117 4
979 A -10 1 12 1 97 4
979 A -10 1 88 4 93 3
979 A -10 1 24 1 -49 -2
979 A -10 1 44 2 -59 -3
979 A -10 1 74 3 -19 -1
979 A -10 1 111 4 -51 -2
979 A -10 1 101 4 9 1
979 A -10 1 91 4 -116 -4
979 A -10 1 69 3 -34 -1
979 A -10 1 106 4 29 1
979 A -10 1 56 2 89 3
979 A -10 1 88 3 68 2
979 A 9 1 -91 3 -70 2
979 A 9 1 -35 1 72 -3
979 A 9 1 -35 2 -122 4
979 A 9 1 -53 2 115 -4
979 A 9 1 -62 3 46 -2
979 A 9 1 -120 4 95 -4
979 A 9 1 -30 1 -110 4
979 A 9 1 -51 2 25 -1
979 A 9 1 -96 3 -92 4
979 A 9 1 -105 4 -10 1
979 A 9 1 -13 1 -101 4
979 A 9 1 -58 2 -92 3
979 A 9 1 -121 4 -23 1
979 A 9 1 -20 1 77 -3
979 A 9 1 -14 1 75 -3
979 A -11 1 62 2 87 4
979 A -11 1 12 1 75 3
979 A -11 1 45 2 -31 -2
979 A -11 1 46 2 -36 -1
979 A -11 1 20 1 -82 -4
979 A -11 1 61 3 -23 -1
979 A -11 1 55 2 -61 -2
979 A -11 1 47 2 25 1
979 A -11 1 105 4 59 2
979 A -11 1 37 1 -26 -1
979 A 10 1 -27 1 38 -1
979 A 10 1 -37 1 48 -2
979 A 10 1 -47 2 33 -2
979 A 10 1 -57 2 63 -2
979 A 10 1 -78 3 -13 1
979 A 10 1 -26 1 -49 2
979 A 10 1 -86 4 21 -1
979 A 10 1 -109 4 -61 2
979 A 10 1 -91 4 -64 2
979 A 10 1 -24 1 64 -3
979 A 19 0 -12 8 -1 -2
979 A 19 0 -3 2 -4 -8
979 A 19 0 -3 6 -7 -5
979 A 19 0 -2 4 -1 2
979 A -12 1 18 1 -52 -3
979 A -12 1 35 2 67 4
979 A -12 1 11 1 -46 -3
979 A -12 1 28 1 -42 -2
979 A -12 1 16 1 115 5
979 A -12 1 117 5 104 5
979 A -12 1 33 2 -50 -3
979 A -12 1 21 1 -56 -2
979 A -12 1 27 2 110 5
979 A -12 1 99 5 99 4
979 A -12 1 98 4 113 5
979 A 11 1 -29 1 44 -2
979 A 11 1 -37 2 -71 4
979 A 11 1 -103 4 -104 5
979 A 11 1 -120 5 -17 1
979 A 11 1 -109 5 -122 5
979 A 11 1 -12 1 49 -3
979 A 11 1 -53 3 35 -2
979 A 11 1 -115 5 -29 2
979 A 11 1 -118 5 -102 4
979 A 11 1 -58 2 22 -1
979 A 11 1 -55 3 19 -1
979 A -13 1 110 6 -19 -1
979 A 12 1 -20 1 116 -6
979 A 21 0 -2 4 4 -8
979 A -15 1 108 7 -32 -1
979 A -15 1 41 2 -81 -4
979 A -15 1 49 3 61 4
979 A 14 1 -52 3 -65 4
979 A 14 1 -115 7 33 -1
979 A 14 1 -43 2 85 -4
979 A 22 0 -9 9 0 9
979 A -16 1 65 4 -46 -3
979 A -16 1 15 2 115 7
979 A 15 1 -17 2 -122 7
979 A 15 1 -69 4 49 -3
979 A 24 0 -4 5 -1 5
979 A 24 0 -3 5 2 -5
979 A -20 1 24 2 66 5
979 A 19 1 -71 5 -26 2
979 A -21 1 34 3 -27 -1
979 A 20 1 -37 3 28 -1
979 S 0 3 7 0
979 S 0 2 7 0
979 S 0 1 7 0
979 S -2 2 5 0
979 S -1 1 5 0
979 S -6 3 13 0
979 S -8 4 13 0
979 S -4 2 13 0
979 S 3 5 13 0
979 S -2 1 13 0
979 S 1 6 13 0
979 S 5 1 11 0
979 S 4 3 11 0
979 S 3 5 11 0
979 S -2 4 11 0
979 S -1 2 11 0
979 S -7 6 13 0
979 S -8 5 13 0
979 S 4 4 13 0
979 S 3 3 13 0
979 S 2 2 13 0
979 S 1 1 13 0
979 S 0 2 5 0
979 S 0 1 5 0
979 S -3 3 7 0
979 S -2 2 7 0
979 S -1 1 7 0
979 T 1605 220 489 0 0
979 T 487 1321 145 0 0
979 T 143 1789 1603 0 0
979 T 1789 1319 220 0 0
979 T 1325 1754 223 0 0
979 T 1746 230 1316 0 0
979 T 1108 317 553 0 0
979 T 551 237 1816 0 0
979 T 1818 259 1110 0 0
979 T 259 235 317 0 0
979 T 314 334 284 0 0
979 T 249 242 255 0 0
979 T 274 245 248 0 0
979 T 305 288 279 0 0
979 T 302 310 276 0 0
979 T 270 310 240 0 0
979 T 330 306 326 0 0
979 T 294 333 320 0 0
979 T 279 255 286 0 0
979 T 236 264 268 0 0
979 T 295 253 277 0 0
979 T 330 301 320 0 0
979 T 297 261 289 0 0
979 T 318 273 293 0 0
979 T 1012 930 932 0 0
979 T 943 933 936 0 0
979 T 991 971 949 0 0
979 T 1015 985 1005 0 0
979 T 969 967 969 1 0
979 T 955 939 1018 0 0
979 T 944 960 979 0 0
979 T 992 957 985 0 0
979 T 1007 969 953 0 0
979 T 935 1013 976 0 0
979 T 1001 995 979 0 0
979 T 959 987 963 0 0
979 T 988 941 1019 0 0
979 T 948 964 1023 0 0
979 T 1024 977 997 0 0
979 T 390 1696 934 0 0
979 T 1696 92 1631 0 0
979 T 472 1012 1633 0 0
979 T 1793 665 1026 0 0
979 T 124 1544 1791 0 0
979 T 1024 926 126 0 0
979 T 1544 924 665 0 0
979 T 1792 1414 178 0 0
979 T 176 1559 1545 0 0
979 T 1559 1412 123 0 0
979 T 1388 121 1551 0 0
979 T 119 1438 1573 0 0
979 T 1579 1432 125 0 0
979 T 1690 372 891 0 0
979 T 188 1897 1688 0 0
979 T 893 446 190 0 0
979 T 1897 444 372 0 0
979 T 1517 155 1652 0 0
979 T 1057 740 1515 0 0
979 T 1654 465 1055 0 0
979 T 740 463 155 0 0
979 T 427 175 1608 0 0
979 T 1610 214 1963 0 0
979 T 214 177 827 0 0
979 T 659 1133 1869 0 0
979 T 1160 1883 700 0 0
979 T 435 1723 661 0 0
979 T 1867 1271 437 0 0
979 T 1723 1273 1133 0 0
979 T 205 691 479 0 0
979 T 1660 519 203 0 0
979 T 481 1418 1662 0 0
979 T 519 1416 691 0 0
979 T 1438 652 528 0 0
979 T 1431 523 679 0 0
979 T 1390 512 698 0 0
979 T 518 646 1412 0 0
979 T 472 1322 889 0 0
979 T 450 490 474 0 0
979 T 489 466 434 0 0
979 T 64 424 400 0 0
979 T 397 395 397 1 0
979 T 492 461 481 0 0
979 T 393 456 419 0 0
979 T 434 438 408 0 0
979 T 510 467 496 0 0
979 T 459 427 498 0 0
979 T 440 416 506 0 0
979 T 477 422 446 0 0
979 T 403 395 449 0 0
979 T 404 390 410 0 0
979 T 414 455 436 0 0
979 T 463 477 453 0 0
979 T 402 385 413 0 0
979 T 483 426 454 0 0
979 T 499 479 509 0 0
979 T 468 440 499 0 0
979 T 887 144 448 0 0
979 T 1271 936 1576 0 0
979 T 407 943 1273 0 0
979 T 1578 931 409 0 0
979 T 1882 528 331 0 0
979 T 381 1438 1880 0 0
979 T 333 654 379 0 0
979 T 424 540 1265 0 0
979 T 1263 772 611 0 0
979 T 1290 779 636 0 0
979 T 716 571 1255 0 0
979 T 613 1612 426 0 0
979 T 1612 774 540 0 0
979 T 721 528 1601 0 0
979 T 554 768 1598 0 0
979 T 536 1616 730 0 0
979 T 749 557 1588 0 0
979 T 723 1601 1363 0 0
979 T 1596 783 1353 0 0
979 T 1342 1589 754 0 0
979 T 1615 1385 725 0 0
979 T 1371 783 1614 0 0
979 T 729 721 725 0 0
979 T 732 736 746 0 0
979 T 774 785 768 0 0
979 T 779 746 750 0 0
979 T 775 771 790 0 0
979 T 750 758 752 0 0
979 T 1365 530 727 0 0
979 T 1351 774 552 0 0
979 T 719 1383 537 0 0
979 T 1372 769 539 0 0
979 T 758 558 1340 0 0
979 T 625 871 274 0 0
979 T 272 1709 633 0 0
979 T 631 619 623 0 0
979 T 68 594 578 0 0
979 T 596 66 582 0 0
979 T 574 584 588 0 0
979 T 603 583 635 0 0
979 T 618 629 624 0 0
979 T 619 1707 871 0 0
979 T 207 1947 1688 0 0
979 T 1690 110 1993 0 0
979 T 1991 1905 209 0 0
979 T 110 1949 1905 0 0
979 T 978 434 1922 0 0
979 T 1920 464 1247 0 0
979 T 1249 489 976 0 0
979 T 1221 1489 72 0 0
979 T 74 1507 1801 0 0
979 T 1799 1542 1219 0 0
979 T 1542 1509 1489 0 0
979 T 1505 1473 1497 0 0
979 T 1499 1465 1453 0 0
979 T 1484 1464 1523 0 0
979 T 1519 1505 1481 0 0
979 T 1537 1536 1531 0 0
979 T 1462 1453 1456 0 0
979 T 1502 1477 1457 0 0
979 T 1444 1468 1448 0 0
979 T 195 1497 1440 0 0
979 T 1358 232 1442 0 0
979 T 196 1358 1473 0 0
979 T 1113 1261 734 0 0
979 T 1268 734 1122 0 0
979 T 21 1282 1093 0 0
979 T 744 229 1111 0 0
979 T 1120 736 221 0 0
979 T 1261 227 736 0 0
979 T 219 744 1270 0 0
979 T 776 1291 225 0 0
979 T 947 720 4 0 0
979 T 6 1063 993 0 0
979 T 971 1065 720 0 0
979 T 2005 96 1584 0 0
979 T 233 1972 2003 0 0
979 T 1972 1609 97 0 0
979 T 95 91 96 0 0
979 T 87 93 88 0 0
979 T 944 1623 1409 0 0
979 T 1407 598 935 0 0
979 T 932 596 1623 0 0
979 T 907 518 166 0 0
979 T 979 1276 909 0 0
979 T 164 1970 981 0 0
979 T 1276 1968 518 0 0
979 T 1739 1134 1060 0 0
979 T 386 1824 1741 0 0
979 T 1062 590 384 0 0
979 T 1824 588 1134 0 0
979 T 595 1843 1173 0 0
979 T 1822 1005 1770 0 0
979 T 1951 1015 1820 0 0
979 T 1768 983 1953 0 0
979 T 627 566 1977 0 0
979 T 486 1043 629 0 0
979 T 566 1045 851 0 0
979 T 1123 348 2054 0 0
979 T 608 715 1125 0 0
979 T 1108 633 771 0 0
979 T 2052 418 610 0 0
979 T 715 416 348 0 0
979 T 360 1995 2014 0 0
979 T 2012 80 1582 0 0
979 T 1615 86 1995 0 0
979 T 86 59 80 0 0
979 T 373 1856 1050 0 0
979 T 1048 985 842 0 0
979 T 840 279 371 0 0
979 T 279 983 1856 0 0
979 T 332 1751 1622 0 0
979 T 155 788 334 0 0
979 T 1620 612 157 0 0
979 T 788 614 1751 0 0
979 T 638 750 1790 0 0
979 T 1729 261 2037 0 0
979 T 2035 235 1370 0 0
979 T 1368 315 1727 0 0
979 T 86 1822 1221 0 0
979 T 1187 1824 85 0 0
979 T 10 1250 1845 0 0
979 T 1219 1953 1428 0 0
979 T 1430 1015 84 0 0
979 T 1451 914 9 0 0
979 T 10 863 1501 0 0
979 T 1465 865 914 0 0
979 T 1294 1122 81 0 0
979 T 1112 82 1280 0 0
979 T 9 1259 1094 0 0
979 T 79 1784 1264 0 0
979 T 1256 80 1770 0 0
979 T 1755 1271 10 0 0
979 T 1266 1326 1292 0 0
979 T 1290 1268 1320 0 0
979 T 1291 1309 1269 0 0
979 T 1282 1256 1302 0 0
979 T 1318 1262 1272 0 0
979 T 1326 1786 1122 0 0
979 T 1300 1770 1114 0 0
979 T 1092 1317 1757 0 0
979 T 181 1958 1818 0 0
979 T 261 684 179 0 0
979 T 684 1108 1958 0 0
979 T 1221 1181 1195 0 0
979 T 1245 1227 1235 0 0
979 T 1238 1202 1212 0 0
979 T 1211 1183 1189 0 0
979 T 1250 1209 1232 0 0
979 T 1197 1135 1820 0 0
979 T 1185 1824 1156 0 0
979 T 1165 1845 1234 0 0
979 T 86 1137 1181 0 0
979 T 1166 10 1208 0 0
979 T 1214 86 1155 0 0
979 T 133 131 133 -1 0
979 T 152 129 128 0 0
979 T 144 132 138 0 0
979 T 139 153 156 0 0
979 T 146 157 149 0 0
979 T 147 135 141 0 0
979 T 974 180 1672 0 0
979 T 1674 666 992 0 0
979 T 950 664 180 0 0
979 T 613 1563 402 0 0
979 T 1563 1612 64 0 0
979 T 917 364 287 0 0
979 T 1334 458 915 0 0
979 T 289 1855 1332 0 0
979 T 458 1857 364 0 0
979 T 803 80 957 0 0
979 T 1016 1058 805 0 0
979 T 80 1056 939 0 0
979 T 542 173 1231 0 0
979 T 1716 205 540 0 0
979 T 169 1716 1233 0 0
979 T 205 169 173 0 0
979 T 172 196 176 0 0
979 T 165 179 175 0 0
979 T 207 202 190 0 0
979 T 191 167 206 0 0
979 T 190 62 164 0 0
979 T 161 210 179 0 0
979 T 197 192 202 0 0
979 T 184 160 183 0 0
979 T 29 1831 699 0 0
979 T 701 1893 1199 0 0
979 T 14 1891 1831 0 0
979 T 286 1987 537 0 0
979 T 59 1989 2039 0 0
979 T 334 517 2041 0 0
979 T 380 337 376 0 0
979 T 362 369 368 0 0
979 T 380 350 362 0 0
979 T 374 366 358 0 0
979 T 374 349 376 0 0
979 T 340 346 339 0 0
979 T 346 354 356 0 0
979 T 353 366 335 0 0
979 T 378 1443 1437 0 0
979 T 1881 1445 337 0 0
979 T 1284 192 494 0 0
979 T 479 1052 1286 0 0
979 T 192 1054 461 0 0
979 T 1436 1551 650 0 0
979 T 1560 1431 675 0 0
979 T 707 1573 1388 0 0
979 T 1414 648 1579 0 0
979 T 1565 1415 709 0 0
979 T 1424 1388 1438 0 0
979 T 1397 1414 1434 0 0
979 T 1454 870 248 0 0
979 T 274 922 1500 0 0
979 T 1719 868 922 0 0
979 T 2056 1875 145 0 0
979 T 447 1914 2058 0 0
979 T 1914 890 1875 0 0
979 T 370 869 118 0 0
979 T 919 367 124 0 0
979 T 569 567 569 0 0
979 T 517 570 535 0 0
979 T 565 560 558 0 0
979 T 546 539 550 0 0
979 T 566 526 550 0 0
979 T 513 553 531 0 0
979 T 532 534 532 1 0
979 T 520 544 561 0 0
979 T 1256 1379 1953 0 0
979 T 1951 3 1806 0 0
979 T 1804 1446 1258 0 0
979 T 1446 5 1379 0 0
979 T 114 1914 1227 0 0
979 T 1229 953 101 0 0
979 T 107 114 99 0 0
979 T 114 122 108 0 0
979 T 105 103 105 1 0
979 T 125 117 105 0 0
979 T 953 1912 109 0 0
979 T 1656 255 1388 0 0
979 T 604 249 1658 0 0
979 T 1390 240 606 0 0
979 T 250 583 903 0 0
979 T 905 1000 873 0 0
979 T 7 1800 1803 0 0
979 T 1805 74 1447 0 0
979 T 78 72 73 0 0
979 T 77 75 77 0 0
979 T 382 1582 2041 0 0
979 T 1582 651 515 0 0
979 T 673 525 1562 0 0
979 T 519 1566 695 0 0
979 T 527 1552 645 0 0
979 T 512 1571 692 0 0
979 T 1322 1103 601 0 0
979 T 628 1095 1325 0 0
979 T 1130 1317 582 0 0
979 T 599 1907 1288 0 0
979 T 1268 1909 1103 0 0
979 T 1528 96 1346 0 0
979 T 1344 1391 325 0 0
979 T 1391 95 1527 0 0
979 T 145 1641 1419 0 0
979 T 1471 1937 143 0 0
979 T 1421 72 1473 0 0
979 T 1937 74 1641 0 0
979 T 1278 3 946 0 0
979 T 3 907 960 0 0
979 T 120 857 635 0 0
979 T 1655 1022 122 0 0
979 T 637 905 1657 0 0
979 T 1022 903 857 0 0
979 T 1989 1615 350 0 0
979 T 1731 307 2000 0 0
979 T 852 758 1733 0 0
979 T 758 503 307 0 0
979 T 1788 744 1288 0 0
979 T 1274 735 1744 0 0
979 T 1263 776 1754 0 0
979 T 110 1008 1874 0 0
979 T 1872 1289 112 0 0
979 T 122 1287 1008 0 0
979 T 1379 803 994 0 0
979 T 983 82 1381 0 0
979 T 1122 1098 1100 0 0
979 T 1127 1126 1091 0 0
979 T 1084 1093 1112 0 0
979 T 1102 1921 736 0 0
979 T 1942 1108 777 0 0
979 T 219 1919 1098 0 0
979 T 1905 1106 225 0 0
979 T 547 1664 1132 0 0
979 T 1060 80 549 0 0
979 T 80 1741 1664 0 0
979 T 1916 176 1471 0 0
979 T 1358 172 1918 0 0
979 T 14 2101 2068 0 0
979 T 2073 2088 13 0 0
979 T 2070 75 2071 0 0
979 T 2088 77 2101 0 0
979 T 197 1284 1584 0 0
979 T 2005 1522 195 0 0
979 T 1522 96 1284 0 0
979 T 1621 151 1570 0 0
979 T 256 1484 1568 0 0
979 T 1525 292 1619 0 0
979 T 510 582 1417 0 0
979 T 66 1373 1415 0 0
979 T 1373 596 508 0 0
979 T 677 679 671 0 0
979 T 643 647 653 0 0
979 T 696 700 711 0 0
979 T 696 692 709 0 0
979 T 705 674 670 0 0
979 T 670 658 662 0 0
979 T 299 363 892 0 0
979 T 1405 1771 301 0 0
979 T 894 476 1403 0 0
979 T 1771 478 363 0 0
979 T 1331 305 985 0 0
979 T 1859 546 458 0 0
979 T 216 1234 1861 0 0
979 T 1810 222 1245 0 0
979 T 1853 213 1186 0 0
979 T 456 1071 218 0 0
979 T 1234 1073 546 0 0
979 T 1189 695 612 0 0
979 T 1229 703 620 0 0
979 T 640 617 1222 0 0
979 T 399 519 1187 0 0
979 T 926 437 1555 0 0
979 T 1557 139 1544 0 0
979 T 665 141 437 0 0
979 T 232 226 214 0 0
979 T 217 229 231 0 0
979 T 1699 1649 234 0 0
979 T 1494 1699 212 0 0
979 T 1649 1494 226 0 0
979 T 1347 1217 1550 0 0
979 T 1548 5 1681 0 0
979 T 1679 978 1349 0 0
979 T 978 3 1217 0 0
979 T 1711 389 213 0 0
979 T 1899 113 1713 0 0
979 T 211 1167 1901 0 0
979 T 221 1869 1143 0 0
979 T 113 1169 389 0 0
979 T 1602 973 293 0 0
979 T 291 1065 529 0 0
979 T 613 141 1570 0 0
979 T 1853 713 611 0 0
979 T 673 621 1809 0 0
979 T 1568 283 1851 0 0
979 T 713 285 141 0 0
979 T 356 456 1049 0 0
979 T 356 276 1041 0 0
979 T 1039 308 1690 0 0
979 T 1688 302 358 0 0
979 T 242 1732 1402 0 0
979 T 1400 1999 268 0 0
979 T 92 2080 2063 0 0
979 T 1963 92 2010 0 0
979 T 1362 1384 1340 0 0
979 T 1335 1363 1352 0 0
979 T 115 1587 1384 0 0
979 T 1365 1597 100 0 0
979 T 100 1601 1352 0 0
979 T 1339 116 1615 0 0
979 T 202 848 556 0 0
979 T 558 896 1887 0 0
979 T 1889 1495 200 0 0
979 T 1495 898 848 0 0
979 T 1472 875 823 0 0
979 T 825 625 1420 0 0
979 T 71 623 875 0 0
979 T 1410 1275 1550 0 0
979 T 1548 4 1626 0 0
979 T 130 39 1759 0 0
979 T 1838 152 1761 0 0
979 T 129 1838 39 0 0
979 T 1847 173 1118 0 0
979 T 513 205 1849 0 0
979 T 169 513 1116 0 0
979 T 1217 2024 537 0 0
979 T 2024 0 1969 0 0
979 T 972 873 799 0 0
979 T 102 1707 974 0 0
979 T 801 621 100 0 0
979 T 1343 508 328 0 0
979 T 508 1392 306 0 0
979 T 421 1334 163 0 0
979 T 165 915 391 0 0
979 T 1186 587 1143 0 0
979 T 1244 1167 599 0 0
979 T 1232 595 1154 0 0
979 T 1145 980 115 0 0
979 T 117 2019 1184 0 0
979 T 2019 982 587 0 0
979 T 788 631 1940 0 0
979 T 762 1904 577 0 0
979 T 2120 1372 56 0 0
979 T 2123 69 2122 0 0
979 T 1418 2123 55 0 0
979 T 69 1418 1372 0 0
979 T 1914 397 1871 0 0
979 T 1144 1156 1132 0 0
979 T 1138 1176 1164 0 0
979 T 1165 1171 1154 0 0
979 T 430 1205 174 0 0
979 T 1205 1607 196 0 0
979 T 225 322 817 0 0
979 T 815 1525 1323 0 0
979 T 1754 1523 322 0 0
979 T 220 408 1556 0 0
979 T 925 434 222 0 0
979 T 102 430 1306 0 0
979 T 1304 1508 1363 0 0
979 T 1597 1510 430 0 0
979 T 1875 1229 602 0 0
979 T 600 112 888 0 0
979 T 1887 562 443 0 0
979 T 445 565 898 0 0
979 T 1210 656 1136 0 0
979 T 1157 655 1236 0 0
979 T 1181 19 1163 0 0
979 T 1811 397 1750 0 0
979 T 1484 89 1813 0 0
979 T 1748 90 1523 0 0
979 T 1133 453 544 0 0
979 T 539 451 1663 0 0
979 T 152 1367 1402 0 0
979 T 1730 1722 1734 0 0
979 T 601 113 900 0 0
979 T 902 389 1246 0 0
979 T 592 108 1078 0 0
979 T 1039 68 1076 0 0
979 T 578 1039 108 0 0
979 T 498 1716 1371 0 0
979 T 467 598 1716 0 0
979 T 1082 498 1204 0 0
979 T 173 459 1080 0 0
979 T 1479 195 1973 0 0
979 T 82 1629 1516 0 0
979 T 1671 86 1518 0 0
979 T 59 1671 1629 0 0
979 T 2101 1926 760 0 0
979 T 575 1907 2099 0 0
979 T 1907 1906 1926 0 0
979 T 277 1032 215 0 0
979 T 229 1067 295 0 0
979 T 1737 1069 1032 0 0
979 T 1101 1046 1741 0 0
979 T 1739 83 1704 0 0
979 T 1706 562 1099 0 0
979 T 562 85 1046 0 0
979 T 1736 755 679 0 0
979 T 681 418 262 0 0
979 T 2032 260 592 0 0
979 T 1635 2032 110 0 0
979 T 1637 1076 260 0 0
979 T 1933 175 1943 0 0
979 T 1636 165 1931 0 0
979 T 1945 181 1638 0 0
979 T 5 4 7 0 0
979 T 1802 1954 3 0 0
979 T 1 1750 1813 0 0
979 T 1837 485 267 0 0
979 T 129 41 1835 0 0
979 T 269 862 127 0 0
979 T 1998 1733 117 0 0
979 T 2013 125 1727 0 0
979 T 421 218 1356 0 0
979 T 1358 1073 391 0 0
979 T 1592 935 1249 0 0
979 T 487 1011 1594 0 0
979 T 138 1558 1808 0 0
979 T 1243 408 136 0 0
979 T 1542 1928 372 0 0
979 T 378 1364 1540 0 0
979 T 1364 347 1928 0 0
979 T 673 825 1544 0 0
979 T 825 525 177 0 0
979 T 280 1029 1930 0 0
979 T 1542 1027 841 0 0
979 T 1168 1235 1877 0 0
979 T 1875 1891 1900 0 0
979 T 1891 1237 214 0 0
979 T 444 1441 1038 0 0
979 T 1036 227 475 0 0
979 T 227 1439 422 0 0
979 T 202 1947 1897 0 0
979 T 1354 294 1707 0 0
979 T 728 347 283 0 0
979 T 632 1351 318 0 0
979 T 1827 742 961 0 0
979 T 959 882 117 0 0
979 T 115 1511 1829 0 0
979 T 1511 880 742 0 0
979 T 204 553 1796 0 0
979 T 1798 1147 193 0 0
979 T 167 1149 553 0 0
979 T 867 1693 1462 0 0
979 T 1460 1781 370 0 0
979 T 1781 1691 118 0 0
979 T 493 1573 1450 0 0
979 T 1448 1436 1194 0 0
979 T 1192 119 491 0 0
979 T 1386 188 963 0 0
979 T 965 886 720 0 0
979 T 538 884 188 0 0
979 T 604 1160 698 0 0
979 T 640 610 1171 0 0
979 T 713 1885 606 0 0
979 T 591 1900 684 0 0
979 T 1983 1712 175 0 0
979 T 951 800 703 0 0
979 T 579 935 1349 0 0
979 T 1679 1011 581 0 0
979 T 1925 1307 778 0 0
979 T 223 1269 1923 0 0
979 T 283 527 1930 0 0
979 T 856 781 1007 0 0
979 T 1314 426 342 0 0
979 T 341 400 1242 0 0
979 T 1542 4 1428 0 0
979 T 1430 942 841 0 0
979 T 942 6 1029 0 0
979 T 2034 1899 180 0 0
979 T 1899 108 1946 0 0
979 T 62 1404 1331 0 0
979 T 188 420 1404 0 0
979 T 1594 449 1632 0 0
979 T 2008 1585 224 0 0
979 T 511 239 1161 0 0
979 T 1159 307 1778 0 0
979 T 1776 269 513 0 0
979 T 1680 8 1625 0 0
979 T 378 1305 1489 0 0
979 T 911 449 89 0 0
979 T 866 88 405 0 0
979 T 1051 763 1519 0 0
979 T 687 1082 1481 0 0
979 T 84 853 555 0 0
979 T 1816 1778 159 0 0
979 T 1778 1956 210 0 0
979 T 255 1030 528 0 0
979 T 769 495 204 0 0
979 T 1328 138 1482 0 0
979 T 1520 144 1223 0 0
979 T 1477 10 1578 0 0
979 T 936 1755 1475 0 0
979 T 2048 607 504 0 0
979 T 2054 1 2050 0 0
979 T 386 236 1759 0 0
979 T 1069 11 1535 0 0
979 T 1533 1034 1067 0 0
979 T 11 1032 1536 0 0
979 T 1807 147 1544 0 0
979 T 147 619 823 0 0
979 T 1237 670 220 0 0
979 T 702 213 1214 0 0
979 T 1209 659 216 0 0
979 T 1810 668 1227 0 0
979 T 1190 700 1851 0 0
979 T 1861 661 1248 0 0
979 T 495 95 688 0 0
979 T 1482 97 1203 0 0
979 T 1590 199 1512 0 0
979 T 1514 847 747 0 0
979 T 336 1306 1960 0 0
979 T 1962 1488 379 0 0
979 T 2062 1091 716 0 0
979 T 609 1127 2060 0 0
979 T 590 896 795 0 0
979 T 797 71 572 0 0
979 T 71 898 584 0 0
979 T 1993 310 576 0 0
979 T 1516 1685 141 0 0
979 T 153 1683 1653 0 0
979 T 2074 683 1832 0 0
979 T 1894 685 2089 0 0
979 T 1644 122 1947 0 0
979 T 1905 112 1646 0 0
979 T 358 1685 413 0 0
979 T 354 452 1651 0 0
979 T 901 404 136 0 0
979 T 147 1513 1790 0 0
979 T 1513 155 1606 0 0
979 T 1059 808 564 0 0
979 T 808 79 526 0 0
979 T 1515 1050 666 0 0
979 T 1684 436 1050 0 0
979 T 1218 995 884 0 0
979 T 995 2023 190 0 0
979 T 1874 901 1910 0 0
979 T 780 1003 706 0 0
979 T 1486 1186 834 0 0
979 T 282 1853 1484 0 0
979 T 832 211 280 0 0
979 T 14 1766 1925 0 0
979 T 1766 27 778 0 0
979 T 910 963 645 0 0
979 T 643 989 4 0 0
979 T 1746 464 1132 0 0
979 T 464 737 1726 0 0
979 T 438 1862 1099 0 0
979 T 1101 545 412 0 0
979 T 336 100 846 0 0
979 T 1160 759 1955 0 0
979 T 759 308 207 0 0
979 T 533 1147 1118 0 0
979 T 878 566 391 0 0
979 T 838 629 876 0 0
979 T 1488 835 642 0 0
979 T 617 837 71 0 0
979 T 956 839 86 0 0
979 T 84 1049 991 0 0
979 T 2075 640 1163 0 0
979 T 1152 608 2077 0 0
979 T 1916 524 876 0 0
979 T 977 926 1096 0 0
979 T 1764 2112 1110 0 0
979 T 2106 1832 1766 0 0
979 T 1832 1161 2117 0 0
979 T 2115 75 2112 0 0
979 T 1371 49 2122 0 0
979 T 1257 74 1467 0 0
979 T 1469 798 718 0 0
979 T 1282 2084 1179 0 0
979 T 639 2093 1181 0 0
979 T 2098 715 1280 0 0
979 T 2094 1 2095 0 0
979 T 1021 255 1553 0 0
979 T 646 1028 1019 0 0
979 T 1780 1839 0 0 0
979 T 1670 1841 123 0 0
979 T 83 1733 1342 0 0
979 T 130 1368 16 0 0
979 T 792 235 128 0 0
979 T 127 43 1761 0 0
979 T 1887 194 1442 0 0
979 T 1057 477 351 0 0
979 T 337 1774 1055 0 0
979 T 764 479 96 0 0
979 T 964 180 1792 0 0
979 T 119 371 821 0 0
979 T 2027 1898 121 0 0
979 T 464 881 1603 0 0
979 T 150 635 847 0 0
979 T 849 585 1375 0 0
979 T 1377 603 148 0 0
979 T 101 1712 1943 0 0
979 T 225 1646 471 0 0
979 T 473 114 1104 0 0
979 T 520 413 1705 0 0
979 T 1703 383 1190 0 0
979 T 1166 2086 1092 0 0
979 T 2060 2 2077 0 0
979 T 1266 484 1663 0 0
979 T 1740 486 1784 0 0
979 T 2105 700 776 0 0
979 T 778 47 1765 0 0
979 T 47 702 1833 0 0
979 T 1910 1876 134 0 0
979 T 2087 594 1876 0 0
979 T 1958 2111 2072 0 0
979 T 2069 2116 1956 0 0
979 T 884 6 1026 0 0
979 T 26 927 23 0 0
979 T 1166 1181 45 0 0
979 T 1282 1094 46 0 0
979 T 589 564 2015 0 0
979 T 1151 439 1130 0 0
979 T 245 1668 1694 0 0
979 T 1847 479 1572 0 0
979 T 1142 320 1650 0 0
979 T 502 330 1140 0 0
979 T 1648 299 500 0 0
979 T 1 1980 2021 0 0
979 T 998 1982 628 0 0
979 T 660 1158 222 0 0
979 T 218 667 1135 0 0
979 T 1409 1459 1174 0 0
979 T 1846 1461 937 0 0
979 T 1145 945 880 0 0
979 T 882 431 219 0 0
979 T 1869 433 945 0 0
979 T 1493 1140 817 0 0
979 T 918 338 1635 0 0
979 T 1637 352 288 0 0
979 T 1100 1723 1248 0 0
979 T 834 1089 1491 0 0
979 T 1628 742 940 0 0
979 T 405 2058 1873 0 0
979 T 2058 137 1909 0 0
979 T 249 1693 1458 0 0
979 T 1456 1669 271 0 0
979 T 804 335 319 0 0
979 T 1063 1445 806 0 0
979 T 321 1879 1065 0 0
979 T 166 964 1412 0 0
979 T 1796 497 1597 0 0
979 T 1784 1100 629 0 0
979 T 1125 582 1757 0 0
979 T 995 1096 126 0 0
979 T 129 16 1401 0 0
979 T 1639 1941 333 0 0
979 T 1883 1676 285 0 0
979 T 1941 78 1885 0 0
979 T 504 380 639 0 0
979 T 476 545 1746 0 0
979 T 1192 371 2043 0 0
979 T 550 393 1916 0 0
979 T 470 1088 305 0 0
979 T 495 1391 1088 0 0
979 T 1460 1591 9 0 0
979 T 912 1593 1458 0 0
979 T 1865 312 1938 0 0
979 T 1863 72 1677 0 0
979 T 1575 406 1698 0 0
979 T 1696 89 1456 0 0
979 T 1458 865 1577 0 0
979 T 810 682 1727 0 0
979 T 1841 1475 370 0 0
979 T 1668 922 1475 0 0
979 T 2122 1614 17 0 0
979 T 1141 1346 479 0 0
979 T 766 1528 1139 0 0
979 T 606 141 1676 0 0
979 T 1678 137 1378 0 0
979 T 1172 382 2048 0 0
979 T 63 2121 2126 0 0
979 T 1405 1016 330 0 0
979 T 101 1983 1931 0 0
979 T 126 1981 1324 0 0
979 T 347 1467 2046 0 0
979 T 1193 1469 376 0 0
979 T 579 1660 501 0 0
979 T 289 1702 467 0 0
979 T 280 1089 1702 0 0
979 T 1077 297 351 0 0
979 T 1299 573 2095 0 0
979 T 1037 545 1318 0 0
979 T 194 562 1035 0 0
979 T 1316 519 192 0 0
979 T 964 1830 210 0 0
979 T 208 741 990 0 0
979 T 1 2 1 0 0
979 T 1082 1449 1116 0 0
979 T 1053 1149 1508 0 0
979 T 167 1317 1661 0 0
979 T 1475 1348 1123 0 0
979 T 170 499 1129 0 0
979 T 210 1019 1627 0 0
979 T 1584 202 494 0 0
979 T 1956 2109 1763 0 0
979 T 2074 1107 2109 0 0
979 T 79 1727 1432 0 0
979 T 170 470 1154 0 0
979 T 1377 74 1498 0 0
979 T 87 1634 1457 0 0
979 T 1795 461 1509 0 0
979 T 2126 1416 52 0 0
979 T 17 1564 2124 0 0
979 T 1865 138 1496 0 0
979 T 617 2094 1196 0 0
979 T 951 183 1253 0 0
979 T 1296 184 1009 0 0
979 T 1528 1089 689 0 0
979 T 673 749 1534 0 0
979 T 2108 1956 1831 0 0
979 T 2110 1162 2067 0 0
979 T 1018 320 1771 0 0
979 T 550 1071 174 0 0
979 T 760 2070 1763 0 0
979 T 1384 1829 200 0 0
979 T 226 201 814 0 0
979 T 201 1645 2027 0 0
979 T 1934 392 336 0 0
979 T 1422 633 149 0 0
979 T 1642 157 633 0 0
979 T 459 1847 1449 0 0
979 U 123 3 1 0 0
979 U 650 1 1 0 0
979 U 1397 1 3 0 0
979 U 710 5 5 0 0
979 U 1425 2 5 0 0
979 U 122 5 2 0 0
979 U 52 6 5 0 0
979 U 17 5 6 0 0
979 U 676 3 3 0 0
979 U 38 4 3 0 0
979 U 11 3 4 0 0
979 U 82 9 8 0 0
979 U 731 8 9 0 0
979 U 1307 9 9 0 0
979 U 9 7 8 0 0
979 U 1083 8 10 0 0
979 U 22 7 8 0 0
979 U 13 9 10 0 0
979 U 27 10 9 0 0
979 U 2081 14 15 0 0
979 U 1964 15 13 0 0
979 U 53 13 14 1 0
979 U 25 14 13 0 0
979 U 387 13 15 0 0
979 U 1978 21 19 0 0
979 U 394 19 12 0 0
979 U 835 12 21 0 0
979 U 829 11 14 0 0
979 U 1983 16 11 0 0
979 U 16 18 17 0 0
979 U 2001 22 18 0 0
979 U 859 17 22 0 0
979 U 1959 20 11 0 0
979 U 427 11 16 0 0
979 U 843 16 20 0 0
979 U 41 18 17 0 0
979 U 485 17 21 0 0
979 U 504 20 22 0 0
979 U 854 17 19 0 0
979 U 252 24 24 1 0
979 U 1313 28 24 0 0
979 U 1241 24 28 0 0
979 U 1329 31 29 0 0
979 U 1226 29 31 0 0
979 U 311 29 29 0 0
979 U 1299 25 23 -1 0
979 U 1198 23 25 -1 0
979 U 245 25 25 0 0
979 U 1295 27 31 -1 0
979 U 1254 31 27 0 0
979 U 265 27 27 0 0
979 U 324 32 32 0 0
979 U 33 25 26 0 0
979 U 31 26 25 1 0
979 U 57 30 29 0 0
979 U 472 38 42 0 0
979 U 24 37 38 0 0
979 U 2063 42 37 0 0
979 U 2035 33 35 0 0
979 U 15 35 36 1 0
979 U 794 36 33 0 0
979 U 2044 40 43 0 0
979 U 417 43 33 0 0
979 U 796 33 40 0 0
979 U 43 35 36 0 0
979 U 385 33 35 0 0
979 U 2010 38 42 0 0
979 U 493 42 39 0 0
979 U 812 39 38 0 0
979 U 2030 41 40 0 0
979 U 54 38 37 0 0
979 U 821 42 44 0 0
979 U 444 40 43 0 0
979 U 2017 43 33 0 0
979 U 809 44 36 0 0
979 U 85 48 45 0 0
979 U 656 45 48 0 0
979 U 1201 48 48 0 0
979 U 1177 45 47 0 0
979 U 19 46 45 0 0
979 U 14 48 47 0 0
979 U 29 47 48 0 0
979 U 10 46 45 0 0
979 U 783 54 54 0 0
979 U 50 53 54 0 0
979 U 18 54 53 0 0
979 U 102 53 50 0 0
979 U 723 50 50 0 0
979 U 1335 50 53 0 0
979 U 117 49 51 0 0
979 U 752 51 51 0 0
979 U 1360 51 49 0 0
979 U 35 52 51 0 0
979 U 11 51 52 0 0
979 Q 930 8 930 8 -1 0 1 0 0 0
979 Q 567 57 568 58 0 0 0 0 0 0
979 Q 1494 75 1492 104 0 0 -1 0 0 0
979 Q 0 999 0 999 0 0 0 0 0 0
979 Q 159 802 0 858 0 0 0 0 0 0
979 Q 781 0 703 324 0 0 0 0 0 0
979 Q 133 1082 76 1053 0 0 0 0 0 0
979 Q 763 78 689 323 0 0 0 0 0 0
979 Q 1003 325 1003 325 0 0 0 0 0 0
979 Q 1534 37 1531 35 0 0 0 0 0 0
979 Q 1116 131 1147 7 0 0 -1 0 0 0
979 Q 0 874 59 906 0 0 0 0 0 0
979 Q 346 252 346 252 0 0 0 0 0 0
979 Q 313 567 313 567 0 0 0 0 0 0
979 Q 105 815 92 832 0 0 0 0 0 0
979 Q 94 1140 78 1089 0 0 0 0 0 0
979 Q 32 105 34 104 0 0 0 0 0 0
979 Q 0 1350 2 1409 0 0 0 0 0 0
979 Q 569 1549 1 1547 0 0 0 0 0 0
979 Q 8 24 7 25 0 0 -1 0 0 0
