0
0 d=145
0
145 A 7 0 0 2 0 -2
145 A 11 0 0 4 0 -4
145 A 0 1 59 0 -59 0
145 A -3 1 40 1 -40 -1
145 A 3 1 -40 1 40 -1
145 A -4 1 18 1 -18 -1
145 A 4 1 -18 1 18 -1
145 A 14 0 7 2 -7 -2
145 A -8 1 40 2 -40 -2
145 A 8 1 -40 2 40 -2
145 A 22 0 11 4 -11 -4
145 A 0 2 -144 1 144 -1
145 A 0 2 -86 1 86 -1
145 A 0 2 59 0 -59 0
145 A 0 4 -59 2 59 -2
145 A 4 0 0 1 0 1
145 A 4 0 2 1 2 1
145 A 6 0 0 1 0 1
145 A 8 0 0 3 0 3
145 A 8 0 0 1 0 1
145 A 8 0 4 3 4 3
145 A 8 0 4 1 4 1
145 A 9 0 0 1 0 1
145 A 12 0 0 5 0 5
145 A 12 0 0 1 0 1
145 A 12 0 6 5 6 5
145 A 12 0 6 1 6 1
145 A 16 0 8 7 8 7
145 A 24 0 0 5 0 5
145 A 5 0 2 2 2 -2
145 A 5 0 2 1 2 -1
145 A 5 0 1 2 -1 2
145 A 5 0 1 1 -1 1
145 A 6 0 2 1 2 -1
145 A 7 0 3 3 -2 2
145 A 7 0 3 2 -3 2
145 A 7 0 -3 3 2 2
145 A 7 0 2 1 -1 -3
145 A 7 0 -2 1 1 -3
145 A 7 0 1 1 1 -1
145 A 7 0 0 3 0 1
145 A 8 0 2 3 -2 -1
145 A 8 0 -2 1 2 -3
145 A 9 0 4 4 1 -1
145 A 9 0 4 2 -2 1
145 A 9 0 4 1 4 -1
145 A 9 0 -4 2 2 1
145 A 9 0 -4 4 -1 -1
145 A 9 0 3 4 -3 -2
145 A 9 0 3 1 -3 1
145 A 9 0 -3 2 3 -4
145 A 9 0 2 4 -1 2
145 A 9 0 2 2 2 -2
145 A 9 0 -2 4 1 2
145 A 9 0 1 4 1 -4
145 A 9 0 0 4 0 -2
145 A 10 0 4 3 -4 3
145 A 10 0 4 1 -4 1
145 A 10 0 2 3 2 -3
145 A 10 0 2 1 2 -1
145 A 11 0 5 5 -3 3
145 A 11 0 5 4 3 2
145 A 11 0 5 3 5 -3
145 A 11 0 5 1 -1 -2
145 A 11 0 -5 1 1 -2
145 A 11 0 -5 4 -3 2
145 A 11 0 -5 5 3 3
145 A 11 0 4 4 -1 1
145 A 11 0 4 3 -4 3
145 A 11 0 4 2 -2 1
145 A 11 0 4 1 1 -3
145 A 11 0 -4 1 -1 -3
145 A 11 0 -4 2 2 1
145 A 11 0 -4 4 1 1
145 A 11 0 3 5 2 4
145 A 11 0 3 4 1 -5
145 A 11 0 -3 4 -1 -5
145 A 11 0 -3 5 -2 4
145 A 11 0 2 5 2 -5
145 A 11 0 2 2 -2 2
145 A 11 0 0 5 0 -1
145 A 11 0 0 3 0 2
145 A 12 0 4 5 4 1
145 A 12 0 -4 1 -4 5
145 A 12 0 2 5 2 1
145 A 12 0 -2 1 -2 5
145 A 0 1 57 0 -28 0
145 A 0 1 56 0 44 0
145 A 0 1 43 0 -27 0
145 A 0 1 33 0 -22 0
145 A 0 1 31 0 14 0
145 A -1 1 71 0 37 0
145 A -1 1 69 0 55 0
145 A -1 1 67 0 61 0
145 A -1 1 45 0 -13 0
145 A -1 1 43 0 -17 0
145 A -1 1 39 0 -15 0
145 A -1 1 35 0 25 0
145 A -1 1 23 0 19 0
145 A 1 1 71 0 37 0
145 A 1 1 69 0 55 0
145 A 1 1 67 0 61 0
145 A 1 1 45 0 -13 0
145 A 1 1 43 0 -17 0
145 A 1 1 39 0 -15 0
145 A 1 1 35 0 25 0
145 A 1 1 23 0 19 0
145 A -2 1 55 1 -34 0
145 A -2 1 65 1 20 0
145 A -2 1 66 1 44 1
145 A -2 1 32 0 -14 0
145 A -2 1 23 0 -13 0
145 A 2 1 13 0 -23 0
145 A 2 1 -55 1 34 0
145 A 2 1 -65 1 -20 0
145 A 2 1 32 0 -14 0
145 A 2 1 -44 1 -66 1
145 A -3 1 68 1 13 0
145 A -3 1 62 1 42 1
145 A -3 1 56 1 -44 -1
145 A -3 1 38 1 15 0
145 A -3 1 26 1 66 1
145 A -3 1 23 0 -64 -1
145 A -3 1 34 1 -25 0
145 A -3 1 54 1 24 1
145 A -3 1 70 1 -19 0
145 A 3 1 -68 1 -13 0
145 A 3 1 -62 1 -42 1
145 A 3 1 -56 1 44 -1
145 A 3 1 23 0 -64 1
145 A 3 1 19 0 -70 1
145 A 3 1 25 0 -34 1
145 A 3 1 -66 1 -26 1
145 A 3 1 -54 1 -24 1
145 A 3 1 15 0 38 -1
145 A -4 1 54 2 -13 0
145 A -4 1 66 2 -33 -1
145 A -4 1 43 1 -20 -1
145 A -4 1 21 1 -54 -1
145 A -4 1 60 2 -41 -1
145 A 4 1 -54 1 21 -1
145 A 4 1 -54 2 13 0
145 A 4 1 -66 2 33 -1
145 A 4 1 -43 1 20 -1
145 A 4 1 -41 1 60 -2
145 A 13 0 6 6 5 -5
145 A 13 0 6 4 -2 -3
145 A 13 0 6 2 4 3
145 A 13 0 6 1 6 -1
145 A 13 0 -6 2 -4 3
145 A 13 0 -6 4 2 -3
145 A 13 0 -6 6 -5 -5
145 A 13 0 5 3 2 4
145 A 13 0 5 2 3 4
145 A 13 0 5 1 -5 1
145 A 13 0 -5 2 -3 4
145 A 13 0 -5 3 -2 4
145 A 13 0 4 6 -3 -2
145 A 13 0 4 5 -4 5
145 A 13 0 -4 6 3 -2
145 A 13 0 3 6 -1 2
145 A 13 0 3 3 -3 3
145 A 13 0 -3 6 1 2
145 A 13 0 2 2 2 -2
145 A 13 0 1 5 1 -5
145 A -5 1 32 1 -18 -1
145 A -5 1 22 1 -53 -2
145 A -5 1 61 2 69 2
145 A -5 1 51 2 34 1
145 A 5 1 -22 1 53 -2
145 A 5 1 -32 1 18 -1
145 A 5 1 -69 2 -61 2
145 A 5 1 -34 1 -51 2
145 A -6 1 65 3 -18 -1
145 A -6 1 53 2 -33 -1
145 A -6 1 43 2 -61 -3
145 A 6 1 -33 1 53 -2
145 A 6 1 -43 2 61 -3
145 A 6 1 -18 1 65 -3
145 A -7 1 55 2 -31 -2
145 A -7 1 34 1 -50 -3
145 A -7 1 10 1 43 2
145 A -7 1 16 1 45 2
145 A -7 1 68 3 64 3
145 A 7 1 -55 2 31 -2
145 A 7 1 -34 1 50 -3
145 A 7 1 -43 2 -10 1
145 A 7 1 -64 3 -68 3
145 A 7 1 -45 2 -16 1
145 A -8 1 12 1 62 4
145 A -8 1 29 2 49 2
145 A -8 1 29 1 64 4
145 A -8 1 51 3 31 1
145 A -8 1 10 1 42 2
145 A -8 1 65 4 20 1
145 A 8 1 -12 1 -62 4
145 A 8 1 -20 1 -65 4
145 A 8 1 -29 1 -64 4
145 A 8 1 -51 3 -31 1
145 A 8 1 -10 1 -42 2
145 A 8 1 -49 2 -29 2
145 A 15 0 7 7 7 -7
145 A 15 0 6 7 -6 7
145 A 15 0 6 2 -6 2
145 A -9 1 59 4 -42 -3
145 A -9 1 31 2 56 3
145 A 9 1 -31 2 -56 3
145 A 9 1 -42 3 59 -4
145 A -10 1 13 1 -22 -1
145 A -10 1 23 2 -37 -2
145 A -10 1 17 2 -33 -2
145 A -10 1 26 1 24 1
145 A 10 1 -17 2 33 -2
145 A 10 1 -37 2 23 -2
145 A 10 1 -22 1 13 -1
145 A 10 1 -26 1 -24 1
145 A 16 0 4 7 -4 7
145 A 17 0 -5 4 -5 -4
145 A -12 1 58 4 -18 -1
145 A 12 1 -18 1 58 -4
145 A -14 1 63 7 22 1
145 A -14 1 30 3 -34 -4
145 A -14 1 19 3 -53 -5
145 A 14 1 -63 7 -22 1
145 A 14 1 -30 3 34 -4
145 A 14 1 -53 5 19 -3
145 A 19 0 -7 7 -5 -5
145 A 19 0 -5 5 -7 -7
145 A 20 0 1 6 -1 6
145 A -16 1 6 2 -31 -4
145 A 16 1 -6 2 31 -4
145 A -18 1 33 5 25 2
145 A 18 1 -25 2 -33 5
145 A 23 0 -11 11 -6 -6
145 A 23 0 -7 7 7 7
145 A 23 0 -6 6 -11 -11
145 A 23 0 -5 6 5 6
145 A 0 2 -88 1 -28 1
145 A 25 0 12 12 12 -12
145 A 25 0 11 12 -11 12
145 A -24 1 58 10 27 2
145 A 24 1 -58 10 -27 2
145 A 27 0 3 8 -3 8
145 A 41 0 5 5 -5 5
145 A 45 0 6 17 -6 17
145 A 55 0 9 9 -9 9
145 A 59 0 29 10 -29 10
145 A 65 0 16 16 -16 16
145 A 71 0 35 35 -35 35
145 S -3 1 7 0
145 S -2 3 7 0
145 S 1 2 7 0
145 S -5 2 11 0
145 S 4 5 11 0
145 S 3 1 11 0
145 S -2 3 11 0
145 S 1 4 11 0
145 S 0 2 5 0
145 S 0 1 5 0
145 S 5 3 10 0
145 S 5 1 10 0
145 S 3 1 7 0
145 S 2 3 7 0
145 S -1 2 7 0
145 S 5 2 11 0
145 S -4 5 11 0
145 S -3 1 11 0
145 S 2 3 11 0
145 S -1 4 11 0
145 T 280 230 529 0 0
145 T 88 748 278 0 0
145 T 285 95 722 0 0
145 T 237 508 283 0 0
145 T 598 727 343 0 0
145 T 736 590 377 0 0
145 T 577 6 669 0 0
145 T 547 571 575 0 0
145 T 539 563 559 0 0
145 T 597 549 541 0 0
145 T 589 605 599 0 0
145 T 543 567 542 0 0
145 T 556 583 530 0 0
145 T 537 594 551 0 0
145 T 603 580 592 0 0
145 T 667 504 549 0 0
145 T 571 502 6 0 0
145 T 124 53 138 0 0
145 T 164 173 169 0 0
145 T 155 167 172 0 0
145 T 141 136 152 0 0
145 T 129 149 135 0 0
145 T 160 151 164 0 0
145 T 133 148 132 0 0
145 T 142 122 127 0 0
145 T 155 143 160 0 0
145 T 561 5 688 0 0
145 T 686 510 541 0 0
145 T 563 512 5 0 0
145 T 556 515 454 0 0
145 T 357 69 554 0 0
145 T 456 282 355 0 0
145 T 69 284 515 0 0
145 T 45 446 483 0 0
145 T 840 2 852 0 0
145 T 820 541 443 0 0
145 T 476 40 445 0 0
145 T 549 819 474 0 0
145 T 212 787 686 0 0
145 T 196 266 210 0 0
145 T 196 226 218 0 0
145 T 248 250 262 0 0
145 T 232 275 202 0 0
145 T 208 277 234 0 0
145 T 244 240 210 0 0
145 T 271 252 220 0 0
145 T 269 208 204 0 0
145 T 193 225 215 0 0
145 T 255 261 262 0 0
145 T 243 255 272 0 0
145 T 225 200 199 0 0
145 T 669 803 194 0 0
145 T 688 41 667 0 0
145 T 492 280 68 0 0
145 T 530 419 490 0 0
145 T 66 325 532 0 0
145 T 419 323 280 0 0
145 T 644 377 587 0 0
145 T 601 107 642 0 0
145 T 377 109 605 0 0
145 T 90 96 88 0 0
145 T 104 111 109 0 0
145 T 108 113 98 0 0
145 T 93 91 93 1 0
145 T 693 218 410 0 0
145 T 70 196 691 0 0
145 T 412 228 72 0 0
145 T 558 145 658 0 0
145 T 660 441 564 0 0
145 T 538 439 145 0 0
145 T 589 109 726 0 0
145 T 728 113 635 0 0
145 T 637 104 587 0 0
145 T 154 262 496 0 0
145 T 494 252 638 0 0
145 T 640 248 156 0 0
145 T 260 657 153 0 0
145 T 151 72 478 0 0
145 T 72 655 721 0 0
145 T 345 117 626 0 0
145 T 579 664 343 0 0
145 T 628 249 581 0 0
145 T 664 247 117 0 0
145 T 325 58 355 0 0
145 T 345 106 602 0 0
145 T 167 407 105 0 0
145 T 103 613 162 0 0
145 T 173 611 407 0 0
145 T 270 416 329 0 0
145 T 359 389 272 0 0
145 T 116 876 861 0 0
145 T 319 451 114 0 0
145 T 859 891 321 0 0
145 T 451 893 876 0 0
145 T 440 814 466 0 0
145 T 763 796 813 0 0
145 T 706 413 152 0 0
145 T 512 394 242 0 0
145 T 212 85 510 0 0
145 T 394 83 240 0 0
145 T 74 66 69 0 0
145 T 79 71 72 0 0
145 T 492 566 515 0 0
145 T 485 83 617 0 0
145 T 446 628 84 0 0
145 T 218 773 313 0 0
145 T 311 173 273 0 0
145 T 252 171 773 0 0
145 T 428 576 403 0 0
145 T 380 558 463 0 0
145 T 891 895 882 0 0
145 T 884 856 351 0 0
145 T 48 321 353 0 0
145 T 553 161 751 0 0
145 T 710 160 535 0 0
145 T 753 79 712 0 0
145 T 329 289 778 0 0
145 T 780 100 564 0 0
145 T 562 395 327 0 0
145 T 395 98 289 0 0
145 T 650 184 94 0 0
145 T 140 705 652 0 0
145 T 96 331 138 0 0
145 T 705 333 184 0 0
145 T 564 182 525 0 0
145 T 780 422 182 0 0
145 T 170 698 497 0 0
145 T 167 263 698 0 0
145 T 706 188 139 0 0
145 T 411 134 188 0 0
145 T 693 48 670 0 0
145 T 691 135 823 0 0
145 T 827 129 672 0 0
145 T 340 204 872 0 0
145 T 869 597 870 0 0
145 T 867 206 370 0 0
145 T 613 879 846 0 0
145 T 837 874 630 0 0
145 T 141 336 215 0 0
145 T 188 486 336 0 0
145 T 915 75 912 0 0
145 T 100 684 662 0 0
145 T 664 591 106 0 0
145 T 113 593 684 0 0
145 T 607 426 299 0 0
145 T 606 299 463 0 0
145 T 827 486 854 0 0
145 T 859 430 823 0 0
145 T 358 573 399 0 0
145 T 401 502 220 0 0
145 T 218 4 360 0 0
145 T 95 356 217 0 0
145 T 191 322 89 0 0
145 T 85 475 340 0 0
145 T 338 820 804 0 0
145 T 802 548 83 0 0
145 T 518 262 165 0 0
145 T 622 255 520 0 0
145 T 163 259 624 0 0
145 T 581 82 741 0 0
145 T 937 935 937 1 0
145 T 580 107 736 0 0
145 T 622 6 536 0 0
145 T 534 414 520 0 0
145 T 257 416 6 0 0
145 T 915 618 845 0 0
145 T 830 635 912 0 0
145 T 162 468 792 0 0
145 T 790 547 158 0 0
145 T 151 549 468 0 0
145 T 868 553 901 0 0
145 T 871 901 537 0 0
145 T 801 161 539 0 0
145 T 792 78 799 0 0
145 T 158 625 655 0 0
145 T 657 7 710 0 0
145 T 327 4 245 0 0
145 T 494 386 553 0 0
145 T 551 6 638 0 0
145 T 250 4 386 0 0
145 T 173 630 382 0 0
145 T 384 116 252 0 0
145 T 773 114 630 0 0
145 T 218 114 783 0 0
145 T 785 632 313 0 0
145 T 764 19 20 0 0
145 T 678 119 464 0 0
145 T 703 429 116 0 0
145 T 368 313 837 0 0
145 T 876 785 366 0 0
145 T 531 755 353 0 0
145 T 319 754 557 0 0
145 T 760 757 754 0 0
145 T 156 801 440 0 0
145 T 121 616 376 0 0
145 T 471 133 830 0 0
145 T 130 452 845 0 0
145 T 393 245 671 0 0
145 T 72 239 391 0 0
145 T 673 211 70 0 0
145 T 405 134 115 0 0
145 T 585 378 403 0 0
145 T 378 120 126 0 0
145 T 249 646 143 0 0
145 T 145 70 436 0 0
145 T 70 648 745 0 0
145 T 751 6 649 0 0
145 T 7 2 6 0 0
145 T 588 84 717 0 0
145 T 260 616 586 0 0
145 T 363 185 678 0 0
145 T 824 186 219 0 0
145 T 766 459 185 0 0
145 T 219 860 369 0 0
145 T 470 879 882 0 0
145 T 353 121 472 0 0
145 T 121 854 879 0 0
145 T 699 111 599 0 0
145 T 644 102 701 0 0
145 T 383 265 662 0 0
145 T 830 761 845 0 0
145 T 599 494 309 0 0
145 T 307 173 113 0 0
145 T 82 444 372 0 0
145 T 370 819 786 0 0
145 T 788 540 84 0 0
145 T 903 892 347 0 0
145 T 906 902 905 0 0
145 T 902 315 883 0 0
145 T 3 718 743 0 0
145 T 166 685 264 0 0
145 T 384 99 168 0 0
145 T 299 295 303 0 0
145 T 243 828 187 0 0
145 T 335 857 245 0 0
145 T 571 501 184 0 0
145 T 652 468 573 0 0
145 T 420 289 620 0 0
145 T 618 100 579 0 0
145 T 581 395 418 0 0
145 T 703 577 137 0 0
145 T 619 110 736 0 0
145 T 674 207 302 0 0
145 T 304 276 9 0 0
145 T 8 237 676 0 0
145 T 610 310 806 0 0
145 T 808 245 118 0 0
145 T 120 777 612 0 0
145 T 777 243 310 0 0
145 T 682 519 171 0 0
145 T 197 83 505 0 0
145 T 400 589 457 0 0
145 T 227 83 398 0 0
145 T 878 806 335 0 0
145 T 697 231 9 0 0
145 T 304 205 695 0 0
145 T 430 366 187 0 0
145 T 316 41 346 0 0
145 T 942 944 942 1 0
145 T 521 307 591 0 0
145 T 367 192 124 0 0
145 T 122 732 188 0 0
145 T 559 127 680 0 0
145 T 678 124 659 0 0
145 T 731 393 143 0 0
145 T 158 648 639 0 0
145 T 645 409 265 0 0
145 T 575 151 650 0 0
145 T 337 312 849 0 0
145 T 768 572 104 0 0
145 T 659 183 86 0 0
145 T 88 363 122 0 0
145 T 777 255 172 0 0
145 T 102 400 293 0 0
145 T 291 457 637 0 0
145 T 119 409 254 0 0
145 T 156 630 101 0 0
145 T 697 281 424 0 0
145 T 121 260 645 0 0
145 T 676 461 283 0 0
145 T 392 186 127 0 0
145 T 769 358 292 0 0
145 U 30 1 1 0 0
145 U 1 1 1 -1 0
145 U 96 6 4 0 0
145 U 501 3 6 0 0
145 U 468 4 3 0 0
145 U 507 4 7 0 0
145 U 9 7 6 0 0
145 U 460 6 4 0 0
145 U 17 7 6 0 0
145 U 103 3 4 0 0
145 U 810 2 2 0 0
145 U 19 2 3 0 0
145 U 23 3 2 -1 0
145 U 732 10 12 0 0
145 U 240 12 8 0 0
145 U 435 8 10 0 0
145 U 743 17 9 0 0
145 U 247 11 17 0 0
145 U 748 14 12 0 0
145 U 421 12 10 0 0
145 U 190 10 14 0 0
145 U 446 17 9 0 0
145 U 739 9 11 0 0
145 U 430 15 13 0 0
145 U 26 14 15 0 0
145 U 232 15 12 0 0
145 U 10 16 17 0 0
145 U 838 9 16 0 0
145 U 15 14 15 0 0
145 U 28 8 9 1 0
145 U 297 21 18 0 0
145 U 74 18 18 0 0
145 U 79 21 21 0 0
145 U 12 19 18 0 0
145 U 34 21 20 0 0
145 U 177 23 23 1 0
145 U 899 23 25 0 0
145 U 179 25 25 0 0
145 U 33 23 22 0 0
145 U 37 25 24 0 0
145 U 9 31 30 0 0
145 U 529 28 31 0 0
145 U 425 30 28 0 0
145 U 522 30 27 0 0
145 U 99 27 28 0 0
145 U 14 31 30 0 0
145 U 88 30 28 0 0
145 U 795 26 26 0 0
145 U 23 27 26 0 0
145 U 20 26 27 0 0
145 U 440 28 27 0 0
145 U 260 40 34 0 0
145 U 478 34 32 0 0
145 U 721 32 40 0 0
145 U 489 38 36 0 0
145 U 24 39 38 0 0
145 U 234 36 39 0 0
145 U 714 33 35 0 0
145 U 483 41 33 0 0
145 U 725 38 36 0 0
145 U 17 39 38 0 0
145 U 28 32 33 0 0
145 U 851 41 32 0 0
145 U 457 37 35 0 0
145 U 215 35 39 0 0
145 U 709 34 36 0 0
145 U 228 36 32 0 0
145 U 11 41 40 0 0
145 Q 42 590 1 600 0 0 0 0 0 0
145 Q 345 46 375 42 0 0 0 0 0 0
145 Q 46 727 1 734 0 0 0 0 0 0
145 Q 62 140 47 122 0 0 0 0 1 0
145 Q 53 47 53 47 0 0 0 0 0 0
145 Q 925 47 925 47 0 0 0 0 0 0
145 Q 342 933 376 923 0 0 0 0 0 0
145 Q 43 931 43 931 0 0 0 0 0 0
145 Q 174 92 174 92 0 0 0 0 0 0
145 Q 86 62 96 176 1 0 0 0 0 0
145 Q 56 358 175 328 0 0 0 0 0 0
145 Q 326 887 360 0 0 0 0 0 0 0
145 Q 0 56 0 56 0 0 0 0 0 0
145 Q 177 889 177 889 0 0 0 0 0 0
145 Q 0 544 61 545 1 0 0 0 0 0
145 Q 204 43 206 178 0 0 0 0 0 0
145 Q 180 236 39 230 0 0 0 0 0 0
145 Q 275 39 277 43 0 0 0 0 0 0
145 Q 57 270 1 272 0 0 0 0 0 0
145 Q 416 1 389 174 0 0 0 0 0 0
145 Q 0 568 0 568 0 0 0 0 0 0
145 Q 615 930 628 929 0 0 0 0 0 0
145 Q 927 448 935 483 0 0 0 0 0 0
145 Q 937 82 932 83 0 0 0 0 0 0
145 Q 77 465 2 426 0 0 0 0 0 0
145 Q 405 40 378 75 0 0 0 0 -1 0
145 Q 80 632 765 611 0 0 0 0 0 0
145 Q 848 41 835 78 -1 0 0 0 0 0
145 Q 763 874 41 879 1 0 0 0 0 0
145 Q 36 911 12 917 0 0 -1 0 0 0
145 Q 582 76 582 76 0 0 0 0 0 0
145 Q 44 608 75 609 0 0 0 0 0 0
145 Q 301 2 299 44 0 0 0 0 0 0
145 Q 147 430 897 486 0 0 0 0 0 0
145 Q 38 894 38 894 0 0 0 0 0 0
145 Q 433 180 489 38 0 0 0 0 0 0
145 Q 178 148 178 148 0 0 0 0 0 0
145 Q 177 364 46 330 0 0 0 0 0 0
145 Q 332 924 362 889 0 0 0 0 0 0
145 Q 179 910 55 917 0 0 0 0 0 0
145 Q 843 1 832 181 0 1 0 0 0 -1
145 Q 618 55 635 1 0 0 0 -1 0 0
145 Q 866 179 873 38 0 0 0 0 0 0
145 Q 38 535 177 553 0 0 0 0 0 0
145 Q 21 51 19 50 -1 0 0 0 0 0
145 Q 50 762 50 762 0 0 0 0 1 0
145 Q 462 926 429 919 0 0 0 0 0 0
145 Q 921 705 925 680 0 0 0 0 0 0
145 Q 923 114 928 119 0 0 0 0 0 0
145 Q 38 373 42 339 0 0 0 0 0 0
145 Q 1 452 50 473 0 0 0 1 0 1
145 Q 179 133 50 132 -1 0 0 0 0 0
145 Q 184 919 185 888 0 0 0 0 0 0
145 Q 888 780 77 768 0 0 0 0 0 0
145 Q 424 919 459 75 0 0 0 0 0 0
145 Q 78 268 78 268 0 0 0 0 0 0
145 Q 207 61 205 80 0 0 0 0 1 0
145 Q 13 54 12 55 0 0 0 0 0 0
145 Q 305 79 303 862 0 0 0 0 0 0
145 Q 864 299 74 301 0 0 0 0 0 0
145 Q 201 90 200 41 0 0 0 0 0 0
145 Q 46 110 54 112 0 0 0 0 0 0
145 Q 91 32 90 33 1 0 1 0 0 0
145 Q 39 518 1 497 0 0 0 0 0 0
145 Q 1 906 1 906 0 0 0 0 0 0
145 Q 317 38 347 1 0 0 0 0 0 0
145 Q 476 940 445 937 0 0 0 0 0 0
145 Q 939 314 945 348 0 0 0 0 0 0
145 Q 38 940 38 940 0 0 0 0 0 0
145 Q 938 341 932 371 0 0 0 0 0 0
145 Q 1 943 1 943 0 -1 0 1 0 1
145 Q 464 865 427 44 0 0 0 0 0 0
145 Q 864 696 60 677 0 0 0 0 0 0
145 Q 451 908 470 763 0 0 0 0 0 0
145 Q 921 697 569 676 0 0 0 0 0 0
145 Q 38 309 43 307 0 0 0 0 0 0
145 Q 222 92 222 92 0 0 0 0 0 0
145 Q 758 421 0 454 0 0 0 0 0 0
145 Q 517 0 490 49 0 0 0 0 0 0
145 Q 311 64 313 52 0 0 0 0 0 0
145 Q 26 38 24 39 0 0 0 0 0 0
145 Q 291 0 287 77 0 0 0 0 0 0
145 Q 35 64 34 65 0 0 0 0 0 0
145 Q 943 30 942 31 1 0 1 0 0 0
145 H 80 64 64 78 80 64 0 0 0 0 0 0 0 0 0 0
