1659 A 5 0 1 -2 -1 2
1659 A 10 0 1 -2 -1 2
1659 A 20 0 1 -2 -1 2
1659 A 20 0 11 -2 -11 2
1659 A -1 1 -84 0 84 0
1659 A 0 1 -84 0 84 0
1659 A -2 1 -138 -1 138 1
1659 A 1 1 139 -1 -139 1
1659 A -4 1 -58 -1 58 1
1659 A 3 1 59 -1 -59 1
1659 A -5 1 -54 -1 54 1
1659 A -5 1 -81 -1 81 1
1659 A 4 1 55 -1 -55 1
1659 A 4 1 82 -1 -82 1
1659 A -11 1 -196 -5 196 5
1659 A 10 1 201 -5 -201 5
1659 A -20 1 -111 -5 111 5
1659 A 19 1 116 -5 -116 5
1659 A 29 0 16 -3 -16 3
1659 A -25 1 -149 -8 149 8
1659 A 24 1 157 -8 -157 8
1659 A -1 2 -199 1 199 -1
1659 A -1 2 -276 1 276 -1
1659 A -1 2 -355 1 355 -1
1659 A -7 2 -386 -3 386 3
1659 A 5 2 389 -3 -389 3
1659 A -10 2 -59 0 59 0
1659 A 8 2 -59 0 59 0
1659 A 5 0 3 -1 3 -1
1659 A 11 0 7 -3 7 -3
1659 A 19 0 4 -8 4 -8
1659 A 23 0 13 -3 13 -3
1659 A 25 0 17 -9 17 -9
1659 A 4 0 0 -1 -1 1
1659 A 4 0 -1 -1 2 -1
1659 A 5 0 -1 -1 1 2
1659 A 5 0 2 -1 -3 2
1659 A 6 0 0 -1 1 -1
1659 A 6 0 -2 -1 3 -1
1659 A 7 0 0 -1 -3 3
1659 A 7 0 1 -1 0 3
1659 A 7 0 -1 -1 4 -2
1659 A 7 0 2 -1 -2 -2
1659 A 7 0 -2 -1 3 -1
1659 A 7 0 0 -2 2 -2
1659 A 7 0 -1 -2 -1 3
1659 A 7 0 3 -2 -2 3
1659 A 7 0 -1 -3 4 -3
1659 A 8 0 0 -1 -1 1
1659 A 8 0 -1 -1 2 -1
1659 A 8 0 -2 -1 -1 3
1659 A 8 0 3 -1 -2 3
1659 A 8 0 -3 -1 4 -3
1659 A 8 0 4 -1 -1 -3
1659 A 8 0 0 -3 -3 3
1659 A 8 0 -2 -3 5 -3
1659 A 9 0 0 -1 1 -1
1659 A 9 0 -2 -1 3 -4
1659 A 9 0 3 -1 1 -4
1659 A 9 0 -3 -1 1 2
1659 A 9 0 4 -1 -3 2
1659 A 9 0 0 -2 -4 4
1659 A 9 0 2 -2 0 4
1659 A 9 0 -3 -2 5 -2
1659 A 9 0 -2 -4 6 -4
1659 A 10 0 -1 -1 6 -3
1659 A 10 0 2 -1 -3 -3
1659 A 10 0 -2 -1 3 -1
1659 A 10 0 -3 -1 2 -3
1659 A 10 0 4 -1 1 -3
1659 A 10 0 -1 -3 -4 3
1659 A 11 0 0 -1 -4 4
1659 A 11 0 1 -1 0 4
1659 A 11 0 -1 -1 -2 1
1659 A 11 0 -2 -1 1 -4
1659 A 11 0 3 -1 3 -4
1659 A 11 0 -3 -1 -2 -5
1659 A 11 0 4 -1 7 -5
1659 A 11 0 -4 -1 -1 -2
1659 A 11 0 5 -1 3 -2
1659 A 11 0 6 -1 -1 2
1659 A 11 0 0 -2 -2 2
1659 A 11 0 -2 -2 -1 -5
1659 A 11 0 4 -2 6 -5
1659 A 11 0 -3 -2 -2 3
1659 A 11 0 5 -2 -1 3
1659 A 11 0 -4 -2 6 -2
1659 A 11 0 0 -3 -5 5
1659 A 11 0 3 -3 0 5
1659 A 11 0 -1 -3 -4 3
1659 A 11 0 -2 -3 1 -5
1659 A 11 0 5 -3 4 -5
1659 A 11 0 -3 -3 3 4
1659 A 11 0 6 -3 -7 4
1659 A 11 0 2 -4 8 -5
1659 A 11 0 -1 -4 5 -4
1659 A 11 0 -2 -4 -2 5
1659 A 11 0 6 -4 -3 5
1659 A 12 0 0 -1 -5 5
1659 A 12 0 1 -1 0 5
1659 A 12 0 -2 -1 3 -1
1659 A 12 0 -3 -1 -8 5
1659 A 12 0 4 -1 3 5
1659 A 12 0 -5 -1 6 -1
1659 A 12 0 2 -5 3 -5
1659 A 12 0 -1 -5 6 -5
1659 A 13 0 0 -1 -1 1
1659 A 13 0 -1 -1 2 -1
1659 A 13 0 -2 -1 -2 5
1659 A 13 0 3 -1 -3 5
1659 A 13 0 -3 -1 -2 -6
1659 A 13 0 4 -1 8 -6
1659 A 13 0 -4 -1 3 2
1659 A 13 0 5 -1 -5 2
1659 A 13 0 -5 -1 2 4
1659 A 13 0 6 -1 -6 4
1659 A 13 0 7 -1 -3 6
1659 A 13 0 1 -2 5 3
1659 A 13 0 0 -2 6 -6
1659 A 13 0 2 -2 0 -6
1659 A 13 0 -1 -2 -3 2
1659 A 13 0 -2 -2 1 6
1659 A 13 0 4 -2 -7 6
1659 A 13 0 -4 -2 -1 -4
1659 A 13 0 6 -2 5 -4
1659 A 13 0 -5 -2 4 -3
1659 A 13 0 7 -2 -1 -3
1659 A 13 0 1 -3 1 5
1659 A 13 0 2 -3 -6 5
1659 A 13 0 0 -3 4 -4
1659 A 13 0 3 -3 0 -4
1659 A 13 0 -2 -3 5 -3
1659 A 13 0 -3 -3 -8 4
1659 A 13 0 6 -3 4 4
1659 A 13 0 -4 -3 -1 6
1659 A 13 0 7 -3 -5 6
1659 A 13 0 2 -4 9 -5
1659 A 13 0 1 -4 -7 5
1659 A 13 0 3 -4 2 5
1659 A 13 0 -3 -4 4 -6
1659 A 13 0 7 -4 2 -6
1659 A 13 0 1 -5 3 6
1659 A 13 0 4 -5 -9 6
1659 A 13 0 0 -5 5 -5
1659 A 13 0 -3 -5 -8 5
1659 A 14 0 0 -1 -3 3
1659 A 14 0 1 -1 0 3
1659 A 14 0 -1 -1 4 5
1659 A 14 0 2 -1 -9 5
1659 A 14 0 -2 -1 3 -1
1659 A 14 0 -4 -1 5 -1
1659 A 14 0 -5 -1 -2 5
1659 A 14 0 6 -1 -3 5
1659 A 14 0 -6 -1 -7 3
1659 A 14 0 7 -1 4 3
1659 A 14 0 1 -3 8 -5
1659 A 14 0 2 -3 -3 -5
1659 A 14 0 -1 -3 4 -3
1659 A 14 0 -3 -3 6 -3
1659 A 14 0 -5 -3 4 -5
1659 A 14 0 8 -3 1 -5
1659 A 14 0 0 -5 5 -5
1659 A 14 0 -2 -5 7 -5
1659 A 15 0 -2 -1 3 -1
1659 A 15 0 -3 -1 -8 2
1659 A 15 0 4 -1 6 2
1659 A 15 0 -6 -1 1 2
1659 A 15 0 7 -1 -3 2
1659 A 15 0 -4 -2 -6 7
1659 A 15 0 6 -2 -1 7
1659 A 15 0 1 -4 9 -7
1659 A 15 0 3 -4 -2 -7
1659 A 15 0 -2 -4 3 -7
1659 A 15 0 6 -4 4 -7
1659 A 15 0 -3 -4 7 -4
1659 A 16 0 0 -1 -1 1
1659 A 16 0 -1 -1 2 -1
1659 A 16 0 -2 -1 -9 3
1659 A 16 0 3 -1 6 3
1659 A 16 0 -3 -1 -4 -3
1659 A 16 0 4 -1 7 -3
1659 A 16 0 -4 -1 -9 5
1659 A 16 0 5 -1 4 5
1659 A 16 0 -5 -1 -2 -5
1659 A 16 0 6 -1 7 -5
1659 A 16 0 -6 -1 -1 7
1659 A 16 0 7 -1 -6 7
1659 A 16 0 -7 -1 8 -7
1659 A 16 0 8 -1 -1 -7
1659 A 16 0 1 -3 10 -7
1659 A 16 0 2 -3 -3 -7
1659 A 16 0 0 -3 5 -5
1659 A 16 0 3 -3 0 -5
1659 A 16 0 -1 -3 -4 7
1659 A 16 0 4 -3 -3 7
1659 A 16 0 -2 -3 5 -3
1659 A 16 0 -3 -3 -10 5
1659 A 16 0 6 -3 5 5
1659 A 16 0 -5 -3 -8 3
1659 A 16 0 2 -5 3 -5
1659 A 16 0 1 -5 -4 -7
1659 A 16 0 4 -5 11 -7
1659 A 16 0 -1 -5 -2 7
1659 A 16 0 6 -5 -5 7
1659 A 16 0 -3 -5 -8 5
1659 A 16 0 0 -7 -7 7
1659 A 16 0 -2 -7 9 -7
1659 A 17 0 0 -1 5 -5
1659 A 17 0 1 -1 0 -5
1659 A 17 0 -1 -1 4 -2
1659 A 17 0 2 -1 -2 -2
1659 A 17 0 -2 -1 -5 -4
1659 A 17 0 3 -1 9 -4
1659 A 17 0 -3 -1 2 8
1659 A 17 0 4 -1 -10 8
1659 A 17 0 -4 -1 -8 5
1659 A 17 0 5 -1 3 5
1659 A 17 0 -5 -1 2 -6
1659 A 17 0 6 -1 4 -6
1659 A 17 0 -6 -1 5 -8
1659 A 17 0 7 -1 3 -8
1659 A 17 0 -7 -1 -5 7
1659 A 17 0 8 -1 -2 7
1659 A 17 0 9 -1 7 3
1659 A 17 0 1 -2 12 -7
1659 A 17 0 0 -2 -6 6
1659 A 17 0 2 -2 0 6
1659 A 17 0 -1 -2 -1 -5
1659 A 17 0 3 -2 6 -5
1659 A 17 0 -3 -2 10 -4
1659 A 17 0 5 -2 -6 -4
1659 A 17 0 -4 -2 6 -2
1659 A 17 0 -5 -2 2 -3
1659 A 17 0 7 -2 1 -3
1659 A 17 0 -6 -2 1 4
1659 A 17 0 8 -2 -5 4
1659 A 17 0 -7 -2 10 -6
1659 A 17 0 9 -2 -4 -6
1659 A 17 0 0 -3 -4 4
1659 A 17 0 3 -3 0 4
1659 A 17 0 -1 -3 -4 3
1659 A 17 0 -2 -3 1 -4
1659 A 17 0 5 -3 3 -4
1659 A 17 0 -3 -3 -10 5
1659 A 17 0 6 -3 5 5
1659 A 17 0 -4 -3 4 8
1659 A 17 0 7 -3 -12 8
1659 A 17 0 -5 -3 8 -3
1659 A 17 0 -6 -3 4 -7
1659 A 17 0 9 -3 3 -7
1659 A 17 0 2 -4 6 5
1659 A 17 0 -2 -4 -9 6
1659 A 17 0 6 -4 3 6
1659 A 17 0 -3 -4 -8 7
1659 A 17 0 7 -4 1 7
1659 A 17 0 -4 -4 1 8
1659 A 17 0 8 -4 -9 8
1659 A 17 0 2 -5 -3 5
1659 A 17 0 1 -5 4 -5
1659 A 17 0 -2 -5 -5 6
1659 A 17 0 7 -5 -1 6
1659 A 17 0 -4 -5 11 -8
1659 A 17 0 9 -5 -3 -8
1659 A 17 0 3 -6 4 -8
1659 A 17 0 -1 -6 -11 7
1659 A 17 0 7 -6 4 7
1659 A 17 0 -2 -6 -2 -7
1659 A 17 0 8 -6 9 -7
1659 A 17 0 -5 -6 11 -6
1659 A 17 0 1 -7 -2 8
1659 A 17 0 6 -7 -6 8
1659 A 17 0 0 -7 8 -8
1659 A 17 0 7 -7 0 -8
1659 A 17 0 -3 -7 -10 7
1659 A 17 0 1 -8 -7 8
1659 A 18 0 0 -1 1 -1
1659 A 18 0 -2 -1 3 5
1659 A 18 0 3 -1 -8 5
1659 A 18 0 -3 -1 10 -7
1659 A 18 0 4 -1 -3 -7
1659 A 18 0 -5 -1 6 -7
1659 A 18 0 6 -1 1 -7
1659 A 18 0 -6 -1 1 5
1659 A 18 0 7 -1 -6 5
1659 A 18 0 -8 -1 9 -1
1659 A 18 0 2 -5 3 -5
1659 A 18 0 0 -5 -7 7
1659 A 18 0 5 -5 0 7
1659 A 18 0 -4 -5 -9 7
1659 A 18 0 9 -5 2 7
1659 A 18 0 -6 -5 11 -5
1659 A 18 0 3 -7 4 -7
1659 A 18 0 -5 -7 12 -7
1659 A 19 0 0 -1 6 -6
1659 A 19 0 1 -1 0 -6
1659 A 19 0 -1 -1 -2 1
1659 A 19 0 -2 -1 1 6
1659 A 19 0 3 -1 -7 6
1659 A 19 0 -3 -1 -8 2
1659 A 19 0 4 -1 6 2
1659 A 19 0 -4 -1 7 -9
1659 A 19 0 5 -1 2 -9
1659 A 19 0 -5 -1 -4 7
1659 A 19 0 6 -1 -3 7
1659 A 19 0 -6 -1 7 -1
1659 A 19 0 -7 -1 -2 5
1659 A 19 0 8 -1 -3 5
1659 A 19 0 -8 -1 -4 -8
1659 A 19 0 9 -1 12 -8
1659 A 19 0 10 -1 13 -7
1659 A 19 0 1 -2 -3 6
1659 A 19 0 0 -2 3 -3
1659 A 19 0 2 -2 0 -3
1659 A 19 0 -1 -2 6 -4
1659 A 19 0 3 -2 -2 -4
1659 A 19 0 -2 -2 -1 -9
1659 A 19 0 4 -2 10 -9
1659 A 19 0 -3 -2 8 -7
1659 A 19 0 5 -2 -1 -7
1659 A 19 0 -4 -2 -9 3
1659 A 19 0 6 -2 6 3
1659 A 19 0 -5 -2 -3 9
1659 A 19 0 7 -2 -6 9
1659 A 19 0 -7 -2 8 -6
1659 A 19 0 9 -2 -2 -6
1659 A 19 0 -8 -2 -6 5
1659 A 19 0 10 -2 1 5
1659 A 19 0 1 -3 -4 6
1659 A 19 0 2 -3 -2 6
1659 A 19 0 -1 -3 -1 -4
1659 A 19 0 4 -3 5 -4
1659 A 19 0 -2 -3 -7 8
1659 A 19 0 5 -3 -1 8
1659 A 19 0 -3 -3 12 -6
1659 A 19 0 6 -3 -6 -6
1659 A 19 0 -4 -3 7 -3
1659 A 19 0 -5 -3 5 -9
1659 A 19 0 8 -3 4 -9
1659 A 19 0 -7 -3 2 7
1659 A 19 0 10 -3 -9 7
1659 A 19 0 11 -3 -2 4
1659 A 19 0 1 -4 10 -7
1659 A 19 0 3 -4 -3 -7
1659 A 19 0 0 -4 -8 8
1659 A 19 0 4 -4 0 8
1659 A 19 0 -3 -4 11 -9
1659 A 19 0 7 -4 -2 -9
1659 A 19 0 -4 -4 -10 5
1659 A 19 0 8 -4 5 5
1659 A 19 0 -5 -4 -3 -5
1659 A 19 0 9 -4 8 -5
1659 A 19 0 -6 -4 4 6
1659 A 19 0 10 -4 -10 6
1659 A 19 0 -7 -4 3 -8
1659 A 19 0 11 -4 5 -8
1659 A 19 0 1 -5 5 8
1659 A 19 0 4 -5 -13 8
1659 A 19 0 0 -5 5 -5
1659 A 19 0 -2 -5 3 6
1659 A 19 0 7 -5 -9 6
1659 A 19 0 -4 -5 -9 5
1659 A 19 0 -6 -5 3 9
1659 A 19 0 11 -5 -12 9
1659 A 19 0 12 -5 14 -9
1659 A 19 0 1 -6 5 -6
1659 A 19 0 -5 -6 -2 8
1659 A 19 0 11 -6 -6 8
1659 A 19 0 2 -7 -1 9
1659 A 19 0 5 -7 -8 9
1659 A 19 0 1 -7 -6 7
1659 A 19 0 0 -7 9 -9
1659 A 19 0 7 -7 0 -9
1659 A 19 0 -4 -7 1 8
1659 A 19 0 11 -7 -9 8
1659 A 19 0 -5 -7 11 -8
1659 A 19 0 12 -7 -3 -8
1659 A 19 0 -2 -8 -10 8
1659 A 19 0 -4 -9 -13 9
1659 A 20 0 -1 -1 6 7
1659 A 20 0 2 -1 -13 7
1659 A 20 0 -2 -1 3 -1
1659 A 20 0 -3 -1 -8 -3
1659 A 20 0 4 -1 11 -3
1659 A 20 0 -6 -1 -9 7
1659 A 20 0 7 -1 2 7
1659 A 20 0 -7 -1 -12 9
1659 A 20 0 8 -1 3 9
1659 A 20 0 -8 -1 7 -3
1659 A 20 0 9 -1 -4 -3
1659 A 20 0 1 -3 -6 9
1659 A 20 0 2 -3 -3 9
1659 A 20 0 -1 -3 -4 3
1659 A 20 0 -3 -3 2 9
1659 A 20 0 6 -3 -11 9
1659 A 20 0 -6 -3 1 -7
1659 A 20 0 9 -3 6 -7
1659 A 20 0 3 -7 8 -9
1659 A 20 0 4 -7 1 -9
1659 A 20 0 -1 -7 -4 -9
1659 A 20 0 8 -7 13 -9
1659 A 20 0 -4 -7 -11 7
1659 A 20 0 2 -9 7 -9
1659 A -1 1 -21 0 -79 0
1659 A -1 1 -27 0 123 0
1659 A -1 1 -28 0 -163 0
1659 A -1 1 -33 0 -88 0
1659 A -1 1 -36 0 196 0
1659 A -1 1 -41 0 81 0
1659 A -1 1 -42 0 168 0
1659 A -1 1 -43 0 -193 0
1659 A -1 1 -54 0 -146 0
1659 A -1 1 -56 0 126 0
1659 A -1 1 -62 0 -87 0
1659 A -1 1 -63 0 112 0
1659 A -1 1 -77 0 -97 0
1659 A -1 1 -82 0 -167 0
1659 A -1 1 -86 0 111 0
1659 A -1 1 -94 0 -181 0
1659 A -1 1 -124 0 164 0
1659 A -1 1 -158 0 197 0
1659 A -1 1 -162 0 -187 0
1659 A -1 1 -169 0 194 0
1659 A 0 1 -21 0 -79 0
1659 A 0 1 -27 0 123 0
1659 A 0 1 -28 0 -163 0
1659 A 0 1 -33 0 -88 0
1659 A 0 1 -36 0 196 0
1659 A 0 1 -41 0 81 0
1659 A 0 1 -42 0 168 0
1659 A 0 1 -43 0 -193 0
1659 A 0 1 -54 0 -146 0
1659 A 0 1 -56 0 126 0
1659 A 0 1 -62 0 -87 0
1659 A 0 1 -63 0 112 0
1659 A 0 1 -77 0 -97 0
1659 A 0 1 -82 0 -167 0
1659 A 0 1 -86 0 111 0
1659 A 0 1 -94 0 -181 0
1659 A 0 1 -124 0 164 0
1659 A 0 1 -158 0 197 0
1659 A 0 1 -162 0 -187 0
1659 A 0 1 -169 0 194 0
1659 A -2 1 -23 0 -143 -1
1659 A -2 1 -28 0 -134 0
1659 A -2 1 -29 0 -115 0
1659 A -2 1 -34 0 182 1
1659 A -2 1 -35 0 141 1
1659 A -2 1 -40 0 73 0
1659 A -2 1 -46 0 136 0
1659 A -2 1 -47 0 71 0
1659 A -2 1 -55 0 91 0
1659 A -2 1 -56 0 -67 0
1659 A -2 1 -68 0 92 0
1659 A -2 1 -70 0 -137 0
1659 A -2 1 -79 0 -95 0
1659 A -2 1 -94 0 -171 -1
1659 A -2 1 -110 0 -161 -1
1659 A -2 1 -112 0 173 1
1659 A -2 1 -116 0 -133 0
1659 A -2 1 -122 0 186 1
1659 A -2 1 -127 0 -195 -1
1659 A -2 1 -131 0 189 1
1659 A -2 1 -140 -1 -183 -1
1659 A -2 1 -185 -1 -192 -1
1659 A 1 1 -23 0 -144 1
1659 A 1 1 -28 0 -134 0
1659 A 1 1 -29 0 -115 0
1659 A 1 1 -34 0 183 -1
1659 A 1 1 -35 0 142 -1
1659 A 1 1 -40 0 73 0
1659 A 1 1 -46 0 136 0
1659 A 1 1 -47 0 71 0
1659 A 1 1 -55 0 91 0
1659 A 1 1 -56 0 -67 0
1659 A 1 1 -68 0 92 0
1659 A 1 1 -70 0 -137 0
1659 A 1 1 -79 0 -95 0
1659 A 1 1 -94 0 -172 1
1659 A 1 1 -110 0 -162 1
1659 A 1 1 -112 0 174 -1
1659 A 1 1 -116 0 -133 0
1659 A 1 1 -122 0 187 -1
1659 A 1 1 -127 0 -196 1
1659 A 1 1 -131 0 190 -1
1659 A 1 1 141 -1 184 -1
1659 A 1 1 186 -1 193 -1
1659 A -3 1 -23 0 -180 -1
1659 A -3 1 -24 0 190 1
1659 A -3 1 -37 0 -88 -1
1659 A -3 1 -40 0 197 1
1659 A -3 1 -55 0 -196 -1
1659 A -3 1 -57 0 -93 -1
1659 A -3 1 -66 0 182 1
1659 A -3 1 -80 0 97 1
1659 A -3 1 -86 -1 120 1
1659 A -3 1 -125 -1 -145 -1
1659 A 2 1 -23 0 -181 1
1659 A 2 1 -24 0 191 -1
1659 A 2 1 -37 0 -89 1
1659 A 2 1 -40 0 198 -1
1659 A 2 1 -55 0 -197 1
1659 A 2 1 -57 0 -94 1
1659 A 2 1 -66 0 183 -1
1659 A 2 1 -80 0 98 -1
1659 A 2 1 87 -1 -121 1
1659 A 2 1 126 -1 146 -1
1659 A -4 1 -22 0 -93 -1
1659 A -4 1 -23 0 126 1
1659 A -4 1 -26 0 111 1
1659 A -4 1 -30 0 -177 -2
1659 A -4 1 -31 0 120 1
1659 A -4 1 -32 0 -40 0
1659 A -4 1 -34 0 -109 -1
1659 A -4 1 -37 0 -146 -1
1659 A -4 1 -41 0 121 1
1659 A -4 1 -51 0 63 1
1659 A -4 1 -58 0 77 1
1659 A -4 1 -59 0 148 1
1659 A -4 1 -60 0 117 1
1659 A -4 1 -88 -1 -177 -1
1659 A -4 1 -89 -1 -97 -1
1659 A -4 1 -98 -1 -176 -1
1659 A -4 1 -116 -1 -149 -1
1659 A -4 1 -119 -1 176 2
1659 A -4 1 -159 -1 178 2
1659 A -4 1 -163 -1 194 2
1659 A 3 1 -22 0 -94 1
1659 A 3 1 -23 0 127 -1
1659 A 3 1 -26 0 112 -1
1659 A 3 1 -30 0 -179 2
1659 A 3 1 -31 0 121 -1
1659 A 3 1 -32 0 -40 0
1659 A 3 1 -34 0 -110 1
1659 A 3 1 -37 0 -147 1
1659 A 3 1 -41 0 122 -1
1659 A 3 1 -51 0 64 -1
1659 A 3 1 -58 0 78 -1
1659 A 3 1 -59 0 149 -1
1659 A 3 1 -60 0 118 -1
1659 A 3 1 89 -1 178 -1
1659 A 3 1 90 -1 98 -1
1659 A 3 1 99 -1 177 -1
1659 A 3 1 117 -1 150 -1
1659 A 3 1 120 -1 -178 2
1659 A 3 1 160 -1 -180 2
1659 A 3 1 164 -1 -196 2
1659 A -5 1 -22 0 168 2
1659 A -5 1 -28 0 192 2
1659 A -5 1 -37 0 -47 0
1659 A -5 1 -38 0 -98 -1
1659 A -5 1 -41 0 181 2
1659 A -5 1 -43 0 162 2
1659 A -5 1 -44 0 84 1
1659 A -5 1 -46 0 -99 -1
1659 A -5 1 -44 -1 -66 -1
1659 A -5 1 -47 -1 -87 -1
1659 A -5 1 -69 -1 184 2
1659 A -5 1 -71 -1 156 2
1659 A -5 1 -78 -1 142 2
1659 A -5 1 -83 -1 -163 -2
1659 A -5 1 -86 -1 186 2
1659 A -5 1 -89 -1 189 2
1659 A -5 1 -92 -1 138 2
1659 A -5 1 -93 -1 172 2
1659 A -5 1 -116 -1 141 2
1659 A -5 1 -122 -1 -132 -1
1659 A -5 1 -126 -1 166 2
1659 A -5 1 -134 -1 159 2
1659 A -5 1 -137 -1 183 2
1659 A -5 1 -139 -2 -171 -2
1659 A 4 1 -22 0 170 -2
1659 A 4 1 -28 0 194 -2
1659 A 4 1 -37 0 -47 0
1659 A 4 1 -38 0 -99 1
1659 A 4 1 -41 0 183 -2
1659 A 4 1 -43 0 164 -2
1659 A 4 1 -44 0 85 -1
1659 A 4 1 -46 0 -100 1
1659 A 4 1 45 -1 67 -1
1659 A 4 1 48 -1 88 -1
1659 A 4 1 70 -1 -186 2
1659 A 4 1 72 -1 -158 2
1659 A 4 1 79 -1 -144 2
1659 A 4 1 84 -1 165 -2
1659 A 4 1 87 -1 -188 2
1659 A 4 1 90 -1 -191 2
1659 A 4 1 93 -1 -140 2
1659 A 4 1 94 -1 -174 2
1659 A 4 1 117 -1 -143 2
1659 A 4 1 123 -1 133 -1
1659 A 4 1 127 -1 -168 2
1659 A 4 1 135 -1 -161 2
1659 A 4 1 138 -1 -185 2
1659 A 4 1 141 -2 173 -2
1659 A 21 0 -5 -1 -9 5
1659 A 21 0 6 -1 4 5
1659 A 21 0 -6 -1 7 -4
1659 A 21 0 7 -1 -3 -4
1659 A 21 0 -8 -1 -3 5
1659 A 21 0 9 -1 -2 5
1659 A 21 0 -9 -1 10 -1
1659 A 21 0 0 -2 2 -2
1659 A 21 0 -1 -2 -15 10
1659 A 21 0 3 -2 5 10
1659 A 21 0 -3 -2 -1 -8
1659 A 21 0 5 -2 9 -8
1659 A 21 0 -7 -2 9 -2
1659 A 21 0 -9 -2 2 -8
1659 A 21 0 11 -2 6 -8
1659 A 21 0 1 -4 3 -4
1659 A 21 0 -2 -4 3 5
1659 A 21 0 6 -4 -8 5
1659 A 21 0 -6 -4 10 -4
1659 A 21 0 0 -5 5 -5
1659 A 21 0 -7 -5 12 -5
1659 A 21 0 3 -8 5 -8
1659 A 21 0 -4 -8 12 -8
1659 A 21 0 -6 -8 -7 10
1659 A 21 0 14 -8 -3 10
1659 A 21 0 4 -10 6 -10
1659 A 21 0 -3 -10 13 -10
1659 A -6 1 -22 0 -170 -2
1659 A -6 1 -23 0 -52 -1
1659 A -6 1 -24 0 186 3
1659 A -6 1 -27 0 33 0
1659 A -6 1 -29 0 -40 -1
1659 A -6 1 -31 0 189 2
1659 A -6 1 -39 0 182 2
1659 A -6 1 -36 -1 47 1
1659 A -6 1 -37 -1 189 3
1659 A -6 1 -38 -1 -85 -1
1659 A -6 1 -53 -1 -169 -2
1659 A -6 1 -60 -1 -191 -3
1659 A -6 1 -61 -1 87 1
1659 A -6 1 -72 -1 91 1
1659 A -6 1 -80 -1 -113 -1
1659 A -6 1 -81 -1 121 2
1659 A -6 1 -82 -1 165 2
1659 A -6 1 -86 -1 190 3
1659 A -6 1 -95 -1 129 2
1659 A -6 1 -112 -1 120 2
1659 A -6 1 -122 -2 -164 -2
1659 A -6 1 -144 -2 -162 -2
1659 A 5 1 -22 0 -172 2
1659 A 5 1 -23 0 -53 1
1659 A 5 1 -24 0 189 -3
1659 A 5 1 -27 0 33 0
1659 A 5 1 -29 0 -41 1
1659 A 5 1 -31 0 191 -2
1659 A 5 1 -39 0 184 -2
1659 A 5 1 37 -1 -48 1
1659 A 5 1 38 -1 -192 3
1659 A 5 1 39 -1 86 -1
1659 A 5 1 54 -1 171 -2
1659 A 5 1 61 -1 194 -3
1659 A 5 1 62 -1 -88 1
1659 A 5 1 73 -1 -92 1
1659 A 5 1 81 -1 114 -1
1659 A 5 1 82 -1 -123 2
1659 A 5 1 83 -1 -167 2
1659 A 5 1 87 -1 -193 3
1659 A 5 1 96 -1 -131 2
1659 A 5 1 113 -1 -122 2
1659 A 5 1 124 -2 166 -2
1659 A 5 1 146 -2 164 -2
1659 A -7 1 -22 0 166 3
1659 A -7 1 -26 0 -109 -2
1659 A -7 1 -34 0 107 2
1659 A -7 1 -33 -1 73 1
1659 A -7 1 -46 -1 62 1
1659 A -7 1 -53 -1 -92 -1
1659 A -7 1 -55 -1 -178 -3
1659 A -7 1 -97 -1 -131 -2
1659 A -7 1 -106 -2 158 3
1659 A -7 1 -125 -2 196 3
1659 A -7 1 -172 -3 -185 -3
1659 A -7 1 -180 -3 195 3
1659 A 6 1 -22 0 169 -3
1659 A 6 1 -26 0 -111 2
1659 A 6 1 -34 0 109 -2
1659 A 6 1 34 -1 -74 1
1659 A 6 1 47 -1 -63 1
1659 A 6 1 54 -1 93 -1
1659 A 6 1 56 -1 181 -3
1659 A 6 1 98 -1 133 -2
1659 A 6 1 108 -2 -161 3
1659 A 6 1 127 -2 -199 3
1659 A 6 1 175 -3 188 -3
1659 A 6 1 183 -3 -198 3
1659 A -8 1 -22 0 -91 -2
1659 A -8 1 -23 0 33 1
1659 A -8 1 -26 0 -139 -3
1659 A -8 1 -31 0 68 1
1659 A -8 1 -24 -1 -87 -2
1659 A -8 1 -27 -1 -132 -2
1659 A -8 1 -30 -1 54 1
1659 A -8 1 -32 -1 90 2
1659 A -8 1 -36 -1 158 3
1659 A -8 1 -42 -1 155 3
1659 A -8 1 -48 -1 127 2
1659 A -8 1 -56 -1 160 3
1659 A -8 1 -63 -1 -175 -3
1659 A -8 1 -74 -1 -192 -4
1659 A -8 1 -81 -1 -111 -2
1659 A -8 1 -96 -2 -140 -3
1659 A -8 1 -109 -2 -187 -3
1659 A -8 1 -114 -2 -189 -4
1659 A -8 1 -115 -2 -135 -2
1659 A -8 1 -136 -2 -188 -4
1659 A -8 1 -169 -3 181 3
1659 A -8 1 -173 -3 -184 -3
1659 A 7 1 -22 0 -93 2
1659 A 7 1 -23 0 34 -1
1659 A 7 1 -26 0 -142 3
1659 A 7 1 -31 0 69 -1
1659 A 7 1 25 -1 89 -2
1659 A 7 1 28 -1 134 -2
1659 A 7 1 31 -1 -55 1
1659 A 7 1 33 -1 -92 2
1659 A 7 1 37 -1 -161 3
1659 A 7 1 43 -1 -158 3
1659 A 7 1 49 -1 -129 2
1659 A 7 1 57 -1 -163 3
1659 A 7 1 64 -1 178 -3
1659 A 7 1 75 -1 196 -4
1659 A 7 1 82 -1 113 -2
1659 A 7 1 98 -2 143 -3
1659 A 7 1 111 -2 190 -3
1659 A 7 1 116 -2 193 -4
1659 A 7 1 117 -2 137 -2
1659 A 7 1 138 -2 192 -4
1659 A 7 1 172 -3 -184 3
1659 A 7 1 176 -3 187 -3
1659 A 22 0 -8 -1 3 7
1659 A 22 0 9 -1 -10 7
1659 A 22 0 -9 -1 -10 1
1659 A 22 0 -10 -1 11 -7
1659 A 22 0 11 -1 -4 -7
1659 A 22 0 1 -3 6 -9
1659 A 22 0 2 -3 3 -9
1659 A 22 0 0 -3 -5 5
1659 A 22 0 3 -3 0 5
1659 A 22 0 -1 -3 -4 3
1659 A 22 0 -2 -3 1 -5
1659 A 22 0 5 -3 4 -5
1659 A 22 0 -3 -3 14 -7
1659 A 22 0 6 -3 -7 -7
1659 A 22 0 -4 -3 7 -3
1659 A 22 0 -5 -3 4 -7
1659 A 22 0 8 -3 3 -7
1659 A 22 0 -8 -3 -11 5
1659 A 22 0 11 -3 6 5
1659 A 22 0 -9 -3 14 -9
1659 A 22 0 12 -3 -5 -9
1659 A 22 0 2 -5 13 -7
1659 A 22 0 3 -5 -6 -7
1659 A 22 0 -1 -5 -2 9
1659 A 22 0 6 -5 -7 9
1659 A 22 0 -5 -5 4 9
1659 A 22 0 10 -5 -13 9
1659 A 22 0 -5 -7 12 -7
1659 A 22 0 4 -9 5 -9
1659 A 22 0 0 -9 -9 9
1659 A 22 0 -2 -9 -11 9
1659 A 22 0 -6 -9 15 -9
1659 A -9 1 -23 0 -109 -2
1659 A -9 1 -24 0 -124 -2
1659 A -9 1 -25 0 30 1
1659 A -9 1 -27 -1 194 4
1659 A -9 1 -33 -1 49 1
1659 A -9 1 -37 -1 153 3
1659 A -9 1 -55 -1 -148 -3
1659 A -9 1 -57 -1 178 4
1659 A -9 1 -76 -1 176 4
1659 A -9 1 -84 -2 -121 -3
1659 A -9 1 -88 -2 143 3
1659 A -9 1 -93 -2 -118 -2
1659 A -9 1 -113 -2 -144 -3
1659 A -9 1 -117 -3 -159 -3
1659 A -9 1 -126 -3 190 4
1659 A -9 1 -163 -3 187 4
1659 A 8 1 -23 0 -111 2
1659 A 8 1 -24 0 -126 2
1659 A 8 1 -25 0 31 -1
1659 A 8 1 28 -1 -198 4
1659 A 8 1 34 -1 -50 1
1659 A 8 1 38 -1 -156 3
1659 A 8 1 56 -1 151 -3
1659 A 8 1 58 -1 -182 4
1659 A 8 1 77 -1 -180 4
1659 A 8 1 86 -2 124 -3
1659 A 8 1 90 -2 -146 3
1659 A 8 1 95 -2 120 -2
1659 A 8 1 115 -2 147 -3
1659 A 8 1 120 -3 162 -3
1659 A 8 1 129 -3 -194 4
1659 A 8 1 166 -3 -191 4
1659 A -10 1 -26 0 106 3
1659 A -10 1 -23 -1 -123 -3
1659 A -10 1 -24 -1 84 2
1659 A -10 1 -34 -1 -191 -5
1659 A -10 1 -39 -1 104 3
1659 A -10 1 -41 -1 -79 -2
1659 A -10 1 -42 -1 58 1
1659 A -10 1 -56 -1 146 3
1659 A -10 1 -57 -1 78 2
1659 A -10 1 -66 -1 166 4
1659 A -10 1 -68 -2 112 2
1659 A -10 1 -77 -2 -147 -3
1659 A -10 1 -83 -2 122 3
1659 A -10 1 -87 -2 98 2
1659 A -10 1 -111 -3 -124 -3
1659 A -10 1 -152 -3 -157 -4
1659 A -10 1 -158 -4 187 4
1659 A -10 1 -159 -4 -196 -4
1659 A -10 1 -167 -4 -182 -4
1659 A -10 1 -188 -4 197 4
1659 A 9 1 -26 0 109 -3
1659 A 9 1 24 -1 126 -3
1659 A 9 1 25 -1 -86 2
1659 A 9 1 35 -1 196 -5
1659 A 9 1 40 -1 -107 3
1659 A 9 1 42 -1 81 -2
1659 A 9 1 43 -1 -59 1
1659 A 9 1 57 -1 -149 3
1659 A 9 1 58 -1 -80 2
1659 A 9 1 67 -1 -170 4
1659 A 9 1 70 -2 -114 2
1659 A 9 1 79 -2 150 -3
1659 A 9 1 85 -2 -125 3
1659 A 9 1 89 -2 -100 2
1659 A 9 1 114 -3 127 -3
1659 A 9 1 155 -3 161 -4
1659 A 9 1 162 -4 -191 4
1659 A 9 1 163 -4 200 -4
1659 A 9 1 171 -4 186 -4
1659 A 9 1 192 -4 -201 4
1659 A -11 1 -23 0 104 3
1659 A -11 1 -15 -1 79 2
1659 A -11 1 -23 -1 106 3
1659 A -11 1 -35 -1 -150 -4
1659 A -11 1 -50 -1 186 5
1659 A -11 1 -60 -1 -189 -5
1659 A -11 1 -57 -2 -162 -4
1659 A -11 1 -70 -2 -75 -2
1659 A -11 1 -81 -2 -125 -3
1659 A -11 1 -87 -2 -181 -5
1659 A -11 1 -102 -2 155 4
1659 A -11 1 -130 -3 -193 -5
1659 A -11 1 -140 -4 170 4
1659 A 10 1 -23 0 107 -3
1659 A 10 1 16 -1 -81 2
1659 A 10 1 24 -1 -109 3
1659 A 10 1 36 -1 154 -4
1659 A 10 1 51 -1 -191 5
1659 A 10 1 61 -1 194 -5
1659 A 10 1 59 -2 166 -4
1659 A 10 1 72 -2 77 -2
1659 A 10 1 83 -2 128 -3
1659 A 10 1 89 -2 186 -5
1659 A 10 1 104 -2 -159 4
1659 A 10 1 133 -3 198 -5
1659 A 10 1 144 -4 -174 4
1659 A 23 0 12 -1 16 -9
1659 A 23 0 1 -2 8 7
1659 A 23 0 -1 -2 7 3
1659 A 23 0 3 -2 -10 3
1659 A 23 0 -2 -2 8 -4
1659 A 23 0 4 -2 -4 -4
1659 A 23 0 -5 -2 -1 -3
1659 A 23 0 7 -2 4 -3
1659 A 23 0 1 -3 -3 -7
1659 A 23 0 2 -3 10 -7
1659 A 23 0 -8 -3 -7 4
1659 A 23 0 11 -3 3 4
1659 A 23 0 -9 -3 6 10
1659 A 23 0 12 -3 -16 10
1659 A 23 0 2 -4 4 -8
1659 A 23 0 -2 -4 15 -10
1659 A 23 0 6 -4 -5 -10
1659 A 23 0 2 -5 5 7
1659 A 23 0 3 -5 -12 7
1659 A 23 0 1 -5 -2 -9
1659 A 23 0 4 -5 11 -9
1659 A 23 0 0 -5 -9 9
1659 A 23 0 5 -5 0 9
1659 A 23 0 -4 -5 -4 -8
1659 A 23 0 9 -5 12 -8
1659 A 23 0 -6 -5 -11 5
1659 A 23 0 14 -5 17 -11
1659 A 23 0 3 -6 -5 10
1659 A 23 0 2 -6 -13 8
1659 A 23 0 4 -6 5 8
1659 A 23 0 1 -7 -2 10
1659 A 23 0 6 -7 -8 10
1659 A 23 0 -1 -7 7 -9
1659 A 23 0 8 -7 2 -9
1659 A 23 0 -4 -7 11 -7
1659 A 23 0 -6 -7 3 9
1659 A 23 0 13 -7 -12 9
1659 A 23 0 -6 -8 6 -10
1659 A 23 0 14 -8 4 -10
1659 A 23 0 -1 -9 -10 9
1659 A -12 1 -12 -1 90 2
1659 A -12 1 -16 -1 194 5
1659 A -12 1 -32 -1 -63 -2
1659 A -12 1 -36 -1 45 1
1659 A -12 1 -51 -1 -143 -4
1659 A -12 1 -53 -1 77 2
1659 A -12 1 -50 -2 -122 -4
1659 A -12 1 -81 -2 -164 -5
1659 A -12 1 -95 -3 -178 -5
1659 A -12 1 -107 -3 -117 -3
1659 A -12 1 -111 -3 -124 -3
1659 A -12 1 -115 -3 144 4
1659 A -12 1 -126 -3 200 5
1659 A -12 1 -119 -4 -166 -5
1659 A -12 1 -124 -4 146 4
1659 A -12 1 -149 -4 -201 -5
1659 A -12 1 -154 -4 -181 -5
1659 A -12 1 -171 -5 -191 -5
1659 A 11 1 13 -1 -92 2
1659 A 11 1 17 -1 -199 5
1659 A 11 1 33 -1 65 -2
1659 A 11 1 37 -1 -46 1
1659 A 11 1 52 -1 147 -4
1659 A 11 1 54 -1 -79 2
1659 A 11 1 52 -2 126 -4
1659 A 11 1 83 -2 169 -5
1659 A 11 1 98 -3 183 -5
1659 A 11 1 110 -3 120 -3
1659 A 11 1 114 -3 127 -3
1659 A 11 1 118 -3 -148 4
1659 A 11 1 129 -3 -205 5
1659 A 11 1 123 -4 171 -5
1659 A 11 1 128 -4 -150 4
1659 A 11 1 153 -4 206 -5
1659 A 11 1 158 -4 186 -5
1659 A 11 1 176 -5 196 -5
1659 A -13 1 -12 -1 -98 -3
1659 A -13 1 -15 -1 76 2
1659 A -13 1 -29 -1 55 1
1659 A -13 1 -33 -1 -146 -5
1659 A -13 1 -37 -1 152 5
1659 A -13 1 -48 -1 -169 -5
1659 A -13 1 -53 -1 147 4
1659 A -13 1 -49 -2 -171 -5
1659 A -13 1 -59 -2 184 6
1659 A -13 1 -65 -2 186 5
1659 A -13 1 -74 -2 -125 -4
1659 A -13 1 -80 -2 115 4
1659 A -13 1 -115 -3 -176 -5
1659 A -13 1 -108 -4 -130 -4
1659 A -13 1 -117 -4 158 5
1659 A -13 1 -122 -4 168 5
1659 A -13 1 -129 -4 187 6
1659 A 12 1 13 -1 101 -3
1659 A 12 1 16 -1 -78 2
1659 A 12 1 30 -1 -56 1
1659 A 12 1 34 -1 151 -5
1659 A 12 1 38 -1 -157 5
1659 A 12 1 49 -1 174 -5
1659 A 12 1 54 -1 -151 4
1659 A 12 1 51 -2 176 -5
1659 A 12 1 61 -2 -190 6
1659 A 12 1 67 -2 -191 5
1659 A 12 1 76 -2 129 -4
1659 A 12 1 82 -2 -119 4
1659 A 12 1 118 -3 181 -5
1659 A 12 1 112 -4 134 -4
1659 A 12 1 121 -4 -163 5
1659 A 12 1 126 -4 -173 5
1659 A 12 1 133 -4 -193 6
1659 A 24 0 2 -5 3 -5
1659 A 24 0 -2 -7 9 -7
1659 A 24 0 -5 -7 -12 11
1659 A 24 0 12 -7 1 11
1659 A 24 0 5 -11 6 -11
1659 A 24 0 -3 -11 14 -11
1659 A -14 1 -14 -1 50 1
1659 A -14 1 -15 -1 -163 -6
1659 A -14 1 -18 -1 42 1
1659 A -14 1 -20 -1 -102 -4
1659 A -14 1 -27 -1 163 5
1659 A -14 1 -30 -1 67 2
1659 A -14 1 -48 -1 176 6
1659 A -14 1 -40 -2 -51 -2
1659 A -14 1 -43 -2 129 4
1659 A -14 1 -54 -2 -126 -4
1659 A -14 1 -61 -2 105 4
1659 A -14 1 -71 -3 -196 -6
1659 A -14 1 -82 -3 88 3
1659 A -14 1 -83 -3 -193 -6
1659 A -14 1 -89 -3 194 6
1659 A -14 1 -101 -3 111 4
1659 A -14 1 -138 -5 -151 -5
1659 A -14 1 -157 -5 179 6
1659 A -14 1 -184 -6 190 6
1659 A 13 1 15 -1 -51 1
1659 A 13 1 16 -1 169 -6
1659 A 13 1 19 -1 -43 1
1659 A 13 1 21 -1 106 -4
1659 A 13 1 28 -1 -168 5
1659 A 13 1 31 -1 -69 2
1659 A 13 1 49 -1 -182 6
1659 A 13 1 42 -2 53 -2
1659 A 13 1 45 -2 -133 4
1659 A 13 1 56 -2 130 -4
1659 A 13 1 63 -2 -109 4
1659 A 13 1 74 -3 202 -6
1659 A 13 1 85 -3 -91 3
1659 A 13 1 86 -3 199 -6
1659 A 13 1 92 -3 -200 6
1659 A 13 1 104 -3 -115 4
1659 A 13 1 143 -5 156 -5
1659 A 13 1 162 -5 -185 6
1659 A 13 1 190 -6 -196 6
1659 A 25 0 1 -2 14 -3
1659 A 25 0 -8 -3 7 -11
1659 A 25 0 11 -3 4 -11
1659 A 25 0 -3 -4 -13 11
1659 A 25 0 7 -4 2 11
1659 A -15 1 -14 -1 119 5
1659 A -15 1 -17 -1 188 7
1659 A -15 1 -26 -1 46 1
1659 A -15 1 -28 -1 -143 -5
1659 A -15 1 -31 -1 156 5
1659 A -15 1 -49 -1 -106 -4
1659 A -15 1 -52 -2 -177 -7
1659 A -15 1 -53 -2 -83 -3
1659 A -15 1 -54 -2 -126 -4
1659 A -15 1 -56 -2 -64 -3
1659 A -15 1 -63 -2 -108 -4
1659 A -15 1 -71 -3 -174 -6
1659 A -15 1 -84 -3 -176 -7
1659 A -15 1 -101 -3 -154 -6
1659 A -15 1 -129 -4 -186 -7
1659 A -15 1 -152 -6 -192 -7
1659 A 14 1 15 -1 -124 5
1659 A 14 1 18 -1 -195 7
1659 A 14 1 27 -1 -47 1
1659 A 14 1 29 -1 148 -5
1659 A 14 1 32 -1 -161 5
1659 A 14 1 50 -1 110 -4
1659 A 14 1 54 -2 184 -7
1659 A 14 1 55 -2 86 -3
1659 A 14 1 56 -2 130 -4
1659 A 14 1 58 -2 67 -3
1659 A 14 1 65 -2 112 -4
1659 A 14 1 74 -3 180 -6
1659 A 14 1 87 -3 183 -7
1659 A 14 1 104 -3 160 -6
1659 A 14 1 133 -4 193 -7
1659 A 14 1 158 -6 199 -7
1659 A -16 1 -16 -1 -195 -7
1659 A -16 1 -26 -1 46 2
1659 A -16 1 -27 -1 -118 -5
1659 A -16 1 -36 -1 47 1
1659 A -16 1 -32 -2 110 4
1659 A -16 1 -44 -2 117 4
1659 A -16 1 -54 -2 -67 -2
1659 A -16 1 -55 -2 80 3
1659 A -16 1 -66 -2 79 3
1659 A -16 1 -112 -4 -182 -7
1659 A -16 1 -147 -5 -165 -7
1659 A 15 1 17 -1 202 -7
1659 A 15 1 27 -1 -48 2
1659 A 15 1 28 -1 123 -5
1659 A 15 1 37 -1 -48 1
1659 A 15 1 34 -2 -114 4
1659 A 15 1 46 -2 -121 4
1659 A 15 1 56 -2 69 -2
1659 A 15 1 57 -2 -83 3
1659 A 15 1 68 -2 -82 3
1659 A 15 1 116 -4 189 -7
1659 A 15 1 152 -5 172 -7
1659 A 26 0 -2 -3 5 -3
1659 A 26 0 -3 -3 -8 -9
1659 A 26 0 6 -3 17 -9
1659 A 26 0 -4 -3 -1 -7
1659 A 26 0 7 -3 8 -7
1659 A 26 0 -11 -3 -6 5
1659 A 26 0 14 -3 1 5
1659 A 26 0 0 -5 5 -5
1659 A 26 0 -2 -7 -7 -9
1659 A 26 0 9 -7 16 -9
1659 A -17 1 -20 -1 79 3
1659 A -17 1 -39 -1 -116 -4
1659 A -17 1 -70 -2 133 5
1659 A 16 1 21 -1 -82 3
1659 A 16 1 40 -1 120 -4
1659 A 16 1 72 -2 -138 5
1659 A -18 1 -61 -3 -91 -4
1659 A 17 1 64 -3 95 -4
1659 A 27 0 -11 -4 15 -4
1659 A 27 0 -1 -8 9 -8
1659 A -19 1 -33 -1 -74 -3
1659 A -19 1 -40 -2 89 4
1659 A -19 1 -47 -3 161 8
1659 A -19 1 -114 -5 -164 -7
1659 A 18 1 34 -1 77 -3
1659 A 18 1 42 -2 -93 4
1659 A 18 1 50 -3 -169 8
1659 A 18 1 119 -5 171 -7
1659 A 28 0 -3 -3 6 -3
1659 A 28 0 -4 -3 -7 -13
1659 A 28 0 7 -3 20 -13
1659 A 28 0 -8 -9 -1 -11
1659 A 28 0 17 -9 12 -11
1659 A 28 0 1 -11 10 -11
1659 A 28 0 -5 -13 18 -13
1659 A -20 1 -83 -4 -138 -7
1659 A 19 1 87 -4 145 -7
1659 A -21 1 -20 -1 -119 -5
1659 A -21 1 -25 -2 -78 -4
1659 A -21 1 -39 -2 -71 -3
1659 A -21 1 -40 -2 -49 -3
1659 A -21 1 -79 -4 145 7
1659 A -21 1 -117 -6 -155 -8
1659 A -21 1 -179 -9 -178 -10
1659 A 20 1 21 -1 124 -5
1659 A 20 1 27 -2 82 -4
1659 A 20 1 41 -2 74 -3
1659 A 20 1 42 -2 52 -3
1659 A 20 1 83 -4 -152 7
1659 A 20 1 123 -6 163 -8
1659 A 20 1 188 -9 188 -10
1659 A 29 0 -1 -3 -2 -13
1659 A 29 0 4 -3 15 -13
1659 A 29 0 -5 -5 9 10
1659 A 29 0 10 -5 -19 10
1659 A 29 0 -6 -5 11 -5
1659 A 29 0 -7 -10 -3 12
1659 A 29 0 17 -10 -9 12
1659 A -22 1 -38 -2 114 6
1659 A -22 1 -149 -7 -191 -10
1659 A 21 1 40 -2 -120 6
1659 A 21 1 156 -7 201 -10
1659 A 30 0 -1 -2 21 -14
1659 A 30 0 3 -2 -7 -14
1659 A 30 0 -9 -2 -1 -8
1659 A 30 0 11 -2 9 -8
1659 A 30 0 1 -4 9 8
1659 A 30 0 3 -4 -17 8
1659 A -23 1 -29 -1 55 3
1659 A 22 1 30 -1 -58 3
1659 A 31 0 -12 -3 -19 10
1659 A 31 0 15 -3 9 10
1659 A 31 0 -6 -5 -7 6
1659 A 31 0 11 -5 1 6
1659 A 31 0 -7 -12 19 -12
1659 A -24 1 -154 -9 -186 -10
1659 A 23 1 163 -9 196 -10
1659 A -25 1 -19 -2 -181 -11
1659 A 24 1 21 -2 192 -11
1659 A 32 0 3 -7 12 -13
1659 A 32 0 4 -7 1 -13
1659 A 32 0 -9 -11 -4 15
1659 A 32 0 20 -11 -11 15
1659 A 32 0 2 -13 11 -13
1659 A 32 0 -2 -15 17 -15
1659 A 33 0 -5 -7 12 -7
1659 A 34 0 -10 -11 7 -15
1659 A 34 0 21 -11 8 -15
1659 A 34 0 -11 -11 22 -11
1659 A -28 1 -42 -4 -151 -9
1659 A 27 1 46 -4 160 -9
1659 A -30 1 -24 -2 -176 -13
1659 A -30 1 -49 -3 -116 -10
1659 A 29 1 26 -2 189 -13
1659 A 29 1 52 -3 126 -10
1659 A -31 1 -76 -5 113 8
1659 A 30 1 81 -5 -121 8
1659 A 37 0 -8 -2 10 -2
1659 A 37 0 -11 -12 -23 12
1659 A 38 0 -13 -5 8 -17
1659 A 38 0 18 -5 9 -17
1659 A -33 1 -2 -2 -114 -9
1659 A 32 1 4 -2 123 -9
1659 A -34 1 -37 -2 178 15
1659 A 33 1 39 -2 -193 15
1659 A -1 2 -80 0 -394 0
1659 A -1 2 -157 0 -317 0
1659 A 41 0 -7 -2 9 -2
1659 A 41 0 -8 -2 -4 9
1659 A 41 0 10 -2 -5 9
1659 A 41 0 5 -11 6 -11
1659 A -7 2 -112 0 -220 -2
1659 A 5 2 -112 0 -222 2
1659 A -10 2 -223 -2 387 4
1659 A 8 2 225 -2 -391 4
1659 A -37 1 -75 -5 87 8
1659 A 36 1 80 -5 -95 8
1659 A -22 2 -49 -2 215 6
1659 A 20 2 51 -2 -221 6
1659 A 49 0 5 -19 14 -19
1659 A 54 0 -15 -23 38 -23
1659 A 56 0 -6 -25 31 -25
1659 A 59 0 6 -13 7 -13
1659 A -12 3 64 -1 -117 -1
1659 A 9 3 -63 -1 118 -1
1659 A 64 0 -17 -17 34 -17
1659 A 68 0 -22 -23 45 -23
1659 A 82 0 5 -11 6 -11
1659 A 91 0 -15 -38 53 -38
1659 A 97 0 -32 -8 40 -8
1659 A 112 0 -25 -25 50 -25
1659 A 118 0 -52 -13 65 -13
1659 A 127 0 -21 -21 42 -21
1659 A 136 0 -45 -45 90 -45
1659 S 0 1 5 0
1659 S 0 2 5 0
1659 S -1 1 5 0
1659 S -2 2 5 0
1659 S 3 1 7 0
1659 S -1 2 7 0
1659 S 2 3 7 0
1659 S -5 1 15 0
1659 S 5 2 15 0
1659 S -5 4 15 0
1659 S -5 7 15 0
1659 S 4 1 15 0
1659 S -7 2 15 0
1659 S 1 4 15 0
1659 S -2 7 15 0
1659 S 10 1 21 0
1659 S -1 2 21 0
1659 S -2 4 21 0
1659 S 8 5 21 0
1659 S -4 8 21 0
1659 S -5 10 21 0
1659 T 1104 1102 1104 -1 0
1659 T 360 358 360 0 0
1659 T 866 858 862 0 0
1659 T 864 411 2617 0 0
1659 T 2619 2668 868 0 0
1659 T 2668 409 858 0 0
1659 T 552 993 3013 0 0
1659 T 542 546 550 0 0
1659 T 3015 3080 544 0 0
1659 T 546 3078 993 0 0
1659 T 78 74 75 0 0
1659 T 73 3501 3585 0 0
1659 T 3587 3660 80 0 0
1659 T 3660 3503 74 0 0
1659 T 156 1295 2081 0 0
1659 T 2083 1301 2161 -1 0
1659 T 2163 1310 154 0 0
1659 T 1310 1303 1295 0 0
1659 T 151 1307 2257 0 0
1659 T 2004 1298 149 0 0
1659 T 2259 1304 2002 0 0
1659 T 1298 1302 1307 0 0
1659 T 3396 87 3626 0 0
1659 T 3628 63 3553 0 0
1659 T 3555 81 3394 0 0
1659 T 81 63 87 -1 0
1659 T 464 490 454 0 0
1659 T 456 1096 3045 0 0
1659 T 3047 3266 462 0 0
1659 T 3266 1094 490 0 0
1659 T 459 3188 3109 0 0
1659 T 451 495 457 0 0
1659 T 3111 1097 449 0 0
1659 T 495 1099 3188 0 0
1659 T 1140 1233 1130 0 0
1659 T 1132 2499 2045 0 0
1659 T 2047 179 1138 0 0
1659 T 179 2497 1233 0 0
1659 T 1135 182 1966 0 0
1659 T 1127 1240 1133 0 0
1659 T 1968 2585 1125 0 0
1659 T 1240 2587 182 0 0
1659 T 444 3263 1302 0 0
1659 T 448 466 442 0 0
1659 T 1304 3182 446 0 0
1659 T 466 3184 3263 0 0
1659 T 960 1007 950 0 0
1659 T 948 1009 954 0 0
1659 T 638 3049 3114 0 0
1659 T 636 632 640 0 0
1659 T 3116 994 634 0 0
1659 T 632 996 3049 0 0
1659 T 1180 311 3209 -1 0
1659 T 3211 65 3129 -1 0
1659 T 3131 313 1178 0 0
1659 T 313 65 311 0 0
1659 T 612 2626 686 0 0
1659 T 696 3095 610 0 0
1659 T 688 764 694 0 0
1659 T 3095 762 2626 0 0
1659 T 607 3029 689 0 0
1659 T 691 764 681 0 0
1659 T 683 2676 605 0 0
1659 T 2676 762 3029 0 0
1659 T 568 590 562 0 0
1659 T 564 947 3181 0 0
1659 T 3264 949 566 0 0
1659 T 92 90 92 0 0
1659 T 5 3 5 0 0
1659 T 456 3119 942 0 0
1659 T 452 513 454 0 0
1659 T 944 3054 450 -1 0
1659 T 513 3056 3119 0 0
1659 T 1156 1409 1146 0 0
1659 T 1148 1903 2517 0 0
1659 T 2519 142 1154 0 0
1659 T 142 1901 1409 0 0
1659 T 1151 147 2430 0 0
1659 T 1143 1416 1149 0 0
1659 T 2432 1942 1141 0 0
1659 T 1416 1944 147 0 0
1659 T 738 740 738 0 0
1659 T 1112 1110 1112 -1 0
1659 T 1360 127 1917 0 0
1659 T 1352 1405 1358 0 0
1659 T 1919 2297 1350 0 0
1659 T 1405 2299 127 0 0
1659 T 1355 1404 1345 0 0
1659 T 1347 2203 1957 0 0
1659 T 1959 122 1353 0 0
1659 T 122 2201 1404 0 0
1659 T 404 439 394 0 0
1659 T 396 1289 3013 0 0
1659 T 3015 3387 402 0 0
1659 T 3387 1291 439 0 0
1659 T 399 3333 3077 0 0
1659 T 391 434 397 0 0
1659 T 3079 1288 389 0 0
1659 T 434 1286 3333 0 0
1659 T 1148 2640 2049 0 0
1659 T 1140 1225 1146 0 0
1659 T 2051 215 1138 0 0
1659 T 1225 213 2640 0 0
1659 T 1143 1232 1133 0 0
1659 T 1135 218 1970 0 0
1659 T 1972 2686 1141 0 0
1659 T 2686 220 1232 0 0
1659 T 824 3016 2525 0 0
1659 T 816 994 822 0 0
1659 T 2527 549 814 0 0
1659 T 819 995 809 0 0
1659 T 811 548 2438 0 0
1659 T 2440 3078 817 0 0
1659 T 1158 2433 2521 0 0
1659 T 1156 1152 1160 0 0
1659 T 2523 319 1154 -1 0
1659 T 1152 317 2433 0 0
1659 T 171 2646 1225 0 0
1659 T 1227 1292 1217 0 0
1659 T 1219 1949 169 0 0
1659 T 1949 1290 2646 0 0
1659 T 175 1911 1221 0 0
1659 T 1223 1286 1229 0 0
1659 T 1231 2695 173 0 0
1659 T 2695 1288 1911 0 0
1659 T 264 871 2542 0 0
1659 T 2544 865 2453 0 0
1659 T 2455 873 262 0 0
1659 T 873 867 871 0 0
1659 T 680 759 670 0 0
1659 T 672 2720 2525 0 0
1659 T 2527 401 678 0 0
1659 T 401 2718 759 0 0
1659 T 675 400 2438 0 0
1659 T 667 759 673 0 0
1659 T 2440 2806 665 0 0
1659 T 759 2808 400 0 0
1659 T 3504 128 3662 0 0
1659 T 3664 120 3589 0 0
1659 T 3591 122 3502 0 0
1659 T 122 118 128 0 0
1659 T 816 3051 2653 0 0
1659 T 2655 630 822 0 0
1659 T 819 635 2606 0 0
1659 T 2608 3113 809 0 0
1659 T 233 237 230 0 0
1659 T 232 1417 3301 0 0
1659 T 3303 3087 235 0 0
1659 T 3087 1419 237 0 0
1659 T 235 3021 3353 0 0
1659 T 227 244 233 0 0
1659 T 3355 1417 225 0 0
1659 T 244 1419 3021 0 0
1659 T 1320 1432 1310 0 0
1659 T 1312 326 2181 0 0
1659 T 2183 2691 1318 0 0
1659 T 2691 328 1432 0 0
1659 T 1315 2641 2277 0 0
1659 T 1307 1433 1313 0 0
1659 T 2279 331 1305 0 0
1659 T 1433 329 2641 0 0
1659 T 920 944 910 0 0
1659 T 912 454 2169 0 0
1659 T 2171 3119 918 0 0
1659 T 915 3053 2265 0 0
1659 T 907 941 913 0 0
1659 T 2267 451 905 0 0
1659 T 692 768 694 0 0
1659 T 696 3099 834 0 0
1659 T 836 3034 690 0 0
1659 T 3034 3097 768 -1 0
1659 T 260 910 2233 0 0
1659 T 2235 895 2613 0 0
1659 T 2615 901 258 0 0
1659 T 901 893 910 0 0
1659 T 255 901 2661 0 0
1659 T 2140 907 253 0 0
1659 T 2663 898 2138 0 0
1659 T 907 900 901 0 0
1659 T 233 2349 3141 0 0
1659 T 3143 3688 242 0 0
1659 T 3688 2351 227 0 0
1659 T 239 3614 3221 0 0
1659 T 3223 2356 233 0 0
1659 T 230 2354 3614 0 0
1659 T 104 1320 1669 0 0
1659 T 1504 2691 102 0 0
1659 T 1671 2181 1502 0 0
1659 T 99 2641 1497 0 0
1659 T 1499 2279 1590 0 0
1659 T 1592 1313 97 0 0
1659 T 688 3283 830 0 0
1659 T 832 2778 694 0 0
1659 T 2778 3281 762 0 0
1659 T 691 2868 825 0 0
1659 T 827 3201 681 0 0
1659 T 762 3203 2868 0 0
1659 T 308 291 299 0 0
1659 T 297 3598 3114 0 0
1659 T 3116 1526 306 0 0
1659 T 1526 3600 291 0 0
1659 T 303 1531 3050 0 0
1659 T 299 294 301 0 0
1659 T 3052 3672 297 0 0
1659 T 294 3670 1531 0 0
1659 T 1224 1293 1214 0 0
1659 T 1212 1299 1218 0 0
1659 T 1436 1448 1442 0 0
1659 T 1440 1447 1430 0 0
1659 T 832 939 834 0 0
1659 T 3097 937 2780 0 0
1659 T 835 934 825 0 0
1659 T 2866 936 3035 0 0
1659 T 824 3388 678 0 0
1659 T 675 3334 817 0 0
1659 T 156 162 150 0 0
1659 T 892 568 2161 0 0
1659 T 884 949 890 0 0
1659 T 2163 3262 882 0 0
1659 T 887 948 877 0 0
1659 T 879 3184 2257 0 0
1659 T 2259 561 885 0 0
1659 T 352 839 3017 -1 0
1659 T 342 346 350 0 0
1659 T 3019 3084 344 0 0
1659 T 346 3082 839 0 0
1659 T 408 503 402 0 0
1659 T 2719 3122 406 0 0
1659 T 3122 758 503 0 0
1659 T 407 3060 2805 0 0
1659 T 399 498 405 0 0
1659 T 498 758 3060 0 0
1659 T 316 3269 1098 0 0
1659 T 308 331 314 0 0
1659 T 1100 3062 306 0 0
1659 T 331 3064 3269 0 0
1659 T 311 326 301 0 0
1659 T 303 3128 1093 0 0
1659 T 1095 3191 309 0 0
1659 T 3191 3126 326 0 0
1659 T 560 577 550 0 0
1659 T 552 3091 610 0 0
1659 T 612 2622 558 0 0
1659 T 2622 3089 577 0 0
1659 T 555 2672 605 0 0
1659 T 547 584 553 0 0
1659 T 607 3025 545 0 0
1659 T 584 3027 2672 0 0
1659 T 2083 441 882 0 0
1659 T 879 448 2002 0 0
1659 T 680 3057 2225 0 0
1659 T 2227 499 670 0 0
1659 T 667 502 2130 0 0
1659 T 2132 3123 673 0 0
1659 T 421 425 418 0 0
1659 T 420 3623 2834 0 0
1659 T 2836 1267 423 0 0
1659 T 1267 3621 425 0 0
1659 T 423 1270 2746 0 0
1659 T 415 432 421 0 0
1659 T 2748 3693 413 0 0
1659 T 432 3695 1270 0 0
1659 T 688 2646 822 0 0
1659 T 824 1019 830 0 0
1659 T 3281 1017 2646 0 0
1659 T 827 1022 817 0 0
1659 T 819 2696 681 0 0
1659 T 2696 1024 3203 0 0
1659 T 352 1004 2073 0 0
1659 T 2075 843 3017 0 0
1659 T 837 841 1004 0 0
1659 T 1996 997 345 0 0
1659 T 3083 846 1994 0 0
1659 T 997 848 840 0 0
1659 T 1496 391 3073 0 0
1659 T 3075 381 3557 0 0
1659 T 3559 428 1494 0 0
1659 T 428 383 391 0 0
1659 T 1491 429 3629 0 0
1659 T 3012 394 1489 0 0
1659 T 3631 388 3010 0 0
1659 T 394 386 429 0 0
1659 T 2619 1501 174 0 0
1659 T 1501 1497 1546 0 0
1659 T 172 1499 2666 0 0
1659 T 284 2766 926 0 0
1659 T 928 924 932 1 0
1659 T 1083 2853 2766 0 0
1659 T 924 2855 278 0 0
1659 T 1060 3061 1929 0 0
1659 T 1052 1097 1058 0 0
1659 T 1931 307 1050 0 0
1659 T 1055 1096 1045 0 0
1659 T 1047 302 1890 0 0
1659 T 1892 3127 1053 0 0
1659 T 688 756 678 0 0
1659 T 2648 3388 756 0 0
1659 T 675 749 681 0 0
1659 T 749 3334 2694 0 0
1659 T 412 2630 1254 0 0
1659 T 1256 1397 1250 0 0
1659 T 1252 2679 410 0 0
1659 T 2679 1399 2630 0 0
1659 T 196 194 196 -1 0
1659 T 2 1 2 -1 0
1659 T 244 1414 1937 0 0
1659 T 1939 1423 3021 0 0
1659 T 1417 1421 1414 0 0
1659 T 1900 1411 237 0 0
1659 T 3087 1426 1898 0 0
1659 T 1411 1428 1417 0 0
1659 T 2475 1259 423 0 0
1659 T 2836 1315 2473 0 0
1659 T 1259 1313 1265 0 0
1659 T 423 1262 2561 0 0
1659 T 2563 1318 2746 0 0
1659 T 1272 1320 1262 0 0
1659 T 864 478 3358 0 0
1659 T 3360 419 2617 0 0
1659 T 409 417 478 0 0
1659 T 2667 414 3306 0 0
1659 T 3308 483 857 0 0
1659 T 483 416 412 0 0
1659 T 560 1345 2717 0 0
1659 T 2719 3682 550 0 0
1659 T 579 3684 1345 0 0
1659 T 547 3612 2805 0 0
1659 T 2807 1352 553 0 0
1659 T 1352 3610 582 0 0
1659 T 1176 1367 1166 0 0
1659 T 1168 1992 3073 0 0
1659 T 3075 345 1174 0 0
1659 T 345 1990 1367 0 0
1659 T 1171 352 3010 0 0
1659 T 1163 1362 1169 0 0
1659 T 3012 2069 1161 0 0
1659 T 1362 2071 352 0 0
1659 T 104 2748 1507 0 0
1659 T 1505 2561 1669 0 0
1659 T 1507 2834 97 0 0
1659 T 1592 2475 1505 0 0
1659 T 1052 3186 2049 0 0
1659 T 2051 493 1058 0 0
1659 T 1055 492 1970 0 0
1659 T 1972 3268 1045 0 0
1659 T 672 3681 814 0 0
1659 T 811 3611 665 0 0
1659 T 3303 159 3782 0 0
1659 T 3784 2359 235 0 0
1659 T 2359 157 3085 0 0
1659 T 235 2362 3714 0 0
1659 T 3716 159 3353 0 0
1659 T 3023 157 2362 0 0
1659 T 816 3671 1074 0 0
1659 T 1076 300 2653 0 0
1659 T 1071 3597 809 0 0
1659 T 2608 300 1069 0 0
1659 T 184 189 174 0 0
1659 T 176 3203 3786 0 0
1659 T 3788 2971 182 0 0
1659 T 2971 3201 189 0 0
1659 T 179 2966 3718 0 0
1659 T 171 188 177 0 0
1659 T 3720 3281 169 0 0
1659 T 188 3283 2966 0 0
1659 T 208 1781 1206 0 0
1659 T 1208 1324 1198 0 0
1659 T 1200 3102 206 0 0
1659 T 3102 1322 1781 0 0
1659 T 203 3040 1193 0 0
1659 T 1203 1872 201 0 0
1659 T 1195 1325 1201 0 0
1659 T 1872 1327 3040 0 0
1659 T 408 631 2657 0 0
1659 T 2659 637 2609 0 0
1659 T 2611 633 406 0 0
1659 T 3408 153 3782 0 0
1659 T 3303 147 3406 0 0
1659 T 147 159 153 0 0
1659 T 3403 142 3353 0 0
1659 T 3716 152 3401 0 0
1659 T 152 159 142 0 0
1659 T 440 754 1949 0 0
1659 T 1912 751 433 0 0
1659 T 1291 1287 1283 0 0
1659 T 488 519 494 0 0
1659 T 492 520 486 0 0
1659 T 1939 1699 2362 0 0
1659 T 1699 1423 159 0 0
1659 T 2359 1618 1898 0 0
1659 T 159 1426 1618 0 0
1659 T 1216 158 2733 0 0
1659 T 1208 1424 1214 0 0
1659 T 2735 1698 1206 0 0
1659 T 1211 1425 1201 0 0
1659 T 1203 1619 2821 0 0
1659 T 2823 158 1209 0 0
1659 T 104 3693 3729 0 0
1659 T 3731 415 1507 0 0
1659 T 1507 418 3797 0 0
1659 T 3799 3623 97 0 0
1659 T 232 321 226 0 0
1659 T 228 1211 3565 0 0
1659 T 3640 1213 230 0 0
1659 T 3567 209 3638 0 0
1659 T 3352 1373 674 0 0
1659 T 1373 629 3122 0 0
1659 T 1377 3299 680 0 0
1659 T 3059 635 1379 0 0
1659 T 176 2168 1825 0 0
1659 T 1827 1842 1821 0 0
1659 T 1823 2309 174 0 0
1659 T 2309 1844 2168 0 0
1659 T 170 1737 2263 0 0
1659 T 2261 1754 2216 0 0
1659 T 2214 1735 172 0 0
1659 T 1735 1756 1737 0 0
1659 T 208 919 1817 0 0
1659 T 2364 3120 206 0 0
1659 T 1819 2170 2362 0 0
1659 T 203 3054 2357 0 0
1659 T 2359 2268 1730 0 0
1659 T 1732 914 201 0 0
1659 T 2719 1375 2657 0 0
1659 T 2612 1378 2805 0 0
1659 T 220 970 2077 0 0
1659 T 2079 1999 2368 0 0
1659 T 976 971 970 0 0
1659 T 1999 969 214 0 0
1659 T 210 202 206 0 0
1659 T 184 3042 3642 0 0
1659 T 3644 1530 174 0 0
1659 T 191 1532 3042 0 0
1659 T 171 1527 3570 0 0
1659 T 3572 3108 177 0 0
1659 T 3108 1525 186 0 0
1659 T 560 1337 2657 0 0
1659 T 1347 1375 1337 0 0
1659 T 2612 1344 553 0 0
1659 T 1344 1378 1350 0 0
1659 T 3400 207 3638 0 0
1659 T 3567 201 3398 0 0
1659 T 1192 1258 1198 0 0
1659 T 1196 1264 1186 0 0
1659 T 166 168 166 0 0
1659 T 1356 68 1358 0 0
1659 T 1488 1535 1478 0 0
1659 T 1480 1996 2789 0 0
1659 T 2791 245 1486 0 0
1659 T 245 1994 1535 0 0
1659 T 1483 252 2702 0 0
1659 T 1475 1538 1481 0 0
1659 T 2704 2073 1473 0 0
1659 T 1538 2075 252 0 0
1659 T 208 2205 1653 0 0
1659 T 1655 1684 1649 0 0
1659 T 1651 2573 206 0 0
1659 T 2573 1682 2205 0 0
1659 T 203 2487 1570 0 0
1659 T 1572 1601 1574 0 0
1659 T 1576 2303 201 0 0
1659 T 2303 1603 2487 0 0
1659 T 114 106 110 0 0
1659 T 112 3818 2938 0 0
1659 T 2936 3751 106 0 0
1659 T 3751 5 3818 0 0
1659 T 1180 1438 1174 -1 0
1659 T 1176 1772 3209 0 0
1659 T 309 1770 1438 0 0
1659 T 1171 1443 1177 0 0
1659 T 3132 1857 1169 0 0
1659 T 1443 1859 316 0 0
1659 T 496 2038 746 0 0
1659 T 748 744 740 -1 0
1659 T 2407 2117 2038 0 0
1659 T 2117 492 744 0 0
1659 T 2261 89 2168 0 0
1659 T 2309 6 2216 0 0
1659 T 2247 2273 2241 0 0
1659 T 2243 84 2461 0 0
1659 T 2463 15 2245 0 0
1659 T 2148 2179 2150 0 0
1659 T 2152 17 2549 0 0
1659 T 2551 85 2146 0 0
1659 T 1168 625 3557 0 0
1659 T 1990 381 625 0 0
1659 T 3631 624 1161 0 0
1659 T 624 388 2071 0 0
1659 T 264 697 2537 0 0
1659 T 2539 767 2449 0 0
1659 T 2451 703 262 0 0
1659 T 703 765 697 0 0
1659 T 1822 167 1736 0 0
1659 T 1753 94 1843 0 0
1659 T 88 1768 1334 0 0
1659 T 1336 1385 1326 0 0
1659 T 1328 2123 86 0 0
1659 T 2123 1387 1768 0 0
1659 T 83 2041 1321 0 0
1659 T 1331 1853 81 0 0
1659 T 1323 1392 1329 0 0
1659 T 1853 1390 2041 0 0
1659 T 668 3580 598 0 0
1659 T 3580 501 3361 0 0
1659 T 669 601 3652 0 0
1659 T 3650 3309 498 0 0
1659 T 2791 253 3701 0 0
1659 T 3703 269 1486 0 0
1659 T 269 255 247 0 0
1659 T 1483 276 3769 0 0
1659 T 3771 260 2702 0 0
1659 T 250 258 276 0 0
1659 T 1546 1532 1528 0 0
1659 T 560 573 554 0 0
1659 T 420 3831 1254 0 0
1659 T 477 2630 3831 0 0
1659 T 1251 3761 413 0 0
1659 T 3761 2680 484 0 0
1659 T 260 718 2237 0 0
1659 T 2239 2143 2368 0 0
1659 T 722 714 718 0 0
1659 T 2143 716 254 0 0
1659 T 1232 1024 3786 0 0
1659 T 3720 1017 1225 0 0
1659 T 672 2204 806 0 0
1659 T 808 977 814 0 0
1659 T 3683 979 2204 0 0
1659 T 811 984 801 0 0
1659 T 803 2298 665 0 0
1659 T 2298 982 3609 0 0
1659 T 1078 1080 1078 1 0
1659 T 287 285 287 1 0
1659 T 112 3842 3729 0 0
1659 T 104 124 110 0 0
1659 T 124 3693 3842 0 0
1659 T 107 125 97 0 0
1659 T 3799 3847 105 0 0
1659 T 3847 3623 125 0 0
1659 T 792 860 782 0 0
1659 T 784 3305 1929 0 0
1659 T 1931 484 790 0 0
1659 T 787 477 1890 0 0
1659 T 779 861 785 0 0
1659 T 1892 3359 777 0 0
1659 T 2948 477 3362 0 0
1659 T 3579 471 2946 0 0
1659 T 471 502 477 0 0
1659 T 2943 474 3649 0 0
1659 T 3312 484 2941 0 0
1659 T 484 499 474 0 0
1659 T 1919 981 582 0 0
1659 T 579 980 1957 0 0
1659 T 808 3596 2053 0 0
1659 T 800 987 806 0 0
1659 T 2055 621 798 0 0
1659 T 987 623 3596 0 0
1659 T 803 990 793 0 0
1659 T 795 628 1974 0 0
1659 T 1976 3666 801 0 0
1659 T 3666 626 990 0 0
1659 T 856 223 2737 0 0
1659 T 848 984 854 0 0
1659 T 2739 1961 846 0 0
1659 T 984 1963 223 0 0
1659 T 851 977 841 0 0
1659 T 843 1923 2825 0 0
1659 T 2827 223 849 0 0
1659 T 223 1921 977 0 0
1659 T 1955 2397 1913 0 0
1659 T 440 3526 3313 0 0
1659 T 3248 3759 438 0 0
1659 T 3315 8 3246 0 0
1659 T 3759 7 3526 0 0
1659 T 435 3825 3166 0 0
1659 T 3168 8 3365 0 0
1659 T 3367 3523 433 0 0
1659 T 3523 7 3825 0 0
1659 T 1496 1510 1486 0 0
1659 T 1488 1867 3069 0 0
1659 T 3071 108 1494 0 0
1659 T 108 1865 1510 0 0
1659 T 1491 109 3006 0 0
1659 T 1483 1515 1489 0 0
1659 T 3008 1778 1481 0 0
1659 T 1515 1780 109 0 0
1659 T 604 2006 662 0 0
1659 T 664 730 670 0 0
1659 T 3651 732 2006 0 0
1659 T 667 727 657 0 0
1659 T 659 2087 597 0 0
1659 T 2087 725 3577 0 0
1659 T 3343 73 3697 0 0
1659 T 3699 3768 0 0 0
1659 T 3768 74 3289 0 0
1659 T 340 361 334 0 0
1659 T 336 1436 3709 0 0
1659 T 3780 1430 338 0 0
1659 T 3711 164 3778 0 0
1659 T 476 3677 958 0 0
1659 T 466 470 474 0 0
1659 T 470 954 3606 0 0
1659 T 3608 363 3677 0 0
1659 T 184 2022 882 0 0
1659 T 884 896 874 0 0
1659 T 876 2566 182 0 0
1659 T 2566 894 2022 0 0
1659 T 179 2480 869 0 0
1659 T 879 2104 177 0 0
1659 T 871 897 877 0 0
1659 T 2104 899 2480 0 0
1659 T 284 289 274 0 0
1659 T 276 3286 926 0 0
1659 T 2768 3288 289 0 0
1659 T 271 296 277 0 0
1659 T 923 3208 269 0 0
1659 T 296 3206 2854 0 0
1659 T 2372 2402 2374 0 0
1659 T 2376 147 2453 0 0
1659 T 2544 141 2370 0 0
1659 T 928 1395 3169 0 0
1659 T 3171 3252 932 -1 0
1659 T 3252 1393 922 0 0
1659 T 448 458 438 0 0
1659 T 3248 2968 446 0 0
1659 T 2968 3759 458 0 0
1659 T 443 2969 3166 0 0
1659 T 435 463 441 0 0
1659 T 463 3825 2969 0 0
1659 T 664 282 2053 0 0
1659 T 808 3812 662 0 0
1659 T 3812 3596 282 0 0
1659 T 659 3742 801 0 0
1659 T 1976 279 657 0 0
1659 T 279 3666 3742 0 0
1659 T 340 3679 3398 0 0
1659 T 3400 3606 334 -1 0
1659 T 2580 2595 2574 0 0
1659 T 2206 2593 8 0 0
1659 T 2488 2505 2490 0 0
1659 T 8 2507 2304 0 0
1659 T 192 2784 2290 0 0
1659 T 2292 2315 2286 0 0
1659 T 2288 1877 190 0 0
1659 T 1877 2313 2784 0 0
1659 T 185 2194 2872 0 0
1659 T 1789 2192 187 0 0
1659 T 2870 2219 1791 0 0
1659 T 2192 2217 2194 0 0
1659 T 340 2782 1809 0 0
1659 T 1815 2313 338 0 0
1659 T 1811 1879 1813 0 0
1659 T 333 1722 2870 0 0
1659 T 2217 1728 335 0 0
1659 T 1728 1789 1722 0 0
1659 T 232 1421 1645 0 0
1659 T 1647 1416 3301 0 0
1659 T 1568 1428 225 0 0
1659 T 3355 1409 1566 0 0
1659 T 2202 3812 732 0 0
1659 T 725 3742 2300 0 0
1659 T 664 735 654 0 0
1659 T 656 2754 2053 0 0
1659 T 284 2756 735 0 0
1659 T 651 735 657 0 0
1659 T 1976 2844 649 0 0
1659 T 735 2842 277 0 0
1659 T 1184 1252 1190 0 0
1659 T 1188 1254 1182 0 0
1659 T 90 3802 3733 0 0
1659 T 3735 743 1254 0 0
1659 T 1252 745 3802 0 0
1659 T 1068 506 2521 0 0
1659 T 516 510 506 0 0
1659 T 2435 512 1062 0 0
1659 T 1092 1622 294 0 0
1659 T 3672 2510 1090 0 0
1659 T 1622 2512 1531 0 0
1659 T 291 1703 1085 0 0
1659 T 1087 2600 3598 0 0
1659 T 1526 2598 1703 0 0
1659 T 3360 3931 174 0 0
1659 T 3931 419 1503 0 0
1659 T 171 4005 3306 0 0
1659 T 1498 414 4005 0 0
1659 T 1947 478 618 0 0
1659 T 28 2945 1945 0 0
1659 T 2941 31 1907 0 0
1659 T 1905 614 482 0 0
1659 T 816 2509 1066 0 0
1659 T 1068 1091 1074 0 0
1659 T 1071 1086 1061 0 0
1659 T 1063 2599 809 0 0
1659 T 928 987 918 0 0
1659 T 920 3602 2838 0 0
1659 T 2840 1450 926 0 0
1659 T 1450 3604 987 0 0
1659 T 923 1450 2750 0 0
1659 T 915 990 921 0 0
1659 T 2752 3676 913 0 0
1659 T 990 3674 1450 0 0
1659 T 148 3924 3238 0 0
1659 T 138 142 146 0 0
1659 T 142 3157 3999 0 0
1659 T 3997 4 3924 0 0
1659 T 276 1780 918 0 0
1659 T 3288 987 1780 0 0
1659 T 915 1865 269 0 0
1659 T 1865 990 3206 0 0
1659 T 680 1236 2529 0 0
1659 T 2531 1242 3297 0 0
1659 T 1377 1244 1236 0 0
1659 T 2444 1237 673 0 0
1659 T 3351 1247 2442 0 0
1659 T 1237 1245 1376 0 0
1659 T 808 3821 1066 0 0
1659 T 2511 3823 979 0 0
1659 T 1063 3755 801 0 0
1659 T 982 3753 2597 0 0
1659 T 208 3601 2354 0 0
1659 T 2356 2839 1817 0 0
1659 T 2351 3675 201 0 0
1659 T 1732 2749 2349 0 0
1659 T 432 1787 1278 0 0
1659 T 1280 1402 1270 0 0
1659 T 3693 1404 1787 0 0
1659 T 1275 1874 425 0 0
1659 T 1267 1407 1273 0 0
1659 T 1874 1405 3623 0 0
1659 T 308 2643 3814 0 0
1659 T 3816 1435 314 0 0
1659 T 311 1430 3746 0 0
1659 T 3748 2689 301 0 0
1659 T 2087 1758 2946 0 0
1659 T 1758 725 469 0 0
1659 T 2943 1847 2006 0 0
1659 T 476 732 1847 0 0
1659 T 536 887 3705 0 0
1659 T 528 561 534 0 0
1659 T 3707 2257 526 0 0
1659 T 531 568 521 0 0
1659 T 523 2163 3773 0 0
1659 T 3775 890 529 0 0
1659 T 2840 1387 3169 0 0
1659 T 1393 1385 1452 1 0
1659 T 3251 1390 2750 0 0
1659 T 1452 1392 1396 0 0
1659 T 340 1320 1641 0 0
1659 T 1643 1264 3561 0 0
1659 T 3563 1270 338 0 0
1659 T 335 1267 3633 0 0
1659 T 1564 1313 333 0 0
1659 T 3635 1257 1562 0 0
1659 T 528 1259 3877 0 0
1659 T 524 571 526 0 0
1659 T 3956 1261 522 0 0
1659 T 3879 89 3954 0 0
1659 T 620 1037 1941 0 0
1659 T 1943 1028 3725 0 0
1659 T 3727 1018 618 0 0
1659 T 1018 1026 1037 0 0
1659 T 615 1023 3793 0 0
1659 T 1904 1037 613 0 0
1659 T 3795 1029 1902 0 0
1659 T 1037 1031 1023 0 0
1659 T 2292 357 2193 0 0
1659 T 2191 6 2286 0 0
1659 T 220 1613 2241 0 0
1659 T 2247 3257 218 0 0
1659 T 3257 2273 1613 0 0
1659 T 215 3179 2150 0 0
1659 T 2148 1696 213 0 0
1659 T 1696 2179 3179 0 0
1659 T 2388 3586 718 0 0
1659 T 716 3659 2382 0 0
1659 T 476 1782 966 0 0
1659 T 968 1027 958 0 0
1659 T 3679 1025 1782 0 0
1659 T 963 1871 469 0 0
1659 T 955 1030 961 0 0
1659 T 1871 1032 3605 0 0
1659 T 104 3516 3893 0 0
1659 T 3895 3268 110 0 0
1659 T 3268 3514 122 0 0
1659 T 107 3186 3969 0 0
1659 T 3971 3517 97 0 0
1659 T 127 3519 3186 0 0
1659 T 604 600 596 -1 0
1659 T 2008 2392 2086 0 0
1659 T 164 162 164 -1 0
1659 T 2920 3045 110 0 0
1659 T 3895 464 2918 0 0
1659 T 107 3111 2913 0 0
1659 T 2915 457 3969 0 0
1659 T 3812 3841 274 0 0
1659 T 291 3843 3594 0 0
1659 T 271 3848 3742 0 0
1659 T 3668 3846 294 0 0
1659 T 1814 343 1728 0 0
1659 T 1791 200 1878 0 0
1659 T 2475 3985 430 0 0
1659 T 3985 1259 415 0 0
1659 T 427 3911 2561 0 0
1659 T 418 1262 3911 0 0
1659 T 264 265 258 0 0
1659 T 2615 3369 262 0 0
1659 T 3369 901 265 0 0
1659 T 263 3319 2661 0 0
1659 T 255 265 261 0 0
1659 T 265 901 3319 0 0
1659 T 2340 907 3701 0 0
1659 T 2791 2138 2338 0 0
1659 T 2335 2235 2702 0 0
1659 T 3771 910 2333 0 0
1659 T 688 3883 2529 0 0
1659 T 754 1236 3883 0 0
1659 T 2444 3957 681 0 0
1659 T 3957 1237 751 0 0
1659 T 88 3392 3173 0 0
1659 T 3175 1006 3654 0 0
1659 T 3656 2994 86 0 0
1659 T 2994 1008 3392 0 0
1659 T 83 2994 3582 0 0
1659 T 3255 3338 81 0 0
1659 T 3584 1011 3253 0 0
1659 T 3338 1009 2994 0 0
1659 T 1647 1944 3406 0 0
1659 T 3403 1901 1566 0 0
1659 T 656 3977 798 0 0
1659 T 2756 621 3977 0 0
1659 T 795 3903 649 0 0
1659 T 3903 628 2842 0 0
1659 T 1480 997 3861 0 0
1659 T 3863 347 2789 0 0
1659 T 2704 350 3937 0 0
1659 T 3939 1004 1473 0 0
1659 T 2920 1689 2625 0 0
1659 T 3096 192 2918 0 0
1659 T 192 761 1689 0 0
1659 T 2915 185 3030 0 0
1659 T 2675 1612 2913 0 0
1659 T 1612 761 185 0 0
1659 T 2576 2592 2570 0 0
1659 T 2572 3148 1652 0 0
1659 T 3148 2590 205 0 0
1659 T 1569 3226 2482 0 0
1659 T 2484 2502 2486 0 0
1659 T 204 2504 3226 0 0
1659 T 3640 1205 1645 0 0
1659 T 1568 1204 3566 0 0
1659 T 3559 1883 1486 0 0
1659 T 1512 1881 426 0 0
1659 T 1483 1793 3629 0 0
1659 T 431 1795 1513 0 0
1659 T 3147 1393 2354 0 0
1659 T 3603 1395 2591 -1 0
1659 T 2351 1396 3225 0 0
1659 T 2501 1394 3673 1 0
1659 T 2592 985 1390 0 0
1659 T 1387 992 2502 0 0
1659 T 580 3686 3498 0 0
1659 T 584 586 578 0 0
1659 T 3500 3615 582 -1 0
1659 T 586 3613 3686 0 0
1659 T 1504 303 3974 0 0
1659 T 3976 3746 102 0 0
1659 T 99 3816 3898 0 0
1659 T 3900 306 1497 0 0
1659 T 2940 3830 618 0 0
1659 T 1947 2629 2938 0 0
1659 T 615 3764 2933 0 0
1659 T 2935 2679 1906 0 0
1659 T 2972 2865 1689 0 0
1659 T 1612 2779 2965 0 0
1659 T 1336 1381 1342 0 0
1659 T 1340 1382 1330 0 0
1659 T 884 2758 3790 0 0
1659 T 3792 1544 890 0 0
1659 T 1544 2760 951 0 0
1659 T 887 1544 3722 0 0
1659 T 3724 2848 877 0 0
1659 T 946 2846 1544 0 0
1659 T 340 1025 1645 0 0
1659 T 1647 1784 3398 0 0
1659 T 3399 1869 1566 1 0
1659 T 1568 1032 333 0 0
1659 T 608 1742 2802 0 0
1659 T 2804 1752 2709 0 0
1659 T 2711 1748 606 0 0
1659 T 1748 1750 1742 0 0
1659 T 609 2714 1829 0 0
1659 T 1835 2800 611 0 0
1659 T 1831 1839 1833 0 0
1659 T 2800 1837 2714 0 0
1659 T 3703 913 3069 0 0
1659 T 3008 920 3769 0 0
1659 T 488 2410 2686 -1 0
1659 T 2688 2419 2637 0 0
1659 T 2639 2416 486 0 0
1659 T 2416 2417 2410 0 0
1659 T 370 3774 3705 0 0
1659 T 885 889 1015 -1 0
1659 T 176 4003 2733 0 0
1659 T 1216 3617 174 0 0
1659 T 3617 158 4003 0 0
1659 T 171 3691 1209 0 0
1659 T 2823 3925 169 0 0
1659 T 3925 158 3691 0 0
1659 T 456 2211 2962 0 0
1659 T 2964 1775 3045 0 0
1659 T 1094 1773 2211 0 0
1659 T 2959 2305 449 0 0
1659 T 3111 1862 2957 0 0
1659 T 2305 1864 1099 0 0
1659 T 3735 197 3802 0 0
1659 T 1659 615 3153 0 0
1659 T 1655 1706 1657 0 0
1659 T 3155 2553 1653 0 0
1659 T 1706 2555 615 0 0
1659 T 1576 2467 3233 0 0
1659 T 1580 1627 1574 0 0
1659 T 3235 618 1578 0 0
1659 T 1627 620 2467 0 0
1659 T 1184 3762 1657 0 0
1659 T 1659 416 1190 0 0
1659 T 1187 417 1578 0 0
1659 T 1580 3832 1181 0 0
1659 T 688 3520 3133 0 0
1659 T 3135 216 2529 0 0
1659 T 3881 214 3520 0 0
1659 T 2444 217 3213 0 0
1659 T 3215 3513 681 0 0
1659 T 3513 219 3959 0 0
1659 T 1168 2762 1486 0 0
1659 T 627 1883 2762 0 0
1659 T 1483 2852 1161 0 0
1659 T 2852 1793 622 0 0
1659 T 912 462 3806 0 0
1659 T 3808 490 2169 0 0
1659 T 2267 495 3738 0 0
1659 T 3740 459 905 0 0
1659 T 800 1392 3869 0 0
1659 T 3871 2590 806 0 0
1659 T 803 2504 3945 0 0
1659 T 3947 1385 793 0 0
1659 T 536 3269 3873 0 0
1659 T 1807 314 534 0 0
1659 T 3875 1100 1805 0 0
1659 T 531 311 1718 0 0
1659 T 1720 1093 3949 0 0
1659 T 3951 3191 529 0 0
1659 T 365 3633 3877 0 0
1659 T 528 1564 367 0 0
1659 T 367 1641 521 0 0
1659 T 3955 3563 365 0 0
1659 T 2552 2582 2546 0 0
1659 T 2548 3200 2145 0 0
1659 T 3200 2584 88 0 0
1659 T 2580 1695 3374 0 0
1659 T 3376 223 2574 0 0
1659 T 2593 221 1695 0 0
1659 T 2244 3278 2458 0 0
1659 T 2460 2496 2462 0 0
1659 T 81 2494 3278 0 0
1659 T 2488 223 3322 0 0
1659 T 3324 1614 2490 0 0
1659 T 2507 1616 223 0 0
1659 T 656 1914 790 0 0
1659 T 792 966 798 0 0
1659 T 3979 968 1914 0 0
1659 T 795 963 785 0 0
1659 T 787 1955 649 0 0
1659 T 1955 961 3901 0 0
1659 T 1468 442 1965 0 0
1659 T 1967 2970 2125 0 0
1659 T 2127 3167 1466 0 0
1659 T 446 1472 2047 0 0
1659 T 2045 2221 2966 0 0
1659 T 3248 2223 1472 0 0
1659 T 88 3475 3905 0 0
1659 T 3380 3196 86 0 0
1659 T 3907 189 3378 0 0
1659 T 3196 191 3475 0 0
1659 T 83 3274 3326 0 0
1659 T 3328 188 3981 0 0
1659 T 3983 3470 81 0 0
1659 T 3470 186 3274 0 0
1659 T 2223 3720 1138 0 0
1659 T 1135 3786 2126 0 0
1659 T 2388 957 3654 0 0
1659 T 3175 951 2386 0 0
1659 T 2383 946 3253 0 0
1659 T 3584 956 2381 0 0
1659 T 1168 3661 1074 0 0
1659 T 1158 1162 1166 0 0
1659 T 1162 1070 3590 0 0
1659 T 340 3728 3406 0 0
1659 T 3403 3794 333 0 0
1659 T 2223 1017 1146 0 0
1659 T 1143 1024 2126 0 0
1659 T 284 280 288 0 0
1659 T 2754 2389 2843 0 0
1659 T 2095 2109 2089 0 0
1659 T 2091 587 2009 0 0
1659 T 2011 2032 2013 0 0
1659 T 2112 592 2029 0 0
1659 T 2062 543 1984 0 0
1659 T 2116 2060 2064 0 0
1659 T 1982 1978 2033 0 0
1659 T 2057 540 1979 0 0
1659 T 1052 125 1925 0 0
1659 T 1927 3519 2049 0 0
1659 T 1888 124 1045 0 0
1659 T 1972 3514 1886 0 0
1659 T 732 1401 4073 0 0
1659 T 4075 123 3810 0 0
1659 T 3744 126 4137 0 0
1659 T 4139 1408 725 0 0
1659 T 210 214 218 0 0
1659 T 491 4089 2685 0 0
1659 T 517 2409 4089 0 0
1659 T 2640 4156 493 0 0
1659 T 518 4154 2413 0 0
1659 T 4012 154 3778 0 0
1659 T 3711 152 4010 0 0
1659 T 73 3590 3994 0 0
1659 T 3996 121 3585 0 0
1659 T 3659 128 3918 0 0
1659 T 3920 3664 73 0 0
1659 T 1480 3997 1154 0 0
1659 T 2519 3157 1478 0 0
1659 T 1151 3923 1473 0 0
1659 T 1475 3239 2430 0 0
1659 T 3755 3523 223 0 0
1659 T 3523 2599 1961 0 0
1659 T 223 3526 3821 0 0
1659 T 1923 2509 3526 0 0
1659 T 2787 470 4029 0 0
1659 T 4031 4096 0 1 0
1659 T 4096 476 2697 0 0
1659 T 528 3469 3873 0 0
1659 T 3271 3471 563 0 0
1659 T 3951 3476 521 0 0
1659 T 566 3474 3189 0 0
1659 T 1060 4148 790 0 0
1659 T 4148 3061 482 0 0
1659 T 787 4082 1053 0 0
1659 T 479 3127 4082 0 0
1659 T 800 2043 1058 0 0
1659 T 1060 1855 3869 0 0
1659 T 1055 2121 793 0 0
1659 T 3947 1766 1053 0 0
1659 T 3780 1312 1641 0 0
1659 T 1564 1305 3710 0 0
1659 T 2394 2106 2025 0 0
1659 T 2027 1363 75 0 0
1659 T 1363 1367 1369 1 0
1659 T 76 1365 2106 0 0
1659 T 9 3178 3374 0 0
1659 T 3324 3260 9 0 0
1659 T 1480 1005 2649 0 0
1659 T 2651 1033 3861 0 0
1659 T 999 1035 1005 0 0
1659 T 2604 1012 1473 0 0
1659 T 3939 1033 2602 0 0
1659 T 1012 1035 1002 0 0
1659 T 2340 941 3069 0 0
1659 T 3008 944 2333 0 0
1659 T 199 197 199 1 0
1659 T 252 320 242 0 0
1659 T 244 3092 3422 0 0
1659 T 3424 4053 250 0 0
1659 T 4053 3090 320 0 0
1659 T 247 4119 3417 0 0
1659 T 239 317 245 0 0
1659 T 3419 3026 237 0 0
1659 T 317 3028 4119 0 0
1659 T 2715 3495 558 0 0
1659 T 3495 1832 2624 0 0
1659 T 555 3495 2801 0 0
1659 T 2670 1741 3495 0 0
1659 T 3319 1677 910 0 0
1659 T 1677 267 895 0 0
1659 T 907 1600 3369 0 0
1659 T 898 267 1600 0 0
1659 T 2804 194 2713 0 0
1659 T 2799 91 2709 0 0
1659 T 612 1666 3133 0 0
1659 T 2628 3520 1666 0 0
1659 T 3215 1587 605 0 0
1659 T 1587 3513 2674 0 0
1659 T 4075 3694 274 0 0
1659 T 271 3624 4137 0 0
1659 T 732 1786 274 0 0
1659 T 271 1875 725 0 0
1659 T 3644 3571 868 0 0
1659 T 2356 2352 2348 -1 0
1659 T 1148 1038 4033 0 0
1659 T 4035 616 2517 0 0
1659 T 2432 617 4097 0 0
1659 T 4099 1038 1141 0 0
1659 T 1148 4156 1058 0 0
1659 T 1055 4090 1141 0 0
1659 T 3424 135 3017 0 0
1659 T 2075 1663 3422 0 0
1659 T 1663 843 135 0 0
1659 T 3419 1582 1994 0 0
1659 T 3083 135 3417 0 0
1659 T 135 846 1582 0 0
1659 T 3071 3007 2344 -1 0
1659 T 1140 3882 1925 0 0
1659 T 1927 755 1130 0 0
1659 T 1127 750 1886 0 0
1659 T 1888 3960 1133 0 0
1659 T 4148 3535 474 0 0
1659 T 497 3533 3063 0 0
1659 T 471 3538 4082 0 0
1659 T 3125 3540 504 0 0
1659 T 3460 2119 2169 0 0
1659 T 3808 742 3458 0 0
1659 T 3455 747 3738 0 0
1659 T 2267 2037 3453 0 0
1659 T 2332 726 4029 0 0
1659 T 2787 1759 2330 0 0
1659 T 2327 1846 2698 0 0
1659 T 4095 731 2325 0 0
1659 T 148 4001 4018 0 0
1659 T 4020 3619 154 0 0
1659 T 151 3689 4013 0 0
1659 T 4015 3927 141 0 0
1659 T 2739 3427 135 0 0
1659 T 3427 1961 1582 0 0
1659 T 135 3430 2825 0 0
1659 T 1663 1923 3430 0 0
1659 T 3319 710 3806 0 0
1659 T 464 712 1679 0 0
1659 T 3740 707 3369 0 0
1659 T 1598 705 457 0 0
1659 T 112 3595 4134 0 0
1659 T 4136 290 3729 0 0
1659 T 3799 295 4070 0 0
1659 T 4072 3665 105 0 0
1659 T 2041 4148 968 0 0
1659 T 961 4082 2123 0 0
1659 T 3707 149 4110 0 0
1659 T 4112 1307 526 0 0
1659 T 523 1310 4046 0 0
1659 T 4048 156 3773 0 0
1659 T 184 3489 3790 0 0
1659 T 2024 2758 3489 0 0
1659 T 3724 3488 177 0 0
1659 T 3488 2848 2102 0 0
1659 T 2223 1025 4033 0 0
1659 T 4099 1032 2126 0 0
1659 T 2615 3453 2537 0 0
1659 T 699 3455 3371 0 0
1659 T 2452 3460 2661 0 0
1659 T 3317 3458 702 0 0
1659 T 728 732 722 1 0
1659 T 3816 1447 1857 0 0
1659 T 1772 1447 3746 0 0
1659 T 2175 2760 2386 0 0
1659 T 3175 1542 2173 0 0
1659 T 2383 2846 2269 0 0
1659 T 2271 1542 3253 0 0
1659 T 524 3042 4106 0 0
1659 T 4108 5 4041 0 0
1659 T 4043 3107 526 0 0
1659 T 3854 1876 1788 0 0
1659 T 1659 3988 1198 0 0
1659 T 1195 3910 1578 0 0
1659 T 440 1921 1522 0 0
1659 T 1524 2509 3313 0 0
1659 T 1519 1963 433 0 0
1659 T 3367 2599 1517 0 0
1659 T 552 317 2533 0 0
1659 T 2535 4056 610 0 0
1659 T 607 4118 2446 0 0
1659 T 2448 320 545 1 0
1659 T 3039 3538 86 0 0
1659 T 3538 1869 2121 0 0
1659 T 83 3535 3101 0 0
1659 T 2043 1784 3535 0 0
1659 T 88 2635 1342 0 0
1659 T 1766 1381 2635 0 0
1659 T 1339 2681 81 0 0
1659 T 2681 1381 1855 0 0
1659 T 14 2149 2549 -1 0
1659 T 14 2461 2246 0 0
1659 T 702 710 744 0 0
1659 T 745 707 699 0 0
1659 T 656 652 648 -1 0
1659 T 2332 82 2649 0 0
1659 T 2515 3583 2330 0 0
1659 T 2651 2993 2513 0 0
1659 T 2327 3653 2426 0 0
1659 T 2428 2993 2602 0 0
1659 T 2604 87 2325 0 0
1659 T 2332 2382 2322 0 0
1659 T 2320 2388 2326 0 0
1659 T 2523 247 3865 0 0
1659 T 3867 237 1154 0 0
1659 T 1151 244 3941 0 0
1659 T 3943 250 2434 0 0
1659 T 2928 1775 110 0 0
1659 T 2920 2962 2926 0 0
1659 T 107 1862 2921 0 0
1659 T 2923 2959 2913 0 0
1659 T 1184 2935 3153 0 0
1659 T 3235 2938 1181 0 0
1659 T 2455 3645 258 0 0
1659 T 267 3647 875 0 0
1659 T 255 3575 2541 0 0
1659 T 870 3573 267 0 0
1659 T 2787 2974 2649 0 0
1659 T 84 2976 1757 0 0
1659 T 2604 2979 2698 0 0
1659 T 1848 2977 85 0 0
1659 T 4112 3712 367 0 0
1659 T 367 3778 4046 0 0
1659 T 104 2779 2898 0 0
1659 T 2908 1610 102 0 0
1659 T 2900 2967 2906 0 0
1659 T 99 1691 2901 0 0
1659 T 2903 2970 2893 0 0
1659 T 2895 2865 97 0 0
1659 T 1655 88 3149 0 0
1659 T 3151 29 1649 0 0
1659 T 1572 34 3229 0 0
1659 T 3231 81 1574 0 0
1659 T 2952 3000 2954 0 0
1659 T 2956 83 2085 0 0
1659 T 2007 85 2950 0 0
1659 T 2764 197 2849 0 0
1659 T 1244 76 2153 0 0
1659 T 1248 1369 1242 0 0
1659 T 2251 75 1246 0 0
1659 T 2155 2394 2249 0 0
1659 T 2909 2673 102 0 0
1659 T 2908 2915 2911 0 0
1659 T 99 2627 2909 0 0
1659 T 2911 2918 2901 0 0
1659 T 876 3450 3642 0 0
1659 T 3044 3452 2568 0 0
1659 T 3572 3451 869 0 0
1659 T 2478 3449 3106 0 0
1659 T 1960 3837 1917 0 0
1659 T 133 136 140 0 0
1659 T 2340 2336 2344 0 0
1659 T 2928 2924 2932 1 0
1659 T 1104 1861 1773 0 0
1659 T 112 986 2469 0 0
1659 T 2471 624 4134 0 0
1659 T 2559 991 105 0 0
1659 T 4072 625 2557 0 0
1659 T 2880 1235 3857 0 0
1659 T 2787 2497 2878 0 0
1659 T 3859 177 2785 0 0
1659 T 2875 2587 2698 0 0
1659 T 2700 184 3933 0 0
1659 T 3935 1238 2873 0 0
1659 T 1910 1293 3619 0 0
1659 T 3689 1300 1951 0 0
1659 T 370 366 367 0 0
1659 T 365 4009 3705 0 0
1659 T 3776 4011 366 0 0
1659 T 244 580 1933 0 0
1659 T 1935 2623 3422 0 0
1659 T 3419 2669 1894 0 0
1659 T 1896 581 237 0 0
1659 T 1480 3389 2513 0 0
1659 T 2428 3339 1473 0 0
1659 T 3143 3500 1933 0 0
1659 T 1896 3497 3221 0 0
1659 T 2900 2986 2894 0 0
1659 T 2896 8 2741 0 0
1659 T 2832 7 2898 0 0
1659 T 2743 1107 2830 0 0
1659 T 3899 639 3974 0 0
1659 T 784 4222 1050 0 0
1659 T 3307 307 4222 0 0
1659 T 1047 4180 777 0 0
1659 T 4180 302 3357 0 0
1659 T 404 3431 2721 0 0
1659 T 2723 4225 394 0 0
1659 T 437 4227 3431 0 0
1659 T 391 4183 2809 0 0
1659 T 2811 3426 397 0 0
1659 T 3426 4181 436 0 0
1659 T 2515 955 2322 0 0
1659 T 2319 958 2426 0 0
1659 T 388 2460 4214 0 0
1659 T 380 509 386 0 0
1659 T 4216 2373 378 0 0
1659 T 509 2375 2460 0 0
1659 T 383 508 373 0 0
1659 T 375 2372 4170 0 0
1659 T 4172 2546 381 0 0
1659 T 2546 2370 508 0 0
1659 T 1516 3285 2469 0 0
1659 T 2559 3207 1509 0 0
1659 T 1667 3758 2898 0 0
1659 T 2832 3527 1665 0 0
1659 T 2895 3828 1586 0 0
1659 T 1588 3522 2742 0 0
1659 T 1538 1663 4055 0 0
1659 T 4117 1582 1535 0 0
1659 T 1052 2293 1797 0 0
1659 T 1799 3542 1925 0 0
1659 T 127 3544 2293 0 0
1659 T 1712 2199 1045 0 0
1659 T 1888 3547 1710 0 0
1659 T 2199 3545 122 0 0
1659 T 2083 433 3889 0 0
1659 T 3891 463 882 0 0
1659 T 879 458 3965 0 0
1659 T 3967 440 2002 0 0
1659 T 538 530 534 0 0
1659 T 2515 1030 4157 0 0
1659 T 4159 963 2322 0 0
1659 T 2319 966 4201 0 0
1659 T 4203 1027 2426 0 0
1659 T 884 1680 3646 0 0
1659 T 3576 1597 877 0 0
1659 T 12 1569 3229 0 0
1659 T 12 3149 1650 0 0
1659 T 1803 1863 1805 0 0
1659 T 3875 2308 1801 0 0
1659 T 3949 1714 2212 0 0
1659 T 1776 1716 1720 0 0
1659 T 2340 2156 3857 0 0
1659 T 3067 75 2338 0 0
1659 T 3859 1241 3065 0 0
1659 T 2335 75 3002 0 0
1659 T 3004 1248 3933 0 0
1659 T 3935 2249 2333 0 0
1659 T 2881 2333 3697 0 0
1659 T 3343 3004 2883 0 0
1659 T 2883 3065 3290 0 0
1659 T 3767 2340 2881 0 0
1659 T 2930 2934 2938 0 0
1659 T 3820 3751 1102 0 0
1659 T 2787 2815 2789 0 0
1659 T 3863 1763 2785 0 0
1659 T 2815 1761 345 0 0
1659 T 1849 2728 351 0 0
1659 T 3938 2697 1851 0 0
1659 T 2728 2699 2703 0 0
1659 T 192 1624 3482 0 0
1659 T 3484 2512 3041 0 0
1659 T 3479 1701 185 0 0
1659 T 3107 2598 3477 0 0
1659 T 233 1730 3414 0 0
1659 T 3416 2749 3141 0 0
1659 T 3411 1819 233 0 0
1659 T 3223 2839 3409 0 0
1659 T 4136 1596 1507 0 0
1659 T 1596 290 413 0 0
1659 T 1507 1673 4070 0 0
1659 T 420 295 1673 0 0
1659 T 1282 1274 1278 0 0
1659 T 1667 459 2906 0 0
1659 T 2903 462 1586 0 0
1659 T 1120 1398 1114 0 0
1659 T 1116 708 1549 0 0
1659 T 1631 710 1118 0 0
1659 T 1551 2378 1629 0 0
1659 T 2443 2245 3218 0 0
1659 T 3220 3257 3214 0 0
1659 T 2467 83 3242 0 0
1659 T 3244 3253 3238 0 0
1659 T 3240 3338 2465 0 0
1659 T 3276 3285 3278 0 0
1659 T 2496 3287 3326 0 0
1659 T 3136 3179 3138 0 0
1659 T 3140 2152 2530 0 0
1659 T 2555 3392 3158 0 0
1659 T 3160 3175 3162 0 0
1659 T 3164 86 2553 0 0
1659 T 3200 3207 3194 0 0
1659 T 3380 3205 2582 0 0
1659 T 73 3505 2757 0 0
1659 T 2759 2200 3994 0 0
1659 T 3592 2198 3505 0 0
1659 T 2847 3512 73 0 0
1659 T 3920 2294 2845 0 0
1659 T 3512 2296 3662 0 0
1659 T 2892 1375 3341 0 0
1659 T 3343 1339 3553 0 0
1659 T 3555 1345 2890 0 0
1659 T 2887 1352 3625 0 0
1659 T 3292 1378 2885 0 0
1659 T 3627 1342 3290 0 0
1659 T 3867 1898 1146 0 0
1659 T 1143 1939 3941 0 0
1659 T 2909 3969 1665 0 0
1659 T 1588 3895 2909 0 0
1659 T 3891 711 3646 0 0
1659 T 3576 706 3965 0 0
1659 T 3859 2136 2789 0 0
1659 T 2136 177 2813 0 0
1659 T 2229 2725 182 0 0
1659 T 3933 2702 2231 0 0
1659 T 3476 3126 2185 0 0
1659 T 2187 328 566 0 0
1659 T 563 329 2281 0 0
1659 T 2283 3064 3469 0 0
1659 T 3147 3228 2348 1 0
1659 T 4020 1912 2081 0 0
1659 T 2004 1949 4013 0 0
1659 T 2515 2556 2517 0 0
1659 T 4035 1707 2513 0 0
1659 T 2564 2581 2558 0 0
1659 T 4071 1688 2562 0 0
1659 T 1688 626 2581 0 0
1659 T 2428 1626 4097 0 0
1659 T 2432 2466 2426 0 0
1659 T 2472 2495 2474 0 0
1659 T 2476 1605 4133 0 0
1659 T 621 1607 2495 0 0
1659 T 2455 4017 2237 0 0
1659 T 720 4019 3647 0 0
1659 T 2144 4016 2541 0 0
1659 T 3573 4014 713 0 0
1659 T 104 129 98 0 0
1659 T 100 3035 4130 0 0
1659 T 4132 94 4065 0 0
1659 T 4067 3098 102 0 0
1659 T 646 642 643 0 0
1659 T 641 4205 782 0 0
1659 T 780 4164 642 0 0
1659 T 4164 140 4205 0 0
1659 T 1663 1524 4226 0 0
1659 T 4184 1517 1582 0 0
1659 T 1168 3509 2793 0 0
1659 T 2795 2295 1074 0 0
1659 T 1071 2197 2706 0 0
1659 T 2708 3508 1161 0 0
1659 T 2880 1380 3065 0 0
1659 T 3004 1373 2873 0 0
1659 T 2376 4002 2237 0 0
1659 T 2144 3928 2369 0 0
1659 T 4020 751 3889 0 0
1659 T 3967 754 4013 0 0
1659 T 2998 3000 2998 1 0
1659 T 641 1554 774 0 0
1659 T 776 852 782 0 0
1659 T 4207 850 1554 0 0
1659 T 779 853 769 0 0
1659 T 771 1635 641 0 0
1659 T 1635 855 4161 0 0
1659 T 1504 4239 1673 0 0
1659 T 293 4237 3932 0 0
1659 T 1596 4193 1497 0 0
1659 T 4006 4195 292 0 0
1659 T 4264 4238 174 0 0
1659 T 3360 296 4262 0 0
1659 T 171 4196 4257 0 0
1659 T 4259 289 3306 0 0
1659 T 4067 938 2898 0 0
1659 T 2895 935 4129 0 0
1659 T 2223 2989 2513 0 0
1659 T 1027 1707 2989 0 0
1659 T 2428 2989 2126 0 0
1659 T 2989 1626 1030 0 0
1659 T 180 1743 3962 0 0
1659 T 2256 1749 178 0 0
1659 T 3964 1745 2254 0 0
1659 T 1831 184 3887 0 0
1659 T 3885 2157 1833 0 0
1659 T 2157 182 1837 0 0
1659 T 2862 2860 2856 0 0
1659 T 2765 2769 2775 0 0
1659 T 2773 3 2864 0 0
1659 T 2759 3546 3585 0 0
1659 T 3659 3543 2845 0 0
1659 T 3343 2681 3394 0 0
1659 T 3395 2635 3290 0 0
1659 T 1639 3479 526 0 0
1659 T 4043 2598 1637 0 0
1659 T 523 3482 1558 0 0
1659 T 1560 2512 4105 0 0
1659 T 1035 1763 2976 0 0
1659 T 2977 1850 1035 0 0
1659 T 2475 3326 1514 0 0
1659 T 1794 3328 3987 0 0
1659 T 1511 3380 2561 0 0
1659 T 3909 3378 1884 0 0
1659 T 2175 3545 718 0 0
1659 T 715 3544 2269 0 0
1659 T 749 711 719 0 0
1659 T 714 706 756 0 0
1659 T 696 4027 2797 0 0
1659 T 1836 4025 3093 0 0
1659 T 2712 4022 689 0 0
1659 T 3031 4024 1745 0 0
1659 T 2552 1685 4218 0 0
1659 T 4220 625 2546 0 0
1659 T 2460 624 4174 0 0
1659 T 4176 1608 2462 0 0
1659 T 1927 715 4285 0 0
1659 T 4287 705 1130 0 0
1659 T 1127 712 4297 0 0
1659 T 4299 718 1886 0 0
1659 T 3784 2268 3414 0 0
1659 T 3411 2170 3714 0 0
1659 T 1675 1687 1669 0 0
1659 T 1592 1606 1594 0 0
1659 T 4216 4171 344 1 0
1659 T 448 2497 4306 0 0
1659 T 4308 6 4293 0 0
1659 T 4295 2588 442 0 0
1659 T 2956 2975 2946 0 0
1659 T 2943 2978 2949 0 0
1659 T 2223 1626 4157 0 0
1659 T 4203 1707 2126 0 0
1659 T 1132 4308 1470 0 0
1659 T 4295 1128 1468 0 0
1659 T 1108 1106 1108 0 0
1659 T 2985 2987 2985 0 0
1659 T 2952 999 2009 0 0
1659 T 2091 1001 2954 0 0
1659 T 1121 1125 1118 0 0
1659 T 1631 4299 1123 0 0
1659 T 1123 4285 1550 0 0
1659 T 1115 1132 1121 0 0
1659 T 3408 3437 3414 0 0
1659 T 3437 153 2266 0 0
1659 T 3411 3436 3401 0 0
1659 T 2172 152 3436 0 0
1659 T 354 2810 2721 0 0
1659 T 3429 3425 3531 0 0
1659 T 70 3442 3446 -1 0
1659 T 3448 2039 154 0 0
1659 T 152 2118 3442 0 0
1659 T 3476 3539 3466 0 0
1659 T 3468 501 2185 0 0
1659 T 3463 3534 3469 0 0
1659 T 2283 500 3461 0 0
1659 T 2027 4244 2757 0 0
1659 T 3507 4242 1361 0 0
1659 T 2847 4198 2105 0 0
1659 T 1368 4200 3510 0 0
1659 T 1639 1696 1633 0 0
1659 T 1635 215 4037 0 0
1659 T 4039 2146 1637 0 0
1659 T 208 4085 1657 0 0
1659 T 2207 1706 4085 0 0
1659 T 4237 1687 2183 0 0
1659 T 1556 1613 1558 0 0
1659 T 1560 2243 4101 0 0
1659 T 4103 218 1554 0 0
1659 T 1580 4151 201 0 0
1659 T 4151 1627 2301 0 0
1659 T 2277 1606 4195 0 0
1659 T 3236 2931 3153 0 0
1659 T 2892 2875 2883 0 0
1659 T 2883 2878 2885 0 0
1659 T 1462 1466 1470 0 0
1659 T 3476 3551 3482 0 0
1659 T 1622 3549 3195 0 0
1659 T 3479 3551 3469 0 0
1659 T 3273 3549 1703 0 0
1659 T 1713 594 1803 0 0
1659 T 2888 2984 2890 0 0
1659 T 2154 2136 2140 0 0
1659 T 2231 2249 2233 0 0
1659 T 3834 2278 2181 0 0
1659 T 328 332 322 0 0
1659 T 4179 297 4262 0 0
1659 T 4259 297 4221 0 0
1659 T 1799 2271 4285 0 0
1659 T 4299 2173 1710 0 0
1659 T 3220 4123 606 0 0
1659 T 4123 3257 1586 0 0
1659 T 611 4057 3138 0 0
1659 T 1667 3179 4057 0 0
1659 T 3240 3491 1829 0 0
1659 T 1743 3485 3157 0 0
1659 T 3563 4026 1809 0 0
1659 T 2784 4028 1272 0 0
1659 T 1724 4023 3633 0 0
1659 T 1265 4021 2870 0 0
1659 T 604 3441 2057 0 0
1659 T 1979 3447 598 0 0
1659 T 542 2445 2533 0 0
1659 T 1460 1712 1123 0 0
1659 T 1631 2173 1458 0 0
1659 T 1123 1797 1453 0 0
1659 T 1455 2271 1550 0 0
1659 T 1176 4199 2793 0 0
1659 T 2708 4241 1169 0 0
1659 T 3039 3467 3905 0 0
1659 T 3983 3462 3101 0 0
1659 T 1639 3551 3873 0 0
1659 T 3951 3551 1558 0 0
1659 T 2187 3849 2282 0 0
1659 T 1272 2292 4309 0 0
1659 T 4311 190 4026 0 0
1659 T 4023 187 4313 0 0
1659 T 4315 2194 1265 0 0
1659 T 2964 2982 2958 0 0
1659 T 2960 1406 2193 0 0
1659 T 2292 1404 2962 0 0
1659 T 1667 3375 4230 0 0
1659 T 4232 9 4057 0 0
1659 T 4123 9 4186 0 0
1659 T 4188 3321 1586 0 0
1659 T 1460 1456 1464 1 0
1659 T 1043 1798 1710 0 0
1659 T 772 976 774 0 0
1659 T 77 79 77 -1 0
1659 T 94 96 94 1 0
1659 T 1280 2964 4309 0 0
1659 T 4315 2957 1273 0 0
1659 T 2133 354 2231 0 0
1659 T 1044 1042 1044 0 0
1659 T 3448 3455 3438 0 0
1659 T 3435 3458 3441 0 0
1659 T 388 252 2065 0 0
1659 T 1987 246 382 0 0
1659 T 380 376 372 0 0
1659 T 1835 4309 2918 0 0
1659 T 2915 4315 1746 0 0
1659 T 1013 1015 1013 -1 0
1659 T 3488 4197 2098 0 0
1659 T 2100 2108 2102 0 0
1659 T 3490 2017 4242 0 0
1659 T 2023 2025 2017 0 0
1659 T 2062 2066 2080 0 0
1659 T 1998 1988 1984 0 0
1659 T 2017 572 2100 0 0
1659 T 1635 4323 1553 0 0
1659 T 2091 1009 4333 0 0
1659 T 4335 1036 2954 0 0
1659 T 2951 1036 4349 0 0
1659 T 4351 1008 2010 0 0
1659 T 1639 2596 4210 0 0
1659 T 4212 222 1633 0 0
1659 T 1556 222 4166 0 0
1659 T 4168 2506 1558 0 0
1659 T 1835 1278 2926 0 0
1659 T 2923 1275 1746 0 0
1659 T 4175 4115 14 0 0
1659 T 4115 1607 2246 0 0
1659 T 14 4049 4217 -1 0
1659 T 2151 1686 4049 0 0
1659 T 3232 3243 3234 0 0
1659 T 3156 3161 3150 0 0
1659 T 3468 3531 3462 0 0
1659 T 356 354 356 -1 0
1659 T 3851 3849 3851 0 0
1659 T 2832 3824 4061 0 0
1659 T 4063 222 1665 0 0
1659 T 1588 222 4125 0 0
1659 T 4127 3754 2742 0 0
1659 T 4335 1764 2946 0 0
1659 T 2943 1849 4349 0 0
1659 T 3887 3238 3790 0 0
1659 T 3724 3160 3961 0 0
1659 T 4272 2269 890 0 0
1659 T 3792 3255 4270 0 0
1659 T 887 2175 4265 0 0
1659 T 4267 3173 3722 0 0
1659 T 3835 3833 3835 0 0
1659 T 4229 4062 2574 0 0
1659 T 2488 4128 4187 0 0
1659 T 3211 2484 3293 0 0
1659 T 3348 2569 3129 0 0
1659 T 3345 1489 4235 0 0
1659 T 4233 115 4192 0 0
1659 T 4190 1495 3296 0 0
1659 T 604 3433 4342 0 0
1659 T 4344 3458 2057 0 0
1659 T 1980 3455 4326 0 0
1659 T 4328 3440 597 0 0
1659 T 2860 2306 1090 0 0
1659 T 1088 2211 2769 0 0
1659 T 1081 1083 1081 0 0
1659 T 940 936 932 0 0
1659 T 1092 3549 4354 0 0
1659 T 4356 3193 294 0 0
1659 T 291 3275 4338 0 0
1659 T 4340 3549 1085 0 0
1659 T 2548 4381 2457 0 0
1659 T 2795 4280 2653 0 0
1659 T 298 4278 2293 0 0
1659 T 2608 4281 2706 0 0
1659 T 2199 4283 298 0 0
1659 T 1639 4376 1801 0 0
1659 T 3549 2308 4376 0 0
1659 T 1716 4369 1558 0 0
1659 T 4369 2210 3549 0 0
1659 T 4212 3530 4165 0 0
1659 T 208 3463 4329 0 0
1659 T 4331 3989 1657 0 0
1659 T 4087 3991 3463 0 0
1659 T 1580 3915 4345 0 0
1659 T 4347 3466 201 0 0
1659 T 3466 3913 4149 0 0
1659 T 784 4250 1797 0 0
1659 T 4224 2293 4250 0 0
1659 T 1712 4255 777 0 0
1659 T 4255 2199 4178 0 0
1659 T 1559 4378 1637 0 0
1659 T 1200 3982 4329 0 0
1659 T 4347 3908 1193 0 0
1659 T 4051 1372 4114 0 0
1659 T 4176 1370 4217 0 0
1659 T 4356 3197 2854 0 0
1659 T 4337 2765 3278 0 0
1659 T 4120 4144 4122 0 0
1659 T 3219 4142 2446 0 0
1659 T 4060 4078 4054 0 0
1659 T 2535 4080 3137 0 0
1659 T 1068 2819 3865 0 0
1659 T 508 247 2819 0 0
1659 T 3943 2729 1061 0 0
1659 T 2729 250 509 0 0
1659 T 3075 4290 3209 0 0
1659 T 1770 4292 347 0 0
1659 T 3132 4304 3010 0 0
1659 T 350 4302 1859 0 0
1659 T 2570 4276 2483 0 0
1659 T 2481 1551 4395 0 0
1659 T 4422 1629 2572 0 0
1659 T 4393 0 4424 0 0
1659 T 4456 1793 1657 0 0
1659 T 4331 185 4454 0 0
1659 T 185 3989 1793 0 0
1659 T 4451 192 4345 0 0
1659 T 1580 1883 4449 0 0
1659 T 1883 3915 192 0 0
1659 T 4456 3327 1198 0 0
1659 T 1195 3377 4449 0 0
1659 T 2459 4420 2237 0 0
1659 T 4004 4418 510 0 0
1659 T 2144 4446 2545 0 0
1659 T 507 4448 3926 0 0
1659 T 9 4389 4409 0 0
1659 T 4440 4388 10 0 0
1659 T 4411 4 4438 0 0
1659 T 4388 6 4389 0 0
1659 T 11 4406 3234 0 0
1659 T 1572 3243 4406 0 0
1659 T 3156 4436 11 0 0
1659 T 4436 3161 1649 0 0
1659 T 4144 1536 4390 0 0
1659 T 4079 200 4142 0 0
1659 T 4387 1538 4077 0 0
1659 T 4268 3163 3962 0 0
1659 T 3244 4272 3887 0 0
1659 T 176 4417 4366 0 0
1659 T 4368 511 2733 0 0
1659 T 4363 4447 169 0 0
1659 T 2823 506 4361 0 0
1659 T 3345 3010 4399 0 0
1659 T 4397 394 4235 0 0
1659 T 4189 391 4427 0 0
1659 T 4425 3075 3295 0 0
1659 T 4424 66 4393 0 0
1659 T 43 1245 4114 0 0
1659 T 4051 1243 44 0 0
1659 T 4233 1521 4438 0 0
1659 T 4411 1519 4192 0 0
1659 T 1663 4387 4057 0 0
1659 T 4232 4437 1661 0 0
1659 T 1584 4411 4186 0 0
1659 T 4123 4389 1582 0 0
1659 T 832 4472 2793 0 0
1659 T 2707 4474 826 0 0
1659 T 2795 4481 822 0 0
1659 T 4481 4280 632 0 0
1659 T 819 4491 2706 0 0
1659 T 633 4281 4491 0 0
1659 T 4500 2864 1801 0 0
1659 T 1639 3197 4498 0 0
1659 T 3197 4376 2864 0 0
1659 T 4495 3279 1558 0 0
1659 T 1716 2774 4493 0 0
1659 T 2774 4369 3279 0 0
1659 T 4428 4188 2810 0 0
1659 T 4182 4186 4190 0 0
1659 T 4232 4400 2724 0 0
1659 T 4228 4234 4230 0 0
1659 T 4052 41 1241 0 0
1659 T 1247 39 4113 0 0
1659 T 4252 4256 4246 1 0
1659 T 2860 4374 4354 0 0
1659 T 4340 4371 2770 0 0
1659 T 2572 4304 4399 0 0
1659 T 4425 4290 2482 0 0
1659 T 4077 3836 4144 0 0
1659 T 4039 2545 4498 0 0
1659 T 4495 2459 4101 0 0
1659 T 4508 4051 2529 0 0
1659 T 3139 1686 4506 0 0
1659 T 4503 1607 3217 0 0
1659 T 2444 4113 4501 0 0
1659 T 148 3331 862 0 0
1659 T 860 3382 142 0 0
1659 T 4256 4284 4262 0 0
1659 T 4259 4277 4249 0 0
1659 T 4272 4273 4266 0 0
1659 T 4229 4513 2570 0 0
1659 T 2590 4515 4064 0 0
1659 T 2484 4512 4187 0 0
1659 T 2504 4128 4512 0 0
1659 T 808 4064 4522 0 0
1659 T 4524 2829 1066 0 0
1659 T 1063 2743 4518 0 0
1659 T 4520 4126 801 0 0
1659 T 4039 4525 1801 0 0
1659 T 2862 4527 2547 0 0
1659 T 1716 4532 4101 0 0
1659 T 2457 4530 2776 0 0
1659 T 4407 2932 4434 0 0
1659 T 380 2731 2065 0 0
1659 T 1988 2817 373 0 0
1659 T 2159 4538 4270 0 0
1659 T 4538 1835 3244 0 0
1659 T 4267 4535 2253 0 0
1659 T 3162 1746 4535 0 0
1659 T 4302 2721 4515 0 0
1659 T 4510 2811 4292 0 0
1659 T 4470 4481 1017 0 0
1659 T 1024 4491 4475 0 0
1659 T 4436 1745 4401 0 0
1659 T 4403 4534 1649 0 0
1659 T 1572 4539 4429 0 0
1659 T 4431 1836 4406 0 0
1659 T 4568 2303 3466 0 0
1659 T 3915 1627 4566 0 0
1659 T 3463 2205 4561 0 0
1659 T 4563 1706 3989 0 0
1659 T 4318 4320 4318 1 0
1659 T 380 4416 2061 0 0
1659 T 2729 2077 4416 0 0
1659 T 373 1982 4444 0 0
1659 T 4442 2000 2819 0 0
1659 T 4368 4364 4360 -1 0
1659 T 2182 3139 4555 0 0
1659 T 4558 3218 2279 0 0
1659 T 4553 544 4560 0 0
1659 T 2219 4475 48 0 0
1659 T 46 4469 2314 0 0
1659 T 4432 1284 4401 0 0
1659 T 3871 4515 4522 0 0
1659 T 4520 4510 3945 0 0
1659 T 3416 4458 1813 0 0
1659 T 1727 4464 3410 0 0
1659 T 4468 4462 4458 0 0
1659 T 4532 4589 2237 0 0
1659 T 2776 4420 4589 0 0
1659 T 2144 4596 4525 0 0
1659 T 4596 4446 2862 0 0
1659 T 1815 4604 3406 0 0
1659 T 3726 4602 2315 0 0
1659 T 3403 4606 1726 0 0
1659 T 2217 4608 3796 0 0
1659 T 1827 4461 4254 0 0
1659 T 4457 1739 4252 0 0
1659 T 4555 4240 4506 0 0
1659 T 4503 4194 4557 0 0
1659 T 2159 96 2254 0 0
1659 T 4460 4604 3439 0 0
1659 T 3434 4606 4461 0 0
1659 T 176 4592 4622 0 0
1659 T 4624 2773 4366 0 0
1659 T 4363 2863 4614 0 0
1659 T 4616 4593 169 0 0
1659 T 4603 4570 618 0 0
1659 T 4570 2314 1020 0 0
1659 T 4576 1024 2217 0 0
1659 T 4606 614 4574 0 0
1659 T 4039 2142 4609 0 0
1659 T 4611 4596 1801 0 0
1659 T 1716 4589 4617 0 0
1659 T 4619 2239 4101 0 0
1659 T 4568 4578 4562 0 0
1659 T 4609 648 4620 0 0
1659 T 4264 4631 1825 0 0
1659 T 2166 4629 4240 0 0
1659 T 1740 4625 4257 0 0
1659 T 4194 4627 2264 0 0
1659 T 4629 4461 4282 0 0
1659 T 4279 4460 4627 0 0
1659 T 1823 4640 4622 0 0
1659 T 4590 4638 2311 0 0
1659 T 4616 4640 1734 0 0
1659 T 2213 4638 4595 0 0
1659 T 4576 4491 48 0 0
1659 T 4569 46 4483 0 0
1659 T 4592 4596 4598 0 0
1659 T 4600 4598 4600 -1 0
1659 T 3440 4626 4693 0 0
1659 T 4695 4278 4601 0 0
1659 T 4607 4283 4690 0 0
1659 T 4692 4632 3433 0 0
1659 T 4484 57 4569 0 0
1659 T 4575 55 4489 0 0
1659 T 2261 4328 4660 0 0
1659 T 4661 4341 2168 0 0
1659 T 4658 541 4663 0 0
1659 T 4697 4278 4572 0 0
1659 T 4576 4704 4284 0 0
1659 T 114 4705 4710 0 0
1659 T 4712 4565 3246 0 0
1659 T 3167 4563 4705 0 0
1659 T 232 2032 4486 0 0
1659 T 4488 1083 4477 0 0
1659 T 4479 2109 226 0 0
1659 T 4684 3914 4157 0 0
1659 T 2223 4567 4682 0 0
1659 T 4679 4562 2126 0 0
1659 T 4203 3992 4677 0 0
1659 T 4240 4644 4691 0 0
1659 T 2166 3436 4644 0 0
1659 T 4694 4645 4194 0 0
1659 T 4645 3437 2264 0 0
1659 T 4659 4647 598 0 0
1659 T 4643 4664 604 0 0
1659 T 1472 4710 4682 0 0
1659 T 4679 4708 1465 0 0
1659 T 4553 61 4663 0 0
1659 T 4658 60 4560 0 0
1659 T 4240 4663 4716 0 0
1659 T 4718 4657 4194 0 0
1659 T 380 4546 1809 0 0
1659 T 374 1721 4549 0 0
1659 T 4551 767 4546 0 0
1659 T 703 4548 4670 0 0
1659 T 4672 4549 697 0 0
1659 T 4431 1289 4666 0 0
1659 T 4668 1287 4402 0 0
1659 T 4688 4686 4688 0 0
1659 T 4674 4678 4682 0 0
1659 T 2888 2860 4654 0 0
1659 T 4656 120 4649 0 0
1659 T 4651 2769 2890 0 0
1659 T 4728 4726 4728 -1 0
1659 T 4733 4735 4733 0 0
1659 T 4750 4752 4750 1 0
1659 T 4651 4480 4741 0 0
1659 T 4740 4485 4654 0 0
1659 T 4756 4754 4756 0 0
1659 T 4772 4770 4772 -1 0
1659 T 4780 4778 4780 -1 0
1659 U 3 1 1 0 0
1659 U 21 2 1 0 0
1659 U 19 1 2 -1 0
1659 U 52 2 1 0 0
1659 U 10 3 4 0 0
1659 U 2276 5 3 0 0
1659 U 2490 4 5 0 0
1659 U 16 4 3 0 0
1659 U 83 5 4 0 0
1659 U 33 4 3 0 0
1659 U 1604 6 4 0 0
1659 U 8 5 6 0 0
1659 U 2177 7 9 0 0
1659 U 9 8 7 0 0
1659 U 2579 9 8 0 0
1659 U 1683 9 7 0 0
1659 U 7 10 9 0 0
1659 U 30 8 7 0 0
1659 U 87 9 8 0 0
1659 U 18 8 7 0 0
1659 U 2093 11 14 -1 0
1659 U 2015 14 11 0 0
1659 U 117 14 14 0 0
1659 U 116 11 11 -1 0
1659 U 25 12 11 0 0
1659 U 23 11 12 -1 0
1659 U 2114 13 16 0 0
1659 U 2035 16 13 1 0
1659 U 129 16 16 0 0
1659 U 54 16 15 0 0
1659 U 61 17 18 0 0
1659 U 4715 22 17 0 0
1659 U 4505 18 22 0 0
1659 U 604 20 17 0 0
1659 U 4692 22 20 0 0
1659 U 2227 24 17 0 0
1659 U 3310 20 24 0 0
1659 U 3299 22 17 0 0
1659 U 635 24 22 0 0
1659 U 41 22 21 0 0
1659 U 614 19 24 0 0
1659 U 31 20 19 0 0
1659 U 4702 21 24 0 0
1659 U 55 23 24 0 0
1659 U 4718 25 30 0 0
1659 U 60 26 25 0 0
1659 U 4503 30 26 0 0
1659 U 3352 30 25 0 0
1659 U 39 29 30 0 0
1659 U 2131 32 25 0 0
1659 U 629 30 32 0 0
1659 U 600 28 25 0 0
1659 U 3363 32 28 0 0
1659 U 4694 28 30 0 0
1659 U 28 28 27 0 0
1659 U 619 31 28 0 0
1659 U 4699 32 29 0 0
1659 U 57 32 31 0 0
1659 U 2342 33 33 0 0
1659 U 3348 38 33 0 0
1659 U 3293 33 38 -1 0
1659 U 2379 38 38 0 0
1659 U 4743 36 33 0 0
1659 U 4738 33 36 0 0
1659 U 2345 36 36 0 0
1659 U 4667 43 35 0 0
1659 U 2418 43 43 0 0
1659 U 4671 41 37 0 0
1659 U 2404 41 41 0 0
1659 U 3329 39 42 0 0
1659 U 2400 39 39 -1 0
1659 U 3384 42 39 0 0
1659 U 50 40 39 0 0
1659 U 37 44 43 0 0
1659 U 35 43 44 0 0
1659 Q 66 1102 66 1102 1 0 -1 0 0 0
1659 Q 358 68 358 68 0 0 0 0 0 0
1659 Q 363 1009 589 1007 0 0 0 0 0 0
1659 Q 90 3452 3 3450 0 0 0 0 0 0
1659 Q 488 1110 486 740 1 0 0 0 0 0
1659 Q 210 1220 93 1222 0 0 0 0 0 0
1659 Q 95 1299 322 1293 0 0 0 0 0 0
1659 Q 1444 132 1438 164 0 0 0 0 0 0
1659 Q 1448 361 1447 130 0 0 0 0 0 0
1659 Q 162 2408 162 2408 0 0 0 0 0 0
1659 Q 194 3500 1 3498 0 0 0 0 1 0
1659 Q 519 1110 520 2405 0 0 0 0 0 0
1659 Q 166 1188 90 1190 0 0 0 0 0 0
1659 Q 1200 572 1194 168 0 0 0 0 0 0
1659 Q 168 1184 737 1182 0 0 0 0 0 0
1659 Q 64 1360 358 1354 0 0 -1 0 0 0
1659 Q 832 359 826 1080 0 0 0 0 0 0
1659 Q 1078 836 287 834 0 0 0 0 1 0
1659 Q 285 935 357 937 0 0 0 0 0 0
1659 Q 64 1915 77 1953 0 0 0 0 -1 0
1659 Q 79 2397 79 2397 0 0 0 0 0 0
1659 Q 1078 1180 162 1178 0 0 0 0 1 0
1659 Q 594 652 285 654 0 0 0 0 0 0
1659 Q 1078 1172 132 1174 0 0 0 0 0 0
1659 Q 574 1332 77 1334 0 0 0 0 0 0
1659 Q 1381 79 1382 640 0 0 0 0 0 0
1659 Q 117 1087 514 1089 0 0 0 0 0 0
1659 Q 538 596 538 596 0 0 0 0 0 0
1659 Q 2366 248 3856 250 0 0 0 0 0 0
1659 Q 1102 312 71 314 -1 0 0 0 0 0
1659 Q 2324 79 2318 0 0 0 0 0 0 0
1659 Q 1939 1 1897 212 0 1 0 0 1 -1
1659 Q 2 1697 514 1619 0 0 0 1 -1 1
1659 Q 1947 196 1905 116 0 0 0 0 0 0
1659 Q 194 2631 5 2678 0 0 0 0 0 0
1659 Q 388 3854 382 544 0 0 0 0 0 0
1659 Q 166 844 585 846 0 0 0 0 0 0
1659 Q 840 2998 838 168 1 0 0 0 0 0
1659 Q 0 2876 6 2878 0 0 0 0 0 0
1659 Q 28 113 32 116 0 0 0 0 0 0
1659 Q 115 2947 196 2941 0 0 0 0 0 0
1659 Q 2378 700 198 702 0 0 0 0 0 0
1659 Q 2417 1289 93 1287 0 0 0 0 0 0
1659 Q 536 71 530 596 1 0 0 0 0 0
1659 Q 3838 120 3838 120 0 0 0 0 0 0
1659 Q 0 3396 1112 3394 -1 0 1 0 0 0
1659 Q 166 852 3840 854 0 0 0 0 0 0
1659 Q 574 1324 2422 1326 0 0 0 0 0 0
1659 Q 1387 2424 1389 77 0 0 0 0 0 0
1659 Q 342 1895 194 1933 0 0 0 0 0 0
1659 Q 3143 1 3222 344 0 0 0 0 0 0
1659 Q 354 2451 131 2537 0 0 0 0 0 0
1659 Q 2615 91 2662 356 0 0 0 0 0 0
1659 Q 3457 89 3455 129 0 0 0 0 0 0
1659 Q 90 2568 569 2477 0 0 0 0 0 0
1659 Q 1831 573 1741 140 0 0 0 0 0 0
1659 Q 3485 575 3491 4 0 0 0 0 0 0
1659 Q 94 3252 77 3169 0 0 0 0 0 0
1659 Q 2840 2424 2749 96 0 0 0 0 0 0
1659 Q 138 2672 194 2621 0 0 0 0 0 0
1659 Q 4 1117 1041 1115 0 0 0 0 0 0
1659 Q 1304 3835 1302 96 0 0 0 0 0 0
1659 Q 2635 1109 2682 80 0 0 0 0 0 0
1659 Q 639 1856 1111 1766 0 0 0 0 0 0
1659 Q 899 2396 893 91 0 0 0 0 0 0
1659 Q 2343 2891 6 2885 0 0 0 0 0 0
1659 Q 772 118 774 1042 0 0 0 0 0 0
1659 Q 638 1771 361 1857 0 0 0 0 0 0
1659 Q 538 376 1107 378 0 0 0 0 0 0
1659 Q 408 3851 406 356 0 0 0 0 0 0
1659 Q 1078 2707 3 2793 0 0 0 0 0 0
1659 Q 4197 5 4244 132 0 0 0 0 0 0
1659 Q 164 2416 2 2410 0 -1 0 0 0 0
1659 Q 1460 1013 1454 0 0 0 0 0 0 0
1659 Q 1 36 2 38 0 -1 0 0 0 0
1659 Q 2019 132 2098 576 0 0 0 0 0 0
1659 Q 4248 856 118 850 0 0 0 0 0 0
1659 Q 166 4248 166 4248 0 0 0 0 0 0
1659 Q 114 4352 363 4333 0 0 0 0 0 0
1659 Q 195 1852 363 1762 0 0 0 0 0 0
1659 Q 359 4474 3 4472 0 0 0 0 0 0
1659 Q 114 3368 4378 3313 0 0 0 0 0 0
1659 Q 4466 96 4466 96 0 0 0 0 0 0
1659 Q 2840 2 2749 4468 0 0 0 0 0 0
1659 Q 1 2424 1 2424 0 0 0 0 0 0
1659 Q 4358 1204 2 1206 0 0 0 0 0 0
1659 Q 0 1468 4320 1470 0 0 0 0 0 0
1659 Q 47 4 45 5 0 0 0 0 0 0
1659 Q 8 4378 7 4579 0 0 0 0 0 0
1659 Q 4414 117 4443 1107 0 0 0 0 0 0
1659 Q 4403 96 4430 2348 0 0 0 0 0 0
1659 Q 574 4588 574 4588 0 0 0 0 0 0
1659 Q 4586 1324 1 1326 0 0 0 0 0 0
1659 Q 4159 4584 4202 0 0 0 0 0 0 0
1659 Q 79 967 4582 961 0 0 0 0 0 0
1659 Q 64 3980 4582 3901 0 0 0 0 -1 0
1659 Q 24 4317 26 4320 0 0 0 0 0 0
1659 Q 77 49 78 50 1 0 1 0 0 0
1659 Q 1823 4597 1733 4360 0 0 0 0 0 0
1659 Q 162 520 4541 519 0 0 0 0 0 0
1659 Q 4543 1109 4543 1109 0 0 0 0 0 0
1659 Q 4155 2 4090 4541 -1 1 0 0 0 -1
1659 Q 64 2755 4688 2842 0 0 0 0 -1 0
1659 Q 624 4582 626 4686 0 0 0 0 0 0
1659 Q 1148 2 1142 4636 0 0 0 0 0 0
1659 Q 4634 1056 4542 1058 0 0 0 0 0 0
1659 Q 4548 199 4549 2403 0 0 0 0 0 0
1659 Q 2019 4728 2098 4588 0 0 0 0 0 0
1659 Q 4726 132 4726 132 0 0 0 0 0 0
1659 Q 3867 211 3942 4636 0 0 0 0 0 0
1659 Q 192 4731 186 4736 0 0 0 0 0 0
1659 Q 4734 3992 4581 3913 0 0 0 0 0 0
1659 Q 1883 4583 1794 4729 0 0 0 0 0 0
1659 Q 0 4684 4733 4678 0 0 0 0 0 0
1659 Q 4686 2852 4730 2761 0 0 0 0 0 0
1659 Q 53 4726 54 4725 0 0 0 0 1 0
1659 Q 2288 4751 2189 4736 0 0 0 0 0 0
1659 Q 4731 1790 4749 1879 0 0 0 0 0 0
1659 Q 1068 4724 1062 4636 0 0 0 0 0 0
1659 Q 2817 211 2732 4722 0 0 0 0 0 0
1659 Q 20 4749 22 4752 0 0 0 0 0 0
1659 Q 4746 640 4746 640 0 0 0 0 0 0
1659 Q 1855 4544 1765 4748 0 0 0 0 0 0
1659 Q 4634 3948 4748 3869 0 0 0 0 0 0
1659 Q 4524 4753 4517 4636 0 0 0 0 0 0
1659 Q 4724 2742 4755 2831 0 0 0 0 0 0
1659 Q 4746 1771 4757 1857 0 0 0 0 0 0
1659 Q 361 4759 361 4759 0 0 0 0 0 0
1659 Q 2723 4753 2810 4764 0 0 0 0 0 0
1659 Q 4762 4291 4748 4302 0 0 0 0 0 0
1659 Q 4762 348 4757 350 0 0 0 0 0 0
1659 Q 4766 196 4766 196 0 0 0 0 0 0
1659 Q 1851 4760 1761 4768 0 0 0 0 0 0
1659 Q 4762 2816 4767 2725 0 0 0 0 0 0
1659 Q 4774 92 4774 92 0 0 0 0 0 0
1659 Q 1839 4765 1749 4776 0 0 0 0 0 0
1659 Q 4762 2135 4772 2229 0 0 0 0 0 0
1659 Q 180 4767 182 4770 0 0 0 0 0 0
1659 Q 4774 1755 4780 1841 0 0 0 0 0 0
1659 Q 5 4778 5 4778 0 0 0 0 0 0
1659 Q 4770 2256 4776 2157 0 0 0 0 0 0
1659 Q 51 4778 52 4777 0 0 0 0 1 0
