1059 A 5 0 1 -2 -1 2
1059 A 10 0 1 -2 -1 2
1059 A -1 1 -54 0 54 0
1059 A 0 1 -54 0 54 0
1059 A -2 1 -88 0 88 0
1059 A 1 1 -88 0 88 0
1059 A -5 1 -51 -1 51 1
1059 A -5 1 -124 -2 124 2
1059 A 4 1 52 -1 -52 1
1059 A 4 1 126 -2 -126 2
1059 A 19 0 2 -4 -2 4
1059 A 20 0 1 -2 -1 2
1059 A 20 0 11 -2 -11 2
1059 A -15 1 -76 -5 76 5
1059 A 14 1 81 -5 -81 5
1059 A -20 1 -24 -1 24 1
1059 A 19 1 25 -1 -25 1
1059 A -1 2 -178 1 178 -1
1059 A -7 2 -74 0 74 0
1059 A 5 2 -74 0 74 0
1059 A -10 2 -141 -2 141 2
1059 A 8 2 143 -2 -143 2
1059 A 5 0 3 -1 3 -1
1059 A 7 0 5 -3 5 -3
1059 A 11 0 2 -4 2 -4
1059 A 4 0 0 -1 1 -1
1059 A 4 0 -1 -1 -2 1
1059 A 5 0 -1 -1 1 2
1059 A 5 0 2 -1 -3 2
1059 A 6 0 0 -1 1 -1
1059 A 6 0 -2 -1 3 -1
1059 A 7 0 0 -1 -1 1
1059 A 7 0 -1 -1 2 -1
1059 A 7 0 -2 -1 2 -3
1059 A 7 0 3 -1 1 -3
1059 A 7 0 4 -1 1 -2
1059 A 7 0 0 -2 3 -3
1059 A 7 0 2 -2 0 -3
1059 A 7 0 -1 -2 -3 2
1059 A 7 0 -2 -2 1 3
1059 A 7 0 4 -2 -4 3
1059 A 8 0 0 -1 1 -1
1059 A 8 0 -1 -1 -2 -3
1059 A 8 0 2 -1 5 -3
1059 A 8 0 -2 -1 -3 1
1059 A 8 0 -3 -1 -4 3
1059 A 8 0 4 -1 1 3
1059 A 8 0 1 -3 -2 3
1059 A 8 0 0 -3 3 -3
1059 A 9 0 0 -1 -2 2
1059 A 9 0 1 -1 0 2
1059 A 9 0 -2 -1 3 -1
1059 A 9 0 -3 -1 -2 -4
1059 A 9 0 4 -1 6 -4
1059 A 9 0 -1 -2 3 -2
1059 A 9 0 -3 -2 -1 4
1059 A 9 0 5 -2 -3 4
1059 A 9 0 0 -4 4 -4
1059 A 10 0 -1 -1 6 -3
1059 A 10 0 2 -1 -3 -3
1059 A 10 0 -2 -1 3 -1
1059 A 10 0 -3 -1 2 -3
1059 A 10 0 4 -1 1 -3
1059 A 10 0 -1 -3 -4 3
1059 A 11 0 0 -1 1 -1
1059 A 11 0 -1 -1 -3 -4
1059 A 11 0 2 -1 7 -4
1059 A 11 0 -2 -1 2 3
1059 A 11 0 3 -1 -5 3
1059 A 11 0 -3 -1 2 5
1059 A 11 0 4 -1 -7 5
1059 A 11 0 -4 -1 -5 1
1059 A 11 0 6 -1 8 -5
1059 A 11 0 1 -2 4 3
1059 A 11 0 0 -2 -5 5
1059 A 11 0 2 -2 0 5
1059 A 11 0 -1 -2 2 -5
1059 A 11 0 3 -2 3 -5
1059 A 11 0 -2 -2 4 -2
1059 A 11 0 -3 -2 2 -3
1059 A 11 0 5 -2 1 -3
1059 A 11 0 -4 -2 1 -4
1059 A 11 0 6 -2 3 -4
1059 A 11 0 0 -3 4 -4
1059 A 11 0 3 -3 0 -4
1059 A 11 0 -1 -3 2 4
1059 A 11 0 4 -3 -6 4
1059 A 11 0 -3 -3 -1 -5
1059 A 11 0 6 -3 6 -5
1059 A 11 0 -1 -4 -5 4
1059 A 11 0 1 -5 -4 5
1059 A 12 0 0 -1 1 -1
1059 A 12 0 -2 -1 -3 5
1059 A 12 0 3 -1 -2 5
1059 A 12 0 -3 -1 4 -1
1059 A 12 0 -5 -1 -6 5
1059 A 12 0 6 -1 1 5
1059 A 12 0 0 -5 5 -5
1059 A 12 0 -3 -5 8 -5
1059 A 13 0 0 -1 -5 5
1059 A 13 0 1 -1 0 5
1059 A 13 0 -1 -1 4 -2
1059 A 13 0 2 -1 -2 -2
1059 A 13 0 -2 -1 5 -6
1059 A 13 0 3 -1 1 -6
1059 A 13 0 -3 -1 1 3
1059 A 13 0 4 -1 -4 3
1059 A 13 0 -4 -1 -5 1
1059 A 13 0 -5 -1 5 -3
1059 A 13 0 6 -1 -2 -3
1059 A 13 0 7 -1 9 -5
1059 A 13 0 1 -2 -2 4
1059 A 13 0 0 -2 4 -4
1059 A 13 0 2 -2 0 -4
1059 A 13 0 -1 -2 -1 5
1059 A 13 0 3 -2 -4 5
1059 A 13 0 -3 -2 2 -6
1059 A 13 0 5 -2 4 -6
1059 A 13 0 -4 -2 -4 -3
1059 A 13 0 6 -2 7 -3
1059 A 13 0 -5 -2 -2 -5
1059 A 13 0 7 -2 7 -5
1059 A 13 0 1 -3 7 -4
1059 A 13 0 2 -3 -3 -4
1059 A 13 0 0 -3 -6 6
1059 A 13 0 3 -3 0 6
1059 A 13 0 -3 -3 -3 -5
1059 A 13 0 6 -3 8 -5
1059 A 13 0 8 -3 3 -6
1059 A 13 0 1 -4 -3 4
1059 A 13 0 -1 -4 -3 5
1059 A 13 0 5 -4 -2 5
1059 A 13 0 -2 -4 6 -4
1059 A 13 0 -4 -4 1 6
1059 A 13 0 8 -4 -7 6
1059 A 13 0 -1 -5 6 -5
1059 A 13 0 -2 -6 8 -6
1059 A 13 0 -3 -6 -9 6
1059 A 14 0 0 -1 -1 1
1059 A 14 0 -1 -1 2 -1
1059 A 14 0 -2 -1 -5 -3
1059 A 14 0 3 -1 8 -3
1059 A 14 0 -3 -1 -6 5
1059 A 14 0 4 -1 1 5
1059 A 14 0 -4 -1 1 -3
1059 A 14 0 5 -1 2 -3
1059 A 14 0 -5 -1 6 -1
1059 A 14 0 -6 -1 -7 1
1059 A 14 0 0 -3 -5 5
1059 A 14 0 3 -3 0 5
1059 A 14 0 -1 -3 2 -5
1059 A 14 0 4 -3 3 -5
1059 A 14 0 -2 -3 5 -3
1059 A 14 0 -3 -3 -4 -5
1059 A 14 0 6 -3 9 -5
1059 A 14 0 -4 -3 -7 5
1059 A 14 0 7 -3 2 5
1059 A 14 0 1 -5 -4 5
1059 A 14 0 -3 -5 -8 5
1059 A 15 0 -2 -1 3 -1
1059 A 15 0 -3 -1 -8 2
1059 A 15 0 4 -1 6 2
1059 A 15 0 -6 -1 1 2
1059 A 15 0 7 -1 -3 2
1059 A 15 0 -4 -2 -6 7
1059 A 15 0 6 -2 -1 7
1059 A 15 0 1 -4 9 -7
1059 A 15 0 3 -4 -2 -7
1059 A 15 0 -2 -4 3 -7
1059 A 15 0 6 -4 4 -7
1059 A 15 0 -3 -4 7 -4
1059 A 16 0 0 -1 -7 7
1059 A 16 0 1 -1 0 7
1059 A 16 0 -1 -1 6 -3
1059 A 16 0 2 -1 -3 -3
1059 A 16 0 -2 -1 -3 1
1059 A 16 0 -3 -1 4 3
1059 A 16 0 4 -1 -7 3
1059 A 16 0 -4 -1 9 -5
1059 A 16 0 5 -1 -4 -5
1059 A 16 0 -5 -1 10 -7
1059 A 16 0 6 -1 -3 -7
1059 A 16 0 -6 -1 -3 5
1059 A 16 0 7 -1 -2 5
1059 A 16 0 -7 -1 8 -1
1059 A 16 0 1 -3 -2 3
1059 A 16 0 0 -3 3 -3
1059 A 16 0 -1 -3 4 -7
1059 A 16 0 4 -3 3 -7
1059 A 16 0 -2 -3 -1 7
1059 A 16 0 5 -3 -6 7
1059 A 16 0 -5 -3 -8 5
1059 A 16 0 8 -3 3 5
1059 A 16 0 -6 -3 -1 -5
1059 A 16 0 9 -3 6 -5
1059 A 16 0 1 -5 4 7
1059 A 16 0 4 -5 -11 7
1059 A 16 0 0 -5 5 -5
1059 A 16 0 -2 -5 -7 5
1059 A 16 0 -5 -5 -2 -7
1059 A 16 0 10 -5 9 -7
1059 A 16 0 2 -7 -5 7
1059 A 16 0 -1 -7 8 -7
1059 A -1 1 -17 0 78 0
1059 A -1 1 -18 0 -103 0
1059 A -1 1 -26 0 51 0
1059 A -1 1 -27 0 108 0
1059 A -1 1 -28 0 -123 0
1059 A -1 1 -31 0 -94 0
1059 A -1 1 -36 0 81 0
1059 A -1 1 -47 0 -62 0
1059 A -1 1 -52 0 -107 0
1059 A -1 1 -56 0 71 0
1059 A -1 1 -79 0 104 0
1059 A -1 1 -109 0 124 0
1059 A 0 1 -17 0 78 0
1059 A 0 1 -18 0 -103 0
1059 A 0 1 -26 0 51 0
1059 A 0 1 -27 0 108 0
1059 A 0 1 -28 0 -123 0
1059 A 0 1 -31 0 -94 0
1059 A 0 1 -36 0 81 0
1059 A 0 1 -47 0 -62 0
1059 A 0 1 -52 0 -107 0
1059 A 0 1 -56 0 71 0
1059 A 0 1 -79 0 104 0
1059 A 0 1 -109 0 124 0
1059 A -2 1 -17 0 108 1
1059 A -2 1 -22 0 85 0
1059 A -2 1 -23 0 -58 0
1059 A -2 1 -28 0 122 1
1059 A -2 1 -29 0 -46 0
1059 A -2 1 -31 0 110 1
1059 A -2 1 -35 0 -61 0
1059 A -2 1 -43 0 116 1
1059 A -2 1 -44 0 -89 -1
1059 A -2 1 -47 0 123 1
1059 A -2 1 -59 0 86 0
1059 A -2 1 -71 0 -92 -1
1059 A -2 1 -74 0 83 0
1059 A -2 1 -79 0 -96 -1
1059 A -2 1 -90 -1 117 1
1059 A -2 1 -93 -1 102 1
1059 A 1 1 -17 0 109 -1
1059 A 1 1 -22 0 85 0
1059 A 1 1 -23 0 -58 0
1059 A 1 1 -28 0 123 -1
1059 A 1 1 -29 0 -46 0
1059 A 1 1 -31 0 111 -1
1059 A 1 1 -35 0 -61 0
1059 A 1 1 -43 0 117 -1
1059 A 1 1 -44 0 -90 1
1059 A 1 1 -47 0 124 -1
1059 A 1 1 -59 0 86 0
1059 A 1 1 -71 0 -93 1
1059 A 1 1 -74 0 83 0
1059 A 1 1 -79 0 -97 1
1059 A 1 1 91 -1 -118 1
1059 A 1 1 94 -1 -103 1
1059 A -3 1 -20 0 119 1
1059 A -3 1 -32 0 -124 -1
1059 A -3 1 -41 0 116 1
1059 A -3 1 -48 0 93 1
1059 A -3 1 -72 -1 -109 -1
1059 A -3 1 -77 -1 -102 -1
1059 A -3 1 -81 -1 -97 -1
1059 A -3 1 -111 -1 123 1
1059 A 2 1 -20 0 120 -1
1059 A 2 1 -32 0 -125 1
1059 A 2 1 -41 0 117 -1
1059 A 2 1 -48 0 94 -1
1059 A 2 1 73 -1 110 -1
1059 A 2 1 78 -1 103 -1
1059 A 2 1 82 -1 98 -1
1059 A 2 1 112 -1 -124 1
1059 A -4 1 -17 0 -110 -1
1059 A -4 1 -18 0 73 1
1059 A -4 1 -19 0 -98 -1
1059 A -4 1 -29 0 82 1
1059 A -4 1 -33 0 38 1
1059 A -4 1 -45 -1 -122 -2
1059 A -4 1 -61 -1 -94 -1
1059 A -4 1 -78 -1 117 2
1059 A 3 1 -17 0 -111 1
1059 A 3 1 -18 0 74 -1
1059 A 3 1 -19 0 -99 1
1059 A 3 1 -29 0 83 -1
1059 A 3 1 -33 0 39 -1
1059 A 3 1 46 -1 124 -2
1059 A 3 1 62 -1 95 -1
1059 A 3 1 79 -1 -119 2
1059 A -5 1 -17 0 -62 -1
1059 A -5 1 -23 0 57 1
1059 A -5 1 -28 0 102 2
1059 A -5 1 -29 0 54 1
1059 A -5 1 -31 0 41 1
1059 A -5 1 -27 -1 88 2
1059 A -5 1 -32 -1 -72 -1
1059 A -5 1 -38 -1 -48 -1
1059 A -5 1 -44 -1 59 1
1059 A -5 1 -53 -1 -103 -2
1059 A -5 1 -74 -1 -91 -2
1059 A -5 1 -81 -1 106 2
1059 A -5 1 -86 -1 -109 -2
1059 A -5 1 -87 -1 -117 -2
1059 A -5 1 -108 -2 -118 -2
1059 A 4 1 -17 0 -63 1
1059 A 4 1 -23 0 58 -1
1059 A 4 1 -28 0 104 -2
1059 A 4 1 -29 0 55 -1
1059 A 4 1 -31 0 42 -1
1059 A 4 1 28 -1 -90 2
1059 A 4 1 33 -1 73 -1
1059 A 4 1 39 -1 49 -1
1059 A 4 1 45 -1 -60 1
1059 A 4 1 54 -1 105 -2
1059 A 4 1 75 -1 93 -2
1059 A 4 1 82 -1 -108 2
1059 A 4 1 87 -1 111 -2
1059 A 4 1 88 -1 119 -2
1059 A 4 1 110 -2 120 -2
1059 A 17 0 -5 -1 1 -3
1059 A 17 0 6 -1 2 -3
1059 A 17 0 -6 -1 7 -1
1059 A 17 0 -7 -1 -4 -8
1059 A 17 0 8 -1 12 -8
1059 A 17 0 9 -1 -3 6
1059 A 17 0 1 -2 7 3
1059 A 17 0 -1 -2 6 -4
1059 A 17 0 3 -2 -2 -4
1059 A 17 0 -2 -2 10 -5
1059 A 17 0 4 -2 -5 -5
1059 A 17 0 -3 -2 -3 8
1059 A 17 0 5 -2 -5 8
1059 A 17 0 -5 -2 1 7
1059 A 17 0 7 -2 -8 7
1059 A 17 0 -6 -2 -3 5
1059 A 17 0 8 -2 -2 5
1059 A 17 0 -7 -2 9 -2
1059 A 17 0 -1 -3 8 -6
1059 A 17 0 4 -3 -2 -6
1059 A 17 0 -2 -3 6 -7
1059 A 17 0 5 -3 1 -7
1059 A 17 0 -4 -3 -7 3
1059 A 17 0 2 -4 12 -7
1059 A 17 0 -3 -4 -4 -5
1059 A 17 0 7 -4 9 -5
1059 A 17 0 -4 -4 5 6
1059 A 17 0 8 -4 -11 6
1059 A 17 0 -5 -4 9 -4
1059 A 17 0 -6 -4 -10 4
1059 A 17 0 1 -5 9 -7
1059 A 17 0 4 -5 -2 -7
1059 A 17 0 -1 -5 6 -5
1059 A 17 0 -2 -5 -3 7
1059 A 17 0 7 -5 -4 7
1059 A 17 0 -3 -5 4 6
1059 A 17 0 8 -5 -10 6
1059 A 17 0 11 -5 -4 8
1059 A 17 0 2 -6 -11 8
1059 A 17 0 4 -6 3 8
1059 A 17 0 -3 -6 2 -7
1059 A 17 0 9 -6 5 -7
1059 A -6 1 -18 0 70 2
1059 A -6 1 -19 0 -25 -1
1059 A -6 1 -22 -1 119 3
1059 A -6 1 -23 -1 -55 -1
1059 A -6 1 -33 -1 -109 -2
1059 A -6 1 -40 -1 -97 -2
1059 A -6 1 -50 -1 -73 -1
1059 A -6 1 -51 -1 76 2
1059 A -6 1 -52 -1 105 2
1059 A -6 1 -56 -1 120 3
1059 A -6 1 -63 -1 112 2
1059 A -6 1 -72 -1 75 2
1059 A -6 1 -77 -2 -104 -2
1059 A -6 1 -110 -2 121 2
1059 A 5 1 -18 0 72 -2
1059 A 5 1 -19 0 -26 1
1059 A 5 1 23 -1 -122 3
1059 A 5 1 24 -1 56 -1
1059 A 5 1 34 -1 111 -2
1059 A 5 1 41 -1 99 -2
1059 A 5 1 51 -1 74 -1
1059 A 5 1 52 -1 -78 2
1059 A 5 1 53 -1 -107 2
1059 A 5 1 57 -1 -123 3
1059 A 5 1 64 -1 -114 2
1059 A 5 1 73 -1 -77 2
1059 A 5 1 79 -2 106 -2
1059 A 5 1 112 -2 -123 2
1059 A -7 1 -20 0 -39 -1
1059 A -7 1 -21 0 103 2
1059 A -7 1 -22 -1 -106 -3
1059 A -7 1 -25 -1 41 1
1059 A -7 1 -50 -1 -63 -1
1059 A -7 1 -51 -1 76 2
1059 A -7 1 -58 -1 -71 -2
1059 A -7 1 -58 -2 -67 -2
1059 A -7 1 -95 -2 -117 -3
1059 A -7 1 -99 -2 123 3
1059 A -7 1 -98 -3 108 3
1059 A 6 1 -20 0 -40 1
1059 A 6 1 -21 0 105 -2
1059 A 6 1 23 -1 109 -3
1059 A 6 1 26 -1 -42 1
1059 A 6 1 51 -1 64 -1
1059 A 6 1 52 -1 -78 2
1059 A 6 1 59 -1 73 -2
1059 A 6 1 60 -2 69 -2
1059 A 6 1 97 -2 120 -3
1059 A 6 1 101 -2 -126 3
1059 A 6 1 101 -3 -111 3
1059 A -8 1 -14 -1 57 2
1059 A -8 1 -18 -1 -29 -1
1059 A -8 1 -20 -1 -125 -3
1059 A -8 1 -26 -1 69 2
1059 A -8 1 -35 -1 88 3
1059 A -8 1 -48 -1 70 2
1059 A -8 1 -52 -2 -94 -3
1059 A -8 1 -54 -2 109 3
1059 A -8 1 -73 -2 85 2
1059 A -8 1 -89 -3 101 3
1059 A 7 1 15 -1 -59 2
1059 A 7 1 19 -1 30 -1
1059 A 7 1 21 -1 128 -3
1059 A 7 1 27 -1 -71 2
1059 A 7 1 36 -1 -91 3
1059 A 7 1 49 -1 -72 2
1059 A 7 1 54 -2 97 -3
1059 A 7 1 56 -2 -112 3
1059 A 7 1 75 -2 -87 2
1059 A 7 1 92 -3 -104 3
1059 A 18 0 -8 -1 9 -7
1059 A 18 0 9 -1 -2 -7
1059 A 18 0 0 -5 5 -5
1059 A 18 0 -1 -5 -12 7
1059 A 18 0 6 -5 5 7
1059 A 18 0 -4 -5 9 -5
1059 A 18 0 1 -7 6 -7
1059 A 18 0 -3 -7 10 -7
1059 A -9 1 -19 0 53 2
1059 A -9 1 -23 -1 122 4
1059 A -9 1 -26 -1 -59 -2
1059 A -9 1 -42 -1 116 4
1059 A -9 1 -44 -1 -71 -2
1059 A -9 1 -42 -2 -55 -2
1059 A -9 1 -46 -2 61 2
1059 A -9 1 -79 -3 97 3
1059 A -9 1 -106 -4 -123 -4
1059 A 8 1 -19 0 55 -2
1059 A 8 1 24 -1 -126 4
1059 A 8 1 27 -1 61 -2
1059 A 8 1 43 -1 -120 4
1059 A 8 1 45 -1 73 -2
1059 A 8 1 44 -2 57 -2
1059 A 8 1 48 -2 -63 2
1059 A 8 1 82 -3 -100 3
1059 A 8 1 110 -4 127 -4
1059 A -10 1 -9 -1 -46 -1
1059 A -10 1 -13 -1 -78 -3
1059 A -10 1 -14 -1 54 2
1059 A -10 1 -21 -1 96 3
1059 A -10 1 -24 -1 64 3
1059 A -10 1 -26 -1 -49 -2
1059 A -10 1 -27 -1 38 1
1059 A -10 1 -37 -1 48 2
1059 A -10 1 -43 -1 47 2
1059 A -10 1 -53 -2 77 3
1059 A -10 1 -57 -2 63 2
1059 A -10 1 -61 -2 -109 -4
1059 A -10 1 -64 -2 -91 -4
1059 A -10 1 -82 -3 128 4
1059 A -10 1 -99 -4 -126 -4
1059 A 9 1 10 -1 47 -1
1059 A 9 1 14 -1 81 -3
1059 A 9 1 15 -1 -56 2
1059 A 9 1 22 -1 -99 3
1059 A 9 1 25 -1 -67 3
1059 A 9 1 27 -1 51 -2
1059 A 9 1 28 -1 -39 1
1059 A 9 1 38 -1 -50 2
1059 A 9 1 44 -1 -49 2
1059 A 9 1 55 -2 -80 3
1059 A 9 1 59 -2 -65 2
1059 A 9 1 63 -2 113 -4
1059 A 9 1 66 -2 95 -4
1059 A 9 1 85 -3 -132 4
1059 A 9 1 103 -4 130 -4
1059 A 19 0 1 -2 -4 8
1059 A 19 0 -1 -2 -3 2
1059 A 19 0 -2 -3 5 -3
1059 A 19 0 -3 -3 -12 6
1059 A 19 0 6 -3 6 6
1059 A 19 0 12 -5 6 7
1059 A 19 0 -4 -6 -7 8
1059 A 19 0 10 -6 -1 8
1059 A -11 1 -15 -1 68 3
1059 A -11 1 -38 -1 -121 -5
1059 A -11 1 -34 -2 -110 -4
1059 A -11 1 -37 -2 67 2
1059 A -11 1 -49 -2 -114 -5
1059 A -11 1 -51 -2 -80 -3
1059 A -11 1 -85 -3 -99 -4
1059 A -11 1 -89 -4 117 5
1059 A 10 1 16 -1 -71 3
1059 A 10 1 39 -1 126 -5
1059 A 10 1 36 -2 114 -4
1059 A 10 1 39 -2 -69 2
1059 A 10 1 51 -2 119 -5
1059 A 10 1 53 -2 83 -3
1059 A 10 1 88 -3 103 -4
1059 A 10 1 93 -4 -122 5
1059 A -12 1 -12 -1 122 5
1059 A -12 1 -28 -2 60 2
1059 A -12 1 -30 -2 77 4
1059 A -12 1 -36 -2 -62 -2
1059 A -12 1 -51 -2 54 3
1059 A -12 1 -69 -3 73 4
1059 A -12 1 -80 -3 -106 -4
1059 A -12 1 -95 -4 -126 -5
1059 A -12 1 -98 -4 107 4
1059 A -12 1 -103 -4 -103 -5
1059 A -12 1 -113 -5 119 5
1059 A 11 1 13 -1 -127 5
1059 A 11 1 30 -2 -62 2
1059 A 11 1 32 -2 -81 4
1059 A 11 1 38 -2 64 -2
1059 A 11 1 53 -2 -57 3
1059 A 11 1 72 -3 -77 4
1059 A 11 1 83 -3 110 -4
1059 A 11 1 99 -4 131 -5
1059 A 11 1 102 -4 -111 4
1059 A 11 1 107 -4 108 -5
1059 A 11 1 118 -5 -124 5
1059 A 20 0 -1 -3 -4 -7
1059 A 20 0 4 -3 11 -7
1059 A 20 0 -6 -7 11 -9
1059 A 20 0 13 -7 -2 -9
1059 A 20 0 -3 -9 12 -9
1059 A -13 1 -40 -2 120 5
1059 A -13 1 -76 -4 -96 -4
1059 A 12 1 42 -2 -125 5
1059 A 12 1 80 -4 100 -4
1059 A 21 0 -2 -4 -12 8
1059 A 21 0 6 -4 4 8
1059 A -14 1 -31 -2 113 6
1059 A -14 1 -42 -2 -41 -3
1059 A -14 1 -59 -3 -124 -6
1059 A 13 1 33 -2 -119 6
1059 A 13 1 44 -2 44 -3
1059 A 13 1 62 -3 130 -6
1059 A -15 1 -16 -1 31 1
1059 A -15 1 -34 -1 -66 -4
1059 A -15 1 -21 -2 -74 -5
1059 A -15 1 -33 -2 -53 -3
1059 A -15 1 -34 -2 -81 -4
1059 A -15 1 -84 -4 -116 -7
1059 A 14 1 17 -1 -32 1
1059 A 14 1 35 -1 70 -4
1059 A 14 1 23 -2 79 -5
1059 A 14 1 35 -2 56 -3
1059 A 14 1 36 -2 85 -4
1059 A 14 1 88 -4 123 -7
1059 A 22 0 -7 -3 -6 -7
1059 A 22 0 10 -3 13 -7
1059 A 22 0 2 -5 -1 9
1059 A 22 0 3 -5 -8 9
1059 A 22 0 2 -9 7 -9
1059 A -16 1 -17 -2 70 4
1059 A -16 1 -35 -2 50 3
1059 A -16 1 -49 -3 -97 -5
1059 A 15 1 19 -2 -74 4
1059 A 15 1 37 -2 -53 3
1059 A 15 1 52 -3 102 -5
1059 A 23 0 -8 -2 -1 -9
1059 A 23 0 10 -2 10 -9
1059 A 23 0 -6 -8 14 -8
1059 A 23 0 -7 -8 -15 8
1059 A -17 1 -18 -1 -29 -1
1059 A 16 1 19 -1 30 -1
1059 A -18 1 -73 -6 121 8
1059 A 17 1 79 -6 -129 8
1059 A 24 0 0 -5 5 -5
1059 A -21 1 -23 -1 46 3
1059 A -21 1 -24 -2 112 9
1059 A -21 1 -25 -2 -29 -3
1059 A 20 1 24 -1 -49 3
1059 A 20 1 26 -2 -121 9
1059 A 20 1 27 -2 32 -3
1059 A 28 0 -12 -3 -9 13
1059 A 28 0 15 -3 -4 13
1059 A -24 1 -15 -3 72 6
1059 A 23 1 18 -3 -78 6
1059 A 30 0 -9 -2 -1 -8
1059 A 30 0 11 -2 9 -8
1059 A 31 0 -7 -7 14 -7
1059 A 32 0 -8 -15 23 -15
1059 A -7 2 -32 -1 244 3
1059 A 5 2 33 -1 -247 3
1059 A -10 2 -37 0 -67 -2
1059 A 8 2 -37 0 -69 2
1059 A 34 0 7 -15 8 -15
1059 A -22 2 -27 -2 133 6
1059 A 20 2 29 -2 -139 6
1059 A 41 0 -7 -17 24 -17
1059 A 43 0 -14 -14 28 -14
1059 A 47 0 -16 -4 20 -4
1059 A 62 0 -7 -7 14 -7
1059 A 68 0 7 -15 8 -15
1059 A 77 0 -13 -13 26 -13
1059 A 86 0 -28 -29 57 -29
1059 S 0 1 5 0
1059 S 0 2 5 0
1059 S -1 1 5 0
1059 S -2 2 5 0
1059 S -5 1 15 0
1059 S 5 2 15 0
1059 S -5 4 15 0
1059 S -5 7 15 0
1059 S 4 1 15 0
1059 S -7 2 15 0
1059 S 1 4 15 0
1059 S -2 7 15 0
1059 T 116 1789 1390 0 0
1059 T 120 53 114 0 0
1059 T 1392 1756 118 0 0
1059 T 53 1754 1789 0 0
1059 T 604 600 596 -1 0
1059 T 594 1061 1093 0 0
1059 T 1095 99 602 0 0
1059 T 99 1063 600 0 0
1059 T 248 507 1474 0 0
1059 T 1476 501 1417 0 0
1059 T 1419 508 246 0 0
1059 T 508 503 507 0 0
1059 T 340 347 342 0 0
1059 T 344 1608 398 0 0
1059 T 400 1561 338 0 0
1059 T 1561 1606 347 -1 0
1059 T 584 300 1590 0 0
1059 T 1592 290 1633 0 0
1059 T 1635 315 582 0 0
1059 T 315 292 300 0 0
1059 T 579 315 1673 0 0
1059 T 1548 301 577 0 0
1059 T 1675 295 1546 0 0
1059 T 301 293 315 0 0
1059 T 344 1451 394 0 0
1059 T 396 462 398 0 0
1059 T 1606 464 1451 0 0
1059 T 399 467 389 0 0
1059 T 391 1505 337 0 0
1059 T 1505 465 1564 0 0
1059 T 122 124 122 0 0
1059 T 77 79 77 -1 0
1059 T 270 1537 1582 0 0
1059 T 268 264 272 0 0
1059 T 1584 470 266 0 0
1059 T 264 472 1537 0 0
1059 T 736 748 730 0 0
1059 T 436 470 426 0 0
1059 T 428 268 1149 0 0
1059 T 1151 1582 434 0 0
1059 T 431 1540 1209 0 0
1059 T 423 471 429 0 0
1059 T 1211 261 421 0 0
1059 T 564 560 568 0 0
1059 T 668 651 659 0 0
1059 T 657 866 1089 0 0
1059 T 1091 71 666 0 0
1059 T 71 868 651 0 0
1059 T 663 66 1058 0 0
1059 T 659 654 661 0 0
1059 T 1060 931 657 0 0
1059 T 654 929 66 0 0
1059 T 584 589 574 0 0
1059 T 576 1163 1590 0 0
1059 T 298 1161 589 0 0
1059 T 571 589 577 0 0
1059 T 1548 1221 569 0 0
1059 T 589 1223 303 0 0
1059 T 241 245 238 -1 0
1059 T 240 508 1617 0 0
1059 T 1619 1475 243 0 0
1059 T 243 1417 1657 0 0
1059 T 235 248 241 1 0
1059 T 1659 508 233 0 0
1059 T 232 633 1725 0 0
1059 T 224 303 230 0 0
1059 T 1727 1604 222 0 0
1059 T 303 1602 633 0 0
1059 T 227 298 217 0 0
1059 T 219 1558 1761 0 0
1059 T 1763 632 225 0 0
1059 T 632 1560 298 0 0
1059 T 160 1779 1266 0 0
1059 T 156 175 158 0 0
1059 T 1268 1742 154 -1 0
1059 T 175 1744 1779 0 0
1059 T 248 1464 342 -1 0
1059 T 340 1517 246 0 0
1059 T 1517 347 1464 0 0
1059 T 284 56 286 0 0
1059 T 288 564 1741 0 0
1059 T 1780 558 282 0 0
1059 T 132 128 124 -1 0
1059 T 1276 1841 130 0 0
1059 T 1841 58 1904 0 0
1059 T 1902 1272 128 0 0
1059 T 120 103 111 0 0
1059 T 112 105 114 0 0
1059 T 744 740 748 1 0
1059 T 3 5 3 0 0
1059 T 5 1845 1906 0 0
1059 T 1908 2 1845 1 -1
1059 T 2 1 2 0 0
1059 T 96 762 1033 0 0
1059 T 1035 720 1149 0 0
1059 T 1151 710 94 0 0
1059 T 710 718 762 0 0
1059 T 91 707 1209 0 0
1059 T 1004 762 89 0 0
1059 T 1211 713 1002 0 0
1059 T 762 715 707 0 0
1059 T 532 1554 1025 0 0
1059 T 524 582 530 0 0
1059 T 1027 184 522 0 0
1059 T 582 182 1554 0 0
1059 T 527 579 517 0 0
1059 T 519 177 994 0 0
1059 T 996 1600 525 0 0
1059 T 1600 179 579 0 0
1059 T 208 474 1101 0 0
1059 T 1103 407 1533 0 0
1059 T 1535 401 206 0 0
1059 T 401 405 474 0 0
1059 T 203 404 1577 0 0
1059 T 1072 474 201 0 0
1059 T 1579 410 1070 0 0
1059 T 474 412 404 0 0
1059 T 52 66 70 -1 0
1059 T 72 1335 1745 0 0
1059 T 1747 1784 52 0 0
1059 T 1784 1333 66 0 0
1059 T 524 1633 1097 0 0
1059 T 1099 315 530 0 0
1059 T 527 315 1066 0 0
1059 T 1068 1675 517 0 0
1059 T 334 1658 1617 0 0
1059 T 1035 184 434 0 0
1059 T 184 720 1584 0 0
1059 T 431 177 1002 0 0
1059 T 1538 713 177 0 0
1059 T 241 1573 342 0 0
1059 T 1462 1575 235 0 0
1059 T 339 1531 241 0 0
1059 T 238 1529 1520 0 0
1059 T 288 1787 726 0 0
1059 T 280 290 286 0 0
1059 T 728 1643 278 0 0
1059 T 290 1641 1787 0 0
1059 T 283 295 273 0 0
1059 T 275 1681 721 0 0
1059 T 723 1749 281 0 0
1059 T 1749 1683 295 0 0
1059 T 545 397 1569 -1 0
1059 T 1571 467 1609 0 0
1059 T 1611 391 547 0 0
1059 T 547 394 1649 0 0
1059 T 1528 400 545 1 0
1059 T 1651 462 1526 0 0
1059 T 61 64 60 -1 0
1059 T 1904 1935 63 0 0
1059 T 1935 1843 64 1 0
1059 T 185 180 184 0 0
1059 T 198 202 206 0 0
1059 T 1535 1580 200 0 0
1059 T 684 756 674 0 0
1059 T 676 916 1465 0 0
1059 T 1467 113 682 0 0
1059 T 113 914 756 0 0
1059 T 679 120 1410 0 0
1059 T 671 757 677 0 0
1059 T 1412 977 669 0 0
1059 T 757 979 120 0 0
1059 T 198 190 194 0 0
1059 T 196 1390 1725 1 0
1059 T 1727 1764 200 0 0
1059 T 1764 1392 190 0 0
1059 T 545 548 544 -1 0
1059 T 542 1525 1569 0 0
1059 T 396 379 387 0 0
1059 T 388 381 390 0 0
1059 T 1611 175 1650 0 0
1059 T 612 954 1609 0 0
1059 T 1571 131 610 0 0
1059 T 131 467 954 0 0
1059 T 607 126 1526 0 0
1059 T 1651 891 605 0 0
1059 T 891 462 126 0 0
1059 T 428 319 1770 0 0
1059 T 1772 260 1149 0 0
1059 T 266 258 319 0 0
1059 T 1211 253 1734 0 0
1059 T 1736 319 421 0 0
1059 T 319 255 263 0 0
1059 T 133 613 1029 0 0
1059 T 1300 1483 135 0 0
1059 T 1031 864 1298 0 0
1059 T 1483 862 613 0 0
1059 T 135 1425 1293 0 0
1059 T 1295 813 998 0 0
1059 T 1000 620 133 0 0
1059 T 620 815 1425 0 0
1059 T 656 1541 817 0 0
1059 T 648 716 654 0 0
1059 T 819 105 646 0 0
1059 T 716 107 1541 0 0
1059 T 651 717 641 0 0
1059 T 643 104 770 0 0
1059 T 772 1587 649 0 0
1059 T 1587 102 717 0 0
1059 T 0 1793 1854 0 0
1059 T 1856 80 1793 0 0
1059 T 692 1071 1469 0 0
1059 T 684 739 690 0 0
1059 T 1471 166 682 0 0
1059 T 739 168 1071 0 0
1059 T 687 742 677 0 0
1059 T 679 171 1414 0 0
1059 T 1416 1102 685 0 0
1059 T 1102 169 742 0 0
1059 T 931 1367 817 0 0
1059 T 1543 1365 66 0 0
1059 T 772 1362 866 0 0
1059 T 71 1364 1585 0 0
1059 T 288 587 1037 0 0
1059 T 1039 556 1741 0 0
1059 T 562 554 587 0 0
1059 T 1008 587 281 0 0
1059 T 1779 549 1006 0 0
1059 T 587 551 559 0 0
1059 T 385 1126 538 0 0
1059 T 540 536 544 0 0
1059 T 335 1186 1126 0 0
1059 T 536 1188 386 0 0
1059 T 436 1549 1774 0 0
1059 T 1776 634 426 0 0
1059 T 472 636 1549 0 0
1059 T 423 631 1738 0 0
1059 T 1740 1595 429 0 0
1059 T 1595 629 469 0 0
1059 T 1370 1046 1013 0 0
1059 T 1015 479 211 0 0
1059 T 479 483 485 0 0
1059 T 212 481 1046 0 0
1059 T 224 591 1805 0 0
1059 T 1807 1223 230 0 0
1059 T 227 1161 1865 0 0
1059 T 1867 591 217 0 0
1059 T 376 424 366 0 0
1059 T 368 1733 1025 0 0
1059 T 1027 320 374 0 0
1059 T 371 320 994 0 0
1059 T 363 425 369 0 0
1059 T 996 1771 361 0 0
1059 T 1916 95 1878 0 0
1059 T 1880 87 1817 0 0
1059 T 1819 89 1914 0 0
1059 T 89 85 95 0 0
1059 T 384 1896 538 0 0
1059 T 1128 1894 389 0 0
1059 T 535 1834 377 0 0
1059 T 396 1836 1185 0 0
1059 T 1329 273 1670 0 0
1059 T 1672 1631 80 0 0
1059 T 1631 279 1330 0 0
1059 T 271 277 273 0 0
1059 T 160 549 837 0 0
1059 T 839 1008 1266 0 0
1059 T 1267 1037 790 1 0
1059 T 792 556 153 0 0
1059 T 172 896 1197 0 0
1059 T 1199 898 1141 0 0
1059 T 1143 922 170 0 0
1059 T 922 900 896 0 0
1059 T 963 986 957 0 0
1059 T 959 167 1140 0 0
1059 T 1138 1201 961 0 0
1059 T 1201 165 986 0 0
1059 T 635 631 639 0 0
1059 T 334 326 330 0 0
1059 T 332 1899 382 0 0
1059 T 380 1838 326 0 0
1059 T 1838 173 1899 0 0
1059 T 100 1544 1886 0 0
1059 T 96 108 98 0 0
1059 T 1888 713 94 0 0
1059 T 99 101 89 0 0
1059 T 91 720 1826 0 0
1059 T 1828 1586 97 0 0
1059 T 133 137 130 0 0
1059 T 132 1602 1290 0 0
1059 T 1292 1952 135 0 0
1059 T 1952 1604 137 0 0
1059 T 135 1982 1285 0 0
1059 T 127 144 133 0 0
1059 T 1287 1560 125 0 0
1059 T 144 1558 1982 0 0
1059 T 692 473 1797 0 0
1059 T 1799 204 1469 0 0
1059 T 1416 205 1857 0 0
1059 T 1859 473 685 0 0
1059 T 644 767 646 0 0
1059 T 819 1371 769 0 0
1059 T 1596 638 1549 0 0
1059 T 396 1276 1613 0 0
1059 T 1615 158 1185 0 0
1059 T 1834 160 1276 0 0
1059 T 1128 155 1653 0 0
1059 T 1655 1269 389 0 0
1059 T 1269 153 1896 0 0
1059 T 384 1082 530 0 0
1059 T 532 556 538 0 0
1059 T 1894 554 1082 0 0
1059 T 535 549 525 0 0
1059 T 527 1116 377 0 0
1059 T 1116 551 1836 0 0
1059 T 260 1995 699 0 0
1059 T 252 305 258 0 0
1059 T 697 1434 250 0 0
1059 T 305 1436 1995 0 0
1059 T 255 312 249 0 0
1059 T 251 1492 697 1 0
1059 T 699 1961 253 0 0
1059 T 1961 1490 312 0 0
1059 T 196 1165 829 0 0
1059 T 831 852 825 0 0
1059 T 827 1493 194 0 0
1059 T 1493 850 1165 0 0
1059 T 191 1439 778 0 0
1059 T 780 801 782 0 0
1059 T 784 1227 189 0 0
1059 T 1227 803 1439 0 0
1059 T 697 701 698 0 0
1059 T 1489 703 1436 0 0
1059 T 332 1022 374 0 0
1059 T 376 459 382 0 0
1059 T 1897 457 1022 0 0
1059 T 379 454 369 0 0
1059 T 371 1056 325 0 0
1059 T 1056 456 1839 0 0
1059 T 144 439 1105 0 0
1059 T 1107 1075 1312 -1 0
1059 T 499 443 439 0 0
1059 T 1075 441 138 0 0
1059 T 1747 449 726 0 0
1059 T 724 447 1782 0 0
1059 T 449 445 485 0 0
1059 T 1204 4 1141 0 0
1059 T 1199 77 1137 0 0
1059 T 1195 1217 1189 0 0
1059 T 1191 68 1421 0 0
1059 T 1423 11 1193 0 0
1059 T 1132 1159 1134 0 0
1059 T 1136 13 1477 0 0
1059 T 1479 69 1130 0 0
1059 T 58 60 58 0 0
1059 T 352 350 352 -1 0
1059 T 532 2005 374 0 0
1059 T 2005 1554 318 0 0
1059 T 371 1975 525 0 0
1059 T 318 1600 1975 0 0
1059 T 260 2008 1318 0 0
1059 T 1320 1553 266 0 0
1059 T 263 1599 1313 0 0
1059 T 1315 1974 253 0 0
1059 T 988 185 921 0 0
1059 T 897 74 963 0 0
1059 T 344 951 1613 0 0
1059 T 1449 1276 951 0 0
1059 T 1655 886 337 0 0
1059 T 886 1269 1507 0 0
1059 T 332 1012 230 0 0
1059 T 1807 1401 330 0 0
1059 T 1012 1403 1221 0 0
1059 T 227 1042 325 0 0
1059 T 327 1408 1865 0 0
1059 T 1163 1406 1042 0 0
1059 T 1276 1114 837 0 0
1059 T 792 1084 1269 0 0
1059 T 676 1644 1093 0 0
1059 T 668 725 674 0 0
1059 T 1095 279 666 0 0
1059 T 671 724 661 0 0
1059 T 663 274 1062 0 0
1059 T 1064 1682 669 0 0
1059 T 196 917 222 0 0
1059 T 1392 1604 917 0 0
1059 T 219 984 189 0 0
1059 T 984 1558 1389 0 0
1059 T 1329 1109 965 0 0
1059 T 967 627 1670 0 0
1059 T 275 625 1109 0 0
1059 T 904 1079 1329 0 0
1059 T 1632 622 902 0 0
1059 T 1079 624 278 0 0
1059 T 692 404 1565 0 0
1059 T 1567 406 1797 0 0
1059 T 1524 401 685 0 0
1059 T 1859 411 1522 0 0
1059 T 224 576 937 0 0
1059 T 939 582 1805 0 0
1059 T 876 569 217 0 0
1059 T 1867 579 874 0 0
1059 T 612 842 1797 0 0
1059 T 1567 82 610 0 0
1059 T 82 406 842 0 0
1059 T 607 82 1522 0 0
1059 T 1859 795 605 0 0
1059 T 795 411 82 0 0
1059 T 63 973 1345 0 0
1059 T 1347 1383 1337 0 0
1059 T 1339 1512 61 0 0
1059 T 1512 1381 973 0 0
1059 T 62 1453 1341 0 0
1059 T 1343 1385 1349 0 0
1059 T 1351 911 64 0 0
1059 T 911 1387 1453 0 0
1059 T 1039 1393 1077 0 0
1059 T 1112 1399 1005 0 0
1059 T 3 1969 2002 0 0
1059 T 2004 147 1749 0 0
1059 T 1788 148 1969 0 0
1059 T 149 145 148 0 0
1059 T 100 1366 1953 0 0
1059 T 1955 67 1886 0 0
1059 T 1828 70 1985 0 0
1059 T 1987 1363 97 0 0
1059 T 1380 7 1013 0 0
1059 T 1370 1374 1378 0 0
1059 T 1374 1046 7 0 0
1059 T 240 311 230 0 0
1059 T 228 305 234 0 0
1059 T 156 1897 1914 0 0
1059 T 1916 1840 158 0 0
1059 T 1248 845 1181 0 0
1059 T 1123 799 1242 0 0
1059 T 1308 1304 1312 0 0
1059 T 1107 97 1306 -1 0
1059 T 1304 99 1073 0 0
1059 T 1084 2005 457 0 0
1059 T 456 1975 1114 0 0
1059 T 1776 63 1957 0 0
1059 T 1959 1992 80 -1 0
1059 T 1992 64 1737 0 0
1059 T 109 1381 1222 0 0
1059 T 1011 1375 111 0 0
1059 T 1375 1404 1381 0 0
1059 T 111 1378 1041 0 0
1059 T 1164 1388 109 0 0
1059 T 1388 1405 1378 0 0
1059 T 208 1085 238 0 0
1059 T 1531 1364 206 0 0
1059 T 1364 1518 1085 0 0
1059 T 203 1365 1573 0 0
1059 T 235 1119 201 0 0
1059 T 1119 1464 1365 0 0
1059 T 1357 1593 63 0 0
1059 T 1354 1358 1359 0 0
1059 T 1358 62 1550 0 0
1059 T 1567 1523 696 0 0
1059 T 85 81 84 0 0
1059 T 1284 1340 1274 0 0
1059 T 951 116 1282 0 0
1059 T 116 1451 1340 0 0
1059 T 1279 117 886 0 0
1059 T 1271 1341 1277 0 0
1059 T 1341 1505 117 0 0
1059 T 420 148 1429 0 0
1059 T 412 478 418 0 0
1059 T 1431 1052 410 0 0
1059 T 478 1050 148 0 0
1059 T 415 483 405 0 0
1059 T 407 1018 1485 0 0
1059 T 1487 148 413 0 0
1059 T 148 1020 483 0 0
1059 T 1320 1083 845 0 0
1059 T 799 1114 1314 0 0
1059 T 1709 1041 1010 0 0
1059 T 288 1019 734 0 0
1059 T 736 751 726 0 0
1059 T 1785 749 1019 0 0
1059 T 731 1049 281 0 0
1059 T 723 751 729 0 0
1059 T 1049 749 1751 0 0
1059 T 196 490 941 0 0
1059 T 943 460 1729 0 0
1059 T 1731 450 194 0 0
1059 T 450 458 490 0 0
1059 T 191 447 1765 0 0
1059 T 880 495 189 0 0
1059 T 1767 453 878 0 0
1059 T 495 455 447 0 0
1059 T 1352 1348 1356 1 0
1059 T 639 974 910 0 0
1059 T 436 1359 1957 0 0
1059 T 1991 1359 429 0 0
1059 T 484 1972 751 0 0
1059 T 751 2002 477 0 0
1059 T 1710 913 977 0 0
1059 T 757 753 767 1 0
1059 T 184 1239 1637 0 0
1059 T 1639 1403 582 0 0
1059 T 1554 1401 1239 0 0
1059 T 579 1406 1677 0 0
1059 T 1679 1177 177 0 0
1059 T 1177 1408 1600 0 0
1059 T 132 919 1282 0 0
1059 T 1284 1390 1290 1 0
1059 T 1287 1391 1277 0 0
1059 T 1279 982 125 0 0
1059 T 260 460 845 0 0
1059 T 800 453 253 0 0
1059 T 1388 1646 1013 0 0
1059 T 1407 7 1646 0 0
1059 T 1047 1688 1381 0 0
1059 T 1688 7 1402 0 0
1059 T 312 495 977 0 0
1059 T 502 491 495 0 0
1059 T 915 489 306 0 0
1059 T 1099 303 1945 0 0
1059 T 1947 293 530 0 0
1059 T 527 292 1977 0 0
1059 T 1979 298 1066 0 0
1059 T 1091 1336 1181 0 0
1059 T 1183 1748 666 0 0
1059 T 663 1782 1122 0 0
1059 T 1124 1333 1058 0 0
1059 T 172 1088 1306 0 0
1059 T 1308 1361 1298 0 0
1059 T 1300 1517 170 0 0
1059 T 167 1463 1293 0 0
1059 T 1303 1118 165 0 0
1059 T 1295 1368 1301 0 0
1059 T 1500 1515 1494 0 0
1059 T 1166 1513 8 0 0
1059 T 1440 1457 1442 0 0
1059 T 8 1459 1228 0 0
1059 T 907 1174 178 0 0
1059 T 1680 1172 905 0 0
1059 T 1174 1170 1180 0 0
1059 T 970 181 1234 0 0
1059 T 1236 1240 1230 0 0
1059 T 1232 1640 972 0 0
1059 T 939 1637 330 0 0
1059 T 327 1679 874 0 0
1059 T 1031 26 1290 0 0
1059 T 1288 22 997 0 0
1059 T 692 688 696 0 0
1059 T 939 969 933 0 0
1059 T 935 1229 330 0 0
1059 T 1169 872 327 0 0
1059 T 872 908 874 0 0
1059 T 1248 250 1465 0 0
1059 T 1467 305 2009 0 0
1059 T 2011 260 1246 0 0
1059 T 1243 253 2053 0 0
1059 T 1412 251 1241 -1 0
1059 T 2055 312 1410 0 0
1059 T 524 2059 602 0 0
1059 T 604 137 1097 0 0
1059 T 1635 139 2059 0 0
1059 T 599 2013 517 0 0
1059 T 1068 144 597 0 0
1059 T 2013 142 1673 0 0
1059 T 196 2075 1621 0 0
1059 T 1623 625 941 0 0
1059 T 492 627 2075 0 0
1059 T 880 624 1661 0 0
1059 T 1663 2029 189 0 0
1059 T 2029 622 493 0 0
1059 T 1183 450 674 0 0
1059 T 671 447 1122 0 0
1059 T 951 1789 1290 0 0
1059 T 1287 1755 886 0 0
1059 T 368 2066 522 0 0
1059 T 1735 184 2066 0 0
1059 T 519 2024 361 0 0
1059 T 2024 177 1769 0 0
1059 T 1772 2051 94 0 0
1059 T 2051 260 712 0 0
1059 T 91 2093 1734 0 0
1059 T 705 253 2093 0 0
1059 T 162 166 170 0 0
1059 T 676 490 2009 0 0
1059 T 2055 495 669 0 0
1059 T 224 1935 1809 -1 0
1059 T 214 218 222 0 0
1059 T 1811 1872 216 1 0
1059 T 218 1870 1935 0 0
1059 T 2076 2031 60 -1 0
1059 T 1917 153 1729 0 0
1059 T 943 788 1919 0 0
1059 T 788 460 153 0 0
1059 T 1919 833 878 0 0
1059 T 1767 160 1917 0 0
1059 T 160 453 833 0 0
1059 T 144 149 138 0 0
1059 T 2060 51 2013 0 0
1059 T 1250 1409 1465 0 0
1059 T 1248 1244 1252 0 0
1059 T 1183 458 2009 0 0
1059 T 2055 455 1122 0 0
1059 T 1916 1053 833 0 0
1059 T 788 1023 1913 0 0
1059 T 1328 1238 266 0 0
1059 T 1320 1402 1326 0 0
1059 T 263 1180 1321 0 0
1059 T 1323 1407 1313 0 0
1059 T 1947 855 538 0 0
1059 T 855 293 554 0 0
1059 T 535 806 1977 0 0
1059 T 551 292 806 0 0
1059 T 1819 613 833 0 0
1059 T 1055 615 91 0 0
1059 T 788 620 1877 0 0
1059 T 94 618 1021 0 0
1059 T 1264 559 1757 0 0
1059 T 1759 565 1721 0 0
1059 T 1723 561 1262 0 0
1059 T 96 1943 2017 0 0
1059 T 2019 1684 98 0 0
1059 T 1684 1941 106 0 0
1059 T 99 1642 2061 0 0
1059 T 2063 1938 89 0 0
1059 T 103 1940 1642 0 0
1059 T 1993 1962 185 0 0
1059 T 1795 438 1694 0 0
1059 T 1692 444 1854 0 0
1059 T 1079 2084 286 0 0
1059 T 2084 624 292 0 0
1059 T 283 2038 1109 0 0
1059 T 293 625 2038 0 0
1059 T 917 1340 1843 0 0
1059 T 1901 1341 984 0 0
1059 T 108 1607 1706 0 0
1059 T 1708 2036 111 0 0
1059 T 2036 1605 113 0 0
1059 T 111 2078 1701 0 0
1059 T 1703 1561 101 0 0
1059 T 120 1563 2078 0 0
1059 T 1238 346 1179 0 0
1059 T 1173 3 1236 0 0
1059 T 208 809 1189 0 0
1059 T 1195 1889 206 0 0
1059 T 1889 1217 809 0 0
1059 T 203 1831 1134 0 0
1059 T 1132 860 201 0 0
1059 T 860 1159 1831 0 0
1059 T 514 518 522 0 0
1059 T 2068 2023 86 -1 0
1059 T 676 2063 602 0 0
1059 T 599 2017 669 0 0
1059 T 1300 2048 142 0 0
1059 T 2048 1483 127 0 0
1059 T 139 2090 1293 0 0
1059 T 130 1425 2090 0 0
1059 T 468 2080 1342 0 0
1059 T 1339 2034 461 0 0
1059 T 72 1704 1590 0 0
1059 T 576 925 70 0 0
1059 T 925 1163 1704 0 0
1059 T 67 991 569 0 0
1059 T 1548 1705 65 0 0
1059 T 1705 1221 991 0 0
1059 T 1888 705 1033 0 0
1059 T 1004 712 1826 0 0
1059 T 585 1393 2082 0 0
1059 T 2040 1400 585 0 0
1059 T 934 323 872 0 0
1059 T 906 173 972 0 0
1059 T 196 1511 1809 0 0
1059 T 919 1935 1511 -1 0
1059 T 1871 1453 189 0 0
1059 T 1453 1934 982 1 0
1059 T 1496 1512 1490 0 0
1059 T 1492 1812 828 0 0
1059 T 777 1870 1434 0 0
1059 T 1436 1454 1438 0 0
1059 T 855 625 1502 0 0
1059 T 1504 2040 554 0 0
1059 T 551 2082 1446 0 0
1059 T 1448 624 806 0 0
1059 T 1504 1400 562 0 0
1059 T 559 1393 1446 0 0
1059 T 2096 187 2049 0 0
1059 T 947 965 941 0 0
1059 T 1623 1672 945 0 0
1059 T 1661 882 1632 0 0
1059 T 902 884 880 0 0
1059 T 712 708 704 0 0
1059 T 1480 1502 1474 0 0
1059 T 1476 1852 1129 0 0
1059 T 1852 1504 72 0 0
1059 T 1500 859 1998 0 0
1059 T 2000 211 1494 0 0
1059 T 1513 209 859 0 0
1059 T 1192 1910 1418 0 0
1059 T 1420 1448 1422 0 0
1059 T 65 1446 1910 0 0
1059 T 1440 211 1966 0 0
1059 T 1968 810 1442 0 0
1059 T 1459 812 211 0 0
1059 T 831 862 833 0 0
1059 T 1819 1481 829 0 0
1059 T 784 1427 1877 0 0
1059 T 788 815 782 0 0
1059 T 172 2127 1533 0 0
1059 T 741 407 2127 0 0
1059 T 1579 2117 165 0 0
1059 T 2117 410 740 0 0
1059 T 1107 1985 1298 0 0
1059 T 1295 1955 1074 0 0
1059 T 1264 1393 1258 0 0
1059 T 1260 1448 1757 0 0
1059 T 1255 1400 1261 0 0
1059 T 1724 1502 1253 0 0
1059 T 1661 161 1624 0 0
1059 T 1888 2026 434 0 0
1059 T 2026 705 182 0 0
1059 T 431 2072 1826 0 0
1059 T 179 712 2072 0 0
1059 T 9 1830 1998 0 0
1059 T 1968 1892 9 0 0
1059 T 2125 73 2120 0 0
1059 T 1388 2131 211 0 0
1059 T 2131 1646 477 0 0
1059 T 211 2121 1381 0 0
1059 T 484 1688 2121 0 0
1059 T 576 572 568 -1 0
1059 T 1717 992 927 0 0
1059 T 72 2088 1633 0 0
1059 T 1702 290 2088 0 0
1059 T 1675 2042 65 0 0
1059 T 2042 295 1707 0 0
1059 T 368 414 358 0 0
1059 T 356 420 362 0 0
1059 T 1692 71 1721 0 0
1059 T 1696 1718 1690 0 0
1059 T 1759 65 1694 0 0
1059 T 437 1985 2046 0 0
1059 T 2092 1955 444 0 0
1059 T 1698 1702 1706 0 0
1059 T 2086 152 2043 0 0
1059 T 1260 1912 1694 0 0
1059 T 1691 1850 1253 0 0
1059 T 1383 990 2034 0 0
1059 T 2080 928 1386 0 0
1059 T 509 513 510 0 0
1059 T 512 357 773 0 0
1059 T 823 355 511 0 0
1059 T 775 1714 821 0 0
1059 T 1922 1486 1429 0 0
1059 T 540 28 1801 0 0
1059 T 1803 1864 544 0 0
1059 T 1864 27 534 0 0
1059 T 468 928 1350 0 0
1059 T 1347 990 461 0 0
1059 T 696 694 696 -1 0
1059 T 692 1905 1258 0 0
1059 T 1256 1848 686 0 0
1059 T 1087 2115 1118 0 0
1059 T 1427 67 1882 0 0
1059 T 1884 2133 130 0 0
1059 T 2133 65 2090 0 0
1059 T 127 2140 1822 0 0
1059 T 1824 70 1481 0 0
1059 T 2048 72 2140 0 0
1059 T 1328 813 965 0 0
1059 T 903 863 1322 0 0
1059 T 1250 1254 1258 0 0
1059 T 1431 284 2158 0 0
1059 T 2160 730 410 0 0
1059 T 407 735 2146 0 0
1059 T 2148 285 1485 0 0
1059 T 444 2135 1886 0 0
1059 T 1828 2138 437 0 0
1059 T 74 2145 2158 0 0
1059 T 831 72 1813 0 0
1059 T 1815 19 825 0 0
1059 T 780 24 1873 0 0
1059 T 1875 65 782 0 0
1059 T 412 2130 2102 0 0
1059 T 2104 1645 418 0 0
1059 T 415 1687 2097 0 0
1059 T 2099 2124 405 0 0
1059 T 84 2101 1625 0 0
1059 T 1668 2099 83 0 0
1059 T 1627 6 1666 0 0
1059 T 1668 2124 841 0 0
1059 T 796 2130 1626 0 0
1059 T 32 1133 1477 -1 0
1059 T 32 1421 1194 0 0
1059 T 1884 2026 953 0 0
1059 T 466 2028 2135 0 0
1059 T 892 2072 1822 0 0
1059 T 2138 2070 463 0 0
1059 T 1310 1312 1310 1 0
1059 T 359 498 353 0 0
1059 T 444 468 434 0 0
1059 T 431 461 437 0 0
1059 T 1415 1193 1862 0 0
1059 T 1864 1889 1858 0 0
1059 T 1800 1831 1802 0 0
1059 T 1804 1136 1470 0 0
1059 T 139 303 1205 0 0
1059 T 1147 298 142 0 0
1059 T 322 324 322 0 0
1059 T 76 74 76 0 0
1059 T 30 777 1873 0 0
1059 T 30 1813 826 0 0
1059 T 368 1926 933 0 0
1059 T 871 1932 362 0 0
1059 T 1924 1930 1926 0 0
1059 T 1884 705 2141 0 0
1059 T 2143 184 953 0 0
1059 T 892 177 2153 0 0
1059 T 2155 712 1822 0 0
1059 T 835 2164 1729 0 0
1059 T 155 2162 878 0 0
1059 T 1767 2150 786 0 0
1059 T 943 2152 158 0 0
1059 T 947 1153 158 0 0
1059 T 1153 965 2150 0 0
1059 T 1213 884 155 0 0
1059 T 2164 904 1215 0 0
1059 T 1480 853 2246 0 0
1059 T 2248 625 1474 0 0
1059 T 1420 624 2234 0 0
1059 T 2236 808 1422 0 0
1059 T 2248 59 2233 0 0
1059 T 1496 1381 2241 0 0
1059 T 2243 975 1490 0 0
1059 T 1385 1439 2256 0 0
1059 T 2254 1433 911 0 0
1059 T 1864 2203 606 0 0
1059 T 2203 1889 794 0 0
1059 T 611 2177 1802 0 0
1059 T 843 1831 2177 0 0
1059 T 2202 122 2179 0 0
1059 T 214 216 214 0 0
1059 T 9 2252 2179 0 0
1059 T 2202 2237 10 0 0
1059 T 2237 122 2252 0 0
1059 T 975 2106 310 0 0
1059 T 2106 2110 2116 1 0
1059 T 308 2112 909 0 0
1059 T 835 2187 194 0 0
1059 T 2187 2164 452 0 0
1059 T 191 2209 786 0 0
1059 T 445 2150 2209 0 0
1059 T 823 860 817 0 0
1059 T 819 203 2165 0 0
1059 T 2167 1130 821 0 0
1059 T 1167 862 2185 0 0
1059 T 772 809 774 0 0
1059 T 776 1191 2189 0 0
1059 T 2191 206 770 0 0
1059 T 2211 815 1225 0 0
1059 T 843 1999 2250 0 0
1059 T 2240 1965 794 0 0
1059 T 1944 1231 33 0 0
1059 T 35 1170 1938 0 0
1059 T 931 1575 2165 0 0
1059 T 2191 1529 866 0 0
1059 T 1328 2223 1153 0 0
1059 T 815 2152 2223 0 0
1059 T 1215 2226 1321 0 0
1059 T 2226 2162 862 0 0
1059 T 452 1165 2226 0 0
1059 T 2223 1227 445 0 0
1059 T 1668 1384 2181 0 0
1059 T 2183 210 841 0 0
1059 T 796 210 2205 0 0
1059 T 2207 1385 1626 0 0
1059 T 1423 2290 1478 0 0
1059 T 1136 2292 1194 0 0
1059 T 1932 753 957 0 0
1059 T 1926 893 757 0 0
1059 T 1135 854 2169 0 0
1059 T 2196 808 1193 0 0
1059 T 2171 60 2194 0 0
1059 T 1876 1883 1878 0 0
1059 T 1820 1821 1814 0 0
1059 T 2249 2182 1494 0 0
1059 T 1440 2208 2239 0 0
1059 T 2243 2106 1961 0 0
1059 T 1995 2111 2253 0 0
1059 T 931 344 2278 0 0
1059 T 2280 243 2165 0 0
1059 T 2191 243 2274 0 0
1059 T 2276 337 866 0 0
1059 T 2264 1132 243 0 0
1059 T 1619 1851 2262 0 0
1059 T 243 1189 2257 0 0
1059 T 2259 1909 1657 0 0
1059 T 2249 1665 2241 0 0
1059 T 2255 1627 2239 0 0
1059 T 1471 2198 674 0 0
1059 T 754 2200 168 0 0
1059 T 671 2176 1414 0 0
1059 T 169 2174 759 0 0
1059 T 2280 2262 821 0 0
1059 T 776 2259 2274 0 0
1059 T 2175 1927 1197 0 0
1059 T 1139 1929 2198 0 0
1059 T 376 2284 933 0 0
1059 T 422 1926 2284 0 0
1059 T 872 2286 369 0 0
1059 T 2286 1931 427 0 0
1059 T 1024 2284 1231 0 0
1059 T 1169 2286 1054 0 0
1059 T 74 1214 1153 0 0
1059 T 2221 2225 2230 0 0
1059 T 29 2302 1878 0 0
1059 T 780 1883 2302 0 0
1059 T 1820 2316 29 0 0
1059 T 2316 1821 825 0 0
1059 T 2303 88 2314 0 0
1059 T 2256 2268 2241 0 0
1059 T 2272 2267 2271 0 0
1059 T 2269 2105 921 0 0
1059 T 988 2111 2270 0 0
1059 T 1863 536 38 0 0
1059 T 539 1803 39 0 0
1059 T 827 709 2297 0 0
1059 T 2299 2312 216 0 0
1059 T 2312 707 777 0 0
1059 T 620 2283 2218 0 0
1059 T 2220 1230 94 0 0
1059 T 91 1172 2213 0 0
1059 T 2215 2285 613 0 0
1059 T 2064 35 2214 0 0
1059 T 2018 2217 33 0 0
1059 T 1199 1738 2325 0 0
1059 T 2332 1775 1137 0 0
1059 T 2327 57 2330 0 0
1059 T 1413 2293 1197 0 0
1059 T 2293 670 1925 0 0
1059 T 1140 2307 1472 0 0
1059 T 1932 675 2307 0 0
1059 T 2316 2154 2297 0 0
1059 T 2311 2144 2302 0 0
1059 T 2171 50 2330 0 0
1059 T 2327 48 2194 0 0
1059 T 2312 2367 2297 0 0
1059 T 2340 2171 1469 0 0
1059 T 1803 854 2338 0 0
1059 T 2335 807 1861 0 0
1059 T 1416 2193 2333 0 0
1059 T 2063 2216 44 0 0
1059 T 2219 2019 46 0 0
1059 T 2308 425 2349 0 0
1059 T 2351 2288 674 0 0
1059 T 671 2282 2353 0 0
1059 T 2355 424 2294 0 0
1059 T 2365 2367 2365 0 0
1059 T 2363 2214 674 0 0
1059 T 671 2219 2358 0 0
1059 T 1471 2318 2349 0 0
1059 T 1139 425 2318 0 0
1059 T 2355 2323 1414 0 0
1059 T 2323 424 1198 0 0
1059 T 2324 631 2325 0 0
1059 T 2331 634 2317 0 0
1059 T 2346 2348 2346 1 0
1059 T 1471 2330 2369 0 0
1059 T 2375 2328 1414 0 0
1059 T 2383 2381 2383 1 0
1059 T 2393 2395 2393 0 0
1059 T 2402 2404 2402 1 0
1059 U 15 1 2 0 0
1059 U 5 1 1 -1 0
1059 U 18 2 1 1 0
1059 U 42 2 1 0 0
1059 U 10 3 4 0 0
1059 U 1220 5 3 0 0
1059 U 1442 4 5 0 0
1059 U 12 4 3 0 0
1059 U 67 5 4 0 0
1059 U 23 4 3 0 0
1059 U 804 6 4 0 0
1059 U 8 5 6 0 0
1059 U 1157 7 9 0 0
1059 U 9 8 7 0 0
1059 U 1499 9 8 0 0
1059 U 851 9 7 0 0
1059 U 7 10 9 0 0
1059 U 20 8 7 0 0
1059 U 71 9 8 0 0
1059 U 14 8 7 0 0
1059 U 2338 11 15 0 0
1059 U 39 12 11 0 0
1059 U 1948 15 12 0 0
1059 U 604 14 11 0 0
1059 U 1207 16 14 0 0
1059 U 2363 13 11 0 0
1059 U 44 14 13 0 0
1059 U 2351 18 11 0 0
1059 U 614 13 18 0 0
1059 U 2371 16 11 0 0
1059 U 635 18 16 0 0
1059 U 49 16 15 0 0
1059 U 1951 17 13 0 0
1059 U 26 17 18 0 0
1059 U 598 19 22 0 0
1059 U 1980 24 19 0 0
1059 U 1146 22 24 0 0
1059 U 38 20 19 0 0
1059 U 2335 24 20 0 0
1059 U 2376 24 19 0 0
1059 U 47 23 24 0 0
1059 U 2356 26 19 0 0
1059 U 629 24 26 0 0
1059 U 2359 21 19 0 0
1059 U 620 26 21 0 0
1059 U 45 21 22 0 0
1059 U 1984 25 21 0 0
1059 U 22 26 25 0 0
1059 Q 124 1268 79 1266 0 0 0 0 0 0
1059 Q 52 732 5 734 0 0 0 0 -1 0
1059 Q 748 3 748 3 0 0 0 0 0 0
1059 Q 566 176 566 176 0 0 0 0 0 0
1059 Q 3 740 53 742 -1 0 0 0 0 0
1059 Q 60 1336 350 1334 0 0 0 0 0 0
1059 Q 0 644 185 646 0 0 0 0 0 0
1059 Q 187 765 187 765 0 0 0 0 0 0
1059 Q 78 1007 4 1037 0 0 0 0 0 0
1059 Q 1079 1 1110 80 0 0 0 0 0 0
1059 Q 1399 2 1393 6 0 0 0 0 0 0
1059 Q 0 1244 76 1246 0 0 0 0 0 0
1059 Q 1183 58 1121 0 0 0 0 0 0 0
1059 Q 74 799 60 845 0 0 0 0 0 0
1059 Q 74 1316 3 1318 0 0 0 0 0 0
1059 Q 5 1114 60 1083 0 0 0 0 0 0
1059 Q 162 999 2 1029 0 0 0 0 0 0
1059 Q 1292 1 1286 164 0 1 0 0 1 -1
1059 Q 22 2 26 1 -1 1 0 0 0 -1
1059 Q 122 791 5 837 0 0 0 0 0 0
1059 Q 0 652 270 654 0 0 0 0 0 0
1059 Q 1091 350 1057 0 0 0 0 0 0 0
1059 Q 966 269 904 1 0 0 0 0 0 0
1059 Q 514 596 514 596 0 0 0 0 0 0
1059 Q 88 420 1713 414 0 0 0 0 0 0
1059 Q 322 356 149 358 0 0 0 0 0 0
1059 Q 345 816 2 862 0 0 0 0 0 0
1059 Q 694 1264 4 1262 0 0 0 0 1 0
1059 Q 0 660 593 659 0 0 0 0 0 0
1059 Q 1684 4 1641 1700 0 0 0 0 0 0
1059 Q 348 1937 6 1943 0 0 0 0 0 0
1059 Q 951 351 885 164 0 0 0 0 0 0
1059 Q 1 1754 349 1791 0 0 -1 1 0 1
1059 Q 868 350 930 593 0 0 0 0 0 0
1059 Q 1922 76 1922 76 0 0 0 0 0 0
1059 Q 1713 1686 5 1647 0 0 0 0 0 0
1059 Q 1408 2230 1402 5 0 0 0 0 0 0
1059 Q 7 1713 8 2232 0 0 0 0 0 0
1059 Q 216 322 216 322 0 0 0 0 0 0
1059 Q 34 4 36 5 0 0 0 0 0 0
1059 Q 487 1460 1715 1513 0 0 0 0 0 0
1059 Q 1143 2265 1202 1312 0 0 0 0 0 0
1059 Q 694 1652 2343 1609 0 0 0 0 0 0
1059 Q 956 2341 890 87 0 0 0 0 0 0
1059 Q 180 2367 182 2342 0 0 0 0 0 0
1059 Q 2342 907 2383 969 0 0 0 0 0 0
1059 Q 1233 2381 1176 2367 0 0 0 0 0 0
1059 Q 1260 2346 1254 0 0 0 0 0 0 0
1059 Q 1910 500 1851 2348 0 0 0 0 0 0
1059 Q 2280 2386 2273 516 0 0 0 0 0 0
1059 Q 2348 1658 2388 1619 0 0 0 0 0 0
1059 Q 514 867 2377 929 0 0 0 0 0 0
1059 Q 349 2379 349 2379 0 0 0 0 0 0
1059 Q 2382 16 2383 17 0 0 0 0 0 0
1059 Q 2377 342 2386 340 0 0 0 0 0 0
1059 Q 2390 164 2390 164 0 0 0 0 0 0
1059 Q 951 2379 885 2392 0 0 0 0 0 0
1059 Q 2386 1656 2392 1613 0 0 0 0 0 0
1059 Q 2386 1127 2393 1185 0 0 0 0 0 0
1059 Q 154 2392 160 2395 0 0 0 0 0 0
1059 Q 2390 883 2400 945 0 0 0 0 0 0
1059 Q 80 2398 80 2398 0 0 0 0 0 0
1059 Q 2395 1214 2400 1155 0 0 0 0 0 0
1059 Q 2398 899 2402 961 0 0 0 0 0 0
1059 Q 3 2404 3 2404 0 0 0 0 0 0
1059 Q 2403 41 2404 42 0 0 0 0 1 0
