266 A 5 0 0 -2 0 2
266 A 6 0 3 -1 -3 1
266 A 6 0 3 -2 -3 2
266 A 9 0 0 -4 0 4
266 A 10 0 5 -2 -5 2
266 A 10 0 5 -3 -5 3
266 A 11 0 0 -4 0 4
266 A 12 0 -3 -2 3 2
266 A 12 0 3 -2 -3 2
266 A 15 0 0 -2 0 2
266 A 15 0 0 -7 0 7
266 A 0 1 -113 0 113 0
266 A -1 1 -88 0 88 0
266 A 1 1 -88 0 88 0
266 A -2 1 -107 -1 107 1
266 A 2 1 107 -1 -107 1
266 A -3 1 -73 -1 73 1
266 A 3 1 73 -1 -73 1
266 A -4 1 -91 -1 91 1
266 A 4 1 91 -1 -91 1
266 A -7 1 -57 -1 57 1
266 A -7 1 -57 -2 57 2
266 A 7 1 57 -1 -57 1
266 A 7 1 57 -2 -57 2
266 A 18 0 9 -4 -9 4
266 A 18 0 9 -5 -9 5
266 A -8 1 -73 -2 73 2
266 A 8 1 73 -2 -73 2
266 A 20 0 -5 -2 5 2
266 A 20 0 5 -2 -5 2
266 A -13 1 -33 -2 33 2
266 A 13 1 33 -2 -33 2
266 A 22 0 11 -4 -11 4
266 A 22 0 11 -7 -11 7
266 A -16 1 -121 -7 121 7
266 A 16 1 121 -7 -121 7
266 A 24 0 -3 -4 3 4
266 A 24 0 3 -4 -3 4
266 A 27 0 0 -13 0 13
266 A -23 1 -73 -6 73 6
266 A 23 1 73 -6 -73 6
266 A 30 0 15 -2 -15 2
266 A 30 0 15 -8 -15 8
266 A 0 2 -113 0 113 0
266 A 0 2 -153 0 153 0
266 A 0 2 -265 0 265 0
266 A -2 2 -87 -1 87 1
266 A 2 2 87 -1 -87 1
266 A -4 2 -157 -2 157 2
266 A 4 2 157 -2 -157 2
266 A -8 2 -87 -2 87 2
266 A 8 2 87 -2 -87 2
266 A -14 2 -57 -1 57 1
266 A 14 2 57 -1 -57 1
266 A -32 1 -121 -15 121 15
266 A 32 1 121 -15 -121 15
266 A 45 0 0 -22 0 22
266 A 0 4 -379 0 379 0
266 A 5 0 0 -1 0 -1
266 A 10 0 5 -1 5 -1
266 A 23 0 0 -4 0 -4
266 A 25 0 0 -6 0 -6
266 A 31 0 0 -9 0 -9
266 A 61 0 0 -5 0 -5
266 A 83 0 0 -25 0 -25
266 A 101 0 0 -38 0 -38
266 A 115 0 0 -19 0 -19
266 A 125 0 0 -31 0 -31
266 A 131 0 0 -65 0 -65
266 A 4 0 -1 -1 -1 1
266 A 5 0 -1 -1 -2 2
266 A 5 0 1 -1 2 2
266 A 7 0 -1 -1 1 -1
266 A 7 0 -2 -1 -3 -2
266 A 7 0 2 -1 3 -2
266 A 7 0 -3 -1 -2 3
266 A 7 0 3 -1 2 3
266 A 7 0 -1 -2 1 -2
266 A 7 0 -2 -2 -3 3
266 A 7 0 2 -2 3 3
266 A 7 0 -1 -3 1 -3
266 A 8 0 -1 -1 3 -3
266 A 8 0 1 -1 -3 -3
266 A 8 0 -3 -1 1 -3
266 A 8 0 3 -1 -1 -3
266 A 9 0 0 -1 0 -2
266 A 9 0 -3 -1 -3 -2
266 A 9 0 3 -1 3 -2
266 A 9 0 -3 -4 -3 4
266 A 10 0 -1 -1 3 -3
266 A 10 0 1 -1 -3 -3
266 A 11 0 0 -1 0 5
266 A 11 0 -1 -1 4 -4
266 A 11 0 1 -1 -4 -4
266 A 11 0 -2 -1 4 -2
266 A 11 0 2 -1 -4 -2
266 A 11 0 -4 -1 -1 3
266 A 11 0 4 -1 1 3
266 A 11 0 -5 -1 1 2
266 A 11 0 5 -1 -1 2
266 A 11 0 0 -2 0 -3
266 A 11 0 -2 -2 2 -2
266 A 11 0 -3 -2 -5 -4
266 A 11 0 3 -2 5 -4
266 A 11 0 -3 -3 5 -5
266 A 11 0 3 -3 -5 -5
266 A 11 0 -4 -3 4 -3
266 A 11 0 -5 -3 -5 3
266 A 11 0 -2 -4 -3 -5
266 A 11 0 2 -4 3 -5
266 A 11 0 -3 -4 -1 5
266 A 11 0 3 -4 1 5
266 A 11 0 -2 -5 -2 5
266 A 12 0 -3 -1 -3 1
266 A 12 0 -3 -5 -3 5
266 A 13 0 0 -1 0 2
266 A 13 0 -1 -1 2 -2
266 A 13 0 1 -1 -2 -2
266 A 13 0 -2 -1 -5 -4
266 A 13 0 2 -1 5 -4
266 A 13 0 -3 -1 -5 6
266 A 13 0 3 -1 5 6
266 A 13 0 -4 -1 -1 -3
266 A 13 0 4 -1 1 -3
266 A 13 0 -5 -1 1 5
266 A 13 0 5 -1 -1 5
266 A 13 0 -6 -1 2 4
266 A 13 0 6 -1 -2 4
266 A 13 0 -1 -2 -1 2
266 A 13 0 -3 -2 6 -4
266 A 13 0 3 -2 -6 -4
266 A 13 0 -4 -2 4 -2
266 A 13 0 -5 -2 -6 5
266 A 13 0 5 -2 6 5
266 A 13 0 -6 -2 4 3
266 A 13 0 6 -2 -4 3
266 A 13 0 0 -3 0 5
266 A 13 0 -2 -3 -4 6
266 A 13 0 2 -3 4 6
266 A 13 0 -3 -3 5 -5
266 A 13 0 3 -3 -5 -5
266 A 13 0 -5 -3 5 -3
266 A 13 0 -6 -3 -6 3
266 A 13 0 0 -4 0 -6
266 A 13 0 -1 -4 -2 -5
266 A 13 0 1 -4 2 -5
266 A 13 0 -3 -4 3 -4
266 A 13 0 -4 -4 -6 6
266 A 13 0 4 -4 6 6
266 A 13 0 -3 -5 1 -6
266 A 13 0 3 -5 -1 -6
266 A 13 0 -4 -5 3 6
266 A 13 0 4 -5 -3 6
266 A 13 0 -2 -6 -2 6
266 A 14 0 -1 -1 1 -1
266 A 14 0 -3 -1 5 3
266 A 14 0 3 -1 -5 3
266 A 14 0 -5 -1 3 5
266 A 14 0 5 -1 -3 5
266 A 14 0 -1 -3 1 -3
266 A 14 0 -3 -3 5 -5
266 A 14 0 3 -3 -5 -5
266 A 14 0 -1 -5 1 -5
266 A 15 0 0 -1 0 4
266 A 15 0 -6 -1 3 7
266 A 15 0 6 -1 -3 7
266 A 15 0 -3 -2 6 -4
266 A 15 0 3 -2 -6 -4
266 A 16 0 -1 -1 3 -3
266 A 16 0 1 -1 -3 -3
266 A 16 0 -3 -1 1 5
266 A 16 0 3 -1 -1 5
266 A 16 0 -5 -1 7 5
266 A 16 0 5 -1 -7 5
266 A 16 0 -7 -1 5 -3
266 A 16 0 7 -1 -5 -3
266 A 16 0 -1 -3 3 7
266 A 16 0 1 -3 -3 7
266 A 16 0 -7 -3 5 7
266 A 16 0 7 -3 -5 7
266 A 16 0 -3 -5 1 -7
266 A 16 0 3 -5 -1 -7
266 A 16 0 -5 -5 7 -7
266 A 16 0 5 -5 -7 -7
266 A 0 1 -17 0 47 0
266 A 0 1 -23 0 81 0
266 A 0 1 -25 0 -117 0
266 A 0 1 -27 0 69 0
266 A 0 1 -31 0 103 0
266 A 0 1 -33 0 129 0
266 A 0 1 -37 0 -115 0
266 A 0 1 -39 0 -75 0
266 A 0 1 -43 0 99 0
266 A 0 1 -45 0 -65 0
266 A 0 1 -67 0 -131 0
266 A 0 1 -79 0 -101 0
266 A 0 1 -83 0 125 0
266 A 0 1 -111 0 -127 0
266 A -1 1 -17 0 110 0
266 A -1 1 -22 0 85 0
266 A -1 1 -23 0 -58 0
266 A -1 1 -28 0 124 0
266 A -1 1 -29 0 -46 0
266 A -1 1 -31 0 112 0
266 A -1 1 -35 0 -61 0
266 A -1 1 -43 0 118 0
266 A -1 1 -44 0 -91 0
266 A -1 1 -47 0 125 0
266 A -1 1 -59 0 86 0
266 A -1 1 -71 0 -94 0
266 A -1 1 -74 0 83 0
266 A -1 1 -79 0 -98 0
266 A -1 1 -92 0 119 0
266 A -1 1 -95 0 104 0
266 A 1 1 -17 0 110 0
266 A 1 1 -22 0 85 0
266 A 1 1 -23 0 -58 0
266 A 1 1 -28 0 124 0
266 A 1 1 -29 0 -46 0
266 A 1 1 -31 0 112 0
266 A 1 1 -35 0 -61 0
266 A 1 1 -43 0 118 0
266 A 1 1 -44 0 -91 0
266 A 1 1 -47 0 125 0
266 A 1 1 -59 0 86 0
266 A 1 1 -71 0 -94 0
266 A 1 1 -74 0 83 0
266 A 1 1 -79 0 -98 0
266 A 1 1 -92 0 119 0
266 A 1 1 -95 0 104 0
266 A -2 1 -17 0 -125 -1
266 A -2 1 -19 0 -69 -1
266 A -2 1 -23 0 47 0
266 A -2 1 -29 0 -119 -1
266 A -2 1 -31 0 61 0
266 A -2 1 -37 0 71 1
266 A -2 1 -43 0 -111 -1
266 A -2 1 -53 0 105 1
266 A -2 1 -59 0 117 1
266 A -2 1 -67 0 131 1
266 A -2 1 -87 -1 -89 -1
266 A -2 1 -95 -1 101 1
266 A -2 1 -99 -1 129 1
266 A 2 1 -17 0 -125 1
266 A 2 1 -19 0 -69 1
266 A 2 1 -23 0 47 0
266 A 2 1 -29 0 -119 1
266 A 2 1 -31 0 61 0
266 A 2 1 -37 0 71 -1
266 A 2 1 -43 0 -111 1
266 A 2 1 -53 0 105 -1
266 A 2 1 -59 0 117 -1
266 A 2 1 -67 0 131 -1
266 A 2 1 87 -1 89 -1
266 A 2 1 95 -1 -101 1
266 A 2 1 99 -1 -129 1
266 A -3 1 -17 0 -94 -1
266 A -3 1 -18 0 104 1
266 A -3 1 -19 0 29 0
266 A -3 1 -24 0 -123 -1
266 A -3 1 -26 0 -71 -1
266 A -3 1 -27 0 -109 -1
266 A -3 1 -28 0 -105 -1
266 A -3 1 -32 0 43 0
266 A -3 1 -36 0 -81 -1
266 A -3 1 -37 0 -49 -1
266 A -3 1 -46 -1 -98 -1
266 A -3 1 -48 -1 -121 -1
266 A -3 1 -50 -1 -80 -1
266 A -3 1 -51 -1 -53 -1
266 A -3 1 -54 -1 -79 -1
266 A -3 1 -55 -1 -125 -1
266 A -3 1 -61 -1 -113 -1
266 A -3 1 -70 -1 -110 -1
266 A -3 1 -78 -1 -126 -1
266 A -3 1 -106 -1 -108 -1
266 A 3 1 -17 0 -94 1
266 A 3 1 -18 0 104 -1
266 A 3 1 -19 0 29 0
266 A 3 1 -24 0 -123 1
266 A 3 1 -26 0 -71 1
266 A 3 1 -27 0 -109 1
266 A 3 1 -28 0 -105 1
266 A 3 1 -32 0 43 0
266 A 3 1 -36 0 -81 1
266 A 3 1 -37 0 -49 1
266 A 3 1 46 -1 98 -1
266 A 3 1 48 -1 121 -1
266 A 3 1 50 -1 80 -1
266 A 3 1 51 -1 53 -1
266 A 3 1 54 -1 79 -1
266 A 3 1 55 -1 125 -1
266 A 3 1 61 -1 113 -1
266 A 3 1 70 -1 110 -1
266 A 3 1 78 -1 126 -1
266 A 3 1 106 -1 108 -1
266 A -4 1 -17 0 79 1
266 A -4 1 -19 0 -85 -1
266 A -4 1 -23 0 -45 -1
266 A -4 1 -29 0 99 2
266 A -4 1 -31 0 87 1
266 A -4 1 -35 0 129 2
266 A -4 1 -33 -1 57 1
266 A -4 1 -49 -1 -125 -2
266 A -4 1 -63 -1 -97 -1
266 A -4 1 -69 -1 81 1
266 A -4 1 -93 -1 -117 -2
266 A -4 1 -101 -2 -111 -2
266 A -4 1 -119 -2 -123 -2
266 A 4 1 -17 0 79 -1
266 A 4 1 -19 0 -85 1
266 A 4 1 -23 0 -45 1
266 A 4 1 -29 0 99 -2
266 A 4 1 -31 0 87 -1
266 A 4 1 -35 0 129 -2
266 A 4 1 33 -1 -57 1
266 A 4 1 49 -1 125 -2
266 A 4 1 63 -1 97 -1
266 A 4 1 69 -1 -81 1
266 A 4 1 93 -1 117 -2
266 A 4 1 101 -2 111 -2
266 A 4 1 119 -2 123 -2
266 A 17 0 -5 -1 -6 8
266 A 17 0 5 -1 6 8
266 A 17 0 -6 -1 7 -4
266 A 17 0 6 -1 -7 -4
266 A 17 0 -7 -1 -3 -2
266 A 17 0 7 -1 3 -2
266 A 17 0 -8 -1 6 -5
266 A 17 0 8 -1 -6 -5
266 A 17 0 0 -2 0 -7
266 A 17 0 -1 -2 -3 6
266 A 17 0 1 -2 3 6
266 A 17 0 -2 -2 5 -5
266 A 17 0 2 -2 -5 -5
266 A 17 0 -4 -2 8 -4
266 A 17 0 4 -2 -8 -4
266 A 17 0 -5 -2 5 -2
266 A 17 0 -6 -2 -8 -3
266 A 17 0 6 -2 8 -3
266 A 17 0 -7 -2 3 4
266 A 17 0 7 -2 -3 4
266 A 17 0 -8 -2 7 -6
266 A 17 0 8 -2 -7 -6
266 A 17 0 -1 -3 8 -7
266 A 17 0 1 -3 -8 -7
266 A 17 0 -2 -3 2 -3
266 A 17 0 -4 -3 -1 5
266 A 17 0 4 -3 1 5
266 A 17 0 -5 -3 1 -4
266 A 17 0 5 -3 -1 -4
266 A 17 0 -6 -3 -6 3
266 A 17 0 -7 -3 2 4
266 A 17 0 7 -3 -2 4
266 A 17 0 0 -4 0 5
266 A 17 0 -4 -4 -6 6
266 A 17 0 4 -4 6 6
266 A 17 0 -5 -4 4 7
266 A 17 0 5 -4 -4 7
266 A 17 0 -6 -4 5 8
266 A 17 0 6 -4 -5 8
266 A 17 0 -4 -5 2 6
266 A 17 0 4 -5 -2 6
266 A 17 0 -7 -5 7 -5
266 A 17 0 -8 -5 -8 5
266 A 17 0 0 -6 0 -8
266 A 17 0 -4 -6 1 7
266 A 17 0 4 -6 -1 7
266 A 17 0 -5 -6 3 -7
266 A 17 0 5 -6 -3 -7
266 A 17 0 -8 -6 8 -6
266 A 17 0 -2 -7 -2 7
266 A 17 0 -5 -7 -4 -8
266 A 17 0 5 -7 4 -8
266 A 17 0 -6 -7 -2 8
266 A 17 0 6 -7 2 8
266 A 17 0 -3 -8 -3 8
266 A -5 1 -19 0 41 1
266 A -5 1 -20 0 121 2
266 A -5 1 -23 0 33 1
266 A -5 1 -25 0 -118 -2
266 A -5 1 -26 -1 -112 -2
266 A -5 1 -27 -1 -90 -2
266 A -5 1 -29 -1 -72 -1
266 A -5 1 -39 -1 81 1
266 A -5 1 -42 -1 -120 -2
266 A -5 1 -44 -1 -85 -2
266 A -5 1 -45 -1 -59 -1
266 A -5 1 -60 -1 -84 -2
266 A -5 1 -63 -1 97 2
266 A -5 1 -82 -2 -126 -2
266 A -5 1 -91 -2 -111 -2
266 A -5 1 -93 -2 -103 -2
266 A 5 1 -19 0 41 -1
266 A 5 1 -20 0 121 -2
266 A 5 1 -23 0 33 -1
266 A 5 1 -25 0 -118 2
266 A 5 1 26 -1 112 -2
266 A 5 1 27 -1 90 -2
266 A 5 1 29 -1 72 -1
266 A 5 1 39 -1 -81 1
266 A 5 1 42 -1 120 -2
266 A 5 1 44 -1 85 -2
266 A 5 1 45 -1 59 -1
266 A 5 1 60 -1 84 -2
266 A 5 1 63 -1 -97 2
266 A 5 1 82 -2 126 -2
266 A 5 1 91 -2 111 -2
266 A 5 1 93 -2 103 -2
266 A -6 1 -19 0 -125 -3
266 A -6 1 -21 0 -103 -2
266 A -6 1 -25 0 127 3
266 A -6 1 -23 -1 113 2
266 A -6 1 -25 -1 33 1
266 A -6 1 -31 -1 43 1
266 A -6 1 -45 -1 65 2
266 A -6 1 -47 -1 51 1
266 A -6 1 -59 -1 67 2
266 A -6 1 -67 -1 -79 -2
266 A -6 1 -77 -2 -83 -2
266 A -6 1 -95 -2 -109 -3
266 A -6 1 -97 -2 115 3
266 A -6 1 -99 -2 105 2
266 A 6 1 -19 0 -125 3
266 A 6 1 -21 0 -103 2
266 A 6 1 -25 0 127 -3
266 A 6 1 23 -1 -113 2
266 A 6 1 25 -1 -33 1
266 A 6 1 31 -1 -43 1
266 A 6 1 45 -1 -65 2
266 A 6 1 47 -1 -51 1
266 A 6 1 59 -1 -67 2
266 A 6 1 67 -1 79 -2
266 A 6 1 77 -2 83 -2
266 A 6 1 95 -2 109 -3
266 A 6 1 97 -2 -115 3
266 A 6 1 99 -2 -105 2
266 A -7 1 -19 0 -95 -3
266 A -7 1 -22 0 36 1
266 A -7 1 -16 -1 116 3
266 A -7 1 -19 -1 -95 -2
266 A -7 1 -24 -1 54 1
266 A -7 1 -25 -1 107 3
266 A -7 1 -27 -1 118 3
266 A -7 1 -34 -1 125 3
266 A -7 1 -40 -1 -60 -1
266 A -7 1 -45 -1 89 2
266 A -7 1 -46 -1 93 2
266 A -7 1 -54 -2 -74 -2
266 A -7 1 -69 -2 -127 -3
266 A -7 1 -78 -2 92 3
266 A -7 1 -80 -2 103 3
266 A -7 1 -87 -2 110 3
266 A -7 1 -101 -3 -121 -3
266 A 7 1 -19 0 -95 3
266 A 7 1 -22 0 36 -1
266 A 7 1 16 -1 -116 3
266 A 7 1 19 -1 95 -2
266 A 7 1 24 -1 -54 1
266 A 7 1 25 -1 -107 3
266 A 7 1 27 -1 -118 3
266 A 7 1 34 -1 -125 3
266 A 7 1 40 -1 60 -1
266 A 7 1 45 -1 -89 2
266 A 7 1 46 -1 -93 2
266 A 7 1 54 -2 74 -2
266 A 7 1 69 -2 127 -3
266 A 7 1 78 -2 -92 3
266 A 7 1 80 -2 -103 3
266 A 7 1 87 -2 -110 3
266 A 7 1 101 -3 121 -3
266 A 18 0 9 -1 9 7
266 A 18 0 -3 -2 -3 8
266 A 18 0 3 -2 3 8
266 A 18 0 9 -2 9 8
266 A 18 0 -1 -3 1 -3
266 A 18 0 -3 -4 -3 4
266 A -8 1 -19 0 115 3
266 A -8 1 -15 -1 -35 -1
266 A -8 1 -21 -1 -75 -2
266 A -8 1 -23 -1 -117 -4
266 A -8 1 -29 -1 -83 -3
266 A -8 1 -45 -1 113 3
266 A -8 1 -51 -1 -119 -4
266 A -8 1 -53 -1 -95 -3
266 A -8 1 -55 -2 -63 -2
266 A -8 1 -87 -2 125 4
266 A 8 1 -19 0 115 -3
266 A 8 1 15 -1 35 -1
266 A 8 1 21 -1 75 -2
266 A 8 1 23 -1 117 -4
266 A 8 1 29 -1 83 -3
266 A 8 1 45 -1 -113 3
266 A 8 1 51 -1 119 -4
266 A 8 1 53 -1 95 -3
266 A 8 1 55 -2 63 -2
266 A 8 1 87 -2 -125 4
266 A -9 1 -19 0 -55 -2
266 A -9 1 -11 -1 -43 -1
266 A -9 1 -12 -1 -24 -1
266 A -9 1 -15 -1 -123 -4
266 A -9 1 -21 -1 63 2
266 A -9 1 -38 -1 78 2
266 A -9 1 -46 -1 -64 -2
266 A -9 1 -48 -2 127 4
266 A -9 1 -61 -2 96 3
266 A -9 1 -74 -2 -105 -3
266 A -9 1 -82 -3 120 4
266 A -9 1 -95 -3 101 3
266 A -9 1 -110 -4 128 4
266 A 9 1 -19 0 -55 2
266 A 9 1 11 -1 43 -1
266 A 9 1 12 -1 24 -1
266 A 9 1 15 -1 123 -4
266 A 9 1 21 -1 -63 2
266 A 9 1 38 -1 -78 2
266 A 9 1 46 -1 64 -2
266 A 9 1 48 -2 -127 4
266 A 9 1 61 -2 -96 3
266 A 9 1 74 -2 105 -3
266 A 9 1 82 -3 -120 4
266 A 9 1 95 -3 -101 3
266 A 9 1 110 -4 -128 4
266 A 19 0 -1 -2 1 -2
266 A 19 0 -3 -2 -6 4
266 A 19 0 3 -2 6 4
266 A 19 0 -4 -2 5 7
266 A 19 0 4 -2 -5 7
266 A 19 0 -5 -2 4 6
266 A 19 0 5 -2 -4 6
266 A 19 0 -7 -2 -8 5
266 A 19 0 7 -2 8 5
266 A 19 0 -8 -2 -7 -3
266 A 19 0 8 -2 7 -3
266 A 19 0 -1 -3 1 -3
266 A 19 0 -2 -3 -9 4
266 A 19 0 2 -3 9 4
266 A 19 0 -3 -3 -6 6
266 A 19 0 3 -3 6 6
266 A 19 0 -5 -3 4 9
266 A 19 0 5 -3 -4 9
266 A 19 0 -8 -3 -7 5
266 A 19 0 8 -3 7 5
266 A 19 0 -3 -4 -6 8
266 A 19 0 3 -4 6 8
266 A 19 0 -5 -4 4 -7
266 A 19 0 5 -4 -4 -7
266 A 19 0 -8 -4 -7 -6
266 A 19 0 8 -4 7 -6
266 A 19 0 -1 -5 1 -5
266 A 19 0 -2 -5 -9 -6
266 A 19 0 2 -5 9 -6
266 A 19 0 -3 -6 -6 -7
266 A 19 0 3 -6 6 -7
266 A 19 0 -1 -7 1 -7
266 A 19 0 -9 -7 -2 -9
266 A 19 0 9 -7 2 -9
266 A 19 0 -1 -8 1 -8
266 A 19 0 -1 -9 1 -9
266 A -10 1 -15 -1 -121 -4
266 A -10 1 -19 -1 71 3
266 A -10 1 -21 -1 -39 -2
266 A -10 1 -25 -1 -85 -3
266 A -10 1 -31 -1 95 3
266 A -10 1 -37 -1 -79 -3
266 A -10 1 -39 -1 97 3
266 A -10 1 -35 -2 -123 -5
266 A -10 1 -59 -2 99 4
266 A -10 1 -63 -2 -67 -3
266 A -10 1 -103 -4 -111 -4
266 A 10 1 15 -1 121 -4
266 A 10 1 19 -1 -71 3
266 A 10 1 21 -1 39 -2
266 A 10 1 25 -1 85 -3
266 A 10 1 31 -1 -95 3
266 A 10 1 37 -1 79 -3
266 A 10 1 39 -1 -97 3
266 A 10 1 35 -2 123 -5
266 A 10 1 59 -2 -99 4
266 A 10 1 63 -2 67 -3
266 A 10 1 103 -4 111 -4
266 A -11 1 -11 -1 55 3
266 A -11 1 -14 -1 20 1
266 A -11 1 -23 -1 104 4
266 A -11 1 -26 -1 92 4
266 A -11 1 -30 -1 -107 -4
266 A -11 1 -41 -1 45 2
266 A -11 1 -31 -2 -51 -2
266 A -11 1 -40 -2 -126 -5
266 A -11 1 -60 -2 85 3
266 A -11 1 -59 -3 89 3
266 A -11 1 -70 -3 80 4
266 A -11 1 -71 -3 -105 -5
266 A -11 1 -74 -3 115 5
266 A -11 1 -81 -4 106 5
266 A 11 1 11 -1 -55 3
266 A 11 1 14 -1 -20 1
266 A 11 1 23 -1 -104 4
266 A 11 1 26 -1 -92 4
266 A 11 1 30 -1 107 -4
266 A 11 1 41 -1 -45 2
266 A 11 1 31 -2 51 -2
266 A 11 1 40 -2 126 -5
266 A 11 1 60 -2 -85 3
266 A 11 1 59 -3 -89 3
266 A 11 1 70 -3 -80 4
266 A 11 1 71 -3 105 -5
266 A 11 1 74 -3 -115 5
266 A 11 1 81 -4 -106 5
266 A 20 0 -7 -2 -1 6
266 A 20 0 7 -2 1 6
266 A 20 0 -5 -7 -5 7
266 A 20 0 -7 -7 9 -9
266 A 20 0 7 -7 -9 -9
266 A -12 1 -21 -1 51 3
266 A -12 1 -31 -1 -95 -4
266 A -12 1 -37 -1 99 5
266 A -12 1 -43 -2 105 4
266 A -12 1 -47 -2 -119 -5
266 A -12 1 -55 -2 73 3
266 A -12 1 -53 -3 81 4
266 A 12 1 21 -1 -51 3
266 A 12 1 31 -1 95 -4
266 A 12 1 37 -1 -99 5
266 A 12 1 43 -2 -105 4
266 A 12 1 47 -2 119 -5
266 A 12 1 55 -2 -73 3
266 A 12 1 53 -3 -81 4
266 A -13 1 -15 -1 124 6
266 A -13 1 -24 -1 -34 -1
266 A -13 1 -25 -1 -64 -3
266 A -13 1 -28 -1 113 6
266 A -13 1 -36 -1 -45 -2
266 A -13 1 -26 -2 -53 -3
266 A -13 1 -48 -2 116 6
266 A -13 1 -50 -2 101 5
266 A -13 1 -57 -2 87 5
266 A -13 1 -59 -3 117 5
266 A -13 1 -69 -4 86 5
266 A -13 1 -97 -4 -116 -5
266 A 13 1 15 -1 -124 6
266 A 13 1 24 -1 34 -1
266 A 13 1 25 -1 64 -3
266 A 13 1 28 -1 -113 6
266 A 13 1 36 -1 45 -2
266 A 13 1 26 -2 53 -3
266 A 13 1 48 -2 -116 6
266 A 13 1 50 -2 -101 5
266 A 13 1 57 -2 -87 5
266 A 13 1 59 -3 -117 5
266 A 13 1 69 -4 -86 5
266 A 13 1 97 -4 116 -5
266 A 21 0 -9 -5 -3 -10
266 A 21 0 9 -5 3 -10
266 A -14 1 -17 -1 -79 -5
266 A -14 1 -41 -3 97 5
266 A -14 1 -59 -3 117 7
266 A -14 1 -81 -4 -89 -4
266 A -14 1 -109 -5 107 6
266 A 14 1 17 -1 79 -5
266 A 14 1 41 -3 -97 5
266 A 14 1 59 -3 -117 7
266 A 14 1 81 -4 89 -4
266 A 14 1 109 -5 -107 6
266 A 22 0 -3 -5 9 7
266 A 22 0 3 -5 -9 7
266 A 22 0 -5 -7 -3 -9
266 A 22 0 5 -7 3 -9
266 A -15 1 -24 -1 -109 -7
266 A -15 1 -29 -2 -128 -7
266 A -15 1 -48 -2 -62 -3
266 A -15 1 -59 -3 -113 -6
266 A -15 1 -68 -4 129 7
266 A -15 1 -81 -5 102 6
266 A -15 1 -96 -5 111 6
266 A 15 1 24 -1 109 -7
266 A 15 1 29 -2 128 -7
266 A 15 1 48 -2 62 -3
266 A 15 1 59 -3 113 -6
266 A 15 1 68 -4 -129 7
266 A 15 1 81 -5 -102 6
266 A 15 1 96 -5 -111 6
266 A -16 1 -19 -1 99 5
266 A -16 1 -27 -2 -51 -4
266 A -16 1 -41 -3 -105 -7
266 A -16 1 -43 -3 61 3
266 A -16 1 -49 -3 -65 -3
266 A 16 1 19 -1 -99 5
266 A 16 1 27 -2 51 -4
266 A 16 1 41 -3 105 -7
266 A 16 1 43 -3 -61 3
266 A 16 1 49 -3 65 -3
266 A 23 0 -7 -2 11 10
266 A 23 0 7 -2 -11 10
266 A 23 0 -8 -2 8 -2
266 A 23 0 -9 -2 -11 5
266 A 23 0 9 -2 11 5
266 A 23 0 -11 -2 -1 -4
266 A 23 0 11 -2 1 -4
266 A 23 0 0 -3 0 10
266 A 23 0 -6 -3 5 9
266 A 23 0 6 -3 -5 9
266 A 23 0 -7 -3 6 4
266 A 23 0 7 -3 -6 4
266 A 23 0 -5 -4 -6 -9
266 A 23 0 5 -4 6 -9
266 A 23 0 -9 -4 6 5
266 A 23 0 9 -4 -6 5
266 A 23 0 0 -5 0 6
266 A 23 0 -4 -5 -1 7
266 A 23 0 4 -5 1 7
266 A 23 0 -11 -6 9 -7
266 A 23 0 11 -6 -9 -7
266 A 23 0 -3 -7 -10 8
266 A 23 0 3 -7 10 8
266 A 23 0 -4 -7 3 -11
266 A 23 0 4 -7 -3 -11
266 A 23 0 -10 -7 10 -7
266 A 23 0 -7 -8 1 -11
266 A 23 0 7 -8 -1 -11
266 A 23 0 -8 -8 -8 8
266 A 23 0 -9 -8 2 11
266 A 23 0 9 -8 -2 11
266 A 23 0 -11 -8 8 -10
266 A 23 0 11 -8 -8 -10
266 A 23 0 -9 -10 9 -10
266 A -17 1 -21 -1 -39 -2
266 A -17 1 -24 -1 91 5
266 A -17 1 -19 -2 -93 -5
266 A -17 1 -24 -2 33 2
266 A -17 1 -43 -3 56 4
266 A -17 1 -62 -3 82 5
266 A -17 1 -48 -4 -125 -7
266 A 17 1 21 -1 39 -2
266 A 17 1 24 -1 -91 5
266 A 17 1 19 -2 93 -5
266 A 17 1 24 -2 -33 2
266 A 17 1 43 -3 -56 4
266 A 17 1 62 -3 -82 5
266 A 17 1 48 -4 125 -7
266 A 24 0 -3 -2 3 -10
266 A 24 0 3 -2 -3 -10
266 A 24 0 -9 -2 9 -10
266 A 24 0 9 -2 -9 -10
266 A -18 1 -25 -1 103 8
266 A -18 1 -21 -2 -99 -6
266 A -18 1 -47 -3 57 3
266 A 18 1 25 -1 -103 8
266 A 18 1 21 -2 99 -6
266 A 18 1 47 -3 -57 3
266 A 25 0 0 -2 0 7
266 A 25 0 0 -3 0 -12
266 A 25 0 -12 -3 -1 -6
266 A 25 0 12 -3 1 -6
266 A 25 0 0 -4 0 -9
266 A 25 0 -10 -8 -10 8
266 A 25 0 -6 -11 -2 12
266 A 25 0 6 -11 2 12
266 A -19 1 -21 -1 -28 -1
266 A -19 1 -22 -1 108 8
266 A -19 1 -27 -1 107 8
266 A -19 1 -15 -2 33 2
266 A -19 1 -44 -3 54 5
266 A -19 1 -46 -3 -64 -4
266 A -19 1 -50 -3 122 9
266 A -19 1 -43 -4 61 4
266 A -19 1 -110 -8 128 8
266 A -19 1 -110 -9 128 9
266 A 19 1 21 -1 28 -1
266 A 19 1 22 -1 -108 8
266 A 19 1 27 -1 -107 8
266 A 19 1 15 -2 -33 2
266 A 19 1 44 -3 -54 5
266 A 19 1 46 -3 64 -4
266 A 19 1 50 -3 -122 9
266 A 19 1 43 -4 -61 4
266 A 19 1 110 -8 -128 8
266 A 19 1 110 -9 -128 9
266 A 26 0 -5 -3 5 -3
266 A 26 0 13 -3 13 5
266 A 26 0 -9 -5 -3 -7
266 A 26 0 9 -5 3 -7
266 A 26 0 13 -7 13 -9
266 A -21 1 -10 -2 26 2
266 A -21 1 -31 -2 -79 -5
266 A -21 1 -65 -5 -94 -8
266 A -21 1 -128 -9 -129 -10
266 A 21 1 10 -2 -26 2
266 A 21 1 31 -2 79 -5
266 A 21 1 65 -5 94 -8
266 A 21 1 128 -9 129 -10
266 A 27 0 -12 -2 6 8
266 A 27 0 12 -2 -6 8
266 A 27 0 -12 -7 6 10
266 A 27 0 12 -7 -6 10
266 A -22 1 -27 -1 67 6
266 A -22 1 -33 -2 87 8
266 A 22 1 27 -1 -67 6
266 A 22 1 33 -2 -87 8
266 A 28 0 -13 -6 13 -6
266 A -23 1 -6 -2 -38 -3
266 A -23 1 -18 -2 -75 -7
266 A -23 1 -30 -2 44 4
266 A -23 1 -31 -2 -129 -11
266 A -23 1 -45 -4 130 11
266 A -23 1 -59 -4 -64 -5
266 A -23 1 -62 -4 -53 -6
266 A -23 1 -80 -7 -93 -7
266 A 23 1 6 -2 38 -3
266 A 23 1 18 -2 75 -7
266 A 23 1 30 -2 -44 4
266 A 23 1 31 -2 129 -11
266 A 23 1 45 -4 -130 11
266 A 23 1 59 -4 64 -5
266 A 23 1 62 -4 53 -6
266 A 23 1 80 -7 93 -7
266 A 29 0 -6 -3 -1 -14
266 A 29 0 6 -3 1 -14
266 A 29 0 -7 -3 1 12
266 A 29 0 7 -3 -1 12
266 A 29 0 -12 -6 14 -7
266 A 29 0 12 -6 -14 -7
266 A 29 0 -13 -6 13 -6
266 A 29 0 -14 -6 -14 6
266 A 29 0 -1 -7 -2 14
266 A 29 0 1 -7 2 14
266 A 29 0 -7 -11 -5 12
266 A 29 0 7 -11 5 12
266 A -24 1 -5 -2 47 4
266 A -24 1 -13 -2 -21 -2
266 A -24 1 -23 -2 -35 -2
266 A -24 1 -41 -4 -103 -8
266 A -24 1 -83 -7 -105 -11
266 A 24 1 5 -2 -47 4
266 A 24 1 13 -2 21 -2
266 A 24 1 23 -2 35 -2
266 A 24 1 41 -4 103 -8
266 A 24 1 83 -7 105 -11
266 A -25 1 -25 -1 -71 -5
266 A -25 1 -43 -3 120 10
266 A -25 1 -45 -4 124 12
266 A -25 1 -46 -4 -63 -7
266 A -25 1 -80 -6 -130 -12
266 A -25 1 -64 -7 125 12
266 A -25 1 -97 -10 123 11
266 A 25 1 25 -1 71 -5
266 A 25 1 43 -3 -120 10
266 A 25 1 45 -4 -124 12
266 A 25 1 46 -4 63 -7
266 A 25 1 80 -6 130 -12
266 A 25 1 64 -7 -125 12
266 A 25 1 97 -10 -123 11
266 A 30 0 -3 -2 -9 -4
266 A 30 0 3 -2 9 -4
266 A 30 0 -3 -8 -9 14
266 A 30 0 3 -8 9 14
266 A 30 0 -5 -9 5 -9
266 A 31 0 -8 -2 11 5
266 A 31 0 8 -2 -11 5
266 A 31 0 -15 -2 6 -7
266 A 31 0 15 -2 -6 -7
266 A 31 0 0 -3 0 4
266 A 31 0 -6 -3 -15 -8
266 A 31 0 6 -3 15 -8
266 A 31 0 -11 -3 -5 7
266 A 31 0 11 -3 5 7
266 A 31 0 -12 -3 -3 -7
266 A 31 0 12 -3 3 -7
266 A 31 0 -15 -4 10 -13
266 A 31 0 15 -4 -10 -13
266 A 31 0 -3 -5 15 6
266 A 31 0 3 -5 -15 6
266 A 31 0 -7 -7 7 -7
266 A 31 0 0 -11 0 -13
266 A 31 0 -11 -13 11 -13
266 A -27 1 -16 -3 75 9
266 A -27 1 -21 -3 127 13
266 A -27 1 -42 -6 77 6
266 A -27 1 -76 -6 104 9
266 A -27 1 -107 -10 -120 -11
266 A 27 1 16 -3 -75 9
266 A 27 1 21 -3 -127 13
266 A 27 1 42 -6 -77 6
266 A 27 1 76 -6 -104 9
266 A 27 1 107 -10 120 -11
266 A -28 1 -3 -2 33 2
266 A -28 1 -15 -2 85 7
266 A -28 1 -27 -4 -127 -13
266 A 28 1 3 -2 -33 2
266 A 28 1 15 -2 -85 7
266 A 28 1 27 -4 127 -13
266 A 0 2 -33 1 -137 1
266 A 0 2 -37 0 -115 0
266 A 0 2 -39 0 191 0
266 A 0 2 -103 1 -235 1
266 A 0 2 -111 1 -127 1
266 A 0 2 -129 1 -233 1
266 A 0 2 -135 1 -199 1
266 A 0 2 -197 1 239 1
266 A -1 2 -86 0 161 0
266 A 1 2 -86 0 161 0
266 A -3 2 -51 -1 -116 -1
266 A -3 2 -120 -1 -142 -1
266 A 3 2 51 -1 116 -1
266 A 3 2 120 -1 142 -1
266 A -4 2 -53 0 -159 -2
266 A -4 2 -67 0 -133 -2
266 A -4 2 -71 0 247 2
266 A -4 2 -89 0 -91 0
266 A -4 2 -131 0 -165 -2
266 A 4 2 -53 0 -159 2
266 A 4 2 -67 0 -133 2
266 A 4 2 -71 0 247 -2
266 A 4 2 -89 0 -91 0
266 A 4 2 -131 0 -165 2
266 A -5 2 -85 -1 -107 -2
266 A 5 2 85 -1 107 -2
266 A -6 2 -51 -1 -53 -1
266 A -6 2 -161 -1 -163 -1
266 A -6 2 -237 -3 247 3
266 A 6 2 51 -1 53 -1
266 A 6 2 161 -1 163 -1
266 A 6 2 237 -3 -247 3
266 A -29 1 -32 -4 42 5
266 A -29 1 -83 -7 -68 -9
266 A 29 1 32 -4 -42 5
266 A 29 1 83 -7 68 -9
266 A -7 2 -167 -3 -225 -2
266 A 7 2 167 -3 225 -2
266 A -8 2 -41 0 -55 0
266 A 8 2 -41 0 -55 0
266 A -9 2 -205 -4 249 4
266 A 9 2 205 -4 -249 4
266 A 34 0 17 -7 17 15
266 A -30 1 -41 -5 -105 -14
266 A 30 1 41 -5 105 -14
266 A -12 2 -97 -3 251 5
266 A 12 2 97 -3 -251 5
266 A -31 1 -34 -4 86 9
266 A -31 1 -81 -8 114 11
266 A -31 1 -85 -9 -106 -13
266 A 31 1 34 -4 -86 9
266 A 31 1 81 -8 -114 11
266 A 31 1 85 -9 106 -13
266 A -14 2 -41 0 -141 -4
266 A 14 2 -41 0 -141 4
266 A -16 2 -27 -2 243 8
266 A 16 2 27 -2 -243 8
266 A -33 1 -34 -6 73 10
266 A 33 1 34 -6 -73 10
266 A 37 0 -6 -3 18 -9
266 A 37 0 6 -3 -18 -9
266 A 37 0 -12 -6 9 14
266 A 37 0 12 -6 -9 14
266 A 37 0 -13 -6 -7 -11
266 A 37 0 13 -6 7 -11
266 A 37 0 -18 -7 18 -7
266 A 37 0 -16 -8 16 -8
266 A 37 0 -8 -11 10 14
266 A 37 0 8 -11 -10 14
266 A -18 2 -59 -1 121 3
266 A 18 2 59 -1 -121 3
266 A -35 1 -51 -4 32 6
266 A 35 1 51 -4 -32 6
266 A 39 0 0 -5 0 -10
266 A 41 0 -13 -7 13 -7
266 A 41 0 -14 -7 -20 10
266 A 41 0 14 -7 20 10
266 A -39 1 -35 -3 84 9
266 A -39 1 -57 -6 -46 -10
266 A -39 1 -68 -10 -90 -15
266 A 39 1 35 -3 -84 9
266 A 39 1 57 -6 46 -10
266 A 39 1 68 -10 90 -15
266 A 43 0 -12 -3 12 -3
266 A 43 0 -14 -7 -1 -21
266 A 43 0 14 -7 1 -21
266 A 43 0 -15 -7 1 11
266 A 43 0 15 -7 -1 11
266 A 43 0 0 -11 0 21
266 A 47 0 -16 -8 -1 -23
266 A 47 0 16 -8 1 -23
266 A -45 1 -59 -7 131 22
266 A 45 1 59 -7 -131 22
266 A 49 0 -15 -8 15 -8
266 A 53 0 -8 -19 8 -19
266 A 79 0 -39 -33 39 -33
266 A 91 0 -36 -9 36 -9
266 A 103 0 -26 -13 26 -13
266 A 109 0 -54 -41 54 -41
266 A 127 0 -63 -32 63 -32
266 S 2 1 5 0
266 S -1 2 5 0
266 S -2 1 5 0
266 S 1 2 5 0
266 S -2 1 6 0
266 S 2 1 6 0
266 S 0 1 7 0
266 S 0 2 7 0
266 S 0 3 7 0
266 S -2 1 9 0
266 S -4 2 9 0
266 S 1 4 9 0
266 S 2 1 9 0
266 S 4 2 9 0
266 S -1 4 9 0
266 S 2 1 10 0
266 S -4 3 10 0
266 S -2 1 10 0
266 S 4 3 10 0
266 S 3 1 11 0
266 S -5 2 11 0
266 S -2 3 11 0
266 S 1 4 11 0
266 S 4 5 11 0
266 S -3 1 11 0
266 S 5 2 11 0
266 S 2 3 11 0
266 S -1 4 11 0
266 S -4 5 11 0
266 S 0 1 14 0
266 S 0 3 14 0
266 S 0 5 14 0
266 S 7 1 15 0
266 S -1 2 15 0
266 S -2 4 15 0
266 S 4 7 15 0
266 S -7 1 15 0
266 S 1 2 15 0
266 S 2 4 15 0
266 S -4 7 15 0
266 S -2 1 15 0
266 S -4 2 15 0
266 S 7 4 15 0
266 S 1 7 15 0
266 S 2 1 15 0
266 S 4 2 15 0
266 S -7 4 15 0
266 S -1 7 15 0
266 T 1753 149 1906 -1 0
266 T 1908 121 1854 0 0
266 T 1856 151 1751 0 0
266 T 151 121 149 0 0
266 T 429 1557 1487 0 0
266 T 421 473 427 0 0
266 T 1489 298 419 0 0
266 T 473 300 1557 0 0
266 T 424 474 414 0 0
266 T 416 305 1423 0 0
266 T 1425 1611 422 0 0
266 T 1611 303 474 0 0
266 T 1185 179 1814 0 0
266 T 1816 169 1858 0 0
266 T 1860 159 1183 0 0
266 T 159 167 179 0 0
266 T 1180 164 1910 0 0
266 T 1777 184 1178 0 0
266 T 1912 170 1775 0 0
266 T 184 172 164 0 0
266 T 313 1681 1611 0 0
266 T 305 316 311 0 0
266 T 316 476 1681 0 0
266 T 308 316 298 0 0
266 T 1557 1747 306 0 0
266 T 1747 471 316 0 0
266 T 391 383 387 0 0
266 T 389 15 1402 1 0
266 T 1404 1469 393 -1 0
266 T 1469 14 383 0 0
266 T 165 161 157 -1 0
266 T 155 1874 1927 0 0
266 T 1929 54 163 0 0
266 T 54 1876 161 1 0
266 T 472 479 462 0 0
266 T 464 1101 1746 0 0
266 T 317 1099 479 0 0
266 T 468 478 474 0 0
266 T 1681 1150 466 0 0
266 T 1150 314 478 0 0
266 T 537 295 1927 0 0
266 T 1876 294 531 0 0
266 T 293 296 295 0 0
266 T 569 275 1682 0 0
266 T 1684 241 1862 0 0
266 T 1864 247 567 0 0
266 T 247 239 275 0 0
266 T 564 244 1914 0 0
266 T 1617 280 562 0 0
266 T 1916 234 1615 0 0
266 T 280 236 244 0 0
266 T 501 302 1442 0 0
266 T 1444 317 1866 0 0
266 T 1868 312 499 0 0
266 T 496 307 1918 0 0
266 T 1381 301 494 0 0
266 T 1920 317 1379 0 0
266 T 545 1131 838 0 0
266 T 724 149 543 0 0
266 T 840 1368 722 0 0
266 T 149 1366 1131 0 0
266 T 540 150 659 0 0
266 T 661 1363 787 0 0
266 T 789 1081 538 0 0
266 T 1081 1365 150 0 0
266 T 604 1531 543 0 0
266 T 724 1244 602 0 0
266 T 1531 1242 147 0 0
266 T 540 1589 603 0 0
266 T 605 1247 659 0 0
266 T 152 1249 1589 0 0
266 T 529 481 1866 0 0
266 T 1444 1099 527 0 0
266 T 478 525 1921 0 0
266 T 1378 523 1150 0 0
266 T 369 413 359 0 0
266 T 361 1939 499 0 0
266 T 501 1435 367 0 0
266 T 1435 1941 413 0 0
266 T 364 1501 494 0 0
266 T 356 410 362 0 0
266 T 496 1889 354 0 0
266 T 410 1887 1501 0 0
266 T 217 408 998 0 0
266 T 1000 920 1217 1 0
266 T 431 404 408 0 0
266 T 920 402 211 0 0
266 T 318 903 351 0 0
266 T 361 1924 320 0 0
266 T 353 421 359 0 0
266 T 1924 419 903 0 0
266 T 320 1870 354 0 0
266 T 356 414 346 0 0
266 T 348 984 318 0 0
266 T 984 416 1870 0 0
266 T 1564 833 499 0 0
266 T 1868 469 1562 0 0
266 T 833 467 310 0 0
266 T 496 883 1507 0 0
266 T 1509 462 1918 0 0
266 T 309 464 883 0 0
266 T 529 477 1562 0 0
266 T 1509 470 522 0 0
266 T 549 1600 1050 0 0
266 T 892 2 547 0 0
266 T 1052 1310 890 0 0
266 T 2 1312 1600 0 0
266 T 3 973 552 0 0
266 T 550 1103 1544 0 0
266 T 1542 1315 2 0 0
266 T 1315 1105 973 0 0
266 T 169 1903 2175 0 0
266 T 173 186 167 0 0
266 T 2177 1 2130 0 0
266 T 2132 1956 171 0 0
266 T 756 778 750 0 0
266 T 752 221 1406 0 0
266 T 1408 1145 754 0 0
266 T 1145 219 778 0 0
266 T 689 717 691 0 0
266 T 693 1091 1470 0 0
266 T 1472 221 687 0 0
266 T 221 1093 717 0 0
266 T 281 277 273 -1 0
266 T 1261 1667 279 0 0
266 T 1667 174 1736 0 0
266 T 1734 1257 277 0 0
266 T 209 1886 1195 0 0
266 T 1197 1498 618 0 0
266 T 620 413 207 0 0
266 T 1192 1940 206 0 0
266 T 621 1436 1190 0 0
266 T 373 450 375 0 0
266 T 377 590 1622 0 0
266 T 1693 588 371 0 0
266 T 1624 186 1691 0 0
266 T 1925 1281 243 0 0
266 T 1281 418 1839 0 0
266 T 1281 1486 930 0 0
266 T 1274 1799 415 0 0
266 T 1871 246 1276 0 0
266 T 1274 1010 1422 0 0
266 T 910 1699 152 0 0
266 T 966 916 912 0 0
266 T 1699 914 867 0 0
266 T 147 1633 993 0 0
266 T 991 995 1048 0 0
266 T 816 997 1633 0 0
266 T 996 5 1634 0 0
266 T 1636 33 990 0 0
266 T 1025 1027 1019 0 0
266 T 1021 1670 814 0 0
266 T 1670 1029 149 0 0
266 T 913 34 1702 0 0
266 T 1704 5 915 0 0
266 T 869 1740 939 0 0
266 T 941 949 943 0 0
266 T 150 947 1740 0 0
266 T 756 43 1723 0 0
266 T 1412 826 754 0 0
266 T 1725 8 1410 0 0
266 T 693 880 1474 0 0
266 T 1476 8 1655 -1 0
266 T 1657 40 691 0 0
266 T 553 651 838 0 0
266 T 840 1329 970 0 0
266 T 2 1327 651 0 0
266 T 546 787 650 0 0
266 T 1328 789 893 0 0
266 T 1197 1330 1187 0 0
266 T 1189 5 618 0 0
266 T 1500 4 1330 0 0
266 T 1188 1337 1190 0 0
266 T 1337 4 1434 0 0
266 T 1241 1292 1231 0 0
266 T 1233 145 1398 0 0
266 T 1400 702 1239 0 0
266 T 702 143 1292 0 0
266 T 1236 769 1462 0 0
266 T 1228 1287 1234 0 0
266 T 1464 145 1226 0 0
266 T 1287 143 769 0 0
266 T 1225 1221 1217 -1 0
266 T 1000 6 1223 0 0
266 T 6 920 1221 1 0
266 T 377 925 1446 0 0
266 T 369 448 375 0 0
266 T 1448 198 367 0 0
266 T 448 200 925 0 0
266 T 372 443 362 0 0
266 T 364 205 1383 0 0
266 T 1385 1002 370 0 0
266 T 1002 203 443 0 0
266 T 1161 965 1102 0 0
266 T 1052 1042 1155 0 0
266 T 1404 1322 163 0 0
266 T 1322 1325 1321 -1 0
266 T 161 1323 1467 0 0
266 T 1185 229 1862 0 0
266 T 1684 712 1183 0 0
266 T 712 241 229 0 0
266 T 1180 775 1615 0 0
266 T 1916 222 1178 0 0
266 T 222 234 775 0 0
266 T 1301 1040 144 0 0
266 T 1293 1338 1299 0 0
266 T 1040 1340 703 0 0
266 T 144 958 1294 0 0
266 T 1296 1345 1286 0 0
266 T 768 1343 958 0 0
266 T 1205 1311 1195 0 0
266 T 1197 1547 742 0 0
266 T 744 181 1203 0 0
266 T 181 1549 1311 0 0
266 T 1200 182 679 0 0
266 T 1192 1316 1198 0 0
266 T 681 1605 1190 0 0
266 T 1316 1603 182 0 0
266 T 265 266 255 0 0
266 T 257 2239 1450 0 0
266 T 1452 576 263 0 0
266 T 576 2241 266 0 0
266 T 260 571 1387 0 0
266 T 252 269 258 0 0
266 T 1389 2297 250 0 0
266 T 269 2295 571 0 0
266 T 205 932 1223 0 0
266 T 1233 1486 203 0 0
266 T 1225 1279 1231 0 0
266 T 200 1424 1226 0 0
266 T 1228 1276 1218 0 0
266 T 1220 1010 198 0 0
266 T 265 1246 1514 0 0
266 T 1516 2292 255 0 0
266 T 268 2290 1246 0 0
266 T 252 2234 1570 0 0
266 T 1572 1245 258 0 0
266 T 1245 2236 267 0 0
266 T 1309 1732 144 0 0
266 T 1301 1358 1307 0 0
266 T 1732 1360 1038 0 0
266 T 144 1662 1302 0 0
266 T 1304 1357 1294 0 0
266 T 960 1355 1662 0 0
266 T 229 1599 2114 0 0
266 T 2116 2 2259 0 0
266 T 2261 1313 227 0 0
266 T 224 1314 2203 0 0
266 T 2160 1545 222 0 0
266 T 2205 2 2158 0 0
266 T 1177 1203 1183 0 0
266 T 1684 197 1175 0 0
266 T 1203 195 710 0 0
266 T 1180 1200 1170 0 0
266 T 1172 190 1615 0 0
266 T 777 192 1200 0 0
266 T 1068 3 1459 0 0
266 T 1461 1495 1455 0 0
266 T 1457 1677 1066 0 0
266 T 1677 1497 3 0 0
266 T 1121 1743 1391 0 0
266 T 1393 1433 1395 0 0
266 T 1397 3 1119 0 0
266 T 3 1431 1743 0 0
266 T 353 461 343 0 0
266 T 345 2280 491 0 0
266 T 493 951 351 0 0
266 T 951 2278 461 0 0
266 T 348 1033 486 0 0
266 T 340 454 346 0 0
266 T 488 2222 338 0 0
266 T 454 2224 1033 0 0
266 T 1177 742 1814 0 0
266 T 1777 681 1170 0 0
266 T 409 1306 2130 0 0
266 T 2177 1304 403 0 0
266 T 561 384 1438 0 0
266 T 1440 336 2194 0 0
266 T 2196 342 559 0 0
266 T 342 334 384 0 0
266 T 556 341 2250 0 0
266 T 1377 387 554 0 0
266 T 2252 331 1375 0 0
266 T 387 333 341 0 0
266 T 233 1949 2114 0 0
266 T 612 11 231 0 0
266 T 2116 587 610 0 0
266 T 11 589 1949 0 0
266 T 613 592 2158 0 0
266 T 2160 1895 230 0 0
266 T 1895 590 11 0 0
266 T 674 1831 1475 0 0
266 T 1481 209 676 0 0
266 T 1477 1485 1479 0 0
266 T 209 1483 1831 0 0
266 T 739 206 1415 0 0
266 T 1413 1793 741 0 0
266 T 1417 1419 1411 0 0
266 T 1793 1421 206 0 0
266 T 241 1901 2259 0 0
266 T 2116 2075 239 0 0
266 T 2075 2 1901 0 0
266 T 236 2080 2158 0 0
266 T 2205 1951 234 0 0
266 T 1951 2 2080 0 0
266 T 318 1822 2106 0 0
266 T 2108 286 351 0 0
266 T 283 2152 348 0 0
266 T 1782 320 2152 0 0
266 T 19 1654 691 0 0
266 T 21 754 1722 0 0
266 T 233 309 239 0 0
266 T 309 1949 2077 0 0
266 T 236 310 230 0 0
266 T 2078 1895 310 0 0
266 T 229 455 734 0 0
266 T 736 672 1961 1 0
266 T 453 459 455 0 0
266 T 672 461 223 0 0
266 T 123 1571 1514 -1 0
266 T 1248 1244 1252 -1 0
266 T 197 1901 1195 0 0
266 T 710 1311 1901 0 0
266 T 1192 1951 190 0 0
266 T 1951 1316 777 0 0
266 T 0 2247 2190 0 0
266 T 2192 437 1167 0 0
266 T 1165 436 2247 0 0
266 T 437 434 431 1 0
266 T 1181 1321 1183 0 0
266 T 1860 391 1911 0 0
266 T 1269 1135 279 0 0
266 T 1261 1285 1267 0 0
266 T 1135 1283 1669 0 0
266 T 276 1085 1262 0 0
266 T 1264 1282 1254 0 0
266 T 1735 1284 1085 0 0
266 T 197 1892 535 0 0
266 T 537 2185 746 0 0
266 T 748 427 195 0 0
266 T 427 2183 1892 0 0
266 T 192 424 683 0 0
266 T 532 1942 190 0 0
266 T 685 2139 530 0 0
266 T 1942 2141 424 0 0
266 T 175 179 183 0 0
266 T 1547 514 1604 0 0
266 T 361 1265 1110 0 0
266 T 1112 797 320 0 0
266 T 797 1263 1922 0 0
266 T 320 846 1059 0 0
266 T 1061 1266 354 0 0
266 T 1872 1268 846 0 0
266 T 1753 401 1911 0 0
266 T 1860 395 1751 0 0
266 T 395 391 401 0 0
266 T 521 268 602 0 0
266 T 724 2237 519 0 0
266 T 520 2291 659 0 0
266 T 1000 1930 1231 0 0
266 T 1930 6 1281 0 0
266 T 1228 1880 919 0 0
266 T 1274 6 1880 -1 0
266 T 2108 771 343 0 0
266 T 459 773 288 0 0
266 T 340 708 2150 0 0
266 T 283 706 456 0 0
266 T 168 1037 402 0 0
266 T 1904 1305 1037 0 0
266 T 408 954 170 0 0
266 T 954 1307 1955 0 0
266 T 493 1590 842 0 0
266 T 844 1992 978 0 0
266 T 980 214 491 0 0
266 T 214 1990 1590 0 0
266 T 213 1534 1987 0 0
266 T 1989 793 901 0 0
266 T 899 486 211 0 0
266 T 486 791 1534 0 0
266 T 265 272 259 0 0
266 T 249 1271 846 0 0
266 T 1277 1268 1271 0 0
266 T 797 1271 242 0 0
266 T 1271 1263 1278 0 0
266 T 229 2225 1967 0 0
266 T 1969 1030 734 0 0
266 T 1964 2279 222 0 0
266 T 673 952 1962 0 0
266 T 148 1359 1934 0 0
266 T 1936 1372 1130 0 0
266 T 1369 1370 1359 0 0
266 T 1081 1373 1883 0 0
266 T 1885 1357 150 0 0
266 T 1357 1371 1363 0 0
266 T 1000 2034 1398 0 0
266 T 143 2036 1932 0 0
266 T 1464 2033 919 0 0
266 T 1878 2031 143 0 0
266 T 1444 221 2102 0 0
266 T 1440 1470 1442 0 0
266 T 2104 689 1438 0 0
266 T 1377 750 2146 0 0
266 T 1381 1408 1375 0 0
266 T 2148 221 1379 0 0
266 T 1780 191 1562 0 0
266 T 475 193 1713 0 0
266 T 195 1821 1508 0 0
266 T 473 1644 197 0 0
266 T 409 426 399 0 0
266 T 401 1146 171 0 0
266 T 1146 428 957 0 0
266 T 168 1096 394 0 0
266 T 396 425 402 0 0
266 T 1035 423 1096 0 0
266 T 1301 325 954 0 0
266 T 1955 323 1360 0 0
266 T 1036 325 1294 0 0
266 T 1355 323 1905 0 0
266 T 1465 2140 211 0 0
266 T 2140 2032 404 0 0
266 T 2037 2184 407 0 0
266 T 2184 1401 216 0 0
266 T 1169 1303 1159 0 0
266 T 1157 1309 1163 0 0
266 T 760 1044 1259 0 0
266 T 1257 963 694 0 0
266 T 1475 1650 28 0 0
266 T 1650 690 3 0 0
266 T 30 1720 1413 0 0
266 T 3 757 1720 0 0
266 T 1689 155 1619 0 0
266 T 1621 626 1690 0 0
266 T 1625 628 1687 0 0
266 T 1714 156 1649 0 0
266 T 1728 174 1659 0 0
266 T 1647 631 1726 0 0
266 T 1661 633 1716 0 0
266 T 748 419 1642 0 0
266 T 1712 416 683 0 0
266 T 1233 426 2359 0 0
266 T 2361 1556 203 0 0
266 T 200 1610 2331 0 0
266 T 2333 425 1226 0 0
266 T 1816 1097 1751 0 0
266 T 1752 1147 1775 0 0
266 T 2037 1891 399 0 0
266 T 396 1945 2030 0 0
266 T 1725 2165 740 0 0
266 T 2165 8 1790 0 0
266 T 675 2119 1655 0 0
266 T 1832 8 2119 -1 0
266 T 980 1982 1106 0 0
266 T 1108 2349 491 0 0
266 T 2349 1984 216 0 0
266 T 488 2375 1055 0 0
266 T 1057 1981 899 0 0
266 T 211 1979 2375 0 0
266 T 529 1373 1558 0 0
266 T 569 1935 527 0 0
266 T 1560 1133 567 0 0
266 T 524 1885 562 0 0
266 T 564 1079 1503 0 0
266 T 1505 1373 522 0 0
266 T 2029 1812 387 0 0
266 T 385 1851 2023 0 0
266 T 1812 1 1851 0 -1
266 T 930 1011 2083 -1 0
266 T 1177 1211 1167 0 0
266 T 2192 856 1175 0 0
266 T 856 437 1211 0 0
266 T 1172 803 2246 0 0
266 T 1164 1208 1170 0 0
266 T 1208 437 803 0 0
266 T 553 446 974 0 0
266 T 976 466 2378 0 0
266 T 2380 440 551 0 0
266 T 440 468 446 0 0
266 T 548 439 2426 0 0
266 T 897 445 546 0 0
266 T 2428 465 895 0 0
266 T 445 463 439 0 0
266 T 2361 153 2398 0 0
266 T 2400 2051 203 0 0
266 T 2051 151 1554 0 0
266 T 200 2048 2446 0 0
266 T 2448 146 2331 0 0
266 T 1612 148 2048 0 0
266 T 1309 1492 2226 0 0
266 T 2228 2068 144 0 0
266 T 2068 1490 1730 0 0
266 T 144 2071 2282 0 0
266 T 2284 1426 1302 0 0
266 T 1664 1428 2071 0 0
266 T 1560 2089 1682 0 0
266 T 277 2087 1131 0 0
266 T 1617 2090 1503 0 0
266 T 1081 2092 278 0 0
266 T 369 2408 1110 0 0
266 T 411 1265 2408 0 0
266 T 1061 2454 362 0 0
266 T 2454 1266 412 0 0
266 T 1981 1946 798 0 0
266 T 1709 588 1979 0 0
266 T 820 588 2375 0 0
266 T 593 873 2349 0 0
266 T 1982 1639 591 0 0
266 T 1982 851 1894 0 0
266 T 337 2007 2322 0 0
266 T 329 381 335 0 0
266 T 2324 1716 327 0 0
266 T 381 1714 2007 0 0
266 T 332 381 326 0 0
266 T 328 1646 2350 0 0
266 T 2352 2012 330 0 0
266 T 2012 1648 381 0 0
266 T 561 1850 1558 0 0
266 T 1560 2024 1438 0 0
266 T 1377 2027 1503 0 0
266 T 1505 1812 554 0 0
266 T 233 464 2198 0 0
266 T 2200 885 239 0 0
266 T 236 831 2254 0 0
266 T 2256 467 230 0 0
266 T 241 1084 2435 0 0
266 T 2437 1265 247 0 0
266 T 244 1266 2387 0 0
266 T 2389 1134 234 0 0
266 T 1251 694 758 0 0
266 T 440 24 651 0 0
266 T 1241 513 2398 0 0
266 T 2361 720 1239 0 0
266 T 720 153 513 0 0
266 T 1236 783 2331 0 0
266 T 2448 506 1234 0 0
266 T 506 146 783 0 0
266 T 1108 729 2194 0 0
266 T 1440 2014 1106 0 0
266 T 2014 336 729 0 0
266 T 1057 2021 1375 0 0
266 T 2252 662 1055 0 0
266 T 662 331 2021 0 0
266 T 233 440 606 0 0
266 T 608 442 2198 0 0
266 T 2256 449 607 0 0
266 T 1290 426 718 0 0
266 T 785 425 1289 0 0
266 T 1345 2144 1434 0 0
266 T 1337 1353 1343 0 0
266 T 1353 4 2144 0 0
266 T 1340 1353 1330 0 0
266 T 1500 2186 1338 0 0
266 T 2186 4 1353 0 0
266 T 501 1606 2102 0 0
266 T 304 221 1606 0 0
266 T 2148 1552 494 0 0
266 T 1552 221 299 0 0
266 T 1440 2274 527 0 0
266 T 2274 1470 1101 0 0
266 T 524 2220 1375 0 0
266 T 1151 1408 2220 0 0
266 T 172 572 2215 0 0
266 T 2272 574 166 0 0
266 T 2217 120 2270 0 0
266 T 2029 1957 862 0 0
266 T 864 323 1835 0 0
266 T 1837 1358 2027 0 0
266 T 2024 1357 1795 0 0
266 T 813 1903 2022 0 0
266 T 1797 323 811 0 0
266 T 1993 536 1518 0 0
266 T 1116 1893 1991 0 0
266 T 1520 194 1114 0 0
266 T 1988 1943 1063 0 0
266 T 1065 193 1574 0 0
266 T 1576 531 1986 0 0
266 T 561 1427 1159 0 0
266 T 1169 2283 559 0 0
266 T 556 2229 1162 0 0
266 T 1156 1493 554 0 0
266 T 2104 601 1106 0 0
266 T 601 689 2016 0 0
266 T 1057 594 2146 0 0
266 T 2019 750 594 0 0
266 T 1261 647 2455 0 0
266 T 413 649 1283 0 0
266 T 2409 648 1254 0 0
266 T 2437 1280 846 0 0
266 T 797 1275 2387 0 0
266 T 247 2439 579 0 0
266 T 581 218 1015 0 0
266 T 1788 220 2439 0 0
266 T 218 1828 2393 0 0
266 T 582 935 220 0 0
266 T 2391 242 584 0 0
266 T 1607 1804 581 0 0
266 T 582 1842 1553 0 0
266 T 1301 2500 427 0 0
266 T 2500 325 1147 0 0
266 T 424 2518 1294 0 0
266 T 1097 325 2518 0 0
266 T 2135 506 833 0 0
266 T 2254 667 2137 0 0
266 T 506 669 236 0 0
266 T 883 513 2181 0 0
266 T 2179 732 2200 0 0
266 T 239 730 513 0 0
266 T 1977 310 850 0 0
266 T 852 1680 2263 0 0
266 T 2265 1612 1975 0 0
266 T 1970 799 307 0 0
266 T 1556 2209 1972 0 0
266 T 799 2207 1748 0 0
266 T 1722 2450 1143 0 0
266 T 1408 2452 21 0 0
266 T 1093 2404 1656 0 0
266 T 19 2402 1470 0 0
266 T 1020 2309 1632 0 0
266 T 994 2307 1673 0 0
266 T 1699 2303 939 0 0
266 T 1738 2305 916 0 0
266 T 61 910 1702 0 0
266 T 63 1634 991 0 0
266 T 1371 2024 2276 0 0
266 T 2218 2027 1371 0 0
266 T 719 1338 2498 0 0
266 T 2520 1345 784 0 0
266 T 756 1396 2445 0 0
266 T 2443 1763 750 0 0
266 T 780 1765 1396 1 0
266 T 689 1764 2397 0 0
266 T 2395 1458 691 0 0
266 T 715 1460 1764 0 0
266 T 160 1876 66 0 0
266 T 1928 165 65 0 0
266 T 1977 2080 1983 0 0
266 T 1980 2075 1970 0 0
266 T 1969 2046 1975 0 0
266 T 2265 148 1967 0 0
266 T 1972 2053 1962 0 0
266 T 1964 151 2207 0 0
266 T 1457 2097 1390 0 0
266 T 666 2386 1847 0 0
266 T 1849 1135 507 0 0
266 T 1082 1808 513 0 0
266 T 732 1806 2435 0 0
266 T 2004 2010 2006 0 0
266 T 561 2516 1102 0 0
266 T 1429 965 2516 0 0
266 T 1053 2494 554 0 0
266 T 2494 1043 1491 0 0
266 T 1996 394 1063 0 0
266 T 1988 2032 1994 0 0
266 T 2000 2034 1990 0 0
266 T 1117 400 1998 0 0
266 T 744 2244 1790 0 0
266 T 2165 2470 742 0 0
266 T 2470 8 2244 0 0
266 T 679 1830 2300 0 0
266 T 2298 8 2424 -1 0
266 T 2422 2121 681 0 0
266 T 732 762 726 0 0
266 T 728 1120 2431 0 0
266 T 2433 215 730 0 0
266 T 215 1118 762 0 0
266 T 665 701 667 0 0
266 T 669 212 2383 0 0
266 T 2385 1067 663 0 0
266 T 1067 210 701 0 0
266 T 173 2341 2267 0 0
266 T 2269 1531 2214 0 0
266 T 571 1533 2341 0 0
266 T 2272 1589 2211 0 0
266 T 2213 2367 166 0 0
266 T 2367 1587 576 0 0
266 T 513 1339 2579 0 0
266 T 2581 2501 151 0 0
266 T 148 2519 2551 0 0
266 T 2553 1344 506 0 0
266 T 1837 1366 2218 0 0
266 T 2276 1365 1795 0 0
266 T 2045 1148 151 0 0
266 T 2581 324 2043 0 0
266 T 148 1094 2038 0 0
266 T 2040 324 2551 0 0
266 T 728 2060 2322 0 0
266 T 2009 2058 2015 0 0
266 T 2352 2055 663 0 0
266 T 2020 2057 2010 0 0
266 T 1907 1815 2038 0 0
266 T 2045 1776 1856 0 0
266 T 289 285 293 1 0
266 T 1215 1207 1211 0 0
266 T 1761 1144 2163 0 0
266 T 740 2451 1759 0 0
266 T 1756 2405 675 0 0
266 T 2121 1090 1754 0 0
266 T 1116 1064 123 -1 0
266 T 1721 1120 2445 0 0
266 T 2395 1067 1651 0 0
266 T 3 2590 2535 0 0
266 T 2537 1352 1743 0 0
266 T 1433 1350 2590 0 0
266 T 2532 2564 3 0 0
266 T 1677 1352 2530 0 0
266 T 2564 1350 1495 0 0
266 T 946 950 962 0 0
266 T 2517 2061 948 0 0
266 T 2061 1426 950 0 0
266 T 1044 1032 1028 0 0
266 T 1026 2054 2495 0 0
266 T 1490 2056 1032 0 0
266 T 1977 1953 2355 0 0
266 T 2357 2 1983 0 0
266 T 1980 2 2327 0 0
266 T 2329 1899 1970 0 0
266 T 2509 516 2486 0 0
266 T 679 206 2417 0 0
266 T 2415 1482 2300 0 0
266 T 2242 1420 2465 0 0
266 T 2463 209 744 0 0
266 T 2112 2575 730 0 0
266 T 2433 1999 2110 0 0
266 T 2575 2001 217 0 0
266 T 669 2549 2154 0 0
266 T 2156 1996 2383 0 0
266 T 210 1994 2549 0 0
266 T 1560 2544 1175 0 0
266 T 2544 2089 195 0 0
266 T 1172 2570 1503 0 0
266 T 192 2090 2570 0 0
266 T 980 995 974 0 0
266 T 976 2560 1106 0 0
266 T 1984 2558 995 0 0
266 T 1978 915 2587 0 0
266 T 2589 896 1056 0 0
266 T 898 894 915 0 0
266 T 2089 2099 2091 0 0
266 T 1169 2475 1558 0 0
266 T 1852 2477 2285 0 0
266 T 1505 2480 1162 0 0
266 T 2227 2478 1810 0 0
266 T 1392 864 1999 0 0
266 T 1997 810 1455 0 0
266 T 1257 949 2627 0 0
266 T 2629 951 694 0 0
266 T 1029 1260 2609 0 0
266 T 2607 759 1031 0 0
266 T 2535 2558 5 0 0
266 T 1635 1982 2537 0 0
266 T 5 2588 2532 0 0
266 T 2530 1981 1705 0 0
266 T 1537 2032 2549 0 0
266 T 2574 2034 1590 0 0
266 T 848 2694 730 0 0
266 T 2112 7 846 0 0
266 T 2694 6 2577 0 0
266 T 669 2693 795 0 0
266 T 797 7 2154 1 0
266 T 2547 6 2693 -1 0
266 T 608 2709 730 0 0
266 T 444 2181 2709 0 0
266 T 669 2702 607 0 0
266 T 2702 2135 447 0 0
266 T 1888 1547 2463 0 0
266 T 2417 1605 1938 0 0
266 T 1933 1808 2575 0 0
266 T 1591 1806 142 0 0
266 T 2549 1846 1879 0 0
266 T 142 1848 1537 0 0
266 T 205 2180 1074 0 0
266 T 1076 2706 1002 0 0
266 T 925 2705 1126 0 0
266 T 1128 2134 198 0 0
266 T 1969 2608 738 0 0
266 T 740 758 734 0 0
266 T 1962 675 2628 0 0
266 T 673 697 675 0 0
266 T 2689 1673 1259 0 0
266 T 2608 146 2687 0 0
266 T 1256 1739 2682 0 0
266 T 2684 153 2626 0 0
266 T 2560 2143 1743 0 0
266 T 1677 2189 2586 0 0
266 T 2310 1338 2591 0 0
266 T 1432 1332 2312 0 0
266 T 2312 1335 1494 0 0
266 T 2565 1345 2310 0 0
266 T 297 164 861 0 0
266 T 297 808 161 0 0
266 T 2481 2584 144 0 0
266 T 2584 1813 2066 0 0
266 T 144 2554 2474 0 0
266 T 2073 1851 2554 0 0
266 T 2269 1250 2210 0 0
266 T 521 2286 2503 0 0
266 T 2505 2299 658 0 0
266 T 2292 2301 2286 0 0
266 T 2243 2485 725 0 0
266 T 2234 2230 2245 0 0
266 T 2485 2232 518 0 0
266 T 1280 1808 2694 0 0
266 T 1849 1276 2692 0 0
266 T 671 206 2512 0 0
266 T 2510 504 2493 0 0
266 T 2491 208 737 0 0
266 T 1414 758 2490 0 0
266 T 2512 697 1480 0 0
266 T 1448 2674 1110 0 0
266 T 2406 2676 200 0 0
266 T 1061 2681 1383 0 0
266 T 203 2679 2456 0 0
266 T 1820 2662 1690 0 0
266 T 2662 22 628 0 0
266 T 1625 2664 1779 0 0
266 T 2265 2689 738 0 0
266 T 677 2682 2207 0 0
266 T 1447 1627 2126 0 0
266 T 2128 2725 922 0 0
266 T 2725 1629 376 0 0
266 T 1005 2718 2170 0 0
266 T 2172 1697 1384 0 0
266 T 371 1695 2718 0 0
266 T 1213 2475 2542 0 0
266 T 2572 2480 1206 0 0
266 T 1129 1417 2210 0 0
266 T 1076 504 1127 0 0
266 T 2269 1478 1074 0 0
266 T 1477 701 2815 0 0
266 T 2817 1770 1479 0 0
266 T 1770 699 1483 0 0
266 T 1417 1770 2787 0 0
266 T 2789 762 1411 0 0
266 T 762 1772 1421 0 0
266 T 2309 2168 1518 0 0
266 T 1520 2670 994 0 0
266 T 1673 2672 2168 0 0
266 T 917 2669 1574 0 0
266 T 1576 2122 2302 0 0
266 T 2122 2667 1739 0 0
266 T 2801 1521 978 0 0
266 T 901 1575 2771 0 0
266 T 2681 1258 2167 0 0
266 T 2169 646 203 0 0
266 T 200 649 2123 0 0
266 T 2125 1257 2674 0 0
266 T 2357 2591 1634 0 0
266 T 1704 2565 2327 0 0
266 T 752 2824 2011 0 0
266 T 2054 2822 594 0 0
266 T 2008 2794 687 0 0
266 T 601 2796 2061 0 0
266 T 724 2472 2615 0 0
266 T 2617 8 2482 0 0
266 T 2504 8 2595 -1 0
266 T 2597 2422 659 0 0
266 T 1008 2410 2171 0 0
266 T 1004 1021 1006 0 0
266 T 1021 2719 2410 0 0
266 T 2722 941 2460 0 0
266 T 2458 929 2129 0 0
266 T 923 927 941 0 0
266 T 2244 1573 2809 0 0
266 T 2807 251 2233 0 0
266 T 2287 256 2781 0 0
266 T 2779 1515 2298 0 0
266 T 77 1650 1474 0 0
266 T 79 1410 1718 0 0
266 T 819 1726 2241 0 0
266 T 1450 2651 821 0 0
266 T 2651 255 1726 0 0
266 T 870 2648 1389 0 0
266 T 2295 1660 872 0 0
266 T 1660 252 2648 0 0
266 T 493 2058 2803 0 0
266 T 2805 1427 351 0 0
266 T 348 1493 2775 0 0
266 T 2777 2057 486 0 0
266 T 2595 482 2616 0 0
266 T 2483 484 2504 0 0
266 T 2073 71 2230 0 0
266 T 2063 2067 2071 0 0
266 T 2232 2289 2065 1 0
266 T 2067 2287 71 0 0
266 T 1843 1802 515 -1 0
266 T 992 1341 2846 0 0
266 T 988 1039 990 0 0
266 T 2848 704 986 0 0
266 T 1345 912 2861 0 0
266 T 2859 906 768 0 0
266 T 958 908 912 0 0
266 T 173 581 1006 0 0
266 T 1008 2853 2267 0 0
266 T 2339 2851 581 0 0
266 T 929 582 166 0 0
266 T 2213 2863 927 0 0
266 T 582 2865 2369 0 0
266 T 2481 2729 1595 0 0
266 T 1597 1089 144 0 0
266 T 1089 2727 2582 0 0
266 T 144 1139 1539 0 0
266 T 1541 2730 2474 0 0
266 T 2556 2732 1139 0 0
266 T 1745 2832 729 0 0
266 T 2832 1393 2430 0 0
266 T 662 2827 1675 0 0
266 T 2384 1455 2827 0 0
266 T 2833 864 2110 0 0
266 T 2156 811 2826 0 0
266 T 2661 1587 263 0 0
266 T 1452 2369 2659 0 0
266 T 260 1533 2654 0 0
266 T 2656 2339 1387 0 0
266 T 361 2414 2855 0 0
266 T 2857 1604 499 0 0
266 T 496 1546 2843 0 0
266 T 2845 2464 354 0 0
266 T 2805 2529 359 0 0
266 T 2529 1427 419 0 0
266 T 356 2522 2775 0 0
266 T 416 1493 2522 0 0
266 T 2108 182 2567 0 0
266 T 2569 601 343 0 0
266 T 601 184 773 0 0
266 T 340 594 2539 0 0
266 T 2541 181 2150 0 0
266 T 706 179 594 0 0
266 T 345 2713 842 0 0
266 T 2278 1590 2713 0 0
266 T 793 2714 338 0 0
266 T 2714 1536 2224 0 0
266 T 2801 2671 974 0 0
266 T 897 2668 2771 0 0
266 T 616 1087 227 0 0
266 T 225 1140 614 0 0
266 T 2187 897 2905 0 0
266 T 2903 1055 1677 0 0
266 T 1743 1108 2945 0 0
266 T 2943 974 2145 0 0
266 T 1761 1389 2952 0 0
266 T 2950 1694 2163 0 0
266 T 1142 1696 1389 0 0
266 T 2121 1628 2912 0 0
266 T 2910 1450 1754 0 0
266 T 1450 1626 1092 0 0
266 T 872 573 2633 0 0
266 T 2631 267 1658 0 0
266 T 1728 268 2613 0 0
266 T 2611 574 819 0 0
266 T 1765 2932 1455 0 0
266 T 714 1495 2932 0 0
266 T 1393 2970 1762 0 0
266 T 2970 1433 781 0 0
266 T 205 637 1522 0 0
266 T 1581 635 199 0 0
266 T 373 2726 1510 0 0
266 T 1568 2732 375 0 0
266 T 1512 1 1566 0 -1
266 T 165 2418 2171 0 0
266 T 2173 2762 171 0 0
266 T 2762 2420 185 0 0
266 T 168 2761 2127 0 0
266 T 2129 2468 158 0 0
266 T 178 2466 2761 0 0
266 T 579 2410 2764 0 0
266 T 2759 2460 584 0 0
266 T 1829 2321 2859 0 0
266 T 768 2319 287 0 0
266 T 2849 2314 1787 0 0
266 T 284 2316 703 0 0
266 T 2897 2753 1092 0 0
266 T 1450 1566 2895 0 0
266 T 1566 1626 2753 0 0
266 T 2892 1513 1389 0 0
266 T 1142 2754 2890 0 0
266 T 2754 1696 1513 0 0
266 T 2275 19 2925 0 0
266 T 2923 2403 1100 0 0
266 T 1150 2453 2965 0 0
266 T 2963 21 2221 0 0
266 T 1241 1084 2879 0 0
266 T 2881 1808 2398 0 0
266 T 2876 1134 1234 0 0
266 T 2448 1846 2874 0 0
266 T 2473 2837 1697 0 0
266 T 2837 745 2951 0 0
266 T 1627 2838 2423 0 0
266 T 2913 678 2838 0 0
266 T 1237 1349 1239 0 0
266 T 1241 2460 2983 0 0
266 T 2985 2411 1235 0 0
266 T 2411 2458 1349 -1 0
266 T 1977 192 2782 0 0
266 T 2784 1190 2355 0 0
266 T 2329 1197 2810 0 0
266 T 2812 195 1970 0 0
266 T 940 2704 2926 0 0
266 T 2928 1129 928 0 0
266 T 1007 1075 2966 0 0
266 T 2968 2707 1018 0 0
266 T 714 2739 2974 0 0
266 T 2976 656 2932 0 0
266 T 1497 654 2739 0 0
266 T 2971 654 2935 0 0
266 T 2937 2745 780 0 0
266 T 2745 656 1430 0 0
266 T 2966 2852 1481 0 0
266 T 1415 2862 2928 0 0
266 T 2881 3023 203 0 0
266 T 3023 1808 2053 0 0
266 T 200 3009 2874 0 0
266 T 2046 1846 3009 0 0
266 T 2681 2686 2671 0 0
266 T 2668 2685 2674 0 0
266 T 2445 2959 215 0 0
266 T 2959 1719 762 0 0
266 T 212 2921 2395 0 0
266 T 701 1653 2921 0 0
266 T 1369 2965 2604 0 0
266 T 2602 21 1836 0 0
266 T 1362 2624 2925 0 0
266 T 1794 19 2624 0 0
266 T 2757 3028 778 0 0
266 T 2891 219 3028 0 0
266 T 717 3010 2750 0 0
266 T 3010 219 2896 0 0
266 T 2661 125 2655 0 0
266 T 483 790 842 0 0
266 T 2711 2715 2737 1 0
266 T 988 2345 1630 0 0
266 T 146 2343 1041 0 0
266 T 1700 2371 907 0 0
266 T 2371 151 959 0 0
266 T 1524 2954 1211 0 0
266 T 1209 2917 1579 0 0
266 T 2954 2004 2917 0 0
266 T 2746 2750 2743 0 0
266 T 780 2316 2748 0 0
266 T 2316 2935 2750 0 0
266 T 2748 2319 715 0 0
266 T 2740 2757 2746 0 0
266 T 2757 2977 2319 0 0
266 T 2053 3040 1591 0 0
266 T 3023 144 3040 0 0
266 T 1537 3043 2046 0 0
266 T 3043 144 3009 0 0
266 T 229 2717 3019 0 0
266 T 3021 1537 1967 0 0
266 T 1964 1591 3003 0 0
266 T 3005 2710 222 0 0
266 T 2945 2832 2194 0 0
266 T 2252 2827 2903 0 0
266 T 294 2466 2995 0 0
266 T 2997 2421 295 0 0
266 T 2421 2468 292 -1 0
266 T 2930 2097 2973 0 0
266 T 3026 2316 2740 0 0
266 T 2743 2319 3012 0 0
266 T 329 631 2867 0 0
266 T 2869 1728 2351 0 0
266 T 2325 1658 2866 0 0
266 T 2370 1883 1662 0 0
266 T 1732 1937 2344 0 0
266 T 2357 2312 3059 0 0
266 T 3061 1338 1634 0 0
266 T 1704 1345 3051 0 0
266 T 3053 2312 2327 0 0
266 T 2653 2620 2910 0 0
266 T 2646 2950 2600 0 0
266 T 2288 2069 83 0 0
266 T 2072 2232 84 0 0
266 T 318 2634 2567 0 0
266 T 1824 182 2634 0 0
266 T 2541 2641 318 0 0
266 T 2641 181 1782 0 0
266 T 2724 2751 2730 0 0
266 T 2729 2756 2719 0 0
266 T 12 2791 1019 1 0
266 T 44 1027 2791 0 0
266 T 941 2821 12 0 0
266 T 2821 949 49 0 0
266 T 855 2980 805 0 0
266 T 2369 2393 3077 0 0
266 T 3075 242 2863 0 0
266 T 2853 249 3109 0 0
266 T 3107 2439 2339 0 0
266 T 2877 127 2879 0 0
266 T 501 1342 2947 0 0
266 T 2949 2145 367 0 0
266 T 364 2187 2907 0 0
266 T 2909 1341 494 0 0
266 T 2977 2100 2934 0 0
266 T 2367 3082 2895 0 0
266 T 3082 2661 1568 0 0
266 T 2892 3116 2341 0 0
266 T 1511 2654 3116 0 0
266 T 1788 3027 3111 0 0
266 T 3113 2892 2439 0 0
266 T 2393 2895 3079 0 0
266 T 3081 3013 1826 0 0
266 T 860 2994 2171 -1 0
266 T 2129 2997 807 1 0
266 T 3021 3043 1975 0 0
266 T 1972 3040 3003 0 0
266 T 948 3215 2794 0 0
266 T 601 3217 2517 0 0
266 T 2824 3197 1026 0 0
266 T 2495 3195 594 0 0
266 T 2881 3167 1122 0 0
266 T 1124 889 203 0 0
266 T 889 3169 3025 0 0
266 T 200 835 1071 0 0
266 T 1073 3164 2874 0 0
266 T 3007 3162 835 0 0
266 T 377 2160 2998 0 0
266 T 3000 611 1622 0 0
266 T 1692 612 3014 0 0
266 T 3016 2114 370 0 0
266 T 2966 3087 1772 0 0
266 T 3087 2852 2817 0 0
266 T 1772 3121 2928 0 0
266 T 2787 2862 3121 0 0
266 T 3145 1337 2355 0 0
266 T 2784 1186 3143 0 0
266 T 3140 1189 2810 0 0
266 T 2329 1330 3138 0 0
266 T 2848 2739 3111 0 0
266 T 3081 2744 2858 0 0
266 T 2958 78 2788 0 0
266 T 2814 76 2920 0 0
266 T 2599 2980 2620 0 0
266 T 1103 2195 3072 0 0
266 T 3070 343 2515 0 0
266 T 2497 340 3104 0 0
266 T 3102 2253 1052 0 0
266 T 2841 3225 1446 0 0
266 T 2422 2129 3225 0 0
266 T 1385 3251 2834 0 0
266 T 3251 2171 2472 0 0
266 T 2641 2637 2645 1 0
266 T 3061 2849 63 0 0
266 T 3051 60 2861 0 0
266 T 1524 2335 195 0 0
266 T 2544 3256 1522 0 0
266 T 2335 3254 2087 0 0
266 T 192 2365 1578 0 0
266 T 1580 3226 2570 0 0
266 T 2092 3228 2365 0 0
266 T 3165 3264 143 0 0
266 T 3264 836 3042 0 0
266 T 3041 886 3234 0 0
266 T 3236 3168 143 0 0
266 T 3052 1431 3139 0 0
266 T 1495 3060 3144 0 0
266 T 2835 1058 2604 0 0
266 T 2602 2680 3252 0 0
266 T 2622 1113 2840 0 0
266 T 3222 2675 2624 0 0
266 T 3069 154 3098 0 0
266 T 1761 3244 2263 0 0
266 T 72 1680 3244 0 0
266 T 2209 3270 1754 0 0
266 T 3270 1746 75 0 0
266 T 2477 3256 2956 0 0
266 T 2914 3226 2478 0 0
266 T 640 144 1583 0 0
266 T 1585 3235 3082 0 0
266 T 3084 3169 638 0 0
266 T 641 3162 3114 0 0
266 T 1529 144 639 0 0
266 T 3116 3265 1527 0 0
266 T 3242 2689 2453 0 0
266 T 2403 2682 3272 0 0
266 T 209 2699 614 0 0
266 T 3281 2171 2615 0 0
266 T 724 3253 3279 0 0
266 T 3276 3223 659 0 0
266 T 2597 2129 3274 0 0
266 T 2324 3064 2351 0 0
266 T 1726 3062 1661 0 0
266 T 2643 2647 2651 0 0
266 T 2784 2870 3370 0 0
266 T 3372 657 3143 0 0
266 T 657 2872 1188 0 0
266 T 656 3392 3140 0 0
266 T 2810 3390 2871 0 0
266 T 493 2324 3182 0 0
266 T 3184 726 2803 0 0
266 T 2777 665 3202 0 0
266 T 3204 2350 486 0 0
266 T 940 1540 3123 0 0
266 T 3125 3377 13 0 0
266 T 3377 1538 2818 0 0
266 T 13 3395 3091 -1 0
266 T 3093 1594 1018 0 0
266 T 2792 1596 3395 0 0
266 T 1864 3107 3178 0 0
266 T 3180 2851 567 0 0
266 T 564 2865 3198 0 0
266 T 3200 3077 1914 0 0
266 T 1241 3192 2443 0 0
266 T 2445 3351 2983 0 0
266 T 2458 3353 3192 0 0
266 T 2984 3348 2395 0 0
266 T 2397 3210 1234 0 0
266 T 3210 3346 2412 0 0
266 T 608 3126 726 0 0
266 T 2707 762 3126 0 0
266 T 607 663 3094 0 0
266 T 3096 701 2704 0 0
266 T 3372 2740 3059 0 0
266 T 3053 2743 3390 0 0
266 T 2481 2756 3399 0 0
266 T 3401 2721 1595 0 0
266 T 1541 2722 3379 0 0
266 T 3381 2751 2474 0 0
266 T 3000 3310 1778 0 0
266 T 2663 3312 613 0 0
266 T 1820 3313 3014 0 0
266 T 1463 2394 3232 0 0
266 T 3230 3211 766 0 0
266 T 705 3193 3260 0 0
266 T 3258 2444 1401 0 0
266 T 608 2309 3207 0 0
266 T 3209 3366 726 0 0
266 T 3128 3368 2309 0 0
266 T 665 3388 3187 0 0
266 T 3189 2302 607 0 0
266 T 2302 3386 3094 0 0
266 T 3329 2522 2778 0 0
266 T 2780 2887 3366 0 0
266 T 3368 1421 3327 0 0
266 T 1421 2889 2522 0 0
266 T 2529 2889 1483 0 0
266 T 3322 2806 2527 0 0
266 T 1485 3388 3324 0 0
266 T 2806 3386 2889 0 0
266 T 60 3079 3391 0 0
266 T 3373 3113 62 0 0
266 T 2598 1177 3249 0 0
266 T 3247 0 3220 0 0
266 T 3218 1171 2621 0 0
266 T 1072 1 1122 0 -1
266 T 3079 3075 3084 0 0
266 T 3114 3109 3113 0 0
266 T 3412 2994 2615 -1 0
266 T 2597 2997 3422 1 0
266 T 3309 3088 567 0 0
266 T 3180 2814 3307 0 0
266 T 564 3118 3302 0 0
266 T 3304 2788 3198 0 0
266 T 3253 1366 3414 0 0
266 T 3416 2964 2679 0 0
266 T 2924 3428 2676 0 0
266 T 3428 1365 3223 0 0
266 T 2370 564 3049 0 0
266 T 3055 567 2344 0 0
266 T 3201 1768 3178 0 0
266 T 3180 1527 3430 0 0
266 T 3432 1584 3199 0 0
266 T 1584 1529 1768 1 0
266 T 2013 3447 2955 0 0
266 T 2007 2914 3447 0 0
266 T 2089 2937 3458 0 0
266 T 3460 2974 2091 1 0
266 T 1493 3284 2288 0 0
266 T 2231 3286 1426 0 0
266 T 377 1545 3035 0 0
266 T 3037 224 2998 0 0
266 T 3032 1599 370 0 0
266 T 3016 227 3030 0 0
266 T 2989 56 2342 0 0
266 T 1631 254 2987 0 0
266 T 58 2992 2372 0 0
266 T 1701 2990 251 0 0
266 T 2912 1172 3420 0 0
266 T 3418 1775 2839 0 0
266 T 2836 1816 3408 0 0
266 T 3406 1175 2950 0 0
266 T 3353 939 3466 0 0
266 T 2957 3124 3351 0 0
266 T 3468 1541 2955 0 0
266 T 3348 3090 2915 0 0
266 T 2917 1595 3463 0 0
266 T 3465 1021 3346 0 0
266 T 1765 3445 2983 0 0
266 T 750 3351 3445 0 0
266 T 3442 3348 689 0 0
266 T 3411 484 3424 0 0
266 T 768 2755 3238 0 0
266 T 3240 2977 287 0 0
266 T 284 2935 3266 0 0
266 T 3268 2752 703 0 0
266 T 1418 3333 2809 0 0
266 T 2465 1573 3333 0 0
266 T 2779 3334 1484 0 0
266 T 3334 1515 2415 0 0
266 T 1632 2966 3470 0 0
266 T 3472 2707 2307 0 0
266 T 2304 2704 3478 0 0
266 T 3480 2928 1698 0 0
266 T 1864 3319 3430 0 0
266 T 3109 1527 3319 0 0
266 T 3433 3316 1914 0 0
266 T 3316 1585 3075 0 0
266 T 3472 762 3366 0 0
266 T 3388 701 3478 0 0
266 T 2957 3379 3190 0 0
266 T 3192 2751 3255 0 0
266 T 3212 3401 2915 0 0
266 T 3229 2756 3210 0 0
266 T 1698 3322 3119 0 0
266 T 3480 1770 3322 0 0
266 T 3089 3329 1632 0 0
266 T 3329 1770 3470 0 0
266 T 3468 2722 3190 0 0
266 T 3212 2721 3463 0 0
266 T 3337 2527 3366 0 0
266 T 3388 2524 3330 0 0
266 T 1100 3596 3272 0 0
266 T 2923 2682 3596 0 0
266 T 3242 3590 1150 0 0
266 T 3590 2689 2965 0 0
266 T 3329 3482 255 0 0
266 T 3482 2522 2286 0 0
266 T 252 3476 3322 0 0
266 T 2232 2529 3476 0 0
266 T 417 3285 3483 0 0
266 T 3289 421 3476 0 0
266 T 3132 889 1970 0 0
266 T 2812 622 3130 0 0
266 T 889 624 197 0 0
266 T 1976 834 3134 0 0
266 T 3136 624 2783 0 0
266 T 191 622 834 0 0
266 T 1185 3573 3430 0 0
266 T 227 3319 3573 0 0
266 T 3433 3563 1178 0 0
266 T 3563 3316 224 0 0
266 T 3021 3263 3135 0 0
266 T 3002 3131 3234 0 0
266 T 3113 3265 3319 0 0
266 T 3236 3080 3317 0 0
266 T 2181 3170 2579 0 0
266 T 1341 3172 883 0 0
266 T 2553 3177 2135 0 0
266 T 833 3175 1342 0 0
266 T 3393 80 3131 0 0
266 T 80 2872 625 0 0
266 T 80 3372 3137 0 0
266 T 3153 3149 3157 1 0
266 T 948 1540 3151 0 0
266 T 3149 1595 1027 0 0
266 T 1540 3293 1595 0 0
266 T 1540 3215 3450 0 0
266 T 3452 3196 1595 1 0
266 T 3196 3217 3291 -1 0
266 T 3149 3396 44 0 0
266 T 3151 49 3377 0 0
266 T 3155 2823 2794 0 0
266 T 3353 12 3526 0 0
266 T 3528 3599 750 0 0
266 T 3445 3601 12 0 0
266 T 689 3600 3530 0 0
266 T 3532 12 3346 -1 0
266 T 1319 3573 3564 0 0
266 T 3230 3226 3238 0 0
266 T 3268 3256 3260 0 0
266 T 1516 3577 3366 0 0
266 T 2529 3575 2414 0 0
266 T 2465 3580 2523 0 0
266 T 3580 1573 3389 0 0
266 T 3528 3160 2011 0 0
266 T 3160 3599 2822 0 0
266 T 2008 3160 3530 0 0
266 T 2796 3600 3160 0 0
266 T 3421 2650 3218 0 0
266 T 3407 3246 2647 0 0
266 T 2805 3575 2855 0 0
266 T 2845 3581 2775 0 0
266 T 2885 17 634 0 0
266 T 3232 2140 2918 0 0
266 T 2960 2182 3258 0 0
266 T 2336 3624 3259 0 0
266 T 3261 283 3602 0 0
266 T 3604 3461 2334 0 0
266 T 3461 285 3624 0 0
266 T 2362 3231 3636 0 0
266 T 3634 286 3458 0 0
266 T 3460 3608 2364 1 0
266 T 3608 288 3231 0 0
266 T 3161 3156 3160 0 0
266 T 2181 3383 2043 0 0
266 T 3383 3170 322 0 0
266 T 2040 3405 2135 0 0
266 T 322 3177 3405 0 0
266 T 3624 2086 3267 0 0
266 T 3634 3239 2091 0 0
266 T 2805 3368 3586 0 0
266 T 3588 1514 2855 0 0
266 T 2845 1572 3583 0 0
266 T 3585 3386 2775 0 0
266 T 3297 811 2902 0 0
266 T 2253 2154 3295 0 0
266 T 3298 2942 862 0 0
266 T 2110 2197 3300 0 0
266 T 3321 3021 3534 0 0
266 T 3508 2717 3319 0 0
266 T 3316 2710 3487 0 0
266 T 3548 3003 3314 0 0
266 T 3540 2717 3573 0 0
266 T 3563 2710 3550 0 0
266 T 3416 3593 2671 0 0
266 T 2668 3595 3426 0 0
266 T 2957 3376 3526 0 0
266 T 3532 3394 2915 0 0
266 T 3184 3207 3586 0 0
266 T 3585 3189 3202 0 0
266 T 553 377 2939 0 0
266 T 2941 367 974 0 0
266 T 897 364 2899 0 0
266 T 2901 370 546 0 0
266 T 3602 1769 3609 0 0
266 T 1767 2363 2334 0 0
266 T 205 3382 3343 0 0
266 T 3345 2044 1074 0 0
266 T 3340 3404 198 0 0
266 T 1128 2039 3338 0 0
266 T 2788 749 3561 0 0
266 T 3566 683 2815 0 0
266 T 3244 3554 467 0 0
266 T 3554 73 1153 0 0
266 T 1098 75 3545 0 0
266 T 3543 3273 465 0 0
266 T 3592 114 467 0 0
266 T 114 1152 3556 0 0
266 T 464 113 3594 0 0
266 T 3542 1098 113 0 0
266 T 3158 3394 3446 0 0
266 T 3448 3377 3159 0 0
266 T 1564 3175 2947 0 0
266 T 2909 3172 1507 0 0
266 T 3099 3303 746 0 0
266 T 3560 3201 3101 0 0
266 T 685 3308 3069 0 0
266 T 3067 3179 3566 0 0
266 T 2905 2909 2899 0 0
266 T 2940 2946 2942 0 0
266 T 3113 3137 3534 0 0
266 T 3549 3131 3078 0 0
266 T 2762 2758 2766 1 0
266 T 3376 3397 3157 -1 0
266 T 2986 3087 3484 0 0
266 T 3474 3121 2993 0 0
266 T 2612 3063 2631 0 0
266 T 2993 3287 3610 0 0
266 T 3612 421 3119 0 0
266 T 3089 414 3614 0 0
266 T 3616 3284 2986 0 0
266 T 1104 3037 2939 0 0
266 T 2901 3030 1051 0 0
266 T 3440 2884 327 0 0
266 T 108 3131 3390 0 0
266 T 3372 3136 111 0 0
266 T 3072 3689 2110 0 0
266 T 3689 1105 3300 0 0
266 T 2156 3682 3102 0 0
266 T 3295 1050 3682 0 0
266 T 1104 3638 2943 0 0
266 T 3035 2947 3638 0 0
266 T 2905 3628 1051 0 0
266 T 3628 2909 3032 0 0
266 T 3436 2699 519 0 0
266 T 421 3657 3305 0 0
266 T 3306 3651 414 0 0
266 T 3452 597 3522 1 0
266 T 3524 2496 1595 0 0
266 T 1541 2514 3503 0 0
266 T 3505 598 3451 0 0
266 T 3652 3617 567 0 0
266 T 564 3611 3654 0 0
266 T 3626 3685 812 0 0
266 T 863 3686 3640 0 0
266 T 3030 1818 3621 0 0
266 T 3619 3313 229 0 0
266 T 222 3310 3633 0 0
266 T 3631 1780 3037 0 0
266 T 345 3504 3671 0 0
266 T 3673 1538 3070 0 0
266 T 3668 3523 338 0 0
266 T 3104 1596 3666 0 0
266 T 2569 3452 3671 0 0
266 T 3668 3451 2539 1 0
266 T 3072 3661 846 0 0
266 T 3661 3689 6 0 0
266 T 797 3663 3102 0 0
266 T 6 3682 3663 1 0
266 T 569 2987 3646 0 0
266 T 563 3642 2991 0 0
266 T 3681 3402 1835 0 0
266 T 864 3176 3679 0 0
266 T 3676 3171 811 0 0
266 T 1797 3384 3674 0 0
266 T 205 3676 3719 0 0
266 T 3721 1795 3343 0 0
266 T 3340 1837 3715 0 0
266 T 3717 3679 198 0 0
266 T 3345 3363 3339 0 0
266 T 3037 3702 1562 0 0
266 T 3631 191 3702 0 0
266 T 1509 3701 3030 0 0
266 T 3701 196 3621 0 0
266 T 3673 3736 846 0 0
266 T 1540 3661 3736 0 0
266 T 797 3731 3666 0 0
266 T 3731 3663 1594 0 0
266 T 1346 1348 1346 -1 0
266 T 468 3516 2673 0 0
266 T 2666 3495 463 0 0
266 T 3313 3722 614 0 0
266 T 1138 3724 3632 0 0
266 T 3725 1086 3618 0 0
266 T 6 3734 3755 0 0
266 T 3757 1538 3687 0 0
266 T 3684 1596 3743 0 0
266 T 3745 3733 6 0 0
266 T 3629 3173 3698 0 0
266 T 3177 3640 3704 0 0
266 T 3689 3703 3679 0 0
266 T 3676 3700 3682 0 0
266 T 3781 1138 3687 0 0
266 T 3757 143 3779 0 0
266 T 3684 1088 3774 0 0
266 T 3776 143 3743 0 0
266 T 1124 3768 3719 0 0
266 T 3674 3766 887 0 0
266 T 3717 3771 1071 0 0
266 T 837 3773 3681 0 0
266 T 318 3739 3671 0 0
266 T 2636 3452 3739 0 0
266 T 3668 3753 318 0 0
266 T 3753 3451 2639 1 0
266 T 3741 3736 1059 0 0
266 T 1112 3731 3751 0 0
266 T 3753 3740 2645 1 0
266 T 3725 3759 195 0 0
266 T 3759 1086 3700 0 0
266 T 192 3749 3722 0 0
266 T 3703 1140 3749 0 0
266 T 3691 2410 2459 0 0
266 T 3361 654 1327 0 0
266 T 3725 3783 622 0 0
266 T 889 3785 3761 0 0
266 T 3747 3782 835 0 0
266 T 3727 3731 3735 0 0
266 T 6 3790 3799 0 0
266 T 3801 824 3755 0 0
266 T 3736 822 3790 0 0
266 T 3745 875 3795 0 0
266 T 3797 3789 6 0 0
266 T 3789 877 3731 0 0
266 T 3781 3747 3679 0 0
266 T 3676 3761 3774 0 0
266 T 3801 645 3779 0 0
266 T 645 824 145 0 0
266 T 3776 642 3795 0 0
266 T 145 875 642 0 0
266 T 3773 3800 96 0 0
266 T 3520 3791 3771 0 0
266 T 3768 3788 3499 0 0
266 T 99 3794 3766 0 0
266 T 3781 3782 3771 0 0
266 T 3768 3785 3774 0 0
266 T 3691 3693 3691 1 0
266 T 3720 3803 3715 0 0
266 T 3801 116 3771 0 0
266 T 3784 117 643 0 0
266 T 3768 116 3795 0 0
266 T 825 1 875 -1 0
266 T 1585 3455 2334 0 0
266 T 2365 3457 1526 1 0
266 T 493 3713 3586 0 0
266 T 2322 3207 3713 0 0
266 T 3585 3707 486 0 0
266 T 3707 3189 2352 0 0
266 T 3811 3813 3811 1 0
266 T 1524 1582 3510 0 0
266 T 3512 3454 195 0 0
266 T 192 3457 3491 1 0
266 T 3493 1528 1578 0 0
266 T 3822 3824 3822 -1 0
266 T 3827 3829 3827 1 0
266 U 94 1 1 0 0
266 U 1 1 1 0 0
266 U 2 2 3 0 0
266 U 879 2 2 0 0
266 U 29 3 2 0 0
266 U 41 3 2 0 0
266 U 9 2 3 -1 0
266 U 829 4 4 0 0
266 U 2 5 4 0 0
266 U 31 4 5 0 0
266 U 9 5 4 0 0
266 U 42 4 5 0 0
266 U 147 6 9 0 0
266 U 1023 6 6 0 0
266 U 816 9 6 0 0
266 U 45 7 6 0 0
266 U 13 6 7 -1 0
266 U 1046 9 9 0 0
266 U 33 9 8 0 0
266 U 5 8 9 0 0
266 U 866 10 13 0 0
266 U 944 10 10 0 0
266 U 153 13 10 0 0
266 U 12 11 10 0 0
266 U 49 10 11 0 0
266 U 969 13 13 0 0
266 U 4 13 12 0 0
266 U 35 12 13 0 0
266 U 7 14 15 0 0
266 U 3518 14 14 0 0
266 U 97 15 14 0 0
266 U 105 15 14 0 0
266 U 21 14 15 0 0
266 U 3500 16 16 0 0
266 U 6 17 16 1 0
266 U 99 16 17 0 0
266 U 18 17 16 0 0
266 U 107 16 17 0 0
266 U 630 18 20 0 0
266 U 157 18 18 0 0
266 U 175 20 20 0 0
266 U 628 22 18 0 0
266 U 189 22 22 0 0
266 U 93 21 20 0 0
266 U 27 23 22 0 0
266 U 2598 24 26 0 0
266 U 1761 29 24 0 0
266 U 870 26 29 0 0
266 U 852 28 24 0 0
266 U 73 29 28 0 0
266 U 1640 29 24 0 0
266 U 11 28 29 0 0
266 U 217 26 24 0 0
266 U 856 27 24 0 0
266 U 46 26 27 0 0
266 U 52 27 26 0 0
266 U 802 30 33 0 0
266 U 213 32 30 0 0
266 U 50 33 32 0 0
266 U 1709 35 30 0 0
266 U 818 32 35 0 0
266 U 800 34 30 0 0
266 U 10 35 34 0 0
266 U 1757 35 30 0 0
266 U 75 34 35 0 0
266 U 2621 32 30 0 0
266 U 53 32 33 -1 0
266 U 223 36 38 0 0
266 U 3547 36 36 0 0
266 U 3488 38 36 0 0
266 U 109 37 36 0 0
266 U 61 36 37 0 0
266 U 3553 38 38 0 0
266 U 101 39 38 0 0
266 U 15 38 39 0 0
266 U 3506 40 42 0 0
266 U 3536 40 40 0 0
266 U 229 42 40 0 0
266 U 62 41 40 0 0
266 U 111 40 41 0 0
266 U 3538 42 42 0 0
266 U 14 43 42 1 0
266 U 103 42 43 0 0
266 U 902 44 52 0 0
266 U 245 46 44 0 0
266 U 1841 52 46 0 0
266 U 1829 52 44 0 0
266 U 934 46 52 0 0
266 U 908 48 44 0 0
266 U 289 52 48 0 0
266 U 253 49 44 0 0
266 U 59 48 49 0 0
266 U 1825 48 44 0 0
266 U 37 49 48 0 0
266 U 930 46 50 0 0
266 U 2488 51 46 0 0
266 U 17 50 51 0 0
266 U 68 47 46 0 0
266 U 1844 51 47 0 0
266 U 299 50 52 0 0
266 U 986 54 58 0 0
266 U 1788 62 54 0 0
266 U 283 58 62 0 0
266 U 249 56 54 0 0
266 U 1017 62 56 0 0
266 U 984 62 54 0 0
266 U 1798 56 62 0 0
266 U 1784 58 54 0 0
266 U 257 59 54 0 0
266 U 39 58 59 0 0
266 U 57 59 58 0 0
266 U 1804 60 56 0 0
266 U 305 62 60 0 0
266 U 68 57 56 1 0
266 U 2508 60 57 0 0
266 U 1013 60 56 0 0
266 U 16 61 60 0 0
266 U 3438 64 69 0 0
266 U 485 64 64 0 0
266 U 516 69 69 0 0
266 U 3436 66 64 0 0
266 U 505 66 66 0 0
266 U 91 67 66 0 0
266 U 119 69 68 0 0
266 U 87 70 71 -1 0
266 U 3101 72 70 0 0
266 U 1619 71 72 0 0
266 U 3657 77 70 0 0
266 U 1642 72 77 0 0
266 U 3644 74 70 0 0
266 U 3289 77 74 0 0
266 U 3048 75 70 0 0
266 U 59 74 75 0 0
266 U 525 77 70 0 0
266 U 1663 75 77 0 0
266 U 1821 72 70 0 0
266 U 23 72 73 0 0
266 U 84 75 74 0 0
266 U 3650 78 85 0 0
266 U 3068 80 78 0 0
266 U 1713 85 80 0 0
266 U 86 79 78 0 0
266 U 1689 80 79 0 0
266 U 1780 80 78 0 0
266 U 22 81 80 0 0
266 U 529 85 78 0 0
266 U 3057 83 78 0 0
266 U 1732 85 83 0 0
266 U 3648 82 78 0 0
266 U 57 83 82 0 0
266 U 3283 82 85 0 0
266 U 83 83 82 0 0
266 U 838 86 92 0 0
266 U 2380 93 86 0 0
266 U 25 92 93 0 0
266 U 2801 88 86 0 0
266 U 3516 93 88 0 0
266 U 844 90 86 0 0
266 U 535 88 90 0 0
266 U 3412 91 86 0 0
266 U 89 90 91 -1 0
266 U 3281 88 86 0 0
266 U 860 91 88 0 0
266 U 3414 88 92 0 0
266 U 65 89 88 0 0
266 U 114 93 92 0 0
266 U 2427 94 101 0 0
266 U 788 100 94 0 0
266 U 24 101 100 0 0
266 U 3277 96 94 0 0
266 U 3429 100 96 0 0
266 U 3425 99 94 0 0
266 U 806 96 99 0 0
266 U 792 98 94 0 0
266 U 88 99 98 0 0
266 U 2772 96 94 0 0
266 U 533 98 96 0 0
266 U 3494 96 101 0 0
266 U 66 97 96 0 0
266 U 112 100 101 0 0
266 Q 0 1157 1 1159 0 -1 0 0 0 0
266 Q 1104 174 1050 0 0 0 0 0 0 0
266 Q 1 1042 176 965 0 0 1 1 0 1
266 Q 272 1250 272 1250 0 0 0 0 0 0
266 Q 271 696 1 758 -1 -1 0 0 0 0
266 Q 972 515 890 0 0 0 0 0 0 0
266 Q 329 2002 327 485 0 0 0 0 0 0
266 Q 483 333 155 335 0 0 0 0 0 0
266 Q 123 1392 189 1455 0 0 -1 0 0 0
266 Q 2097 187 2097 187 0 0 0 0 0 0
266 Q 0 1908 505 1854 0 0 0 0 0 0
266 Q 391 812 187 862 0 0 0 0 0 0
266 Q 433 47 430 51 0 0 0 0 0 0
266 Q 0 788 2099 838 0 0 0 0 0 0
266 Q 545 273 539 0 0 0 0 0 0 0
266 Q 389 2737 383 157 0 0 0 0 0 0
266 Q 14 1320 15 2735 0 0 -1 0 1 0
266 Q 1329 2099 1327 515 0 0 0 0 0 0
266 Q 1959 616 2062 614 0 0 0 0 0 0
266 Q 1087 2064 1140 451 0 0 0 0 0 0
266 Q 2085 635 2004 637 0 0 0 0 0 0
266 Q 604 124 602 0 0 0 0 0 0 0
266 Q 2096 26 2097 27 0 0 0 0 0 0
266 Q 36 175 38 176 0 0 0 0 0 0
266 Q 505 2701 2062 2699 0 0 0 0 0 0
266 Q 1669 1347 1734 128 0 0 0 0 0 0
266 Q 125 640 127 638 0 0 0 0 0 0
266 Q 684 3357 746 155 0 0 0 0 0 0
266 Q 291 2183 3355 2140 0 0 0 0 0 0
266 Q 2768 594 452 600 0 0 0 0 0 0
266 Q 1816 3362 1774 0 0 0 0 0 0 0
266 Q 2005 2885 517 2883 0 0 0 0 0 0
266 Q 1767 2817 3356 2786 0 0 0 0 0 0
266 Q 2961 3355 2918 1769 0 0 0 0 0 0
266 Q 2838 2642 2836 3362 0 0 0 0 0 0
266 Q 1769 78 1766 77 0 0 0 0 0 0
266 Q 120 90 121 91 0 0 0 0 0 0
266 Q 1319 102 1320 100 0 0 0 0 0 0
266 Q 2623 3729 2604 3363 0 0 0 0 0 0
266 Q 515 3361 2095 3359 0 0 0 0 0 0
266 Q 18 3728 21 3803 0 0 0 0 0 0
266 Q 92 129 93 128 0 0 0 0 0 0
266 Q 3803 3500 3729 3518 0 0 0 0 0 0
266 Q 104 3727 106 3728 0 0 0 0 0 0
266 Q 121 2633 3695 2610 0 0 0 0 0 0
266 Q 818 3697 872 188 0 0 0 0 0 0
266 Q 2348 450 2375 3697 0 0 0 0 0 0
266 Q 3763 489 3696 491 0 0 0 0 0 0
266 Q 1108 451 1054 3765 0 0 0 0 0 0
266 Q 2104 2769 2147 3765 0 0 0 0 0 0
266 Q 131 2324 3694 2351 0 0 0 0 0 0
266 Q 3360 26 3359 119 0 0 0 0 0 0
266 Q 501 3806 495 3765 0 0 0 0 0 0
266 Q 1608 2769 1551 3808 0 0 0 0 0 0
266 Q 1845 3809 1802 3693 0 0 0 0 0 0
266 Q 3763 3584 3817 3586 0 0 0 0 0 0
266 Q 3711 3815 3708 3696 0 0 0 0 0 0
266 Q 3209 3815 3186 131 0 0 0 0 0 0
266 Q 3764 2856 3813 2843 0 0 0 0 0 0
266 Q 1548 3811 1603 3807 0 0 0 0 0 0
266 Q 608 132 606 131 0 0 0 0 0 0
266 Q 132 2307 3815 2305 0 0 0 0 0 0
266 Q 3817 1516 3812 1571 0 0 0 0 0 0
266 Q 133 2167 3819 2124 0 0 0 0 0 0
266 Q 1576 3821 1519 3814 0 0 0 0 0 0
266 Q 3819 201 135 203 0 0 0 0 0 0
266 Q 135 646 133 648 0 0 0 0 0 0
266 Q 3819 1581 136 1522 0 0 0 0 0 0
266 Q 635 136 637 135 0 0 0 0 0 0
266 Q 3815 1064 3822 1114 0 0 0 0 0 0
266 Q 190 3820 196 3824 0 0 0 0 0 0
266 Q 137 1528 3826 1583 0 0 0 0 0 0
266 Q 640 139 638 137 0 0 0 0 0 0
266 Q 139 142 3828 143 0 0 0 0 0 0
266 Q 3819 3492 3827 3510 0 0 0 0 0 0
266 Q 644 141 642 139 0 0 0 0 0 0
266 Q 3828 877 141 823 0 0 0 0 0 0
266 Q 3825 3454 3827 3456 1 0 0 0 -1 0
266 Q 140 94 141 95 0 0 0 0 0 0
