1123 A 7 0 4 -1 -4 1
1123 A 14 0 3 -6 -3 6
1123 A -3 1 -80 -1 80 1
1123 A 2 1 81 -1 -81 1
1123 A 17 0 4 -8 -4 8
1123 A -5 1 -80 -1 80 1
1123 A 4 1 81 -1 -81 1
1123 A -7 1 -18 0 18 0
1123 A 6 1 -18 0 18 0
1123 A 19 0 3 -6 -3 6
1123 A -11 1 -93 -4 93 4
1123 A 10 1 97 -4 -97 4
1123 A 34 0 21 -8 -21 8
1123 A 9 0 2 -4 2 -4
1123 A 11 0 1 -2 1 -2
1123 A 17 0 1 -2 1 -2
1123 A 4 0 0 -1 1 -1
1123 A 4 0 -1 -1 -2 1
1123 A 5 0 0 -1 1 -1
1123 A 5 0 -1 -1 -1 -2
1123 A 5 0 2 -1 3 -2
1123 A 5 0 3 -1 -1 2
1123 A 5 0 0 -2 -2 2
1123 A 6 0 0 -1 -1 1
1123 A 6 0 -1 -1 2 -1
1123 A 6 0 -2 -1 -3 1
1123 A 7 0 0 -1 1 -1
1123 A 7 0 -1 -1 -4 2
1123 A 7 0 2 -1 2 2
1123 A 7 0 1 -2 5 -3
1123 A 7 0 0 -2 -3 3
1123 A 7 0 2 -2 0 3
1123 A 7 0 -1 -3 -4 3
1123 A 8 0 0 -1 1 -1
1123 A 8 0 -1 -1 -2 -3
1123 A 8 0 2 -1 5 -3
1123 A 8 0 -2 -1 -3 1
1123 A 8 0 -3 -1 -4 3
1123 A 8 0 4 -1 1 3
1123 A 8 0 1 -3 -2 3
1123 A 8 0 0 -3 3 -3
1123 A 9 0 0 -1 -4 4
1123 A 9 0 1 -1 0 4
1123 A 9 0 -1 -1 -4 2
1123 A 9 0 2 -1 2 2
1123 A 9 0 -2 -1 -3 1
1123 A 9 0 -3 -1 -1 -2
1123 A 9 0 4 -1 3 -2
1123 A 9 0 5 -1 -1 2
1123 A 9 0 0 -2 -2 2
1123 A 9 0 -3 -2 1 -4
1123 A 9 0 5 -2 3 -4
1123 A 9 0 -1 -4 5 -4
1123 A 9 0 -2 -4 -6 4
1123 A 10 0 0 -1 1 -1
1123 A 10 0 -1 -1 -6 3
1123 A 10 0 2 -1 3 3
1123 A 10 0 -2 -1 -1 -3
1123 A 10 0 3 -1 4 -3
1123 A 10 0 -3 -1 -2 3
1123 A 10 0 4 -1 -1 3
1123 A 10 0 -4 -1 5 -1
1123 A 10 0 0 -3 -3 3
1123 A 10 0 -2 -3 -5 3
1123 A 11 0 0 -1 2 -2
1123 A 11 0 1 -1 0 -2
1123 A 11 0 -1 -1 3 4
1123 A 11 0 2 -1 -7 4
1123 A 11 0 -2 -1 3 -1
1123 A 11 0 -3 -1 -1 3
1123 A 11 0 4 -1 -2 3
1123 A 11 0 -4 -1 4 -3
1123 A 11 0 5 -1 -1 -3
1123 A 11 0 6 -1 2 -4
1123 A 11 0 -1 -2 -6 4
1123 A 11 0 3 -2 2 4
1123 A 11 0 -2 -2 -4 2
1123 A 11 0 -3 -2 -1 -4
1123 A 11 0 5 -2 5 -4
1123 A 11 0 -4 -2 -4 5
1123 A 11 0 6 -2 -1 5
1123 A 11 0 0 -3 -3 3
1123 A 11 0 -2 -3 3 -4
1123 A 11 0 5 -3 1 -4
1123 A 11 0 -3 -3 1 5
1123 A 11 0 6 -3 -6 5
1123 A 11 0 7 -3 8 -5
1123 A 11 0 0 -4 -5 5
1123 A 11 0 4 -4 0 5
1123 A 11 0 2 -5 3 -5
1123 A 11 0 -2 -5 -7 5
1123 A 12 0 0 -1 5 -5
1123 A 12 0 1 -1 0 -5
1123 A 12 0 -1 -1 2 5
1123 A 12 0 2 -1 -7 5
1123 A 12 0 -2 -1 -3 1
1123 A 12 0 -3 -1 8 -5
1123 A 12 0 4 -1 -3 -5
1123 A 12 0 -4 -1 5 -1
1123 A 12 0 -5 -1 -6 1
1123 A 12 0 2 -5 -3 5
1123 A 12 0 1 -5 4 -5
1123 A 12 0 -1 -5 -6 5
1123 A 13 0 0 -1 5 -5
1123 A 13 0 1 -1 0 -5
1123 A 13 0 -1 -1 8 -4
1123 A 13 0 2 -1 -4 -4
1123 A 13 0 -2 -1 3 -1
1123 A 13 0 -3 -1 -5 -2
1123 A 13 0 4 -1 7 -2
1123 A 13 0 -4 -1 -4 6
1123 A 13 0 5 -1 -2 6
1123 A 13 0 -5 -1 -6 1
1123 A 13 0 7 -1 3 -6
1123 A 13 0 1 -2 8 -3
1123 A 13 0 0 -2 -4 4
1123 A 13 0 2 -2 0 4
1123 A 13 0 -1 -2 9 -6
1123 A 13 0 3 -2 -3 -6
1123 A 13 0 -2 -2 4 -2
1123 A 13 0 -3 -2 -1 3
1123 A 13 0 5 -2 -2 3
1123 A 13 0 -4 -2 -5 6
1123 A 13 0 6 -2 -1 6
1123 A 13 0 0 -3 6 -6
1123 A 13 0 3 -3 0 -6
1123 A 13 0 -1 -3 -2 -5
1123 A 13 0 4 -3 7 -5
1123 A 13 0 -2 -3 -2 -4
1123 A 13 0 5 -3 6 -4
1123 A 13 0 -3 -3 -6 3
1123 A 13 0 -4 -3 -5 4
1123 A 13 0 7 -3 1 4
1123 A 13 0 2 -4 4 5
1123 A 13 0 1 -4 2 6
1123 A 13 0 3 -4 -8 6
1123 A 13 0 -3 -4 -1 -5
1123 A 13 0 7 -4 6 -5
1123 A 13 0 2 -5 -3 5
1123 A 13 0 1 -5 4 -5
1123 A 13 0 -3 -5 7 -6
1123 A 13 0 8 -5 -1 -6
1123 A 14 0 0 -1 1 -1
1123 A 14 0 -1 -1 -4 -5
1123 A 14 0 2 -1 9 -5
1123 A 14 0 -3 -1 -4 1
1123 A 14 0 -5 -1 2 -5
1123 A 14 0 6 -1 3 -5
1123 A 14 0 -6 -1 7 -1
1123 A 14 0 0 -3 5 -5
1123 A 14 0 3 -3 0 -5
1123 A 14 0 -1 -3 -4 3
1123 A 14 0 -2 -3 1 5
1123 A 14 0 5 -3 -6 5
1123 A 14 0 -3 -3 -6 3
1123 A 14 0 -4 -3 7 -5
1123 A 14 0 7 -3 -2 -5
1123 A 15 0 0 -1 -4 4
1123 A 15 0 1 -1 0 4
1123 A 15 0 -1 -1 -1 -7
1123 A 15 0 2 -1 8 -7
1123 A 15 0 -2 -1 -6 7
1123 A 15 0 3 -1 -1 7
1123 A 15 0 -3 -1 8 -2
1123 A 15 0 4 -1 -6 -2
1123 A 15 0 -4 -1 5 -1
1123 A 15 0 -5 -1 -9 4
1123 A 15 0 6 -1 5 4
1123 A 15 0 -6 -1 -1 -2
1123 A 15 0 7 -1 3 -2
1123 A 15 0 8 -1 -1 2
1123 A 15 0 0 -2 -2 2
1123 A 15 0 -2 -2 -8 4
1123 A 15 0 4 -2 4 4
1123 A 15 0 -3 -2 -5 2
1123 A 15 0 -4 -2 -3 -4
1123 A 15 0 6 -2 7 -4
1123 A 15 0 -5 -2 -2 7
1123 A 15 0 7 -2 -5 7
1123 A 15 0 2 -4 11 -7
1123 A 15 0 1 -4 -9 7
1123 A 15 0 3 -4 2 7
1123 A 15 0 -1 -4 5 -4
1123 A 15 0 -2 -4 -3 7
1123 A 15 0 6 -4 -4 7
1123 A 15 0 0 -7 -7 7
1123 A 15 0 -3 -7 -10 7
1123 A 16 0 0 -1 -7 7
1123 A 16 0 1 -1 0 7
1123 A 16 0 -1 -1 6 -3
1123 A 16 0 2 -1 -3 -3
1123 A 16 0 -2 -1 -3 1
1123 A 16 0 -3 -1 4 3
1123 A 16 0 4 -1 -7 3
1123 A 16 0 -4 -1 9 -5
1123 A 16 0 5 -1 -4 -5
1123 A 16 0 -5 -1 10 -7
1123 A 16 0 6 -1 -3 -7
1123 A 16 0 -6 -1 -3 5
1123 A 16 0 7 -1 -2 5
1123 A 16 0 -7 -1 8 -1
1123 A 16 0 1 -3 -2 3
1123 A 16 0 0 -3 3 -3
1123 A 16 0 -1 -3 4 -7
1123 A 16 0 4 -3 3 -7
1123 A 16 0 -2 -3 -1 7
1123 A 16 0 5 -3 -6 7
1123 A 16 0 -5 -3 -8 5
1123 A 16 0 8 -3 3 5
1123 A 16 0 -6 -3 -1 -5
1123 A 16 0 9 -3 6 -5
1123 A 16 0 1 -5 4 7
1123 A 16 0 4 -5 -11 7
1123 A 16 0 0 -5 5 -5
1123 A 16 0 -2 -5 -7 5
1123 A 16 0 -5 -5 -2 -7
1123 A 16 0 10 -5 9 -7
1123 A 16 0 2 -7 -5 7
1123 A 16 0 -1 -7 8 -7
1123 A -1 1 -17 0 -33 0
1123 A -1 1 -18 0 -78 0
1123 A -1 1 -30 0 -103 0
1123 A -1 1 -44 0 -83 0
1123 A -1 1 -50 0 -118 0
1123 A -1 1 -64 0 101 0
1123 A -1 1 -66 0 132 0
1123 A -1 1 -109 0 -116 0
1123 A 0 1 -17 0 -33 0
1123 A 0 1 -18 0 -78 0
1123 A 0 1 -30 0 -103 0
1123 A 0 1 -44 0 -83 0
1123 A 0 1 -50 0 -118 0
1123 A 0 1 -64 0 101 0
1123 A 0 1 -66 0 132 0
1123 A 0 1 -109 0 -116 0
1123 A -2 1 -17 0 50 0
1123 A -2 1 -18 0 -108 -1
1123 A -2 1 -21 0 27 0
1123 A -2 1 -30 0 -66 0
1123 A -2 1 -33 0 -60 0
1123 A -2 1 -75 0 -83 0
1123 A -2 1 -76 0 106 1
1123 A -2 1 -88 0 117 1
1123 A -2 1 -98 -1 -131 -1
1123 A -2 1 -102 -1 -115 -1
1123 A 1 1 -17 0 50 0
1123 A 1 1 -18 0 -109 1
1123 A 1 1 -21 0 27 0
1123 A 1 1 -30 0 -66 0
1123 A 1 1 -33 0 -60 0
1123 A 1 1 -75 0 -83 0
1123 A 1 1 -76 0 107 -1
1123 A 1 1 -88 0 118 -1
1123 A 1 1 99 -1 132 -1
1123 A 1 1 103 -1 116 -1
1123 A -3 1 -17 0 -132 -1
1123 A -3 1 -20 0 -43 0
1123 A -3 1 -30 0 64 1
1123 A -3 1 -34 0 73 1
1123 A -3 1 -39 0 -100 -1
1123 A -3 1 -40 0 119 1
1123 A -3 1 -45 0 -51 0
1123 A -3 1 -58 -1 77 1
1123 A -3 1 -59 -1 122 1
1123 A -3 1 -78 -1 -121 -1
1123 A -3 1 -86 -1 126 1
1123 A -3 1 -87 -1 115 1
1123 A -3 1 -99 -1 118 1
1123 A -3 1 -103 -1 -108 -1
1123 A 2 1 -17 0 -133 1
1123 A 2 1 -20 0 -43 0
1123 A 2 1 -30 0 65 -1
1123 A 2 1 -34 0 74 -1
1123 A 2 1 -39 0 -101 1
1123 A 2 1 -40 0 120 -1
1123 A 2 1 -45 0 -51 0
1123 A 2 1 59 -1 -78 1
1123 A 2 1 60 -1 -123 1
1123 A 2 1 79 -1 122 -1
1123 A 2 1 87 -1 -127 1
1123 A 2 1 88 -1 -116 1
1123 A 2 1 100 -1 -119 1
1123 A 2 1 104 -1 109 -1
1123 A 17 0 -3 -1 1 4
1123 A 17 0 4 -1 -5 4
1123 A 17 0 -4 -1 -1 7
1123 A 17 0 5 -1 -6 7
1123 A 17 0 -5 -1 8 -7
1123 A 17 0 6 -1 -1 -7
1123 A 17 0 -7 -1 3 6
1123 A 17 0 8 -1 -9 6
1123 A 17 0 9 -1 2 -4
1123 A 17 0 -1 -2 4 3
1123 A 17 0 3 -2 -7 3
1123 A 17 0 -2 -2 -3 -7
1123 A 17 0 4 -2 10 -7
1123 A 17 0 -4 -2 -5 -4
1123 A 17 0 6 -2 9 -4
1123 A 17 0 -5 -2 -9 5
1123 A 17 0 7 -2 4 5
1123 A 17 0 -6 -2 -8 2
1123 A 17 0 -7 -2 -3 -5
1123 A 17 0 9 -2 8 -5
1123 A 17 0 1 -3 11 -8
1123 A 17 0 2 -3 -3 -8
1123 A 17 0 0 -3 -5 5
1123 A 17 0 3 -3 0 5
1123 A 17 0 -2 -3 -2 8
1123 A 17 0 5 -3 -6 8
1123 A 17 0 -5 -3 4 7
1123 A 17 0 8 -3 -11 7
1123 A 17 0 -6 -3 -9 3
1123 A 17 0 10 -3 12 -7
1123 A 17 0 1 -4 4 6
1123 A 17 0 3 -4 -10 6
1123 A 17 0 -2 -4 2 -7
1123 A 17 0 6 -4 5 -7
1123 A 17 0 -3 -4 2 -6
1123 A 17 0 7 -4 4 -6
1123 A 17 0 -4 -4 -10 5
1123 A 17 0 8 -4 5 5
1123 A 17 0 2 -5 7 -6
1123 A 17 0 3 -5 -1 -6
1123 A 17 0 -1 -5 4 8
1123 A 17 0 6 -5 -12 8
1123 A 17 0 -2 -5 7 -5
1123 A 17 0 11 -5 -3 6
1123 A 17 0 1 -6 3 -7
1123 A 17 0 5 -6 4 -7
1123 A 17 0 0 -6 6 -6
1123 A 17 0 0 -7 -7 7
1123 A 17 0 -2 -8 10 -8
1123 A -4 1 -18 0 110 1
1123 A -4 1 -19 0 104 1
1123 A -4 1 -20 0 40 1
1123 A -4 1 -28 0 -128 -2
1123 A -4 1 -31 0 100 1
1123 A -4 1 -34 0 -108 -1
1123 A -4 1 -42 -1 -117 -1
1123 A -4 1 -48 -1 58 1
1123 A -4 1 -77 -1 119 1
1123 A -4 1 -82 -1 88 1
1123 A -4 1 -87 -1 -124 -2
1123 A 3 1 -18 0 111 -1
1123 A 3 1 -19 0 105 -1
1123 A 3 1 -20 0 41 -1
1123 A 3 1 -28 0 -130 2
1123 A 3 1 -31 0 101 -1
1123 A 3 1 -34 0 -109 1
1123 A 3 1 43 -1 118 -1
1123 A 3 1 49 -1 -59 1
1123 A 3 1 78 -1 -120 1
1123 A 3 1 83 -1 -89 1
1123 A 3 1 88 -1 126 -2
1123 A -5 1 -18 0 -107 -2
1123 A -5 1 -22 0 -36 -1
1123 A -5 1 -32 0 -42 -1
1123 A -5 1 -39 -1 120 2
1123 A -5 1 -40 -1 -97 -2
1123 A -5 1 -59 -1 117 2
1123 A -5 1 -60 -1 83 1
1123 A -5 1 -82 -1 -118 -2
1123 A -5 1 -84 -1 105 2
1123 A -5 1 -98 -2 121 2
1123 A -5 1 -101 -2 -131 -2
1123 A 4 1 -18 0 -109 2
1123 A 4 1 -22 0 -37 1
1123 A 4 1 -32 0 -43 1
1123 A 4 1 40 -1 -122 2
1123 A 4 1 41 -1 99 -2
1123 A 4 1 60 -1 -119 2
1123 A 4 1 61 -1 -84 1
1123 A 4 1 83 -1 120 -2
1123 A 4 1 85 -1 -107 2
1123 A 4 1 100 -2 -123 2
1123 A 4 1 103 -2 133 -2
1123 A -6 1 -18 0 109 2
1123 A -6 1 -19 0 119 2
1123 A -6 1 -20 0 128 2
1123 A -6 1 -23 0 -27 0
1123 A -6 1 -27 -1 60 1
1123 A -6 1 -31 -1 -36 -1
1123 A -6 1 -41 -1 -74 -2
1123 A -6 1 -43 -1 128 3
1123 A -6 1 -65 -1 80 2
1123 A -6 1 -67 -1 86 2
1123 A -6 1 -76 -1 98 2
1123 A 5 1 -18 0 111 -2
1123 A 5 1 -19 0 121 -2
1123 A 5 1 -20 0 130 -2
1123 A 5 1 -23 0 -27 0
1123 A 5 1 28 -1 -61 1
1123 A 5 1 32 -1 37 -1
1123 A 5 1 42 -1 76 -2
1123 A 5 1 44 -1 -131 3
1123 A 5 1 66 -1 -82 2
1123 A 5 1 68 -1 -88 2
1123 A 5 1 77 -1 -100 2
1123 A -7 1 -20 0 -99 -2
1123 A -7 1 -21 0 -109 -2
1123 A -7 1 -21 -1 129 3
1123 A -7 1 -24 -1 -104 -3
1123 A -7 1 -30 -1 -82 -2
1123 A -7 1 -32 -1 51 1
1123 A -7 1 -42 -1 -124 -3
1123 A -7 1 -49 -1 61 2
1123 A -7 1 -53 -1 63 1
1123 A -7 1 -54 -1 -76 -2
1123 A -7 1 -63 -2 -130 -3
1123 A -7 1 -80 -2 -113 -3
1123 A -7 1 -101 -2 -111 -3
1123 A 6 1 -20 0 -101 2
1123 A 6 1 -21 0 -111 2
1123 A 6 1 22 -1 -132 3
1123 A 6 1 25 -1 107 -3
1123 A 6 1 31 -1 84 -2
1123 A 6 1 33 -1 -52 1
1123 A 6 1 43 -1 127 -3
1123 A 6 1 50 -1 -63 2
1123 A 6 1 54 -1 -64 1
1123 A 6 1 55 -1 78 -2
1123 A 6 1 65 -2 133 -3
1123 A 6 1 82 -2 116 -3
1123 A 6 1 103 -2 114 -3
1123 A 18 0 -7 -1 2 -7
1123 A 18 0 8 -1 5 -7
1123 A 18 0 -8 -1 9 -5
1123 A 18 0 9 -1 -4 -5
1123 A 18 0 2 -5 -3 5
1123 A 18 0 1 -5 4 -5
1123 A 18 0 -1 -5 12 -7
1123 A 18 0 6 -5 -5 -7
1123 A 18 0 -2 -5 7 -5
1123 A 18 0 -3 -5 4 -7
1123 A 18 0 8 -5 3 -7
1123 A 18 0 -5 -5 10 -5
1123 A 18 0 -6 -5 -11 5
1123 A 18 0 -2 -7 -9 7
1123 A -8 1 -19 0 55 2
1123 A -8 1 -24 -1 126 4
1123 A -8 1 -27 -1 -61 -2
1123 A -8 1 -43 -1 128 3
1123 A -8 1 -45 -1 -73 -2
1123 A -8 1 -52 -1 -57 -2
1123 A -8 1 -56 -1 63 2
1123 A -8 1 -90 -2 100 3
1123 A -8 1 -118 -3 -127 -4
1123 A 7 1 -19 0 57 -2
1123 A 7 1 25 -1 -130 4
1123 A 7 1 28 -1 63 -2
1123 A 7 1 44 -1 -131 3
1123 A 7 1 46 -1 75 -2
1123 A 7 1 53 -1 59 -2
1123 A 7 1 57 -1 -65 2
1123 A 7 1 92 -2 -103 3
1123 A 7 1 121 -3 131 -4
1123 A -9 1 -19 0 -103 -3
1123 A -9 1 -20 0 44 1
1123 A -9 1 -25 -1 108 3
1123 A -9 1 -28 -1 -97 -3
1123 A -9 1 -39 -1 -98 -3
1123 A -9 1 -47 -1 118 3
1123 A -9 1 -49 -2 110 3
1123 A -9 1 -57 -2 -62 -2
1123 A -9 1 -75 -2 -131 -4
1123 A -9 1 -84 -3 -123 -4
1123 A -9 1 -100 -3 128 4
1123 A -9 1 -110 -4 126 4
1123 A 8 1 -19 0 -106 3
1123 A 8 1 -20 0 45 -1
1123 A 8 1 26 -1 -111 3
1123 A 8 1 29 -1 100 -3
1123 A 8 1 40 -1 101 -3
1123 A 8 1 48 -1 -121 3
1123 A 8 1 51 -2 -113 3
1123 A 8 1 59 -2 64 -2
1123 A 8 1 77 -2 135 -4
1123 A 8 1 87 -3 127 -4
1123 A 8 1 103 -3 -132 4
1123 A 8 1 114 -4 -130 4
1123 A 19 0 10 -1 1 -2
1123 A 19 0 -1 -2 -9 6
1123 A 19 0 3 -2 3 6
1123 A 19 0 -3 -2 -5 2
1123 A 19 0 -5 -3 2 4
1123 A 19 0 8 -3 -6 4
1123 A 19 0 11 -3 13 -7
1123 A 19 0 2 -4 5 9
1123 A 19 0 12 -5 4 -8
1123 A 19 0 3 -7 4 -7
1123 A 19 0 -4 -8 12 -8
1123 A -10 1 -10 -1 127 4
1123 A -10 1 -14 -1 -130 -4
1123 A -10 1 -16 -1 117 4
1123 A -10 1 -17 -1 45 1
1123 A -10 1 -22 -1 48 1
1123 A -10 1 -40 -1 101 4
1123 A -10 1 -41 -1 -60 -2
1123 A -10 1 -44 -1 -118 -4
1123 A -10 1 -45 -2 97 4
1123 A -10 1 -46 -2 -123 -4
1123 A -10 1 -59 -2 -78 -3
1123 A -10 1 -68 -2 116 4
1123 A -10 1 -74 -3 102 3
1123 A -10 1 -83 -3 -134 -4
1123 A -10 1 -87 -3 -100 -3
1123 A -10 1 -104 -4 -112 -4
1123 A 9 1 11 -1 -131 4
1123 A 9 1 15 -1 134 -4
1123 A 9 1 17 -1 -121 4
1123 A 9 1 18 -1 -46 1
1123 A 9 1 23 -1 -49 1
1123 A 9 1 41 -1 -105 4
1123 A 9 1 42 -1 62 -2
1123 A 9 1 45 -1 122 -4
1123 A 9 1 47 -2 -101 4
1123 A 9 1 48 -2 127 -4
1123 A 9 1 61 -2 81 -3
1123 A 9 1 70 -2 -120 4
1123 A 9 1 77 -3 -105 3
1123 A 9 1 86 -3 138 -4
1123 A 9 1 90 -3 103 -3
1123 A 9 1 108 -4 116 -4
1123 A -11 1 -10 -1 105 4
1123 A -11 1 -11 -1 116 4
1123 A -11 1 -13 -1 -81 -3
1123 A -11 1 -26 -1 52 2
1123 A -11 1 -34 -1 -95 -4
1123 A -11 1 -36 -1 -128 -5
1123 A -11 1 -42 -1 -37 -2
1123 A -11 1 -48 -2 118 4
1123 A -11 1 -61 -2 -124 -5
1123 A -11 1 -67 -2 -90 -3
1123 A -11 1 -69 -2 -83 -3
1123 A -11 1 -71 -2 130 5
1123 A 10 1 11 -1 -109 4
1123 A 10 1 12 -1 -120 4
1123 A 10 1 14 -1 84 -3
1123 A 10 1 27 -1 -54 2
1123 A 10 1 35 -1 99 -4
1123 A 10 1 37 -1 133 -5
1123 A 10 1 43 -1 39 -2
1123 A 10 1 50 -2 -122 4
1123 A 10 1 63 -2 129 -5
1123 A 10 1 69 -2 93 -3
1123 A 10 1 71 -2 86 -3
1123 A 10 1 73 -2 -135 5
1123 A 20 0 -7 -3 -10 3
1123 A -12 1 -13 -1 -21 -1
1123 A -12 1 -18 -1 119 5
1123 A -12 1 -24 -1 -135 -5
1123 A -12 1 -27 -1 -120 -5
1123 A -12 1 -31 -1 -36 -1
1123 A -12 1 -30 -2 -82 -4
1123 A -12 1 -48 -2 73 3
1123 A -12 1 -54 -2 -54 -3
1123 A -12 1 -65 -2 -80 -3
1123 A -12 1 -58 -3 97 4
1123 A -12 1 -75 -3 112 4
1123 A -12 1 -85 -3 -109 -4
1123 A 11 1 14 -1 22 -1
1123 A 11 1 19 -1 -124 5
1123 A 11 1 25 -1 140 -5
1123 A 11 1 28 -1 125 -5
1123 A 11 1 32 -1 37 -1
1123 A 11 1 32 -2 86 -4
1123 A 11 1 50 -2 -76 3
1123 A 11 1 56 -2 57 -3
1123 A 11 1 67 -2 83 -3
1123 A 11 1 61 -3 -101 4
1123 A 11 1 78 -3 -116 4
1123 A 11 1 88 -3 113 -4
1123 A -13 1 -12 -1 22 1
1123 A -13 1 -29 -1 -39 -1
1123 A -13 1 -33 -2 122 6
1123 A -13 1 -40 -2 -127 -5
1123 A -13 1 -44 -2 -128 -6
1123 A -13 1 -55 -2 -127 -6
1123 A -13 1 -60 -3 -76 -4
1123 A -13 1 -83 -3 -119 -6
1123 A -13 1 -103 -4 125 6
1123 A -13 1 -105 -4 -102 -5
1123 A 12 1 13 -1 -23 1
1123 A 12 1 30 -1 40 -1
1123 A 12 1 35 -2 -128 6
1123 A 12 1 42 -2 132 -5
1123 A 12 1 46 -2 134 -6
1123 A 12 1 57 -2 133 -6
1123 A 12 1 63 -3 80 -4
1123 A 12 1 86 -3 125 -6
1123 A 12 1 107 -4 -131 6
1123 A 12 1 109 -4 107 -5
1123 A -14 1 -14 -1 131 6
1123 A -14 1 -42 -2 44 3
1123 A -14 1 -56 -3 -81 -4
1123 A 13 1 15 -1 -137 6
1123 A 13 1 44 -2 -47 3
1123 A 13 1 59 -3 85 -4
1123 A 22 0 -5 -3 -6 5
1123 A 22 0 8 -3 1 5
1123 A -15 1 -59 -3 -113 -6
1123 A 14 1 62 -3 119 -6
1123 A 23 0 15 -7 -5 10
1123 A 23 0 2 -10 8 -10
1123 A -17 1 -23 -1 -116 -7
1123 A 16 1 24 -1 123 -7
1123 A -24 1 -51 -6 -129 -11
1123 A 23 1 57 -6 140 -11
1123 S 2 1 7 0
1123 S -3 2 7 0
1123 S -1 3 7 0
1123 S -3 1 7 0
1123 S 1 2 7 0
1123 S -2 3 7 0
1123 S 6 1 17 0
1123 S -5 2 17 0
1123 S 1 3 17 0
1123 S -10 4 17 0
1123 S -4 5 17 0
1123 S 2 6 17 0
1123 S -9 7 17 0
1123 S -3 8 17 0
1123 S -7 1 17 0
1123 S 3 2 17 0
1123 S -4 3 17 0
1123 S 6 4 17 0
1123 S -1 5 17 0
1123 S -8 6 17 0
1123 S 2 7 17 0
1123 S -5 8 17 0
1123 T 110 112 110 0 0
1123 T 27 4 2062 0 0
1123 T 2064 7 1997 -1 0
1123 T 1999 3 28 0 0
1123 T 3 7 4 0 0
1123 T 570 1493 1537 0 0
1123 T 568 564 572 0 0
1123 T 1539 270 566 0 0
1123 T 564 272 1493 0 0
1123 T 260 693 1733 0 0
1123 T 250 254 258 0 0
1123 T 1735 1772 252 1 0
1123 T 254 1770 693 0 0
1123 T 376 371 375 0 0
1123 T 373 1629 430 0 0
1123 T 432 1580 374 0 0
1123 T 1580 1631 371 0 0
1123 T 425 429 422 -1 0
1123 T 424 1579 1537 0 0
1123 T 1539 375 427 0 0
1123 T 427 375 1494 0 0
1123 T 419 432 425 0 0
1123 T 1496 1629 417 0 0
1123 T 64 1043 818 0 0
1123 T 816 1098 62 0 0
1123 T 820 832 814 0 0
1123 T 1098 830 1043 0 0
1123 T 45 48 44 -1 0
1123 T 42 1985 2050 0 0
1123 T 2052 1931 47 0 0
1123 T 1931 1987 48 0 0
1123 T 636 686 626 0 0
1123 T 628 1436 1353 0 0
1123 T 1355 128 634 0 0
1123 T 128 1434 686 0 0
1123 T 631 129 1310 0 0
1123 T 623 691 629 0 0
1123 T 1312 1478 621 0 0
1123 T 691 1480 129 0 0
1123 T 96 827 1386 0 0
1123 T 1388 831 1341 0 0
1123 T 1343 821 94 0 0
1123 T 821 829 827 0 0
1123 T 144 187 146 0 0
1123 T 292 275 283 0 0
1123 T 281 1602 1786 0 0
1123 T 1788 598 290 0 0
1123 T 598 1604 275 0 0
1123 T 287 603 1750 0 0
1123 T 283 278 285 0 0
1123 T 1752 1656 281 0 0
1123 T 278 1654 603 0 0
1123 T 92 88 84 -1 0
1123 T 82 1817 1866 0 0
1123 T 1868 1283 90 0 0
1123 T 1283 1819 88 0 0
1123 T 752 735 743 0 0
1123 T 741 922 1349 0 0
1123 T 1351 59 750 0 0
1123 T 59 924 735 0 0
1123 T 747 54 1306 0 0
1123 T 743 738 745 0 0
1123 T 1308 963 741 0 0
1123 T 738 961 54 0 0
1123 T 454 446 450 0 0
1123 T 452 324 1505 1 0
1123 T 1507 1552 456 -1 0
1123 T 1552 322 446 1 0
1123 T 52 50 52 0 0
1123 T 2 1 2 0 0
1123 T 272 308 266 0 0
1123 T 268 710 1577 0 0
1123 T 1579 1892 270 0 0
1123 T 1892 712 308 0 0
1123 T 271 1842 1629 0 0
1123 T 263 309 269 0 0
1123 T 1631 715 261 0 0
1123 T 309 713 1842 0 0
1123 T 638 1313 1357 0 0
1123 T 636 632 640 1 0
1123 T 1359 9 634 -1 0
1123 T 632 10 1313 0 0
1123 T 424 1892 566 0 0
1123 T 563 1842 417 0 0
1123 T 121 677 1065 0 0
1123 T 1067 672 1501 0 0
1123 T 1503 675 123 0 0
1123 T 675 670 677 0 0
1123 T 123 675 1545 0 0
1123 T 1012 684 121 0 0
1123 T 1547 665 1010 0 0
1123 T 684 667 675 0 0
1123 T 300 1887 810 0 0
1123 T 292 330 298 0 0
1123 T 812 1758 290 0 0
1123 T 330 1760 1887 0 0
1123 T 295 327 285 0 0
1123 T 287 1796 805 0 0
1123 T 807 1837 293 0 0
1123 T 1837 1794 327 0 0
1123 T 204 1281 1813 -1 0
1123 T 194 198 202 0 0
1123 T 1815 1864 196 0 0
1123 T 198 1862 1281 0 0
1123 T 648 644 640 -1 0
1123 T 638 1489 1533 0 0
1123 T 1535 323 646 0 0
1123 T 323 1491 644 1 0
1123 T 120 116 112 -1 0
1123 T 1152 1974 118 0 0
1123 T 1974 75 2039 0 0
1123 T 2037 1148 116 0 0
1123 T 156 1787 1150 0 0
1123 T 148 179 154 0 0
1123 T 1152 1978 146 0 0
1123 T 179 1980 1787 0 0
1123 T 151 182 141 0 0
1123 T 143 2044 1145 0 0
1123 T 1147 1749 149 0 0
1123 T 1749 2042 182 0 0
1123 T 64 65 58 0 0
1123 T 60 1727 1825 0 0
1123 T 1827 2065 62 0 0
1123 T 2065 1725 65 0 0
1123 T 63 2003 1873 0 0
1123 T 55 65 61 0 0
1123 T 1875 1727 53 0 0
1123 T 65 1725 2003 0 0
1123 T 768 840 758 0 0
1123 T 760 945 1529 0 0
1123 T 1531 108 766 0 0
1123 T 108 947 840 0 0
1123 T 763 108 1486 0 0
1123 T 755 841 761 0 0
1123 T 1488 988 753 0 0
1123 T 841 986 108 0 0
1123 T 80 75 79 0 0
1123 T 77 2037 1922 0 0
1123 T 1924 1976 78 0 0
1123 T 570 572 570 1 0
1123 T 336 334 336 0 0
1123 T 168 590 1365 0 0
1123 T 1367 575 1497 0 0
1123 T 1499 581 166 0 0
1123 T 581 573 590 0 0
1123 T 163 581 1541 0 0
1123 T 1324 587 161 0 0
1123 T 1543 578 1322 0 0
1123 T 587 580 581 0 0
1123 T 281 797 1977 0 0
1123 T 1604 178 797 0 0
1123 T 2043 804 281 0 0
1123 T 804 183 1654 0 0
1123 T 712 716 706 0 0
1123 T 1335 589 290 0 0
1123 T 1788 594 1333 0 0
1123 T 589 596 600 0 0
1123 T 287 588 1377 0 0
1123 T 1379 594 1750 0 0
1123 T 601 596 588 0 0
1123 T 786 790 794 0 0
1123 T 1176 92 1501 0 0
1123 T 1067 938 1174 0 0
1123 T 938 672 92 0 0
1123 T 1171 979 1010 0 0
1123 T 1547 85 1169 0 0
1123 T 85 665 979 0 0
1123 T 776 1346 1533 0 0
1123 T 768 823 774 0 0
1123 T 1535 192 766 0 0
1123 T 823 190 1346 0 0
1123 T 771 826 761 0 0
1123 T 763 192 1490 0 0
1123 T 1492 1392 769 0 0
1123 T 1392 190 826 0 0
1123 T 220 225 210 0 0
1123 T 212 1274 1733 0 0
1123 T 1735 2059 218 0 0
1123 T 2059 1276 225 0 0
1123 T 215 1993 1769 0 0
1123 T 207 225 213 0 0
1123 T 1771 1271 205 0 0
1123 T 225 1269 1993 0 0
1123 T 74 1821 1870 0 0
1123 T 1872 1227 79 0 0
1123 T 1227 1823 80 1 0
1123 T 452 338 1778 0 0
1123 T 1780 320 1505 0 0
1123 T 322 318 338 0 0
1123 T 1551 313 1742 0 0
1123 T 1744 338 445 0 0
1123 T 338 315 323 0 0
1123 T 454 1745 1782 0 0
1123 T 1784 694 450 0 0
1123 T 448 696 1745 0 0
1123 T 496 526 486 0 0
1123 T 488 1428 1558 0 0
1123 T 1560 229 494 0 0
1123 T 229 1426 526 0 0
1123 T 491 229 1514 0 0
1123 T 483 523 489 0 0
1123 T 1516 1470 481 0 0
1123 T 523 1472 229 0 0
1123 T 1043 1287 6 0 0
1123 T 1287 1291 1293 0 0
1123 T 5 1289 1098 0 0
1123 T 992 1302 949 0 0
1123 T 1268 1294 1262 0 0
1123 T 1264 6 1341 0 0
1123 T 1388 5 1266 0 0
1123 T 260 701 1361 0 0
1123 T 1363 722 1733 0 0
1123 T 695 724 701 0 0
1123 T 1320 700 253 0 0
1123 T 1771 722 1318 0 0
1123 T 700 724 694 0 0
1123 T 1168 1258 1174 0 0
1123 T 1067 45 1166 0 0
1123 T 1258 47 940 0 0
1123 T 1171 1255 1161 0 0
1123 T 1163 45 1010 0 0
1123 T 977 47 1255 0 0
1123 T 370 362 366 0 0
1123 T 368 1894 422 0 0
1123 T 420 1847 362 0 0
1123 T 1847 335 1894 0 0
1123 T 296 335 298 0 0
1123 T 300 1896 1226 0 0
1123 T 1228 1845 294 0 0
1123 T 1116 910 1053 0 0
1123 T 999 880 1110 0 0
1123 T 804 848 794 0 0
1123 T 796 1032 1654 0 0
1123 T 181 1030 848 0 0
1123 T 791 848 797 0 0
1123 T 1604 1086 789 0 0
1123 T 848 1088 180 0 0
1123 T 656 670 646 0 0
1123 T 648 942 1625 0 0
1123 T 1627 120 654 0 0
1123 T 120 944 670 0 0
1123 T 651 113 1574 0 0
1123 T 643 667 649 0 0
1123 T 1576 983 641 0 0
1123 T 667 981 113 0 0
1123 T 1535 340 1945 0 0
1123 T 1947 315 646 0 0
1123 T 643 318 2009 0 0
1123 T 2011 340 1490 0 0
1123 T 452 515 442 0 0
1123 T 444 1346 1778 0 0
1123 T 340 1348 515 0 0
1123 T 439 518 445 0 0
1123 T 1744 1392 437 0 0
1123 T 518 1390 340 0 0
1123 T 796 1475 278 0 0
1123 T 1475 1032 603 0 0
1123 T 275 1429 789 0 0
1123 T 598 1086 1429 0 0
1123 T 1160 1219 1150 0 0
1123 T 1152 1334 973 0 0
1123 T 975 58 1158 0 0
1123 T 58 1336 1219 0 0
1123 T 1155 55 934 0 0
1123 T 1147 1214 1153 0 0
1123 T 936 1380 1145 0 0
1123 T 1214 1378 55 0 0
1123 T 740 1605 889 0 0
1123 T 732 800 738 0 0
1123 T 891 102 730 0 0
1123 T 800 104 1605 0 0
1123 T 735 801 725 0 0
1123 T 727 99 858 0 0
1123 T 860 1659 733 0 0
1123 T 1659 97 801 0 0
1123 T 156 593 973 0 0
1123 T 936 593 149 0 0
1123 T 1236 950 909 0 0
1123 T 879 991 1230 0 0
1123 T 1132 883 1437 0 0
1123 T 1124 1300 1130 0 0
1123 T 1439 66 1122 0 0
1123 T 1300 68 883 0 0
1123 T 1127 1300 1117 0 0
1123 T 1119 66 1394 0 0
1123 T 1396 914 1125 0 0
1123 T 914 68 1300 0 0
1123 T 368 1331 414 0 0
1123 T 416 470 422 0 0
1123 T 1896 472 1331 0 0
1123 T 419 467 409 0 0
1123 T 411 1373 361 0 0
1123 T 1373 465 1846 0 0
1123 T 77 1221 1077 0 0
1123 T 1079 1226 1329 0 0
1123 T 1331 1215 79 0 0
1123 T 1215 1228 1221 1 0
1123 T 79 1218 1373 0 0
1123 T 1024 1221 77 0 0
1123 T 1375 1227 1022 0 0
1123 T 1221 1225 1218 -1 0
1123 T 1055 1211 957 0 0
1123 T 919 1205 997 0 0
1123 T 220 513 1361 0 0
1123 T 1363 544 1581 0 0
1123 T 1583 511 218 -1 0
1123 T 511 542 513 1 0
1123 T 215 510 1633 0 0
1123 T 1320 520 213 0 0
1123 T 1635 537 1318 0 0
1123 T 520 539 510 0 0
1123 T 515 722 2057 0 0
1123 T 1995 722 518 0 0
1123 T 1124 916 1525 0 0
1123 T 1527 68 1130 0 0
1123 T 1127 68 1482 0 0
1123 T 1484 881 1117 0 0
1123 T 781 785 782 0 0
1123 T 844 852 838 0 0
1123 T 45 1522 1250 0 0
1123 T 1252 1283 1258 0 0
1123 T 940 1281 1522 -1 0
1123 T 1255 1282 1245 0 0
1123 T 1247 1568 45 0 0
1123 T 1568 1284 977 0 0
1123 T 1920 57 1870 0 0
1123 T 1823 55 1914 0 0
1123 T 49 53 57 0 0
1123 T 1511 724 450 0 0
1123 T 1784 698 1509 0 0
1123 T 447 724 1553 0 0
1123 T 1555 703 1746 0 0
1123 T 104 105 94 0 0
1123 T 96 106 98 -1 0
1123 T 692 1843 1069 0 0
1123 T 684 714 690 0 0
1123 T 1071 312 682 0 0
1123 T 687 711 677 0 0
1123 T 679 305 1014 0 0
1123 T 1016 1889 685 0 0
1123 T 1511 2059 442 0 0
1123 T 439 1993 1553 0 0
1123 T 1079 298 470 0 0
1123 T 467 295 1022 0 0
1123 T 69 1197 897 0 0
1123 T 899 1274 1509 0 0
1123 T 1511 1191 71 0 0
1123 T 1191 1276 1197 0 0
1123 T 71 1194 1553 0 0
1123 T 868 1204 69 0 0
1123 T 1555 1271 866 0 0
1123 T 1204 1269 1194 0 0
1123 T 424 688 1441 0 0
1123 T 1443 1013 566 0 0
1123 T 563 1072 1398 0 0
1123 T 1400 689 417 0 0
1123 T 168 486 1369 0 0
1123 T 1176 1560 166 0 0
1123 T 1371 1428 1174 0 0
1123 T 163 1514 1169 0 0
1123 T 1171 1470 1326 0 0
1123 T 1328 483 161 0 0
1123 T 1792 1237 62 0 0
1123 T 1827 483 1790 0 0
1123 T 1237 481 2067 0 0
1123 T 63 1244 1754 0 0
1123 T 1756 486 1873 0 0
1123 T 2001 488 1244 0 0
1123 T 812 491 1790 0 0
1123 T 1827 523 810 0 0
1123 T 807 526 1873 0 0
1123 T 1756 494 805 0 0
1123 T 776 513 1945 0 0
1123 T 2011 520 769 0 0
1123 T 963 1704 889 0 0
1123 T 1607 1702 54 0 0
1123 T 860 1697 922 0 0
1123 T 59 1699 1657 0 0
1123 T 1252 1290 1242 0 0
1123 T 1244 1099 1562 0 0
1123 T 1564 4 1250 0 0
1123 T 1247 4 1518 0 0
1123 T 1239 1287 1245 0 0
1123 T 1520 1041 1237 0 0
1123 T 1851 135 2069 0 0
1123 T 2071 2120 0 0 0
1123 T 2120 136 1801 0 0
1123 T 136 133 138 0 0
1123 T 1244 379 2050 0 0
1123 T 1987 380 1238 0 0
1123 T 382 378 379 0 0
1123 T 760 1757 1353 0 0
1123 T 752 809 758 0 0
1123 T 1355 291 750 0 0
1123 T 755 808 745 0 0
1123 T 747 286 1310 0 0
1123 T 1312 1795 753 0 0
1123 T 568 1868 654 0 0
1123 T 652 1817 562 0 0
1123 T 1177 1181 1174 0 0
1123 T 1371 127 1179 0 0
1123 T 127 1428 1181 0 0
1123 T 1179 130 1326 0 0
1123 T 1171 1188 1177 0 0
1123 T 1188 1470 130 0 0
1123 T 1900 142 2006 0 0
1123 T 2008 187 1941 0 0
1123 T 1943 148 1898 0 0
1123 T 222 214 218 0 0
1123 T 1583 1636 224 -1 0
1123 T 240 782 2081 0 0
1123 T 236 38 238 0 0
1123 T 2132 781 234 0 0
1123 T 2083 51 2130 0 0
1123 T 1947 544 1625 0 0
1123 T 944 542 313 0 0
1123 T 1576 537 2009 0 0
1123 T 320 539 981 0 0
1123 T 776 509 1625 0 0
1123 T 1576 512 769 0 0
1123 T 1688 306 1849 0 0
1123 T 1851 330 1941 0 0
1123 T 1943 316 1686 0 0
1123 T 316 332 306 0 0
1123 T 1683 317 2005 0 0
1123 T 1804 311 1681 0 0
1123 T 2007 327 1802 0 0
1123 T 311 325 317 0 0
1123 T 728 851 730 0 0
1123 T 891 1696 857 0 0
1123 T 172 460 1445 0 0
1123 T 1447 454 1401 0 0
1123 T 1403 462 170 0 0
1123 T 462 456 460 0 0
1123 T 656 663 658 0 0
1123 T 660 664 650 0 0
1123 T 45 1834 2162 0 0
1123 T 2164 1 2113 0 -1
1123 T 2115 1883 46 0 0
1123 T 899 227 442 0 0
1123 T 439 227 866 0 0
1123 T 368 351 359 0 0
1123 T 357 2021 414 0 0
1123 T 1329 2023 351 0 0
1123 T 359 354 361 0 0
1123 T 411 1959 357 0 0
1123 T 354 1957 1375 0 0
1123 T 172 1418 1182 0 0
1123 T 1184 1278 1186 0 0
1123 T 1188 1463 170 0 0
1123 T 1463 1280 1418 0 0
1123 T 148 1887 1906 0 0
1123 T 1908 2108 154 0 0
1123 T 2108 1885 177 0 0
1123 T 151 2154 1901 0 0
1123 T 1903 1837 141 0 0
1123 T 184 1839 2154 0 0
1123 T 1868 1524 670 0 0
1123 T 667 1566 1818 0 0
1123 T 728 144 853 0 0
1123 T 887 146 730 0 0
1123 T 855 40 885 0 0
1123 T 212 496 1737 0 0
1123 T 204 229 210 0 0
1123 T 1739 1558 202 0 0
1123 T 207 229 197 0 0
1123 T 199 1516 1773 0 0
1123 T 1775 489 205 0 0
1123 T 568 1524 646 0 0
1123 T 643 1566 561 0 0
1123 T 300 1039 818 0 0
1123 T 820 835 810 0 0
1123 T 1885 833 1039 0 0
1123 T 815 1093 293 0 0
1123 T 807 835 813 0 0
1123 T 1093 833 1839 0 0
1123 T 1627 1575 780 -1 0
1123 T 416 2095 1441 0 0
1123 T 686 2093 472 0 0
1123 T 1400 2141 409 0 0
1123 T 465 2143 691 0 0
1123 T 212 503 1061 0 0
1123 T 1063 497 1737 0 0
1123 T 494 499 503 0 0
1123 T 1008 506 205 0 0
1123 T 1775 497 1006 0 0
1123 T 506 499 491 0 0
1123 T 1792 1518 818 0 0
1123 T 815 1564 1754 0 0
1123 T 268 302 258 0 0
1123 T 256 301 262 0 0
1123 T 196 194 196 0 0
1123 T 1204 97 901 0 0
1123 T 903 1798 1194 0 0
1123 T 1271 1800 97 0 0
1123 T 1191 1764 870 0 0
1123 T 872 104 1197 0 0
1123 T 104 1762 1274 0 0
1123 T 1144 463 1853 0 0
1123 T 1855 455 1805 0 0
1123 T 1807 457 1142 0 0
1123 T 260 1338 366 0 0
1123 T 1693 1381 1338 0 0
1123 T 364 1383 254 0 0
1123 T 406 410 414 0 0
1123 T 2023 1960 249 -1 0
1123 T 959 1152 885 0 0
1123 T 855 1146 917 0 0
1123 T 557 409 1357 0 0
1123 T 1315 415 558 0 0
1123 T 6 29 2061 0 0
1123 T 2000 31 5 0 0
1123 T 497 1518 2154 0 0
1123 T 2156 835 506 0 0
1123 T 835 1520 491 0 0
1123 T 503 835 2106 0 0
1123 T 2108 1564 497 0 0
1123 T 494 1562 835 0 0
1123 T 776 772 780 0 0
1123 T 188 191 190 0 0
1123 T 184 1095 506 0 0
1123 T 503 1037 177 0 0
1123 T 1351 1728 1437 0 0
1123 T 1439 1828 750 0 0
1123 T 747 1874 1394 0 0
1123 T 1396 1728 1306 0 0
1123 T 732 1980 957 0 0
1123 T 959 284 738 0 0
1123 T 735 284 918 0 0
1123 T 920 2042 725 0 0
1123 T 1439 524 758 0 0
1123 T 755 525 1394 0 0
1123 T 1276 1272 1280 1 0
1123 T 172 173 166 0 0
1123 T 1499 1877 170 0 0
1123 T 1877 581 173 0 0
1123 T 171 1831 1541 0 0
1123 T 163 173 169 0 0
1123 T 173 581 1831 0 0
1123 T 1192 1304 1194 0 0
1123 T 250 242 246 0 0
1123 T 248 1923 1957 0 0
1123 T 2024 1921 242 0 0
1123 T 236 1194 2177 0 0
1123 T 2228 1192 238 0 0
1123 T 2179 1 2226 0 0
1123 T 444 508 434 0 0
1123 T 436 182 1593 0 0
1123 T 1595 1095 442 0 0
1123 T 439 1037 1645 0 0
1123 T 435 501 437 1 0
1123 T 1647 179 433 0 0
1123 T 636 2093 1057 0 0
1123 T 1059 470 626 0 0
1123 T 623 467 1002 0 0
1123 T 1004 2143 629 0 0
1123 T 1739 168 2234 0 0
1123 T 2236 1174 202 0 0
1123 T 199 1171 2186 0 0
1123 T 2188 161 1773 0 0
1123 T 128 1759 2238 0 0
1123 T 132 137 126 0 0
1123 T 2240 7 2189 0 0
1123 T 2191 1794 130 0 0
1123 T 1680 63 1765 0 0
1123 T 1767 53 2073 0 0
1123 T 2075 65 1678 0 0
1123 T 1675 65 2121 0 0
1123 T 1732 62 1673 0 0
1123 T 2123 60 1730 0 0
1123 T 260 2257 1581 0 0
1123 T 703 544 2257 0 0
1123 T 1635 2211 253 0 0
1123 T 2211 537 698 0 0
1123 T 204 1260 969 0 0
1123 T 971 1250 1813 0 0
1123 T 932 1253 197 0 0
1123 T 1863 1247 930 0 0
1123 T 1909 157 2234 0 0
1123 T 1739 151 1911 0 0
1123 T 151 168 157 0 0
1123 T 1911 154 1773 0 0
1123 T 2188 157 1909 0 0
1123 T 157 161 154 0 0
1123 T 268 1698 1581 0 0
1123 T 304 2257 1698 0 0
1123 T 1635 1703 261 0 0
1123 T 1703 2211 304 0 0
1123 T 987 1937 945 0 0
1123 T 1132 386 1529 0 0
1123 T 1531 356 2169 0 0
1123 T 2171 346 1130 0 0
1123 T 346 354 386 0 0
1123 T 1127 343 2217 0 0
1123 T 1488 386 1125 0 0
1123 T 2219 349 1486 0 0
1123 T 386 351 343 0 0
1123 T 1908 4 1813 0 0
1123 T 1815 2255 154 0 0
1123 T 2255 6 2106 0 0
1123 T 151 2205 1861 0 0
1123 T 1863 4 1901 0 0
1123 T 2156 6 2205 0 0
1123 T 1872 1220 1077 0 0
1123 T 1024 1213 1822 0 0
1123 T 248 1430 2230 0 0
1123 T 240 274 246 0 0
1123 T 2232 792 238 0 0
1123 T 243 279 233 0 0
1123 T 235 793 2182 0 0
1123 T 2184 1476 241 0 0
1123 T 760 404 2169 0 0
1123 T 947 356 404 0 0
1123 T 2219 397 753 0 0
1123 T 397 349 986 0 0
1123 T 204 521 1809 0 0
1123 T 1811 1472 210 0 0
1123 T 207 1426 1857 0 0
1123 T 1859 528 197 0 0
1123 T 497 1245 2205 0 0
1123 T 2255 1252 497 0 0
1123 T 156 497 969 0 0
1123 T 971 1008 1911 0 0
1123 T 1911 1061 930 0 0
1123 T 932 497 149 0 0
1123 T 1439 396 2169 0 0
1123 T 402 394 522 0 0
1123 T 2219 389 1394 0 0
1123 T 527 391 399 0 0
1123 T 1335 2149 298 0 0
1123 T 2149 589 332 0 0
1123 T 295 2103 1377 0 0
1123 T 325 588 2103 0 0
1123 T 248 954 354 0 0
1123 T 1921 1373 954 1 0
1123 T 351 996 241 0 0
1123 T 996 1331 1924 0 0
1123 T 1124 1243 1114 0 0
1123 T 1112 1237 1118 0 0
1123 T 760 2240 634 0 0
1123 T 631 2190 753 0 0
1123 T 612 705 606 0 0
1123 T 608 304 857 0 0
1123 T 891 303 610 0 0
1123 T 1920 1335 1077 0 0
1123 T 1024 1377 1913 0 0
1123 T 881 396 348 0 0
1123 T 341 389 916 0 0
1123 T 2071 529 1678 0 0
1123 T 1676 530 2118 0 0
1123 T 529 532 536 0 0
1123 T 1831 905 590 0 0
1123 T 905 175 575 0 0
1123 T 587 876 1877 0 0
1123 T 578 175 876 0 0
1123 T 194 2130 2081 0 0
1123 T 1340 1938 1381 0 0
1123 T 1160 955 118 0 0
1123 T 955 1219 1976 0 0
1123 T 115 993 1153 0 0
1123 T 2038 1214 993 0 0
1123 T 348 871 238 0 0
1123 T 2228 1763 346 0 0
1123 T 235 902 341 0 0
1123 T 343 1797 2178 0 0
1123 T 396 1812 965 0 0
1123 T 967 201 402 0 0
1123 T 399 200 926 0 0
1123 T 928 1858 389 0 0
1123 T 778 780 778 1 0
1123 T 81 83 81 0 0
1123 T 74 70 71 0 0
1123 T 69 2194 1782 0 0
1123 T 1747 2243 70 0 0
1123 T 2243 44 2194 0 0
1123 T 132 115 123 0 0
1123 T 1503 2026 130 0 0
1123 T 2026 675 115 0 0
1123 T 127 1964 1545 0 0
1123 T 123 118 125 0 0
1123 T 118 675 1964 0 0
1123 T 1351 2002 1122 0 0
1123 T 1119 2068 1306 0 0
1123 T 2052 1047 1250 0 0
1123 T 1524 1045 1929 0 0
1123 T 1247 1101 1986 0 0
1123 T 1932 1103 1566 0 0
1123 T 404 400 408 1 0
1123 T 1831 478 2150 0 0
1123 T 331 480 907 0 0
1123 T 2104 475 1877 0 0
1123 T 874 473 326 0 0
1123 T 1292 379 1045 0 0
1123 T 1103 379 1285 0 0
1123 T 1851 1049 1678 0 0
1123 T 1049 135 531 0 0
1123 T 1675 1107 1802 0 0
1123 T 531 135 1107 0 0
1123 T 88 1990 1454 0 0
1123 T 1456 1474 1450 0 0
1123 T 1036 1476 1990 0 0
1123 T 1464 1465 1458 0 0
1123 T 1460 104 1981 0 0
1123 T 1983 13 1462 0 0
1123 T 1464 88 1967 0 0
1123 T 1965 1017 1458 0 0
1123 T 1408 1432 1410 0 0
1123 T 1412 2056 89 0 0
1123 T 2056 1430 1090 0 0
1123 T 1416 1423 1418 0 0
1123 T 1420 16 2045 0 0
1123 T 2047 97 1414 0 0
1123 T 1416 1076 2031 0 0
1123 T 2029 89 1418 0 0
1123 T 620 699 610 0 0
1123 T 612 2210 961 0 0
1123 T 963 538 618 0 0
1123 T 615 543 922 0 0
1123 T 607 702 613 0 0
1123 T 924 2260 605 0 0
1123 T 1648 36 1593 0 0
1123 T 184 36 178 0 0
1123 T 1144 1234 1138 0 0
1123 T 1140 1412 1853 0 0
1123 T 461 1410 1234 0 0
1123 T 1135 1231 1141 0 0
1123 T 1808 1454 1133 0 0
1123 T 1231 1456 460 0 0
1123 T 1920 2149 470 0 0
1123 T 467 2103 1913 0 0
1123 T 706 1833 1882 0 0
1123 T 1884 18 714 0 0
1123 T 18 1835 712 0 0
1123 T 1688 1083 1765 0 0
1123 T 1680 1712 1686 0 0
1123 T 1712 63 1083 0 0
1123 T 1683 1713 1673 0 0
1123 T 1732 1025 1681 0 0
1123 T 1025 62 1713 0 0
1123 T 1507 1723 90 0 0
1123 T 1723 1722 1717 -1 0
1123 T 88 1724 1550 0 0
1123 T 96 1340 1690 -1 0
1123 T 1689 1381 94 0 0
1123 T 1692 1695 1691 0 0
1123 T 344 384 346 0 0
1123 T 416 2167 1953 0 0
1123 T 1955 9 1441 -1 0
1123 T 2093 10 2167 1 0
1123 T 1400 9 2017 0 0
1123 T 2019 2167 409 0 0
1123 T 2167 10 2143 0 0
1123 T 1351 487 1114 0 0
1123 T 1111 482 1306 0 0
1123 T 2196 698 1189 0 0
1123 T 1196 703 2242 0 0
1123 T 1499 1916 1445 0 0
1123 T 458 1914 1879 0 0
1123 T 1404 1917 1541 0 0
1123 T 1829 1919 463 0 0
1123 T 1684 87 1805 0 0
1123 T 1688 1718 1682 0 0
1123 T 1855 89 1686 0 0
1123 T 464 477 470 0 0
1123 T 467 476 457 0 0
1123 T 0 2306 2265 0 0
1123 T 2267 341 1122 0 0
1123 T 1120 347 2306 0 0
1123 T 1176 2214 130 0 0
1123 T 2214 92 2028 0 0
1123 T 127 2264 1169 0 0
1123 T 1962 85 2264 0 0
1123 T 1934 1106 1049 0 0
1123 T 280 1477 1210 0 0
1123 T 1212 2288 283 0 0
1123 T 2288 1479 285 0 0
1123 T 283 2326 1205 0 0
1123 T 1207 1435 273 0 0
1123 T 292 1433 2326 0 0
1123 T 556 2338 626 0 0
1123 T 1059 1409 554 0 0
1123 T 1409 470 2338 0 0
1123 T 551 1455 1002 0 0
1123 T 623 2300 549 0 0
1123 T 2300 467 1455 0 0
1123 T 2338 1235 479 0 0
1123 T 474 1230 2300 0 0
1123 T 444 821 2277 0 0
1123 T 2279 190 1778 0 0
1123 T 1744 190 2317 0 0
1123 T 2319 828 437 0 0
1123 T 1140 2056 1686 0 0
1123 T 1683 1990 1133 0 0
1123 T 1071 1102 1073 0 0
1123 T 2032 578 1069 0 0
1123 T 1102 580 1415 0 0
1123 T 1397 2014 1073 0 0
1123 T 2014 562 1104 0 0
1123 T 1088 1091 1082 0 0
1123 T 1084 2053 598 0 0
1123 T 1016 1046 1018 0 0
1123 T 1020 1952 1444 0 0
1123 T 565 1950 1046 0 0
1123 T 1016 575 1966 0 0
1123 T 1048 1459 575 0 0
1123 T 603 1991 1026 0 0
1123 T 1028 1033 1030 0 0
1123 T 2232 2183 196 0 0
1123 T 628 2327 750 0 0
1123 T 747 2285 621 0 0
1123 T 2267 389 1525 0 0
1123 T 1484 396 2305 0 0
1123 T 1700 1704 1706 -1 0
1123 T 1359 2165 1057 0 0
1123 T 1004 2165 1314 0 0
1123 T 796 180 2246 0 0
1123 T 2248 2199 52 1 0
1123 T 2199 182 790 0 0
1123 T 1084 1705 1025 0 0
1123 T 1713 1707 1711 0 0
1123 T 393 389 533 0 0
1123 T 308 1049 1710 0 0
1123 T 1715 1107 309 0 0
1123 T 556 949 618 0 0
1123 T 620 719 626 0 0
1123 T 2340 717 949 0 0
1123 T 623 719 613 0 0
1123 T 615 991 549 0 0
1123 T 991 717 2298 0 0
1123 T 480 718 909 0 0
1123 T 880 718 473 0 0
1123 T 2236 1166 969 0 0
1123 T 932 1163 2186 0 0
1123 T 42 44 42 0 0
1123 T 159 1166 1006 0 0
1123 T 1063 1163 159 0 0
1123 T 942 679 1964 0 0
1123 T 2026 682 983 0 0
1123 T 2279 2320 84 1 0
1123 T 1951 1931 646 0 0
1123 T 643 1930 2013 0 0
1123 T 776 2061 1138 0 0
1123 T 1136 2000 770 0 0
1123 T 557 2017 1057 0 0
1123 T 1004 1955 557 0 0
1123 T 396 2344 554 0 0
1123 T 556 247 965 0 0
1123 T 1810 245 2344 0 0
1123 T 551 2302 389 0 0
1123 T 928 242 549 0 0
1123 T 2302 244 1860 0 0
1123 T 1680 1528 25 0 0
1123 T 24 1482 1674 0 0
1123 T 1055 2287 738 0 0
1123 T 735 2325 998 0 0
1123 T 1811 132 2310 0 0
1123 T 2312 1186 210 0 0
1123 T 207 1183 2270 0 0
1123 T 2272 125 1857 0 0
1123 T 1055 623 743 0 0
1123 T 743 626 998 0 0
1123 T 1928 1799 1413 0 0
1123 T 2048 1270 1926 0 0
1123 T 1927 1275 1982 1 0
1123 T 1459 1761 1925 0 0
1123 T 1780 2296 90 0 0
1123 T 2296 320 1721 0 0
1123 T 87 2334 1742 0 0
1123 T 1721 313 2334 0 0
1123 T 1140 599 1765 0 0
1123 T 1732 602 1133 0 0
1123 T 148 332 893 0 0
1123 T 895 1760 1906 0 0
1123 T 1903 1794 862 0 0
1123 T 864 325 141 0 0
1123 T 1531 100 2077 0 0
1123 T 2079 94 766 0 0
1123 T 763 95 2125 0 0
1123 T 2127 101 1486 0 0
1123 T 1851 895 1898 0 0
1123 T 1899 862 1802 0 0
1123 T 546 550 554 0 0
1123 T 2342 2301 138 -1 0
1123 T 1001 2222 1450 0 0
1123 T 552 1474 2222 0 0
1123 T 1408 2176 1060 0 0
1123 T 2176 1432 553 0 0
1123 T 1951 2016 640 0 0
1123 T 1351 541 2345 0 0
1123 T 2347 479 1114 0 0
1123 T 479 543 485 0 0
1123 T 1111 474 2357 0 0
1123 T 2359 540 1306 0 0
1123 T 484 538 474 0 0
1123 T 741 613 2345 0 0
1123 T 2359 620 741 0 0
1123 T 2335 185 2294 0 0
1123 T 804 1088 2246 0 0
1123 T 2200 1030 797 0 0
1123 T 1371 2264 1186 0 0
1123 T 1183 2214 1326 0 0
1123 T 1188 2291 166 0 0
1123 T 175 2289 1461 0 0
1123 T 163 2329 1181 0 0
1123 T 1419 2331 175 0 0
1123 T 2347 717 1053 0 0
1123 T 1000 717 2357 0 0
1123 T 2312 2271 252 -1 0
1123 T 1595 295 2362 0 0
1123 T 2364 813 442 0 0
1123 T 439 820 2350 0 0
1123 T 2352 298 1645 0 0
1123 T 220 2367 1497 0 0
1123 T 1367 1263 218 0 0
1123 T 1263 575 2367 0 0
1123 T 215 1266 1322 0 0
1123 T 1543 2353 213 0 0
1123 T 2353 578 1266 0 0
1123 T 1071 326 2273 0 0
1123 T 2275 320 682 0 0
1123 T 679 313 2313 0 0
1123 T 2315 331 1014 0 0
1123 T 2365 49 2356 0 0
1123 T 488 2264 2289 0 0
1123 T 2331 2214 481 0 0
1123 T 2364 2351 84 -1 0
1123 T 2275 539 2026 0 0
1123 T 1964 542 2313 0 0
1123 T 120 1433 2138 0 0
1123 T 2140 687 123 0 0
1123 T 123 690 2090 0 0
1123 T 2092 1479 113 0 0
1123 T 224 222 224 -1 0
1123 T 1934 1936 1934 0 0
1123 T 2079 1341 774 0 0
1123 T 771 1387 2125 0 0
1123 T 1088 100 2201 0 0
1123 T 2203 19 1082 0 0
1123 T 1028 22 2249 0 0
1123 T 2251 101 1030 0 0
1123 T 92 2331 2374 0 0
1123 T 2376 173 2030 0 0
1123 T 2371 2289 85 0 0
1123 T 1968 173 2369 0 0
1123 T 2028 483 2374 0 0
1123 T 2371 486 1962 0 0
1123 T 157 2086 1365 0 0
1123 T 592 2088 151 0 0
1123 T 1324 2136 157 0 0
1123 T 154 2134 585 0 0
1123 T 2140 711 1065 0 0
1123 T 1012 714 2090 0 0
1123 T 1415 380 2382 0 0
1123 T 2384 1288 578 0 0
1123 T 575 1289 2378 0 0
1123 T 2380 380 1457 0 0
1123 T 2048 1278 1981 0 0
1123 T 50 2377 2382 0 0
1123 T 548 546 548 0 0
1123 T 220 2112 1061 0 0
1123 T 227 503 2112 0 0
1123 T 1008 2158 213 0 0
1123 T 2158 506 227 0 0
1123 T 2136 604 973 0 0
1123 T 936 597 2086 0 0
1123 T 2376 874 1069 0 0
1123 T 1016 907 2369 0 0
1123 T 240 2146 354 0 0
1123 T 956 2148 276 0 0
1123 T 351 2100 233 0 0
1123 T 277 2098 994 0 0
1123 T 899 2160 434 0 0
1123 T 435 2110 866 1 0
1123 T 2148 388 869 0 0
1123 T 904 388 2098 0 0
1123 T 2230 968 2176 0 0
1123 T 2222 925 2184 0 0
1123 T 2016 2035 2018 0 0
1123 T 1956 1969 1950 0 0
1123 T 2232 2387 202 0 0
1123 T 2387 2183 200 0 0
1123 T 1088 2391 1029 0 0
1123 T 2252 1708 2201 0 0
1123 T 2175 2388 402 0 0
1123 T 399 2385 2221 0 0
1123 T 2175 2224 408 0 0
1123 T 776 4 1621 0 0
1123 T 1572 4 769 0 0
1123 T 2016 2399 558 0 0
1123 T 2399 2035 1058 0 0
1123 T 558 2393 1950 0 0
1123 T 1003 1969 2393 0 0
1123 T 2400 12 2173 0 0
1123 T 2223 12 2394 0 0
1123 T 2393 406 2400 0 0
1123 T 1611 711 47 0 0
1123 T 47 714 1661 0 0
1123 T 597 53 1669 0 0
1123 T 1619 60 604 0 0
1123 T 72 1209 2281 0 0
1123 T 2324 1207 71 0 0
1123 T 2283 2 2322 0 0
1123 T 69 1598 434 0 0
1123 T 435 1652 69 1 0
1123 T 388 100 1668 0 0
1123 T 1614 101 388 0 0
1123 T 1591 273 118 0 0
1123 T 115 280 1641 0 0
1123 T 220 1639 159 0 0
1123 T 159 1585 213 0 0
1123 T 436 2401 2322 0 0
1123 T 2283 2408 434 0 0
1123 T 2408 2 2401 0 0
1123 U 10 1 2 -1 0
1123 U 1019 6 1 0 0
1123 U 1970 2 6 0 0
1123 U 88 4 1 0 0
1123 U 1467 6 4 0 0
1123 U 1452 6 1 0 0
1123 U 1034 4 6 0 0
1123 U 11 6 5 0 0
1123 U 14 4 3 0 0
1123 U 103 5 4 0 0
1123 U 21 4 3 0 0
1123 U 10 7 8 0 0
1123 U 2036 11 7 0 0
1123 U 1074 8 11 0 0
1123 U 1407 12 7 0 0
1123 U 12 11 12 0 0
1123 U 92 10 7 0 0
1123 U 1091 12 10 0 0
1123 U 1422 10 12 0 0
1123 U 98 9 12 0 0
1123 U 15 10 9 0 0
1123 U 20 10 9 0 0
1123 U 2126 13 21 0 0
1123 U 1571 23 13 0 0
1123 U 1266 21 23 0 0
1123 U 1136 24 13 0 0
1123 U 32 23 24 0 0
1123 U 2124 26 13 0 0
1123 U 1618 24 26 0 0
1123 U 24 14 13 0 0
1123 U 1127 26 14 0 0
1123 U 1615 25 21 0 0
1123 U 2138 15 27 0 0
1123 U 1591 18 15 0 0
1123 U 1207 27 18 0 0
1123 U 1160 25 15 0 0
1123 U 2145 18 25 0 0
1123 U 2136 23 15 0 0
1123 U 1587 21 15 0 0
1123 U 1168 19 15 0 0
1123 U 2160 21 19 0 0
1123 U 1609 19 27 0 0
1123 U 1597 17 20 0 0
1123 U 1200 22 17 0 0
1123 U 2404 28 20 0 0
1123 U 33 20 19 0 0
1123 U 2163 27 20 0 0
1123 U 17 28 27 0 0
1123 U 1621 29 39 0 0
1123 U 2079 37 29 0 0
1123 U 1264 39 37 0 0
1123 U 1132 41 29 0 0
1123 U 1666 37 41 0 0
1123 U 26 30 29 0 0
1123 U 2076 41 30 0 0
1123 U 1140 40 29 0 0
1123 U 1671 42 40 0 0
1123 U 30 40 39 0 0
1123 U 1638 31 37 0 0
1123 U 2087 39 31 0 0
1123 U 1156 41 31 0 0
1123 U 1644 34 31 0 0
1123 U 2100 41 34 0 0
1123 U 2091 43 31 0 0
1123 U 1209 34 43 0 0
1123 U 1164 35 31 0 0
1123 U 1664 43 35 0 0
1123 U 2109 35 37 0 0
1123 U 1204 38 33 0 0
1123 U 1652 36 33 0 0
1123 U 2405 36 44 0 0
1123 U 2115 44 35 0 0
1123 U 18 43 44 0 0
1123 U 33 36 35 1 0
1123 Q 112 40 112 40 0 0 0 0 0 0
1123 Q 187 849 187 849 0 0 0 0 0 0
1123 Q 50 1928 1 1926 0 -1 0 0 0 0
1123 Q 570 432 336 430 0 0 0 0 1 0
1123 Q 50 788 50 788 0 0 0 0 0 0
1123 Q 7 951 1 990 0 0 0 0 1 0
1123 Q 1302 2 1302 2 0 0 0 0 0 0
1123 Q 0 1112 43 1114 0 0 0 0 0 0
1123 Q 1055 1 997 0 0 0 0 0 0 0
1123 Q 41 880 2 910 0 0 0 0 0 0
1123 Q 42 1232 8 1234 0 0 0 0 0 0
1123 Q 959 73 917 0 0 0 0 0 0 0
1123 Q 7 840 188 842 0 0 1 0 0 0
1123 Q 570 660 109 658 0 0 0 0 1 0
1123 Q 663 82 664 109 0 0 0 0 0 0
1123 Q 0 1900 194 1898 0 0 1 0 0 0
1123 Q 887 110 853 0 0 0 0 0 0 0
1123 Q 778 660 81 658 0 0 0 0 1 0
1123 Q 778 1144 44 1142 0 0 0 0 1 0
1123 Q 26 0 23 0 0 0 0 0 0 0
1123 Q 272 1934 270 224 0 0 0 0 0 0
1123 Q 546 608 41 610 0 0 0 0 0 0
1123 Q 222 1403 74 1445 0 0 0 0 0 0
1123 Q 194 863 140 893 0 0 0 0 0 0
