293 A 6 0 0 -1 0 1
293 A 6 0 3 -2 -3 2
293 A 7 0 0 -1 0 1
293 A 9 0 0 -4 0 4
293 A 11 0 0 -5 0 5
293 A 12 0 -3 -2 3 2
293 A 12 0 3 -2 -3 2
293 A 14 0 0 -1 0 1
293 A 14 0 7 -6 -7 6
293 A 17 0 0 -2 0 2
293 A -1 1 -97 0 97 0
293 A 1 1 -97 0 97 0
293 A -2 1 -107 -1 107 1
293 A 2 1 107 -1 -107 1
293 A -4 1 -100 -1 100 1
293 A 4 1 100 -1 -100 1
293 A 18 0 9 -4 -9 4
293 A 18 0 0 -5 0 5
293 A -6 1 -42 -1 42 1
293 A 6 1 42 -1 -42 1
293 A -7 1 -30 -1 30 1
293 A 7 1 30 -1 -30 1
293 A -8 1 -137 -4 137 4
293 A 8 1 137 -4 -137 4
293 A -9 1 -49 -2 49 2
293 A 9 1 49 -2 -49 2
293 A -12 1 -136 -6 136 6
293 A 12 1 136 -6 -136 6
293 A -13 1 -119 -6 119 6
293 A 13 1 119 -6 -119 6
293 A 22 0 11 -6 -11 6
293 A -16 1 -30 -2 30 2
293 A 16 1 30 -2 -30 2
293 A 24 0 -9 -4 9 4
293 A 24 0 9 -4 -9 4
293 A -22 1 -119 -8 119 8
293 A 22 1 119 -8 -119 8
293 A 28 0 -7 -6 7 6
293 A 28 0 7 -6 -7 6
293 A 34 0 17 -2 -17 2
293 A 0 2 -292 1 292 -1
293 A -2 2 -97 0 97 0
293 A 2 2 -97 0 97 0
293 A -8 2 -100 -1 100 1
293 A 8 2 100 -1 -100 1
293 A 36 0 -9 -14 9 14
293 A 36 0 9 -14 -9 14
293 A -12 2 -42 -1 42 1
293 A 12 2 42 -1 -42 1
293 A -14 2 -37 0 37 0
293 A 14 2 -37 0 37 0
293 A 42 0 21 -20 -21 20
293 A -26 2 -119 -6 119 6
293 A 26 2 119 -6 -119 6
293 A -32 2 -46 -1 46 1
293 A 32 2 46 -1 -46 1
293 A -48 1 -121 -24 121 24
293 A 48 1 121 -24 -121 24
293 A 4 0 0 -1 0 -1
293 A 4 0 2 -1 2 -1
293 A 17 0 0 -8 0 -8
293 A 5 0 0 -1 0 -2
293 A 5 0 -1 -1 -1 1
293 A 5 0 -2 -1 1 2
293 A 5 0 2 -1 -1 2
293 A 5 0 -2 -2 2 -2
293 A 7 0 -2 -1 3 2
293 A 7 0 2 -1 -3 2
293 A 7 0 -3 -1 3 -1
293 A 7 0 0 -2 0 -3
293 A 7 0 -1 -2 2 3
293 A 7 0 1 -2 -2 3
293 A 7 0 -1 -3 -1 3
293 A 8 0 0 -1 0 3
293 A 8 0 -2 -1 2 -1
293 A 8 0 4 -1 4 3
293 A 8 0 -2 -3 2 -3
293 A 9 0 0 -1 0 -2
293 A 9 0 -3 -1 -3 -2
293 A 9 0 3 -1 3 -2
293 A 9 0 -3 -4 -3 4
293 A 10 0 0 -1 0 3
293 A 10 0 -2 -1 -4 -3
293 A 10 0 2 -1 4 -3
293 A 10 0 -4 -1 -4 1
293 A 10 0 -2 -3 2 -3
293 A 11 0 0 -1 0 3
293 A 11 0 -1 -1 -4 4
293 A 11 0 1 -1 4 4
293 A 11 0 -3 -1 5 2
293 A 11 0 3 -1 -5 2
293 A 11 0 -4 -1 4 -1
293 A 11 0 -5 -1 -5 1
293 A 11 0 0 -2 0 -4
293 A 11 0 -1 -2 -3 -5
293 A 11 0 1 -2 3 -5
293 A 11 0 -2 -2 -2 2
293 A 11 0 -3 -2 -2 5
293 A 11 0 3 -2 2 5
293 A 11 0 -1 -3 5 -4
293 A 11 0 1 -3 -5 -4
293 A 11 0 -2 -3 2 -3
293 A 11 0 -3 -3 -5 5
293 A 11 0 3 -3 5 5
293 A 11 0 -4 -3 2 4
293 A 11 0 4 -3 -2 4
293 A 11 0 -1 -4 4 -5
293 A 11 0 1 -4 -4 -5
293 A 12 0 0 -1 0 -5
293 A 12 0 6 -1 6 -5
293 A 13 0 0 -1 0 -2
293 A 13 0 -1 -1 5 -5
293 A 13 0 1 -1 -5 -5
293 A 13 0 -2 -1 -1 -6
293 A 13 0 2 -1 1 -6
293 A 13 0 -3 -1 1 4
293 A 13 0 3 -1 -1 4
293 A 13 0 -4 -1 3 -4
293 A 13 0 4 -1 -3 -4
293 A 13 0 -5 -1 3 2
293 A 13 0 5 -1 -3 2
293 A 13 0 -6 -1 -5 3
293 A 13 0 6 -1 5 3
293 A 13 0 -1 -2 -4 -5
293 A 13 0 1 -2 4 -5
293 A 13 0 -2 -2 -4 4
293 A 13 0 2 -2 4 4
293 A 13 0 -4 -2 6 -3
293 A 13 0 4 -2 -6 -3
293 A 13 0 -5 -2 5 -2
293 A 13 0 -6 -2 -6 2
293 A 13 0 0 -3 0 -5
293 A 13 0 -1 -3 -1 3
293 A 13 0 -2 -3 1 5
293 A 13 0 2 -3 -1 5
293 A 13 0 -3 -3 6 -6
293 A 13 0 3 -3 -6 -6
293 A 13 0 -4 -3 4 -3
293 A 13 0 0 -4 0 6
293 A 13 0 -2 -4 -2 4
293 A 13 0 -5 -4 -3 5
293 A 13 0 5 -4 3 5
293 A 13 0 -6 -4 -4 -6
293 A 13 0 6 -4 4 -6
293 A 13 0 -2 -5 -5 6
293 A 13 0 2 -5 5 6
293 A 13 0 -6 -5 2 -6
293 A 13 0 6 -5 -2 -6
293 A 13 0 -3 -6 3 -6
293 A 14 0 -2 -1 -4 -5
293 A 14 0 2 -1 4 -5
293 A 14 0 -4 -1 4 -1
293 A 14 0 0 -3 0 5
293 A 14 0 -2 -3 -6 -5
293 A 14 0 2 -3 6 -5
293 A 14 0 -6 -3 -6 3
293 A 15 0 0 -1 0 -2
293 A 15 0 -3 -1 -6 7
293 A 15 0 3 -1 6 7
293 A 15 0 -6 -1 -6 1
293 A 15 0 -3 -2 3 -7
293 A 15 0 3 -2 -3 -7
293 A 15 0 -6 -2 -3 -4
293 A 15 0 6 -2 3 -4
293 A 15 0 0 -4 0 7
293 A 15 0 -6 -4 -6 4
293 A 16 0 0 -1 0 3
293 A 16 0 -2 -1 2 7
293 A 16 0 2 -1 -2 7
293 A 16 0 -4 -1 4 3
293 A 16 0 4 -1 -4 3
293 A 16 0 -6 -1 6 7
293 A 16 0 6 -1 -6 7
293 A 16 0 8 -1 8 3
293 A 16 0 -2 -3 2 -3
293 A 16 0 -6 -3 6 -3
293 A 16 0 0 -5 0 7
293 A 16 0 -2 -5 2 -5
293 A 16 0 -4 -5 4 7
293 A 16 0 4 -5 -4 7
293 A 16 0 -6 -5 6 -5
293 A 16 0 8 -5 8 7
293 A 17 0 0 -1 0 4
293 A 17 0 -1 -1 7 -7
293 A 17 0 1 -1 -7 -7
293 A 17 0 -2 -1 -4 2
293 A 17 0 2 -1 4 2
293 A 17 0 -3 -1 -5 -4
293 A 17 0 3 -1 5 -4
293 A 17 0 -4 -1 7 -6
293 A 17 0 4 -1 -7 -6
293 A 17 0 -5 -1 -1 7
293 A 17 0 5 -1 1 7
293 A 17 0 -6 -1 1 -3
293 A 17 0 6 -1 -1 -3
293 A 17 0 -7 -1 -5 8
293 A 17 0 7 -1 5 8
293 A 17 0 -2 -2 -5 5
293 A 17 0 2 -2 5 5
293 A 17 0 -3 -2 -6 4
293 A 17 0 3 -2 6 4
293 A 17 0 -5 -2 8 7
293 A 17 0 5 -2 -8 7
293 A 17 0 -6 -2 6 -2
293 A 17 0 -7 -2 -8 -5
293 A 17 0 7 -2 8 -5
293 A 17 0 -8 -2 -5 -3
293 A 17 0 8 -2 5 -3
293 A 17 0 0 -3 0 7
293 A 17 0 -2 -3 6 8
293 A 17 0 2 -3 -6 8
293 A 17 0 -3 -3 8 -8
293 A 17 0 3 -3 -8 -8
293 A 17 0 -4 -3 4 -3
293 A 17 0 -6 -3 -7 -5
293 A 17 0 6 -3 7 -5
293 A 17 0 -8 -3 -4 -7
293 A 17 0 8 -3 4 -7
293 A 17 0 -1 -4 -6 7
293 A 17 0 1 -4 6 7
293 A 17 0 -3 -4 4 6
293 A 17 0 3 -4 -4 6
293 A 17 0 -4 -4 6 -6
293 A 17 0 4 -4 -6 -6
293 A 17 0 -7 -4 -4 -5
293 A 17 0 7 -4 4 -5
293 A 17 0 -8 -4 -1 -8
293 A 17 0 8 -4 1 -8
293 A 17 0 0 -5 0 -6
293 A 17 0 -1 -5 -1 5
293 A 17 0 -2 -5 1 6
293 A 17 0 2 -5 -1 6
293 A 17 0 -3 -5 -2 -8
293 A 17 0 3 -5 2 -8
293 A 17 0 -2 -6 3 8
293 A 17 0 2 -6 -3 8
293 A 17 0 -5 -6 -5 6
293 A 17 0 -8 -6 2 7
293 A 17 0 8 -6 -2 7
293 A 17 0 -3 -7 3 -7
293 A 17 0 -7 -8 -7 8
293 A 0 1 -18 0 114 0
293 A 0 1 -19 0 108 0
293 A 0 1 -20 0 44 0
293 A 0 1 -28 0 -136 0
293 A 0 1 -31 0 104 0
293 A 0 1 -34 0 -112 0
293 A 0 1 -46 0 -121 0
293 A 0 1 -52 0 62 0
293 A 0 1 -81 0 123 0
293 A 0 1 -86 0 92 0
293 A 0 1 -91 0 -132 0
293 A -1 1 -19 0 31 0
293 A -1 1 -25 0 -47 0
293 A -1 1 -29 0 71 0
293 A -1 1 -37 0 -143 0
293 A -1 1 -41 0 -43 0
293 A -1 1 -55 0 139 0
293 A -1 1 -65 0 95 0
293 A -1 1 -67 0 79 0
293 A -1 1 -73 0 145 0
293 A -1 1 -83 0 -85 0
293 A -1 1 -89 0 -109 0
293 A -1 1 -101 0 131 0
293 A -1 1 -103 0 -137 0
293 A -1 1 -125 0 -127 0
293 A 1 1 -19 0 31 0
293 A 1 1 -25 0 -47 0
293 A 1 1 -29 0 71 0
293 A 1 1 -37 0 -143 0
293 A 1 1 -41 0 -43 0
293 A 1 1 -55 0 139 0
293 A 1 1 -65 0 95 0
293 A 1 1 -67 0 79 0
293 A 1 1 -73 0 145 0
293 A 1 1 -83 0 -85 0
293 A 1 1 -89 0 -109 0
293 A 1 1 -101 0 131 0
293 A 1 1 -103 0 -137 0
293 A 1 1 -125 0 -127 0
293 A -2 1 -19 0 -123 -1
293 A -2 1 -20 0 102 1
293 A -2 1 -25 0 -93 -1
293 A -2 1 -26 0 78 1
293 A -2 1 -28 0 -53 0
293 A -2 1 -31 0 113 1
293 A -2 1 -32 0 65 0
293 A -2 1 -34 0 -129 -1
293 A -2 1 -40 0 52 0
293 A -2 1 -47 0 -137 -1
293 A -2 1 -49 0 95 1
293 A -2 1 -50 0 99 1
293 A -2 1 -67 0 131 1
293 A -2 1 -68 0 81 1
293 A -2 1 -77 -1 92 1
293 A -2 1 -80 -1 -132 -1
293 A -2 1 -96 -1 -98 -1
293 A -2 1 -101 -1 122 1
293 A -2 1 -105 -1 -134 -1
293 A 2 1 -19 0 -123 1
293 A 2 1 -20 0 102 -1
293 A 2 1 -25 0 -93 1
293 A 2 1 -26 0 78 -1
293 A 2 1 -28 0 -53 0
293 A 2 1 -31 0 113 -1
293 A 2 1 -32 0 65 0
293 A 2 1 -34 0 -129 1
293 A 2 1 -40 0 52 0
293 A 2 1 -47 0 -137 1
293 A 2 1 -49 0 95 -1
293 A 2 1 -50 0 99 -1
293 A 2 1 -67 0 131 -1
293 A 2 1 -68 0 81 -1
293 A 2 1 77 -1 -92 1
293 A 2 1 80 -1 132 -1
293 A 2 1 96 -1 98 -1
293 A 2 1 101 -1 -122 1
293 A 2 1 105 -1 134 -1
293 A -3 1 -19 0 -140 -1
293 A -3 1 -21 0 -112 -1
293 A -3 1 -25 0 142 1
293 A -3 1 -29 0 122 1
293 A -3 1 -31 0 39 0
293 A -3 1 -37 0 49 0
293 A -3 1 -48 -1 74 1
293 A -3 1 -50 -1 54 1
293 A -3 1 -62 -1 76 1
293 A -3 1 -70 -1 -88 -1
293 A -3 1 -86 -1 -92 -1
293 A -3 1 -104 -1 -124 -1
293 A -3 1 -106 -1 130 1
293 A -3 1 -108 -1 114 1
293 A -3 1 -110 -1 144 1
293 A 3 1 -19 0 -140 1
293 A 3 1 -21 0 -112 1
293 A 3 1 -25 0 142 -1
293 A 3 1 -29 0 122 -1
293 A 3 1 -31 0 39 0
293 A 3 1 -37 0 49 0
293 A 3 1 48 -1 -74 1
293 A 3 1 50 -1 -54 1
293 A 3 1 62 -1 -76 1
293 A 3 1 70 -1 88 -1
293 A 3 1 86 -1 92 -1
293 A 3 1 104 -1 124 -1
293 A 3 1 106 -1 -130 1
293 A 3 1 108 -1 -114 1
293 A 3 1 110 -1 -144 1
293 A -4 1 -19 0 -61 -1
293 A -4 1 -20 0 -131 -2
293 A -4 1 -25 0 128 2
293 A -4 1 -26 0 103 1
293 A -4 1 -34 0 96 1
293 A -4 1 -35 0 49 1
293 A -4 1 -37 -1 94 1
293 A -4 1 -45 -1 78 1
293 A -4 1 -46 -1 64 1
293 A -4 1 -48 -1 -97 -1
293 A -4 1 -51 -1 110 2
293 A -4 1 -63 -1 -79 -1
293 A -4 1 -66 -1 -120 -2
293 A -4 1 -82 -1 -93 -1
293 A -4 1 -102 -1 -129 -2
293 A -4 1 -122 -2 137 2
293 A 4 1 -19 0 -61 1
293 A 4 1 -20 0 -131 2
293 A 4 1 -25 0 128 -2
293 A 4 1 -26 0 103 -1
293 A 4 1 -34 0 96 -1
293 A 4 1 -35 0 49 -1
293 A 4 1 37 -1 -94 1
293 A 4 1 45 -1 -78 1
293 A 4 1 46 -1 -64 1
293 A 4 1 48 -1 97 -1
293 A 4 1 51 -1 -110 2
293 A 4 1 63 -1 79 -1
293 A 4 1 66 -1 120 -2
293 A 4 1 82 -1 93 -1
293 A 4 1 102 -1 129 -2
293 A 4 1 122 -2 -137 2
293 A -5 1 -19 0 62 1
293 A -5 1 -23 0 78 1
293 A -5 1 -25 0 -84 -1
293 A -5 1 -31 0 -36 -1
293 A -5 1 -30 -1 -99 -2
293 A -5 1 -32 -1 38 1
293 A -5 1 -50 -1 123 2
293 A -5 1 -54 -1 -87 -2
293 A -5 1 -66 -1 -93 -2
293 A -5 1 -72 -1 90 1
293 A -5 1 -80 -1 -91 -2
293 A -5 1 -103 -2 -111 -2
293 A -5 1 -129 -2 141 2
293 A -5 1 -133 -2 139 2
293 A 5 1 -19 0 62 -1
293 A 5 1 -23 0 78 -1
293 A 5 1 -25 0 -84 1
293 A 5 1 -31 0 -36 1
293 A 5 1 30 -1 99 -2
293 A 5 1 32 -1 -38 1
293 A 5 1 50 -1 -123 2
293 A 5 1 54 -1 87 -2
293 A 5 1 66 -1 93 -2
293 A 5 1 72 -1 -90 1
293 A 5 1 80 -1 91 -2
293 A 5 1 103 -2 111 -2
293 A 5 1 129 -2 -141 2
293 A 5 1 133 -2 -139 2
293 A 18 0 -6 -1 -6 7
293 A 18 0 6 -1 6 7
293 A 18 0 -3 -2 -3 8
293 A 18 0 3 -2 3 8
293 A 18 0 9 -2 9 8
293 A 18 0 -8 -3 8 -3
293 A 18 0 -3 -4 -3 4
293 A 18 0 -6 -5 -6 5
293 A -6 1 -19 0 46 1
293 A -6 1 -20 0 -130 -3
293 A -6 1 -23 0 -125 -3
293 A -6 1 -24 0 84 2
293 A -6 1 -25 -1 120 3
293 A -6 1 -39 -1 105 2
293 A -6 1 -40 -1 81 2
293 A -6 1 -65 -1 -121 -3
293 A -6 1 -69 -1 124 2
293 A -6 1 -75 -2 -109 -2
293 A -6 1 -80 -2 -106 -2
293 A -6 1 -83 -2 124 3
293 A -6 1 -92 -2 -137 -3
293 A 6 1 -19 0 46 -1
293 A 6 1 -20 0 -130 3
293 A 6 1 -23 0 -125 3
293 A 6 1 -24 0 84 -2
293 A 6 1 25 -1 -120 3
293 A 6 1 39 -1 -105 2
293 A 6 1 40 -1 -81 2
293 A 6 1 65 -1 121 -3
293 A 6 1 69 -1 -124 2
293 A 6 1 75 -2 109 -2
293 A 6 1 80 -2 106 -2
293 A 6 1 83 -2 -124 3
293 A 6 1 92 -2 137 -3
293 A -7 1 -23 0 105 2
293 A -7 1 -18 -1 -34 -1
293 A -7 1 -22 -1 52 1
293 A -7 1 -28 -1 -106 -3
293 A -7 1 -40 -1 110 3
293 A -7 1 -48 -1 -122 -3
293 A -7 1 -58 -1 -107 -2
293 A -7 1 -66 -1 -75 -2
293 A -7 1 -63 -2 -130 -3
293 A -7 1 -77 -2 95 2
293 A -7 1 -87 -2 128 3
293 A -7 1 -93 -2 -142 -3
293 A 7 1 -23 0 105 -2
293 A 7 1 18 -1 34 -1
293 A 7 1 22 -1 -52 1
293 A 7 1 28 -1 106 -3
293 A 7 1 40 -1 -110 3
293 A 7 1 48 -1 122 -3
293 A 7 1 58 -1 107 -2
293 A 7 1 66 -1 75 -2
293 A 7 1 63 -2 130 -3
293 A 7 1 77 -2 -95 2
293 A 7 1 87 -2 -128 3
293 A 7 1 93 -2 142 -3
293 A -8 1 -19 0 78 2
293 A -8 1 -20 0 101 3
293 A -8 1 -22 0 -122 -3
293 A -8 1 -15 -1 -23 -1
293 A -8 1 -17 -1 84 2
293 A -8 1 -18 -1 -127 -3
293 A -8 1 -21 -1 -128 -4
293 A -8 1 -30 -1 39 1
293 A -8 1 -32 -1 -92 -3
293 A -8 1 -33 -1 -124 -3
293 A -8 1 -35 -1 -67 -2
293 A -8 1 -45 -1 104 3
293 A -8 1 -50 -1 -64 -2
293 A -8 1 -53 -1 -126 -4
293 A -8 1 -54 -1 135 4
293 A -8 1 -56 -1 90 2
293 A -8 1 -60 -2 -131 -3
293 A -8 1 -79 -2 -100 -3
293 A -8 1 -88 -2 -103 -3
293 A -8 1 -93 -2 -107 -3
293 A -8 1 -89 -3 -115 -3
293 A -8 1 -91 -3 -125 -3
293 A -8 1 -125 -4 134 4
293 A 8 1 -19 0 78 -2
293 A 8 1 -20 0 101 -3
293 A 8 1 -22 0 -122 3
293 A 8 1 15 -1 23 -1
293 A 8 1 17 -1 -84 2
293 A 8 1 18 -1 127 -3
293 A 8 1 21 -1 128 -4
293 A 8 1 30 -1 -39 1
293 A 8 1 32 -1 92 -3
293 A 8 1 33 -1 124 -3
293 A 8 1 35 -1 67 -2
293 A 8 1 45 -1 -104 3
293 A 8 1 50 -1 64 -2
293 A 8 1 53 -1 126 -4
293 A 8 1 54 -1 -135 4
293 A 8 1 56 -1 -90 2
293 A 8 1 60 -2 131 -3
293 A 8 1 79 -2 100 -3
293 A 8 1 88 -2 103 -3
293 A 8 1 93 -2 107 -3
293 A 8 1 89 -3 115 -3
293 A 8 1 91 -3 125 -3
293 A 8 1 125 -4 -134 4
293 A 19 0 -9 -1 8 -3
293 A 19 0 9 -1 -8 -3
293 A 19 0 -1 -2 -4 8
293 A 19 0 1 -2 4 8
293 A 19 0 -3 -2 1 -7
293 A 19 0 3 -2 -1 -7
293 A 19 0 -4 -2 8 -4
293 A 19 0 4 -2 -8 -4
293 A 19 0 -6 -2 4 5
293 A 19 0 6 -2 -4 5
293 A 19 0 -7 -2 9 -8
293 A 19 0 7 -2 -9 -8
293 A 19 0 -8 -2 8 -2
293 A 19 0 -9 -2 -9 2
293 A 19 0 -3 -3 -7 7
293 A 19 0 3 -3 7 7
293 A 19 0 -4 -3 -6 -5
293 A 19 0 4 -3 6 -5
293 A 19 0 -5 -3 -7 8
293 A 19 0 5 -3 7 8
293 A 19 0 -9 -3 9 -3
293 A 19 0 -2 -4 -2 4
293 A 19 0 -4 -4 9 -9
293 A 19 0 4 -4 -9 -9
293 A 19 0 -5 -4 5 -4
293 A 19 0 -6 -4 -9 6
293 A 19 0 6 -4 9 6
293 A 19 0 -7 -4 -2 -7
293 A 19 0 7 -4 2 -7
293 A 19 0 -5 -5 -8 8
293 A 19 0 5 -5 8 8
293 A 19 0 -7 -5 -6 7
293 A 19 0 7 -5 6 7
293 A 19 0 -3 -6 5 9
293 A 19 0 3 -6 -5 9
293 A 19 0 -5 -6 9 -7
293 A 19 0 5 -6 -9 -7
293 A 19 0 -6 -6 6 -6
293 A 19 0 -8 -6 -3 7
293 A 19 0 8 -6 3 7
293 A 19 0 -2 -8 7 -9
293 A 19 0 2 -8 -7 -9
293 A -9 1 -12 -1 -71 -2
293 A -9 1 -14 -1 -47 -2
293 A -9 1 -26 -1 135 4
293 A -9 1 -30 -1 -127 -4
293 A -9 1 -34 -1 69 2
293 A -9 1 -36 -1 106 3
293 A -9 1 -40 -1 -118 -3
293 A -9 1 -52 -1 -114 -3
293 A -9 1 -51 -2 85 2
293 A -9 1 -53 -2 -61 -2
293 A -9 1 -63 -2 121 4
293 A -9 1 -83 -2 -110 -3
293 A -9 1 -82 -3 139 4
293 A -9 1 -84 -3 119 4
293 A -9 1 -104 -3 -141 -4
293 A -9 1 -108 -3 133 4
293 A 9 1 12 -1 71 -2
293 A 9 1 14 -1 47 -2
293 A 9 1 26 -1 -135 4
293 A 9 1 30 -1 127 -4
293 A 9 1 34 -1 -69 2
293 A 9 1 36 -1 -106 3
293 A 9 1 40 -1 118 -3
293 A 9 1 52 -1 114 -3
293 A 9 1 51 -2 -85 2
293 A 9 1 53 -2 61 -2
293 A 9 1 63 -2 -121 4
293 A 9 1 83 -2 110 -3
293 A 9 1 82 -3 -139 4
293 A 9 1 84 -3 -119 4
293 A 9 1 104 -3 141 -4
293 A 9 1 108 -3 -133 4
293 A -10 1 -10 -1 39 2
293 A -10 1 -12 -1 -95 -3
293 A -10 1 -15 -1 -80 -3
293 A -10 1 -16 -1 -106 -3
293 A -10 1 -21 -1 -28 -1
293 A -10 1 -22 -1 66 2
293 A -10 1 -24 -1 -74 -3
293 A -10 1 -27 -1 65 2
293 A -10 1 -31 -1 -85 -3
293 A -10 1 -33 -1 44 2
293 A -10 1 -34 -1 104 3
293 A -10 1 -42 -1 -48 -2
293 A -10 1 -43 -1 69 2
293 A -10 1 -45 -2 -103 -3
293 A -10 1 -47 -2 68 2
293 A -10 1 -63 -2 121 4
293 A -10 1 -76 -3 -112 -4
293 A -10 1 -79 -3 -107 -3
293 A -10 1 -123 -4 -136 -4
293 A -10 1 -133 -4 -134 -5
293 A 10 1 10 -1 -39 2
293 A 10 1 12 -1 95 -3
293 A 10 1 15 -1 80 -3
293 A 10 1 16 -1 106 -3
293 A 10 1 21 -1 28 -1
293 A 10 1 22 -1 -66 2
293 A 10 1 24 -1 74 -3
293 A 10 1 27 -1 -65 2
293 A 10 1 31 -1 85 -3
293 A 10 1 33 -1 -44 2
293 A 10 1 34 -1 -104 3
293 A 10 1 42 -1 48 -2
293 A 10 1 43 -1 -69 2
293 A 10 1 45 -2 103 -3
293 A 10 1 47 -2 -68 2
293 A 10 1 63 -2 -121 4
293 A 10 1 76 -3 112 -4
293 A 10 1 79 -3 107 -3
293 A 10 1 123 -4 136 -4
293 A 10 1 133 -4 134 -5
293 A 20 0 -2 -3 2 -3
293 A 20 0 -4 -3 8 9
293 A 20 0 4 -3 -8 9
293 A 20 0 -8 -7 8 -7
293 A 20 0 10 -7 10 9
293 A -11 1 -14 -1 -105 -4
293 A -11 1 -20 -1 132 5
293 A -11 1 -32 -1 -55 -2
293 A -11 1 -43 -2 -88 -3
293 A -11 1 -45 -2 -118 -5
293 A -11 1 -57 -2 -98 -3
293 A -11 1 -89 -4 138 5
293 A 11 1 14 -1 105 -4
293 A 11 1 20 -1 -132 5
293 A 11 1 32 -1 55 -2
293 A 11 1 43 -2 88 -3
293 A 11 1 45 -2 118 -5
293 A 11 1 57 -2 98 -3
293 A 11 1 89 -4 -138 5
293 A -12 1 -12 -1 -67 -2
293 A -12 1 -13 -1 23 1
293 A -12 1 -30 -1 -40 -1
293 A -12 1 -33 -1 44 2
293 A -12 1 -35 -1 57 3
293 A -12 1 -35 -2 140 5
293 A -12 1 -42 -2 -132 -5
293 A -12 1 -46 -2 -134 -6
293 A -12 1 -57 -2 -133 -6
293 A -12 1 -63 -3 -80 -4
293 A -12 1 -80 -3 114 4
293 A -12 1 -86 -3 -137 -5
293 A -12 1 -107 -4 131 6
293 A -12 1 -109 -4 -107 -5
293 A -12 1 -112 -4 123 5
293 A 12 1 12 -1 67 -2
293 A 12 1 13 -1 -23 1
293 A 12 1 30 -1 40 -1
293 A 12 1 33 -1 -44 2
293 A 12 1 35 -1 -57 3
293 A 12 1 35 -2 -140 5
293 A 12 1 42 -2 132 -5
293 A 12 1 46 -2 134 -6
293 A 12 1 57 -2 133 -6
293 A 12 1 63 -3 80 -4
293 A 12 1 80 -3 -114 4
293 A 12 1 86 -3 137 -5
293 A 12 1 107 -4 -131 6
293 A 12 1 109 -4 107 -5
293 A 12 1 112 -4 -123 5
293 A 21 0 -3 -2 9 8
293 A 21 0 3 -2 -9 8
293 A 21 0 -6 -5 -9 -10
293 A 21 0 6 -5 9 -10
293 A -13 1 -40 -1 -35 -2
293 A -13 1 -53 -2 128 5
293 A -13 1 -59 -2 -73 -4
293 A -13 1 -62 -3 137 6
293 A -13 1 -114 -5 126 5
293 A 13 1 40 -1 35 -2
293 A 13 1 53 -2 -128 5
293 A 13 1 59 -2 73 -4
293 A 13 1 62 -3 -137 6
293 A 13 1 114 -5 -126 5
293 A 22 0 -2 -3 2 -3
293 A 22 0 -4 -5 -10 7
293 A 22 0 4 -5 10 7
293 A -14 1 -14 -1 -143 -6
293 A -14 1 -18 -1 65 3
293 A -14 1 -20 -1 117 5
293 A -14 1 -26 -1 -68 -3
293 A -14 1 -33 -1 -38 -1
293 A -14 1 -25 -2 119 6
293 A -14 1 -37 -2 88 5
293 A -14 1 -51 -2 74 4
293 A -14 1 -55 -2 134 6
293 A -14 1 -74 -3 131 6
293 A -14 1 -72 -4 93 4
293 A -14 1 -81 -4 -134 -7
293 A -14 1 -101 -4 120 5
293 A -14 1 -121 -6 131 7
293 A 14 1 14 -1 143 -6
293 A 14 1 18 -1 -65 3
293 A 14 1 20 -1 -117 5
293 A 14 1 26 -1 68 -3
293 A 14 1 33 -1 38 -1
293 A 14 1 25 -2 -119 6
293 A 14 1 37 -2 -88 5
293 A 14 1 51 -2 -74 4
293 A 14 1 55 -2 -134 6
293 A 14 1 74 -3 -131 6
293 A 14 1 72 -4 -93 4
293 A 14 1 81 -4 134 -7
293 A 14 1 101 -4 -120 5
293 A 14 1 121 -6 -131 7
293 A -15 1 -23 -2 -125 -6
293 A -15 1 -53 -2 106 5
293 A -15 1 -44 -3 122 7
293 A -15 1 -61 -4 77 4
293 A 15 1 23 -2 125 -6
293 A 15 1 53 -2 -106 5
293 A 15 1 44 -3 -122 7
293 A 15 1 61 -4 -77 4
293 A 23 0 -5 -2 5 -2
293 A 23 0 -6 -2 -11 -4
293 A 23 0 6 -2 11 -4
293 A 23 0 -10 -2 8 3
293 A 23 0 10 -2 -8 3
293 A 23 0 -2 -3 11 -5
293 A 23 0 2 -3 -11 -5
293 A 23 0 -3 -3 3 -3
293 A 23 0 -4 -4 8 -8
293 A 23 0 4 -4 -8 -8
293 A 23 0 -7 -4 -7 4
293 A 23 0 -2 -5 -6 -8
293 A 23 0 2 -5 6 -8
293 A 23 0 -5 -5 11 -11
293 A 23 0 5 -5 -11 -11
293 A 23 0 -6 -5 6 -5
293 A 23 0 -4 -6 -6 9
293 A 23 0 4 -6 6 9
293 A 23 0 -6 -6 -10 10
293 A 23 0 6 -6 10 10
293 A 23 0 -2 -7 -10 -11
293 A 23 0 2 -7 10 -11
293 A 23 0 -3 -7 -8 11
293 A 23 0 3 -7 8 11
293 A 23 0 -7 -10 7 -10
293 A 23 0 -9 -11 -9 11
293 A -16 1 -21 -1 -41 -3
293 A -16 1 -22 -1 -66 -4
293 A -16 1 -25 -1 -129 -7
293 A -16 1 -28 -1 -134 -8
293 A -16 1 -31 -1 145 7
293 A -16 1 -20 -2 -47 -3
293 A -16 1 -21 -2 -81 -4
293 A -16 1 -27 -2 -118 -6
293 A -16 1 -41 -2 -108 -5
293 A -16 1 -42 -2 118 7
293 A -16 1 -40 -3 -67 -4
293 A -16 1 -46 -3 -82 -4
293 A -16 1 -56 -3 115 7
293 A -16 1 -71 -3 107 6
293 A -16 1 -57 -4 -133 -7
293 A -16 1 -88 -4 130 7
293 A -16 1 -107 -5 117 7
293 A 16 1 21 -1 41 -3
293 A 16 1 22 -1 66 -4
293 A 16 1 25 -1 129 -7
293 A 16 1 28 -1 134 -8
293 A 16 1 31 -1 -145 7
293 A 16 1 20 -2 47 -3
293 A 16 1 21 -2 81 -4
293 A 16 1 27 -2 118 -6
293 A 16 1 41 -2 108 -5
293 A 16 1 42 -2 -118 7
293 A 16 1 40 -3 67 -4
293 A 16 1 46 -3 82 -4
293 A 16 1 56 -3 -115 7
293 A 16 1 71 -3 -107 6
293 A 16 1 57 -4 133 -7
293 A 16 1 88 -4 -130 7
293 A 16 1 107 -5 -117 7
293 A 24 0 -3 -2 -9 -10
293 A 24 0 3 -2 9 -10
293 A 24 0 -9 -2 -3 -10
293 A 24 0 9 -2 3 -10
293 A -17 1 -30 -1 76 5
293 A -17 1 -43 -2 121 8
293 A -17 1 -63 -4 -135 -8
293 A -17 1 -96 -5 -107 -6
293 A 17 1 30 -1 -76 5
293 A 17 1 43 -2 -121 8
293 A 17 1 63 -4 135 -8
293 A 17 1 96 -5 107 -6
293 A -18 1 -31 -1 -133 -8
293 A -18 1 -45 -2 115 8
293 A -18 1 -44 -3 80 5
293 A -18 1 -76 -4 134 9
293 A -18 1 -106 -6 -114 -6
293 A -18 1 -111 -6 -131 -9
293 A -18 1 -129 -7 127 8
293 A 18 1 31 -1 133 -8
293 A 18 1 45 -2 -115 8
293 A 18 1 44 -3 -80 5
293 A 18 1 76 -4 -134 9
293 A 18 1 106 -6 114 -6
293 A 18 1 111 -6 131 -9
293 A 18 1 129 -7 -127 8
293 A 25 0 -2 -2 2 -2
293 A 25 0 -3 -2 -12 8
293 A 25 0 3 -2 12 8
293 A 25 0 -10 -2 5 9
293 A 25 0 10 -2 -5 9
293 A 25 0 -11 -2 2 11
293 A 25 0 11 -2 -2 11
293 A 25 0 -3 -3 -7 7
293 A 25 0 3 -3 7 7
293 A 25 0 -10 -3 5 6
293 A 25 0 10 -3 -5 6
293 A 25 0 -3 -4 -1 -7
293 A 25 0 3 -4 1 -7
293 A 25 0 -5 -4 10 -8
293 A 25 0 5 -4 -10 -8
293 A 25 0 -6 -4 -6 4
293 A 25 0 -7 -4 11 8
293 A 25 0 7 -4 -11 8
293 A 25 0 -6 -6 9 -9
293 A 25 0 6 -6 -9 -9
293 A 25 0 -12 -7 12 -7
293 A 25 0 -6 -8 12 9
293 A 25 0 6 -8 -12 9
293 A 25 0 -7 -8 7 -8
293 A 25 0 -8 -8 -12 12
293 A 25 0 8 -8 12 12
293 A 25 0 -6 -9 -1 -11
293 A 25 0 6 -9 1 -11
293 A 25 0 -5 -11 10 -12
293 A 25 0 5 -11 -10 -12
293 A 25 0 -11 -11 -11 11
293 A -19 1 -86 -5 119 8
293 A 19 1 86 -5 -119 8
293 A 26 0 -4 -3 4 -3
293 A -20 1 -27 -1 19 2
293 A -20 1 -27 -2 131 10
293 A -20 1 -58 -3 -143 -9
293 A -20 1 -68 -4 115 9
293 A -20 1 -66 -5 -103 -8
293 A -20 1 -84 -5 -130 -8
293 A -20 1 -116 -7 108 8
293 A 20 1 27 -1 -19 2
293 A 20 1 27 -2 -131 10
293 A 20 1 58 -3 143 -9
293 A 20 1 68 -4 -115 9
293 A 20 1 66 -5 103 -8
293 A 20 1 84 -5 130 -8
293 A 20 1 116 -7 -108 8
293 A 27 0 -6 -2 3 8
293 A 27 0 6 -2 -3 8
293 A 27 0 -6 -7 3 10
293 A 27 0 6 -7 -3 10
293 A -21 1 -41 -4 -82 -7
293 A -21 1 -95 -8 118 9
293 A 21 1 41 -4 82 -7
293 A 21 1 95 -8 -118 9
293 A -22 1 -22 -1 9 2
293 A -22 1 -28 -1 -70 -6
293 A -22 1 -37 -3 -127 -10
293 A -22 1 -38 -3 -39 -4
293 A -22 1 -40 -4 -126 -10
293 A -22 1 -74 -6 83 6
293 A -22 1 -92 -8 -132 -11
293 A 22 1 22 -1 -9 2
293 A 22 1 28 -1 70 -6
293 A 22 1 37 -3 127 -10
293 A 22 1 38 -3 39 -4
293 A 22 1 40 -4 126 -10
293 A 22 1 74 -6 -83 6
293 A 22 1 92 -8 132 -11
293 A 28 0 -10 -13 10 -13
293 A -23 1 -21 -2 112 9
293 A 23 1 21 -2 -112 9
293 A 29 0 -2 -2 11 -11
293 A 29 0 2 -2 -11 -11
293 A 29 0 -10 -2 12 -14
293 A 29 0 10 -2 -12 -14
293 A 29 0 -11 -2 -13 5
293 A 29 0 11 -2 13 5
293 A 29 0 -14 -2 -3 -12
293 A 29 0 14 -2 3 -12
293 A 29 0 -3 -3 -12 12
293 A 29 0 3 -3 12 12
293 A 29 0 -8 -3 2 -8
293 A 29 0 8 -3 -2 -8
293 A 29 0 -14 -3 -8 10
293 A 29 0 14 -3 8 10
293 A 29 0 -14 -5 13 14
293 A 29 0 14 -5 -13 14
293 A 29 0 -14 -10 -5 -13
293 A 29 0 14 -10 5 -13
293 A 29 0 -2 -12 2 -12
293 A 29 0 -4 -13 4 -13
293 A 29 0 -14 -14 14 -14
293 A -24 1 -8 -2 131 12
293 A -24 1 -42 -2 -88 -8
293 A -24 1 -40 -3 -81 -6
293 A -24 1 -68 -5 -64 -6
293 A -24 1 -82 -6 -81 -8
293 A 24 1 8 -2 -131 12
293 A 24 1 42 -2 88 -8
293 A 24 1 40 -3 81 -6
293 A 24 1 68 -5 64 -6
293 A 24 1 82 -6 81 -8
293 A 30 0 -9 -2 3 -4
293 A 30 0 9 -2 -3 -4
293 A -25 1 -30 -1 67 6
293 A 25 1 30 -1 -67 6
293 A 31 0 -10 -2 10 -2
293 A 31 0 -7 -8 -14 -15
293 A 31 0 7 -8 14 -15
293 A 31 0 -8 -8 -8 8
293 A 31 0 -9 -8 -13 15
293 A 31 0 9 -8 13 15
293 A -26 1 -26 -1 49 6
293 A -26 1 -13 -2 60 4
293 A -26 1 -27 -2 54 5
293 A -26 1 -27 -4 -128 -13
293 A -26 1 -62 -4 -69 -7
293 A 26 1 26 -1 -49 6
293 A 26 1 13 -2 -60 4
293 A 26 1 27 -2 -54 5
293 A 26 1 27 -4 128 -13
293 A 26 1 62 -4 69 -7
293 A 32 0 16 -7 16 -11
293 A 32 0 -14 -11 14 -11
293 A -28 1 -5 -2 -148 -13
293 A -28 1 -23 -2 101 11
293 A -28 1 -38 -3 -60 -7
293 A -28 1 -36 -5 102 11
293 A -28 1 -102 -8 110 12
293 A 28 1 5 -2 148 -13
293 A 28 1 23 -2 -101 11
293 A 28 1 38 -3 60 -7
293 A 28 1 36 -5 -102 11
293 A 28 1 102 -8 -110 12
293 A 34 0 -6 -15 6 -15
293 A 0 2 -60 1 210 1
293 A -2 2 -41 0 -43 0
293 A -2 2 -125 0 -127 0
293 A -2 2 -149 0 221 0
293 A -2 2 -209 0 -211 0
293 A 2 2 -41 0 -43 0
293 A 2 2 -125 0 -127 0
293 A 2 2 -149 0 221 0
293 A 2 2 -209 0 -211 0
293 A -4 2 -30 -1 -230 -1
293 A -4 2 -32 -1 164 1
293 A -4 2 -96 -1 -98 -1
293 A -4 2 -162 -1 228 1
293 A 4 2 30 -1 230 -1
293 A 4 2 32 -1 -164 1
293 A 4 2 96 -1 98 -1
293 A 4 2 162 -1 -228 1
293 A -30 1 -37 -2 33 3
293 A -30 1 -67 -8 -113 -11
293 A -30 1 -84 -9 98 11
293 A 30 1 37 -2 -33 3
293 A 30 1 67 -8 113 -11
293 A 30 1 84 -9 -98 11
293 A -6 2 -152 -1 186 1
293 A 6 2 152 -1 -186 1
293 A -10 2 -55 -2 127 2
293 A 10 2 55 -2 -127 2
293 A 36 0 -15 -2 3 -10
293 A 36 0 15 -2 -3 -10
293 A 36 0 -10 -15 10 -15
293 A -12 2 -40 -1 -206 -5
293 A -12 2 -124 -3 -204 -5
293 A 12 2 40 -1 206 -5
293 A 12 2 124 -3 204 -5
293 A -32 1 -11 -3 -32 -4
293 A 32 1 11 -3 32 -4
293 A -14 2 -163 -4 -223 -6
293 A 14 2 163 -4 223 -6
293 A 37 0 -15 -3 4 14
293 A 37 0 15 -3 -4 14
293 A 37 0 -16 -3 -3 -11
293 A 37 0 16 -3 3 -11
293 A 37 0 -7 -6 -2 7
293 A 37 0 7 -6 2 7
293 A 37 0 -4 -11 5 14
293 A 37 0 4 -11 -5 14
293 A 38 0 -8 -17 8 -17
293 A -34 1 -29 -2 -35 -6
293 A -34 1 -40 -4 -125 -14
293 A 34 1 29 -2 35 -6
293 A 34 1 40 -4 125 -14
293 A -21 2 -130 -4 269 11
293 A 21 2 130 -4 -269 11
293 A 41 0 -5 -5 -7 7
293 A 41 0 5 -5 7 7
293 A 41 0 -10 -10 17 -17
293 A 41 0 10 -10 -17 -17
293 A -38 1 -28 -3 70 12
293 A -38 1 -26 -4 55 6
293 A 38 1 28 -3 -70 12
293 A 38 1 26 -4 -55 6
293 A 42 0 -4 -15 4 -15
293 A 43 0 -7 -7 7 -7
293 A 43 0 -8 -7 -21 13
293 A 43 0 8 -7 21 13
293 A 43 0 -13 -8 13 -8
293 A -40 1 -34 -4 -42 -7
293 A -40 1 -43 -7 -115 -15
293 A 40 1 34 -4 42 -7
293 A 40 1 43 -7 115 -15
293 A 45 0 -12 -11 6 17
293 A 45 0 12 -11 -6 17
293 A -42 1 -42 -3 -82 -10
293 A 42 1 42 -3 82 -10
293 A -32 2 -160 -9 -220 -13
293 A 32 2 160 -9 220 -13
293 A 47 0 -7 -8 7 -8
293 A 47 0 -8 -8 -23 23
293 A 47 0 8 -8 23 23
293 A 47 0 -9 -8 -4 14
293 A 47 0 9 -8 4 14
293 A -44 1 -56 -7 -61 -11
293 A 44 1 56 -7 61 -11
293 A 49 0 -13 -12 -23 -24
293 A 49 0 13 -12 23 -24
293 A -46 1 -41 -8 83 11
293 A 46 1 41 -8 -83 11
293 A -50 1 -57 -8 119 25
293 A 50 1 57 -8 -119 25
293 A 53 0 -9 -9 13 -13
293 A 53 0 9 -9 -13 -13
293 A 53 0 -4 -19 4 -19
293 A -52 1 -40 -9 -169 -25
293 A 52 1 40 -9 169 -25
293 A 61 0 -4 -13 4 -13
293 A 73 0 -36 -26 36 -26
293 A 79 0 -20 -33 20 -33
293 A 97 0 -29 -29 29 -29
293 A 101 0 -30 -10 30 -10
293 A 109 0 -54 -11 54 -11
293 A 115 0 -43 -43 43 -43
293 A 119 0 -45 -15 45 -15
293 A 133 0 -66 -22 66 -22
293 A 139 0 -35 -35 35 -35
293 A 145 0 -72 -72 72 -72
293 S 1 1 6 0
293 S -1 1 6 0
293 S 1 1 7 0
293 S 2 2 7 0
293 S 3 3 7 0
293 S -1 1 7 0
293 S -2 2 7 0
293 S -3 3 7 0
293 S -2 1 9 0
293 S -4 2 9 0
293 S 1 4 9 0
293 S 2 1 9 0
293 S 4 2 9 0
293 S -1 4 9 0
293 S 2 1 11 0
293 S 4 2 11 0
293 S -5 3 11 0
293 S -3 4 11 0
293 S -1 5 11 0
293 S -2 1 11 0
293 S -4 2 11 0
293 S 5 3 11 0
293 S 3 4 11 0
293 S 1 5 11 0
293 S 1 1 14 0
293 S 3 3 14 0
293 S 5 5 14 0
293 S -1 1 14 0
293 S -3 3 14 0
293 S -5 5 14 0
293 S 8 1 17 0
293 S -1 2 17 0
293 S 7 3 17 0
293 S -2 4 17 0
293 S 6 5 17 0
293 S -3 6 17 0
293 S 5 7 17 0
293 S -4 8 17 0
293 S -8 1 17 0
293 S 1 2 17 0
293 S -7 3 17 0
293 S 2 4 17 0
293 S -6 5 17 0
293 S 3 6 17 0
293 S -5 7 17 0
293 S 4 8 17 0
293 S 7 1 18 0
293 S -1 5 18 0
293 S -5 7 18 0
293 S -7 1 18 0
293 S 1 5 18 0
293 S 5 7 18 0
293 T 321 1581 371 -1 0
293 T 369 1630 319 0 0
293 T 373 430 367 0 0
293 T 1630 432 1581 0 0
293 T 577 241 1851 0 0
293 T 1853 247 1758 0 0
293 T 1760 243 575 0 0
293 T 243 249 241 0 0
293 T 793 125 787 0 0
293 T 798 802 795 0 0
293 T 797 2 882 0 0
293 T 884 1256 800 0 0
293 T 1256 3 802 0 0
293 T 800 1194 883 0 0
293 T 796 809 798 0 0
293 T 809 3 1194 0 0
293 T 141 128 132 0 0
293 T 130 2014 2134 0 0
293 T 2136 2367 139 0 0
293 T 2367 2016 128 0 0
293 T 136 2289 2198 0 0
293 T 132 127 134 0 0
293 T 2200 2014 130 0 0
293 T 127 2016 2289 0 0
293 T 749 839 751 0 0
293 T 753 140 1182 0 0
293 T 1245 134 747 0 0
293 T 1184 584 1243 0 0
293 T 621 760 611 0 0
293 T 613 754 615 0 0
293 T 1945 165 2339 0 0
293 T 2112 172 1943 0 0
293 T 2341 159 2110 0 0
293 T 172 161 165 0 0
293 T 1940 172 2174 0 0
293 T 2176 160 2259 0 0
293 T 2261 166 1938 0 0
293 T 166 158 172 0 0
293 T 579 1487 1430 0 0
293 T 1432 455 263 0 0
293 T 455 451 477 -1 0
293 T 261 453 1487 0 0
293 T 209 1738 2110 0 0
293 T 2341 799 207 0 0
293 T 799 159 1738 0 0
293 T 208 799 2259 0 0
293 T 2176 1692 206 0 0
293 T 1692 160 799 0 0
293 T 1047 1374 2 0 0
293 T 1066 1045 1049 0 0
293 T 1374 1043 27 0 0
293 T 2 1312 1124 0 0
293 T 1122 1118 1144 0 0
293 T 25 1120 1312 0 0
293 T 661 874 1458 0 0
293 T 653 717 659 0 0
293 T 1460 126 651 0 0
293 T 717 128 874 0 0
293 T 656 714 646 0 0
293 T 648 129 1403 0 0
293 T 1405 877 654 0 0
293 T 169 1335 815 0 0
293 T 817 824 807 0 0
293 T 809 1258 167 0 0
293 T 1258 822 1335 0 0
293 T 164 1200 802 0 0
293 T 812 1401 162 0 0
293 T 804 819 810 0 0
293 T 1401 821 1200 0 0
293 T 529 473 2187 0 0
293 T 2189 2124 181 -1 0
293 T 2124 467 523 0 0
293 T 477 469 473 0 0
293 T 713 743 703 0 0
293 T 705 152 1422 0 0
293 T 1424 1111 711 0 0
293 T 1111 150 743 0 0
293 T 708 1036 1478 0 0
293 T 700 740 706 0 0
293 T 1480 147 698 0 0
293 T 740 149 1036 0 0
293 T 884 586 159 0 0
293 T 586 1256 1693 0 0
293 T 1739 1194 589 0 0
293 T 735 1379 1314 0 0
293 T 1316 470 275 0 0
293 T 273 468 1379 0 0
293 T 185 1316 711 -1 0
293 T 709 1379 183 0 0
293 T 713 737 707 0 0
293 T 453 1928 607 0 0
293 T 609 1835 455 -1 0
293 T 477 1837 1928 0 0
293 T 277 260 268 0 0
293 T 269 262 271 0 0
293 T 653 873 1598 0 0
293 T 1600 4 659 0 0
293 T 4 871 715 0 0
293 T 656 4 1547 0 0
293 T 1549 870 646 0 0
293 T 629 686 619 0 0
293 T 617 692 623 0 0
293 T 695 687 691 0 0
293 T 693 1633 199 0 0
293 T 197 1578 687 0 0
293 T 1360 1374 1354 0 0
293 T 1356 3 1418 0 0
293 T 1420 1049 1358 0 0
293 T 1293 1312 1295 0 0
293 T 1297 1122 1474 0 0
293 T 1476 3 1291 0 0
293 T 0 2226 2307 0 0
293 T 2309 154 2226 0 0
293 T 154 156 154 -1 0
293 T 357 439 347 0 0
293 T 345 438 351 0 0
293 T 257 307 263 0 0
293 T 1432 1915 255 0 0
293 T 307 1917 457 0 0
293 T 260 312 254 0 0
293 T 256 1825 1486 0 0
293 T 450 1823 312 0 0
293 T 785 815 791 0 0
293 T 789 813 779 0 0
293 T 1725 835 139 0 0
293 T 2136 499 1723 0 0
293 T 835 501 2369 0 0
293 T 136 832 1675 0 0
293 T 1677 496 2198 0 0
293 T 2287 494 832 0 0
293 T 457 460 447 0 0
293 T 449 1208 1915 0 0
293 T 307 1206 460 0 0
293 T 444 463 450 0 0
293 T 1825 1266 442 0 0
293 T 463 1268 312 0 0
293 T 661 259 1602 0 0
293 T 1604 313 2406 0 0
293 T 2408 257 659 0 0
293 T 656 254 2434 0 0
293 T 1553 264 654 0 0
293 T 2436 306 1551 0 0
293 T 373 685 1654 0 0
293 T 1705 679 367 0 0
293 T 1656 181 1703 0 0
293 T 15 1042 1374 0 0
293 T 17 1310 1119 0 0
293 T 1725 1676 585 -1 0
293 T 838 833 837 0 0
293 T 669 1456 1602 0 0
293 T 661 719 667 0 0
293 T 719 259 1456 0 0
293 T 664 724 654 0 0
293 T 1553 1510 662 0 0
293 T 1510 264 724 0 0
293 T 253 248 252 0 0
293 T 250 1614 319 0 0
293 T 321 1565 251 0 0
293 T 1565 1616 248 -1 0
293 T 509 175 850 0 0
293 T 852 1952 946 0 0
293 T 948 1775 507 0 0
293 T 1775 1950 175 0 0
293 T 508 1869 891 0 0
293 T 893 1947 851 0 0
293 T 176 1949 1869 0 0
293 T 217 1915 1951 0 0
293 T 1953 257 2443 0 0
293 T 2445 1430 215 0 0
293 T 212 1488 2415 0 0
293 T 1948 1825 210 0 0
293 T 2417 254 1946 0 0
293 T 193 491 862 0 0
293 T 1945 2205 191 0 0
293 T 864 1199 1943 0 0
293 T 2205 1201 491 0 0
293 T 192 2139 1938 0 0
293 T 1940 1261 863 0 0
293 T 492 1259 2139 0 0
293 T 557 173 1078 0 0
293 T 948 2111 555 0 0
293 T 1080 1944 946 0 0
293 T 552 2177 891 0 0
293 T 893 1939 1003 0 0
293 T 1005 173 550 0 0
293 T 373 396 363 0 0
293 T 365 2419 1610 0 0
293 T 1612 780 371 0 0
293 T 780 2421 396 0 0
293 T 368 783 1559 0 0
293 T 360 391 366 0 0
293 T 1561 2449 358 0 0
293 T 391 2447 783 0 0
293 T 365 2006 1766 0 0
293 T 1768 164 1610 0 0
293 T 2421 162 2006 0 0
293 T 1561 167 1858 0 0
293 T 1860 2005 358 0 0
293 T 2005 169 2447 0 0
293 T 217 447 1098 0 0
293 T 1100 1208 1951 0 0
293 T 1948 1266 1023 0 0
293 T 1025 444 210 0 0
293 T 129 1828 2455 0 0
293 T 2457 2032 132 0 0
293 T 2032 1826 134 0 0
293 T 132 2035 2427 0 0
293 T 2429 1918 126 0 0
293 T 141 1920 2035 0 0
293 T 237 496 2254 0 0
293 T 229 282 235 0 0
293 T 2256 1382 227 0 0
293 T 282 1384 496 0 0
293 T 232 281 226 0 0
293 T 228 1320 2334 0 0
293 T 2336 499 230 0 0
293 T 499 1318 281 0 0
293 T 557 1506 1214 0 0
293 T 1216 2093 1078 0 0
293 T 171 2091 1506 0 0
293 T 1005 2094 1155 0 0
293 T 1157 1452 550 0 0
293 T 1452 2096 171 0 0
293 T 573 205 1602 0 0
293 T 669 2384 571 0 0
293 T 2384 1456 205 0 0
293 T 568 2302 662 0 0
293 T 1553 205 566 0 0
293 T 205 1510 2302 0 0
293 T 1352 1394 1346 0 0
293 T 1348 202 1770 0 0
293 T 1772 993 1350 0 0
293 T 993 204 1394 0 0
293 T 1285 1332 1287 0 0
293 T 1289 934 1862 0 0
293 T 1864 202 1283 0 0
293 T 202 936 1332 0 0
293 T 2408 492 1458 0 0
293 T 876 490 255 0 0
293 T 1405 491 2434 0 0
293 T 1612 677 1654 0 0
293 T 683 675 778 0 0
293 T 1704 670 1559 0 0
293 T 785 672 680 0 0
293 T 305 1640 1544 0 0
293 T 297 312 303 0 0
293 T 1542 2507 295 0 0
293 T 312 2509 1640 0 0
293 T 300 307 290 0 0
293 T 292 2569 1542 0 0
293 T 1544 1586 298 0 0
293 T 1586 2567 307 0 0
293 T 817 1596 1194 0 0
293 T 822 3 1596 0 0
293 T 1256 1646 810 0 0
293 T 1646 3 821 0 0
293 T 153 2566 2395 0 0
293 T 2397 308 1883 0 0
293 T 1885 1589 151 0 0
293 T 148 1639 1791 0 0
293 T 2392 2508 146 0 0
293 T 1793 311 2390 0 0
293 T 864 796 207 0 0
293 T 2341 803 862 0 0
293 T 865 808 2259 0 0
293 T 725 2497 268 0 0
293 T 2497 1513 270 0 0
293 T 268 2555 718 0 0
293 T 277 1455 2555 0 0
293 T 266 911 731 0 0
293 T 733 729 737 1 0
293 T 580 967 911 0 0
293 T 729 969 267 0 0
293 T 301 1585 543 0 0
293 T 545 1059 1442 0 0
293 T 1444 2087 299 0 0
293 T 2087 1061 1585 0 0
293 T 304 2084 1498 0 0
293 T 543 1635 302 0 0
293 T 1500 1137 545 0 0
293 T 1635 1135 2084 0 0
293 T 297 2405 2294 0 0
293 T 287 291 295 0 0
293 T 2296 2377 289 1 0
293 T 291 2375 2405 0 0
293 T 565 133 1338 0 0
293 T 1340 2015 1458 0 0
293 T 1460 2137 563 0 0
293 T 560 2199 1403 0 0
293 T 1277 133 558 0 0
293 T 1405 2015 1275 0 0
293 T 517 2556 563 0 0
293 T 565 274 1342 0 0
293 T 1344 1454 515 0 0
293 T 512 1512 1279 0 0
293 T 560 2494 510 0 0
293 T 1281 273 558 0 0
293 T 365 2487 1346 0 0
293 T 357 388 363 0 0
293 T 1348 597 355 0 0
293 T 388 595 2487 0 0
293 T 360 383 350 0 0
293 T 352 598 1283 0 0
293 T 1285 2549 358 0 0
293 T 2549 600 383 0 0
293 T 485 2571 515 0 0
293 T 517 465 1218 0 0
293 T 1220 1448 483 0 0
293 T 1448 463 2571 0 0
293 T 480 1502 1159 0 0
293 T 512 2513 478 0 0
293 T 1161 458 510 0 0
293 T 2513 460 1502 0 0
293 T 429 2572 767 0 0
293 T 421 462 427 0 0
293 T 769 1447 419 0 0
293 T 424 461 414 0 0
293 T 416 1505 762 0 0
293 T 764 2510 422 0 0
293 T 1608 1644 1610 0 0
293 T 1768 942 1606 0 0
293 T 1608 164 1762 0 0
293 T 1764 927 1610 0 0
293 T 1625 1638 1619 0 0
293 T 1621 1792 906 0 0
293 T 149 1819 1619 0 0
293 T 927 1638 1819 0 0
293 T 1557 1592 1559 0 0
293 T 1561 984 1854 0 0
293 T 1856 167 1555 0 0
293 T 1557 1001 1858 0 0
293 T 965 1882 1567 0 0
293 T 1569 1588 1571 0 0
293 T 1569 1913 150 0 0
293 T 1913 1588 984 0 0
293 T 2228 405 1935 0 0
293 T 1933 404 2307 0 0
293 T 405 402 399 1 0
293 T 653 316 2466 0 0
293 T 2468 322 1598 0 0
293 T 871 324 316 0 0
293 T 1549 325 2526 0 0
293 T 2528 315 646 0 0
293 T 1340 2286 651 0 0
293 T 648 2368 1275 0 0
293 T 637 680 627 0 0
293 T 625 682 631 0 0
293 T 201 970 1354 0 0
293 T 1360 2362 199 0 0
293 T 2362 1374 970 0 0
293 T 196 2284 1295 0 0
293 T 1293 917 194 0 0
293 T 917 1312 2284 0 0
293 T 545 2206 2055 0 0
293 T 2057 233 2333 0 0
293 T 2331 1014 543 0 0
293 T 2144 2060 543 0 0
293 T 1583 2058 30 0 0
293 T 2058 2253 236 0 0
293 T 2253 545 1091 0 0
293 T 29 2057 1637 0 0
293 T 1521 376 1598 0 0
293 T 2468 330 1519 0 0
293 T 330 322 376 0 0
293 T 1516 329 2526 0 0
293 T 1549 379 1514 0 0
293 T 379 325 329 0 0
293 T 365 2394 1770 0 0
293 T 2489 202 2394 0 0
293 T 1864 2393 358 0 0
293 T 2393 202 2547 0 0
293 T 549 2444 946 0 0
293 T 852 256 547 0 0
293 T 893 2414 546 0 0
293 T 645 831 651 0 0
293 T 1340 495 643 0 0
293 T 648 836 638 0 0
293 T 640 500 1275 0 0
293 T 1116 1400 2007 0 0
293 T 2420 811 1114 0 0
293 T 2004 1334 1039 0 0
293 T 1041 816 2446 0 0
293 T 397 787 1114 0 0
293 T 1041 792 390 0 0
293 T 341 469 331 0 0
293 T 333 2577 483 0 0
293 T 485 1074 339 0 0
293 T 1074 2575 469 0 0
293 T 336 1152 478 0 0
293 T 328 470 334 0 0
293 T 480 2515 326 0 0
293 T 470 2517 1152 0 0
293 T 971 1797 1045 0 0
293 T 2363 15 1797 0 0
293 T 1118 1887 916 0 0
293 T 1887 17 2285 0 0
293 T 297 465 2290 0 0
293 T 2292 1268 303 0 0
293 T 300 1206 2370 0 0
293 T 2372 458 290 0 0
293 T 421 408 412 0 0
293 T 410 754 1322 0 0
293 T 1324 2636 419 0 0
293 T 2636 756 408 0 0
293 T 416 2614 1386 0 0
293 T 412 407 414 0 0
293 T 1388 761 410 0 0
293 T 407 759 2614 0 0
293 T 201 2356 1422 0 0
293 T 705 2500 199 0 0
293 T 2500 152 2356 0 0
293 T 196 2558 698 0 0
293 T 1480 2274 194 0 0
293 T 2274 147 2558 0 0
293 T 1060 1013 1017 0 0
293 T 2330 1011 1443 0 0
293 T 1090 1086 1134 0 0
293 T 1501 1088 2252 0 0
293 T 826 480 1009 0 0
293 T 996 2513 828 0 0
293 T 1007 510 994 0 0
293 T 826 1084 485 0 0
293 T 2573 941 828 0 0
293 T 1084 939 515 0 0
293 T 429 940 775 0 0
293 T 777 827 767 0 0
293 T 772 995 422 0 0
293 T 764 827 770 0 0
293 T 725 845 731 0 0
293 T 913 843 2495 0 0
293 T 728 845 718 0 0
293 T 2557 843 966 0 0
293 T 421 2293 974 0 0
293 T 976 294 427 0 0
293 T 424 293 919 0 0
293 T 921 2371 414 0 0
293 T 517 842 1214 0 0
293 T 1216 969 563 0 0
293 T 560 910 1155 0 0
293 T 1157 842 510 0 0
293 T 193 1372 2343 0 0
293 T 1780 1436 191 0 0
293 T 2345 1043 1778 0 0
293 T 1436 1045 1372 0 0
293 T 192 1490 1870 0 0
293 T 1872 1120 2263 0 0
293 T 2265 1306 190 0 0
293 T 1306 1118 1490 0 0
293 T 3 2218 2067 0 0
293 T 2069 665 2313 0 0
293 T 2311 1750 2 0 0
293 T 2156 2064 2 0 0
293 T 2064 51 1646 0 0
293 T 2062 2233 668 0 0
293 T 2233 3 1843 0 0
293 T 1596 48 2067 0 0
293 T 155 2543 2482 0 0
293 T 2484 297 535 0 0
293 T 533 291 2543 0 0
293 T 1043 2358 7 0 0
293 T 2358 1047 34 0 0
293 T 7 2280 1120 -1 0
293 T 33 1124 2280 0 0
293 T 217 705 2531 0 0
293 T 1096 743 215 0 0
293 T 2533 711 1094 0 0
293 T 212 740 1019 0 0
293 T 1021 708 2471 0 0
293 T 2473 698 210 0 0
293 T 1533 1801 1358 -1 0
293 T 1420 990 1531 0 0
293 T 990 1049 1801 0 0
293 T 1532 937 1474 0 0
293 T 1297 1891 1530 0 0
293 T 1891 1122 937 0 0
293 T 1538 915 1491 0 0
293 T 1307 1886 1540 0 0
293 T 1540 1796 1373 0 0
293 T 1437 972 1538 0 0
293 T 193 1322 1875 0 0
293 T 1877 1925 1871 0 0
293 T 1493 1923 1322 0 0
293 T 1781 1831 1783 0 0
293 T 1785 1388 190 0 0
293 T 1388 1833 1435 0 0
293 T 2589 2517 235 0 0
293 T 2108 472 2587 0 0
293 T 2582 2170 467 0 0
293 T 1378 1021 2584 0 0
293 T 1317 2588 1097 0 0
293 T 232 2575 2582 0 0
293 T 2357 975 535 0 0
293 T 2484 428 2355 0 0
293 T 532 920 2275 0 0
293 T 2277 423 2542 0 0
293 T 2292 1921 1499 0 0
293 T 2083 1919 1266 0 0
293 T 1445 1827 2370 0 0
293 T 1208 1829 2088 0 0
293 T 201 1186 1967 0 0
293 T 1977 1629 199 0 0
293 T 1969 2050 1975 0 0
293 T 1629 2052 1186 0 0
293 T 195 1963 1247 0 0
293 T 1249 2046 1574 0 0
293 T 1576 1973 197 0 0
293 T 1973 2048 1963 0 0
293 T 1564 1972 220 0 0
293 T 1972 1976 1978 1 0
293 T 221 1974 1615 0 0
293 T 621 2617 846 0 0
293 T 848 408 611 0 0
293 T 849 2635 614 0 0
293 T 2533 183 2587 0 0
293 T 2584 184 2471 0 0
293 T 1216 2021 1338 0 0
293 T 131 2019 967 0 0
293 T 1277 2022 1155 0 0
293 T 912 2024 131 0 0
293 T 573 1265 2406 0 0
293 T 203 313 1265 0 0
293 T 2436 1203 566 0 0
293 T 1203 306 203 0 0
293 T 521 1607 567 0 0
293 T 569 165 2315 0 0
293 T 2317 1765 519 0 0
293 T 570 2235 168 0 0
293 T 1554 519 572 0 0
293 T 2235 521 1857 0 0
293 T 185 2076 1363 0 0
293 T 1365 2080 1298 0 0
293 T 1300 2070 183 0 0
293 T 2070 2078 2076 0 0
293 T 705 701 697 -1 0
293 T 431 2559 2498 0 0
293 T 141 1269 2043 0 0
293 T 2045 2084 2035 0 0
293 T 2040 1207 134 0 0
293 T 2032 2087 2038 0 0
293 T 237 1993 950 0 0
293 T 952 1999 2250 0 0
293 T 2059 2001 1993 0 0
293 T 897 1986 230 0 0
293 T 2332 1996 895 0 0
293 T 1986 1994 2056 0 0
293 T 1840 1906 1842 0 0
293 T 2232 1689 1838 0 0
293 T 1906 1687 3 0 0
293 T 1749 1735 2310 0 0
293 T 1753 1816 1747 0 0
293 T 1816 2 1735 0 0
293 T 0 2707 2650 0 0
293 T 2652 429 635 0 0
293 T 633 423 2707 0 0
293 T 429 425 433 1 0
293 T 357 2693 1462 0 0
293 T 1464 2000 363 0 0
293 T 2000 2691 386 0 0
293 T 360 1995 1407 0 0
293 T 1409 2747 350 0 0
293 T 385 2749 1995 0 0
293 T 2457 2428 581 -1 0
293 T 2028 2034 2030 0 0
293 T 1464 2050 1766 0 0
293 T 2008 2052 1998 0 0
293 T 1860 2049 1407 0 0
293 T 1997 2047 2003 0 0
293 T 1937 1367 1838 0 0
293 T 1748 1304 1931 0 0
293 T 1040 2632 1371 0 0
293 T 1373 1382 1367 0 0
293 T 1369 538 1038 0 0
293 T 538 1384 2632 0 0
293 T 1117 541 1303 0 0
293 T 1305 1320 1307 0 0
293 T 1309 2610 1115 0 0
293 T 2610 1318 541 0 0
293 T 1933 2013 1935 0 0
293 T 155 147 151 0 0
293 T 389 442 379 0 0
293 T 377 448 383 0 0
293 T 645 777 635 0 0
293 T 2652 940 643 0 0
293 T 640 995 2706 0 0
293 T 632 770 638 0 0
293 T 513 2704 1002 0 0
293 T 1004 1073 1006 0 0
293 T 995 1071 2704 0 0
293 T 1081 2758 514 0 0
293 T 1085 1147 1079 0 0
293 T 2758 1149 940 0 0
293 T 557 1033 627 0 0
293 T 637 2743 555 0 0
293 T 2743 680 1033 0 0
293 T 552 2689 630 0 0
293 T 624 1106 550 0 0
293 T 1106 683 2689 0 0
293 T 577 134 1754 0 0
293 T 2169 1243 575 0 0
293 T 574 1847 139 0 0
293 T 1183 2105 576 0 0
293 T 2020 2024 2026 1 0
293 T 975 2646 1499 0 0
293 T 420 1921 2646 0 0
293 T 1445 2645 920 0 0
293 T 2645 1827 415 0 0
293 T 485 2223 2410 0 0
293 T 2412 12 339 0 0
293 T 336 12 2438 0 0
293 T 2440 2161 478 0 0
293 T 2037 606 1810 -1 0
293 T 1812 1905 2029 1 0
293 T 2031 1903 606 0 0
293 T 349 434 339 0 0
293 T 2412 889 347 0 0
293 T 889 12 434 0 0
293 T 344 886 2438 0 0
293 T 336 437 342 0 0
293 T 202 2684 1800 0 0
293 T 1394 1048 2684 0 0
293 T 1890 2738 202 0 0
293 T 2738 1123 1332 0 0
293 T 844 2093 2761 0 0
293 T 2703 2094 844 0 0
293 T 1228 752 243 0 0
293 T 241 746 1166 0 0
293 T 397 2791 1302 0 0
293 T 789 540 2791 0 0
293 T 1368 2777 390 0 0
293 T 2777 539 790 0 0
293 T 837 2378 2403 0 0
293 T 2405 2301 831 0 0
293 T 2301 2380 838 -1 0
293 T 397 393 401 1 0
293 T 2793 120 2774 0 0
293 T 1111 526 1895 0 0
293 T 2148 528 152 0 0
293 T 1569 819 526 0 0
293 T 1805 525 1036 0 0
293 T 147 523 2210 0 0
293 T 525 824 1619 0 0
293 T 349 209 2242 0 0
293 T 2244 858 339 0 0
293 T 436 860 209 0 0
293 T 336 861 2322 0 0
293 T 2324 206 342 0 0
293 T 938 2399 996 0 0
293 T 2334 859 2610 0 0
293 T 541 861 228 0 0
293 T 2632 860 2256 0 0
293 T 218 1982 2723 0 0
293 T 2725 2668 249 -1 0
293 T 1980 1985 1982 0 0
293 T 2668 1983 219 0 0
293 T 1993 933 387 0 0
293 T 933 2061 2692 0 0
293 T 384 986 1986 0 0
293 T 2746 2054 986 0 0
293 T 725 2092 1426 0 0
293 T 1428 2758 731 0 0
293 T 728 2704 1482 0 0
293 T 1484 2095 718 0 0
293 T 1423 1359 2351 0 0
293 T 2353 2363 2355 0 0
293 T 2273 1296 1481 0 0
293 T 2277 2285 2271 0 0
293 T 2321 1701 519 0 0
293 T 2317 2375 2319 0 0
293 T 1701 2377 1763 0 0
293 T 519 1650 2239 0 0
293 T 2241 2297 2235 0 0
293 T 1857 2295 1650 0 0
293 T 2488 1205 1883 0 0
293 T 1793 1263 2546 0 0
293 T 1961 2039 1951 0 0
293 T 1100 137 1959 0 0
293 T 1956 138 1023 0 0
293 T 1948 2044 1954 0 0
293 T 337 2613 2327 0 0
293 T 2329 2337 2323 0 0
293 T 339 2246 2632 0 0
293 T 2244 2254 2246 0 0
293 T 285 281 289 1 0
293 T 1393 2075 283 0 0
293 T 281 2073 1326 0 0
293 T 193 411 2179 0 0
293 T 868 409 191 0 0
293 T 2181 418 866 0 0
293 T 869 417 2115 0 0
293 T 2117 411 190 0 0
293 T 1420 1070 2670 0 0
293 T 2672 2378 1531 0 0
293 T 2378 1072 992 0 0
293 T 1532 2300 2726 0 0
293 T 2728 1148 1474 0 0
293 T 935 1146 2300 0 0
293 T 1538 2665 2328 0 0
293 T 2326 1011 970 0 0
293 T 1437 1013 2665 0 0
293 T 917 1088 2248 0 0
293 T 2246 2719 1538 0 0
293 T 2719 1086 1491 0 0
293 T 1745 56 2067 0 0
293 T 2065 58 1694 0 0
293 T 18 322 854 0 0
293 T 856 374 2658 0 0
293 T 2660 332 19 0 0
293 T 19 327 2714 0 0
293 T 2716 381 855 0 0
293 T 1482 2826 1073 0 0
293 T 2826 726 995 0 0
293 T 1147 2833 1428 0 0
293 T 940 733 2833 0 0
293 T 1848 145 1754 0 0
293 T 136 143 138 0 0
293 T 1568 1199 3003 0 0
293 T 3005 1398 527 0 0
293 T 524 1336 2935 0 0
293 T 2937 1261 1618 0 0
293 T 485 773 2971 0 0
293 T 2973 763 1082 0 0
293 T 1009 768 2903 0 0
293 T 2905 774 478 0 0
293 T 637 2595 1214 0 0
293 T 1508 2597 2745 0 0
293 T 1157 2592 630 0 0
293 T 2687 2590 1450 0 0
293 T 1506 1284 2912 0 0
293 T 1743 599 1508 0 0
293 T 2910 351 1745 0 0
293 T 1450 596 1697 0 0
293 T 1695 356 2980 0 0
293 T 2978 1347 1452 0 0
293 T 1112 2837 2351 0 0
293 T 710 1359 2837 0 0
293 T 2273 2837 1035 0 0
293 T 2837 1296 709 0 0
293 T 1464 2870 1606 0 0
293 T 2052 942 2870 0 0
293 T 1557 2869 1407 0 0
293 T 2869 1001 2047 0 0
293 T 1629 942 1810 0 0
293 T 1812 2872 1186 0 0
293 T 1248 2867 1902 0 0
293 T 1904 1001 1575 0 0
293 T 2349 6 1778 0 0
293 T 2345 2358 2347 0 0
293 T 1872 6 2267 -1 0
293 T 2269 2280 2263 0 0
293 T 1961 503 1102 0 0
293 T 1104 3018 1951 0 0
293 T 2041 3020 503 0 0
293 T 1948 2952 1027 0 0
293 T 1029 503 1954 0 0
293 T 503 2950 2042 0 0
293 T 2855 1574 1627 0 0
293 T 2012 2010 2012 1 0
293 T 1015 2794 1093 0 0
293 T 2627 585 2608 0 0
293 T 438 1695 2887 0 0
293 T 2885 1744 439 0 0
293 T 1104 2816 1774 0 0
293 T 174 2814 3020 0 0
293 T 1868 2819 1027 0 0
293 T 2950 2821 177 0 0
293 T 365 150 1466 0 0
293 T 1468 2567 1770 0 0
293 T 1413 149 358 0 0
293 T 1864 2509 1411 0 0
293 T 569 2789 2167 0 0
293 T 2305 1804 2789 0 0
293 T 570 2103 2773 0 0
293 T 2771 1894 2383 0 0
293 T 1112 1296 2600 0 0
293 T 2598 707 2351 0 0
293 T 2273 712 2620 0 0
293 T 2618 1359 1035 0 0
293 T 1080 2204 2654 0 0
293 T 2656 192 946 0 0
293 T 893 191 2710 0 0
293 T 2712 2138 1003 0 0
293 T 1814 1305 2784 0 0
293 T 2782 1932 1753 0 0
293 T 1842 1935 2768 0 0
293 T 2766 1367 1908 0 0
293 T 1352 2828 1658 0 0
293 T 1660 726 2983 0 0
293 T 2985 997 1350 0 0
293 T 1289 938 2915 0 0
293 T 1708 2831 1287 0 0
293 T 2917 733 1706 0 0
293 T 1706 2806 2272 0 0
293 T 2270 1472 2920 0 0
293 T 2918 252 1708 0 0
293 T 252 1470 2806 0 0
293 T 1658 252 2988 0 0
293 T 2350 2813 1660 0 0
293 T 2986 1415 2352 0 0
293 T 2813 1417 252 0 0
293 T 975 2365 3013 0 0
293 T 2679 1795 977 0 0
293 T 3011 15 2681 0 0
293 T 918 1889 2737 0 0
293 T 2735 17 2945 0 0
293 T 2943 2283 920 0 0
293 T 2353 3011 535 0 0
293 T 532 2945 2271 0 0
293 T 218 1962 2922 0 0
293 T 1472 1173 220 0 0
293 T 2924 533 1470 0 0
293 T 1173 531 1962 0 0
293 T 220 1230 1415 0 0
293 T 1417 534 2990 0 0
293 T 2992 1969 218 0 0
293 T 1969 536 1230 0 0
293 T 1700 1352 1758 0 0
293 T 1652 2398 1698 0 0
293 T 1853 1286 1650 0 0
293 T 373 1055 1466 0 0
293 T 394 150 1055 0 0
293 T 1413 1132 366 0 0
293 T 1132 149 393 0 0
293 T 1111 3070 1891 0 0
293 T 1893 1927 1895 0 0
293 T 528 1929 3070 0 0
293 T 1801 3056 1036 0 0
293 T 1805 1837 1799 0 0
293 T 3056 1835 523 0 0
293 T 1564 2049 2922 0 0
293 T 2992 2050 1614 0 0
293 T 2621 179 2598 0 0
293 T 22 174 866 0 0
293 T 1789 418 174 0 0
293 T 2185 1447 175 0 0
293 T 174 1878 416 0 0
293 T 1503 2121 176 0 0
293 T 3049 1484 1658 0 0
293 T 1352 1071 3047 0 0
293 T 3044 1149 1287 0 0
293 T 1708 1426 3042 0 0
293 T 3070 180 3057 0 0
293 T 2672 840 2727 0 0
293 T 1071 2844 2141 0 0
293 T 2713 2842 1006 0 0
293 T 2203 2839 1149 0 0
293 T 2839 2657 1085 0 0
293 T 71 1046 2358 0 0
293 T 73 2278 1123 0 0
293 T 2981 2888 347 0 0
293 T 344 2883 2911 0 0
293 T 2378 3048 1773 0 0
293 T 1863 3043 2300 0 0
293 T 2432 472 2755 0 0
293 T 2757 2188 2677 0 0
293 T 2675 526 2430 0 0
293 T 2460 525 2733 0 0
293 T 2731 2122 2699 0 0
293 T 2701 467 2458 0 0
293 T 1373 2838 2766 0 0
293 T 1384 1906 2838 0 0
293 T 2843 1309 2784 0 0
293 T 1814 1320 2845 0 0
293 T 217 1900 243 0 0
293 T 1228 2152 215 0 0
293 T 1807 241 213 0 0
293 T 2217 1168 213 0 0
293 T 1564 3088 1470 0 0
293 T 3088 2049 531 0 0
293 T 1417 3114 1614 0 0
293 T 536 2050 3114 0 0
293 T 2130 585 2197 0 0
293 T 1137 2078 1058 0 0
293 T 218 2778 1226 0 0
293 T 1228 2672 2723 0 0
293 T 1984 2670 2778 0 0
293 T 1169 2764 218 0 0
293 T 2669 2726 1167 0 0
293 T 2764 2728 1984 0 0
293 T 247 2914 2983 0 0
293 T 16 2622 2422 0 0
293 T 2424 2048 2735 0 0
293 T 2945 2046 2622 0 0
293 T 2452 2604 14 0 0
293 T 2681 2051 2450 0 0
293 T 2604 2053 3011 0 0
293 T 389 3063 1883 0 0
293 T 596 1205 3063 0 0
293 T 1793 3081 382 0 0
293 T 3081 1263 599 0 0
293 T 2813 3114 319 0 0
293 T 320 3088 2806 0 0
293 T 1533 3056 2619 -1 0
293 T 2601 3070 1530 0 0
293 T 2612 3076 1540 0 0
293 T 3076 1117 1888 0 0
293 T 1540 3058 2630 0 0
293 T 1794 1038 3058 0 0
293 T 1216 3104 643 0 0
293 T 3104 2021 497 0 0
293 T 640 3130 1155 0 0
293 T 498 2022 3130 0 0
293 T 1010 3035 1830 0 0
293 T 2664 1387 3035 0 0
293 T 1924 3040 1089 0 0
293 T 3040 1325 2718 0 0
293 T 2663 334 3074 0 0
293 T 3060 341 2721 0 0
293 T 3005 1833 2674 0 0
293 T 2431 1831 1400 0 0
293 T 2732 1923 2935 0 0
293 T 1334 1925 2461 0 0
293 T 952 3195 1086 0 0
293 T 2001 1499 3195 0 0
293 T 1013 3192 895 0 0
293 T 3192 1445 1994 0 0
293 T 557 3108 619 0 0
293 T 1031 686 3108 0 0
293 T 616 3134 550 0 0
293 T 3134 693 1108 0 0
293 T 2098 1935 3009 0 0
293 T 3007 2766 763 0 0
293 T 768 2784 2941 0 0
293 T 2939 1932 2164 0 0
293 T 341 2460 3147 0 0
293 T 3149 2699 331 0 0
293 T 328 2757 3142 0 0
293 T 3144 2430 334 0 0
293 T 1468 1544 3067 0 0
293 T 3069 290 1770 0 0
293 T 1864 297 3051 0 0
293 T 3053 1544 1411 0 0
293 T 549 126 846 0 0
293 T 621 3016 547 0 0
293 T 3016 2617 126 0 0
293 T 548 2946 614 0 0
293 T 129 2635 2946 0 0
293 T 1705 3167 1855 0 0
293 T 983 3169 673 0 0
293 T 3173 927 675 0 0
293 T 1654 1762 3171 0 0
293 T 2121 1588 3166 0 0
293 T 3173 1638 2183 0 0
293 T 2988 734 2919 0 0
293 T 775 2595 3102 0 0
293 T 3132 2592 772 0 0
293 T 1600 2550 667 0 0
293 T 2550 4 721 0 0
293 T 664 2492 1547 0 0
293 T 722 4 2492 0 0
293 T 1684 3136 1631 0 0
293 T 1581 3106 1730 0 0
293 T 947 2966 2343 0 0
293 T 1370 2968 2657 0 0
293 T 2265 2900 892 0 0
293 T 2711 2898 1308 0 0
293 T 1038 3203 2460 0 0
293 T 2005 1924 3203 0 0
293 T 2430 3208 1117 0 0
293 T 3208 1830 2006 0 0
293 T 2169 2801 1851 0 0
293 T 239 2799 1245 0 0
293 T 245 1184 2803 0 0
293 T 2805 2104 1760 0 0
293 T 952 2422 3039 0 0
293 T 2422 3195 1925 0 0
293 T 3036 2452 895 0 0
293 T 1831 3192 2452 0 0
293 T 142 144 142 -1 0
293 T 1721 1429 5 0 0
293 T 2492 2093 1719 0 0
293 T 5 1483 1671 0 0
293 T 1673 2094 2550 0 0
293 T 0 2523 2462 0 0
293 T 2464 135 1519 0 0
293 T 1517 141 2523 0 0
293 T 1416 181 1470 0 0
293 T 161 2091 2694 0 0
293 T 2696 1508 167 0 0
293 T 164 1450 2750 0 0
293 T 2752 2096 158 0 0
293 T 1224 3237 1086 0 0
293 T 2248 2846 1222 0 0
293 T 3237 2848 917 0 0
293 T 1013 3238 1163 0 0
293 T 1165 2853 2326 0 0
293 T 970 2851 3238 0 0
293 T 217 1496 954 0 0
293 T 956 3181 2531 0 0
293 T 703 3179 1496 0 0
293 T 901 1438 210 0 0
293 T 2473 3174 899 0 0
293 T 1438 3176 700 0 0
293 T 1706 318 2623 -1 0
293 T 2625 3088 2272 0 0
293 T 2350 3114 2603 0 0
293 T 2605 321 1660 1 0
293 T 1084 2768 2967 0 0
293 T 2901 2782 1007 0 0
293 T 509 1715 2658 0 0
293 T 856 8 507 0 0
293 T 8 374 1715 0 0
293 T 2716 1669 506 0 0
293 T 1669 381 8 0 0
293 T 1743 1393 2696 0 0
293 T 167 1391 601 0 0
293 T 2750 1327 1697 0 0
293 T 594 1329 164 0 0
293 T 1224 2897 2979 0 0
293 T 1348 3250 1222 0 0
293 T 3250 1451 2897 0 0
293 T 1165 3257 1283 0 0
293 T 2913 2897 1163 0 0
293 T 2897 1509 3257 0 0
293 T 321 3106 3163 -1 0
293 T 3165 1732 371 0 0
293 T 368 1682 3158 0 0
293 T 3160 3136 318 0 0
293 T 2679 3202 1499 0 0
293 T 2648 3204 1797 0 0
293 T 1445 3209 2737 0 0
293 T 1887 3207 2643 0 0
293 T 2009 2452 3200 0 0
293 T 3198 2679 1999 0 0
293 T 1996 2737 3198 0 0
293 T 3200 2422 2002 0 0
293 T 1192 2887 3123 0 0
293 T 3096 2885 1251 0 0
293 T 2789 3258 1798 0 0
293 T 1834 3260 2305 0 0
293 T 1892 3258 2771 0 0
293 T 1928 2385 3258 0 0
293 T 2845 3127 499 0 0
293 T 3127 1816 281 0 0
293 T 496 3101 2838 0 0
293 T 282 1906 3101 0 0
293 T 956 3291 2587 0 0
293 T 3291 3181 185 0 0
293 T 3177 3318 183 0 0
293 T 3318 900 2585 0 0
293 T 2165 121 2098 0 0
293 T 3058 2647 2460 0 0
293 T 2430 2644 3076 0 0
293 T 2422 1999 3325 0 0
293 T 3323 1499 1925 0 0
293 T 1831 1445 3297 0 0
293 T 3295 1996 2452 0 0
293 T 373 1051 3111 0 0
293 T 3113 1064 1466 0 0
293 T 1057 1062 1051 0 0
293 T 366 3083 1126 0 0
293 T 1128 1140 1130 0 0
293 T 1413 1138 3083 0 0
293 T 2412 10 2975 0 0
293 T 2977 588 347 0 0
293 T 588 11 887 0 0
293 T 344 587 2907 0 0
293 T 2909 10 2438 0 0
293 T 1224 2880 347 0 0
293 T 2880 2897 2886 0 0
293 T 344 2875 1163 0 0
293 T 2885 2897 2875 0 0
293 T 209 2878 3278 0 0
293 T 956 1191 207 0 0
293 T 3280 2596 954 0 0
293 T 1191 2594 2878 0 0
293 T 206 3306 2875 0 0
293 T 2877 2593 1253 0 0
293 T 1251 901 208 0 0
293 T 901 2591 3306 0 0
293 T 2385 3284 1800 0 0
293 T 2682 3282 1455 0 0
293 T 1890 3310 2303 0 0
293 T 1513 3312 2740 0 0
293 T 3165 10 3111 0 0
293 T 3085 10 3158 0 0
293 T 2721 2647 3147 0 0
293 T 3144 2644 2663 0 0
293 T 2730 2822 2677 0 0
293 T 2757 144 2698 0 0
293 T 537 1686 1298 0 0
293 T 1365 1737 531 0 0
293 T 518 3275 1758 0 0
293 T 2320 1352 3275 0 0
293 T 1852 3305 518 0 0
293 T 3305 1287 2238 0 0
293 T 2679 2002 3323 0 0
293 T 3297 2009 2737 0 0
293 T 1224 3280 2242 0 0
293 T 2324 3306 1163 0 0
293 T 2973 3009 2967 0 0
293 T 2903 2899 2941 0 0
293 T 1172 182 1711 -1 0
293 T 1713 2505 1963 0 0
293 T 2505 184 532 0 0
293 T 185 2565 535 -1 0
293 T 1231 1663 183 0 0
293 T 1663 1966 2565 0 0
293 T 2504 2076 1735 0 0
293 T 1689 2071 2562 0 0
293 T 2850 2337 3309 0 0
293 T 3279 2255 2849 0 0
293 T 2795 2799 2803 0 0
293 T 3313 1837 2770 0 0
293 T 1929 3285 2788 0 0
293 T 297 2301 3267 0 0
293 T 3269 833 2294 0 0
293 T 2376 834 3263 0 0
293 T 3265 2379 290 0 0
293 T 6 2733 2932 1 0
293 T 2999 2674 7 0 0
293 T 2930 2823 3001 0 0
293 T 185 2192 1234 -1 0
293 T 1236 2939 3179 0 0
293 T 3291 2941 2192 0 0
293 T 3176 3009 1175 0 0
293 T 1177 2126 182 0 0
293 T 2126 3007 3321 0 0
293 T 2597 2896 3123 0 0
293 T 3097 2896 2590 0 0
293 T 217 384 2535 0 0
293 T 2537 374 1098 0 0
293 T 1025 381 2475 0 0
293 T 2477 387 210 0 0
293 T 46 2479 1955 0 0
293 T 2479 194 504 0 0
293 T 1729 1248 504 0 0
293 T 2479 1962 1727 0 0
293 T 502 2541 201 0 0
293 T 1188 1681 504 0 0
293 T 2541 1679 1967 0 0
293 T 1960 2541 45 0 0
293 T 1688 3222 283 0 0
293 T 3222 3 3100 0 0
293 T 280 3229 1734 0 0
293 T 3126 3 3229 0 0
293 T 3313 457 3346 0 0
293 T 3348 607 2770 0 0
293 T 2788 608 3354 0 0
293 T 3356 450 3283 0 0
293 T 229 879 315 0 0
293 T 317 2521 235 0 0
293 T 2521 881 284 0 0
293 T 232 2579 314 0 0
293 T 279 878 2579 0 0
293 T 1629 63 3315 0 0
293 T 3317 20 1810 -1 0
293 T 1904 20 3287 0 0
293 T 3289 60 1575 0 0
293 T 2898 507 3376 0 0
293 T 3374 1868 2265 0 0
293 T 2343 1774 3404 0 0
293 T 3402 508 2968 0 0
293 T 1713 932 211 0 0
293 T 2476 1990 1711 0 0
293 T 988 1664 217 0 0
293 T 1664 1988 2535 0 0
293 T 2745 3254 3123 0 0
293 T 3097 3253 2687 0 0
293 T 1439 120 1496 0 0
293 T 950 315 1719 0 0
293 T 1721 2521 1991 0 0
293 T 1988 2579 1671 0 0
293 T 1673 316 897 0 0
293 T 1529 1396 2347 0 0
293 T 2345 3406 1527 0 0
293 T 3406 2358 1396 0 0
293 T 1524 3380 2263 0 0
293 T 2269 1330 1522 0 0
293 T 1330 2280 3380 0 0
293 T 1188 3342 2043 0 0
293 T 2953 3344 1679 0 0
293 T 1729 3339 3019 0 0
293 T 2040 3341 1246 0 0
293 T 2140 3352 499 0 0
293 T 3352 1072 3129 0 0
293 T 496 3358 2202 0 0
293 T 3099 1146 3358 0 0
293 T 485 3247 2975 0 0
293 T 2225 10 3247 0 0
293 T 2909 3244 478 0 0
293 T 3244 10 2159 0 0
293 T 1466 3163 3027 0 0
293 T 3029 10 1062 0 0
293 T 1140 10 2959 0 0
293 T 2961 3160 1413 0 0
293 T 79 3286 1575 0 0
293 T 81 1627 3314 0 0
293 T 1236 1176 181 1 0
293 T 3157 1640 3067 0 0
293 T 1468 303 3155 0 0
293 T 3152 300 1411 0 0
293 T 3053 1586 3150 0 0
293 T 2685 3409 70 0 0
293 T 72 3379 2739 0 0
293 T 1352 3387 1222 0 0
293 T 3387 1394 3252 0 0
293 T 3255 1332 3417 0 0
293 T 3415 1289 1165 0 0
293 T 3226 3232 3224 0 0
293 T 2721 419 3422 0 0
293 T 3424 1920 3147 0 0
293 T 3144 1826 3426 0 0
293 T 3428 416 2663 0 0
293 T 177 3345 3543 0 0
293 T 3545 1680 2819 0 0
293 T 2816 1726 3523 0 0
293 T 3525 3338 174 0 0
293 T 301 3242 2958 0 0
293 T 3028 3249 302 0 0
293 T 1529 3400 1774 0 0
293 T 2955 2816 3400 0 0
293 T 1868 3370 1522 0 0
293 T 3370 2819 3025 0 0
293 T 3485 1476 1984 0 0
293 T 2764 1148 3483 0 0
293 T 1984 1418 3478 0 0
293 T 3480 1070 2778 0 0
293 T 2853 2849 2857 1 0
293 T 3238 3232 3236 0 0
293 T 3388 3441 2321 0 0
293 T 3274 3439 1223 0 0
293 T 2239 3442 3414 0 0
293 T 1164 3444 3304 0 0
293 T 3437 2128 2967 0 0
293 T 2973 3319 3435 0 0
293 T 3431 2898 2193 0 0
293 T 3290 2904 3433 0 0
293 T 3287 2026 3316 0 0
293 T 1652 644 3392 0 0
293 T 3390 0 3365 0 0
293 T 3363 638 1698 0 0
293 T 518 3438 3514 0 0
293 T 3516 1224 1758 0 0
293 T 1852 1163 3534 0 0
293 T 3536 3445 518 0 0
293 T 3561 3399 1342 0 0
293 T 1344 3497 2238 0 0
293 T 2240 2932 3559 0 0
293 T 2932 3495 3399 0 0
293 T 3556 2998 2318 0 0
293 T 1281 3373 3554 0 0
293 T 2320 3498 1279 0 0
293 T 3373 3500 2998 0 0
293 T 573 2869 3395 0 0
293 T 3397 1409 520 0 0
293 T 520 1462 3367 0 0
293 T 3369 2870 566 0 0
293 T 837 3460 1701 0 0
293 T 3262 1765 3460 0 0
293 T 1650 3455 830 0 0
293 T 3455 1855 3268 0 0
293 T 3149 3145 3141 -1 0
293 T 3041 2636 3422 0 0
293 T 3428 2614 3034 0 0
293 T 900 3548 2335 0 0
293 T 2592 2852 3548 0 0
293 T 2849 2597 3526 0 0
293 T 3528 957 2257 0 0
293 T 1300 3234 3606 0 0
293 T 3608 3629 157 -1 0
293 T 3629 3240 1363 0 0
293 T 3485 3 3539 0 0
293 T 3541 1293 1984 0 0
293 T 1984 1354 3519 0 0
293 T 3521 3 3478 0 0
293 T 3165 3248 3155 0 0
293 T 3152 3243 3158 0 0
293 T 2037 3552 1186 0 0
293 T 608 2872 3552 0 0
293 T 1248 3530 2030 0 0
293 T 3530 2867 607 0 0
293 T 2104 3631 3395 0 0
293 T 2867 3633 2772 0 0
293 T 3369 3613 2166 0 0
293 T 2786 3611 2872 0 0
293 T 46 2994 1022 0 0
293 T 141 2996 2481 0 0
293 T 1101 2928 45 0 0
293 T 2539 2926 134 0 0
293 T 3610 3452 1465 0 0
293 T 3452 2169 521 0 0
293 T 1406 3447 3632 0 0
293 T 521 2103 3447 0 0
293 T 2741 1281 3620 0 0
293 T 3618 510 3311 0 0
293 T 3285 517 3600 0 0
293 T 3598 1342 2683 0 0
293 T 3213 232 901 0 0
293 T 3547 499 3211 0 0
293 T 495 3526 3217 0 0
293 T 3215 957 236 0 0
293 T 3445 3592 1462 0 0
293 T 1408 3586 3439 0 0
293 T 2821 2817 2825 1 0
293 T 3001 3637 2819 0 0
293 T 2817 3635 2930 0 0
293 T 3213 2575 3319 0 0
293 T 3215 3290 2514 0 0
293 T 177 1270 958 0 0
293 T 960 3581 3543 0 0
293 T 3343 3579 1270 0 0
293 T 905 1212 174 0 0
293 T 3525 3574 903 0 0
293 T 1212 3576 3340 0 0
293 T 2082 3552 3344 0 0
293 T 3339 3530 2089 0 0
293 T 2319 3571 2240 0 0
293 T 3516 3493 2102 0 0
293 T 2805 3491 1222 0 0
293 T 2168 3486 3534 0 0
293 T 1165 3488 2798 0 0
293 T 1877 2965 2266 0 0
293 T 1923 7 2965 1 0
293 T 2348 3031 1783 0 0
293 T 1833 3033 6 0 0
293 T 3069 3263 3047 0 0
293 T 3044 3269 3051 0 0
293 T 2714 2899 3657 0 0
293 T 76 3432 2716 0 0
293 T 3655 2190 77 0 0
293 T 2658 3435 75 0 0
293 T 74 2128 3677 0 0
293 T 3675 2969 2660 0 0
293 T 1717 3677 3403 0 0
293 T 3377 3655 1667 0 0
293 T 3393 3454 651 0 0
293 T 648 3461 3363 0 0
293 T 3541 3231 3518 0 0
293 T 3025 3501 3635 0 0
293 T 3636 3494 2955 1 0
293 T 1729 121 1678 0 0
293 T 3569 120 3562 0 0
293 T 621 3468 946 0 0
293 T 2442 3466 3014 0 0
293 T 893 3463 614 0 0
293 T 2948 3465 2416 0 0
293 T 3493 3512 3487 0 0
293 T 349 1197 3335 0 0
293 T 3333 1254 343 0 0
293 T 1729 1749 3597 0 0
293 T 3614 1839 1678 0 0
293 T 3595 0 3616 0 0
293 T 1052 3508 1126 0 0
293 T 2957 3506 3022 0 0
293 T 3005 3033 2999 0 0
293 T 2933 2963 2935 0 0
293 T 3106 3468 2113 0 0
293 T 3465 3134 2175 0 0
293 T 3497 3507 3499 0 0
293 T 3440 3493 3446 0 0
293 T 3453 3486 3443 0 0
293 T 3424 128 3623 0 0
293 T 3625 2427 3147 0 0
293 T 3144 2457 3603 0 0
293 T 3605 127 3426 0 0
293 T 3504 3460 3456 0 0
293 T 2764 3360 3686 0 0
293 T 3688 3101 3483 1 0
293 T 3480 3127 3687 0 0
293 T 3689 3350 2778 0 0
293 T 3593 1212 3758 0 0
293 T 3773 1271 3587 0 0
293 T 3041 2949 3623 0 0
293 T 3605 3015 3034 0 0
293 T 3437 3668 19 0 0
293 T 3668 74 330 0 0
293 T 19 3646 3430 0 0
293 T 329 77 3646 0 0
293 T 3488 3592 3611 0 0
293 T 3633 3587 3491 0 0
293 T 2977 1740 3335 0 0
293 T 3332 1690 2907 0 0
293 T 3688 3225 3539 1 0
293 T 3521 3226 3687 0 0
293 T 3629 3511 3606 0 0
293 T 3348 3532 3631 0 0
293 T 3613 3550 3354 0 0
293 T 3493 3580 1178 0 0
293 T 1241 3574 3487 0 0
293 T 1180 120 1239 0 0
293 T 3633 3583 1178 0 0
293 T 3578 3585 3589 0 0
293 T 1240 3583 3611 0 0
293 T 3590 3585 3577 0 0
293 T 3405 3407 3399 0 0
293 T 3373 3381 3375 0 0
293 T 67 682 3671 0 0
293 T 3673 2686 1527 0 0
293 T 1524 2744 3651 0 0
293 T 3653 681 68 0 0
293 T 1180 3782 3346 0 0
293 T 3357 3781 1239 0 0
293 T 328 3648 100 0 0
293 T 3668 333 99 0 0
293 T 3582 3338 3758 0 0
293 T 3772 3345 3582 0 0
293 T 2973 3211 3806 0 0
293 T 3808 2575 3435 0 0
293 T 3432 2517 3814 0 0
293 T 3816 3216 2903 0 0
293 T 3708 331 3435 0 0
293 T 3432 328 3691 0 0
293 T 960 904 181 -1 0
293 T 3511 3513 3511 1 0
293 T 2462 104 3616 0 0
293 T 3595 103 2525 0 0
293 T 3549 771 3810 0 0
293 T 3812 3131 2851 0 0
293 T 2848 3105 3818 0 0
293 T 3820 776 3527 0 0
293 T 3760 2088 3783 0 0
293 T 3780 2082 3771 0 0
293 T 3784 3532 3585 0 0
293 T 3585 3550 3778 0 0
293 T 771 3211 3718 0 0
293 T 3705 3216 776 0 0
293 T 2025 2853 3710 0 0
293 T 3697 2846 2018 0 0
293 T 1432 3679 3015 0 0
293 T 215 3467 3679 0 0
293 T 2949 3661 1486 0 0
293 T 3661 3464 212 0 0
293 T 1054 1130 3220 1 0
293 T 3157 2185 3822 0 0
293 T 3824 3171 3067 0 0
293 T 3053 3168 3826 0 0
293 T 3828 2119 3150 0 0
293 T 3218 3220 3218 -1 0
293 T 3461 3889 1654 0 0
293 T 3263 3173 3889 0 0
293 T 1704 3879 3454 0 0
293 T 3879 3166 3269 0 0
293 T 321 3468 3767 -1 0
293 T 3769 2111 3163 0 0
293 T 3160 2177 3755 0 0
293 T 3757 3463 318 0 0
293 T 1721 881 3090 0 0
293 T 3092 282 1991 0 0
293 T 880 1673 3120 0 0
293 T 3118 1986 279 0 0
293 T 3337 3866 1218 0 0
293 T 1160 3864 3331 0 0
293 T 3824 3887 3047 0 0
293 T 3044 3881 3826 0 0
293 T 3405 3885 3561 0 0
293 T 3885 3407 1342 0 0
293 T 3554 3875 3375 0 0
293 T 1281 3381 3875 0 0
293 T 485 3765 3335 0 0
293 T 3249 1740 3765 0 0
293 T 3332 3775 478 0 0
293 T 3775 1690 3242 0 0
293 T 3824 3903 1658 0 0
293 T 1482 3905 3889 0 0
293 T 1708 3900 3826 0 0
293 T 3879 3898 1428 0 0
293 T 80 2850 3895 0 0
293 T 3897 3892 2029 -1 0
293 T 3892 2848 79 0 0
293 T 3853 1739 3163 0 0
293 T 3769 206 3851 0 0
293 T 3160 1693 3846 0 0
293 T 3848 209 3755 0 0
293 T 3157 1447 3843 0 0
293 T 3845 177 3822 0 0
293 T 3840 1505 3150 0 0
293 T 3828 174 3838 0 0
293 T 3897 106 2023 -1 0
293 T 2021 107 3890 0 0
293 T 2025 3896 108 0 0
293 T 111 3890 2018 0 0
293 T 3763 3866 1446 0 0
293 T 1504 3865 3777 0 0
293 T 2947 3861 2424 0 0
293 T 952 3859 3623 0 0
293 T 2450 3854 3017 0 0
293 T 3605 3856 895 0 0
293 T 3853 3762 3155 0 0
293 T 3152 3776 3846 0 0
293 T 3659 3945 2424 0 0
293 T 3945 1488 3859 0 0
293 T 2450 3938 3681 0 0
293 T 3856 1430 3938 0 0
293 T 952 3943 3923 0 0
293 T 3925 1488 3623 0 0
293 T 3605 1430 3915 0 0
293 T 3917 3940 895 0 0
293 T 3469 2452 3918 0 0
293 T 3920 3938 215 0 0
293 T 212 3945 3926 0 0
293 T 3928 2422 3462 0 0
293 T 3845 3964 1658 0 0
293 T 175 3903 3964 0 0
293 T 1708 3954 3838 0 0
293 T 3954 3900 176 0 0
293 T 3915 3138 3924 0 0
293 T 3723 3614 137 0 0
293 T 3740 141 3595 0 0
293 T 3853 3867 3843 0 0
293 T 3840 3864 3846 0 0
293 T 3973 3869 1190 0 0
293 T 1253 3863 3967 0 0
293 T 955 3919 4012 0 0
293 T 4010 3939 1495 0 0
293 T 1441 3944 4016 0 0
293 T 4014 3929 900 0 0
293 T 2928 2864 1967 0 0
293 T 2864 136 1681 0 0
293 T 2858 1728 140 0 0
293 T 2995 1963 2860 0 0
293 T 1024 3300 1711 0 0
293 T 378 1990 3300 0 0
293 T 1665 3326 1099 0 0
293 T 3326 1989 377 0 0
293 T 4025 1272 3971 0 0
293 T 3969 1211 4019 0 0
293 T 1840 2862 3722 0 0
293 T 3740 2861 1747 0 0
293 T 2424 3909 4015 0 0
293 T 3462 899 3909 0 0
293 T 4013 3910 2450 0 0
293 T 3910 956 3469 0 0
293 T 3905 3994 958 0 0
293 T 1272 3996 3964 0 0
293 T 905 4001 3898 0 0
293 T 3954 3999 1210 0 0
293 T 1706 3755 3952 0 0
293 T 3950 3463 2623 0 0
293 T 2605 3468 3960 0 0
293 T 3958 3769 1660 0 0
293 T 3950 898 4026 0 0
293 T 4028 3906 2623 0 0
293 T 2605 3913 4030 0 0
293 T 4032 957 3960 0 0
293 T 16 4027 4015 0 0
293 T 4013 4033 14 0 0
293 T 3937 3943 3939 0 0
293 T 980 117 4023 0 0
293 T 4021 119 922 0 0
293 T 1706 3975 4026 0 0
293 T 3757 898 3975 0 0
293 T 4032 3981 1660 0 0
293 T 3981 957 3767 0 0
293 T 3981 1190 3851 0 0
293 T 3848 1252 3975 0 0
293 T 1660 4002 3851 0 0
293 T 4002 4030 1192 0 0
293 T 3848 4009 1706 0 0
293 T 1250 4028 4009 0 0
293 T 4017 4049 3730 0 0
293 T 4041 924 4015 0 0
293 T 3732 3999 4039 0 0
293 T 924 4001 4049 0 0
293 T 4013 979 4035 0 0
293 T 4037 3996 3746 0 0
293 T 3748 4042 4011 0 0
293 T 4042 3994 979 0 0
293 T 3869 3964 4004 0 0
293 T 4007 3954 3862 0 0
293 T 3956 3968 4026 0 0
293 T 4032 3971 3962 0 0
293 T 4029 4049 92 0 0
293 T 91 4042 4031 0 0
293 T 3996 4000 3990 -1 0
293 T 4001 4020 4026 0 0
293 T 4032 4023 3994 0 0
293 T 4028 923 4054 0 0
293 T 4056 4000 93 0 0
293 T 4060 980 4030 0 0
293 T 90 3995 4058 0 0
293 T 2504 284 3411 0 0
293 T 3413 1390 1735 0 0
293 T 1689 1328 3383 0 0
293 T 3385 279 2562 0 0
293 T 3189 39 3090 0 0
293 T 1721 161 3187 0 0
293 T 161 881 39 0 0
293 T 3184 158 1671 0 0
293 T 3120 39 3182 0 0
293 T 2492 2696 3187 0 0
293 T 2753 2553 3185 0 0
293 T 923 120 981 0 0
293 T 4035 3934 4040 0 0
293 T 3994 4058 116 0 0
293 T 119 4056 4001 0 0
293 T 1600 3182 3726 0 0
293 T 3728 2750 667 0 0
293 T 664 2696 3742 0 0
293 T 3744 3189 1547 0 0
293 T 3092 3750 379 0 0
293 T 3750 282 3301 0 0
293 T 376 3736 3118 0 0
293 T 3327 281 3736 0 0
293 T 2996 96 1023 0 0
293 T 1101 95 2927 0 0
293 T 3801 3385 1838 0 0
293 T 2232 1328 3799 0 0
293 T 3796 1390 2310 0 0
293 T 1749 3411 3794 0 0
293 T 3750 3472 1025 0 0
293 T 3472 282 1710 0 0
293 T 1098 3475 3736 0 0
293 T 1664 281 3475 0 0
293 T 3473 3412 1963 0 0
293 T 3475 1967 3385 0 0
293 T 374 3182 3836 0 0
293 T 3830 3189 381 0 0
293 T 1745 3665 2313 0 0
293 T 663 3663 57 0 0
293 T 2231 3643 1695 0 0
293 T 58 3645 668 0 0
293 T 3644 2753 3799 0 0
293 T 3796 2695 3662 0 0
293 T 2193 3717 1178 0 0
293 T 1241 3699 2126 0 0
293 T 3664 665 113 0 0
293 T 668 3644 114 0 0
293 T 2928 3989 3475 0 0
293 T 3385 3987 2862 0 0
293 T 3472 3983 2994 0 0
293 T 2861 3985 3411 0 0
293 T 4069 4067 4069 -1 0
293 T 2764 2204 3786 0 0
293 T 3788 494 3686 0 0
293 T 3689 501 3790 0 0
293 T 3792 2138 2778 0 0
293 T 4083 4085 4083 1 0
293 T 4096 4094 4096 1 0
293 T 4104 4102 4104 1 0
293 U 84 1 1 0 0
293 U 1 1 1 -1 0
293 U 2 2 3 0 0
293 U 1143 2 2 0 0
293 U 25 3 2 0 0
293 U 33 3 2 0 0
293 U 7 2 3 -1 0
293 U 1069 4 4 0 0
293 U 2 5 4 0 0
293 U 27 4 5 0 0
293 U 7 5 4 0 0
293 U 34 4 5 0 0
293 U 5 6 7 0 0
293 U 3747 6 6 0 0
293 U 87 7 6 0 0
293 U 91 7 6 0 0
293 U 15 6 7 0 0
293 U 3732 8 8 0 0
293 U 4 9 8 0 0
293 U 88 8 9 0 0
293 U 16 9 8 0 0
293 U 93 8 9 0 0
293 U 1623 10 13 0 0
293 U 908 10 10 0 0
293 U 149 13 10 0 0
293 U 8 11 10 0 0
293 U 43 10 11 0 0
293 U 929 13 13 0 0
293 U 1643 12 15 0 0
293 U 165 15 12 0 0
293 U 943 15 15 0 0
293 U 20 15 14 1 0
293 U 63 14 15 0 0
293 U 1570 16 19 0 0
293 U 153 19 16 0 0
293 U 983 19 19 0 0
293 U 962 16 16 0 0
293 U 41 17 16 0 0
293 U 9 16 17 0 0
293 U 1592 21 18 0 0
293 U 167 18 21 0 0
293 U 1001 21 21 0 0
293 U 61 21 20 0 0
293 U 21 20 21 0 0
293 U 1527 22 27 0 0
293 U 1104 25 22 0 0
293 U 2957 27 25 0 0
293 U 45 23 22 0 0
293 U 200 25 23 0 0
293 U 1108 26 22 0 0
293 U 1682 24 26 0 0
293 U 67 23 22 0 0
293 U 36 25 24 0 0
293 U 1129 26 25 0 0
293 U 10 27 26 0 0
293 U 47 28 29 0 0
293 U 1028 31 28 0 0
293 U 194 29 31 0 0
293 U 1525 33 28 0 0
293 U 3022 31 33 0 0
293 U 68 29 28 0 0
293 U 1033 33 29 0 0
293 U 1733 32 30 0 0
293 U 1050 30 33 0 0
293 U 36 31 30 1 0
293 U 11 32 33 0 0
293 U 1014 34 39 0 0
293 U 233 41 34 0 0
293 U 2206 39 41 0 0
293 U 2173 43 34 0 0
293 U 1075 41 43 0 0
293 U 1020 36 34 0 0
293 U 273 43 36 0 0
293 U 241 37 34 0 0
293 U 55 36 37 0 0
293 U 2607 37 39 0 0
293 U 2197 39 36 0 0
293 U 1065 43 39 0 0
293 U 64 39 38 0 0
293 U 305 41 38 0 0
293 U 2224 42 41 0 0
293 U 29 41 40 0 0
293 U 12 43 42 0 0
293 U 1094 44 46 0 0
293 U 2108 53 44 0 0
293 U 275 46 53 0 0
293 U 237 51 44 0 0
293 U 1152 53 51 0 0
293 U 1092 49 44 0 0
293 U 2145 51 49 0 0
293 U 245 47 44 0 0
293 U 2628 49 47 0 0
293 U 53 47 46 0 0
293 U 2130 46 49 0 0
293 U 1138 49 53 0 0
293 U 65 48 49 -1 0
293 U 301 51 48 0 0
293 U 31 50 51 0 0
293 U 2159 51 52 0 0
293 U 13 52 53 0 0
293 U 3815 54 58 0 0
293 U 3692 54 54 0 0
293 U 481 58 54 0 0
293 U 18 55 54 0 0
293 U 101 54 55 0 0
293 U 3702 58 58 0 0
293 U 3819 56 58 0 0
293 U 3694 56 56 0 0
293 U 497 58 56 0 0
293 U 78 57 56 0 0
293 U 111 56 57 0 0
293 U 3806 60 64 0 0
293 U 485 64 60 0 0
293 U 3720 64 64 0 0
293 U 3706 60 60 0 0
293 U 99 61 60 0 0
293 U 19 60 61 0 0
293 U 499 62 64 0 0
293 U 3712 62 62 0 0
293 U 3812 64 62 0 0
293 U 109 63 62 0 0
293 U 81 62 63 0 0
293 U 2167 66 70 0 0
293 U 1756 78 66 0 0
293 U 747 70 78 0 0
293 U 3564 73 66 0 0
293 U 760 78 73 0 0
293 U 82 67 66 1 0
293 U 2164 73 67 0 0
293 U 1752 77 66 0 0
293 U 767 72 77 0 0
293 U 665 81 66 0 0
293 U 2218 77 81 0 0
293 U 1804 81 70 0 0
293 U 2183 68 77 0 0
293 U 1788 72 68 0 0
293 U 22 69 68 0 0
293 U 2180 72 69 0 0
293 U 1784 78 68 0 0
293 U 677 75 68 0 0
293 U 2216 78 75 0 0
293 U 1819 75 77 0 0
293 U 741 74 70 0 0
293 U 2213 81 74 0 0
293 U 54 71 70 0 0
293 U 1809 74 71 0 0
293 U 825 81 76 0 0
293 U 49 81 80 0 0
293 U 1842 82 93 0 0
293 U 2100 88 82 0 0
293 U 765 93 88 0 0
293 U 82 83 82 0 0
293 U 3568 88 83 0 0
293 U 1848 94 82 0 0
293 U 754 89 94 0 0
293 U 2104 86 82 0 0
293 U 753 94 86 0 0
293 U 669 97 82 0 0
293 U 1895 86 97 0 0
293 U 2157 97 93 0 0
293 U 1875 84 94 0 0
293 U 2116 89 84 0 0
293 U 22 85 84 0 0
293 U 1880 89 85 0 0
293 U 2120 93 84 0 0
293 U 673 91 84 0 0
293 U 1912 93 91 0 0
293 U 2151 91 94 0 0
293 U 1901 91 86 0 0
293 U 53 87 86 0 0
293 U 744 91 87 0 0
293 U 2146 90 97 0 0
293 U 819 92 97 0 0
293 U 51 96 97 0 0
293 U 3795 98 100 0 0
293 U 3741 102 98 0 0
293 U 3982 100 102 0 0
293 U 103 99 98 0 0
293 U 1516 102 99 0 0
293 U 3745 101 98 0 0
293 U 3833 103 101 0 0
293 U 113 99 98 0 0
293 U 38 101 100 0 0
293 U 3752 102 101 0 0
293 U 96 103 102 0 0
293 U 104 104 105 0 0
293 U 3724 108 104 0 0
293 U 1518 105 108 0 0
293 U 3801 106 104 0 0
293 U 3989 108 106 0 0
293 U 114 105 104 0 0
293 U 3729 106 105 0 0
293 U 3834 107 109 0 0
293 U 3736 109 106 0 0
293 U 95 108 109 0 0
293 U 38 107 106 0 0
293 Q 123 789 1 791 0 0 0 0 -1 0
293 Q 125 1 125 1 0 0 0 0 0 0
293 Q 0 617 143 619 0 0 0 0 0 0
293 Q 613 120 611 0 0 0 0 0 0 0
293 Q 0 625 178 627 0 0 0 0 0 0
293 Q 180 692 143 686 0 0 0 0 0 0
293 Q 349 590 343 489 0 0 0 0 0 0
293 Q 487 353 223 355 0 0 0 0 0 0
293 Q 225 438 592 439 0 0 0 0 0 0
293 Q 123 781 225 783 0 0 0 0 -1 0
293 Q 815 223 813 1 0 0 0 0 0 0
293 Q 123 1637 187 1582 0 0 0 0 -1 0
293 Q 2061 188 2055 123 0 0 0 0 0 0
293 Q 29 186 31 189 0 0 0 0 0 0
293 Q 381 187 375 2389 0 0 0 0 0 0
293 Q 2387 385 602 387 0 0 0 0 0 0
293 Q 604 448 189 442 0 0 0 0 0 0
293 Q 223 1257 593 1194 0 0 0 0 0 0
293 Q 1594 591 1649 1 0 0 0 0 0 0
293 Q 591 2065 1 2067 0 -1 0 0 0 0
293 Q 1 51 1 49 0 0 0 1 0 1
293 Q 123 1137 604 1058 0 0 0 0 -1 0
293 Q 2084 187 2086 602 0 0 0 0 0 0
293 Q 487 1408 122 1462 -1 0 0 0 0 0
293 Q 2691 122 2748 223 1 0 0 0 0 0
293 Q 591 1696 1 1743 0 0 0 0 0 0
293 Q 56 1 58 1 0 0 0 -1 0 0
293 Q 2889 1 2883 225 0 1 0 0 0 -1
293 Q 188 987 222 933 0 0 0 0 0 0
293 Q 2078 604 2078 604 0 0 0 0 0 0
293 Q 123 1253 225 1190 0 0 0 0 -1 0
293 Q 3125 1 3094 123 0 1 0 0 0 -1
293 Q 677 224 671 3273 0 0 0 0 0 0
293 Q 3271 681 122 683 0 0 0 0 0 0
293 Q 8 2386 9 2641 0 0 0 0 0 0
293 Q 2639 908 2389 962 0 0 0 0 0 0
293 Q 40 2387 42 2388 0 0 0 0 0 0
293 Q 1668 186 1715 2641 0 0 0 0 0 0
293 Q 2468 3138 2527 0 0 0 0 0 0 0
293 Q 1236 2010 1174 697 0 0 0 0 0 0
293 Q 487 1160 189 1218 0 0 0 0 0 0
293 Q 517 3420 511 489 0 0 0 0 0 0
293 Q 463 187 461 3418 0 0 0 0 0 0
293 Q 457 3419 451 605 0 0 0 0 0 0
293 Q 314 3138 316 3502 0 0 0 0 0 0
293 Q 487 3441 1 3443 0 0 0 0 0 0
293 Q 1 3586 122 3592 -1 0 0 0 0 0
293 Q 3337 222 3331 489 0 0 0 0 0 0
293 Q 2745 3682 2686 123 0 0 0 0 0 0
293 Q 3684 3256 1 3250 0 -1 0 0 0 0
293 Q 287 165 2892 167 0 0 0 0 0 0
293 Q 2890 595 2081 601 0 0 0 0 0 0
293 Q 487 2321 3639 2238 0 0 0 0 0 0
293 Q 3415 3641 3388 1 0 0 0 0 0 0
293 Q 3760 189 3771 123 0 0 0 0 0 0
293 Q 1 1271 187 1212 0 0 0 1 0 1
293 Q 1535 3357 605 3346 0 0 0 0 0 0
293 Q 3313 3419 3282 1537 0 0 0 0 0 0
293 Q 1535 3677 188 3654 0 0 0 0 0 0
293 Q 2193 187 2126 1537 0 0 0 0 0 0
293 Q 76 186 74 189 0 0 0 0 0 0
293 Q 3618 488 3601 1537 0 0 0 0 0 0
293 Q 2640 3377 1534 3402 0 0 0 0 0 0
293 Q 1535 1241 122 1178 -1 0 0 0 0 0
293 Q 122 3781 605 3782 0 0 0 0 1 0
293 Q 960 3511 902 2825 0 0 0 0 0 0
293 Q 3271 3652 123 3671 0 0 0 0 0 0
293 Q 67 3270 69 3273 0 0 0 0 0 0
293 Q 3271 1525 3682 1527 0 0 0 0 0 0
293 Q 3571 569 2892 571 0 0 0 0 0 0
293 Q 487 3557 2639 3559 0 0 0 0 0 0
293 Q 3639 2930 2641 3001 0 0 0 0 0 0
293 Q 1397 3685 1330 3641 0 0 0 0 0 0
293 Q 3271 2268 3640 2347 0 0 0 0 0 0
293 Q 222 3864 189 3866 0 0 0 0 0 0
293 Q 2741 3870 2682 1537 0 0 0 0 0 0
293 Q 1279 488 1345 3872 0 0 0 0 0 0
293 Q 1784 3805 1875 3273 0 0 0 0 0 0
293 Q 224 2153 3803 2214 0 0 0 0 0 0
293 Q 1535 70 1536 73 0 0 0 0 0 0
293 Q 3380 3871 3407 1537 0 0 0 0 0 0
293 Q 3874 489 3885 1537 0 0 0 0 0 0
293 Q 2963 3640 3032 3805 0 0 0 0 0 0
293 Q 3005 3804 2934 2641 0 0 0 0 0 0
293 Q 3931 1567 2638 1620 0 0 0 0 0 0
293 Q 1791 2388 1884 3933 0 0 0 0 0 0
293 Q 1201 3804 1258 3930 0 0 0 0 0 0
293 Q 3079 603 3064 3933 0 0 0 0 0 0
293 Q 1719 3935 1672 3503 0 0 0 0 0 0
293 Q 123 3969 188 3971 0 0 0 0 -1 0
293 Q 565 3946 559 3573 0 0 0 0 0 0
293 Q 276 3509 270 3948 0 0 0 0 0 0
293 Q 3220 2195 3949 2132 0 0 0 0 0 0
293 Q 3935 4 3992 5 0 0 0 0 0 0
293 Q 3990 1484 3503 1427 0 0 0 0 0 0
293 Q 123 4021 1 4023 0 0 0 0 -1 0
293 Q 123 924 1 978 0 -1 0 0 -1 0
293 Q 117 1 119 1 0 1 0 0 0 -1
293 Q 3937 89 3934 86 0 0 0 0 0 0
293 Q 3081 4051 3062 2081 0 0 0 0 0 0
293 Q 2890 1202 4053 1265 0 0 0 0 0 0
293 Q 3571 2437 4053 2406 0 0 0 0 0 0
293 Q 3571 1404 4064 1458 0 0 0 0 0 0
293 Q 492 4053 490 4062 0 0 0 0 0 0
293 Q 3946 2200 4064 2135 0 0 0 0 0 0
293 Q 3717 187 3699 122 0 0 0 0 0 0
293 Q 4075 225 4075 225 0 0 0 0 0 0
293 Q 2152 4070 2215 4077 0 0 0 0 0 0
293 Q 1258 4050 1201 4072 0 0 0 0 0 0
293 Q 3947 1676 4069 1723 0 0 0 0 0 0
293 Q 495 4065 501 4067 0 0 0 0 0 0
293 Q 4063 2205 4072 2138 0 0 0 0 0 0
293 Q 4079 213 4077 215 0 0 0 0 0 0
293 Q 1228 4070 1166 4081 0 0 0 0 0 0
293 Q 4075 932 4089 986 0 0 0 0 0 0
293 Q 189 4087 189 4087 0 0 0 0 0 0
293 Q 4083 3793 4062 3786 0 0 0 0 0 0
293 Q 2764 4073 2779 4085 0 0 0 0 0 0
293 Q 218 4084 219 4081 0 0 0 0 0 0
293 Q 4083 3688 4066 3686 0 0 -1 0 0 0
293 Q 4079 1713 4089 1662 0 0 0 0 0 0
293 Q 4079 1172 4092 1230 0 0 0 0 0 0
293 Q 184 4089 182 4090 -1 0 1 0 0 0
293 Q 4084 1473 4092 1415 0 0 0 0 0 0
293 Q 4099 123 4099 123 0 0 0 0 1 0
293 Q 3716 4086 3698 4101 0 0 0 0 0 0
293 Q 4095 1241 4100 1178 0 0 0 0 0 0
293 Q 2193 4087 2126 4097 0 0 0 0 0 0
293 Q 4091 1176 4096 1234 0 0 0 0 0 0
293 Q 4099 924 4104 978 0 0 0 0 0 0
293 Q 1 4102 1 4102 0 -1 0 1 0 1
293 Q 84 4103 85 4102 0 0 0 0 1 0
