1555 A 17 0 11 -5 -11 5
1555 A -2 1 -135 -1 135 1
1555 A 1 1 136 -1 -136 1
1555 A -3 1 -156 -1 156 1
1555 A 2 1 157 -1 -157 1
1555 A 23 0 15 -7 -15 7
1555 A -16 1 -106 -5 106 5
1555 A 15 1 111 -5 -111 5
1555 A 34 0 23 -12 -23 12
1555 A -1 2 -157 1 157 -1
1555 A 7 0 1 -2 1 -2
1555 A 9 0 2 -4 2 -4
1555 A 11 0 6 -1 6 -1
1555 A 17 0 10 -3 10 -3
1555 A 19 0 14 -9 14 -9
1555 A 21 0 1 -2 1 -2
1555 A 21 0 13 -5 13 -5
1555 A 4 0 0 -1 1 -1
1555 A 4 0 -1 -1 -2 1
1555 A 5 0 0 -1 -1 1
1555 A 5 0 -1 -1 2 -1
1555 A 5 0 0 -2 2 -2
1555 A 5 0 -1 -2 -3 2
1555 A 6 0 0 -1 -1 1
1555 A 6 0 -1 -1 2 -1
1555 A 6 0 -2 -1 -3 1
1555 A 7 0 0 -1 2 -2
1555 A 7 0 1 -1 0 -2
1555 A 7 0 -1 -1 -2 1
1555 A 7 0 -2 -1 1 2
1555 A 7 0 3 -1 -3 2
1555 A 7 0 4 -1 2 3
1555 A 7 0 -2 -2 -1 -3
1555 A 7 0 4 -2 4 -3
1555 A 7 0 1 -3 -2 3
1555 A 7 0 0 -3 3 -3
1555 A 8 0 0 -1 -3 3
1555 A 8 0 1 -1 0 3
1555 A 8 0 -1 -1 -2 1
1555 A 8 0 -2 -1 1 -3
1555 A 8 0 3 -1 2 -3
1555 A 8 0 -3 -1 4 -1
1555 A 8 0 -1 -3 4 -3
1555 A 8 0 -2 -3 -5 3
1555 A 9 0 0 -1 -4 4
1555 A 9 0 1 -1 0 4
1555 A 9 0 -1 -1 -4 2
1555 A 9 0 2 -1 2 2
1555 A 9 0 -2 -1 -3 1
1555 A 9 0 -3 -1 -1 -2
1555 A 9 0 4 -1 3 -2
1555 A 9 0 5 -1 -1 2
1555 A 9 0 0 -2 -2 2
1555 A 9 0 -3 -2 1 -4
1555 A 9 0 5 -2 3 -4
1555 A 9 0 -1 -4 5 -4
1555 A 9 0 -2 -4 -6 4
1555 A 10 0 0 -1 -1 1
1555 A 10 0 -1 -1 2 -1
1555 A 10 0 -3 -1 4 -1
1555 A 10 0 -4 -1 -5 1
1555 A 10 0 1 -3 -2 3
1555 A 10 0 0 -3 3 -3
1555 A 10 0 -2 -3 5 -3
1555 A 10 0 -3 -3 -6 3
1555 A 11 0 0 -1 3 -3
1555 A 11 0 1 -1 0 -3
1555 A 11 0 -1 -1 4 -2
1555 A 11 0 2 -1 -2 -2
1555 A 11 0 -2 -1 -3 1
1555 A 11 0 -3 -1 3 2
1555 A 11 0 4 -1 -5 2
1555 A 11 0 -4 -1 -3 5
1555 A 11 0 5 -1 -2 5
1555 A 11 0 1 -2 3 5
1555 A 11 0 0 -2 -4 4
1555 A 11 0 2 -2 0 4
1555 A 11 0 -1 -2 -1 -3
1555 A 11 0 3 -2 4 -3
1555 A 11 0 -4 -2 4 -5
1555 A 11 0 6 -2 1 -5
1555 A 11 0 1 -3 2 -3
1555 A 11 0 -2 -3 -3 4
1555 A 11 0 5 -3 -1 4
1555 A 11 0 -3 -3 -6 3
1555 A 11 0 7 -3 2 -4
1555 A 11 0 -1 -4 -2 -5
1555 A 11 0 5 -4 7 -5
1555 A 11 0 -2 -4 -6 4
1555 A 11 0 -3 -4 -6 5
1555 A 11 0 7 -4 1 5
1555 A 11 0 0 -5 5 -5
1555 A 12 0 0 -1 5 -5
1555 A 12 0 1 -1 0 -5
1555 A 12 0 -1 -1 2 5
1555 A 12 0 2 -1 -7 5
1555 A 12 0 -2 -1 -3 1
1555 A 12 0 -3 -1 8 -5
1555 A 12 0 4 -1 -3 -5
1555 A 12 0 -4 -1 5 -1
1555 A 12 0 -5 -1 -6 1
1555 A 12 0 2 -5 -3 5
1555 A 12 0 1 -5 4 -5
1555 A 12 0 -1 -5 -6 5
1555 A 13 0 0 -1 -1 1
1555 A 13 0 -1 -1 2 -1
1555 A 13 0 -2 -1 -2 5
1555 A 13 0 3 -1 -3 5
1555 A 13 0 -3 -1 -2 -6
1555 A 13 0 4 -1 8 -6
1555 A 13 0 -4 -1 3 2
1555 A 13 0 5 -1 -5 2
1555 A 13 0 -5 -1 2 4
1555 A 13 0 6 -1 -6 4
1555 A 13 0 7 -1 -3 6
1555 A 13 0 1 -2 5 3
1555 A 13 0 0 -2 6 -6
1555 A 13 0 2 -2 0 -6
1555 A 13 0 -1 -2 -3 2
1555 A 13 0 -2 -2 1 6
1555 A 13 0 4 -2 -7 6
1555 A 13 0 -4 -2 -1 -4
1555 A 13 0 6 -2 5 -4
1555 A 13 0 -5 -2 4 -3
1555 A 13 0 7 -2 -1 -3
1555 A 13 0 1 -3 1 5
1555 A 13 0 2 -3 -6 5
1555 A 13 0 0 -3 4 -4
1555 A 13 0 3 -3 0 -4
1555 A 13 0 -2 -3 5 -3
1555 A 13 0 -3 -3 -8 4
1555 A 13 0 6 -3 4 4
1555 A 13 0 -4 -3 -1 6
1555 A 13 0 7 -3 -5 6
1555 A 13 0 2 -4 9 -5
1555 A 13 0 1 -4 -7 5
1555 A 13 0 3 -4 2 5
1555 A 13 0 -3 -4 4 -6
1555 A 13 0 7 -4 2 -6
1555 A 13 0 1 -5 3 6
1555 A 13 0 4 -5 -9 6
1555 A 13 0 0 -5 5 -5
1555 A 13 0 -3 -5 -8 5
1555 A 14 0 0 -1 -5 5
1555 A 14 0 1 -1 0 5
1555 A 14 0 -1 -1 -2 1
1555 A 14 0 -2 -1 1 -5
1555 A 14 0 3 -1 4 -5
1555 A 14 0 -3 -1 2 3
1555 A 14 0 4 -1 -5 3
1555 A 14 0 -4 -1 -3 -5
1555 A 14 0 5 -1 8 -5
1555 A 14 0 -5 -1 -6 1
1555 A 14 0 -6 -1 -7 5
1555 A 14 0 7 -1 2 5
1555 A 14 0 1 -3 -2 3
1555 A 14 0 0 -3 3 -3
1555 A 14 0 -1 -3 -2 5
1555 A 14 0 4 -3 -3 5
1555 A 14 0 -3 -3 4 5
1555 A 14 0 6 -3 -9 5
1555 A 14 0 -4 -3 7 -3
1555 A 14 0 -5 -3 -8 3
1555 A 14 0 -1 -5 6 -5
1555 A 15 0 0 -1 -1 1
1555 A 15 0 -1 -1 2 -1
1555 A 15 0 -3 -1 -1 4
1555 A 15 0 4 -1 -3 4
1555 A 15 0 -4 -1 5 -4
1555 A 15 0 5 -1 -1 -4
1555 A 15 0 -5 -1 -6 1
1555 A 15 0 -6 -1 2 4
1555 A 15 0 7 -1 -6 4
1555 A 15 0 0 -2 7 -7
1555 A 15 0 2 -2 0 -7
1555 A 15 0 -1 -2 -3 2
1555 A 15 0 -2 -2 1 7
1555 A 15 0 4 -2 -8 7
1555 A 15 0 -3 -2 10 -7
1555 A 15 0 5 -2 -3 -7
1555 A 15 0 -5 -2 7 -2
1555 A 15 0 -6 -2 -8 2
1555 A 15 0 0 -4 -4 4
1555 A 15 0 -4 -4 8 -4
1555 A 15 0 -5 -4 -9 4
1555 A 15 0 3 -7 -4 7
1555 A 15 0 2 -7 5 -7
1555 A 15 0 -2 -7 -9 7
1555 A 16 0 0 -1 -3 3
1555 A 16 0 1 -1 0 3
1555 A 16 0 -1 -1 -2 -7
1555 A 16 0 2 -1 9 -7
1555 A 16 0 -2 -1 9 -3
1555 A 16 0 3 -1 -6 -3
1555 A 16 0 -3 -1 4 -1
1555 A 16 0 -4 -1 -3 7
1555 A 16 0 5 -1 -4 7
1555 A 16 0 -5 -1 2 5
1555 A 16 0 6 -1 -7 5
1555 A 16 0 -6 -1 -7 1
1555 A 16 0 -7 -1 8 -5
1555 A 16 0 8 -1 -3 -5
1555 A 16 0 1 -3 -10 7
1555 A 16 0 2 -3 3 7
1555 A 16 0 -1 -3 4 -3
1555 A 16 0 -2 -3 3 -5
1555 A 16 0 5 -3 2 -5
1555 A 16 0 -3 -3 -6 3
1555 A 16 0 -4 -3 -1 5
1555 A 16 0 7 -3 -4 5
1555 A 16 0 -5 -3 8 -7
1555 A 16 0 8 -3 -1 -7
1555 A 16 0 0 -5 -7 7
1555 A 16 0 5 -5 0 7
1555 A 16 0 -1 -5 2 -7
1555 A 16 0 6 -5 5 -7
1555 A 16 0 -4 -5 9 -5
1555 A 16 0 -5 -5 -10 5
1555 A 16 0 1 -7 -6 7
1555 A 16 0 -4 -7 11 -7
1555 A 17 0 0 -1 8 -8
1555 A 17 0 1 -1 0 -8
1555 A 17 0 -2 -1 5 4
1555 A 17 0 3 -1 -9 4
1555 A 17 0 -3 -1 -3 5
1555 A 17 0 4 -1 -2 5
1555 A 17 0 -4 -1 5 -1
1555 A 17 0 -5 -1 -1 3
1555 A 17 0 6 -1 -2 3
1555 A 17 0 -6 -1 4 -3
1555 A 17 0 7 -1 -1 -3
1555 A 17 0 -7 -1 -3 -6
1555 A 17 0 8 -1 9 -6
1555 A 17 0 9 -1 -4 8
1555 A 17 0 1 -2 -2 4
1555 A 17 0 0 -2 4 -4
1555 A 17 0 2 -2 0 -4
1555 A 17 0 -1 -2 -4 -3
1555 A 17 0 3 -2 7 -3
1555 A 17 0 -3 -2 -9 7
1555 A 17 0 5 -2 2 7
1555 A 17 0 -4 -2 -6 2
1555 A 17 0 -5 -2 -1 -7
1555 A 17 0 7 -2 8 -7
1555 A 17 0 -6 -2 7 -6
1555 A 17 0 8 -2 -1 -6
1555 A 17 0 -7 -2 -2 8
1555 A 17 0 9 -2 -6 8
1555 A 17 0 0 -3 -3 3
1555 A 17 0 -2 -3 10 -6
1555 A 17 0 5 -3 -4 -6
1555 A 17 0 -5 -3 5 -4
1555 A 17 0 8 -3 -1 -4
1555 A 17 0 -6 -3 -4 7
1555 A 17 0 9 -3 -3 7
1555 A 17 0 1 -4 -3 4
1555 A 17 0 -2 -4 -2 7
1555 A 17 0 6 -4 -5 7
1555 A 17 0 -3 -4 4 5
1555 A 17 0 7 -4 -9 5
1555 A 17 0 -6 -4 4 -5
1555 A 17 0 10 -4 1 -5
1555 A 17 0 0 -5 5 -5
1555 A 17 0 -1 -5 -4 -8
1555 A 17 0 6 -5 12 -8
1555 A 17 0 -2 -5 5 -6
1555 A 17 0 7 -5 1 -6
1555 A 17 0 -3 -5 1 -7
1555 A 17 0 8 -5 6 -7
1555 A 17 0 3 -6 5 7
1555 A 17 0 2 -6 11 -8
1555 A 17 0 4 -6 -3 -8
1555 A 17 0 0 -6 7 -7
1555 A 17 0 6 -6 0 -7
1555 A 17 0 -2 -6 -5 8
1555 A 17 0 8 -6 -3 8
1555 A 17 0 -4 -7 2 8
1555 A 17 0 11 -7 -10 8
1555 A 17 0 1 -8 7 -8
1555 A 18 0 0 -1 5 -5
1555 A 18 0 1 -1 0 -5
1555 A 18 0 -1 -1 -4 -7
1555 A 18 0 2 -1 11 -7
1555 A 18 0 -2 -1 -3 1
1555 A 18 0 -3 -1 -10 7
1555 A 18 0 4 -1 3 7
1555 A 18 0 -4 -1 -1 -7
1555 A 18 0 5 -1 8 -7
1555 A 18 0 -5 -1 -6 7
1555 A 18 0 6 -1 -1 7
1555 A 18 0 -6 -1 -7 1
1555 A 18 0 -7 -1 2 -7
1555 A 18 0 8 -1 5 -7
1555 A 18 0 -8 -1 9 -5
1555 A 18 0 9 -1 -4 -5
1555 A 18 0 2 -5 -3 5
1555 A 18 0 1 -5 4 -5
1555 A 18 0 -1 -5 12 -7
1555 A 18 0 6 -5 -5 -7
1555 A 18 0 -2 -5 7 -5
1555 A 18 0 -3 -5 4 -7
1555 A 18 0 8 -5 3 -7
1555 A 18 0 -5 -5 10 -5
1555 A 18 0 -6 -5 -11 5
1555 A 18 0 0 -7 -7 7
1555 A 18 0 -2 -7 -9 7
1555 A 19 0 0 -1 -2 2
1555 A 19 0 1 -1 0 2
1555 A 19 0 -1 -1 -5 -7
1555 A 19 0 2 -1 12 -7
1555 A 19 0 -2 -1 4 5
1555 A 19 0 3 -1 -9 5
1555 A 19 0 -3 -1 2 9
1555 A 19 0 4 -1 -11 9
1555 A 19 0 -4 -1 10 -2
1555 A 19 0 5 -1 -8 -2
1555 A 19 0 -5 -1 6 -1
1555 A 19 0 -6 -1 2 -3
1555 A 19 0 7 -1 1 -3
1555 A 19 0 -7 -1 1 7
1555 A 19 0 8 -1 -8 7
1555 A 19 0 -8 -1 -2 -4
1555 A 19 0 9 -1 6 -4
1555 A 19 0 10 -1 12 -5
1555 A 19 0 1 -2 6 7
1555 A 19 0 -1 -2 3 -2
1555 A 19 0 -2 -2 -12 6
1555 A 19 0 4 -2 6 6
1555 A 19 0 -3 -2 -4 -6
1555 A 19 0 5 -2 10 -6
1555 A 19 0 -4 -2 2 -7
1555 A 19 0 6 -2 5 -7
1555 A 19 0 -5 -2 -9 8
1555 A 19 0 7 -2 1 8
1555 A 19 0 -6 -2 1 -5
1555 A 19 0 8 -2 4 -5
1555 A 19 0 -7 -2 -12 9
1555 A 19 0 9 -2 3 9
1555 A 19 0 0 -3 -7 7
1555 A 19 0 3 -3 0 7
1555 A 19 0 -1 -3 -8 6
1555 A 19 0 4 -3 2 6
1555 A 19 0 -2 -3 -6 -4
1555 A 19 0 5 -3 10 -4
1555 A 19 0 -3 -3 -8 4
1555 A 19 0 6 -3 4 4
1555 A 19 0 -4 -3 10 -7
1555 A 19 0 7 -3 -3 -7
1555 A 19 0 -5 -3 -7 5
1555 A 19 0 8 -3 2 5
1555 A 19 0 -6 -3 -5 8
1555 A 19 0 9 -3 -3 8
1555 A 19 0 -7 -3 -10 3
1555 A 19 0 11 -3 4 -8
1555 A 19 0 2 -4 3 -6
1555 A 19 0 1 -4 -2 9
1555 A 19 0 3 -4 -7 9
1555 A 19 0 0 -4 9 -9
1555 A 19 0 4 -4 0 -9
1555 A 19 0 -1 -4 11 -5
1555 A 19 0 5 -4 -6 -5
1555 A 19 0 -3 -4 2 7
1555 A 19 0 7 -4 -9 7
1555 A 19 0 -5 -4 -9 4
1555 A 19 0 -7 -4 -7 6
1555 A 19 0 11 -4 1 6
1555 A 19 0 2 -5 -13 9
1555 A 19 0 3 -5 4 9
1555 A 19 0 0 -5 -8 8
1555 A 19 0 5 -5 0 8
1555 A 19 0 -1 -5 2 -8
1555 A 19 0 6 -5 6 -8
1555 A 19 0 -3 -5 4 7
1555 A 19 0 8 -5 -11 7
1555 A 19 0 -5 -5 -1 -9
1555 A 19 0 10 -5 10 -9
1555 A 19 0 2 -6 -6 9
1555 A 19 0 4 -6 -3 9
1555 A 19 0 1 -6 13 -8
1555 A 19 0 5 -6 -5 -8
1555 A 19 0 0 -6 6 -6
1555 A 19 0 -3 -6 1 -7
1555 A 19 0 9 -6 6 -7
1555 A 19 0 -5 -6 -11 6
1555 A 19 0 3 -7 -10 8
1555 A 19 0 4 -7 2 8
1555 A 19 0 1 -8 -7 8
1555 A 19 0 -3 -8 11 -8
1555 A 19 0 -4 -8 -4 9
1555 A 19 0 12 -8 -5 9
1555 A 19 0 1 -9 -8 9
1555 A -1 1 -20 0 -175 0
1555 A -1 1 -21 0 -37 0
1555 A -1 1 -22 0 -53 0
1555 A -1 1 -25 0 -140 0
1555 A -1 1 -31 0 -138 0
1555 A -1 1 -34 0 103 0
1555 A -1 1 -51 0 -61 0
1555 A -1 1 -68 0 -143 0
1555 A -1 1 -74 0 184 0
1555 A -1 1 -91 0 171 0
1555 A -1 1 -92 0 148 0
1555 A 0 1 -20 0 -175 0
1555 A 0 1 -21 0 -37 0
1555 A 0 1 -22 0 -53 0
1555 A 0 1 -25 0 -140 0
1555 A 0 1 -31 0 -138 0
1555 A 0 1 -34 0 103 0
1555 A 0 1 -51 0 -61 0
1555 A 0 1 -68 0 -143 0
1555 A 0 1 -74 0 184 0
1555 A 0 1 -91 0 171 0
1555 A 0 1 -92 0 148 0
1555 A -2 1 -20 0 174 1
1555 A -2 1 -21 0 147 1
1555 A -2 1 -22 0 158 1
1555 A -2 1 -24 0 -114 0
1555 A -2 1 -37 0 74 0
1555 A -2 1 -45 0 -137 -1
1555 A -2 1 -47 0 -181 -1
1555 A -2 1 -53 0 -59 0
1555 A -2 1 -70 0 160 1
1555 A -2 1 -83 0 -177 -1
1555 A -2 1 -89 0 -123 0
1555 A -2 1 -91 0 -116 0
1555 A -2 1 -93 0 183 1
1555 A 1 1 -20 0 175 -1
1555 A 1 1 -21 0 148 -1
1555 A 1 1 -22 0 159 -1
1555 A 1 1 -24 0 -114 0
1555 A 1 1 -37 0 74 0
1555 A 1 1 -45 0 -138 1
1555 A 1 1 -47 0 -182 1
1555 A 1 1 -53 0 -59 0
1555 A 1 1 -70 0 161 -1
1555 A 1 1 -83 0 -178 1
1555 A 1 1 -89 0 -123 0
1555 A 1 1 -91 0 -116 0
1555 A 1 1 -93 0 184 -1
1555 A -3 1 -21 0 -91 -1
1555 A -3 1 -24 0 -178 -1
1555 A -3 1 -26 0 76 0
1555 A -3 1 -27 0 -114 -1
1555 A -3 1 -34 0 -148 -1
1555 A -3 1 -38 0 52 0
1555 A -3 1 -39 0 -78 -1
1555 A -3 1 -41 0 103 1
1555 A -3 1 -42 0 -47 0
1555 A -3 1 -53 0 79 1
1555 A -3 1 -54 0 136 1
1555 A -3 1 -59 0 151 1
1555 A -3 1 -62 0 -169 -1
1555 A -3 1 -69 0 -163 -1
1555 A -3 1 -77 0 115 1
1555 A -3 1 -78 0 154 1
1555 A -3 1 -80 -1 -135 -1
1555 A -3 1 -83 -1 -121 -1
1555 A -3 1 -116 -1 -153 -1
1555 A -3 1 -139 -1 150 1
1555 A -3 1 -158 -1 -181 -1
1555 A -3 1 -159 -1 175 1
1555 A 2 1 -21 0 -92 1
1555 A 2 1 -24 0 -179 1
1555 A 2 1 -26 0 76 0
1555 A 2 1 -27 0 -115 1
1555 A 2 1 -34 0 -149 1
1555 A 2 1 -38 0 52 0
1555 A 2 1 -39 0 -79 1
1555 A 2 1 -41 0 104 -1
1555 A 2 1 -42 0 -47 0
1555 A 2 1 -53 0 80 -1
1555 A 2 1 -54 0 137 -1
1555 A 2 1 -59 0 152 -1
1555 A 2 1 -62 0 -170 1
1555 A 2 1 -69 0 -164 1
1555 A 2 1 -77 0 116 -1
1555 A 2 1 -78 0 155 -1
1555 A 2 1 81 -1 136 -1
1555 A 2 1 84 -1 122 -1
1555 A 2 1 117 -1 154 -1
1555 A 2 1 140 -1 -151 1
1555 A 2 1 159 -1 182 -1
1555 A 2 1 160 -1 -176 1
1555 A 20 0 -3 -1 4 -1
1555 A 20 0 -4 -1 5 -9
1555 A 20 0 5 -1 4 -9
1555 A 20 0 -5 -1 -6 1
1555 A 20 0 -6 -1 -3 9
1555 A 20 0 7 -1 -6 9
1555 A 20 0 -8 -1 9 -1
1555 A 20 0 -9 -1 -10 1
1555 A 20 0 1 -3 -2 3
1555 A 20 0 0 -3 3 -3
1555 A 20 0 -2 -3 -5 7
1555 A 20 0 5 -3 -2 7
1555 A 20 0 -3 -3 -6 3
1555 A 20 0 -4 -3 3 -7
1555 A 20 0 7 -3 4 -7
1555 A 20 0 -5 -3 8 -3
1555 A 20 0 -7 -3 -10 7
1555 A 20 0 10 -3 3 7
1555 A 20 0 -8 -3 -1 -7
1555 A 20 0 11 -3 8 -7
1555 A 20 0 0 -7 7 -7
1555 A 20 0 -2 -7 -9 7
1555 A 20 0 -5 -7 12 -7
1555 A 20 0 1 -9 8 -9
1555 A 20 0 -1 -9 -10 9
1555 A 20 0 -4 -9 13 -9
1555 A 20 0 -5 -9 -14 9
1555 A -4 1 -22 0 -160 -1
1555 A -4 1 -23 0 -118 -1
1555 A -4 1 -32 0 180 2
1555 A -4 1 -35 0 -122 -1
1555 A -4 1 -38 0 91 1
1555 A -4 1 -56 -1 123 1
1555 A -4 1 -59 -1 -66 -1
1555 A -4 1 -72 -1 -149 -1
1555 A -4 1 -81 -1 176 2
1555 A -4 1 -83 -1 -102 -1
1555 A -4 1 -87 -1 -137 -1
1555 A 3 1 -22 0 -161 1
1555 A 3 1 -23 0 -119 1
1555 A 3 1 -32 0 182 -2
1555 A 3 1 -35 0 -123 1
1555 A 3 1 -38 0 92 -1
1555 A 3 1 57 -1 -124 1
1555 A 3 1 60 -1 67 -1
1555 A 3 1 73 -1 150 -1
1555 A 3 1 82 -1 -178 2
1555 A 3 1 84 -1 103 -1
1555 A 3 1 88 -1 138 -1
1555 A -5 1 -21 0 39 0
1555 A -5 1 -22 0 88 1
1555 A -5 1 -36 0 120 1
1555 A -5 1 -51 -1 158 2
1555 A -5 1 -59 -1 137 2
1555 A -5 1 -73 -1 -184 -2
1555 A -5 1 -84 -1 -183 -2
1555 A -5 1 -92 -1 -146 -2
1555 A -5 1 -103 -1 168 2
1555 A -5 1 -105 -1 -135 -2
1555 A 4 1 -21 0 39 0
1555 A 4 1 -22 0 89 -1
1555 A 4 1 -36 0 121 -1
1555 A 4 1 52 -1 -160 2
1555 A 4 1 60 -1 -139 2
1555 A 4 1 74 -1 186 -2
1555 A 4 1 85 -1 185 -2
1555 A 4 1 93 -1 148 -2
1555 A 4 1 104 -1 -170 2
1555 A 4 1 106 -1 137 -2
1555 A -6 1 -24 0 -174 -3
1555 A -6 1 -27 0 -31 0
1555 A -6 1 -36 0 -116 -2
1555 A -6 1 -34 -1 -181 -3
1555 A -6 1 -44 -1 164 2
1555 A -6 1 -49 -1 148 2
1555 A -6 1 -51 -1 -135 -2
1555 A -6 1 -57 -1 -121 -2
1555 A -6 1 -67 -1 -120 -2
1555 A -6 1 -74 -1 104 1
1555 A -6 1 -85 -1 180 3
1555 A -6 1 -89 -1 -160 -2
1555 A -6 1 -93 -1 170 2
1555 A -6 1 -105 -1 139 2
1555 A -6 1 -105 -2 142 2
1555 A -6 1 -172 -2 -177 -2
1555 A 5 1 -24 0 -177 3
1555 A 5 1 -27 0 -31 0
1555 A 5 1 -36 0 -118 2
1555 A 5 1 35 -1 184 -3
1555 A 5 1 45 -1 -166 2
1555 A 5 1 50 -1 -150 2
1555 A 5 1 52 -1 137 -2
1555 A 5 1 58 -1 123 -2
1555 A 5 1 68 -1 122 -2
1555 A 5 1 75 -1 -105 1
1555 A 5 1 86 -1 -183 3
1555 A 5 1 90 -1 162 -2
1555 A 5 1 94 -1 -172 2
1555 A 5 1 106 -1 -141 2
1555 A 5 1 107 -2 -144 2
1555 A 5 1 174 -2 179 -2
1555 A -7 1 -21 0 -34 -1
1555 A -7 1 -22 0 91 1
1555 A -7 1 -23 0 68 1
1555 A -7 1 -26 0 -102 -2
1555 A -7 1 -32 0 -181 -3
1555 A -7 1 -30 -1 -177 -3
1555 A -7 1 -43 -1 -160 -3
1555 A -7 1 -49 -1 -156 -3
1555 A -7 1 -52 -1 -147 -3
1555 A -7 1 -58 -1 112 2
1555 A -7 1 -73 -1 -146 -3
1555 A -7 1 -75 -1 184 3
1555 A -7 1 -87 -1 167 3
1555 A -7 1 -88 -2 117 2
1555 A -7 1 -99 -2 -150 -2
1555 A -7 1 -100 -2 -141 -2
1555 A -7 1 -123 -2 -137 -2
1555 A 6 1 -21 0 -35 1
1555 A 6 1 -22 0 92 -1
1555 A 6 1 -23 0 69 -1
1555 A 6 1 -26 0 -104 2
1555 A 6 1 -32 0 -184 3
1555 A 6 1 31 -1 180 -3
1555 A 6 1 44 -1 163 -3
1555 A 6 1 50 -1 159 -3
1555 A 6 1 53 -1 150 -3
1555 A 6 1 59 -1 -114 2
1555 A 6 1 74 -1 149 -3
1555 A 6 1 76 -1 -187 3
1555 A 6 1 88 -1 -170 3
1555 A 6 1 90 -2 -119 2
1555 A 6 1 101 -2 152 -2
1555 A 6 1 102 -2 143 -2
1555 A 6 1 125 -2 139 -2
1555 A 21 0 -7 -1 2 5
1555 A 21 0 8 -1 -7 5
1555 A 21 0 -8 -1 -9 1
1555 A 21 0 -9 -1 8 -5
1555 A 21 0 10 -1 -3 -5
1555 A 21 0 11 -1 2 -4
1555 A 21 0 -1 -2 -12 8
1555 A 21 0 3 -2 4 8
1555 A 21 0 -3 -2 4 -10
1555 A 21 0 5 -2 6 -10
1555 A 21 0 -4 -2 -3 8
1555 A 21 0 6 -2 -5 8
1555 A 21 0 -5 -2 7 -8
1555 A 21 0 7 -2 1 -8
1555 A 21 0 1 -4 9 -5
1555 A 21 0 3 -4 -4 -5
1555 A 21 0 -2 -4 -6 4
1555 A 21 0 -6 -4 2 -5
1555 A 21 0 10 -4 3 -5
1555 A 21 0 -7 -4 11 -4
1555 A 21 0 -8 -4 -12 4
1555 A 21 0 -7 -5 6 8
1555 A 21 0 12 -5 -14 8
1555 A 21 0 4 -8 -5 10
1555 A 21 0 2 -8 -6 8
1555 A 21 0 -1 -8 -9 8
1555 A 21 0 -4 -10 14 -10
1555 A 21 0 -5 -10 -15 10
1555 A -8 1 -22 0 -158 -3
1555 A -8 1 -23 0 -50 -1
1555 A -8 1 -24 0 180 3
1555 A -8 1 -27 0 25 1
1555 A -8 1 -29 0 -38 -1
1555 A -8 1 -23 -1 177 3
1555 A -8 1 -31 -1 170 3
1555 A -8 1 -34 -1 45 1
1555 A -8 1 -35 -1 183 3
1555 A -8 1 -51 -1 -157 -3
1555 A -8 1 -58 -1 -177 -4
1555 A -8 1 -59 -1 77 2
1555 A -8 1 -70 -1 81 2
1555 A -8 1 -78 -1 -103 -2
1555 A -8 1 -76 -2 176 4
1555 A -8 1 -85 -2 125 2
1555 A -8 1 -102 -2 116 2
1555 A -8 1 -132 -3 -150 -3
1555 A 7 1 -22 0 -161 3
1555 A 7 1 -23 0 -51 1
1555 A 7 1 -24 0 183 -3
1555 A 7 1 -27 0 26 -1
1555 A 7 1 -29 0 -39 1
1555 A 7 1 24 -1 -180 3
1555 A 7 1 32 -1 -173 3
1555 A 7 1 35 -1 -46 1
1555 A 7 1 36 -1 -186 3
1555 A 7 1 52 -1 160 -3
1555 A 7 1 59 -1 181 -4
1555 A 7 1 60 -1 -79 2
1555 A 7 1 71 -1 -83 2
1555 A 7 1 79 -1 105 -2
1555 A 7 1 78 -2 -180 4
1555 A 7 1 87 -2 -127 2
1555 A 7 1 104 -2 -118 2
1555 A 7 1 135 -3 153 -3
1555 A -9 1 -25 0 139 3
1555 A -9 1 -19 -1 -178 -4
1555 A -9 1 -25 -1 -104 -2
1555 A -9 1 -28 -1 135 3
1555 A -9 1 -31 -1 183 4
1555 A -9 1 -46 -1 -149 -3
1555 A -9 1 -51 -1 119 3
1555 A -9 1 -54 -1 134 3
1555 A -9 1 -71 -1 -103 -2
1555 A -9 1 -82 -2 -162 -3
1555 A -9 1 -87 -2 -153 -3
1555 A -9 1 -91 -2 -167 -4
1555 A -9 1 -106 -2 118 3
1555 A -9 1 -111 -2 182 4
1555 A -9 1 -117 -2 -113 -3
1555 A -9 1 -165 -4 -175 -4
1555 A 8 1 -25 0 142 -3
1555 A 8 1 20 -1 182 -4
1555 A 8 1 26 -1 106 -2
1555 A 8 1 29 -1 -138 3
1555 A 8 1 32 -1 -187 4
1555 A 8 1 47 -1 152 -3
1555 A 8 1 52 -1 -122 3
1555 A 8 1 55 -1 -137 3
1555 A 8 1 72 -1 105 -2
1555 A 8 1 84 -2 165 -3
1555 A 8 1 89 -2 156 -3
1555 A 8 1 93 -2 171 -4
1555 A 8 1 108 -2 -121 3
1555 A 8 1 113 -2 -186 4
1555 A 8 1 119 -2 116 -3
1555 A 8 1 169 -4 179 -4
1555 A -10 1 -22 0 156 4
1555 A -10 1 -23 0 105 2
1555 A -10 1 -16 -1 99 3
1555 A -10 1 -19 -1 -23 -1
1555 A -10 1 -28 -1 -53 -1
1555 A -10 1 -32 -1 -47 -1
1555 A -10 1 -36 -1 -137 -4
1555 A -10 1 -41 -1 -176 -4
1555 A -10 1 -55 -1 -110 -3
1555 A -10 1 -65 -1 158 4
1555 A -10 1 -56 -2 168 4
1555 A -10 1 -64 -2 171 4
1555 A -10 1 -69 -2 143 4
1555 A -10 1 -71 -2 -80 -2
1555 A -10 1 -84 -2 122 3
1555 A -10 1 -89 -2 137 3
1555 A -10 1 -104 -3 -138 -3
1555 A -10 1 -116 -3 -147 -4
1555 A -10 1 -142 -3 -180 -4
1555 A 9 1 -22 0 160 -4
1555 A 9 1 -23 0 107 -2
1555 A 9 1 17 -1 -102 3
1555 A 9 1 20 -1 24 -1
1555 A 9 1 29 -1 54 -1
1555 A 9 1 33 -1 48 -1
1555 A 9 1 37 -1 141 -4
1555 A 9 1 42 -1 180 -4
1555 A 9 1 56 -1 113 -3
1555 A 9 1 66 -1 -162 4
1555 A 9 1 58 -2 -172 4
1555 A 9 1 66 -2 -175 4
1555 A 9 1 71 -2 -147 4
1555 A 9 1 73 -2 82 -2
1555 A 9 1 86 -2 -125 3
1555 A 9 1 91 -2 -140 3
1555 A 9 1 107 -3 141 -3
1555 A 9 1 119 -3 151 -4
1555 A 9 1 145 -3 184 -4
1555 A 22 0 -10 -1 11 -3
1555 A 22 0 11 -1 -8 -3
1555 A 22 0 1 -3 2 -3
1555 A 22 0 -1 -3 -12 9
1555 A 22 0 4 -3 3 9
1555 A 22 0 -2 -3 -3 -7
1555 A 22 0 5 -3 10 -7
1555 A 22 0 -5 -3 -8 3
1555 A 22 0 -9 -3 12 -3
1555 A 22 0 1 -5 6 9
1555 A 22 0 4 -5 -15 9
1555 A 22 0 0 -5 5 -5
1555 A 22 0 -1 -5 4 -7
1555 A 22 0 6 -5 3 -7
1555 A 22 0 -6 -5 11 -5
1555 A 22 0 -7 -5 -4 9
1555 A 22 0 12 -5 -5 9
1555 A 22 0 -4 -7 -11 9
1555 A 22 0 11 -7 2 9
1555 A -11 1 -23 0 162 5
1555 A -11 1 -13 -1 82 2
1555 A -11 1 -16 -1 26 1
1555 A -11 1 -29 -1 -182 -5
1555 A -11 1 -32 -1 -47 -1
1555 A -11 1 -49 -1 -125 -3
1555 A -11 1 -54 -1 183 5
1555 A -11 1 -65 -2 -151 -4
1555 A -11 1 -67 -2 124 3
1555 A -11 1 -86 -2 101 3
1555 A -11 1 -99 -3 122 3
1555 A -11 1 -113 -3 174 5
1555 A -11 1 -119 -3 130 4
1555 A -11 1 -131 -4 -167 -4
1555 A -11 1 -136 -4 -164 -5
1555 A 10 1 -23 0 167 -5
1555 A 10 1 14 -1 -84 2
1555 A 10 1 17 -1 -27 1
1555 A 10 1 30 -1 187 -5
1555 A 10 1 33 -1 48 -1
1555 A 10 1 50 -1 128 -3
1555 A 10 1 55 -1 -188 5
1555 A 10 1 67 -2 155 -4
1555 A 10 1 69 -2 -127 3
1555 A 10 1 88 -2 -104 3
1555 A 10 1 102 -3 -125 3
1555 A 10 1 116 -3 -179 5
1555 A 10 1 122 -3 -134 4
1555 A 10 1 135 -4 171 -4
1555 A 10 1 140 -4 169 -5
1555 A -12 1 -11 -1 44 2
1555 A -12 1 -12 -1 116 3
1555 A -12 1 -16 -1 -69 -2
1555 A -12 1 -24 -1 -186 -5
1555 A -12 1 -30 -1 -50 -1
1555 A -12 1 -33 -1 160 5
1555 A -12 1 -48 -1 117 4
1555 A -12 1 -59 -2 89 2
1555 A -12 1 -67 -2 -169 -5
1555 A -12 1 -85 -2 179 5
1555 A -12 1 -100 -3 -189 -5
1555 A -12 1 -104 -3 -167 -5
1555 A -12 1 -108 -3 151 4
1555 A -12 1 -110 -3 134 4
1555 A -12 1 -118 -3 -111 -4
1555 A -12 1 -118 -4 -144 -5
1555 A -12 1 -135 -4 182 5
1555 A 11 1 12 -1 -46 2
1555 A 11 1 13 -1 -119 3
1555 A 11 1 17 -1 71 -2
1555 A 11 1 25 -1 191 -5
1555 A 11 1 31 -1 51 -1
1555 A 11 1 34 -1 -165 5
1555 A 11 1 49 -1 -121 4
1555 A 11 1 61 -2 -91 2
1555 A 11 1 69 -2 174 -5
1555 A 11 1 87 -2 -184 5
1555 A 11 1 103 -3 194 -5
1555 A 11 1 107 -3 172 -5
1555 A 11 1 111 -3 -155 4
1555 A 11 1 113 -3 -138 4
1555 A 11 1 121 -3 115 -4
1555 A 11 1 122 -4 149 -5
1555 A 11 1 139 -4 -187 5
1555 A 23 0 1 -2 5 -10
1555 A 23 0 -1 -2 4 5
1555 A 23 0 3 -2 -9 5
1555 A 23 0 -3 -2 4 3
1555 A 23 0 5 -2 -7 3
1555 A 23 0 -9 -2 -11 2
1555 A 23 0 2 -4 14 -5
1555 A 23 0 -6 -4 2 -10
1555 A 23 0 10 -4 8 -10
1555 A 23 0 -3 -6 9 -6
1555 A 23 0 -2 -7 -5 9
1555 A 23 0 9 -7 -4 9
1555 A 23 0 -3 -7 10 -7
1555 A 23 0 -6 -7 12 -10
1555 A 23 0 13 -7 -2 -10
1555 A 23 0 4 -8 7 9
1555 A -13 1 -15 -1 -175 -6
1555 A -13 1 -25 -1 -30 -1
1555 A -13 1 -31 -1 -109 -4
1555 A -13 1 -34 -1 45 1
1555 A -13 1 -50 -1 -121 -4
1555 A -13 1 -48 -2 -55 -2
1555 A -13 1 -61 -2 148 5
1555 A -13 1 -71 -2 79 3
1555 A -13 1 -75 -2 -181 -6
1555 A -13 1 -75 -3 -144 -4
1555 A -13 1 -90 -3 117 4
1555 A -13 1 -105 -3 -168 -6
1555 A -13 1 -108 -3 -113 -3
1555 A -13 1 -114 -4 -122 -4
1555 A 12 1 16 -1 181 -6
1555 A 12 1 26 -1 31 -1
1555 A 12 1 32 -1 113 -4
1555 A 12 1 35 -1 -46 1
1555 A 12 1 51 -1 125 -4
1555 A 12 1 50 -2 57 -2
1555 A 12 1 63 -2 -153 5
1555 A 12 1 73 -2 -82 3
1555 A 12 1 77 -2 187 -6
1555 A 12 1 78 -3 148 -4
1555 A 12 1 93 -3 -121 4
1555 A 12 1 108 -3 174 -6
1555 A 12 1 111 -3 116 -3
1555 A 12 1 118 -4 126 -4
1555 A -14 1 -14 -1 74 2
1555 A -14 1 -28 -1 40 2
1555 A -14 1 -32 -1 -141 -5
1555 A -14 1 -36 -1 147 5
1555 A -14 1 -47 -1 -150 -6
1555 A -14 1 -38 -2 129 5
1555 A -14 1 -47 -2 -152 -6
1555 A -14 1 -57 -2 178 6
1555 A -14 1 -63 -2 167 6
1555 A -14 1 -72 -2 -121 -4
1555 A -14 1 -64 -3 111 4
1555 A -14 1 -98 -4 -157 -6
1555 A -14 1 -113 -4 153 5
1555 A -14 1 -118 -4 149 6
1555 A -14 1 -125 -4 181 6
1555 A 13 1 15 -1 -76 2
1555 A 13 1 29 -1 -42 2
1555 A 13 1 33 -1 146 -5
1555 A 13 1 37 -1 -152 5
1555 A 13 1 48 -1 156 -6
1555 A 13 1 40 -2 -134 5
1555 A 13 1 49 -2 158 -6
1555 A 13 1 59 -2 -184 6
1555 A 13 1 65 -2 -173 6
1555 A 13 1 74 -2 125 -4
1555 A 13 1 67 -3 -115 4
1555 A 13 1 102 -4 163 -6
1555 A 13 1 117 -4 -158 5
1555 A 13 1 122 -4 -155 6
1555 A 13 1 129 -4 -187 6
1555 A 24 0 -3 -11 -14 11
1555 A -15 1 -14 -1 32 2
1555 A -15 1 -26 -1 173 6
1555 A -15 1 -29 -1 117 4
1555 A -15 1 -95 -3 171 6
1555 A -15 1 -97 -3 -142 -6
1555 A -15 1 -97 -4 158 6
1555 A -15 1 -111 -5 -115 -5
1555 A -15 1 -141 -5 164 7
1555 A -15 1 -145 -5 170 7
1555 A 14 1 15 -1 -34 2
1555 A 14 1 27 -1 -179 6
1555 A 14 1 30 -1 -121 4
1555 A 14 1 98 -3 -177 6
1555 A 14 1 100 -3 148 -6
1555 A 14 1 101 -4 -164 6
1555 A 14 1 116 -5 120 -5
1555 A 14 1 146 -5 -171 7
1555 A 14 1 150 -5 -177 7
1555 A 25 0 1 -9 8 -9
1555 A -16 1 -20 -1 -185 -7
1555 A -16 1 -22 -1 85 4
1555 A -16 1 -41 -2 -64 -3
1555 A -16 1 -43 -2 164 6
1555 A -16 1 -62 -3 -143 -5
1555 A -16 1 -83 -4 104 5
1555 A -16 1 -162 -6 183 7
1555 A -16 1 -152 -7 162 7
1555 A -16 1 -172 -7 187 7
1555 A 15 1 21 -1 192 -7
1555 A 15 1 23 -1 -89 4
1555 A 15 1 43 -2 67 -3
1555 A 15 1 45 -2 -170 6
1555 A 15 1 65 -3 148 -5
1555 A 15 1 87 -4 -109 5
1555 A 15 1 168 -6 -190 7
1555 A 15 1 159 -7 -169 7
1555 A 15 1 179 -7 -194 7
1555 A -17 1 -23 -1 178 8
1555 A -17 1 -66 -2 -152 -7
1555 A -17 1 -89 -3 -169 -7
1555 A 16 1 24 -1 -186 8
1555 A 16 1 68 -2 159 -7
1555 A 16 1 92 -3 176 -7
1555 A -19 1 -71 -3 124 7
1555 A 18 1 74 -3 -131 7
1555 A 28 0 5 -11 -6 11
1555 A 28 0 4 -11 7 -11
1555 A 34 0 -7 -9 16 -9
1555 A 37 0 7 -15 8 -15
1555 A 44 0 -20 -3 23 -3
1555 A 59 0 -12 -6 18 -6
1555 A 74 0 -29 -15 44 -15
1555 S 2 1 5 0
1555 S -1 2 5 0
1555 S 1 1 17 0
1555 S 2 2 17 0
1555 S 3 3 17 0
1555 S 4 4 17 0
1555 S 5 5 17 0
1555 S -11 6 17 0
1555 S -10 7 17 0
1555 S -9 8 17 0
1555 S -2 1 17 0
1555 S -4 2 17 0
1555 S -6 3 17 0
1555 S -8 4 17 0
1555 S -10 5 17 0
1555 S 5 6 17 0
1555 S 3 7 17 0
1555 S 1 8 17 0
1555 T 914 479 2788 0 0
1555 T 2790 542 2723 0 0
1555 T 2725 477 912 0 0
1555 T 477 540 479 0 0
1555 T 1274 331 2936 0 0
1555 T 2938 342 2859 0 0
1555 T 2861 337 1272 0 0
1555 T 337 340 331 0 0
1555 T 802 798 794 0 0
1555 T 792 2351 2420 0 0
1555 T 2422 514 800 1 0
1555 T 514 2353 798 0 0
1555 T 140 3083 3144 0 0
1555 T 138 134 142 0 0
1555 T 3146 2542 136 0 0
1555 T 134 2540 3083 0 0
1555 T 1390 1377 1385 0 0
1555 T 1383 75 2039 0 0
1555 T 2041 1871 1388 0 0
1555 T 1871 77 1377 0 0
1555 T 1389 1786 2083 0 0
1555 T 1385 1380 1387 0 0
1555 T 2085 75 1383 0 0
1555 T 1380 77 1786 0 0
1555 T 890 886 882 0 0
1555 T 880 2183 2247 0 0
1555 T 2249 273 888 0 0
1555 T 273 2185 886 1 0
1555 T 939 943 936 0 0
1555 T 938 387 2335 0 0
1555 T 2337 2265 941 0 0
1555 T 2265 389 943 0 0
1555 T 941 2199 2403 0 0
1555 T 933 950 939 0 0
1555 T 2405 387 931 0 0
1555 T 950 389 2199 0 0
1555 T 102 1493 2080 0 0
1555 T 2082 1497 2035 0 0
1555 T 2037 1487 100 0 0
1555 T 1487 1495 1493 0 0
1555 T 208 204 205 0 0
1555 T 203 1271 2855 0 0
1555 T 2857 2934 210 -1 0
1555 T 2934 1273 204 0 0
1555 T 610 1051 2739 0 0
1555 T 600 604 608 0 0
1555 T 2741 2806 602 1 0
1555 T 604 2804 1051 0 0
1555 T 158 195 152 0 0
1555 T 154 2006 2859 0 0
1555 T 2938 2005 156 0 0
1555 T 1382 1457 1372 0 0
1555 T 1374 2136 1867 0 0
1555 T 1869 113 1380 0 0
1555 T 113 2138 1457 0 0
1555 T 1377 113 1780 0 0
1555 T 1369 1460 1375 0 0
1555 T 1782 2178 1367 0 0
1555 T 1460 2176 113 0 0
1555 T 782 765 773 0 0
1555 T 771 2188 2643 0 0
1555 T 2645 423 780 0 0
1555 T 423 2190 765 0 0
1555 T 777 430 2572 0 0
1555 T 773 768 775 0 0
1555 T 2574 2253 771 0 0
1555 T 768 2251 430 0 0
1555 T 1390 381 2944 0 0
1555 T 2946 383 2867 0 0
1555 T 2869 382 1388 0 0
1555 T 382 385 381 0 0
1555 T 906 2141 2391 0 0
1555 T 898 972 904 0 0
1555 T 2393 286 896 0 0
1555 T 972 284 2141 0 0
1555 T 901 977 891 0 0
1555 T 893 287 2324 0 0
1555 T 2326 2179 899 0 0
1555 T 2179 289 977 0 0
1555 T 490 516 480 0 0
1555 T 482 1198 2743 0 0
1555 T 2745 2978 488 0 0
1555 T 2978 1196 516 0 0
1555 T 485 2900 2807 0 0
1555 T 477 521 483 0 0
1555 T 2809 1198 475 0 0
1555 T 521 1196 2900 0 0
1555 T 438 1019 2416 -1 0
1555 T 2418 1023 2347 0 0
1555 T 2349 1017 436 0 0
1555 T 1017 1025 1019 0 0
1555 T 317 2241 1187 0 0
1555 T 1188 2304 315 0 0
1555 T 1189 1186 1190 0 0
1555 T 2304 1184 2241 0 0
1555 T 470 1004 2867 0 0
1555 T 474 492 468 0 0
1555 T 2946 1002 472 0 0
1555 T 372 364 368 0 0
1555 T 370 1053 2715 0 0
1555 T 2717 2782 374 0 0
1555 T 2782 1051 364 0 0
1555 T 1358 1419 1364 0 0
1555 T 1362 1425 1352 0 0
1555 T 1154 304 2767 0 0
1555 T 2769 317 2839 0 0
1555 T 2841 314 1152 0 0
1555 T 314 315 304 0 0
1555 T 1149 314 2915 0 0
1555 T 2706 309 1147 0 0
1555 T 2917 316 2704 1 0
1555 T 309 318 314 0 0
1555 T 2645 431 2707 -1 0
1555 T 2709 526 780 0 0
1555 T 526 433 425 0 0
1555 T 777 527 2771 0 0
1555 T 2773 434 2572 0 0
1555 T 428 432 527 0 0
1555 T 1014 1047 1004 0 0
1555 T 1002 1045 1008 0 0
1555 T 906 589 2643 0 0
1555 T 2645 583 2843 0 0
1555 T 2845 580 904 0 0
1555 T 580 585 589 0 0
1555 T 901 577 2919 0 0
1555 T 2574 592 899 0 0
1555 T 2921 583 2572 0 0
1555 T 592 585 577 0 0
1555 T 290 308 280 0 0
1555 T 282 1501 3091 0 0
1555 T 3093 2818 288 0 0
1555 T 2818 1499 308 0 0
1555 T 285 2752 3151 0 0
1555 T 277 305 283 0 0
1555 T 3153 1504 275 0 0
1555 T 305 1506 2752 0 0
1555 T 290 1168 2420 0 0
1555 T 1172 1164 1168 0 0
1555 T 2353 1166 284 0 0
1555 T 583 2775 664 0 0
1555 T 666 2372 592 0 0
1555 T 2372 2777 577 0 0
1555 T 589 2442 659 0 0
1555 T 661 2713 583 0 0
1555 T 580 2711 2442 0 0
1555 T 7 3308 3239 0 0
1555 T 3241 65 3056 0 0
1555 T 3054 66 3308 0 0
1555 T 65 64 59 -1 0
1555 T 1310 2201 1851 0 0
1555 T 1302 1516 1308 0 0
1555 T 1853 136 1300 0 0
1555 T 1516 138 2201 0 0
1555 T 1305 1513 1295 0 0
1555 T 1297 133 1764 0 0
1555 T 1766 2263 1303 0 0
1555 T 2263 131 1513 0 0
1555 T 359 363 356 0 0
1555 T 358 1531 3071 0 0
1555 T 3073 2785 361 0 0
1555 T 2785 1533 363 0 0
1555 T 361 2719 3131 0 0
1555 T 353 370 359 0 0
1555 T 3133 1530 351 0 0
1555 T 370 1528 2719 0 0
1555 T 770 2753 2391 0 0
1555 T 2393 661 773 0 0
1555 T 661 2751 775 0 0
1555 T 773 664 2324 0 0
1555 T 2326 2815 763 0 0
1555 T 782 2817 664 0 0
1555 T 2241 1511 108 0 0
1555 T 1511 1515 1526 0 0
1555 T 106 1517 2304 0 0
1555 T 434 715 2395 0 0
1555 T 2397 722 2327 0 0
1555 T 2329 716 432 0 0
1555 T 716 720 715 0 0
1555 T 771 655 2843 0 0
1555 T 2190 583 655 0 0
1555 T 2921 655 771 0 0
1555 T 655 583 2251 0 0
1555 T 1240 2107 2147 0 0
1555 T 1238 1234 1242 1 0
1555 T 2149 182 1236 0 0
1555 T 1234 180 2107 0 0
1555 T 2990 100 3119 1 0
1555 T 3121 105 3183 0 0
1555 T 3185 94 2988 0 0
1555 T 94 103 100 0 0
1555 T 2985 95 3251 0 0
1555 T 3062 101 2983 -1 0
1555 T 3253 108 3060 0 0
1555 T 101 110 95 1 0
1555 T 655 659 652 0 0
1555 T 654 2713 2251 0 0
1555 T 649 666 655 0 0
1555 T 2190 2775 647 0 0
1555 T 167 939 1851 0 0
1555 T 1310 2405 169 0 0
1555 T 169 2335 1303 0 0
1555 T 1766 939 167 0 0
1555 T 910 2330 2643 0 0
1555 T 906 1076 908 0 0
1555 T 1076 589 2330 0 0
1555 T 909 1073 899 0 0
1555 T 2574 2395 907 0 0
1555 T 2395 592 1073 0 0
1555 T 2393 654 2843 0 0
1555 T 2921 647 2324 0 0
1555 T 910 718 2772 0 0
1555 T 2774 720 2707 0 0
1555 T 2709 717 908 0 0
1555 T 178 2051 1316 0 0
1555 T 1326 2290 176 0 0
1555 T 1318 1444 1324 0 0
1555 T 2290 1446 2051 0 0
1555 T 173 2224 1319 0 0
1555 T 1321 1441 1311 0 0
1555 T 1313 2097 171 0 0
1555 T 2097 1439 2224 0 0
1555 T 262 983 2075 0 0
1555 T 2077 921 2587 0 0
1555 T 2589 927 260 0 0
1555 T 927 919 983 0 0
1555 T 257 926 2659 0 0
1555 T 2034 982 255 0 0
1555 T 2661 916 2032 0 0
1555 T 982 918 926 0 0
1555 T 1230 1677 1819 0 0
1555 T 1222 1475 1228 0 0
1555 T 1821 48 1220 0 0
1555 T 1475 50 1677 0 0
1555 T 1225 1474 1215 0 0
1555 T 1217 48 1732 0 0
1555 T 1734 1728 1223 0 0
1555 T 1728 50 1474 0 0
1555 T 2857 149 2476 0 0
1555 T 2474 150 2932 0 0
1555 T 149 148 143 -1 0
1555 T 1146 536 2639 0 0
1555 T 2641 413 3067 0 0
1555 T 3069 403 1144 0 0
1555 T 403 411 536 0 0
1555 T 1141 402 3127 0 0
1555 T 2570 533 1139 0 0
1555 T 3129 408 2568 0 0
1555 T 533 410 402 0 0
1555 T 878 1021 868 0 0
1555 T 870 2364 2063 0 0
1555 T 2065 221 876 0 0
1555 T 221 2366 1021 0 0
1555 T 873 221 2020 0 0
1555 T 865 1016 871 0 0
1555 T 2022 2434 863 0 0
1555 T 1016 2432 221 0 0
1555 T 778 842 780 0 0
1555 T 1160 1156 1157 0 0
1555 T 51 1403 1615 0 0
1555 T 1617 1538 2123 0 0
1555 T 2125 1397 53 0 0
1555 T 1397 1536 1403 0 0
1555 T 53 1400 2163 0 0
1555 T 1574 1410 51 0 0
1555 T 2165 1538 1572 0 0
1555 T 1410 1536 1400 0 0
1555 T 922 2131 2788 0 0
1555 T 914 998 920 0 0
1555 T 998 479 2131 0 0
1555 T 917 998 911 0 0
1555 T 2726 2173 915 0 0
1555 T 2173 478 998 0 0
1555 T 2139 654 582 0 0
1555 T 575 647 2181 0 0
1555 T 67 1568 1332 0 0
1555 T 1342 2281 69 0 0
1555 T 1334 1501 1340 0 0
1555 T 2281 1499 1568 0 0
1555 T 69 2215 1335 0 0
1555 T 1337 1504 1327 0 0
1555 T 1329 1613 67 0 0
1555 T 1613 1506 2215 0 0
1555 T 274 2246 788 0 0
1555 T 790 851 784 0 0
1555 T 786 2307 272 0 0
1555 T 2307 853 2246 0 0
1555 T 430 465 420 0 0
1555 T 422 1371 2711 0 0
1555 T 2713 3160 428 0 0
1555 T 3160 1373 465 0 0
1555 T 425 3102 2775 0 0
1555 T 417 460 423 0 0
1555 T 2777 1370 415 0 0
1555 T 460 1368 3102 0 0
1555 T 610 1059 2288 0 0
1555 T 2290 1082 2739 0 0
1555 T 1053 1080 1059 0 0
1555 T 2226 1058 603 0 0
1555 T 2805 1083 2224 0 0
1555 T 1058 1085 1052 0 0
1555 T 1222 2368 1683 0 0
1555 T 1214 1469 1220 0 0
1555 T 1685 147 1212 0 0
1555 T 1469 149 2368 0 0
1555 T 1217 1464 1207 0 0
1555 T 1209 147 1632 0 0
1555 T 1634 2438 1215 0 0
1555 T 2438 149 1464 0 0
1555 T 7 3 6 0 0
1555 T 4 3375 3239 0 0
1555 T 3310 3377 3 0 0
1555 T 2422 544 2879 0 0
1555 T 2881 518 800 0 0
1555 T 518 546 512 0 0
1555 T 797 519 2955 0 0
1555 T 2957 544 2352 0 0
1555 T 513 546 519 0 0
1555 T 98 1179 1863 0 0
1555 T 1865 1777 1970 0 0
1555 T 1171 1175 1179 0 0
1555 T 1777 1177 92 0 0
1555 T 1238 1320 1228 0 0
1555 T 1230 2198 2143 0 0
1555 T 2145 218 1236 0 0
1555 T 218 2196 1320 0 0
1555 T 1233 218 2104 0 0
1555 T 1225 1325 1231 0 0
1555 T 2106 2260 1223 0 0
1555 T 1325 2262 218 0 0
1555 T 370 1080 2067 0 0
1555 T 2069 1061 2715 0 0
1555 T 2026 1085 363 0 0
1555 T 2781 1056 2024 0 0
1555 T 182 2128 960 0 0
1555 T 962 1087 964 0 0
1555 T 966 2169 180 0 0
1555 T 2169 1089 2128 0 0
1555 T 654 3160 768 0 0
1555 T 765 3102 647 0 0
1555 T 770 3154 896 0 0
1555 T 893 3092 763 0 0
1555 T 44 3219 3288 0 0
1555 T 46 44 46 0 0
1555 T 3290 2 3219 0 0
1555 T 2 1 2 -1 0
1555 T 594 627 588 0 0
1555 T 446 505 436 0 0
1555 T 2349 3163 444 0 0
1555 T 3163 1017 505 0 0
1555 T 441 3105 2415 0 0
1555 T 437 508 439 1 0
1555 T 508 1020 3105 0 0
1555 T 238 302 240 0 0
1555 T 294 342 296 0 0
1555 T 1318 1452 1308 0 0
1555 T 1306 1450 1312 0 0
1555 T 1146 1129 1137 0 0
1555 T 1135 2184 2639 0 0
1555 T 538 2186 1129 0 0
1555 T 1137 1132 1139 0 0
1555 T 2570 2249 1135 0 0
1555 T 1132 2247 531 0 0
1555 T 178 2055 956 0 0
1555 T 958 1064 948 0 0
1555 T 950 2294 176 0 0
1555 T 2294 1066 2055 0 0
1555 T 173 2228 943 0 0
1555 T 953 2101 171 0 0
1555 T 945 1069 951 0 0
1555 T 2101 1067 2228 0 0
1555 T 1982 1988 1984 0 0
1555 T 1986 6 2035 0 0
1555 T 2082 5 1980 0 0
1555 T 595 599 596 0 0
1555 T 598 2963 1392 0 0
1555 T 1394 2890 597 0 0
1555 T 2890 2965 599 0 0
1555 T 166 187 156 0 0
1555 T 154 193 160 0 0
1555 T 12 13 1998 1 0
1555 T 1154 1176 1144 0 0
1555 T 1146 1810 2767 0 0
1555 T 306 1808 1176 0 0
1555 T 1141 1181 1147 0 0
1555 T 2706 1896 1139 0 0
1555 T 1181 1898 307 0 0
1555 T 350 1520 3199 0 0
1555 T 346 386 348 0 0
1555 T 3270 1519 344 0 0
1555 T 3201 117 3268 0 0
1555 T 166 1668 1284 0 0
1555 T 1294 2693 164 0 0
1555 T 1286 1507 1292 0 0
1555 T 2693 1509 1668 0 0
1555 T 161 2619 1287 0 0
1555 T 1289 1507 1279 0 0
1555 T 1281 1721 159 0 0
1555 T 1721 1509 2619 0 0
1555 T 290 3296 2879 0 0
1555 T 1170 544 3296 0 0
1555 T 2957 3230 283 0 0
1555 T 3230 544 1163 0 0
1555 T 1374 1463 1364 0 0
1555 T 1366 328 2119 0 0
1555 T 2121 2441 1372 0 0
1555 T 2441 330 1463 0 0
1555 T 1369 2371 2159 0 0
1555 T 1361 1470 1367 0 0
1555 T 2161 328 1359 0 0
1555 T 1470 330 2371 0 0
1555 T 250 2956 2476 0 0
1555 T 242 286 248 0 0
1555 T 2478 3229 240 0 0
1555 T 245 287 235 0 0
1555 T 237 3295 2471 0 0
1555 T 2473 2882 243 0 0
1555 T 102 3173 1976 -1 0
1555 T 1978 2898 96 0 0
1555 T 107 2896 3173 0 0
1555 T 93 2972 1971 0 0
1555 T 1973 3111 99 0 0
1555 T 3111 2974 106 0 0
1555 T 422 2120 580 0 0
1555 T 577 2162 415 0 0
1555 T 1126 1197 1116 0 0
1555 T 1118 2746 2147 0 0
1555 T 2149 479 1124 0 0
1555 T 1121 478 2108 0 0
1555 T 1113 1197 1119 0 0
1555 T 2110 2808 1111 0 0
1555 T 2470 52 3124 0 0
1555 T 3126 57 3063 0 0
1555 T 3065 51 2468 0 0
1555 T 51 55 52 0 0
1555 T 1266 608 2767 0 0
1555 T 2769 565 3067 0 0
1555 T 3069 571 1264 0 0
1555 T 571 563 608 0 0
1555 T 1261 570 3127 0 0
1555 T 2706 605 1259 0 0
1555 T 3129 560 2704 0 0
1555 T 605 562 570 0 0
1555 T 474 484 464 0 0
1555 T 466 3168 1976 0 0
1555 T 1978 2893 472 0 0
1555 T 2893 3170 484 0 0
1555 T 469 2967 1971 0 0
1555 T 461 489 467 0 0
1555 T 1973 3110 459 0 0
1555 T 489 3108 2967 0 0
1555 T 1258 323 2639 0 0
1555 T 2641 274 3187 1 0
1555 T 3189 276 1256 0 0
1555 T 276 272 323 0 0
1555 T 1253 281 3255 0 0
1555 T 2570 322 1251 0 0
1555 T 3257 271 2568 0 0
1555 T 322 273 281 0 0
1555 T 2041 984 472 0 0
1555 T 2946 994 2039 0 0
1555 T 984 992 1000 0 0
1555 T 469 981 2083 0 0
1555 T 2085 987 2868 0 0
1555 T 1005 989 981 0 0
1555 T 72 68 69 0 0
1555 T 67 3339 3207 0 0
1555 T 3209 3278 74 -1 0
1555 T 3278 3341 68 0 0
1555 T 251 255 248 0 0
1555 T 250 926 2851 0 0
1555 T 2853 2661 253 0 0
1555 T 253 2587 2927 0 0
1555 T 245 262 251 0 0
1555 T 2929 927 243 0 0
1555 T 298 1818 992 0 0
1555 T 994 990 36 0 0
1555 T 2002 1905 1818 0 0
1555 T 990 1903 292 0 0
1555 T 1258 1330 1248 0 0
1555 T 1250 1565 2635 0 0
1555 T 2637 120 1256 0 0
1555 T 120 1563 1330 0 0
1555 T 1253 125 2564 0 0
1555 T 1245 1331 1251 0 0
1555 T 2566 1608 1243 0 0
1555 T 1331 1610 125 0 0
1555 T 694 1030 2940 0 0
1555 T 2209 1060 692 0 0
1555 T 2942 1036 2207 0 0
1555 T 1060 1038 1030 0 0
1555 T 689 1057 2271 0 0
1555 T 2273 1041 2864 0 0
1555 T 2866 1031 687 0 0
1555 T 1031 1039 1057 0 0
1555 T 379 994 1873 0 0
1555 T 1784 987 379 0 0
1555 T 447 451 444 0 0
1555 T 446 3218 2676 0 0
1555 T 2678 1345 449 0 0
1555 T 1345 3216 451 0 0
1555 T 449 1348 2604 0 0
1555 T 441 458 447 0 0
1555 T 2606 3284 439 0 0
1555 T 458 3286 1348 0 0
1555 T 358 934 3075 0 0
1555 T 350 388 356 0 0
1555 T 3077 2404 348 0 0
1555 T 353 388 343 0 0
1555 T 345 2338 3135 0 0
1555 T 3137 935 351 0 0
1555 T 803 807 800 0 0
1555 T 2881 2089 805 0 0
1555 T 2089 518 807 0 0
1555 T 805 2043 2955 0 0
1555 T 797 814 803 0 0
1555 T 814 519 2043 0 0
1555 T 51 1411 2284 0 0
1555 T 2286 1475 1615 0 0
1555 T 1405 1477 1411 0 0
1555 T 1574 1474 2220 0 0
1555 T 2222 1418 51 0 0
1555 T 1418 1472 1408 0 0
1555 T 1266 2047 2639 0 0
1555 T 1258 1426 1264 0 0
1555 T 1426 323 2047 0 0
1555 T 1261 1419 1251 0 0
1555 T 2570 2093 1259 0 0
1555 T 2093 322 1419 0 0
1555 T 1258 1614 2387 0 0
1555 T 2389 70 1248 0 0
1555 T 1245 70 2320 0 0
1555 T 2322 1567 1251 0 0
1555 T 262 811 2071 0 0
1555 T 2073 828 2583 0 0
1555 T 2585 821 260 0 0
1555 T 821 830 811 0 0
1555 T 257 816 2655 0 0
1555 T 2030 810 255 0 0
1555 T 2657 825 2028 0 0
1555 T 810 823 816 0 0
1555 T 654 2135 760 0 0
1555 T 762 837 768 0 0
1555 T 3162 835 2135 0 0
1555 T 765 832 755 0 0
1555 T 757 2177 647 0 0
1555 T 2177 834 3100 0 0
1555 T 3318 113 3268 0 0
1555 T 3201 114 3316 0 0
1555 T 114 117 113 0 0
1555 T 87 1955 1707 0 0
1555 T 1709 1964 2207 0 0
1555 T 2209 1949 89 0 0
1555 T 1949 1966 1955 0 0
1555 T 89 1952 2271 0 0
1555 T 1658 1955 87 0 0
1555 T 2273 1961 1656 0 0
1555 T 1955 1959 1952 0 0
1555 T 1808 565 405 0 0
1555 T 400 560 1898 0 0
1555 T 422 1963 2715 0 0
1555 T 414 457 420 0 0
1555 T 2717 3311 412 0 0
1555 T 457 3313 1963 0 0
1555 T 417 452 407 0 0
1555 T 409 3245 2779 0 0
1555 T 2781 1962 415 0 0
1555 T 1962 3243 452 0 0
1555 T 1126 2901 2063 0 0
1555 T 2065 520 1116 0 0
1555 T 1113 517 2020 0 0
1555 T 2022 2975 1119 0 0
1555 T 1286 1282 1278 -1 0
1555 T 1462 1521 1452 0 0
1555 T 1450 1522 1456 0 0
1555 T 466 836 1867 0 0
1555 T 1782 833 459 0 0
1555 T 3209 623 1348 0 0
1555 T 1346 624 3276 0 0
1555 T 623 626 622 -1 0
1555 T 1270 713 2916 0 0
1555 T 2918 707 2839 0 0
1555 T 2841 714 1268 0 0
1555 T 714 709 713 0 0
1555 T 2049 413 573 0 0
1555 T 568 408 2091 0 0
1555 T 1302 1506 1292 0 0
1555 T 1294 2754 1847 0 0
1555 T 1849 303 1300 0 0
1555 T 1297 310 1760 0 0
1555 T 1289 1499 1295 0 0
1555 T 1762 2816 1287 0 0
1555 T 566 1060 3191 0 0
1555 T 3193 2289 572 0 0
1555 T 569 2223 3259 0 0
1555 T 3261 1057 559 0 0
1555 T 1206 1275 1200 0 0
1555 T 1202 155 1539 0 0
1555 T 1585 153 1204 0 0
1555 T 1541 2000 1583 0 0
1555 T 2069 723 412 0 0
1555 T 723 1061 3313 0 0
1555 T 409 723 2024 0 0
1555 T 3243 1056 723 0 0
1555 T 1944 1940 1941 0 0
1555 T 1939 2415 84 0 0
1555 T 82 2350 1940 0 0
1555 T 958 1072 964 0 0
1555 T 962 1078 952 0 0
1555 T 686 726 692 0 0
1555 T 2209 3312 684 0 0
1555 T 689 726 679 0 0
1555 T 681 3246 2271 0 0
1555 T 414 690 2847 0 0
1555 T 2849 2268 404 0 0
1555 T 535 2270 690 0 0
1555 T 401 2206 2923 0 0
1555 T 2925 691 407 0 0
1555 T 691 2204 534 0 0
1555 T 1150 1186 1152 0 0
1555 T 0 3179 3248 0 0
1555 T 3250 139 3179 0 0
1555 T 139 141 139 -1 0
1555 T 182 2888 3452 0 0
1555 T 178 185 180 0 0
1555 T 3454 3038 176 0 0
1555 T 185 3036 2888 0 0
1555 T 181 185 171 0 0
1555 T 173 3031 3396 0 0
1555 T 3398 2966 179 0 0
1555 T 2966 3033 185 0 0
1555 T 3011 91 2940 0 0
1555 T 2942 86 3399 0 0
1555 T 3401 89 3013 0 0
1555 T 89 84 91 0 0
1555 T 3013 89 3455 0 0
1555 T 2866 98 3011 0 0
1555 T 3457 79 2864 0 0
1555 T 98 81 89 0 0
1555 T 370 1494 2071 0 0
1555 T 2073 1484 2719 0 0
1555 T 1530 1486 1494 0 0
1555 T 2030 1487 363 0 0
1555 T 2785 1481 2028 0 0
1555 T 1487 1479 1531 0 0
1555 T 1434 1497 1436 0 0
1555 T 1438 4 1795 0 0
1555 T 1886 3 1432 0 0
1555 T 1797 1990 1884 0 0
1555 T 1918 1914 1910 0 0
1555 T 1135 883 3187 0 0
1555 T 3257 890 1135 0 0
1555 T 1250 1246 1242 0 0
1555 T 1240 2315 2383 0 0
1555 T 2385 438 1248 1 0
1555 T 438 2317 1246 0 0
1555 T 582 617 572 0 0
1555 T 574 3155 652 0 0
1555 T 2139 3157 617 0 0
1555 T 569 612 575 0 0
1555 T 649 3097 567 0 0
1555 T 612 3095 2181 0 0
1555 T 502 3305 1012 0 0
1555 T 492 496 500 0 0
1555 T 496 1008 3238 0 0
1555 T 3236 227 3305 0 0
1555 T 199 2011 2308 0 0
1555 T 2009 2014 2011 0 0
1555 T 2245 2012 200 0 0
1555 T 251 2479 2719 0 0
1555 T 2721 3469 260 0 0
1555 T 3469 2481 245 0 0
1555 T 257 3411 2783 0 0
1555 T 2785 2486 251 0 0
1555 T 248 2484 3411 0 0
1555 T 770 2218 888 0 0
1555 T 890 970 896 0 0
1555 T 3152 968 2218 0 0
1555 T 893 970 883 0 0
1555 T 885 2280 763 0 0
1555 T 2280 968 3094 0 0
1555 T 406 2539 3071 0 0
1555 T 396 400 404 0 0
1555 T 3073 3134 398 0 0
1555 T 400 3132 2539 0 0
1555 T 449 1340 2275 0 0
1555 T 2277 1438 2604 0 0
1555 T 1350 1436 1340 0 0
1555 T 2214 1338 450 0 0
1555 T 2677 1432 2212 0 0
1555 T 1338 1434 1344 0 0
1555 T 654 704 644 0 0
1555 T 646 3291 760 0 0
1555 T 2137 3293 704 0 0
1555 T 641 704 647 0 0
1555 T 757 3225 639 0 0
1555 T 704 3223 2175 0 0
1555 T 2502 125 2587 0 0
1555 T 2077 1580 2500 0 0
1555 T 1580 921 125 0 0
1555 T 2497 1625 2032 0 0
1555 T 2661 120 2495 0 0
1555 T 120 916 1625 0 0
1555 T 126 1501 2792 0 0
1555 T 2794 1342 1607 0 0
1555 T 1566 1335 2728 0 0
1555 T 2730 1504 119 0 0
1555 T 878 3104 1823 0 0
1555 T 1825 509 868 0 0
1555 T 865 504 1736 0 0
1555 T 1738 3166 871 0 0
1555 T 1106 2345 1591 0 0
1555 T 1098 1164 1104 0 0
1555 T 1593 84 1096 0 0
1555 T 1164 86 2345 0 0
1555 T 1101 1169 1091 0 0
1555 T 1093 81 1548 0 0
1555 T 1550 2411 1099 0 0
1555 T 2411 79 1169 0 0
1555 T 782 1290 2647 0 0
1555 T 2649 1759 664 0 0
1555 T 661 1850 2576 0 0
1555 T 2578 1291 775 0 0
1555 T 1613 277 969 0 0
1555 T 969 280 1568 0 0
1555 T 2069 682 2847 0 0
1555 T 2925 683 2024 0 0
1555 T 646 2054 572 0 0
1555 T 3193 1445 644 0 0
1555 T 569 2096 639 0 0
1555 T 641 1440 3259 0 0
1555 T 3077 168 3448 0 0
1555 T 3450 1307 348 0 0
1555 T 345 1306 3392 0 0
1555 T 3394 168 3135 0 0
1555 T 1821 2532 1683 0 0
1555 T 2370 2534 50 0 0
1555 T 1634 2537 1732 0 0
1555 T 50 2535 2436 0 0
1555 T 138 121 129 0 0
1555 T 127 2728 3140 0 0
1555 T 3142 1504 136 0 0
1555 T 133 1501 3080 0 0
1555 T 129 124 131 0 0
1555 T 3082 2794 127 0 0
1555 T 250 804 1695 0 0
1555 T 1697 2044 2476 0 0
1555 T 2473 2090 1644 0 0
1555 T 1646 804 243 0 0
1555 T 9 234 2824 0 0
1555 T 2826 228 2759 0 0
1555 T 2761 233 10 0 0
1555 T 233 230 234 0 0
1555 T 70 3088 3460 0 0
1555 T 3462 59 3403 0 0
1555 T 3405 3149 69 0 0
1555 T 126 2547 2788 0 0
1555 T 1579 2131 2547 0 0
1555 T 2726 2547 119 0 0
1555 T 2547 2173 1626 0 0
1555 T 762 3281 888 0 0
1555 T 2216 3279 835 0 0
1555 T 885 3211 755 0 0
1555 T 834 3213 2282 0 0
1555 T 3157 704 2052 0 0
1555 T 2098 704 3095 0 0
1555 T 1214 1273 1204 -1 0
1555 T 1206 2860 1679 0 0
1555 T 1681 338 1212 0 0
1555 T 1209 331 1628 0 0
1555 T 1201 1272 1207 0 0
1555 T 1630 2938 1199 0 0
1555 T 2510 1675 1615 0 0
1555 T 2286 50 2508 0 0
1555 T 2505 50 2220 0 0
1555 T 1574 1730 2503 0 0
1555 T 3342 192 3280 0 0
1555 T 3282 32 3211 0 0
1555 T 3213 190 3340 0 0
1555 T 190 32 192 0 0
1555 T 1585 2005 1679 0 0
1555 T 1630 2005 1540 0 0
1555 T 1954 4 2211 0 0
1555 T 2678 1883 1952 0 0
1555 T 1949 1797 2604 0 0
1555 T 2277 4 1947 0 0
1555 T 126 143 120 0 0
1555 T 1214 2857 1587 0 0
1555 T 1589 205 1204 0 0
1555 T 1201 205 1544 0 0
1555 T 1546 2931 1207 0 0
1555 T 2385 507 3379 0 0
1555 T 3381 442 1248 0 0
1555 T 1245 443 3435 0 0
1555 T 3437 506 2316 0 0
1555 T 750 816 740 0 0
1555 T 742 2763 1823 0 0
1555 T 1825 294 748 0 0
1555 T 294 2765 816 0 0
1555 T 745 295 1736 0 0
1555 T 737 821 743 0 0
1555 T 1738 2829 735 0 0
1555 T 821 2827 295 0 0
1555 T 1881 1893 1875 0 0
1555 T 1877 227 1787 0 0
1555 T 1789 1804 1791 0 0
1555 T 1892 224 1805 0 0
1555 T 270 297 260 0 0
1555 T 2585 2827 268 0 0
1555 T 265 2765 2655 0 0
1555 T 257 292 263 0 0
1555 T 752 756 760 0 0
1555 T 3293 3226 301 0 0
1555 T 708 2235 2300 0 0
1555 T 2302 317 713 0 0
1555 T 317 2237 714 0 0
1555 T 2769 2237 1268 0 0
1555 T 1269 2299 2704 0 0
1555 T 1986 1993 1976 0 0
1555 T 1978 2378 2035 0 0
1555 T 4 2376 1993 0 0
1555 T 1973 1993 1979 0 0
1555 T 2081 2444 1971 0 0
1555 T 1993 2446 4 0 0
1555 T 2822 1534 108 0 0
1555 T 2897 1072 2820 0 0
1555 T 1534 1074 3174 0 0
1555 T 105 1527 2756 0 0
1555 T 2758 1077 2971 0 0
1555 T 3112 1075 1527 0 0
1555 T 1350 1429 1356 0 0
1555 T 1354 1430 1344 0 0
1555 T 1685 2478 1587 0 0
1555 T 1546 2471 1632 0 0
1555 T 1709 456 684 0 0
1555 T 681 453 1656 0 0
1555 T 56 3472 3415 0 0
1555 T 3417 613 1429 0 0
1555 T 1430 615 3472 0 0
1555 T 613 617 619 1 0
1555 T 167 171 164 0 0
1555 T 1294 3206 169 0 0
1555 T 3206 2693 171 0 0
1555 T 169 3272 1287 0 0
1555 T 161 178 167 0 0
1555 T 178 2619 3272 0 0
1555 T 802 1394 2883 0 0
1555 T 2885 2962 794 0 0
1555 T 796 2960 1394 0 0
1555 T 1266 1416 1268 0 0
1555 T 1416 608 2235 0 0
1555 T 1269 1413 1259 0 0
1555 T 2301 605 1413 0 0
1555 T 87 1959 2796 0 0
1555 T 2798 1954 1707 0 0
1555 T 1658 1947 2732 0 0
1555 T 2734 1966 87 0 0
1555 T 2502 532 2591 0 0
1555 T 1841 2204 2500 0 0
1555 T 2593 693 1839 0 0
1555 T 2497 2270 1752 0 0
1555 T 1754 688 2663 0 0
1555 T 2665 537 2495 0 0
1555 T 3326 177 3448 0 0
1555 T 3077 160 3324 0 0
1555 T 3321 165 3135 0 0
1555 T 3394 172 3319 0 0
1555 T 1930 1913 1921 0 0
1555 T 1919 2104 2379 0 0
1555 T 2381 264 1928 0 0
1555 T 264 2106 1913 0 0
1555 T 1925 269 2312 0 0
1555 T 1921 1916 1923 0 0
1555 T 2314 2145 1919 0 0
1555 T 1916 2143 269 0 0
1555 T 541 535 531 0 0
1555 T 350 946 3195 0 0
1555 T 3197 2264 356 0 0
1555 T 353 2202 3263 0 0
1555 T 3265 947 343 0 0
1555 T 3306 20 233 1 0
1555 T 20 3237 234 0 0
1555 T 906 2974 1152 0 0
1555 T 1154 2755 908 0 0
1555 T 909 2821 1147 0 0
1555 T 1149 2896 899 0 0
1555 T 2822 2757 1186 0 0
1555 T 1524 1528 1532 0 0
1555 T 566 1038 1831 0 0
1555 T 1833 1028 3191 0 0
1555 T 1746 1039 559 0 0
1555 T 3261 1033 1744 0 0
1555 T 1470 335 3480 0 0
1555 T 3482 322 2371 0 0
1555 T 328 320 335 0 0
1555 T 2441 323 3424 0 0
1555 T 3426 334 1463 0 0
1555 T 334 325 328 0 0
1555 T 978 613 3464 0 0
1555 T 3466 3096 288 0 0
1555 T 285 3158 3408 0 0
1555 T 3410 616 971 0 0
1555 T 2885 53 2513 0 0
1555 T 2514 54 2960 0 0
1555 T 86 3231 2796 0 0
1555 T 1961 3233 91 0 0
1555 T 2734 3301 79 0 0
1555 T 98 3299 1964 0 0
1555 T 1978 2699 1863 0 0
1555 T 1181 2701 2896 0 0
1555 T 1778 2629 1971 0 0
1555 T 2974 2627 1176 0 0
1555 T 1098 1160 1092 0 0
1555 T 1094 238 1543 0 0
1555 T 1589 240 1096 0 0
1555 T 1545 40 1587 0 0
1555 T 1402 2169 597 0 0
1555 T 1394 1480 1400 0 0
1555 T 2169 1482 2888 0 0
1555 T 597 2127 1395 0 0
1555 T 1397 1485 1391 0 0
1555 T 2966 1483 2127 0 0
1555 T 898 3148 1144 0 0
1555 T 1146 2629 904 0 0
1555 T 2629 3150 974 0 0
1555 T 901 2699 1139 0 0
1555 T 1141 3090 891 0 0
1555 T 975 3088 2699 0 0
1555 T 813 1484 3467 0 0
1555 T 3413 1481 808 0 0
1555 T 2577 210 2647 0 0
1555 T 50 45 49 0 0
1555 T 1833 2626 644 0 0
1555 T 2626 1028 1443 0 0
1555 T 641 2696 1744 0 0
1555 T 1442 1033 2696 0 0
1555 T 3189 968 2387 0 0
1555 T 2322 968 3255 0 0
1555 T 510 525 500 0 0
1555 T 498 527 504 0 0
1555 T 1098 3227 1683 0 0
1555 T 1685 543 1104 0 0
1555 T 1101 543 1632 0 0
1555 T 1634 3297 1091 0 0
1555 T 238 3292 3316 0 0
1555 T 3318 3225 240 0 0
1555 T 3381 670 2635 0 0
1555 T 1563 668 440 0 0
1555 T 2566 671 3435 0 0
1555 T 445 673 1610 0 0
1555 T 966 1482 3452 0 0
1555 T 3398 1483 959 0 0
1555 T 1135 891 2387 0 0
1555 T 2322 898 1135 0 0
1555 T 1390 112 2948 0 0
1555 T 2950 117 2871 0 0
1555 T 2873 111 1388 0 0
1555 T 1593 2994 1547 0 0
1555 T 1134 3090 2387 0 0
1555 T 2322 3148 1127 0 0
1555 T 2426 2165 2513 0 0
1555 T 2885 1400 2424 0 0
1555 T 2513 2123 2356 0 0
1555 T 2358 1397 2959 0 0
1555 T 1134 3462 1248 0 0
1555 T 1245 3404 1127 0 0
1555 T 878 874 882 0 0
1555 T 1024 1028 1032 0 0
1555 T 242 3157 3324 0 0
1555 T 3326 3409 248 0 0
1555 T 245 3463 3319 0 0
1555 T 3321 3095 235 0 0
1555 T 1118 1101 1109 0 0
1555 T 1107 1636 2059 0 0
1555 T 2061 65 1116 0 0
1555 T 65 1638 1101 0 0
1555 T 1113 65 2016 0 0
1555 T 1109 1104 1111 0 0
1555 T 2018 1689 1107 0 0
1555 T 1104 1687 65 0 0
1555 T 803 2356 3468 0 0
1555 T 1485 2358 797 0 0
1555 T 3414 2426 803 0 0
1555 T 800 2424 1480 0 0
1555 T 490 3477 997 0 0
1555 T 518 2134 3477 0 0
1555 T 997 3419 483 0 0
1555 T 3419 2172 519 0 0
1555 T 178 2739 3568 0 0
1555 T 3570 3021 180 0 0
1555 T 3021 2741 183 0 0
1555 T 181 3024 3508 0 0
1555 T 3510 2805 171 0 0
1555 T 183 2803 3024 0 0
1555 T 1342 831 3584 0 0
1555 T 3586 3214 69 0 0
1555 T 69 3280 3524 0 0
1555 T 3526 838 1335 0 0
1555 T 3586 189 3207 0 0
1555 T 3277 192 3524 0 0
1555 T 158 1577 920 0 0
1555 T 914 2811 156 0 0
1555 T 2811 998 1577 0 0
1555 T 153 2749 911 0 0
1555 T 917 1620 151 0 0
1555 T 1620 998 2749 0 0
1555 T 1965 1961 1969 0 0
1555 T 1939 439 3580 0 0
1555 T 3582 3105 84 0 0
1555 T 81 3163 3520 0 0
1555 T 3522 446 1939 0 0
1555 T 1126 3601 876 0 0
1555 T 3601 2901 219 0 0
1555 T 873 3539 1119 0 0
1555 T 219 2975 3539 0 0
1555 T 458 1666 1356 0 0
1555 T 3284 1429 1666 0 0
1555 T 1353 1715 451 0 0
1555 T 1715 1429 3218 0 0
1555 T 414 2982 580 0 0
1555 T 2122 2980 455 0 0
1555 T 577 2904 407 0 0
1555 T 454 2906 2160 0 0
1555 T 212 2664 2591 0 0
1555 T 350 1453 1603 0 0
1555 T 1605 1459 3199 0 0
1555 T 1562 1448 343 0 0
1555 T 3269 1458 1560 0 0
1555 T 1670 1722 3039 -1 0
1555 T 98 1039 1859 0 0
1555 T 1861 1063 2115 0 0
1555 T 2117 1049 96 0 0
1555 T 1049 1065 1039 0 0
1555 T 93 1044 2155 0 0
1555 T 1774 1038 91 0 0
1555 T 2157 1070 1772 0 0
1555 T 1038 1068 1044 0 0
1555 T 878 3594 748 0 0
1555 T 3594 3104 292 0 0
1555 T 745 3532 871 0 0
1555 T 297 3166 3532 0 0
1555 T 2853 120 3564 0 0
1555 T 3566 2497 253 0 0
1555 T 253 2500 3504 0 0
1555 T 3506 125 2927 0 0
1555 T 2213 3608 456 0 0
1555 T 3608 1337 441 0 0
1555 T 453 3550 2275 0 0
1555 T 444 1340 3550 0 0
1555 T 3209 1887 1340 0 0
1555 T 1438 1889 625 0 0
1555 T 1337 1801 3275 0 0
1555 T 625 1799 1431 0 0
1555 T 2980 617 2050 0 0
1555 T 2092 612 2906 0 0
1555 T 3417 332 3284 0 0
1555 T 1666 334 611 0 0
1555 T 3218 337 3471 0 0
1555 T 618 335 1715 0 0
1555 T 2486 2425 1695 0 0
1555 T 1646 2355 2479 0 0
1555 T 2381 256 3491 0 0
1555 T 3493 291 1928 0 0
1555 T 1925 298 3551 0 0
1555 T 3553 261 2312 0 0
1555 T 1986 2102 472 0 0
1555 T 2102 1993 2891 0 0
1555 T 469 2056 1979 0 0
1555 T 2969 1993 2056 0 0
1555 T 502 843 1719 0 0
1555 T 841 846 843 0 0
1555 T 1669 844 496 0 0
1555 T 406 1750 361 0 0
1555 T 1750 2539 2783 0 0
1555 T 361 1835 399 0 0
1555 T 2721 2542 1835 0 0
1555 T 370 3578 2847 0 0
1555 T 1082 682 3578 0 0
1555 T 2925 3516 363 0 0
1555 T 3516 683 1083 0 0
1555 T 1326 1082 3568 0 0
1555 T 3510 1083 1319 0 0
1555 T 42 2432 2363 -1 0
1555 T 222 219 224 0 0
1555 T 3334 135 3564 0 0
1555 T 2853 128 3332 0 0
1555 T 3329 128 2927 0 0
1555 T 3506 134 3327 0 0
1555 T 3602 61 3539 0 0
1555 T 75 2736 1372 0 0
1555 T 1786 1457 2736 0 0
1555 T 1369 2802 75 0 0
1555 T 2802 1460 1871 0 0
1555 T 194 849 2428 0 0
1555 T 1801 836 192 0 0
1555 T 2430 830 1799 0 0
1555 T 836 828 849 0 0
1555 T 189 833 1887 0 0
1555 T 1889 823 2360 0 0
1555 T 2362 849 187 0 0
1555 T 849 825 833 0 0
1555 T 350 1070 1599 0 0
1555 T 1601 954 3195 0 0
1555 T 1558 1063 343 0 0
1555 T 3265 955 1556 0 0
1555 T 3171 2378 1489 0 0
1555 T 1492 2444 3113 0 0
1555 T 814 3421 2520 0 0
1555 T 2522 2172 2043 0 0
1555 T 2517 3475 807 0 0
1555 T 2089 2134 2515 0 0
1555 T 2637 2565 1934 0 0
1555 T 3197 132 3560 0 0
1555 T 3562 1512 356 0 0
1555 T 353 1517 3500 0 0
1555 T 3502 137 3263 0 0
1555 T 310 2241 3484 0 0
1555 T 3486 1189 313 0 0
1555 T 313 1189 3428 0 0
1555 T 3430 2303 303 0 0
1555 T 752 744 748 0 0
1555 T 3533 29 3592 0 0
1555 T 1869 2949 1385 0 0
1555 T 1385 2871 1780 0 0
1555 T 1857 2687 692 0 0
1555 T 1840 1844 1855 0 0
1555 T 2687 1846 2594 0 0
1555 T 1876 1829 1833 0 0
1555 T 2624 2685 1878 0 0
1555 T 2685 646 1829 0 0
1555 T 2663 1756 2618 0 0
1555 T 2616 1769 690 0 0
1555 T 1769 1758 1754 0 0
1555 T 1744 1740 1789 0 0
1555 T 1787 2611 2698 0 0
1555 T 641 2613 1740 0 0
1555 T 958 2377 3452 0 0
1555 T 1480 2375 1074 0 0
1555 T 3398 2443 951 0 0
1555 T 1075 2445 1485 0 0
1555 T 1126 1193 1132 0 0
1555 T 1130 1194 1120 0 0
1555 T 1442 37 1444 0 0
1555 T 2625 223 2696 0 0
1555 T 2470 788 3119 0 0
1555 T 3121 851 3059 0 0
1555 T 3061 786 2468 0 0
1555 T 3011 1772 2207 0 0
1555 T 2273 1861 3011 0 0
1555 T 3454 3 3511 0 0
1555 T 3513 2970 176 0 0
1555 T 2970 5 3036 0 0
1555 T 173 2892 3571 0 0
1555 T 3573 3 3396 0 0
1555 T 3033 5 2892 0 0
1555 T 197 2750 2813 0 0
1555 T 2494 2546 2500 0 0
1555 T 1841 135 2492 0 0
1555 T 2546 137 2206 0 0
1555 T 2497 2546 2487 0 0
1555 T 2489 134 1752 0 0
1555 T 2268 132 2546 0 0
1555 T 490 824 1619 0 0
1555 T 3475 2748 824 0 0
1555 T 1578 829 483 0 0
1555 T 829 2814 3421 0 0
1555 T 958 1992 3511 0 0
1555 T 3573 1992 951 0 0
1555 T 2794 3548 672 0 0
1555 T 669 3610 2728 0 0
1555 T 3010 2213 1707 0 0
1555 T 2798 4 3008 0 0
1555 T 3005 4 2732 0 0
1555 T 1658 2275 3003 0 0
1555 T 3181 702 2988 0 0
1555 T 2986 701 3248 0 0
1555 T 702 699 696 1 0
1555 T 2454 2033 2379 0 0
1555 T 2313 2075 2448 0 0
1555 T 359 3327 2847 0 0
1555 T 3576 3329 353 0 0
1555 T 2925 3334 359 0 0
1555 T 356 3332 3518 0 0
1555 T 282 3175 788 0 0
1555 T 321 2246 3175 0 0
1555 T 785 3117 275 0 0
1555 T 3117 2308 324 0 0
1555 T 1853 3140 1292 0 0
1555 T 1289 3082 1764 0 0
1555 T 490 3488 3036 0 0
1555 T 3109 5 3488 0 0
1555 T 3033 3434 483 0 0
1555 T 3434 5 3167 0 0
1555 T 3450 1315 1603 0 0
1555 T 1562 1314 3392 0 0
1555 T 346 1050 3387 0 0
1555 T 3446 1044 348 0 0
1555 T 3389 230 3444 0 0
1555 T 822 2814 2520 0 0
1555 T 2517 2748 815 0 0
1555 T 554 957 3495 0 0
1555 T 550 629 552 0 0
1555 T 3558 951 548 0 0
1555 T 3497 141 3556 0 0
1555 T 2262 2552 2195 0 0
1555 T 242 704 1603 0 0
1555 T 1605 2054 3324 0 0
1555 T 3321 2096 1560 0 0
1555 T 1562 704 235 0 0
1555 T 225 3432 3487 0 0
1555 T 2470 2284 2911 0 0
1555 T 2466 2510 2468 0 0
1555 T 2913 50 2464 0 0
1555 T 2469 2503 2459 0 0
1555 T 2461 50 2836 0 0
1555 T 2838 2222 2467 0 0
1555 T 2684 58 2613 0 0
1555 T 2687 55 2618 0 0
1555 T 3318 2177 1603 0 0
1555 T 1562 2135 3315 0 0
1555 T 666 3479 2579 0 0
1555 T 2581 321 592 0 0
1555 T 589 324 2651 0 0
1555 T 2653 3425 659 0 0
1555 T 251 2487 1835 0 0
1555 T 2481 2542 2487 0 0
1555 T 1750 2494 251 0 0
1555 T 2494 2539 2484 0 0
1555 T 166 2682 928 0 0
1555 T 930 2875 156 0 0
1555 T 189 2877 2682 0 0
1555 T 153 2953 923 0 0
1555 T 925 2608 159 0 0
1555 T 2608 2951 192 0 0
1555 T 941 3140 3204 0 0
1555 T 3274 3082 941 0 0
1555 T 2538 546 3668 0 0
1555 T 2365 511 2536 0 0
1555 T 3670 521 2363 0 0
1555 T 2533 514 2431 1 0
1555 T 2433 516 3632 0 0
1555 T 3634 546 2531 0 0
1555 T 870 3667 1116 0 0
1555 T 1113 3633 863 0 0
1555 T 1841 3143 2484 0 0
1555 T 2481 3085 1752 0 0
1555 T 310 1511 3535 0 0
1555 T 3537 110 3484 0 0
1555 T 3430 103 3595 0 0
1555 T 3597 1518 303 0 0
1555 T 3065 1411 2911 0 0
1555 T 2838 1418 3123 0 0
1555 T 391 3263 3495 0 0
1555 T 554 1558 393 0 0
1555 T 393 1599 547 0 0
1555 T 3557 3197 391 0 0
1555 T 502 3675 2619 0 0
1555 T 845 1509 3675 0 0
1555 T 2693 3641 495 0 0
1555 T 3641 1509 845 0 0
1555 T 1681 3481 1220 0 0
1555 T 1217 3423 1628 0 0
1555 T 2454 981 3491 0 0
1555 T 3553 984 2447 0 0
1555 T 950 3053 3272 0 0
1555 T 2621 3051 2292 0 0
1555 T 3206 3056 943 0 0
1555 T 2230 3058 2691 0 0
1555 T 78 73 77 0 0
1555 T 75 3343 2871 0 0
1555 T 2950 3349 76 0 0
1555 T 3010 3608 684 0 0
1555 T 681 3550 3003 0 0
1555 T 2061 3025 2147 0 0
1555 T 2744 3023 63 0 0
1555 T 2110 3020 2016 0 0
1555 T 63 3022 2810 0 0
1555 T 2633 1904 1928 0 0
1555 T 3493 987 2631 0 0
1555 T 1925 1818 2560 0 0
1555 T 2562 994 3551 0 0
1555 T 1869 3350 2039 0 0
1555 T 2085 3343 1780 0 0
1555 T 82 30 84 0 0
1555 T 3582 341 3519 0 0
1555 T 675 679 672 0 0
1555 T 2794 3005 677 0 0
1555 T 677 3008 2728 0 0
1555 T 669 686 675 0 0
1555 T 2466 1000 2907 0 0
1555 T 2909 1045 3183 0 0
1555 T 3185 1010 2464 0 0
1555 T 2461 1011 3251 0 0
1555 T 2834 1005 2459 0 0
1555 T 3253 1048 2832 0 0
1555 T 3677 8 3640 0 0
1555 T 3401 1952 1859 0 0
1555 T 1774 1949 3455 0 0
1555 T 42 2532 2536 -1 0
1555 T 742 3665 868 0 0
1555 T 2765 509 3665 0 0
1555 T 865 3627 735 0 0
1555 T 3627 504 2827 0 0
1555 T 1575 986 2877 0 0
1555 T 2951 979 1622 0 0
1555 T 742 3117 1595 0 0
1555 T 734 783 740 0 0
1555 T 1597 277 732 0 0
1555 T 737 790 727 0 0
1555 T 729 280 1552 0 0
1555 T 1554 3175 735 0 0
1555 T 1550 2995 1636 0 0
1555 T 65 2997 2413 0 0
1555 T 1690 3001 1592 0 0
1555 T 2344 2999 66 0 0
1555 T 2385 191 1928 0 0
1555 T 2633 3049 2383 0 0
1555 T 191 3047 1906 0 0
1555 T 1925 190 2316 0 0
1555 T 2318 3044 2560 0 0
1555 T 1816 3046 190 0 0
1555 T 1828 637 1742 0 0
1555 T 1856 697 1770 0 0
1555 T 1755 208 1845 0 0
1555 T 2913 2837 1934 1 0
1555 T 2061 3509 1236 0 0
1555 T 1233 3567 2016 0 0
1555 T 694 2674 3399 0 0
1555 T 1028 86 2674 0 0
1555 T 3457 2600 687 0 0
1555 T 2600 79 1033 0 0
1555 T 2041 3588 464 0 0
1555 T 486 3590 986 0 0
1555 T 461 3530 2083 0 0
1555 T 979 3528 487 0 0
1555 T 3121 2233 2464 0 0
1555 T 2233 105 1008 0 0
1555 T 2461 2295 3060 0 0
1555 T 1013 108 2295 0 0
1555 T 2061 1084 1228 0 0
1555 T 1225 1081 2016 0 0
1555 T 1366 3647 456 0 0
1555 T 3647 328 2981 0 0
1555 T 453 3685 1359 0 0
1555 T 2903 328 3685 0 0
1555 T 3446 1036 1599 0 0
1555 T 1558 1041 3388 0 0
1555 T 3486 3429 710 -1 0
1555 T 2909 2158 2988 0 0
1555 T 2985 2116 2832 0 0
1555 T 3329 2268 1748 0 0
1555 T 1837 2206 3332 0 0
1555 T 3666 3369 500 0 0
1555 T 523 3367 2766 0 0
1555 T 497 3372 3628 0 0
1555 T 2828 3374 530 0 0
1555 T 1106 3633 1819 0 0
1555 T 1821 865 1109 0 0
1555 T 1109 868 1732 0 0
1555 T 1734 3667 1099 0 0
1555 T 3562 3501 398 0 0
1555 T 2454 1003 2631 0 0
1555 T 2562 1002 2447 0 0
1555 T 127 2407 936 0 0
1555 T 938 3058 3140 0 0
1555 T 2730 3056 2407 0 0
1555 T 933 2341 127 0 0
1555 T 3082 3051 931 0 0
1555 T 2341 3053 2792 0 0
1555 T 3301 3234 1173 0 0
1555 T 2381 216 3615 0 0
1555 T 3617 3654 0 1 0
1555 T 3654 215 2311 0 0
1555 T 215 218 214 -1 0
1555 T 3353 2368 2435 0 0
1555 T 2877 830 3588 0 0
1555 T 3530 823 2951 0 0
1555 T 2982 3613 336 0 0
1555 T 3613 3650 321 0 0
1555 T 333 3613 2904 0 0
1555 T 324 3684 3613 0 0
1555 T 838 3350 3590 0 0
1555 T 3528 3343 831 0 0
1555 T 1935 1267 2911 -1 0
1555 T 3065 1261 1937 0 0
1555 T 1937 1264 3123 0 0
1555 T 2838 1270 1935 1 0
1555 T 862 1088 856 0 0
1555 T 858 670 1547 0 0
1555 T 1593 672 860 0 0
1555 T 375 2192 428 0 0
1555 T 434 2401 377 0 0
1555 T 2401 529 2192 0 0
1555 T 377 2331 431 0 0
1555 T 425 2257 375 0 0
1555 T 2257 524 2331 0 0
1555 T 44 3672 3635 0 0
1555 T 3637 379 1460 0 0
1555 T 1458 380 3672 0 0
1555 T 2853 3740 356 0 0
1555 T 3740 128 3518 0 0
1555 T 353 3706 2927 0 0
1555 T 3576 128 3706 0 0
1555 T 2524 2516 2520 0 0
1555 T 3077 3736 248 0 0
1555 T 3736 160 3407 0 0
1555 T 245 3702 3135 0 0
1555 T 3465 165 3702 0 0
1555 T 233 3237 23 0 0
1555 T 3305 231 22 0 0
1555 T 1849 3595 1308 0 0
1555 T 1305 3537 1760 0 0
1555 T 3026 3545 488 0 0
1555 T 3545 66 2976 0 0
1555 T 485 3603 3019 0 0
1555 T 2902 66 3603 0 0
1555 T 2581 2007 2652 0 0
1555 T 3666 109 3711 0 0
1555 T 3713 2823 500 0 0
1555 T 2823 107 3367 0 0
1555 T 497 2761 3747 0 0
1555 T 3749 104 3628 0 0
1555 T 3374 106 2761 0 0
1555 T 742 110 1691 0 0
1555 T 1642 103 735 0 0
1555 T 742 2297 3695 0 0
1555 T 3733 2231 735 0 0
1555 T 3117 201 3680 0 0
1555 T 3682 2011 324 0 0
1555 T 321 2011 3644 0 0
1555 T 3646 201 3175 0 0
1555 T 224 3543 3604 0 0
1555 T 790 2233 2508 0 0
1555 T 2505 2295 783 0 0
1555 T 2877 847 3348 0 0
1555 T 3345 847 2951 0 0
1555 T 2345 3377 2796 -1 0
1555 T 3233 3375 1164 0 0
1555 T 2734 3376 2411 0 0
1555 T 1169 3378 3299 0 0
1555 T 2633 1900 3379 0 0
1555 T 509 1902 3047 0 0
1555 T 3437 1814 2560 0 0
1555 T 3046 1812 504 0 0
1555 T 1919 1231 3615 0 0
1555 T 3653 1238 1919 0 0
1555 T 370 3756 2583 0 0
1555 T 1492 828 3756 0 0
1555 T 2657 3722 363 0 0
1555 T 3722 825 1489 0 0
1555 T 1935 1938 1934 -1 0
1555 T 1664 1419 3649 0 0
1555 T 3683 1426 1717 0 0
1555 T 1837 2544 3564 0 0
1555 T 3506 2544 1748 0 0
1555 T 566 549 557 0 0
1555 T 555 3624 1831 0 0
1555 T 1036 3626 549 0 0
1555 T 557 552 559 0 0
1555 T 1746 3662 555 0 0
1555 T 552 3660 1041 0 0
1555 T 127 679 1703 0 0
1555 T 2409 3716 679 0 0
1555 T 1654 686 127 0 0
1555 T 686 3754 2339 0 0
1555 T 734 2503 3695 0 0
1555 T 3733 2510 727 0 0
1555 T 1110 3692 1224 0 0
1555 T 3730 1229 1108 0 0
1555 T 2802 3635 992 0 0
1555 T 989 3673 2736 0 0
1555 T 675 2995 2339 0 0
1555 T 3752 2997 669 0 0
1555 T 2409 3002 675 0 0
1555 T 672 3000 3718 0 0
1555 T 631 547 1595 0 0
1555 T 742 3657 633 0 0
1555 T 3657 3117 547 0 0
1555 T 633 3619 735 0 0
1555 T 1554 554 631 0 0
1555 T 554 3175 3619 0 0
1555 T 3662 3390 393 0 0
1555 T 393 3444 3624 0 0
1555 T 636 632 633 0 0
1555 T 3622 196 3655 0 0
1555 T 2633 2670 2635 0 0
1555 T 2670 1900 668 0 0
1555 T 2675 3402 1858 0 0
1555 T 2690 2673 2677 0 0
1555 T 2566 2596 2560 0 0
1555 T 2596 671 1812 0 0
1555 T 1767 3456 2605 0 0
1555 T 2603 2599 2616 0 0
1555 T 2466 2449 2457 0 0
1555 T 2455 2560 2907 0 0
1555 T 2457 2452 2459 0 0
1555 T 2834 2633 2455 0 0
1555 T 858 1618 728 0 0
1555 T 1573 861 733 0 0
1555 T 2345 3241 3008 0 0
1555 T 3005 3307 2411 0 0
1555 T 378 373 377 0 0
1555 T 2334 2401 373 0 0
1555 T 1701 613 164 0 0
1555 T 161 616 1648 0 0
1555 T 2680 3707 611 0 0
1555 T 618 3745 2610 0 0
1555 T 2049 3614 1715 0 0
1555 T 1666 3614 2091 0 0
1555 T 3758 115 3719 0 0
1555 T 1442 2558 3219 0 0
1555 T 3290 2557 1444 0 0
1555 T 3709 3746 74 1 0
1555 T 2682 2360 3348 0 0
1555 T 3345 2430 2608 0 0
1555 T 1725 233 500 0 0
1555 T 497 233 1672 0 0
1555 T 3002 3058 3008 0 0
1555 T 3005 3051 2995 0 0
1555 T 3029 3035 3031 0 0
1555 T 2990 3016 2984 0 0
1555 T 3050 3046 3042 0 0
1555 T 3021 3025 3027 1 0
1555 T 391 395 392 0 0
1555 T 250 1659 356 0 0
1555 T 353 1714 243 0 0
1555 T 2194 3365 2256 0 0
1555 T 2674 2601 1946 1 0
1555 T 750 2528 1827 0 0
1555 T 1741 2527 744 0 0
1555 T 2526 2529 2528 0 0
1555 T 2738 3351 2799 0 0
1555 T 3682 3645 630 -1 0
1555 T 1886 1862 1858 0 0
1555 T 1767 1771 1796 0 0
1555 T 1899 1812 721 0 0
1555 T 730 793 732 0 0
1555 T 1597 3690 1551 0 0
1555 T 1807 3690 1898 0 0
1555 T 198 201 200 0 0
1555 T 466 3360 1863 0 0
1555 T 3170 2699 3360 0 0
1555 T 1778 3357 459 0 0
1555 T 3357 2629 3108 0 0
1555 T 110 118 104 0 0
1555 T 270 266 34 0 0
1555 T 2197 3761 268 0 0
1555 T 266 3724 2260 0 0
1555 T 3761 2 3724 0 0
1555 T 734 2163 3763 0 0
1555 T 3765 1538 860 0 0
1555 T 857 1538 3775 0 0
1555 T 3777 2125 727 0 0
1555 T 3765 2 3776 1 -1
1555 T 2558 2553 2557 0 0
1555 T 1230 3762 1916 0 0
1555 T 1913 3724 1223 0 0
1555 T 1438 823 3784 0 0
1555 T 3786 2362 625 0 0
1555 T 625 2428 3772 0 0
1555 T 3774 830 1431 0 0
1555 T 2153 527 268 0 0
1555 T 2585 3373 2151 0 0
1555 T 265 526 2112 0 0
1555 T 2114 3368 2655 0 0
1555 T 3786 118 3771 0 0
1555 T 1986 1068 3780 0 0
1555 T 3782 2229 472 0 0
1555 T 469 2291 3768 0 0
1555 T 3770 1065 1979 0 0
1555 T 3782 60 3767 0 0
1555 T 3335 2399 268 0 0
1555 T 2153 2194 3337 0 0
1555 T 265 2333 3335 0 0
1555 T 3337 2255 2112 0 0
1555 T 2597 60 2668 0 0
1555 T 3016 3018 3016 1 0
1555 T 853 851 853 1 0
1555 T 2994 2992 2994 0 0
1555 T 302 300 302 0 0
1555 T 3362 3358 3366 0 0
1555 T 555 391 3383 0 0
1555 T 3385 3444 1831 0 0
1555 T 1746 3390 3439 0 0
1555 T 3441 391 555 0 0
1555 T 636 3440 3383 0 0
1555 T 3791 73 3790 0 0
1555 T 1805 3797 3360 0 0
1555 T 3358 3798 1892 0 0
1555 T 3797 3796 3799 0 0
1555 T 3810 3808 3810 0 0
1555 T 3812 3814 3812 1 0
1555 T 3820 3822 3820 1 0
1555 U 1791 1 4 0 0
1555 U 58 1 1 -1 0
1555 U 1881 4 1 0 0
1555 U 28 2 1 0 0
1555 U 59 4 4 0 0
1555 U 17 4 3 0 0
1555 U 15 3 4 0 0
1555 U 1635 5 18 0 0
1555 U 858 19 5 0 0
1555 U 3751 18 19 0 0
1555 U 3734 12 5 0 0
1555 U 1678 19 12 0 0
1555 U 1641 13 5 0 0
1555 U 1007 12 13 0 0
1555 U 866 12 5 0 0
1555 U 3749 13 12 0 0
1555 U 3730 19 5 0 0
1555 U 1085 19 18 0 0
1555 U 1647 7 15 0 0
1555 U 926 9 7 0 0
1555 U 3746 15 9 0 0
1555 U 3742 18 7 0 0
1555 U 1659 9 18 0 0
1555 U 1653 19 7 0 0
1555 U 934 18 7 0 0
1555 U 3738 9 7 0 0
1555 U 972 9 15 0 0
1555 U 3789 16 9 0 0
1555 U 26 15 16 0 0
1555 U 12 16 15 0 0
1555 U 1673 13 11 0 0
1555 U 9 14 13 1 0
1555 U 24 13 14 0 0
1555 U 1691 21 29 0 0
1555 U 3697 28 21 0 0
1555 U 1013 29 28 0 0
1555 U 862 35 21 0 0
1555 U 1728 28 35 0 0
1555 U 1689 34 21 0 0
1555 U 3718 35 34 0 0
1555 U 3693 35 21 0 0
1555 U 1079 34 35 0 0
1555 U 870 28 21 0 0
1555 U 3712 28 29 0 0
1555 U 1703 23 35 0 0
1555 U 3705 34 23 0 0
1555 U 930 25 23 0 0
1555 U 1713 34 25 0 0
1555 U 1701 31 23 0 0
1555 U 3707 25 31 0 0
1555 U 3701 25 23 0 0
1555 U 978 31 25 0 0
1555 U 938 34 23 0 0
1555 U 3794 32 25 0 0
1555 U 14 31 32 0 0
1555 U 25 32 31 1 0
1555 U 1723 27 29 0 0
1555 U 10 29 30 0 0
1555 U 22 30 29 0 0
1555 Q 72 1354 55 1356 0 0 0 0 0 0
1555 Q 1366 146 1360 74 0 0 0 0 0 0
1555 Q 1419 57 1425 144 0 0 0 0 0 0
1555 Q 1277 207 1277 207 0 0 0 0 0 0
1555 Q 300 1162 300 1162 0 0 0 0 0 0
1555 Q 1155 29 1156 302 0 0 0 0 0 0
1555 Q 2000 342 2000 342 0 0 0 0 0 0
1555 Q 212 1314 46 1316 0 0 0 0 0 0
1555 Q 1310 117 1304 214 0 0 0 0 0 0
1555 Q 44 1450 115 1452 0 0 0 0 0 0
1555 Q 7 13 8 11 0 0 1 0 0 0
1555 Q 1996 7 1996 7 1 0 -1 0 0 0
1555 Q 208 1282 8 1284 1 0 0 0 0 0
1555 Q 966 719 960 142 0 0 0 0 0 0
1555 Q 0 1914 32 1916 0 0 0 0 0 0
1555 Q 1908 0 1908 0 0 0 0 0 0 0
1555 Q 752 882 752 882 0 0 0 0 0 0
1555 Q 3351 45 3351 45 0 0 0 0 0 0
1555 Q 224 1026 224 1026 0 0 0 0 0 0
1555 Q 0 1629 195 1679 0 0 0 0 0 0
1555 Q 1585 340 1539 0 0 0 0 0 0 0
1555 Q 1193 60 1194 539 0 0 0 0 0 0
1555 Q 56 2090 144 2043 0 0 0 0 0 0
1555 Q 2522 44 2516 58 0 0 0 0 0 0
1555 Q 2174 146 2131 46 0 0 0 0 0 0
1555 Q 0 2450 45 2452 0 0 0 0 0 0
1555 Q 43 2075 212 2033 0 0 0 0 0 0
1555 Q 208 1645 57 1695 0 0 0 0 0 0
1555 Q 2486 1 2480 210 0 0 0 0 0 0
1555 Q 2423 55 2358 2 0 0 0 0 0 0
1555 Q 2552 2 2552 2 0 0 0 0 0 0
1555 Q 600 1406 1 1408 0 0 0 0 0 0
1555 Q 1474 2 1476 708 0 0 0 0 0 0
1555 Q 1625 539 1579 46 0 0 0 0 0 0
1555 Q 2909 61 2831 0 0 0 0 0 0 0
1555 Q 698 2117 59 2156 0 0 0 0 0 0
1555 Q 1998 2629 60 2700 0 0 0 0 0 0
1555 Q 0 2458 1931 2457 0 0 0 0 0 0
1555 Q 1 3084 697 3145 0 0 0 0 0 0
1555 Q 1222 707 1216 1910 0 0 0 0 0 0
1555 Q 372 2113 229 2151 0 0 0 0 0 0
1555 Q 34 2193 228 2255 0 0 0 0 -1 0
1555 Q 230 3364 230 3364 0 0 0 0 0 0
1555 Q 1849 709 1759 214 0 0 0 0 0 0
1555 Q 299 2612 2525 2685 0 0 0 0 0 0
1555 Q 2629 3800 2700 7 0 0 -1 0 0 0
1555 Q 3802 60 3802 60 0 0 0 0 0 0
1555 Q 2992 2670 3808 2595 0 0 0 0 0 0
1555 Q 1811 3810 1902 1088 0 0 0 0 0 0
1555 Q 1222 3803 1216 0 0 0 0 0 0 0
1555 Q 707 3805 707 3805 0 0 0 0 0 0
1555 Q 3803 3426 195 3479 0 0 0 0 0 0
1555 Q 3808 16 3809 18 0 0 0 0 0 0
1555 Q 666 3803 660 3814 0 0 0 0 0 0
1555 Q 3812 2654 195 2579 0 0 0 0 0 0
1555 Q 3816 214 3816 214 0 0 0 0 0 0
1555 Q 1849 3805 1759 3818 0 0 0 0 0 0
1555 Q 2649 3818 2575 3814 0 0 0 0 0 0
1555 Q 3816 1757 3820 1843 0 0 0 0 0 0
1555 Q 56 3822 56 3822 0 0 0 0 0 0
1555 Q 3821 27 3822 28 0 0 0 0 1 0
