322 A 13 0 0 -3 0 3
322 A 17 0 0 -1 0 1
322 A 0 1 -139 0 139 0
322 A -1 1 -18 0 18 0
322 A 1 1 -18 0 18 0
322 A -9 1 -74 -2 74 2
322 A 9 1 74 -2 -74 2
322 A -18 1 -161 -8 161 8
322 A 18 1 161 -8 -161 8
322 A 26 0 13 -10 -13 10
322 A -22 1 -135 -8 135 8
322 A 22 1 135 -8 -135 8
322 A 34 0 17 -16 -17 16
322 A 0 2 -139 0 139 0
322 A 0 2 -183 0 183 0
322 A 0 2 -321 0 321 0
322 A 0 4 -461 0 461 0
322 A 6 0 3 -1 3 -1
322 A 9 0 0 -2 0 -2
322 A 11 0 0 -2 0 -2
322 A 13 0 0 -2 0 -2
322 A 17 0 0 -4 0 -4
322 A 18 0 9 -7 9 -7
322 A 22 0 11 -9 11 -9
322 A 33 0 0 -2 0 -2
322 A 37 0 0 -11 0 -11
322 A 39 0 0 -11 0 -11
322 A 43 0 0 -16 0 -16
322 A 51 0 0 -13 0 -13
322 A 53 0 0 -26 0 -26
322 A 89 0 0 -37 0 -37
322 A 111 0 0 -11 0 -11
322 A 129 0 0 -16 0 -16
322 A 143 0 0 -24 0 -24
322 A 153 0 0 -38 0 -38
322 A 159 0 0 -79 0 -79
322 A 4 0 -1 -1 -1 1
322 A 5 0 0 -1 0 2
322 A 5 0 -1 -1 2 -2
322 A 5 0 1 -1 -2 -2
322 A 5 0 -2 -1 2 -1
322 A 5 0 -1 -2 -1 2
322 A 6 0 -1 -1 -1 1
322 A 7 0 -1 -1 1 -1
322 A 7 0 -2 -1 -3 -2
322 A 7 0 2 -1 3 -2
322 A 7 0 -3 -1 -2 3
322 A 7 0 3 -1 2 3
322 A 7 0 -1 -2 1 -2
322 A 7 0 -2 -2 -3 3
322 A 7 0 2 -2 3 3
322 A 7 0 -1 -3 1 -3
322 A 8 0 -1 -1 3 -3
322 A 8 0 1 -1 -3 -3
322 A 8 0 -3 -1 1 -3
322 A 8 0 3 -1 -1 -3
322 A 9 0 0 -1 0 -4
322 A 9 0 -1 -1 -1 1
322 A 9 0 -2 -1 1 4
322 A 9 0 2 -1 -1 4
322 A 9 0 -3 -1 3 -4
322 A 9 0 3 -1 -3 -4
322 A 9 0 -4 -1 -1 -2
322 A 9 0 4 -1 1 -2
322 A 9 0 -2 -2 4 -4
322 A 9 0 2 -2 -4 -4
322 A 9 0 -3 -2 3 -2
322 A 9 0 -4 -2 -4 2
322 A 9 0 -2 -4 -2 4
322 A 10 0 -1 -1 -3 3
322 A 10 0 1 -1 3 3
322 A 10 0 -3 -1 3 -1
322 A 10 0 5 -1 5 -3
322 A 10 0 -1 -3 -1 3
322 A 11 0 0 -1 0 -4
322 A 11 0 -1 -1 3 -3
322 A 11 0 1 -1 -3 -3
322 A 11 0 -2 -1 5 3
322 A 11 0 2 -1 -5 3
322 A 11 0 -3 -1 3 -1
322 A 11 0 -4 -1 -5 4
322 A 11 0 4 -1 5 4
322 A 11 0 -5 -1 -1 -2
322 A 11 0 5 -1 1 -2
322 A 11 0 -2 -2 -4 4
322 A 11 0 2 -2 4 4
322 A 11 0 -3 -2 -3 2
322 A 11 0 -4 -2 -3 -4
322 A 11 0 4 -2 3 -4
322 A 11 0 -5 -2 4 5
322 A 11 0 5 -2 -4 5
322 A 11 0 0 -3 0 -5
322 A 11 0 -1 -3 2 5
322 A 11 0 1 -3 -2 5
322 A 11 0 -2 -3 -1 -4
322 A 11 0 2 -3 1 -4
322 A 11 0 -4 -3 -4 3
322 A 11 0 -2 -4 3 5
322 A 11 0 2 -4 -3 5
322 A 11 0 -1 -5 -1 5
322 A 11 0 -5 -5 5 -5
322 A 12 0 -1 -1 -1 1
322 A 12 0 -3 -1 -3 5
322 A 12 0 3 -1 3 5
322 A 12 0 -5 -1 -5 1
322 A 12 0 -1 -5 -1 5
322 A 12 0 -5 -5 -5 5
322 A 13 0 0 -1 0 -4
322 A 13 0 -1 -1 6 -6
322 A 13 0 1 -1 -6 -6
322 A 13 0 -2 -1 2 -1
322 A 13 0 -3 -1 -6 2
322 A 13 0 3 -1 6 2
322 A 13 0 -5 -1 2 -3
322 A 13 0 5 -1 -2 -3
322 A 13 0 -6 -1 -1 -2
322 A 13 0 6 -1 1 -2
322 A 13 0 -2 -2 3 -3
322 A 13 0 2 -2 -3 -3
322 A 13 0 -3 -2 -1 5
322 A 13 0 3 -2 1 5
322 A 13 0 -4 -2 1 6
322 A 13 0 4 -2 -1 6
322 A 13 0 -4 -3 2 5
322 A 13 0 4 -3 -2 5
322 A 13 0 -5 -3 4 -5
322 A 13 0 5 -3 -4 -5
322 A 13 0 -6 -3 5 4
322 A 13 0 6 -3 -5 4
322 A 13 0 -1 -4 -5 -6
322 A 13 0 1 -4 5 -6
322 A 13 0 -2 -4 -3 6
322 A 13 0 2 -4 3 6
322 A 13 0 -4 -4 -5 5
322 A 13 0 4 -4 5 5
322 A 13 0 -6 -4 6 -4
322 A 13 0 0 -5 0 -6
322 A 13 0 -3 -5 -3 5
322 A 13 0 -4 -6 -4 6
322 A 14 0 -1 -1 1 -1
322 A 14 0 -3 -1 5 3
322 A 14 0 3 -1 -5 3
322 A 14 0 -5 -1 3 5
322 A 14 0 5 -1 -3 5
322 A 14 0 -1 -3 1 -3
322 A 14 0 -3 -3 5 -5
322 A 14 0 3 -3 -5 -5
322 A 14 0 -1 -5 1 -5
322 A 15 0 0 -1 0 2
322 A 15 0 -1 -1 2 -2
322 A 15 0 1 -1 -2 -2
322 A 15 0 -2 -1 7 4
322 A 15 0 2 -1 -7 4
322 A 15 0 -3 -1 3 -1
322 A 15 0 -4 -1 -7 -2
322 A 15 0 4 -1 7 -2
322 A 15 0 -5 -1 -5 7
322 A 15 0 5 -1 5 7
322 A 15 0 -6 -1 -3 -7
322 A 15 0 6 -1 3 -7
322 A 15 0 -7 -1 2 4
322 A 15 0 7 -1 -2 4
322 A 15 0 -1 -2 -1 2
322 A 15 0 -3 -2 -6 4
322 A 15 0 3 -2 6 4
322 A 15 0 -4 -2 -4 2
322 A 15 0 -5 -2 -5 -4
322 A 15 0 5 -2 5 -4
322 A 15 0 -6 -2 -6 7
322 A 15 0 6 -2 6 7
322 A 15 0 0 -4 0 -7
322 A 15 0 -1 -4 2 7
322 A 15 0 1 -4 -2 7
322 A 15 0 -3 -4 3 -4
322 A 15 0 -4 -4 -7 7
322 A 15 0 4 -4 7 7
322 A 15 0 -1 -7 -1 7
322 A 15 0 -4 -7 -4 7
322 A 16 0 -1 -1 -5 5
322 A 16 0 1 -1 5 5
322 A 16 0 -3 -1 -7 -3
322 A 16 0 3 -1 7 -3
322 A 16 0 -5 -1 -1 -3
322 A 16 0 5 -1 1 -3
322 A 16 0 -7 -1 -3 5
322 A 16 0 7 -1 3 5
322 A 16 0 -3 -3 -7 7
322 A 16 0 3 -3 7 7
322 A 16 0 -5 -3 -1 7
322 A 16 0 5 -3 1 7
322 A 16 0 -1 -5 -5 -7
322 A 16 0 1 -5 5 -7
322 A 16 0 -7 -5 -3 -7
322 A 16 0 7 -5 3 -7
322 A 17 0 -2 -1 -5 -6
322 A 17 0 2 -1 5 -6
322 A 17 0 -3 -1 -6 2
322 A 17 0 3 -1 6 2
322 A 17 0 -4 -1 -2 -8
322 A 17 0 4 -1 2 -8
322 A 17 0 -5 -1 8 -5
322 A 17 0 5 -1 -8 -5
322 A 17 0 -6 -1 6 -1
322 A 17 0 -7 -1 -8 6
322 A 17 0 7 -1 8 6
322 A 17 0 -8 -1 -5 7
322 A 17 0 8 -1 5 7
322 A 17 0 0 -2 0 -8
322 A 17 0 -1 -2 -6 -5
322 A 17 0 1 -2 6 -5
322 A 17 0 -3 -2 4 3
322 A 17 0 3 -2 -4 3
322 A 17 0 -4 -2 6 -3
322 A 17 0 4 -2 -6 -3
322 A 17 0 -5 -2 -3 8
322 A 17 0 5 -2 3 8
322 A 17 0 -7 -2 -4 6
322 A 17 0 7 -2 4 6
322 A 17 0 -8 -2 -1 -4
322 A 17 0 8 -2 1 -4
322 A 17 0 0 -3 0 6
322 A 17 0 -1 -3 2 -6
322 A 17 0 1 -3 -2 -6
322 A 17 0 -2 -3 3 4
322 A 17 0 2 -3 -3 4
322 A 17 0 -5 -3 -5 3
322 A 17 0 -7 -3 4 8
322 A 17 0 7 -3 -4 8
322 A 17 0 -8 -3 2 -5
322 A 17 0 8 -3 -2 -5
322 A 17 0 -2 -4 -3 6
322 A 17 0 2 -4 3 6
322 A 17 0 -5 -4 -7 -8
322 A 17 0 5 -4 7 -8
322 A 17 0 -6 -4 2 -7
322 A 17 0 6 -4 -2 -7
322 A 17 0 -7 -4 -7 4
322 A 17 0 -8 -4 3 7
322 A 17 0 8 -4 -3 7
322 A 17 0 0 -5 0 7
322 A 17 0 -1 -5 -5 8
322 A 17 0 1 -5 5 8
322 A 17 0 -3 -5 3 -5
322 A 17 0 -4 -5 -8 -7
322 A 17 0 4 -5 8 -7
322 A 17 0 -7 -5 1 -8
322 A 17 0 7 -5 -1 -8
322 A 17 0 -1 -6 -1 6
322 A 17 0 -7 -6 -6 -7
322 A 17 0 7 -6 6 -7
322 A 17 0 -1 -7 6 -8
322 A 17 0 1 -7 -6 -8
322 A 17 0 -4 -7 4 -7
322 A 0 1 -27 0 -155 0
322 A 0 1 -31 0 -135 0
322 A 0 1 -33 0 -39 0
322 A 0 1 -41 0 55 0
322 A 0 1 -45 0 -93 0
322 A 0 1 -47 0 -137 0
322 A 0 1 -51 0 -101 0
322 A 0 1 -53 0 79 0
322 A 0 1 -61 0 -95 0
322 A 0 1 -81 0 -159 0
322 A 0 1 -83 0 97 0
322 A 0 1 -85 0 -125 0
322 A 0 1 -89 0 -123 0
322 A 0 1 -121 0 -157 0
322 A 0 1 -141 0 -153 0
322 A 0 1 -145 0 -151 0
322 A -1 1 -20 0 -113 0
322 A -1 1 -21 0 -123 0
322 A -1 1 -28 0 150 0
322 A -1 1 -31 0 -125 0
322 A -1 1 -37 0 -96 0
322 A -1 1 -39 0 58 0
322 A -1 1 -49 0 -145 0
322 A -1 1 -56 0 75 0
322 A -1 1 -60 0 70 0
322 A -1 1 -61 0 -90 0
322 A -1 1 -77 0 -151 0
322 A -1 1 -94 0 -134 0
322 A -1 1 -115 0 -132 0
322 A 1 1 -20 0 -113 0
322 A 1 1 -21 0 -123 0
322 A 1 1 -28 0 150 0
322 A 1 1 -31 0 -125 0
322 A 1 1 -37 0 -96 0
322 A 1 1 -39 0 58 0
322 A 1 1 -49 0 -145 0
322 A 1 1 -56 0 75 0
322 A 1 1 -60 0 70 0
322 A 1 1 -61 0 -90 0
322 A 1 1 -77 0 -151 0
322 A 1 1 -94 0 -134 0
322 A 1 1 -115 0 -132 0
322 A 18 0 -3 -1 3 5
322 A 18 0 3 -1 -3 5
322 A 18 0 -5 -1 1 7
322 A 18 0 5 -1 -1 7
322 A 18 0 -7 -1 -1 -5
322 A 18 0 7 -1 1 -5
322 A 18 0 9 -1 9 5
322 A 18 0 -5 -5 7 -7
322 A 18 0 5 -5 -7 -7
322 A 18 0 -7 -5 -7 5
322 A 18 0 -3 -7 3 -7
322 A 18 0 -5 -7 -5 7
322 A -2 1 -19 0 101 1
322 A -2 1 -21 0 -31 0
322 A -2 1 -23 0 -83 -1
322 A -2 1 -27 0 155 1
322 A -2 1 -33 0 -79 0
322 A -2 1 -39 0 -115 -1
322 A -2 1 -41 0 -157 -1
322 A -2 1 -43 0 89 1
322 A -2 1 -49 0 -151 -1
322 A -2 1 -51 0 -145 -1
322 A -2 1 -53 0 -121 -1
322 A -2 1 -55 0 81 1
322 A -2 1 -57 0 141 1
322 A -2 1 -61 0 153 1
322 A -2 1 -69 0 -135 -1
322 A -2 1 -71 0 -99 -1
322 A -2 1 -77 0 -125 -1
322 A -2 1 -81 0 159 1
322 A -2 1 -95 -1 119 1
322 A -2 1 -97 -1 -133 -1
322 A 2 1 -19 0 101 -1
322 A 2 1 -21 0 -31 0
322 A 2 1 -23 0 -83 1
322 A 2 1 -27 0 155 -1
322 A 2 1 -33 0 -79 0
322 A 2 1 -39 0 -115 1
322 A 2 1 -41 0 -157 1
322 A 2 1 -43 0 89 -1
322 A 2 1 -49 0 -151 1
322 A 2 1 -51 0 -145 1
322 A 2 1 -53 0 -121 1
322 A 2 1 -55 0 81 -1
322 A 2 1 -57 0 141 -1
322 A 2 1 -61 0 153 -1
322 A 2 1 -69 0 -135 1
322 A 2 1 -71 0 -99 1
322 A 2 1 -77 0 -125 1
322 A 2 1 -81 0 159 -1
322 A 2 1 95 -1 -119 1
322 A 2 1 97 -1 133 -1
322 A -3 1 -19 0 119 1
322 A -3 1 -20 0 146 1
322 A -3 1 -35 0 -101 -1
322 A -3 1 -45 0 100 1
322 A -3 1 -50 0 -136 -1
322 A -3 1 -52 0 -67 -1
322 A -3 1 -56 -1 98 1
322 A -3 1 -84 -1 153 1
322 A -3 1 -123 -1 152 1
322 A 3 1 -19 0 119 -1
322 A 3 1 -20 0 146 -1
322 A 3 1 -35 0 -101 1
322 A 3 1 -45 0 100 -1
322 A 3 1 -50 0 -136 1
322 A 3 1 -52 0 -67 1
322 A 3 1 56 -1 -98 1
322 A 3 1 84 -1 -153 1
322 A 3 1 123 -1 -152 1
322 A -4 1 -19 0 85 1
322 A -4 1 -21 0 153 2
322 A -4 1 -23 0 139 2
322 A -4 1 -25 0 -27 0
322 A -4 1 -29 0 35 0
322 A -4 1 -33 0 41 0
322 A -4 1 -39 -1 -51 -1
322 A -4 1 -47 -1 -49 -1
322 A -4 1 -53 -1 -79 -1
322 A -4 1 -55 -1 -59 -1
322 A -4 1 -67 -1 -115 -1
322 A -4 1 -69 -1 -121 -1
322 A -4 1 -73 -1 -75 -1
322 A -4 1 -77 -1 -117 -1
322 A -4 1 -83 -1 -97 -1
322 A -4 1 -89 -1 -141 -2
322 A -4 1 -99 -1 -101 -1
322 A -4 1 -119 -2 -157 -2
322 A -4 1 -121 -2 -123 -2
322 A -4 1 -133 -2 -155 -2
322 A -4 1 -147 -2 -149 -2
322 A 4 1 -19 0 85 -1
322 A 4 1 -21 0 153 -2
322 A 4 1 -23 0 139 -2
322 A 4 1 -25 0 -27 0
322 A 4 1 -29 0 35 0
322 A 4 1 -33 0 41 0
322 A 4 1 39 -1 51 -1
322 A 4 1 47 -1 49 -1
322 A 4 1 53 -1 79 -1
322 A 4 1 55 -1 59 -1
322 A 4 1 67 -1 115 -1
322 A 4 1 69 -1 121 -1
322 A 4 1 73 -1 75 -1
322 A 4 1 77 -1 117 -1
322 A 4 1 83 -1 97 -1
322 A 4 1 89 -1 141 -2
322 A 4 1 99 -1 101 -1
322 A 4 1 119 -2 157 -2
322 A 4 1 121 -2 123 -2
322 A 4 1 133 -2 155 -2
322 A 4 1 147 -2 149 -2
322 A -5 1 -19 0 -68 -1
322 A -5 1 -20 0 -47 -1
322 A -5 1 -21 0 -33 0
322 A -5 1 -24 0 -149 -2
322 A -5 1 -30 0 76 1
322 A -5 1 -42 -1 91 1
322 A -5 1 -50 -1 -77 -1
322 A -5 1 -61 -1 153 2
322 A -5 1 -74 -1 113 2
322 A -5 1 -87 -1 -122 -2
322 A -5 1 -99 -2 146 2
322 A -5 1 -112 -2 118 2
322 A -5 1 -136 -2 154 2
322 A 5 1 -19 0 -68 1
322 A 5 1 -20 0 -47 1
322 A 5 1 -21 0 -33 0
322 A 5 1 -24 0 -149 2
322 A 5 1 -30 0 76 -1
322 A 5 1 42 -1 -91 1
322 A 5 1 50 -1 77 -1
322 A 5 1 61 -1 -153 2
322 A 5 1 74 -1 -113 2
322 A 5 1 87 -1 122 -2
322 A 5 1 99 -2 -146 2
322 A 5 1 112 -2 -118 2
322 A 5 1 136 -2 -154 2
322 A -6 1 -19 0 -101 -2
322 A -6 1 -23 0 97 2
322 A -6 1 -25 0 37 1
322 A -6 1 -29 0 -31 -1
322 A -6 1 -25 -1 -115 -2
322 A -6 1 -29 -1 121 2
322 A -6 1 -41 -1 -87 -2
322 A -6 1 -51 -1 -139 -3
322 A -6 1 -55 -1 123 2
322 A -6 1 -61 -1 153 3
322 A -6 1 -71 -1 81 2
322 A -6 1 -79 -1 127 2
322 A -6 1 -81 -1 95 2
322 A -6 1 -99 -2 -117 -2
322 A -6 1 -135 -2 133 3
322 A -6 1 -137 -2 155 3
322 A -6 1 -143 -3 151 3
322 A 6 1 -19 0 -101 2
322 A 6 1 -23 0 97 -2
322 A 6 1 -25 0 37 -1
322 A 6 1 -29 0 -31 1
322 A 6 1 25 -1 115 -2
322 A 6 1 29 -1 -121 2
322 A 6 1 41 -1 87 -2
322 A 6 1 51 -1 139 -3
322 A 6 1 55 -1 -123 2
322 A 6 1 61 -1 -153 3
322 A 6 1 71 -1 -81 2
322 A 6 1 79 -1 -127 2
322 A 6 1 81 -1 -95 2
322 A 6 1 99 -2 117 -2
322 A 6 1 135 -2 -133 3
322 A 6 1 137 -2 -155 3
322 A 6 1 143 -3 -151 3
322 A 19 0 -7 -1 -5 -2
322 A 19 0 7 -1 5 -2
322 A 19 0 -8 -1 -5 3
322 A 19 0 8 -1 5 3
322 A 19 0 -9 -1 7 -5
322 A 19 0 9 -1 -7 -5
322 A 19 0 0 -2 0 -9
322 A 19 0 -1 -2 6 7
322 A 19 0 1 -2 -6 7
322 A 19 0 -3 -2 -7 -8
322 A 19 0 3 -2 7 -8
322 A 19 0 -4 -2 -6 3
322 A 19 0 4 -2 6 3
322 A 19 0 -7 -2 1 -3
322 A 19 0 7 -2 -1 -3
322 A 19 0 -8 -2 9 -7
322 A 19 0 8 -2 -9 -7
322 A 19 0 -9 -2 9 -2
322 A 19 0 -2 -3 -8 -7
322 A 19 0 2 -3 8 -7
322 A 19 0 -4 -3 6 5
322 A 19 0 4 -3 -6 5
322 A 19 0 -7 -3 -6 8
322 A 19 0 7 -3 6 8
322 A 19 0 -8 -3 -4 -8
322 A 19 0 8 -3 4 -8
322 A 19 0 0 -4 0 5
322 A 19 0 -2 -4 3 -6
322 A 19 0 2 -4 -3 -6
322 A 19 0 -3 -4 5 6
322 A 19 0 3 -4 -5 6
322 A 19 0 -5 -4 9 8
322 A 19 0 5 -4 -9 8
322 A 19 0 -6 -4 6 -4
322 A 19 0 -9 -4 -6 9
322 A 19 0 9 -4 6 9
322 A 19 0 -2 -5 -1 -7
322 A 19 0 2 -5 1 -7
322 A 19 0 -3 -5 1 -8
322 A 19 0 3 -5 -1 -8
322 A 19 0 -8 -5 8 -5
322 A 19 0 -9 -5 -9 5
322 A 19 0 -4 -6 -4 6
322 A 19 0 -8 -6 3 -7
322 A 19 0 8 -6 -3 -7
322 A 19 0 -9 -6 4 -9
322 A 19 0 9 -6 -4 -9
322 A 19 0 0 -7 0 -8
322 A 19 0 -4 -7 -3 -9
322 A 19 0 4 -7 3 -9
322 A 19 0 -5 -7 -1 9
322 A 19 0 5 -7 1 9
322 A 19 0 -5 -8 -5 8
322 A 19 0 -2 -9 -2 9
322 A 19 0 -5 -9 5 -9
322 A -7 1 -20 0 146 3
322 A -7 1 -24 0 -149 -3
322 A -7 1 -26 0 136 3
322 A -7 1 -20 -1 48 1
322 A -7 1 -25 -1 51 1
322 A -7 1 -43 -1 120 3
322 A -7 1 -44 -1 -66 -2
322 A -7 1 -58 -1 116 3
322 A -7 1 -59 -1 -142 -3
322 A -7 1 -72 -1 -94 -2
322 A -7 1 -74 -2 135 3
322 A -7 1 -90 -2 118 2
322 A -7 1 -99 -2 -153 -3
322 A -7 1 -103 -2 -116 -2
322 A -7 1 -123 -3 -131 -3
322 A 7 1 -20 0 146 -3
322 A 7 1 -24 0 -149 3
322 A 7 1 -26 0 136 -3
322 A 7 1 20 -1 -48 1
322 A 7 1 25 -1 -51 1
322 A 7 1 43 -1 -120 3
322 A 7 1 44 -1 66 -2
322 A 7 1 58 -1 -116 3
322 A 7 1 59 -1 142 -3
322 A 7 1 72 -1 94 -2
322 A 7 1 74 -2 -135 3
322 A 7 1 90 -2 -118 2
322 A 7 1 99 -2 153 -3
322 A 7 1 103 -2 116 -2
322 A 7 1 123 -3 131 -3
322 A -8 1 -21 0 -123 -3
322 A -8 1 -23 0 -127 -3
322 A -8 1 -17 -1 115 3
322 A -8 1 -19 -1 119 3
322 A -8 1 -21 -1 -141 -4
322 A -8 1 -23 -1 113 3
322 A -8 1 -25 -1 101 2
322 A -8 1 -29 -1 -57 -2
322 A -8 1 -33 -1 97 2
322 A -8 1 -39 -1 99 2
322 A -8 1 -59 -1 97 3
322 A -8 1 -67 -2 -77 -2
322 A -8 1 -85 -2 -91 -2
322 A -8 1 -111 -3 151 4
322 A -8 1 -137 -4 -153 -4
322 A -8 1 -145 -4 -149 -4
322 A 8 1 -21 0 -123 3
322 A 8 1 -23 0 -127 3
322 A 8 1 17 -1 -115 3
322 A 8 1 19 -1 -119 3
322 A 8 1 21 -1 141 -4
322 A 8 1 23 -1 -113 3
322 A 8 1 25 -1 -101 2
322 A 8 1 29 -1 57 -2
322 A 8 1 33 -1 -97 2
322 A 8 1 39 -1 -99 2
322 A 8 1 59 -1 -97 3
322 A 8 1 67 -2 77 -2
322 A 8 1 85 -2 91 -2
322 A 8 1 111 -3 -151 4
322 A 8 1 137 -4 153 -4
322 A 8 1 145 -4 149 -4
322 A 20 0 -9 -1 3 -7
322 A 20 0 9 -1 -3 -7
322 A 20 0 -1 -3 -1 3
322 A 20 0 -7 -3 1 -9
322 A 20 0 7 -3 -1 -9
322 A -9 1 -21 0 78 2
322 A -9 1 -22 0 46 1
322 A -9 1 -14 -1 -26 -1
322 A -9 1 -21 -1 -76 -2
322 A -9 1 -23 -1 54 1
322 A -9 1 -29 -1 -44 -1
322 A -9 1 -33 -1 39 1
322 A -9 1 -52 -1 149 4
322 A -9 1 -91 -3 -145 -4
322 A -9 1 -96 -3 127 3
322 A -9 1 -98 -3 151 4
322 A -9 1 -100 -3 -129 -4
322 A -9 1 -118 -3 153 4
322 A -9 1 -121 -3 141 4
322 A 9 1 -21 0 78 -2
322 A 9 1 -22 0 46 -1
322 A 9 1 14 -1 26 -1
322 A 9 1 21 -1 76 -2
322 A 9 1 23 -1 -54 1
322 A 9 1 29 -1 44 -1
322 A 9 1 33 -1 -39 1
322 A 9 1 52 -1 -149 4
322 A 9 1 91 -3 145 -4
322 A 9 1 96 -3 -127 3
322 A 9 1 98 -3 -151 4
322 A 9 1 100 -3 129 -4
322 A 9 1 118 -3 -153 4
322 A 9 1 121 -3 -141 4
322 A -10 1 -21 0 151 5
322 A -10 1 -13 -1 -45 -1
322 A -10 1 -17 -1 -95 -3
322 A -10 1 -19 -1 101 3
322 A -10 1 -21 -1 137 4
322 A -10 1 -27 -1 -47 -1
322 A -10 1 -31 -1 135 4
322 A -10 1 -39 -1 -115 -4
322 A -10 1 -41 -1 -71 -2
322 A -10 1 -53 -1 47 2
322 A -10 1 -53 -2 145 4
322 A -10 1 -69 -2 117 3
322 A -10 1 -81 -2 87 3
322 A -10 1 -103 -3 125 4
322 A -10 1 -121 -4 133 4
322 A -10 1 -123 -4 149 4
322 A 10 1 -21 0 151 -5
322 A 10 1 13 -1 45 -1
322 A 10 1 17 -1 95 -3
322 A 10 1 19 -1 -101 3
322 A 10 1 21 -1 -137 4
322 A 10 1 27 -1 47 -1
322 A 10 1 31 -1 -135 4
322 A 10 1 39 -1 115 -4
322 A 10 1 41 -1 71 -2
322 A 10 1 53 -1 -47 2
322 A 10 1 53 -2 -145 4
322 A 10 1 69 -2 -117 3
322 A 10 1 81 -2 -87 3
322 A 10 1 103 -3 -125 4
322 A 10 1 121 -4 -133 4
322 A 10 1 123 -4 -149 4
322 A 21 0 -1 -2 8 5
322 A 21 0 1 -2 -8 5
322 A 21 0 -3 -2 -9 -8
322 A 21 0 3 -2 9 -8
322 A 21 0 -8 -2 1 5
322 A 21 0 8 -2 -1 5
322 A 21 0 -9 -2 -3 10
322 A 21 0 9 -2 3 10
322 A 21 0 -2 -4 4 -8
322 A 21 0 2 -4 -4 -8
322 A 21 0 -3 -4 -9 5
322 A 21 0 3 -4 9 5
322 A 21 0 -5 -4 10 -8
322 A 21 0 5 -4 -10 -8
322 A 21 0 -6 -4 6 -4
322 A 21 0 -2 -5 4 -10
322 A 21 0 2 -5 -4 -10
322 A 21 0 -10 -5 5 8
322 A 21 0 10 -5 -5 8
322 A 21 0 -6 -8 6 -8
322 A -11 1 -11 -1 97 4
322 A -11 1 -12 -1 -55 -2
322 A -11 1 -13 -1 -148 -5
322 A -11 1 -31 -1 -83 -3
322 A -11 1 -42 -1 -84 -3
322 A -11 1 -47 -1 -62 -2
322 A -11 1 -49 -1 74 2
322 A -11 1 -45 -2 -86 -3
322 A -11 1 -68 -3 138 5
322 A -11 1 -72 -3 -102 -3
322 A -11 1 -98 -3 131 5
322 A -11 1 -125 -4 -129 -4
322 A -11 1 -132 -5 144 5
322 A -11 1 -140 -5 -154 -5
322 A 11 1 11 -1 -97 4
322 A 11 1 12 -1 55 -2
322 A 11 1 13 -1 148 -5
322 A 11 1 31 -1 83 -3
322 A 11 1 42 -1 84 -3
322 A 11 1 47 -1 62 -2
322 A 11 1 49 -1 -74 2
322 A 11 1 45 -2 86 -3
322 A 11 1 68 -3 -138 5
322 A 11 1 72 -3 102 -3
322 A 11 1 98 -3 -131 5
322 A 11 1 125 -4 129 -4
322 A 11 1 132 -5 -144 5
322 A 11 1 140 -5 154 -5
322 A -12 1 -13 -1 -145 -5
322 A -12 1 -25 -1 39 2
322 A -12 1 -33 -1 97 4
322 A -12 1 -37 -2 131 5
322 A -12 1 -49 -2 59 2
322 A -12 1 -63 -3 133 5
322 A -12 1 -65 -3 -143 -5
322 A -12 1 -93 -3 -117 -5
322 A -12 1 -117 -4 149 5
322 A 12 1 13 -1 145 -5
322 A 12 1 25 -1 -39 2
322 A 12 1 33 -1 -97 4
322 A 12 1 37 -2 -131 5
322 A 12 1 49 -2 -59 2
322 A 12 1 63 -3 -133 5
322 A 12 1 65 -3 143 -5
322 A 12 1 93 -3 117 -5
322 A 12 1 117 -4 -149 5
322 A 22 0 -1 -3 -9 5
322 A 22 0 1 -3 9 5
322 A 22 0 11 -3 11 -5
322 A -13 1 -15 -1 150 6
322 A -13 1 -26 -1 -136 -6
322 A -13 1 -30 -1 -85 -4
322 A -13 1 -31 -2 73 3
322 A -13 1 -33 -2 -155 -6
322 A -13 1 -52 -2 -68 -3
322 A -13 1 -60 -2 112 5
322 A -13 1 -65 -2 -154 -6
322 A -13 1 -67 -2 93 3
322 A -13 1 -65 -3 -138 -5
322 A -13 1 -89 -3 156 6
322 A 13 1 15 -1 -150 6
322 A 13 1 26 -1 136 -6
322 A 13 1 30 -1 85 -4
322 A 13 1 31 -2 -73 3
322 A 13 1 33 -2 155 -6
322 A 13 1 52 -2 68 -3
322 A 13 1 60 -2 -112 5
322 A 13 1 65 -2 154 -6
322 A 13 1 67 -2 -93 3
322 A 13 1 65 -3 138 -5
322 A 13 1 89 -3 -156 6
322 A -14 1 -79 -3 81 4
322 A -14 1 -87 -4 -107 -4
322 A 14 1 79 -3 -81 4
322 A 14 1 87 -4 107 -4
322 A 23 0 -1 -2 1 -2
322 A 23 0 -3 -2 8 10
322 A 23 0 3 -2 -8 10
322 A 23 0 -4 -2 6 -3
322 A 23 0 4 -2 -6 -3
322 A 23 0 -1 -3 1 -3
322 A 23 0 -5 -3 -9 10
322 A 23 0 5 -3 9 10
322 A 23 0 -11 -3 -2 11
322 A 23 0 11 -3 2 11
322 A 23 0 -1 -4 1 -4
322 A 23 0 -6 -4 4 5
322 A 23 0 6 -4 -4 5
322 A 23 0 -6 -5 4 -11
322 A 23 0 6 -5 -4 -11
322 A 23 0 -1 -6 1 -6
322 A 23 0 -2 -6 -11 10
322 A 23 0 2 -6 11 10
322 A 23 0 -1 -7 1 -7
322 A 23 0 -1 -10 1 -10
322 A 23 0 -1 -11 1 -11
322 A -15 1 -29 -1 -57 -2
322 A -15 1 -44 -2 -95 -5
322 A -15 1 -71 -4 -133 -7
322 A -15 1 -102 -4 155 7
322 A -15 1 -97 -5 119 5
322 A -15 1 -122 -5 -156 -7
322 A 15 1 29 -1 57 -2
322 A 15 1 44 -2 95 -5
322 A 15 1 71 -4 133 -7
322 A 15 1 102 -4 -155 7
322 A 15 1 97 -5 -119 5
322 A 15 1 122 -5 156 -7
322 A -16 1 -17 -1 -19 -1
322 A -16 1 -21 -1 77 3
322 A -16 1 -35 -2 -37 -2
322 A -16 1 -53 -3 -55 -3
322 A -16 1 -71 -4 -73 -4
322 A -16 1 -89 -5 -91 -5
322 A -16 1 -107 -6 -109 -6
322 A -16 1 -125 -7 -127 -7
322 A -16 1 -143 -8 -145 -8
322 A 16 1 17 -1 19 -1
322 A 16 1 21 -1 -77 3
322 A 16 1 35 -2 37 -2
322 A 16 1 53 -3 55 -3
322 A 16 1 71 -4 73 -4
322 A 16 1 89 -5 91 -5
322 A 16 1 107 -6 109 -6
322 A 16 1 125 -7 127 -7
322 A 16 1 143 -8 145 -8
322 A -17 1 -39 -2 124 6
322 A -17 1 -130 -6 147 7
322 A 17 1 39 -2 -124 6
322 A 17 1 130 -6 -147 7
322 A 25 0 0 -2 0 -4
322 A 25 0 -1 -3 -1 3
322 A 25 0 -7 -4 7 -4
322 A 25 0 -8 -4 -12 6
322 A 25 0 8 -4 12 6
322 A 25 0 -9 -4 -2 12
322 A 25 0 9 -4 2 12
322 A 25 0 0 -6 0 7
322 A 25 0 -11 -6 -3 -12
322 A 25 0 11 -6 3 -12
322 A 25 0 0 -9 0 -12
322 A 25 0 -12 -9 12 -9
322 A -19 1 -51 -4 -109 -7
322 A -19 1 -82 -5 157 9
322 A -19 1 -126 -7 156 9
322 A 19 1 51 -4 109 -7
322 A 19 1 82 -5 -157 9
322 A 19 1 126 -7 -156 9
322 A 27 0 0 -2 0 7
322 A 27 0 -11 -2 13 5
322 A 27 0 11 -2 -13 5
322 A 27 0 -12 -2 12 -2
322 A 27 0 0 -4 0 -10
322 A 27 0 -6 -8 -3 13
322 A 27 0 6 -8 3 13
322 A -21 1 -37 -2 -157 -10
322 A -21 1 -36 -3 127 9
322 A -21 1 -124 -7 122 8
322 A 21 1 37 -2 157 -10
322 A 21 1 36 -3 -127 9
322 A 21 1 124 -7 -122 8
322 A 28 0 -13 -6 13 -6
322 A 29 0 0 -2 0 -5
322 A 29 0 -9 -5 14 -11
322 A 29 0 9 -5 -14 -11
322 A 29 0 -10 -5 10 -5
322 A 29 0 0 -7 0 11
322 A 29 0 -1 -7 10 -12
322 A 29 0 1 -7 -10 -12
322 A 29 0 -1 -11 -9 12
322 A 29 0 1 -11 9 12
322 A -23 1 -29 -1 -65 -5
322 A 23 1 29 -1 65 -5
322 A -25 1 -31 -2 52 4
322 A -25 1 -47 -3 -63 -4
322 A -25 1 -79 -6 147 10
322 A 25 1 31 -2 -52 4
322 A 25 1 47 -3 63 -4
322 A 25 1 79 -6 -147 10
322 A 31 0 -6 -3 -9 -11
322 A 31 0 6 -3 9 -11
322 A 31 0 -7 -4 -1 5
322 A 31 0 7 -4 1 5
322 A 31 0 -8 -4 1 15
322 A 31 0 8 -4 -1 15
322 A 31 0 0 -5 0 -15
322 A 31 0 -14 -8 15 -13
322 A 31 0 14 -8 -15 -13
322 A 31 0 -15 -8 15 -8
322 A 31 0 -3 -12 3 -12
322 A 33 0 -5 -7 7 10
322 A 33 0 5 -7 -7 10
322 A 33 0 0 -8 0 16
322 A 33 0 -1 -8 2 -16
322 A 33 0 1 -8 -2 -16
322 A 33 0 -1 -16 -1 16
322 A -29 1 -26 -3 -73 -6
322 A -29 1 -96 -7 158 14
322 A -29 1 -121 -11 157 14
322 A 29 1 26 -3 73 -6
322 A 29 1 96 -7 -158 14
322 A 29 1 121 -11 -157 14
322 A 35 0 -11 -6 2 -17
322 A 35 0 11 -6 -2 -17
322 A 35 0 -13 -11 13 -11
322 A -31 1 -53 -5 158 15
322 A 31 1 53 -5 -158 15
322 A 0 2 -45 0 229 0
322 A 0 2 -47 0 -137 0
322 A -33 1 -37 -2 38 3
322 A 33 1 37 -2 -38 3
322 A 39 0 0 -14 0 -17
322 A 41 0 -8 -4 10 -5
322 A 41 0 8 -4 -10 -5
322 A 41 0 -10 -18 10 -18
322 A -39 1 -30 -5 89 12
322 A 39 1 30 -5 -89 12
322 A 43 0 -8 -13 8 -13
322 A 43 0 -9 -13 -21 16
322 A 43 0 9 -13 21 16
322 A 49 0 -12 -6 24 -12
322 A 49 0 12 -6 -24 -12
322 A 49 0 -13 -6 13 -6
322 A -47 1 -56 -12 -97 -18
322 A 47 1 56 -12 97 -18
322 A 51 0 -1 -13 -25 19
322 A 51 0 1 -13 25 19
322 A 51 0 -6 -16 6 -16
322 A 53 0 -26 -13 -1 -26
322 A 53 0 26 -13 1 -26
322 A -51 1 -81 -13 159 25
322 A 51 1 81 -13 -159 25
322 A 55 0 -1 -27 -1 27
322 A 65 0 -32 -4 32 -4
322 A 65 0 -28 -14 28 -14
322 A 71 0 -20 -5 20 -5
322 A 81 0 -12 -29 12 -29
322 A 91 0 -15 -38 15 -38
322 A 97 0 -32 -8 32 -8
322 A 107 0 -53 -9 53 -9
322 A 113 0 -45 -34 45 -34
322 A 119 0 -48 -12 48 -12
322 A 131 0 -33 -49 33 -49
322 A 137 0 -68 -17 68 -17
322 A 145 0 -48 -24 48 -24
322 A 155 0 -77 -39 77 -39
322 S 0 1 7 0
322 S 0 2 7 0
322 S 0 3 7 0
322 S 4 1 13 0
322 S -5 2 13 0
322 S -1 3 13 0
322 S 3 4 13 0
322 S -6 5 13 0
322 S -2 6 13 0
322 S -4 1 13 0
322 S 5 2 13 0
322 S 1 3 13 0
322 S -3 4 13 0
322 S 6 5 13 0
322 S 2 6 13 0
322 S 0 1 14 0
322 S 0 3 14 0
322 S 0 5 14 0
322 S 1 1 17 0
322 S 2 2 17 0
322 S 3 3 17 0
322 S 4 4 17 0
322 S 5 5 17 0
322 S 6 6 17 0
322 S 7 7 17 0
322 S 8 8 17 0
322 S -1 1 17 0
322 S -2 2 17 0
322 S -3 3 17 0
322 S -4 4 17 0
322 S -5 5 17 0
322 S -6 6 17 0
322 S -7 7 17 0
322 S -8 8 17 0
322 T 851 907 853 0 0
322 T 596 600 593 0 0
322 T 595 320 1692 0 0
322 T 1694 1638 598 0 0
322 T 1638 322 600 0 0
322 T 598 1584 1760 0 0
322 T 590 607 596 0 0
322 T 1762 320 588 0 0
322 T 607 322 1584 0 0
322 T 462 646 2073 0 0
322 T 454 488 460 0 0
322 T 2075 2270 452 0 0
322 T 488 2268 646 0 0
322 T 458 2205 2132 0 0
322 T 466 489 456 0 0
322 T 2134 647 464 0 0
322 T 489 645 2205 0 0
322 T 299 331 289 0 0
322 T 291 2397 845 0 0
322 T 847 2207 297 0 0
322 T 2207 2399 331 0 0
322 T 294 2269 840 0 0
322 T 286 324 292 0 0
322 T 842 2343 284 0 0
322 T 324 2341 2269 0 0
322 T 123 1906 2440 0 0
322 T 127 140 121 0 0
322 T 2507 1900 125 0 0
322 T 2442 42 2505 0 0
322 T 727 800 717 0 0
322 T 719 1608 1360 0 0
322 T 1362 154 725 0 0
322 T 154 1610 800 0 0
322 T 722 157 1325 0 0
322 T 714 807 720 0 0
322 T 1327 1662 712 0 0
322 T 807 1660 157 0 0
322 T 743 917 733 0 0
322 T 735 1198 1620 0 0
322 T 1622 113 741 0 0
322 T 113 1196 917 0 0
322 T 738 118 1569 0 0
322 T 730 922 736 0 0
322 T 1571 1277 728 0 0
322 T 922 1279 118 0 0
322 T 575 646 565 0 0
322 T 567 2075 1740 0 0
322 T 1742 460 573 0 0
322 T 570 467 1673 0 0
322 T 562 646 568 0 0
322 T 1675 2133 560 0 0
322 T 280 284 277 0 0
322 T 279 2345 2117 0 0
322 T 2119 690 282 0 0
322 T 690 2347 284 0 0
322 T 282 693 2057 0 0
322 T 274 291 280 0 0
322 T 2059 2403 272 0 0
322 T 291 2401 693 0 0
322 T 887 100 1228 0 0
322 T 891 946 885 0 0
322 T 1310 101 889 0 0
322 T 1230 1159 1308 0 0
322 T 583 624 573 0 0
322 T 575 1478 2088 0 0
322 T 2090 310 581 0 0
322 T 310 1476 624 0 0
322 T 578 305 2029 0 0
322 T 570 623 576 0 0
322 T 2031 1560 568 0 0
322 T 623 1562 305 0 0
322 T 175 162 166 0 0
322 T 164 768 2176 0 0
322 T 2178 2380 173 0 0
322 T 2380 770 162 0 0
322 T 170 2326 2240 0 0
322 T 166 161 168 0 0
322 T 2242 775 164 0 0
322 T 161 773 2326 0 0
322 T 191 1444 813 0 0
322 T 815 861 805 0 0
322 T 807 1651 189 0 0
322 T 1651 863 1444 0 0
322 T 186 1597 800 0 0
322 T 810 1530 184 0 0
322 T 802 858 808 0 0
322 T 1530 856 1597 0 0
322 T 163 2402 1837 0 0
322 T 1839 2435 166 0 0
322 T 2435 2400 168 0 0
322 T 166 2497 1832 0 0
322 T 1834 2344 160 0 0
322 T 175 2346 2497 0 0
322 T 1143 247 2357 0 0
322 T 2359 253 2300 0 0
322 T 2302 249 1141 0 0
322 T 249 255 247 0 0
322 T 2090 330 2152 0 0
322 T 2154 318 581 0 0
322 T 318 328 308 0 0
322 T 578 313 2216 0 0
322 T 2218 325 2029 0 0
322 T 307 327 313 0 0
322 T 175 2118 781 0 0
322 T 783 276 2497 0 0
322 T 778 2056 168 0 0
322 T 2435 275 776 0 0
322 T 575 2206 1628 0 0
322 T 1630 490 565 0 0
322 T 562 490 1577 0 0
322 T 1579 2268 568 0 0
322 T 735 1735 1364 0 0
322 T 727 792 733 0 0
322 T 1366 178 725 0 0
322 T 792 176 1735 0 0
322 T 730 799 720 0 0
322 T 722 181 1329 0 0
322 T 1331 1801 728 0 0
322 T 1801 183 799 0 0
322 T 1143 118 2352 -1 0
322 T 2354 110 2296 0 0
322 T 2298 112 1141 0 0
322 T 112 108 118 0 0
322 T 745 1572 1624 0 0
322 T 743 739 747 1 0
322 T 1626 225 741 0 0
322 T 739 227 1572 0 0
322 T 511 328 1628 0 0
322 T 575 2398 509 0 0
322 T 506 2340 568 0 0
322 T 1579 327 504 0 0
322 T 175 1214 789 0 0
322 T 791 837 781 0 0
322 T 2116 839 1214 0 0
322 T 786 1293 168 0 0
322 T 778 837 784 0 0
322 T 1293 839 2058 0 0
322 T 579 628 581 0 0
322 T 2154 526 2217 0 0
322 T 1215 690 1516 0 0
322 T 1518 280 836 0 0
322 T 837 281 1433 0 0
322 T 1435 692 1293 0 0
322 T 855 229 1348 0 0
322 T 847 899 853 0 0
322 T 1350 2132 845 0 0
322 T 899 2134 229 0 0
322 T 850 900 840 0 0
322 T 842 2074 1384 0 0
322 T 1386 229 848 0 0
322 T 229 2072 900 0 0
322 T 127 2716 2289 0 0
322 T 119 137 125 0 0
322 T 2291 2326 117 0 0
322 T 137 2324 2716 0 0
322 T 122 134 112 0 0
322 T 114 2380 2284 0 0
322 T 2286 2662 120 0 0
322 T 2662 2382 134 0 0
322 T 1847 2660 173 0 0
322 T 2178 132 1845 0 0
322 T 170 2718 1840 0 0
322 T 1842 139 2240 0 0
322 T 271 833 1632 0 0
322 T 1634 860 1684 0 0
322 T 1686 827 269 0 0
322 T 827 862 833 0 0
322 T 266 820 1752 0 0
322 T 1583 830 264 0 0
322 T 1754 859 1581 0 0
322 T 830 857 820 0 0
322 T 1350 456 297 0 0
322 T 294 455 1384 0 0
322 T 251 591 2312 0 0
322 T 243 321 249 0 0
322 T 2314 1761 241 0 0
322 T 246 321 236 0 0
322 T 238 1695 2368 0 0
322 T 2370 592 244 0 0
322 T 354 1632 388 0 0
322 T 390 860 2228 0 0
322 T 2230 1686 352 0 0
322 T 353 1753 2165 0 0
322 T 394 1582 355 0 0
322 T 2167 858 392 0 0
322 T 679 2388 573 0 0
322 T 1742 1461 677 0 0
322 T 679 460 2088 0 0
322 T 1673 672 1545 0 0
322 T 2332 674 570 0 0
322 T 672 2029 465 0 0
322 T 403 2102 354 0 0
322 T 395 411 401 0 0
322 T 2102 409 1581 0 0
322 T 354 2040 396 0 0
322 T 398 404 388 0 0
322 T 1634 406 2040 0 0
322 T 95 2395 1917 0 0
322 T 87 103 93 0 0
322 T 1919 2456 85 0 0
322 T 103 2458 2395 0 0
322 T 90 103 84 0 0
322 T 86 2522 1912 0 0
322 T 1914 2337 88 0 0
322 T 2337 2520 103 0 0
322 T 1630 462 2416 0 0
322 T 2418 452 565 0 0
322 T 562 459 2480 0 0
322 T 2482 465 1577 0 0
322 T 511 859 2304 0 0
322 T 1494 2164 509 0 0
322 T 511 1598 393 0 0
322 T 504 388 1650 0 0
322 T 860 2362 506 0 0
322 T 2228 1411 506 0 0
322 T 431 2524 873 0 0
322 T 439 486 429 0 0
322 T 875 2082 437 0 0
322 T 486 2080 2524 0 0
322 T 877 441 2143 0 0
322 T 2141 485 2463 0 0
322 T 2461 435 879 0 0
322 T 435 487 441 0 0
322 T 87 895 980 0 0
322 T 982 901 1592 0 0
322 T 1594 942 85 0 0
322 T 942 903 895 0 0
322 T 86 937 1644 0 0
322 T 1646 898 981 0 0
322 T 892 896 937 0 0
322 T 567 903 2412 0 0
322 T 2414 230 1740 0 0
322 T 1675 230 2476 0 0
322 T 2478 896 560 0 0
322 T 87 2527 2569 0 0
322 T 2571 2656 93 0 0
322 T 2656 2525 101 0 0
322 T 90 2714 2564 0 0
322 T 2566 2461 84 0 0
322 T 101 2463 2714 0 0
322 T 1139 309 2084 0 0
322 T 2086 335 2620 0 0
322 T 2622 303 1137 0 0
322 T 303 333 309 0 0
322 T 1134 300 2676 0 0
322 T 2027 306 1132 0 0
322 T 2678 335 2025 0 0
322 T 306 333 300 0 0
322 T 511 1790 2416 0 0
322 T 330 462 1790 0 0
322 T 2482 1720 504 0 0
322 T 1720 465 325 0 0
322 T 879 357 2064 0 0
322 T 871 939 877 0 0
322 T 2066 1664 869 0 0
322 T 939 1666 357 0 0
322 T 874 940 864 0 0
322 T 866 1614 2124 0 0
322 T 2126 357 872 0 0
322 T 357 1612 940 0 0
322 T 2715 1162 486 0 0
322 T 1162 102 2140 0 0
322 T 486 1162 2657 0 0
322 T 2082 102 1162 0 0
322 T 183 699 1368 0 0
322 T 1863 1765 181 0 0
322 T 1370 974 1861 0 0
322 T 1765 972 699 0 0
322 T 178 1699 1856 0 0
322 T 1858 973 1333 0 0
322 T 1335 700 176 0 0
322 T 700 975 1699 0 0
322 T 679 1788 2152 0 0
322 T 2218 1722 672 0 0
322 T 267 47 269 0 0
322 T 1686 525 1753 0 0
322 T 1274 114 598 0 0
322 T 1694 1154 1272 0 0
322 T 114 1152 1636 0 0
322 T 598 117 1193 0 0
322 T 1195 1154 1760 0 0
322 T 1586 1152 117 0 0
322 T 243 2194 2681 0 0
322 T 235 315 241 0 0
322 T 2683 1949 233 0 0
322 T 315 1951 2194 0 0
322 T 238 316 232 0 0
322 T 234 1954 2625 0 0
322 T 2627 2256 236 0 0
322 T 2256 1952 316 0 0
322 T 1310 1161 1781 0 0
322 T 1783 2081 889 0 0
322 T 886 2143 1713 0 0
322 T 1715 1161 1229 0 0
322 T 559 613 565 0 0
322 T 2418 1374 557 0 0
322 T 613 1372 454 0 0
322 T 562 610 552 0 0
322 T 554 1337 2480 0 0
322 T 457 1339 610 0 0
322 T 547 591 537 0 0
322 T 539 2314 1248 0 0
322 T 1250 249 545 0 0
322 T 542 246 1169 0 0
322 T 534 592 540 0 0
322 T 1171 2368 532 0 0
322 T 451 2706 882 0 0
322 T 443 474 449 0 0
322 T 880 1713 441 0 0
322 T 474 1715 2706 0 0
322 T 446 469 436 0 0
322 T 438 1783 880 0 0
322 T 882 2648 444 0 0
322 T 2648 1781 469 0 0
322 T 447 476 449 0 0
322 T 451 708 2644 0 0
322 T 2703 706 445 0 0
322 T 2646 142 2701 0 0
322 T 880 884 877 0 0
322 T 874 891 880 0 0
322 T 799 2342 1264 0 0
322 T 791 841 797 0 0
322 T 1266 287 789 0 0
322 T 794 846 784 0 0
322 T 786 288 1185 0 0
322 T 1187 2396 792 0 0
322 T 159 1356 613 0 0
322 T 615 639 605 0 0
322 T 607 1653 157 0 0
322 T 1653 637 1356 0 0
322 T 154 1603 600 0 0
322 T 610 1394 152 0 0
322 T 602 632 608 0 0
322 T 1394 634 1603 0 0
322 T 2322 307 2697 0 0
322 T 2699 621 421 0 0
322 T 311 2379 2642 0 0
322 T 2640 425 625 0 0
322 T 759 946 761 0 0
322 T 763 351 2300 0 0
322 T 2359 345 757 0 0
322 T 387 1900 2420 0 0
322 T 2422 351 1492 0 0
322 T 2308 349 1900 0 0
322 T 351 1343 385 0 0
322 T 1900 1510 1343 0 0
322 T 344 2364 1907 0 0
322 T 1905 382 2486 0 0
322 T 2484 1409 346 0 0
322 T 344 380 1378 0 0
322 T 1376 1424 1907 0 0
322 T 575 794 1744 0 0
322 T 1746 1185 509 0 0
322 T 506 1266 1677 0 0
322 T 1679 797 568 0 0
322 T 243 603 2424 0 0
322 T 2426 1637 249 0 0
322 T 246 1587 2488 0 0
322 T 2490 604 236 0 0
322 T 775 921 765 0 0
322 T 767 1010 161 0 0
322 T 1010 923 2326 0 0
322 T 766 918 768 0 0
322 T 2380 916 1009 0 0
322 T 80 1388 869 0 0
322 T 2066 1958 82 0 0
322 T 1958 1664 1388 0 0
322 T 82 1961 2124 0 0
322 T 866 1354 80 0 0
322 T 1354 1614 1961 0 0
322 T 1490 127 557 0 0
322 T 2418 696 1488 0 0
322 T 127 698 1372 0 0
322 T 554 120 1405 0 0
322 T 1407 703 2480 0 0
322 T 1339 701 120 0 0
322 T 2291 333 2377 0 0
322 T 2642 301 2289 0 0
322 T 2286 302 2696 0 0
322 T 2323 333 2284 0 0
322 T 243 2518 2537 0 0
322 T 2539 83 2681 0 0
322 T 2192 81 2518 0 0
322 T 2534 2452 236 0 0
322 T 2627 83 2532 0 0
322 T 2452 81 2258 0 0
322 T 671 271 1624 0 0
322 T 1574 265 665 0 0
322 T 559 2693 501 0 0
322 T 549 553 557 0 0
322 T 2693 2636 202 -1 0
322 T 553 497 2636 0 0
322 T 387 1345 501 0 0
322 T 503 1301 2420 0 0
322 T 1902 1303 1345 0 0
322 T 498 1382 380 0 0
322 T 2486 1222 496 0 0
322 T 1382 1220 1905 0 0
322 T 271 2778 2040 0 0
322 T 835 406 2778 0 0
322 T 2102 2740 264 0 0
322 T 2740 409 828 0 0
322 T 271 277 261 0 0
322 T 263 1878 2040 0 0
322 T 2776 1876 277 0 0
322 T 258 274 264 0 0
322 T 2102 1881 256 0 0
322 T 274 1883 2742 0 0
322 T 559 2689 669 0 0
322 T 671 1592 565 0 0
322 T 1592 2691 615 0 0
322 T 562 1646 664 0 0
322 T 666 2635 552 0 0
322 T 608 2633 1646 0 0
322 T 1811 173 2084 0 0
322 T 2086 211 2724 0 0
322 T 2726 183 1809 0 0
322 T 183 209 173 0 0
322 T 1806 176 2760 0 0
322 T 2027 170 1804 0 0
322 T 2762 211 2025 0 0
322 T 170 209 176 0 0
322 T 159 2571 2689 0 0
322 T 2691 85 2736 0 0
322 T 2738 2527 157 0 0
322 T 154 2461 2772 0 0
322 T 2635 2564 152 0 0
322 T 2774 86 2633 0 0
322 T 1819 412 2208 0 0
322 T 2210 481 2620 0 0
322 T 2622 422 1817 0 0
322 T 422 483 412 0 0
322 T 1814 425 2676 0 0
322 T 2147 419 1812 0 0
322 T 2678 482 2145 0 0
322 T 419 480 425 0 0
322 T 2291 1008 1276 0 0
322 T 1199 1011 2284 0 0
322 T 871 1394 433 0 0
322 T 1394 939 2461 0 0
322 T 430 1356 864 0 0
322 T 2527 940 1356 0 0
322 T 2210 998 1137 0 0
322 T 998 481 301 0 0
322 T 1134 997 2145 0 0
322 T 1131 995 1480 0 0
322 T 1482 1911 1616 0 0
322 T 1618 85 1129 0 0
322 T 85 1909 995 0 0
322 T 1126 86 1565 0 0
322 T 1399 992 1124 0 0
322 T 1567 1908 1397 0 0
322 T 583 1952 2156 0 0
322 T 1746 2629 581 0 0
322 T 2158 154 1744 0 0
322 T 2629 152 1952 0 0
322 T 578 2687 1677 0 0
322 T 1679 157 2220 0 0
322 T 2222 1951 576 0 0
322 T 1951 159 2687 0 0
322 T 799 2667 173 0 0
322 T 211 2665 1801 0 0
322 T 170 2721 792 0 0
322 T 1735 2723 211 0 0
322 T 427 643 1276 0 0
322 T 1278 619 2640 0 0
322 T 625 617 643 0 0
322 T 1199 643 420 0 0
322 T 2698 616 1197 0 0
322 T 643 618 622 0 0
322 T 671 980 2412 0 0
322 T 2478 983 664 0 0
322 T 615 942 2736 0 0
322 T 2774 937 608 0 0
322 T 626 794 2631 0 0
322 T 2685 797 621 0 0
322 T 1490 2751 501 0 0
322 T 2751 127 2695 0 0
322 T 498 2785 1405 0 0
322 T 2637 120 2785 0 0
322 T 1511 1200 2285 0 0
322 T 1200 421 334 0 0
322 T 335 427 1282 0 0
322 T 1280 1426 2291 0 0
322 T 2086 1203 1817 0 0
322 T 1814 1280 2025 0 0
322 T 243 633 1072 0 0
322 T 1074 611 2424 0 0
322 T 1023 638 236 0 0
322 T 2490 612 1021 0 0
322 T 387 383 379 -1 0
322 T 1347 1938 1381 0 0
322 T 719 7 1244 0 0
322 T 1246 1976 1360 0 0
322 T 1610 1978 7 0 0
322 T 1167 7 712 0 0
322 T 1327 1983 1165 0 0
322 T 7 1981 1660 0 0
322 T 95 931 1436 0 0
322 T 1438 2078 1917 0 0
322 T 2393 2076 931 0 0
322 T 1914 2136 1520 0 0
322 T 1522 932 88 0 0
322 T 932 2138 2339 0 0
322 T 1123 2258 1480 0 0
322 T 1362 318 1121 0 0
322 T 1482 1952 1360 0 0
322 T 1118 313 1325 0 0
322 T 1327 1951 1397 0 0
322 T 1399 2192 1116 0 0
322 T 403 1859 1748 0 0
322 T 1750 1415 354 0 0
322 T 1415 1857 2100 0 0
322 T 1498 1683 354 0 0
322 T 2042 1862 1496 0 0
322 T 1683 1860 396 0 0
322 T 451 1241 889 0 0
322 T 2704 872 1241 0 0
322 T 886 1323 444 0 0
322 T 1323 879 2650 0 0
322 T 1223 1664 1940 0 0
322 T 1946 1615 1301 0 0
322 T 127 2012 1376 0 0
322 T 1426 1897 125 0 0
322 T 1897 1905 2012 0 0
322 T 122 1894 1508 0 0
322 T 1343 2012 120 0 0
322 T 2012 1902 1894 0 0
322 T 1010 619 303 0 0
322 T 1927 1975 1917 0 0
322 T 1438 4 1925 0 0
322 T 4 2078 1975 0 0
322 T 1922 4 1520 0 0
322 T 1914 1975 1920 0 0
322 T 1975 2136 4 0 0
322 T 1143 1194 2408 -1 0
322 T 2410 597 2352 0 0
322 T 2299 597 2472 0 0
322 T 2474 1273 1140 0 0
322 T 819 927 825 0 0
322 T 823 926 817 0 0
322 T 191 1440 1869 0 0
322 T 1871 1867 1875 1 0
322 T 513 1525 1440 0 0
322 T 1867 1527 185 0 0
322 T 127 2703 2805 0 0
322 T 2807 2644 121 0 0
322 T 1482 2631 725 0 0
322 T 722 2685 1397 0 0
322 T 206 449 1225 0 0
322 T 1227 708 2784 0 0
322 T 2786 2646 204 0 0
322 T 205 2701 2749 0 0
322 T 1307 447 207 0 0
322 T 2751 706 1305 0 0
322 T 679 2077 753 0 0
322 T 763 2394 677 0 0
322 T 755 928 761 0 0
322 T 674 2336 756 0 0
322 T 758 935 748 0 0
322 T 750 2139 672 0 0
322 T 711 2664 1989 0 0
322 T 1991 1802 1604 0 0
322 T 1606 208 709 0 0
322 T 706 208 1656 0 0
322 T 1986 2722 704 0 0
322 T 1658 1732 1984 0 0
322 T 1811 1853 1817 0 0
322 T 1853 173 1201 0 0
322 T 1814 1850 1804 0 0
322 T 1282 170 1850 0 0
322 T 539 585 529 0 0
322 T 531 2045 1068 0 0
322 T 1070 147 537 0 0
322 T 147 2047 585 0 0
322 T 534 148 1017 0 0
322 T 530 585 532 0 0
322 T 1019 2107 528 0 0
322 T 585 2105 148 0 0
322 T 1991 2262 7 0 0
322 T 1983 1997 1989 0 0
322 T 2262 1999 1660 0 0
322 T 7 2196 1984 0 0
322 T 1986 2002 1976 0 0
322 T 1610 2000 2196 0 0
322 T 1827 603 2408 0 0
322 T 2210 1602 1825 0 0
322 T 2410 153 2208 0 0
322 T 1822 1652 2145 0 0
322 T 2147 158 2472 0 0
322 T 2474 604 1820 0 0
322 T 1875 1873 1875 -1 0
322 T 479 477 479 -1 0
322 T 97 89 93 0 0
322 T 375 614 2728 0 0
322 T 367 453 373 0 0
322 T 2730 1373 365 0 0
322 T 611 370 2766 0 0
322 T 2764 364 1336 0 0
322 T 456 366 370 0 0
322 T 291 2009 1296 0 0
322 T 1298 1007 693 0 0
322 T 2403 1005 2009 0 0
322 T 690 1004 1217 0 0
322 T 1219 2006 284 0 0
322 T 2006 1006 2345 0 0
322 T 1482 624 733 0 0
322 T 730 623 1397 0 0
322 T 1811 1368 1736 0 0
322 T 1670 1334 1805 0 0
322 T 2299 589 1820 0 0
322 T 1826 595 2353 0 0
322 T 2547 2754 241 0 0
322 T 2314 145 2545 0 0
322 T 2754 147 1763 0 0
322 T 238 2788 2540 0 0
322 T 2542 150 2368 0 0
322 T 1693 148 2788 0 0
322 T 340 2488 2728 0 0
322 T 375 1023 342 0 0
322 T 342 1072 368 0 0
322 T 2766 2426 340 0 0
322 T 299 1733 2881 0 0
322 T 2883 2003 289 0 0
322 T 329 2001 1733 0 0
322 T 286 1996 2837 0 0
322 T 2839 1803 292 0 0
322 T 1803 1998 326 0 0
322 T 2807 205 2693 -1 0
322 T 2638 204 2805 0 0
322 T 204 200 205 0 0
322 T 663 2885 545 0 0
322 T 1250 2172 661 0 0
322 T 2885 2174 251 0 0
322 T 542 2843 656 0 0
322 T 658 2238 1169 0 0
322 T 244 2236 2843 0 0
322 T 1131 415 1620 0 0
322 T 1622 421 2808 0 0
322 T 2810 482 1129 0 0
322 T 1126 481 2852 0 0
322 T 1571 416 1124 0 0
322 T 2854 426 1569 0 0
322 T 163 1004 1829 0 0
322 T 1831 2010 1837 0 0
322 T 1834 2005 1828 0 0
322 T 1983 325 1604 0 0
322 T 1658 330 1976 0 0
322 T 0 2669 2612 0 0
322 T 2614 6 2277 0 0
322 T 2275 7 2669 0 0
322 T 6 5 2 1 0
322 T 263 1870 1496 0 0
322 T 1876 1862 1870 0 0
322 T 1415 1865 256 0 0
322 T 1865 1857 1883 0 0
322 T 735 642 2808 0 0
322 T 2854 642 728 0 0
322 T 2095 141 2033 0 0
322 T 2098 111 2037 0 0
322 T 2035 970 2096 0 0
322 T 2039 968 2093 0 0
322 T 2122 130 2061 0 0
322 T 2108 108 2051 0 0
322 T 2063 967 2110 0 0
322 T 2049 965 2120 0 0
322 T 403 49 397 0 0
322 T 1682 223 1748 0 0
322 T 191 21 2820 0 0
322 T 2822 8 813 0 0
322 T 185 2865 18 0 0
322 T 811 9 2865 0 0
322 T 2726 699 1736 0 0
322 T 1671 700 2760 0 0
322 T 663 297 1364 0 0
322 T 735 2883 661 0 0
322 T 658 2837 728 0 0
322 T 1331 294 656 0 0
322 T 1070 2547 1248 0 0
322 T 1171 2540 1017 0 0
322 T 1827 1886 1817 0 0
322 T 1819 1640 2348 0 0
322 T 2350 83 1825 0 0
322 T 83 1642 1886 0 0
322 T 83 1891 1590 0 0
322 T 1588 1814 2295 0 0
322 T 2293 1820 81 0 0
322 T 1820 1812 1891 0 0
322 T 1618 1917 1736 0 0
322 T 1738 2456 1129 0 0
322 T 1126 2522 1669 0 0
322 T 1671 1914 1565 0 0
322 T 2507 1892 1376 0 0
322 T 1343 1899 2441 0 0
322 T 549 541 545 0 0
322 T 2840 97 2887 0 0
322 T 1482 616 2808 0 0
322 T 2854 619 1397 0 0
322 T 482 618 995 0 0
322 T 579 1956 2032 0 0
322 T 2094 1962 581 0 0
322 T 219 468 1076 0 0
322 T 2547 2386 217 0 0
322 T 1078 1470 2545 0 0
322 T 2547 470 2769 0 0
322 T 2771 1463 217 0 0
322 T 212 2540 2328 0 0
322 T 1547 2735 214 0 0
322 T 2735 473 2540 0 0
322 T 212 1025 473 0 0
322 T 2542 1552 1025 0 0
322 T 403 2282 2036 0 0
322 T 2099 2283 397 0 0
322 T 366 700 2813 0 0
322 T 2815 123 2764 0 0
322 T 2731 125 2856 0 0
322 T 2858 698 364 0 0
322 T 219 2651 2537 0 0
322 T 2539 1780 1076 0 0
322 T 2534 2705 212 0 0
322 T 1027 1714 2532 0 0
322 T 1212 841 2665 0 0
322 T 2723 846 1295 0 0
322 T 671 1773 1484 0 0
322 T 1486 2563 1624 0 0
322 T 269 2561 1773 0 0
322 T 1403 1707 664 0 0
322 T 1575 2556 1401 0 0
322 T 1707 2558 266 0 0
322 T 1890 1653 416 0 0
322 T 1600 1886 414 0 0
322 T 2718 1282 1899 0 0
322 T 1892 1201 2660 0 0
322 T 1847 1894 1853 0 0
322 T 1850 1897 1840 0 0
322 T 191 197 181 0 0
322 T 1863 2828 189 0 0
322 T 2828 1765 197 0 0
322 T 186 2874 1856 0 0
322 T 178 194 184 0 0
322 T 194 1699 2874 0 0
322 T 1947 942 2744 0 0
322 T 2746 359 1300 0 0
322 T 1223 359 2780 0 0
322 T 2782 937 1940 0 0
322 T 2426 113 2861 0 0
322 T 2863 1153 249 0 0
322 T 246 1153 2817 0 0
322 T 2819 118 2488 0 0
322 T 2539 2065 952 0 0
322 T 954 1959 2681 0 0
322 T 955 2127 2532 0 0
322 T 2627 1960 953 0 0
322 T 954 1995 233 0 0
322 T 1995 1959 1951 0 0
322 T 1963 1995 1953 0 0
322 T 1819 104 2616 0 0
322 T 2618 833 2348 0 0
322 T 1642 835 104 0 0
322 T 2295 830 2672 0 0
322 T 2674 104 1812 0 0
322 T 104 828 1588 0 0
322 T 811 51 813 0 0
322 T 2822 44 2865 0 0
322 T 755 751 747 -1 0
322 T 1139 2068 753 0 0
322 T 2068 131 2131 0 0
322 T 2129 1135 751 0 0
322 T 836 284 2877 0 0
322 T 2879 279 1432 0 0
322 T 1518 272 2833 0 0
322 T 2835 291 836 0 0
322 T 191 45 185 0 0
322 T 243 1145 1076 0 0
322 T 2516 1780 1145 0 0
322 T 1027 1150 236 0 0
322 T 1150 1714 2454 0 0
322 T 763 100 2212 0 0
322 T 2214 2459 677 0 0
322 T 674 2521 2149 0 0
322 T 2151 100 756 0 0
322 T 807 2757 181 0 0
322 T 199 2759 1649 0 0
322 T 178 2795 800 0 0
322 T 1599 2793 192 0 0
322 T 655 2771 1248 0 0
322 T 1070 470 653 0 0
322 T 650 473 1017 0 0
322 T 1171 2733 648 0 0
322 T 1294 706 2249 0 0
322 T 2251 1984 845 0 0
322 T 842 1991 2185 0 0
322 T 2187 709 1213 0 0
322 T 871 634 2905 0 0
322 T 2907 1601 433 0 0
322 T 430 1655 2897 0 0
322 T 2899 637 864 0 0
322 T 411 429 417 0 0
322 T 1891 2898 409 0 0
322 T 414 434 404 0 0
322 T 406 2904 1884 0 0
322 T 219 1320 2428 0 0
322 T 2430 878 2537 0 0
322 T 2534 873 2492 0 0
322 T 2494 1242 212 0 0
322 T 2223 1992 2032 0 0
322 T 2095 1995 2157 0 0
322 T 2790 1552 1148 0 0
322 T 1146 1471 2753 0 0
322 T 1827 1965 1821 0 0
322 T 2430 356 952 0 0
322 T 955 356 2492 0 0
322 T 319 1979 2900 0 0
322 T 2902 1657 309 0 0
322 T 306 1607 2908 0 0
322 T 2910 1980 312 0 0
322 T 1947 903 2121 0 0
322 T 2123 893 2744 0 0
322 T 2063 896 1940 0 0
322 T 2782 894 2061 0 0
322 T 104 2508 1696 0 0
322 T 2875 2958 106 0 0
322 T 2958 193 2508 0 0
322 T 106 2961 2829 0 0
322 T 1766 2446 104 0 0
322 T 2446 198 2961 0 0
322 T 1266 2878 781 0 0
322 T 778 2832 1185 0 0
322 T 2150 1157 2212 0 0
322 T 1218 2019 2836 0 0
322 T 1999 2017 2005 0 0
322 T 2011 2016 2001 0 0
322 T 2883 2018 1296 0 0
322 T 735 2018 1484 0 0
322 T 1486 1298 661 0 0
322 T 658 1217 1401 0 0
322 T 1403 2018 728 0 0
322 T 807 2260 2824 0 0
322 T 2826 1999 157 0 0
322 T 154 2000 2868 0 0
322 T 2870 2198 800 0 0
322 T 1366 2795 717 0 0
322 T 714 2757 1329 0 0
322 T 2279 862 2348 0 0
322 T 2618 825 2277 0 0
322 T 2274 822 2672 0 0
322 T 2295 857 2272 0 0
322 T 1937 1929 1933 0 0
322 T 1935 1726 93 0 0
322 T 1726 1795 55 1 0
322 T 91 1793 1929 0 0
322 T 1246 2903 1121 0 0
322 T 1118 2909 1165 0 0
322 T 1442 1879 2830 0 0
322 T 2872 1880 1524 0 0
322 T 2251 2186 43 -1 0
322 T 2020 1990 1986 0 0
322 T 1947 2020 1941 0 0
322 T 547 1971 1252 0 0
322 T 1254 1174 495 1 0
322 T 1174 1970 541 0 0
322 T 1964 1968 1971 0 0
322 T 1919 4 2513 0 0
322 T 2515 2450 515 1 0
322 T 2450 5 1913 0 0
322 T 375 371 379 1 0
322 T 2914 1073 1021 0 0
322 T 628 632 636 0 0
322 T 139 1795 913 0 0
322 T 129 133 137 0 0
322 T 133 909 1726 0 0
322 T 2470 2263 2277 0 0
322 T 2614 1988 2468 0 0
322 T 2274 2197 2405 0 0
322 T 2407 1987 2668 0 0
322 T 295 336 297 0 0
322 T 1350 2986 1385 0 0
322 T 351 1899 3021 0 0
322 T 3023 2443 385 0 0
322 T 382 2505 2997 0 0
322 T 2999 1892 344 0 0
322 T 2602 485 1229 0 0
322 T 1715 2658 2600 0 0
322 T 2606 2713 1780 0 0
322 T 1311 484 2604 0 0
322 T 1486 3010 741 0 0
322 T 3010 2563 227 0 0
322 T 738 3032 1401 0 0
322 T 224 2556 3032 1 0
322 T 1434 1096 2961 0 0
322 T 2446 687 1432 0 0
322 T 1096 685 196 0 0
322 T 2958 1047 1516 0 0
322 T 1518 680 2508 0 0
322 T 195 682 1047 0 0
322 T 531 3024 653 0 0
322 T 2047 470 3024 0 0
322 T 650 3002 528 0 0
322 T 3002 473 2105 0 0
322 T 340 2916 2857 0 0
322 T 2490 124 2916 0 0
322 T 2815 2923 340 0 0
322 T 2923 123 2424 0 0
322 T 2923 135 2861 0 0
322 T 2819 136 2916 0 0
322 T 95 1715 2577 0 0
322 T 2579 2453 1100 0 0
322 T 1102 1149 93 0 0
322 T 90 1146 1049 0 0
322 T 2574 1781 88 0 0
322 T 1051 2519 2572 0 0
322 T 2879 522 2961 0 0
322 T 522 279 1098 0 0
322 T 2958 517 2833 0 0
322 T 1045 272 517 0 0
322 T 1883 2055 106 0 0
322 T 2055 1527 2956 0 0
322 T 106 2113 1876 0 0
322 T 2963 1441 2113 0 0
322 T 919 2018 3008 0 0
322 T 3034 2018 920 0 0
322 T 258 3041 2556 0 0
322 T 1707 3043 272 0 0
322 T 2562 3018 260 0 0
322 T 3018 1774 278 0 0
322 T 815 2597 2824 0 0
322 T 863 2260 2597 0 0
322 T 2870 2594 808 0 0
322 T 2594 2198 856 0 0
322 T 151 2114 781 0 0
322 T 783 2960 2501 0 0
322 T 2503 1440 149 0 0
322 T 146 1526 2437 0 0
322 T 778 2052 144 0 0
322 T 2439 2959 776 0 0
322 T 227 1317 1688 -1 0
322 T 1690 1996 2561 0 0
322 T 3010 1998 1317 0 0
322 T 2558 2003 1756 0 0
322 T 1758 1239 224 0 0
322 T 1239 2001 3032 0 0
322 T 2803 444 3025 0 0
322 T 2046 438 2801 0 0
322 T 2798 441 2104 0 0
322 T 3003 451 2796 0 0
322 T 2350 2596 2468 0 0
322 T 2470 2850 1825 0 0
322 T 2850 2598 81 0 0
322 T 1822 2892 2405 0 0
322 T 2407 2595 2293 0 0
322 T 81 2593 2892 0 0
322 T 2803 204 2048 0 0
322 T 2050 1304 3025 0 0
322 T 2110 204 2796 0 0
322 T 3003 1227 2108 0 0
322 T 1354 3114 637 0 0
322 T 3079 1391 635 0 0
322 T 3114 1 3077 -1 -1
322 T 915 911 907 -1 0
322 T 351 1322 2168 0 0
322 T 2235 1241 345 0 0
322 T 263 259 255 -1 0
322 T 531 2049 3085 0 0
322 T 3087 1305 653 0 0
322 T 650 1226 3049 0 0
322 T 3051 2111 528 0 0
322 T 919 2006 1317 0 0
322 T 2011 922 1239 0 0
322 T 1266 523 2501 0 0
322 T 2439 516 1185 0 0
322 T 1502 2825 2561 0 0
322 T 1690 158 1500 0 0
322 T 2558 2871 1417 0 0
322 T 1419 153 1756 0 0
322 T 687 2264 1773 0 0
322 T 1775 2970 1096 0 0
322 T 196 2968 2264 0 0
322 T 1047 2965 1705 0 0
322 T 1707 2202 680 0 0
322 T 2202 2967 195 0 0
322 T 2170 226 1496 -1 0
322 T 1414 224 2233 -1 0
322 T 1927 2136 2513 0 0
322 T 2451 2078 1920 0 0
322 T 221 2237 2172 0 0
322 T 99 97 99 -1 0
322 T 687 139 1100 0 0
322 T 2579 3028 685 0 0
322 T 3028 2453 139 0 0
322 T 682 3006 2572 0 0
322 T 1051 132 680 0 0
322 T 132 2519 3006 0 0
322 T 3019 2970 522 0 0
322 T 517 2965 3041 0 0
322 T 3006 2978 82 0 0
322 T 2978 134 2193 0 0
322 T 82 2981 3028 0 0
322 T 2259 137 2981 0 0
322 T 559 2949 1484 0 0
322 T 2691 1773 2949 0 0
322 T 1403 2946 552 0 0
322 T 2946 1707 2633 0 0
322 T 511 2792 2160 0 0
322 T 2162 195 393 0 0
322 T 390 196 2224 0 0
322 T 2226 2758 504 0 0
322 T 2571 2602 2577 0 0
322 T 2574 2605 2564 0 0
322 T 2563 2598 2553 0 0
322 T 2555 1449 261 0 0
322 T 1449 2596 3017 0 0
322 T 258 1535 2548 0 0
322 T 2550 2593 2556 0 0
322 T 3043 2595 1535 0 0
322 T 2603 2608 2605 0 0
322 T 775 1236 3125 0 0
322 T 3127 2008 765 0 0
322 T 766 2007 3117 0 0
322 T 3119 1318 768 0 0
322 T 1502 812 2553 0 0
322 T 2550 811 1417 0 0
322 T 1831 767 956 0 0
322 T 958 3125 1837 0 0
322 T 1834 3119 957 0 0
322 T 2971 2599 2188 0 0
322 T 1779 2849 2969 0 0
322 T 2190 82 1777 0 0
322 T 2966 2895 1709 0 0
322 T 1711 82 2252 0 0
322 T 2254 2592 2964 0 0
322 T 2587 1553 93 0 0
322 T 1102 2789 2585 0 0
322 T 90 1471 2580 0 0
322 T 2582 2755 1049 0 0
322 T 201 193 197 0 0
322 T 2202 1 2265 -1 0
322 T 523 3015 1925 0 0
322 T 1438 3105 521 0 0
322 T 3105 4 3015 0 0
322 T 518 3071 1520 0 0
322 T 1922 3037 516 0 0
322 T 3037 4 3071 0 0
322 T 1502 1418 223 1 0
322 T 2406 1 2468 0 -1
322 T 1166 651 3081 0 0
322 T 1012 649 4 0 0
322 T 651 3013 713 0 0
322 T 6 1067 654 0 0
322 T 652 716 3037 0 0
322 T 1245 3045 654 0 0
322 T 523 1450 2188 0 0
322 T 2254 1532 516 0 0
322 T 775 2246 3138 0 0
322 T 3136 144 3125 0 0
322 T 1238 146 2246 0 0
322 T 3138 2180 768 0 0
322 T 3119 151 3136 0 0
322 T 2180 149 1316 0 0
322 T 503 1776 1252 0 0
322 T 1174 1711 497 0 0
322 T 219 770 2316 0 0
322 T 958 2180 217 0 0
322 T 2318 3136 956 0 0
322 T 214 2246 957 0 0
322 T 959 3136 2372 0 0
322 T 2374 773 212 0 0
322 T 2318 144 1837 0 0
322 T 1834 151 2372 0 0
322 T 2302 2929 2408 0 0
322 T 1192 2931 251 0 0
322 T 2474 2926 2356 0 0
322 T 244 2924 1275 0 0
322 T 1 23 24 1 1
322 T 399 1036 2225 0 0
322 T 199 1038 407 0 0
322 T 193 411 1090 0 0
322 T 1088 403 2162 0 0
322 T 687 3122 2585 0 0
322 T 137 2789 3122 0 0
322 T 2582 3128 680 0 0
322 T 3128 2755 134 0 0
322 T 2587 2583 2591 1 0
322 T 53 1470 1555 0 0
322 T 2863 1763 2929 0 0
322 T 2926 1693 2817 0 0
322 T 151 3120 2941 0 0
322 T 2943 139 1692 0 0
322 T 2938 3130 144 0 0
322 T 1762 132 2936 0 0
322 T 1590 3099 409 0 0
322 T 3099 81 2896 0 0
322 T 406 3061 1640 0 0
322 T 2906 81 3061 0 0
322 T 351 1556 1256 0 0
322 T 1258 3159 3021 0 0
322 T 1897 3157 1556 0 0
322 T 1179 1474 344 0 0
322 T 2999 3152 1177 0 0
322 T 1474 3154 1894 0 0
322 T 2579 3164 1773 0 0
322 T 2266 3166 3030 0 0
322 T 1707 3171 2572 0 0
322 T 3004 3169 2200 0 0
322 T 1543 209 309 0 0
322 T 2902 705 1541 0 0
322 T 306 209 1457 0 0
322 T 1459 710 2908 0 0
322 T 1052 81 638 0 0
322 T 635 1107 81 0 0
322 T 1139 1541 2724 0 0
322 T 2762 1459 1132 0 0
322 T 2973 2977 2981 0 0
322 T 159 3188 2949 0 0
322 T 2569 1773 3188 0 0
322 T 2946 3202 152 0 0
322 T 3202 1707 2566 0 0
322 T 2222 3223 2096 0 0
322 T 3223 1993 968 0 0
322 T 2039 3221 2157 0 0
322 T 2951 2992 2945 0 0
322 T 3171 3198 82 0 0
322 T 3198 2202 2976 0 0
322 T 82 3184 3164 0 0
322 T 2983 2264 3184 0 0
322 T 337 339 337 1 0
322 T 1935 363 2844 0 0
322 T 2846 3111 93 0 0
322 T 3111 361 1724 0 0
322 T 90 3073 2888 0 0
322 T 2890 363 1928 0 0
322 T 1794 361 3073 0 0
322 T 915 362 2709 0 0
322 T 3231 1799 913 0 0
322 T 2711 1556 3229 0 0
322 T 1799 1558 362 0 0
322 T 910 1729 3224 0 0
322 T 3226 1474 2653 0 0
322 T 2655 362 908 0 0
322 T 362 1472 1729 0 0
322 T 219 3224 3245 0 0
322 T 1847 2655 217 0 0
322 T 3247 1474 1845 0 0
322 T 214 2709 1840 0 0
322 T 1842 1556 3233 0 0
322 T 3235 3231 212 0 0
322 T 2210 3243 753 0 0
322 T 3243 998 2070 0 0
322 T 750 3253 2145 0 0
322 T 2128 997 3253 0 0
322 T 519 1112 89 0 0
322 T 519 933 2889 0 0
322 T 1060 523 95 0 0
322 T 521 2844 929 0 0
322 T 159 1286 1420 0 0
322 T 1422 3157 2949 0 0
322 T 3190 3159 1286 0 0
322 T 2946 3154 1504 0 0
322 T 1506 1205 152 0 0
322 T 1205 3152 3200 0 0
322 T 2110 3256 2049 0 0
322 T 2120 3258 2063 0 0
322 T 3166 3190 2600 0 0
322 T 2607 3200 3169 0 0
322 T 3135 972 365 0 0
322 T 2859 1767 3133 0 0
322 T 3134 1697 2813 0 0
322 T 219 1787 1260 0 0
322 T 1262 3169 3245 0 0
322 T 3226 3171 1787 0 0
322 T 1183 1717 212 0 0
322 T 3235 3166 1181 0 0
322 T 1717 3164 3229 0 0
322 T 763 3251 2408 0 0
322 T 349 2929 3251 0 0
322 T 2474 3237 756 0 0
322 T 3237 2926 346 0 0
322 T 2742 3094 106 0 0
322 T 3094 272 2053 0 0
322 T 106 3056 2776 0 0
322 T 2115 279 3056 0 0
322 T 2923 2939 2929 0 0
322 T 2926 2940 2916 0 0
322 T 3257 2781 2744 0 0
322 T 1787 1455 82 0 0
322 T 1455 3224 3196 0 0
322 T 82 1537 1717 0 0
322 T 3186 3231 1537 0 0
322 T 3247 3154 1853 0 0
322 T 1850 3157 3233 0 0
322 T 1855 3144 1260 0 0
322 T 1262 1182 223 -1 0
322 T 1182 3150 1849 0 0
322 T 3142 3148 3144 0 0
322 T 107 1093 405 0 0
322 T 1042 410 105 0 0
322 T 2178 3100 217 0 0
322 T 3100 132 2653 0 0
322 T 214 3066 2240 0 0
322 T 2711 139 3066 0 0
322 T 990 228 1537 0 0
322 T 1454 229 988 0 0
322 T 3151 3164 3157 0 0
322 T 1286 2602 3149 0 0
322 T 3154 3171 3144 0 0
322 T 3146 2605 1205 0 0
322 T 3176 3178 3176 -1 0
322 T 962 1701 149 0 0
322 T 147 1770 960 0 0
322 T 106 1769 1205 0 0
322 T 1287 1702 107 0 0
322 T 1422 43 1505 0 0
322 T 1258 951 342 0 0
322 T 343 949 1176 0 0
322 T 2318 3090 166 0 0
322 T 3090 144 2433 0 0
322 T 166 3052 2372 0 0
322 T 2499 151 3052 0 0
322 T 663 3180 717 0 0
322 T 299 2795 3180 0 0
322 T 714 3194 656 0 0
322 T 3194 2757 292 0 0
322 T 1058 361 133 0 0
322 T 136 1109 361 0 0
322 T 3163 2069 1448 0 0
322 T 3279 999 3161 0 0
322 T 1450 3240 3277 0 0
322 T 3278 3254 1532 0 0
322 T 1534 2131 3160 0 0
322 T 28 53 30 1 0
322 T 3271 2587 1432 0 0
322 T 2446 3122 3269 0 0
322 T 3266 3128 2508 0 0
322 T 1518 2580 3264 0 0
322 T 1730 1 1797 0 -1
322 T 763 3295 2208 0 0
322 T 3249 153 3295 0 0
322 T 2147 3288 756 0 0
322 T 3288 158 3239 0 0
322 T 1032 145 272 0 0
322 T 149 1084 278 0 0
322 T 435 2465 197 0 0
322 T 195 2530 429 0 0
322 T 2465 1158 2530 0 0
322 T 1090 2530 417 0 0
322 T 414 2464 1037 0 0
322 T 167 1081 213 0 0
322 T 1030 218 165 0 0
322 T 151 3271 3321 0 0
322 T 3323 2444 2941 0 0
322 T 2938 2510 3309 0 0
322 T 3311 3264 144 0 0
322 T 3343 1764 2941 0 0
322 T 3323 106 3341 0 0
322 T 2938 1698 3336 0 0
322 T 3338 106 3309 0 0
322 T 3050 3256 3085 0 0
322 T 511 3183 3213 0 0
322 T 3215 296 2160 0 0
322 T 3210 3193 504 0 0
322 T 2226 295 3208 0 0
322 T 3293 3243 930 0 0
322 T 933 3253 3290 0 0
322 T 2846 3287 2188 0 0
322 T 1448 3285 929 0 0
322 T 2254 3280 2888 0 0
322 T 934 3282 1534 0 0
322 T 235 3173 948 0 0
322 T 1935 3327 2188 0 0
322 T 361 3287 3327 0 0
322 T 2254 3313 1928 0 0
322 T 3313 3280 361 0 0
322 T 340 3305 3133 0 0
322 T 2918 1767 3305 0 0
322 T 3134 3319 340 0 0
322 T 3319 1697 2921 0 0
322 T 2931 3345 1256 0 0
322 T 1558 3347 3251 0 0
322 T 1179 3350 2924 0 0
322 T 3237 3348 1472 0 0
322 T 1935 3358 1777 0 0
322 T 3325 82 3358 0 0
322 T 1711 3361 1928 0 0
322 T 3361 82 3315 0 0
322 T 3271 3267 3275 1 0
322 T 3391 1559 3285 0 0
322 T 3327 1796 3389 0 0
322 T 3282 1473 3384 0 0
322 T 3386 1730 3313 0 0
322 T 3215 3211 3219 1 0
322 T 3319 3339 2929 0 0
322 T 2926 3340 3305 0 0
322 T 367 991 3205 0 0
322 T 950 3355 3133 0 0
322 T 3307 3353 1177 0 0
322 T 1258 3354 3317 0 0
322 T 3287 3294 3277 0 0
322 T 3278 3289 3280 0 0
322 T 80 3401 3389 0 0
322 T 3358 1796 3401 0 0
322 T 3386 3415 80 0 0
322 T 3415 1730 3361 0 0
322 T 151 1549 1268 0 0
322 T 1270 3427 3321 0 0
322 T 3269 3425 1549 0 0
322 T 1191 1467 144 0 0
322 T 3311 3420 1189 0 0
322 T 1467 3422 3266 0 0
322 T 3351 3419 157 0 0
322 T 3419 1475 3289 0 0
322 T 154 3405 3344 0 0
322 T 3294 1557 3405 0 0
322 T 1270 3435 3341 0 0
322 T 3435 3427 104 0 0
322 T 3338 3437 1189 0 0
322 T 104 3420 3437 0 0
322 T 3347 3354 3337 0 0
322 T 3342 3353 3348 0 0
322 T 679 1923 3301 0 0
322 T 3303 2448 753 0 0
322 T 750 2514 3297 0 0
322 T 3299 1924 672 0 0
322 T 104 1512 976 0 0
322 T 978 3384 3437 0 0
322 T 3422 3386 1512 0 0
322 T 979 1430 104 0 0
322 T 3435 3391 977 0 0
322 T 1430 3389 3425 0 0
322 T 3365 3367 3365 1 0
322 T 3351 3395 1268 0 0
322 T 1270 1002 157 0 0
322 T 1002 3393 3417 0 0
322 T 154 1001 1189 0 0
322 T 1191 3395 3344 0 0
322 T 3407 3393 1001 0 0
322 T 1290 3401 3425 0 0
322 T 1430 82 1288 0 0
322 T 3422 3415 1209 0 0
322 T 1211 82 1512 0 0
322 T 3356 3364 3362 0 0
322 T 3263 963 529 0 0
322 T 3391 3407 3277 0 0
322 T 3278 3417 3384 0 0
322 T 3391 3393 3381 0 0
322 T 3383 1003 3277 0 0
322 T 3382 3393 3384 0 0
322 T 719 3335 1248 0 0
322 T 2769 3333 3036 0 0
322 T 1171 3328 712 0 0
322 T 3014 3330 2735 0 0
322 T 3262 816 3441 0 0
322 T 3447 1908 3204 0 0
322 T 3393 3435 3354 0 0
322 T 3353 3437 3393 0 0
322 T 978 3380 3353 0 0
322 T 3335 519 3396 0 0
322 T 3398 1921 2769 0 0
322 T 2735 1926 3408 0 0
322 T 3410 520 3328 0 0
322 T 1466 1 1549 -1 0
322 T 3182 3335 2174 0 0
322 T 2236 3328 3192 0 0
322 T 3398 3373 217 0 0
322 T 3373 1921 1461 0 0
322 T 214 3378 3408 0 0
322 T 1547 1926 3378 0 0
322 T 1290 1210 43 -1 0
322 T 1742 3375 3301 0 0
322 T 3299 3376 1673 0 0
322 T 511 3334 3453 0 0
322 T 3455 2173 3213 0 0
322 T 3210 2239 3449 0 0
322 T 3451 3329 504 0 0
322 T 3335 1186 3465 0 0
322 T 3467 2436 3396 0 0
322 T 3462 1265 3328 0 0
322 T 3410 2502 3460 0 0
322 T 3467 3477 217 0 0
322 T 3477 2436 3375 0 0
322 T 214 3475 3460 0 0
322 T 3376 2502 3475 0 0
322 T 3474 3488 149 0 0
322 T 3488 3379 1442 0 0
322 T 146 3487 3476 0 0
322 T 1524 3372 3487 0 0
322 T 1746 3466 3453 0 0
322 T 3451 3461 1677 0 0
322 T 3467 3493 1260 0 0
322 T 1785 3495 3479 0 0
322 T 1183 3498 3460 0 0
322 T 3473 3496 1719 0 0
322 T 3480 3484 3488 0 0
322 T 3499 3509 149 0 0
322 T 3509 1716 3490 0 0
322 T 146 3507 3492 0 0
322 T 3485 1786 3507 0 0
322 T 3175 1006 3457 0 0
322 T 3506 3514 82 0 0
322 T 3514 3486 1453 0 0
322 T 82 3517 3508 0 0
322 T 1539 3489 3517 0 0
322 T 3499 3525 1268 0 0
322 T 1551 3527 3511 0 0
322 T 1191 3530 3492 0 0
322 T 3505 3528 1465 0 0
322 T 3531 3538 82 0 0
322 T 3538 1466 3512 0 0
322 T 82 3532 3524 0 0
322 T 3519 1548 3532 0 0
322 T 3531 3542 1312 0 0
322 T 1314 987 82 0 0
322 T 987 3540 3536 0 0
322 T 82 984 1233 0 0
322 T 1235 3542 3524 0 0
322 T 3534 3540 984 0 0
322 T 3495 3499 3501 -1 0
322 T 65 3513 3517 0 0
322 T 3527 67 3529 0 0
322 T 1234 1 1312 0 -1
322 T 3547 3545 3547 -1 0
322 T 3569 3571 3569 1 0
322 T 3586 3584 3586 1 0
322 T 3592 3594 3592 -1 0
322 U 38 1 1 0 0
322 U 1 1 1 0 0
322 U 968 2 6 0 0
322 U 111 2 2 0 0
322 U 141 6 6 0 0
322 U 966 4 2 0 0
322 U 131 4 4 0 0
322 U 37 5 4 0 0
322 U 13 7 6 0 0
322 U 1408 8 8 0 0
322 U 383 11 8 0 0
322 U 2365 8 11 0 0
322 U 1425 11 11 0 0
322 U 391 12 8 0 0
322 U 2361 8 12 0 0
322 U 1444 12 12 0 0
322 U 2377 10 19 0 0
322 U 427 19 10 0 0
322 U 1479 19 19 0 0
322 U 8 13 12 0 0
322 U 21 12 13 0 0
322 U 1460 14 14 0 0
322 U 463 19 14 0 0
322 U 2389 14 19 0 0
322 U 471 17 14 0 0
322 U 2385 14 17 0 0
322 U 1471 17 17 0 0
322 U 26 17 16 0 0
322 U 31 16 17 0 0
322 U 1494 20 20 0 0
322 U 2310 23 20 0 0
322 U 385 20 23 0 0
322 U 1510 23 23 0 0
322 U 2306 24 20 0 0
322 U 393 20 24 0 0
322 U 1531 24 24 0 0
322 U 2322 31 22 0 0
322 U 421 22 31 0 0
322 U 1560 31 31 0 0
322 U 19 25 24 0 0
322 U 9 24 25 0 0
322 U 1547 26 26 0 0
322 U 2334 31 26 0 0
322 U 465 26 31 0 0
322 U 2330 29 26 0 0
322 U 473 26 29 0 0
322 U 1552 29 29 0 0
322 U 29 29 28 0 0
322 U 27 28 29 -1 0
322 U 3444 32 34 0 0
322 U 495 32 32 0 0
322 U 513 34 34 0 0
322 U 3442 37 32 0 0
322 U 524 37 37 0 0
322 U 35 35 34 0 0
322 U 41 37 36 0 0
322 U 713 38 48 0 0
322 U 3083 38 38 0 0
322 U 1014 48 38 0 0
322 U 15 39 38 0 0
322 U 11 38 39 0 0
322 U 3105 48 48 0 0
322 U 1028 40 46 0 0
322 U 771 46 40 0 0
322 U 3103 46 46 0 0
322 U 3089 40 40 0 0
322 U 1034 43 40 0 0
322 U 777 40 43 0 0
322 U 3094 43 43 0 0
322 U 1042 45 42 0 0
322 U 829 42 45 0 0
322 U 3096 45 45 0 0
322 U 1054 52 44 0 0
322 U 865 44 52 0 0
322 U 3113 52 52 0 0
322 U 1058 50 46 0 0
322 U 909 46 50 0 0
322 U 3111 50 50 0 0
322 U 1062 50 48 0 0
322 U 929 48 50 0 0
322 U 23 53 52 0 0
322 U 33 52 53 -1 0
322 U 1064 54 64 0 0
322 U 3044 54 54 0 0
322 U 719 64 54 0 0
322 U 10 55 54 0 0
322 U 16 54 55 0 0
322 U 3070 64 64 0 0
322 U 1084 56 59 0 0
322 U 3052 56 56 0 0
322 U 783 59 56 0 0
322 U 775 62 56 0 0
322 U 1080 56 62 0 0
322 U 3064 62 62 0 0
322 U 3057 59 59 0 0
322 U 1092 58 61 0 0
322 U 835 61 58 0 0
322 U 3063 61 61 0 0
322 U 1104 60 68 0 0
322 U 871 68 60 0 0
322 U 3078 68 68 0 0
322 U 1108 62 66 0 0
322 U 915 66 62 0 0
322 U 3072 66 66 0 0
322 U 1112 64 66 0 0
322 U 935 66 64 0 0
322 U 32 69 68 0 0
322 U 25 68 69 0 0
322 Q 43 855 131 849 0 0 -1 0 0 0
322 Q 129 907 129 907 0 0 0 0 0 0
322 Q 98 1303 142 1221 0 0 0 0 0 0
322 Q 1942 1 1944 96 0 0 0 0 -1 0
322 Q 1664 140 1615 1 0 0 -1 0 0 0
322 Q 43 1346 97 1380 0 0 0 0 -1 0
322 Q 99 1937 99 1937 0 0 0 0 0 0
322 Q 47 819 3 817 0 0 0 0 0 0
322 Q 927 3 926 525 0 0 0 0 0 0
322 Q 227 477 225 1873 1 0 -1 0 0 0
322 Q 2589 99 2589 99 0 0 0 0 0 0
322 Q 0 1807 223 1809 0 0 0 0 0 0
322 Q 1738 2 1668 0 0 0 0 0 0 0
322 Q 221 1334 2 1368 0 0 0 0 0 0
322 Q 493 535 109 537 0 0 0 0 0 0
322 Q 1618 513 1564 0 0 0 0 0 0 0
322 Q 49 974 2 972 0 0 0 0 0 0
322 Q 235 527 233 2915 0 0 0 0 0 0
322 Q 367 2987 365 495 0 0 0 0 0 0
322 Q 493 371 337 373 0 0 0 0 0 0
322 Q 439 2609 441 201 0 0 0 0 0 0
322 Q 2170 478 2233 255 0 0 0 0 0 0
322 Q 584 110 585 2935 0 0 0 0 0 0
322 Q 2933 147 2609 149 0 0 0 0 0 0
322 Q 2611 2045 108 2106 0 0 0 0 0 0
322 Q 493 531 2934 529 0 0 0 0 0 0
322 Q 200 1711 1965 1776 0 0 0 0 0 0
322 Q 2618 2953 2673 0 0 0 0 0 0 0
322 Q 2 821 2955 827 0 0 0 0 0 0
322 Q 695 2990 689 99 0 0 0 0 0 0
322 Q 2589 691 140 693 0 0 0 0 0 0
322 Q 142 2988 142 2988 0 0 0 0 0 0
322 Q 1819 3142 1813 0 0 0 0 0 0 0
322 Q 106 2953 107 3140 0 0 0 0 0 0
322 Q 0 1398 2974 1480 0 0 0 0 0 0
322 Q 1123 128 1117 0 0 0 0 0 0 0
322 Q 819 524 817 2955 0 0 0 0 0 0
322 Q 97 1218 2992 1296 0 0 0 0 0 0
322 Q 1911 2974 1909 513 0 0 0 0 0 0
322 Q 221 259 3176 261 0 0 0 0 0 0
322 Q 3178 1532 50 1451 0 0 0 0 0 0
322 Q 2973 990 2984 988 0 0 0 0 0 0
322 Q 1539 905 1452 2975 0 0 0 0 0 0
322 Q 2933 962 2952 960 0 0 0 0 0 0
322 Q 1701 2954 1770 2609 0 0 0 0 0 0
322 Q 377 1178 2992 1256 0 0 0 0 0 0
322 Q 951 2994 949 2912 0 0 0 0 0 0
322 Q 2990 1007 2992 1005 0 0 0 0 0 0
322 Q 12 2989 13 2988 0 0 0 0 0 0
322 Q 3273 2186 476 2249 0 0 0 0 0 0
322 Q 1294 142 1212 3275 0 0 0 0 0 0
322 Q 3218 402 108 396 0 0 0 0 0 0
322 Q 2098 49 2037 3216 0 0 0 0 0 0
322 Q 527 3175 2995 3173 0 0 0 0 0 0
322 Q 109 1038 339 1088 0 0 0 0 0 0
322 Q 377 1174 3365 1252 0 0 0 0 0 0
322 Q 3207 2972 3205 495 0 0 0 0 0 0
322 Q 493 3263 2953 3261 0 0 0 0 0 0
322 Q 2071 3179 2128 60 0 0 0 0 0 0
322 Q 3274 1291 3367 1209 0 0 0 0 0 0
322 Q 745 2479 59 2412 0 0 0 0 0 0
322 Q 982 59 980 47 0 0 0 0 0 0
322 Q 34 45 35 44 0 0 0 0 0 0
322 Q 3217 2223 62 2156 0 0 0 0 0 0
322 Q 745 1674 3480 1740 0 0 0 0 0 0
322 Q 229 59 228 3482 0 0 0 0 0 0
322 Q 1131 3368 1125 747 0 0 0 0 0 0
322 Q 413 111 419 3370 0 0 0 0 0 0
322 Q 3217 1678 3500 1744 0 0 0 0 0 0
322 Q 158 62 152 3502 0 0 0 0 0 0
322 Q 3459 2991 3457 527 0 0 0 0 0 0
322 Q 3370 2467 339 2528 0 0 0 0 0 0
322 Q 0 10 56 11 0 0 0 0 0 0
322 Q 15 0 16 0 0 0 0 0 0 0
322 Q 56 3045 0 3082 0 0 0 0 0 0
322 Q 990 58 988 65 0 0 0 0 0 0
322 Q 0 1166 3428 1244 0 0 0 0 0 0
322 Q 649 57 655 3430 0 0 0 0 0 0
322 Q 128 2910 3428 2901 0 0 0 0 0 0
322 Q 63 1002 67 1000 0 0 0 0 0 0
322 Q 60 36 61 37 0 0 0 0 0 0
322 Q 65 986 67 984 0 0 0 0 0 0
322 Q 129 1458 3469 1541 0 0 0 0 0 0
322 Q 709 3429 707 3471 0 0 0 0 0 0
322 Q 745 2763 3469 2724 0 0 0 0 0 0
322 Q 40 3459 13 3456 0 0 0 0 0 0
322 Q 745 1670 3521 1736 0 0 0 0 0 0
322 Q 703 3469 697 3523 0 0 0 0 0 0
322 Q 3368 2521 3521 2458 0 0 0 0 0 0
322 Q 3087 3548 3048 57 0 0 0 0 0 0
322 Q 3430 1225 3550 1307 0 0 0 0 0 0
322 Q 2750 3471 2785 3551 0 0 0 0 0 0
322 Q 3553 499 3550 501 0 0 0 0 0 0
322 Q 1490 3470 1404 3555 0 0 0 0 0 0
322 Q 3545 675 3520 677 0 0 0 0 0 0
322 Q 2214 3369 2148 3547 0 0 0 0 0 0
322 Q 2418 3522 2481 3555 0 0 0 0 0 0
322 Q 2745 3548 2782 69 0 0 0 0 0 0
322 Q 511 3556 505 3555 0 0 0 0 0 0
322 Q 1788 3522 1723 3558 0 0 0 0 0 0
322 Q 3549 1222 3561 1300 0 0 0 0 0 0
322 Q 356 68 357 3563 0 0 0 0 0 0
322 Q 3553 2487 3560 2420 0 0 0 0 0 0
322 Q 3545 2219 3558 2152 0 0 0 0 0 0
322 Q 3553 1410 3567 1492 0 0 0 0 0 0
322 Q 347 3560 349 3565 0 0 0 0 0 0
322 Q 3556 2229 3567 2166 0 0 0 0 0 0
322 Q 71 954 69 952 0 0 0 0 0 0
322 Q 2430 3562 2493 71 0 0 0 0 0 0
322 Q 219 3574 213 71 0 0 0 0 0 0
322 Q 1322 3562 1241 3572 0 0 0 0 0 0
322 Q 3565 2235 3572 2168 0 0 0 0 0 0
322 Q 352 3570 353 3567 0 0 0 0 0 0
322 Q 1754 3556 1685 3568 0 0 0 0 0 0
322 Q 3565 1414 3578 1496 0 0 0 0 0 0
322 Q 226 3572 224 3576 -1 0 1 0 0 0
322 Q 958 73 956 71 0 0 0 0 0 0
322 Q 3574 2245 73 2182 0 0 0 0 0 0
322 Q 151 3583 145 73 0 0 0 0 0 0
322 Q 1316 3574 1239 3581 0 0 0 0 0 0
322 Q 3570 1751 3578 1681 0 0 0 0 0 0
322 Q 3577 1759 3580 1688 0 0 0 0 0 0
322 Q 962 74 960 73 0 0 0 0 0 0
322 Q 3583 1768 74 1703 0 0 0 0 0 0
322 Q 3589 107 74 106 0 0 0 0 0 0
322 Q 1286 3583 1204 3591 0 0 0 0 0 0
322 Q 3577 1418 3586 1500 0 0 0 0 0 0
322 Q 154 3580 156 3584 0 0 0 0 0 0
322 Q 3589 1515 77 1428 0 0 0 0 0 0
322 Q 979 77 977 74 0 0 0 0 0 0
322 Q 3589 1210 3592 1288 0 0 0 0 0 0
322 Q 81 77 80 3594 0 0 0 0 0 0
322 Q 3585 1507 3591 1420 0 0 0 0 0 0
322 Q 986 79 984 77 0 0 0 0 0 0
322 Q 3594 1315 79 1233 0 0 0 0 0 0
322 Q 78 38 79 39 0 0 0 0 0 0
