0
0 d=173
0
173 A 6 0 0 1 0 -1
173 A 6 0 3 2 -3 -2
173 A 7 0 0 2 0 -2
173 A 9 0 0 2 0 -2
173 A 11 0 0 2 0 -2
173 A 12 0 3 2 -3 -2
173 A 12 0 -3 2 3 -2
173 A 13 0 0 4 0 -4
173 A -1 1 59 0 -59 0
173 A 1 1 59 0 -59 0
173 A -2 1 56 1 -56 -1
173 A 2 1 -56 1 56 -1
173 A -3 1 27 0 -27 0
173 A 3 1 27 0 -27 0
173 A -4 1 51 1 -51 -1
173 A 4 1 -51 1 51 -1
173 A 14 0 7 2 -7 -2
173 A -5 1 79 2 -79 -2
173 A 5 1 -79 2 79 -2
173 A -6 1 44 2 -44 -2
173 A 6 1 -44 2 44 -2
173 A -10 1 44 2 -44 -2
173 A 10 1 -44 2 44 -2
173 A 18 0 9 2 -9 -2
173 A -14 1 79 6 -79 -6
173 A 14 1 -79 6 79 -6
173 A 22 0 11 2 -11 -2
173 A 24 0 9 4 -9 -4
173 A 24 0 -9 4 9 -4
173 A 26 0 13 4 -13 -4
173 A 0 2 -172 1 172 -1
173 A -2 2 59 0 -59 0
173 A 2 2 59 0 -59 0
173 A -4 2 56 1 -56 -1
173 A 4 2 -56 1 56 -1
173 A -28 1 71 14 -71 -14
173 A 28 1 -71 14 71 -14
173 A 4 0 0 1 0 1
173 A 4 0 2 1 2 1
173 A 13 0 0 6 0 6
173 A 5 0 2 2 -2 2
173 A 5 0 2 1 -1 -2
173 A 5 0 -2 1 1 -2
173 A 5 0 1 1 1 -1
173 A 5 0 0 2 0 1
173 A 7 0 3 3 -2 2
173 A 7 0 3 2 -3 2
173 A 7 0 -3 3 2 2
173 A 7 0 2 1 -1 -3
173 A 7 0 -2 1 1 -3
173 A 7 0 1 1 1 -1
173 A 7 0 0 3 0 1
173 A 8 0 2 3 -2 3
173 A 8 0 2 1 -2 1
173 A 8 0 0 3 0 -1
173 A 8 0 4 3 -4 -1
173 A 9 0 3 4 3 -1
173 A 9 0 3 2 3 -2
173 A 9 0 3 1 3 -4
173 A 9 0 0 4 0 -1
173 A 10 0 4 3 2 1
173 A 10 0 4 1 4 -1
173 A 10 0 -4 3 -2 1
173 A 10 0 2 3 -2 3
173 A 10 0 0 3 0 -1
173 A 11 0 5 5 -1 1
173 A 11 0 5 4 5 -4
173 A 11 0 5 3 -3 4
173 A 11 0 5 2 3 1
173 A 11 0 -5 2 -3 1
173 A 11 0 -5 3 3 4
173 A 11 0 -5 5 1 1
173 A 11 0 4 5 1 -4
173 A 11 0 4 4 -4 4
173 A 11 0 4 2 -1 -5
173 A 11 0 4 1 -2 -5
173 A 11 0 -4 1 2 -5
173 A 11 0 -4 2 1 -5
173 A 11 0 -4 5 -1 -4
173 A 11 0 3 3 2 -2
173 A 11 0 3 2 1 3
173 A 11 0 -3 2 -1 3
173 A 11 0 -3 3 -2 -2
173 A 11 0 2 3 2 -3
173 A 11 0 2 1 -2 1
173 A 11 0 0 5 0 -3
173 A 11 0 0 4 0 -1
173 A 12 0 0 5 0 1
173 A 12 0 6 5 6 1
173 A 13 0 6 6 3 -3
173 A 13 0 6 5 -1 3
173 A 13 0 6 4 -5 -1
173 A 13 0 6 3 1 6
173 A 13 0 6 1 -6 1
173 A 13 0 -6 3 -1 6
173 A 13 0 -6 4 5 -1
173 A 13 0 -6 5 1 3
173 A 13 0 -6 6 -3 -3
173 A 13 0 5 5 1 -1
173 A 13 0 5 4 -4 -2
173 A 13 0 5 3 -2 -4
173 A 13 0 5 2 4 1
173 A 13 0 -5 2 -4 1
173 A 13 0 -5 3 2 -4
173 A 13 0 -5 4 4 -2
173 A 13 0 -5 5 -1 -1
173 A 13 0 4 6 -1 -5
173 A 13 0 4 5 4 -5
173 A 13 0 4 4 -2 2
173 A 13 0 -4 4 2 2
173 A 13 0 -4 6 1 -5
173 A 13 0 3 6 1 -2
173 A 13 0 3 5 2 1
173 A 13 0 3 4 -2 -6
173 A 13 0 3 2 3 -2
173 A 13 0 -3 4 2 -6
173 A 13 0 -3 5 -2 1
173 A 13 0 -3 6 -1 -2
173 A 13 0 2 3 -2 3
173 A 13 0 0 5 0 2
173 A 13 0 0 3 0 -1
173 A 0 1 78 0 51 0
173 A 0 1 76 0 66 0
173 A 0 1 62 0 53 0
173 A 0 1 37 0 14 0
173 A 0 1 32 0 27 0
173 A 0 1 23 0 15 0
173 A -1 1 85 0 -43 0
173 A -1 1 83 0 -65 0
173 A -1 1 77 0 61 0
173 A -1 1 73 0 -31 0
173 A -1 1 55 0 -19 0
173 A -1 1 53 0 -23 0
173 A -1 1 47 0 37 0
173 A -1 1 41 0 -17 0
173 A 1 1 85 0 -43 0
173 A 1 1 83 0 -65 0
173 A 1 1 77 0 61 0
173 A 1 1 73 0 -31 0
173 A 1 1 55 0 -19 0
173 A 1 1 53 0 -23 0
173 A 1 1 47 0 37 0
173 A 1 1 41 0 -17 0
173 A -2 1 53 1 72 1
173 A -2 1 59 1 29 0
173 A -2 1 71 1 78 1
173 A -2 1 77 1 54 1
173 A -2 1 60 1 -20 0
173 A -2 1 40 0 -31 0
173 A -2 1 38 0 -14 0
173 A -2 1 28 0 -19 0
173 A 2 1 19 0 -28 0
173 A 2 1 29 0 59 -1
173 A 2 1 31 0 -40 0
173 A 2 1 -53 1 -72 1
173 A 2 1 -71 1 -78 1
173 A 2 1 -77 1 -54 1
173 A 2 1 38 0 -14 0
173 A 2 1 20 0 -60 1
173 A -3 1 82 1 -15 0
173 A -3 1 76 1 -50 -1
173 A -3 1 64 1 19 0
173 A -3 1 52 1 40 1
173 A -3 1 28 1 -44 -1
173 A -3 1 25 0 -48 -1
173 A -3 1 38 1 68 1
173 A -3 1 84 1 23 0
173 A -3 1 72 1 -17 0
173 A -3 1 66 1 29 0
173 A -3 1 54 1 80 1
173 A 3 1 -82 1 15 0
173 A 3 1 -76 1 50 -1
173 A 3 1 -64 1 -19 0
173 A 3 1 25 0 -48 1
173 A 3 1 17 0 -72 1
173 A 3 1 23 0 84 -1
173 A 3 1 29 0 66 -1
173 A 3 1 -38 1 -68 1
173 A 3 1 -44 1 28 -1
173 A 3 1 -80 1 -54 1
173 A 3 1 -40 1 -52 1
173 A -4 1 22 1 -72 -2
173 A -4 1 74 2 49 1
173 A -4 1 75 2 -37 -1
173 A -4 1 71 2 -63 -1
173 A -4 1 55 1 16 0
173 A -4 1 39 1 -22 0
173 A -4 1 27 1 -57 -1
173 A -4 1 21 1 64 1
173 A -4 1 77 2 20 0
173 A -4 1 60 1 58 1
173 A -4 1 48 1 -36 -1
173 A -4 1 28 1 -61 -1
173 A 4 1 22 0 -39 1
173 A 4 1 -22 1 72 -2
173 A 4 1 -58 1 -60 1
173 A 4 1 -74 2 -49 1
173 A 4 1 -63 1 71 -2
173 A 4 1 -55 1 -16 0
173 A 4 1 -21 1 -64 1
173 A 4 1 -37 1 75 -2
173 A 4 1 -57 1 27 -1
173 A 4 1 -61 1 28 -1
173 A 4 1 -77 2 -20 0
173 A 4 1 -48 1 36 -1
173 A 14 0 6 1 6 -1
173 A 14 0 4 5 -4 5
173 A 14 0 4 3 2 -5
173 A 14 0 -4 3 -2 -5
173 A -5 1 54 1 -42 -1
173 A -5 1 19 0 -63 -2
173 A -5 1 26 1 73 2
173 A -5 1 61 2 -48 -1
173 A -5 1 32 1 -81 -2
173 A -5 1 17 0 -30 -1
173 A -5 1 18 1 38 1
173 A 5 1 -54 1 42 -1
173 A 5 1 19 0 -63 2
173 A 5 1 -26 1 -73 2
173 A 5 1 -61 2 48 -1
173 A 5 1 -81 2 32 -1
173 A 5 1 17 0 -30 1
173 A 5 1 -18 1 -38 1
173 A -6 1 14 1 76 3
173 A -6 1 22 1 79 3
173 A -6 1 46 2 12 1
173 A -6 1 31 1 78 3
173 A -6 1 53 2 39 1
173 A -6 1 63 2 33 1
173 A 6 1 -33 1 -63 2
173 A 6 1 -39 1 -53 2
173 A 6 1 -22 1 -79 3
173 A 6 1 -46 2 -12 1
173 A 6 1 -76 3 -14 1
173 A 6 1 -31 1 -78 3
173 A -7 1 76 3 -82 -3
173 A -7 1 34 1 -51 -2
173 A -7 1 22 1 -16 -1
173 A -7 1 64 3 40 1
173 A -7 1 18 1 57 2
173 A -7 1 45 2 65 2
173 A -7 1 12 1 28 1
173 A -7 1 63 2 35 2
173 A 7 1 -76 3 82 -3
173 A 7 1 -34 1 51 -2
173 A 7 1 -22 1 16 -1
173 A 7 1 -57 2 -18 1
173 A 7 1 -64 3 -40 1
173 A 7 1 -45 2 -65 2
173 A 7 1 -12 1 -28 1
173 A 7 1 -63 2 -35 2
173 A 15 0 6 2 3 4
173 A 15 0 -6 2 -3 4
173 A -8 1 12 1 -59 -3
173 A -8 1 20 1 78 4
173 A -8 1 36 2 33 1
173 A -8 1 52 3 37 2
173 A -8 1 17 1 -11 -1
173 A -8 1 54 2 36 1
173 A -8 1 30 1 74 4
173 A -8 1 75 4 23 1
173 A -8 1 53 3 32 1
173 A -8 1 61 3 68 3
173 A -8 1 72 4 -74 -3
173 A -8 1 48 2 -76 -3
173 A -8 1 24 1 29 1
173 A -8 1 8 1 58 2
173 A 8 1 -12 1 59 -3
173 A 8 1 -20 1 -78 4
173 A 8 1 -36 1 -54 2
173 A 8 1 -36 2 -33 1
173 A 8 1 -52 3 -37 2
173 A 8 1 -68 3 -61 3
173 A 8 1 -76 3 48 -2
173 A 8 1 -23 1 -75 4
173 A 8 1 -30 1 -74 4
173 A 8 1 -58 2 -8 1
173 A 8 1 -74 3 72 -4
173 A 8 1 -29 1 -24 1
173 A 8 1 -53 3 -32 1
173 A 8 1 -11 1 17 -1
173 A -9 1 37 2 -70 -3
173 A -9 1 10 1 -71 -4
173 A -9 1 48 3 -69 -4
173 A -9 1 32 1 -22 -1
173 A -9 1 52 3 27 2
173 A -9 1 29 2 18 1
173 A 9 1 -71 4 10 -1
173 A 9 1 -69 4 48 -3
173 A 9 1 -32 1 22 -1
173 A 9 1 -70 3 37 -2
173 A 9 1 -29 2 -18 1
173 A 9 1 -27 2 -52 3
173 A 16 0 6 7 -6 7
173 A 16 0 2 7 -2 7
173 A 16 0 8 7 8 3
173 A -10 1 75 5 -53 -3
173 A -10 1 78 5 -22 -1
173 A -10 1 38 2 50 3
173 A -10 1 12 1 42 2
173 A -10 1 41 2 -64 -3
173 A -10 1 21 2 -10 -1
173 A -10 1 21 1 24 2
173 A -10 1 46 3 -57 -4
173 A -10 1 66 4 -55 -3
173 A -10 1 77 5 -23 -2
173 A -10 1 27 2 -82 -4
173 A -10 1 27 1 39 2
173 A -10 1 13 1 -65 -3
173 A -10 1 30 1 76 4
173 A -10 1 73 4 -19 -1
173 A 10 1 -55 3 66 -4
173 A 10 1 -65 3 13 -1
173 A 10 1 -75 5 53 -3
173 A 10 1 -38 2 -50 3
173 A 10 1 -12 1 -42 2
173 A 10 1 -22 1 78 -5
173 A 10 1 -82 4 27 -2
173 A 10 1 -41 2 64 -3
173 A 10 1 -21 1 -24 2
173 A 10 1 -19 1 73 -4
173 A 10 1 -39 2 -27 1
173 A 10 1 -46 3 57 -4
173 A 10 1 -76 4 -30 1
173 A 10 1 -23 2 77 -5
173 A 10 1 -10 1 21 -2
173 A 17 0 8 8 -8 8
173 A 17 0 8 6 -4 3
173 A 17 0 8 3 -7 -8
173 A 17 0 -8 3 7 -8
173 A 17 0 -8 6 4 3
173 A 17 0 7 3 -3 -6
173 A 17 0 7 2 1 7
173 A 17 0 -7 2 -1 7
173 A 17 0 -7 3 3 -6
173 A 17 0 6 8 4 6
173 A 17 0 6 6 -5 5
173 A 17 0 6 2 2 5
173 A 17 0 -6 2 -2 5
173 A 17 0 -6 6 5 5
173 A 17 0 -6 8 -4 6
173 A 17 0 5 3 -5 3
173 A 17 0 2 7 1 5
173 A 17 0 2 2 2 -2
173 A 17 0 -2 7 -1 5
173 A -11 1 34 3 -46 -3
173 A -11 1 25 2 14 1
173 A 11 1 -46 3 34 -3
173 A 11 1 -14 1 -25 2
173 A -12 1 71 5 -61 -5
173 A -12 1 69 4 -48 -3
173 A 12 1 -61 5 71 -5
173 A 12 1 -69 4 48 -3
173 A 18 0 8 3 -8 3
173 A 18 0 3 8 3 4
173 A 18 0 3 2 3 -2
173 A 18 0 -3 4 -3 8
173 A 18 0 9 8 9 4
173 A -13 1 33 2 -16 -1
173 A 13 1 -33 2 16 -1
173 A 19 0 -9 2 8 6
173 A 19 0 -9 6 9 6
173 A 19 0 -8 6 9 2
173 A 19 0 -8 9 -4 5
173 A 19 0 -7 3 -5 6
173 A 19 0 -7 9 -6 -5
173 A 19 0 -6 5 -7 -9
173 A 19 0 -5 5 -5 -5
173 A 19 0 -5 8 5 8
173 A 19 0 -3 3 -2 -2
173 A 19 0 -2 2 -3 -3
173 A 19 0 4 5 8 9
173 A 19 0 5 6 7 3
173 A -14 1 49 5 17 1
173 A -14 1 12 2 41 3
173 A -14 1 36 2 42 4
173 A -14 1 74 7 -62 -4
173 A -14 1 60 4 -21 -1
173 A 14 1 -21 1 60 -4
173 A 14 1 -49 5 -17 1
173 A 14 1 -36 2 -42 4
173 A 14 1 -62 4 74 -7
173 A 14 1 -41 3 -12 2
173 A -15 1 11 2 75 6
173 A 15 1 -11 2 -75 6
173 A 20 0 8 7 -8 7
173 A 20 0 10 9 -10 -7
173 A -16 1 66 7 -30 -4
173 A -16 1 17 2 19 1
173 A -16 1 54 4 -24 -1
173 A -16 1 22 3 -78 -7
173 A -16 1 35 2 16 1
173 A 16 1 -24 1 54 -4
173 A 16 1 -30 4 66 -7
173 A 16 1 -78 7 22 -3
173 A 16 1 -17 2 -19 1
173 A 16 1 -35 2 -16 1
173 A -18 1 75 8 23 2
173 A -18 1 40 5 -29 -2
173 A -18 1 61 5 -25 -3
173 A 18 1 -23 2 -75 8
173 A 18 1 -40 5 29 -2
173 A 18 1 -61 5 25 -3
173 A 23 0 11 7 -3 4
173 A 23 0 11 5 5 4
173 A 23 0 -11 5 -5 4
173 A 23 0 -11 7 3 4
173 A 23 0 4 4 -4 4
173 A -20 1 50 6 31 3
173 A -20 1 17 3 73 9
173 A -20 1 16 3 38 3
173 A -20 1 58 8 -32 -3
173 A -20 1 74 9 37 3
173 A 20 1 -50 6 -31 3
173 A 20 1 -17 3 -73 9
173 A 20 1 -37 3 -74 9
173 A 20 1 -38 3 -16 3
173 A 20 1 -58 8 32 -3
173 A -21 1 22 1 68 9
173 A 21 1 -22 1 -68 9
173 A 25 0 10 3 -5 4
173 A 25 0 -10 3 5 4
173 A 25 0 9 3 7 6
173 A 25 0 -9 3 -7 6
173 A 25 0 6 6 -4 4
173 A 25 0 -6 6 4 4
173 A -22 1 74 8 25 4
173 A 22 1 -74 8 -25 4
173 A 0 2 -36 1 -24 1
173 A -2 2 89 0 43 0
173 A 2 2 89 0 43 0
173 A -24 1 36 6 -33 -4
173 A 24 1 -36 6 33 -4
173 A -8 2 58 1 60 1
173 A 8 2 -60 1 -58 1
173 A 28 0 10 9 -10 9
173 A -10 2 29 0 -31 -2
173 A 10 2 29 0 -31 2
173 A 29 0 -13 14 -8 7
173 A 29 0 8 7 13 14
173 A -26 1 71 13 33 4
173 A 26 1 -33 4 -71 13
173 A -28 1 24 5 -97 -13
173 A 28 1 -97 13 24 -5
173 A 31 0 15 15 5 -5
173 A 31 0 -15 15 -5 -5
173 A -30 1 34 5 69 15
173 A 30 1 -34 5 -69 15
173 A 37 0 -11 11 11 11
173 A 41 0 -12 4 12 4
173 A 49 0 -24 5 24 5
173 A 55 0 7 7 -7 7
173 A 59 0 -7 22 7 22
173 A 73 0 -36 12 36 12
173 A 79 0 20 20 -20 20
173 A 85 0 42 42 -42 42
173 S -4 1 9 0
173 S 2 4 9 0
173 S 1 2 9 0
173 S -3 1 7 0
173 S -2 3 7 0
173 S 1 2 7 0
173 S -6 2 13 0
173 S -5 6 13 0
173 S 4 3 13 0
173 S -3 1 13 0
173 S -2 5 13 0
173 S 1 4 13 0
173 S 5 1 11 0
173 S 4 3 11 0
173 S 3 5 11 0
173 S -2 4 11 0
173 S -1 2 11 0
173 S 1 1 6 0
173 S -1 1 6 0
173 S -5 1 11 0
173 S -4 3 11 0
173 S -3 5 11 0
173 S 2 4 11 0
173 S 1 2 11 0
173 S 6 2 13 0
173 S 5 6 13 0
173 S -4 3 13 0
173 S 3 1 13 0
173 S 2 5 13 0
173 S -1 4 13 0
173 S 3 1 7 0
173 S 2 3 7 0
173 S -1 2 7 0
173 S 4 1 9 0
173 S -2 4 9 0
173 S -1 2 9 0
173 T 548 1586 1040 0 0
173 T 1573 509 971 0 0
173 T 763 460 164 0 0
173 T 492 790 174 0 0
173 T 923 370 225 0 0
173 T 782 4 921 0 0
173 T 370 5 862 0 0
173 T 241 456 99 0 0
173 T 97 742 248 0 0
173 T 250 259 243 0 0
173 T 202 228 232 0 0
173 T 210 260 184 0 0
173 T 188 216 189 0 0
173 T 235 264 249 0 0
173 T 262 202 198 0 0
173 T 236 208 269 0 0
173 T 246 267 220 0 0
173 T 256 246 253 0 0
173 T 206 216 192 0 0
173 T 215 268 185 0 0
173 T 199 225 221 0 0
173 T 259 740 456 0 0
173 T 1236 1248 1265 0 0
173 T 1301 1259 1279 0 0
173 T 1295 1275 1255 0 0
173 T 1260 1240 1287 0 0
173 T 1242 1231 1236 0 0
173 T 1231 1229 1231 1 0
173 T 1247 1289 1233 0 0
173 T 1267 994 560 0 0
173 T 562 198 1238 0 0
173 T 198 992 1248 0 0
173 T 1277 1609 1556 0 0
173 T 1558 797 1303 0 0
173 T 1259 799 1609 0 0
173 T 166 907 453 0 0
173 T 322 524 164 0 0
173 T 455 984 320 0 0
173 T 524 986 907 0 0
173 T 631 140 1080 0 0
173 T 1082 940 1146 0 0
173 T 940 142 365 0 0
173 T 94 1059 1000 0 0
173 T 202 621 92 0 0
173 T 1002 172 200 0 0
173 T 621 174 1059 0 0
173 T 1169 3 975 0 0
173 T 973 215 351 0 0
173 T 215 2 602 0 0
173 T 1389 1516 589 0 0
173 T 1529 1386 625 0 0
173 T 1071 1204 92 0 0
173 T 902 181 1069 0 0
173 T 94 1301 900 0 0
173 T 181 1303 1204 0 0
173 T 692 672 685 0 0
173 T 657 653 691 0 0
173 T 661 650 678 0 0
173 T 7 1041 694 0 0
173 T 1041 27 672 0 0
173 T 105 444 253 0 0
173 T 277 105 826 0 0
173 T 810 446 279 0 0
173 T 569 794 168 0 0
173 T 766 612 169 0 0
173 T 381 117 769 0 0
173 T 771 542 358 0 0
173 T 356 320 383 0 0
173 T 307 334 341 0 0
173 T 361 341 381 0 0
173 T 331 290 322 0 0
173 T 347 407 309 0 0
173 T 386 393 360 0 0
173 T 286 404 316 0 0
173 T 295 83 301 0 0
173 T 298 296 298 -1 0
173 T 370 403 348 0 0
173 T 370 359 379 0 0
173 T 290 297 304 0 0
173 T 388 355 319 0 0
173 T 352 372 345 0 0
173 T 367 400 393 0 0
173 T 303 386 337 0 0
173 T 326 377 292 0 0
173 T 311 397 285 0 0
173 T 283 398 313 0 0
173 T 320 540 117 0 0
173 T 1459 1072 1670 0 0
173 T 1668 745 1636 0 0
173 T 1602 1459 1638 0 0
173 T 1600 747 1072 0 0
173 T 737 226 170 0 0
173 T 168 858 150 0 0
173 T 498 1055 305 0 0
173 T 343 120 496 0 0
173 T 1055 122 334 0 0
173 T 513 2 911 0 0
173 T 909 717 1505 0 0
173 T 714 1498 924 0 0
173 T 1507 936 515 0 0
173 T 936 719 2 0 0
173 T 1158 893 555 0 0
173 T 1122 1124 1156 0 0
173 T 1115 1132 1145 0 0
173 T 553 155 1120 0 0
173 T 161 547 1166 0 0
173 T 1124 153 893 0 0
173 T 1060 1502 1515 0 0
173 T 1484 1081 1526 0 0
173 T 290 780 1536 0 0
173 T 1538 4 1521 0 0
173 T 1523 923 288 0 0
173 T 161 508 482 0 0
173 T 513 475 157 0 0
173 T 480 496 1204 0 0
173 T 1206 504 163 0 0
173 T 523 1185 152 0 0
173 T 504 498 508 0 0
173 T 525 503 515 0 0
173 T 1006 1067 835 0 0
173 T 754 1262 1004 0 0
173 T 833 2 752 0 0
173 T 1262 3 1067 0 0
173 T 531 532 557 0 0
173 T 549 547 541 0 0
173 T 559 3 881 0 0
173 T 883 674 529 0 0
173 T 892 695 539 0 0
173 T 674 2 532 0 0
173 T 1693 16 1691 0 0
173 T 1689 1594 436 0 0
173 T 438 1629 1695 0 0
173 T 1629 1592 16 0 0
173 T 1697 468 1634 0 0
173 T 1554 1693 1699 0 0
173 T 438 132 468 0 0
173 T 1006 1584 1342 0 0
173 T 1008 1040 1004 0 0
173 T 1022 1026 1038 0 0
173 T 1340 548 1010 0 0
173 T 930 1408 591 0 0
173 T 589 437 147 0 0
173 T 145 1324 928 0 0
173 T 1324 439 1408 0 0
173 T 537 1006 154 0 0
173 T 151 529 1027 0 0
173 T 1125 1004 695 0 0
173 T 1511 0 1488 0 0
173 T 0 1131 1225 0 0
173 T 1246 446 712 0 0
173 T 926 1540 1244 0 0
173 T 446 1542 1498 0 0
173 T 383 120 797 0 0
173 T 799 498 363 0 0
173 T 234 386 1067 0 0
173 T 1065 716 200 0 0
173 T 228 718 386 0 0
173 T 703 1398 648 0 0
173 T 1216 1396 1161 0 0
173 T 839 96 759 0 0
173 T 757 490 800 0 0
173 T 253 488 96 0 0
173 T 1368 1370 1368 -1 0
173 T 1388 1392 1411 0 0
173 T 1372 1368 1364 0 0
173 T 1385 1377 1395 0 0
173 T 1029 1369 988 0 0
173 T 1031 0 990 0 0
173 T 678 189 146 0 0
173 T 935 884 676 0 0
173 T 1334 935 144 0 0
173 T 884 1334 189 0 0
173 T 1567 1575 1561 0 0
173 T 1584 1588 1582 0 0
173 T 510 729 1501 0 0
173 T 1485 673 549 0 0
173 T 1505 1115 606 0 0
173 T 333 1134 1507 0 0
173 T 1012 1141 2 0 0
173 T 3 847 759 0 0
173 T 757 93 1014 0 0
173 T 93 845 1141 0 0
173 T 874 174 487 0 0
173 T 1037 531 872 0 0
173 T 485 340 1039 0 0
173 T 531 342 174 0 0
173 T 79 790 763 0 0
173 T 109 111 109 -1 0
173 T 119 128 125 0 0
173 T 107 111 113 0 0
173 T 129 122 125 0 0
173 T 74 1705 1685 0 0
173 T 1687 72 1704 0 0
173 T 543 1458 1367 0 0
173 T 988 1601 541 0 0
173 T 990 1367 1639 0 0
173 T 1203 730 483 0 0
173 T 1193 472 735 0 0
173 T 160 1500 1201 0 0
173 T 88 869 1293 0 0
173 T 1295 181 1164 0 0
173 T 1166 1090 90 0 0
173 T 1090 183 869 0 0
173 T 933 1564 1426 0 0
173 T 490 1209 935 0 0
173 T 1424 946 488 0 0
173 T 1209 944 1564 0 0
173 T 513 1286 1115 0 0
173 T 936 606 1286 0 0
173 T 1468 184 1159 0 0
173 T 1175 210 1470 0 0
173 T 1157 262 1173 0 0
173 T 768 1607 1255 0 0
173 T 1328 1592 770 0 0
173 T 1253 146 1330 0 0
173 T 1592 144 1607 0 0
173 T 1086 11 308 0 0
173 T 310 698 144 0 0
173 T 786 1086 146 0 0
173 T 479 1547 1473 0 0
173 T 1499 84 1475 0 0
173 T 1553 1543 1547 0 0
173 T 1555 1539 1551 0 0
173 T 432 1715 1652 0 0
173 T 1622 1703 434 0 0
173 T 1654 5 1620 0 0
173 T 1703 4 1715 0 0
173 T 908 1382 1133 0 0
173 T 332 1380 718 0 0
173 T 996 143 348 0 0
173 T 1221 1060 998 0 0
173 T 143 1062 596 0 0
173 T 485 384 820 0 0
173 T 851 378 455 0 0
173 T 970 730 24 0 0
173 T 734 970 6 0 0
173 T 732 706 730 0 0
173 T 712 722 702 0 0
173 T 709 726 741 0 0
173 T 275 1317 799 0 0
173 T 797 1571 1320 0 0
173 T 1322 344 273 0 0
173 T 344 1569 1317 0 0
173 T 1425 1236 1388 0 0
173 T 1390 1265 803 0 0
173 T 801 1250 1427 0 0
173 T 1052 746 1599 0 0
173 T 1597 1638 1462 0 0
173 T 1460 1674 1054 0 0
173 T 1674 1636 746 0 0
173 T 1036 1309 429 0 0
173 T 431 186 1020 0 0
173 T 1026 184 1309 0 0
173 T 1444 1006 457 0 0
173 T 459 1155 930 0 0
173 T 928 1590 1446 0 0
173 T 1590 1153 1006 0 0
173 T 1344 526 1201 0 0
173 T 1354 517 1192 0 0
173 T 481 908 1346 0 0
173 T 925 474 1355 0 0
173 T 908 728 526 0 0
173 T 733 925 518 0 0
173 T 4 1650 1627 0 0
173 T 1704 1711 5 0 0
173 T 1625 467 1706 0 0
173 T 1711 465 1650 0 0
173 T 774 1387 1287 0 0
173 T 1558 1406 181 0 0
173 T 1406 797 1204 0 0
173 T 760 1537 1652 0 0
173 T 1549 789 1651 0 0
173 T 699 397 670 0 0
173 T 397 1422 1453 0 0
173 T 1058 1032 107 0 0
173 T 105 1105 1003 0 0
173 T 1105 1034 93 0 0
173 T 592 1077 166 0 0
173 T 164 957 198 0 0
173 T 196 88 594 0 0
173 T 88 959 1077 0 0
173 T 1409 637 1238 0 0
173 T 1425 639 1392 0 0
173 T 574 1625 1556 0 0
173 T 1277 1617 572 0 0
173 T 1617 1609 1625 0 0
173 T 1620 1614 1606 0 0
173 T 1045 331 526 0 0
173 T 164 288 1047 0 0
173 T 1640 637 1063 0 0
173 T 579 1644 1080 0 0
173 T 423 347 1087 0 0
173 T 11 405 421 0 0
173 T 1345 451 881 0 0
173 T 1353 440 894 0 0
173 T 531 1134 1347 0 0
173 T 1148 536 1352 0 0
173 T 1134 672 451 0 0
173 T 694 443 1148 0 0
173 T 663 892 1473 0 0
173 T 664 882 1478 0 0
173 T 892 1465 927 0 0
173 T 95 355 915 0 0
173 T 913 133 878 0 0
173 T 876 354 89 0 0
173 T 91 84 93 0 0
173 T 86 84 86 -1 0
173 T 96 102 93 0 0
173 T 97 89 102 0 0
173 T 768 1579 1293 0 0
173 T 1275 1577 1605 0 0
173 T 1724 1726 1724 -1 0
173 T 794 132 764 0 0
173 T 979 90 1104 0 0
173 T 1033 87 977 0 0
173 T 221 868 409 0 0
173 T 162 1091 223 0 0
173 T 411 180 160 0 0
173 T 903 411 233 0 0
173 T 235 160 1068 0 0
173 T 100 1254 814 0 0
173 T 812 1272 1180 0 0
173 T 1182 1294 102 0 0
173 T 1393 1516 930 0 0
173 T 441 1035 662 0 0
173 T 1045 666 450 0 0
173 T 1270 106 443 0 0
173 T 660 1059 1268 0 0
173 T 17 1361 1309 0 0
173 T 1311 319 1595 0 0
173 T 1628 317 1361 0 0
173 T 7 1009 1126 0 0
173 T 1009 1441 1122 0 0
173 T 312 1429 1011 0 0
173 T 1429 604 1441 0 0
173 T 734 946 1199 0 0
173 T 1197 950 6 0 0
173 T 968 948 946 0 0
173 T 961 987 965 0 0
173 T 1010 1423 1366 0 0
173 T 949 1372 1452 0 0
173 T 1385 1242 1446 0 0
173 T 1444 1260 774 0 0
173 T 1407 1626 495 0 0
173 T 173 1533 1405 0 0
173 T 1533 789 1626 0 0
173 T 485 360 126 0 0
173 T 124 395 820 0 0
173 T 578 78 638 0 0
173 T 1736 1738 1736 -1 0
173 T 874 151 1021 0 0
173 T 997 162 867 0 0
173 T 917 1327 190 0 0
173 T 884 79 919 0 0
173 T 609 158 1274 0 0
173 T 1180 658 611 0 0
173 T 689 618 1209 0 0
173 T 676 616 1214 0 0
173 T 163 941 897 0 0
173 T 907 156 966 0 0
173 T 1514 1297 161 0 0
173 T 899 1113 1512 0 0
173 T 1297 1115 941 0 0
173 T 947 1575 1348 0 0
173 T 1350 1563 1208 0 0
173 T 5 426 12 0 0
173 T 776 424 368 0 0
173 T 240 114 479 0 0
173 T 278 781 477 0 0
173 T 854 278 114 0 0
173 T 1362 187 1149 0 0
173 T 1151 1027 16 0 0
173 T 833 339 152 0 0
173 T 539 337 1067 0 0
173 T 538 300 233 0 0
173 T 251 1307 536 0 0
173 T 1307 266 300 0 0
173 T 581 1153 741 0 0
173 T 581 720 1136 0 0
173 T 565 727 1118 0 0
173 T 256 930 583 0 0
173 T 3 729 501 0 0
173 T 503 735 23 0 0
173 T 1277 150 567 0 0
173 T 509 231 1439 0 0
173 T 1437 170 1372 0 0
173 T 1374 683 511 0 0
173 T 683 168 231 0 0
173 T 1173 925 522 0 0
173 T 520 1541 1358 0 0
173 T 1356 1247 1175 0 0
173 T 639 1567 1529 0 0
173 T 1531 932 1394 0 0
173 T 1211 121 659 0 0
173 T 9 688 1182 0 0
173 T 1212 114 663 0 0
173 T 530 332 952 0 0
173 T 954 307 175 0 0
173 T 159 963 527 0 0
173 T 947 518 155 0 0
173 T 503 961 475 0 0
173 T 1577 181 1401 0 0
173 T 1403 1166 768 0 0
173 T 605 1242 202 0 0
173 T 1446 1395 577 0 0
173 T 579 1379 1240 0 0
173 T 779 349 102 0 0
173 T 100 975 840 0 0
173 T 154 1197 926 0 0
173 T 1185 1174 1197 0 0
173 T 1203 1221 1189 0 0
173 T 746 306 1030 0 0
173 T 1028 497 1597 0 0
173 T 16 533 692 0 0
173 T 1026 441 533 0 0
173 T 851 867 117 0 0
173 T 127 371 849 0 0
173 T 371 130 867 0 0
173 T 1526 160 1299 0 0
173 T 1297 1132 1083 0 0
173 T 1132 162 1484 0 0
173 T 597 132 629 0 0
173 T 1039 126 382 0 0
173 T 541 289 1073 0 0
173 T 289 990 744 0 0
173 T 429 130 274 0 0
173 T 1318 987 431 0 0
173 T 987 796 130 0 0
173 T 169 157 817 0 0
173 T 1320 1259 144 0 0
173 T 1611 1571 146 0 0
173 T 350 414 866 0 0
173 T 403 131 414 0 0
173 T 954 889 1405 0 0
173 T 889 307 1535 0 0
173 T 1461 1375 498 0 0
173 T 1375 1637 1029 0 0
173 T 1283 1078 713 0 0
173 T 69 1712 1692 0 0
173 T 1709 67 1696 0 0
173 T 1712 1554 1711 0 0
173 T 90 1170 835 0 0
173 T 154 584 88 0 0
173 T 76 1690 1701 0 0
173 T 434 1680 77 0 0
173 T 1690 1682 1622 0 0
173 T 1604 591 1688 0 0
173 T 1614 1680 591 0 0
173 T 416 269 181 0 0
173 T 183 210 1111 0 0
173 T 1109 236 418 0 0
173 T 1012 367 239 0 0
173 T 237 641 2 0 0
173 T 1194 1289 1150 0 0
173 T 536 1291 517 0 0
173 T 529 482 1381 0 0
173 T 717 480 955 0 0
173 T 979 714 473 0 0
173 T 408 265 9 0 0
173 T 8 246 871 0 0
173 T 772 754 457 0 0
173 T 1023 213 142 0 0
173 T 140 612 872 0 0
173 T 151 614 213 0 0
173 T 1265 1190 559 0 0
173 T 557 1477 994 0 0
173 T 1477 1188 562 0 0
173 T 896 413 365 0 0
173 T 413 160 140 0 0
173 T 1693 1660 1701 0 0
173 T 1051 285 10 0 0
173 T 812 147 1049 0 0
173 T 147 670 285 0 0
173 T 891 395 228 0 0
173 T 811 5 889 0 0
173 T 395 4 830 0 0
173 T 331 1074 117 0 0
173 T 1038 130 769 0 0
173 T 1521 761 1623 0 0
173 T 1443 1156 7 0 0
173 T 1184 1419 951 0 0
173 T 949 1448 283 0 0
173 T 1448 1417 560 0 0
173 T 964 237 142 0 0
173 T 140 569 905 0 0
173 T 156 571 237 0 0
173 T 105 983 258 0 0
173 T 983 444 246 0 0
173 T 102 1087 1321 0 0
173 T 1256 785 100 0 0
173 T 1330 101 1050 0 0
173 T 115 1078 976 0 0
173 T 1107 958 113 0 0
173 T 1191 998 1298 0 0
173 T 1296 1062 1201 0 0
173 T 125 984 383 0 0
173 T 356 453 127 0 0
173 T 1524 1188 865 0 0
173 T 1687 1626 1676 0 0
173 T 1678 1618 627 0 0
173 T 625 1608 1685 0 0
173 T 450 1166 541 0 0
173 T 359 1401 448 0 0
173 T 377 664 227 0 0
173 T 359 923 664 0 0
173 T 273 1330 318 0 0
173 T 1308 768 275 0 0
173 T 535 21 693 0 0
173 T 304 1548 808 0 0
173 T 4 1550 1534 0 0
173 T 475 1466 441 0 0
173 T 525 1414 451 0 0
173 T 1414 1202 883 0 0
173 T 853 109 826 0 0
173 T 109 1480 1494 0 0
173 T 903 1119 98 0 0
173 T 1119 1302 102 0 0
173 T 1696 1704 1658 0 0
173 T 14 1687 1698 0 0
173 T 122 55 1561 0 0
173 T 665 1094 198 0 0
173 T 994 3 667 0 0
173 T 1094 2 1248 0 0
173 T 186 183 1176 0 0
173 T 282 492 184 0 0
173 T 492 574 183 0 0
173 T 329 1415 666 0 0
173 T 1476 1201 331 0 0
173 T 19 3 419 0 0
173 T 417 215 1179 0 0
173 T 90 545 220 0 0
173 T 1470 1233 1150 0 0
173 T 1194 1247 1468 0 0
173 T 956 109 1001 0 0
173 T 1335 1378 471 0 0
173 T 1138 712 107 0 0
173 T 726 118 1155 0 0
173 T 742 1116 8 0 0
173 T 14 1357 1319 0 0
173 T 962 1193 15 0 0
173 T 1317 211 960 0 0
173 T 1193 209 1357 0 0
173 T 1251 759 946 0 0
173 T 722 218 677 0 0
173 T 191 722 145 0 0
173 T 208 965 431 0 0
173 T 713 919 982 0 0
173 T 1137 259 919 0 0
173 T 93 233 505 0 0
173 T 662 1232 476 0 0
173 T 895 1544 1232 0 0
173 T 1041 675 61 0 0
173 T 440 149 559 0 0
173 T 450 163 551 0 0
173 T 115 257 1017 0 0
173 T 1019 250 476 0 0
173 T 1362 1156 1234 0 0
173 T 317 1051 423 0 0
173 T 421 102 274 0 0
173 T 117 1581 53 0 0
173 T 429 143 271 0 0
173 T 719 888 361 0 0
173 T 363 1406 480 0 0
173 T 918 722 930 0 0
173 T 933 624 1379 0 0
173 T 74 464 1676 0 0
173 T 58 731 970 0 0
173 T 345 876 522 0 0
173 T 1356 1635 347 0 0
173 T 1635 1543 876 0 0
173 T 1568 1633 14 0 0
173 T 1685 469 1570 0 0
173 T 846 327 155 0 0
173 T 947 1092 844 0 0
173 T 1092 518 327 0 0
173 T 948 510 1349 0 0
173 T 1582 1340 1153 0 0
173 T 896 123 822 0 0
173 T 972 754 90 0 0
173 T 468 626 144 0 0
173 T 1544 914 1631 0 0
173 T 180 646 463 0 0
173 T 461 315 211 0 0
173 T 1622 1400 461 0 0
173 T 646 1576 1620 0 0
173 T 9 902 250 0 0
173 T 1367 1432 170 0 0
173 T 737 549 1365 0 0
173 T 1432 551 224 0 0
173 T 805 393 425 0 0
173 T 505 622 231 0 0
173 T 1275 647 1613 0 0
173 T 98 841 752 0 0
173 T 167 1402 1520 0 0
173 T 1044 920 1402 0 0
173 T 523 375 88 0 0
173 T 554 390 93 0 0
173 T 95 634 154 0 0
173 T 1182 870 99 0 0
173 T 1362 555 1546 0 0
173 T 914 553 316 0 0
173 T 395 130 898 0 0
173 T 101 1013 838 0 0
173 T 804 364 103 0 0
173 T 425 102 402 0 0
173 T 541 1432 592 0 0
173 T 594 168 1458 0 0
173 T 688 257 491 0 0
173 T 97 245 690 0 0
173 T 475 1280 112 0 0
173 T 223 379 1093 0 0
173 T 1116 786 1279 0 0
173 T 1437 620 497 0 0
173 T 620 170 1462 0 0
173 T 577 1588 1516 0 0
173 T 1261 201 938 0 0
173 T 251 884 1235 0 0
173 T 884 1018 663 0 0
173 T 917 247 1245 0 0
173 T 886 1214 258 0 0
173 T 256 618 935 0 0
173 T 519 245 1315 0 0
173 T 1313 79 1305 0 0
173 T 1442 262 1417 0 0
173 T 1419 1175 6 0 0
173 T 1313 266 292 0 0
173 T 1428 1231 1448 0 0
173 T 1368 1448 1430 0 0
173 T 517 292 221 0 0
173 T 546 227 593 0 0
173 T 1690 1700 71 0 0
173 T 467 79 433 0 0
173 T 732 501 15 0 0
173 T 1747 1745 1747 1 0
173 U 705 4 4 0 0
173 U 7 4 5 -1 0
173 U 25 5 4 0 0
173 U 2 5 4 0 0
173 U 22 4 5 0 0
173 U 727 8 11 0 0
173 U 786 11 7 0 0
173 U 150 7 8 0 0
173 U 1423 10 6 0 0
173 U 738 6 8 0 0
173 U 1340 8 10 0 0
173 U 39 8 9 0 0
173 U 53 8 9 0 0
173 U 699 11 6 0 0
173 U 50 6 7 1 0
173 U 11 11 10 0 0
173 U 653 14 16 0 0
173 U 8 16 17 0 0
173 U 610 17 14 0 0
173 U 651 15 12 0 0
173 U 617 12 17 0 0
173 U 115 17 15 0 0
173 U 1219 13 15 0 0
173 U 36 12 13 1 0
173 U 121 13 14 0 0
173 U 33 16 17 0 0
173 U 30 13 12 0 0
173 U 605 21 24 0 0
173 U 1146 18 21 0 0
173 U 334 24 18 0 0
173 U 314 23 20 0 0
173 U 1120 25 23 0 0
173 U 391 25 27 0 0
173 U 635 27 23 0 0
173 U 1128 19 24 0 0
173 U 1510 24 18 0 0
173 U 62 18 19 1 0
173 U 1109 20 29 0 0
173 U 19 29 28 0 0
173 U 642 28 20 0 0
173 U 364 20 27 0 0
173 U 630 27 19 0 0
173 U 1142 28 27 0 0
173 U 325 23 28 0 0
173 U 30 19 18 0 0
173 U 47 22 23 0 0
173 U 646 28 22 0 0
173 U 773 36 33 0 0
173 U 45 33 32 0 0
173 U 192 32 36 0 0
173 U 782 38 31 0 0
173 U 862 34 38 0 0
173 U 225 31 34 0 0
173 U 766 36 31 0 0
173 U 1483 31 32 0 0
173 U 241 33 38 0 0
173 U 855 31 33 0 0
173 U 856 34 30 0 0
173 U 38 35 34 0 0
173 U 842 36 38 0 0
173 U 12 38 39 0 0
173 U 776 39 34 0 0
173 U 212 34 37 0 0
173 U 56 30 31 0 0
173 U 5 41 40 0 0
173 U 67 40 41 0 0
173 U 1658 41 41 0 0
173 U 73 41 40 0 0
173 U 14 40 41 0 0
173 U 64 1 1 0 0
173 U 1 1 1 -1 0
173 U 1663 43 43 0 0
173 U 17 43 42 0 0
173 U 71 42 43 0 0
173 U 4 42 43 0 0
173 U 68 43 42 0 0
173 U 801 51 46 0 0
173 U 43 46 47 0 0
173 U 205 47 51 0 0
173 U 255 52 47 0 0
173 U 837 50 52 0 0
173 U 826 45 47 0 0
173 U 56 44 45 1 0
173 U 1494 47 44 0 0
173 U 795 51 44 0 0
173 U 811 53 44 0 0
173 U 12 52 53 0 0
173 U 806 53 48 0 0
173 U 831 48 52 0 0
173 U 818 49 45 0 0
173 U 239 50 49 0 0
173 U 41 49 48 0 0
173 U 228 44 49 0 0
173 U 1226 55 60 0 0
173 U 330 60 54 0 0
173 U 29 54 55 0 0
173 U 1489 54 60 0 0
173 U 63 55 54 0 0
173 U 1169 65 62 0 0
173 U 587 62 58 0 0
173 U 336 58 65 0 0
173 U 49 59 58 0 0
173 U 575 58 64 0 0
173 U 1176 56 65 0 0
173 U 282 59 56 0 0
173 U 600 65 57 0 0
173 U 349 57 62 0 0
173 U 1186 58 60 0 0
173 U 374 60 62 0 0
173 U 599 54 62 0 0
173 U 563 61 56 0 0
173 U 1223 56 55 0 0
173 U 18 64 65 0 0
173 U 583 71 66 0 0
173 U 709 69 71 0 0
173 U 116 66 69 0 0
173 U 564 69 70 0 0
173 U 107 71 69 0 0
173 U 34 70 71 0 0
173 U 702 69 66 0 0
173 U 36 66 67 0 0
173 U 1160 67 69 0 0
173 U 9 71 70 0 0
173 U 29 66 67 0 0
173 U 1351 75 77 0 0
173 U 659 77 74 0 0
173 U 54 74 75 0 0
173 U 1454 72 76 0 0
173 U 681 74 72 0 0
173 U 813 73 77 0 0
173 U 159 74 73 0 0
173 U 41 75 74 0 0
173 U 668 77 72 0 0
173 U 50 72 73 0 0
173 U 11 77 76 0 0
173 U 3 3 2 0 0
173 U 21 2 3 0 0
173 U 684 3 3 0 0
173 U 27 3 2 0 0
173 U 6 2 3 0 0
173 Q 1042 1336 969 1664 0 0 0 0 0 0
173 Q 1666 509 1100 550 0 0 0 0 0 0
173 Q 1586 1102 1575 1338 0 0 0 0 0 0
173 Q 110 790 397 761 0 0 0 0 0 0
173 Q 1740 80 1740 80 1 0 -1 0 0 0
173 Q 80 1643 138 1645 0 0 1 0 0 0
173 Q 1647 1728 1641 1742 0 0 0 0 0 0
173 Q 136 1730 136 1730 0 0 0 0 0 0
173 Q 1 1386 81 1391 0 0 0 0 0 0
173 Q 591 138 627 1 0 0 0 0 0 0
173 Q 136 1516 81 1531 1 0 0 0 0 0
173 Q 170 1727 171 1722 0 0 0 0 0 0
173 Q 1720 612 1734 571 0 0 0 0 0 0
173 Q 1725 794 1732 764 0 0 0 0 0 0
173 Q 138 1081 1337 1062 0 0 0 0 0 0
173 Q 1513 1100 1524 136 0 0 0 0 0 0
173 Q 1339 1486 1102 1502 0 0 0 0 0 0
173 Q 1563 1100 1580 138 0 0 0 0 0 0
173 Q 136 1588 1336 1565 0 0 0 0 0 0
173 Q 729 1665 673 1336 0 0 0 0 0 0
173 Q 137 453 178 487 0 0 0 0 0 0
173 Q 822 1 849 139 0 1 0 0 0 -1
173 Q 378 1 384 176 0 1 0 0 0 -1
173 Q 1285 1 1267 751 0 1 0 0 0 -1
173 Q 749 803 80 772 -1 0 0 0 0 0
173 Q 172 1718 166 1720 0 0 0 0 0 0
173 Q 1722 905 1731 874 0 0 0 0 0 0
173 Q 487 1729 453 1716 0 0 0 0 0 0
173 Q 1061 1736 1082 1729 0 0 0 0 0 0
173 Q 637 1743 577 1738 0 0 0 0 0 0
173 Q 80 42 81 44 1 0 0 0 1 0
173 Q 193 81 207 751 -1 0 0 0 0 0
173 Q 177 1273 139 1279 0 0 0 0 0 0
173 Q 565 1098 610 179 0 0 0 0 0 0
173 Q 159 1096 150 137 0 0 0 0 0 0
173 Q 0 404 78 406 0 0 0 0 0 0
173 Q 344 84 318 0 0 0 0 0 0 0
173 Q 86 310 78 284 0 0 0 0 0 0
173 Q 1399 594 1720 623 0 0 0 0 0 0
173 Q 1057 1718 1077 1397 0 0 0 0 0 0
173 Q 751 217 751 217 0 0 0 0 0 0
173 Q 1271 177 1281 749 0 0 0 0 0 0
173 Q 219 1283 1717 1269 0 0 0 0 0 0
173 Q 179 1719 179 1719 0 0 0 0 0 0
173 Q 303 1 293 81 0 1 1 0 0 -1
173 Q 83 1 83 1 0 1 0 -1 0 -1
173 Q 85 279 297 277 -1 0 1 0 0 0
173 Q 219 469 1228 439 0 0 0 0 0 0
173 Q 1735 598 1737 630 0 0 0 0 0 0
173 Q 1054 1398 1074 0 0 0 0 0 0 0
173 Q 867 1 896 1100 0 1 0 0 0 -1
173 Q 136 1112 1 1188 0 -1 0 0 0 0
173 Q 139 558 750 515 0 0 0 0 0 0
173 Q 0 1671 1727 1673 0 0 0 0 0 0
173 Q 1725 1458 1397 1461 0 0 0 0 0 0
173 Q 81 639 1338 579 0 0 -1 0 0 0
173 Q 751 472 1097 442 0 0 0 0 0 0
173 Q 1100 52 1103 54 0 0 0 0 0 0
173 Q 121 137 119 1102 0 0 0 0 0 0
173 Q 1729 140 1732 142 0 0 0 0 0 0
173 Q 1339 60 1336 59 0 0 0 0 0 0
173 Q 137 1615 81 1617 0 0 0 0 0 0
173 Q 1679 81 1683 1 0 0 0 -1 1 0
173 Q 573 176 644 80 0 0 -1 0 0 0
173 Q 80 46 81 48 0 0 1 0 0 0
173 Q 337 81 327 178 0 0 0 0 1 0
173 Q 114 178 104 1098 0 0 0 0 0 0
173 Q 1639 297 1637 1725 0 0 -1 0 -1 0
173 Q 177 33 178 35 0 0 0 0 0 0
173 Q 433 1 467 81 0 0 0 0 0 0
173 Q 1 77 1 75 0 -1 0 0 0 0
173 Q 1741 433 1746 467 0 0 0 0 0 0
173 Q 1744 1 1744 1 0 0 0 0 0 0
173 Q 1745 64 1744 65 1 0 1 0 0 0
