1147 A 7 0 1 -2 -1 2
1147 A 13 0 2 -4 -2 4
1147 A 14 0 1 -2 -1 2
1147 A -1 1 -83 0 83 0
1147 A 0 1 -83 0 83 0
1147 A 17 0 11 -5 -11 5
1147 A -4 1 -112 -1 112 1
1147 A 3 1 113 -1 -113 1
1147 A -7 1 -41 -1 41 1
1147 A 6 1 42 -1 -42 1
1147 A -10 1 -104 -4 104 4
1147 A 9 1 108 -4 -108 4
1147 A 26 0 15 -4 -15 4
1147 A -1 2 -203 1 203 -1
1147 A 9 0 5 -1 5 -1
1147 A 11 0 2 -4 2 -4
1147 A 13 0 3 -6 3 -6
1147 A 17 0 10 -3 10 -3
1147 A 19 0 12 -5 12 -5
1147 A 4 0 0 -1 -1 1
1147 A 4 0 -1 -1 2 -1
1147 A 5 0 0 -1 -2 2
1147 A 5 0 1 -1 0 2
1147 A 5 0 -1 -1 -2 1
1147 A 5 0 3 -1 1 -2
1147 A 5 0 -1 -2 3 -2
1147 A 6 0 0 -1 -1 1
1147 A 6 0 -1 -1 2 -1
1147 A 6 0 -2 -1 -3 1
1147 A 7 0 -1 -1 1 3
1147 A 7 0 2 -1 -4 3
1147 A 7 0 -2 -1 -3 1
1147 A 7 0 4 -1 5 -3
1147 A 7 0 -1 -2 1 -3
1147 A 7 0 3 -2 2 -3
1147 A 7 0 -2 -2 4 -2
1147 A 8 0 0 -1 -1 1
1147 A 8 0 -1 -1 2 -1
1147 A 8 0 -2 -1 -1 3
1147 A 8 0 3 -1 -2 3
1147 A 8 0 -3 -1 4 -3
1147 A 8 0 4 -1 -1 -3
1147 A 8 0 0 -3 -3 3
1147 A 8 0 -2 -3 5 -3
1147 A 9 0 0 -1 -1 1
1147 A 9 0 -1 -1 2 -1
1147 A 9 0 -2 -1 -3 -2
1147 A 9 0 3 -1 5 -2
1147 A 9 0 -3 -1 2 4
1147 A 9 0 4 -1 -6 4
1147 A 9 0 1 -2 -2 4
1147 A 9 0 0 -2 4 -4
1147 A 9 0 2 -2 0 -4
1147 A 9 0 -1 -2 -3 2
1147 A 9 0 -2 -2 1 4
1147 A 9 0 4 -2 -5 4
1147 A 9 0 1 -4 -3 4
1147 A 10 0 0 -1 3 -3
1147 A 10 0 1 -1 0 -3
1147 A 10 0 -1 -1 -2 1
1147 A 10 0 -2 -1 1 3
1147 A 10 0 3 -1 -4 3
1147 A 10 0 -3 -1 -4 1
1147 A 10 0 -4 -1 5 -3
1147 A 10 0 5 -1 -2 -3
1147 A 10 0 1 -3 2 -3
1147 A 10 0 -3 -3 6 -3
1147 A 11 0 0 -1 1 -1
1147 A 11 0 -1 -1 -3 -4
1147 A 11 0 2 -1 7 -4
1147 A 11 0 -2 -1 2 3
1147 A 11 0 3 -1 -5 3
1147 A 11 0 -3 -1 2 5
1147 A 11 0 4 -1 -7 5
1147 A 11 0 -4 -1 -5 1
1147 A 11 0 6 -1 8 -5
1147 A 11 0 1 -2 4 3
1147 A 11 0 0 -2 -5 5
1147 A 11 0 2 -2 0 5
1147 A 11 0 -1 -2 2 -5
1147 A 11 0 3 -2 3 -5
1147 A 11 0 -2 -2 4 -2
1147 A 11 0 -3 -2 2 -3
1147 A 11 0 5 -2 1 -3
1147 A 11 0 -4 -2 1 -4
1147 A 11 0 6 -2 3 -4
1147 A 11 0 0 -3 4 -4
1147 A 11 0 3 -3 0 -4
1147 A 11 0 -1 -3 2 4
1147 A 11 0 4 -3 -6 4
1147 A 11 0 -3 -3 -1 -5
1147 A 11 0 6 -3 6 -5
1147 A 11 0 -1 -4 -5 4
1147 A 11 0 1 -5 -4 5
1147 A 12 0 0 -1 -1 1
1147 A 12 0 -1 -1 2 -1
1147 A 12 0 -2 -1 3 -5
1147 A 12 0 3 -1 2 -5
1147 A 12 0 -3 -1 -4 1
1147 A 12 0 -4 -1 -1 5
1147 A 12 0 5 -1 -4 5
1147 A 12 0 -5 -1 6 -5
1147 A 12 0 6 -1 -1 -5
1147 A 12 0 0 -5 -5 5
1147 A 12 0 -2 -5 7 -5
1147 A 12 0 -3 -5 -8 5
1147 A 13 0 0 -1 1 -1
1147 A 13 0 -1 -1 -8 4
1147 A 13 0 2 -1 4 4
1147 A 13 0 -2 -1 6 -2
1147 A 13 0 3 -1 -4 -2
1147 A 13 0 -4 -1 -1 -5
1147 A 13 0 5 -1 6 -5
1147 A 13 0 -5 -1 -4 5
1147 A 13 0 6 -1 -1 5
1147 A 13 0 7 -1 5 3
1147 A 13 0 1 -2 9 -5
1147 A 13 0 0 -2 -6 6
1147 A 13 0 2 -2 0 6
1147 A 13 0 -1 -2 6 -4
1147 A 13 0 3 -2 -2 -4
1147 A 13 0 -2 -2 -4 2
1147 A 13 0 -3 -2 3 4
1147 A 13 0 5 -2 -7 4
1147 A 13 0 1 -3 4 -6
1147 A 13 0 2 -3 2 -6
1147 A 13 0 0 -3 -4 4
1147 A 13 0 3 -3 0 4
1147 A 13 0 -2 -3 3 6
1147 A 13 0 5 -3 -9 6
1147 A 13 0 -3 -3 6 -3
1147 A 13 0 -4 -3 3 -5
1147 A 13 0 7 -3 2 -5
1147 A 13 0 -1 -4 -1 6
1147 A 13 0 5 -4 -5 6
1147 A 13 0 0 -5 -5 5
1147 A 13 0 -3 -5 -7 6
1147 A 13 0 8 -5 1 6
1147 A 14 0 -1 -1 -6 3
1147 A 14 0 2 -1 3 3
1147 A 14 0 -2 -1 -3 1
1147 A 14 0 -3 -1 -2 -3
1147 A 14 0 4 -1 5 -3
1147 A 14 0 -4 -1 -5 1
1147 A 14 0 -5 -1 -4 3
1147 A 14 0 6 -1 1 3
1147 A 14 0 1 -3 -8 5
1147 A 14 0 2 -3 3 5
1147 A 14 0 -5 -3 -4 5
1147 A 14 0 8 -3 -1 5
1147 A 14 0 2 -5 3 -5
1147 A 14 0 -1 -5 -6 5
1147 A 14 0 -4 -5 9 -5
1147 A 15 0 0 -1 -7 7
1147 A 15 0 1 -1 0 7
1147 A 15 0 -1 -1 8 -4
1147 A 15 0 2 -1 -4 -4
1147 A 15 0 -2 -1 6 -2
1147 A 15 0 3 -1 -4 -2
1147 A 15 0 -3 -1 -4 1
1147 A 15 0 -4 -1 5 2
1147 A 15 0 5 -1 -7 2
1147 A 15 0 -5 -1 3 7
1147 A 15 0 6 -1 -10 7
1147 A 15 0 -6 -1 -7 1
1147 A 15 0 8 -1 11 -7
1147 A 15 0 1 -2 -2 4
1147 A 15 0 0 -2 4 -4
1147 A 15 0 2 -2 0 -4
1147 A 15 0 -1 -2 3 -7
1147 A 15 0 3 -2 4 -7
1147 A 15 0 -2 -2 4 -2
1147 A 15 0 -3 -2 -5 -4
1147 A 15 0 5 -2 9 -4
1147 A 15 0 -6 -2 -2 -7
1147 A 15 0 8 -2 9 -7
1147 A 15 0 1 -4 -3 4
1147 A 15 0 -1 -4 5 -7
1147 A 15 0 5 -4 2 -7
1147 A 15 0 -2 -4 -6 4
1147 A 15 0 -3 -4 -1 7
1147 A 15 0 7 -4 -6 7
1147 A 15 0 -1 -7 8 -7
1147 A 16 0 0 -1 -1 1
1147 A 16 0 -1 -1 2 -1
1147 A 16 0 -2 -1 -9 3
1147 A 16 0 3 -1 6 3
1147 A 16 0 -3 -1 -4 -3
1147 A 16 0 4 -1 7 -3
1147 A 16 0 -4 -1 -9 5
1147 A 16 0 5 -1 4 5
1147 A 16 0 -5 -1 -2 -5
1147 A 16 0 6 -1 7 -5
1147 A 16 0 -6 -1 -1 7
1147 A 16 0 7 -1 -6 7
1147 A 16 0 -7 -1 8 -7
1147 A 16 0 8 -1 -1 -7
1147 A 16 0 1 -3 10 -7
1147 A 16 0 2 -3 -3 -7
1147 A 16 0 0 -3 5 -5
1147 A 16 0 3 -3 0 -5
1147 A 16 0 -1 -3 -4 7
1147 A 16 0 4 -3 -3 7
1147 A 16 0 -2 -3 5 -3
1147 A 16 0 -3 -3 -10 5
1147 A 16 0 6 -3 5 5
1147 A 16 0 -5 -3 -8 3
1147 A 16 0 2 -5 3 -5
1147 A 16 0 1 -5 -4 -7
1147 A 16 0 4 -5 11 -7
1147 A 16 0 -1 -5 -2 7
1147 A 16 0 6 -5 -5 7
1147 A 16 0 -3 -5 -8 5
1147 A 16 0 0 -7 -7 7
1147 A 16 0 -2 -7 9 -7
1147 A -1 1 -17 0 -135 0
1147 A -1 1 -20 0 -43 0
1147 A -1 1 -30 0 67 0
1147 A -1 1 -34 0 76 0
1147 A -1 1 -39 0 -103 0
1147 A -1 1 -40 0 122 0
1147 A -1 1 -45 0 -51 0
1147 A -1 1 -61 0 80 0
1147 A -1 1 -62 0 125 0
1147 A -1 1 -81 0 -124 0
1147 A -1 1 -89 0 129 0
1147 A -1 1 -90 0 118 0
1147 A -1 1 -102 0 121 0
1147 A -1 1 -106 0 -111 0
1147 A 0 1 -17 0 -135 0
1147 A 0 1 -20 0 -43 0
1147 A 0 1 -30 0 67 0
1147 A 0 1 -34 0 76 0
1147 A 0 1 -39 0 -103 0
1147 A 0 1 -40 0 122 0
1147 A 0 1 -45 0 -51 0
1147 A 0 1 -61 0 80 0
1147 A 0 1 -62 0 125 0
1147 A 0 1 -81 0 -124 0
1147 A 0 1 -89 0 129 0
1147 A 0 1 -90 0 118 0
1147 A 0 1 -102 0 121 0
1147 A 0 1 -106 0 -111 0
1147 A 17 0 -2 -1 5 4
1147 A 17 0 3 -1 -9 4
1147 A 17 0 -3 -1 -3 5
1147 A 17 0 4 -1 -2 5
1147 A 17 0 -4 -1 5 -1
1147 A 17 0 -5 -1 -1 3
1147 A 17 0 6 -1 -2 3
1147 A 17 0 -6 -1 4 -3
1147 A 17 0 7 -1 -1 -3
1147 A 17 0 -7 -1 -3 -6
1147 A 17 0 8 -1 9 -6
1147 A 17 0 9 -1 -4 8
1147 A 17 0 1 -2 -2 4
1147 A 17 0 0 -2 4 -4
1147 A 17 0 2 -2 0 -4
1147 A 17 0 -1 -2 -4 -3
1147 A 17 0 3 -2 7 -3
1147 A 17 0 -3 -2 -9 7
1147 A 17 0 5 -2 2 7
1147 A 17 0 -4 -2 -6 2
1147 A 17 0 -5 -2 -1 -7
1147 A 17 0 7 -2 8 -7
1147 A 17 0 -6 -2 7 -6
1147 A 17 0 8 -2 -1 -6
1147 A 17 0 -7 -2 -2 8
1147 A 17 0 9 -2 -6 8
1147 A 17 0 0 -3 -3 3
1147 A 17 0 -2 -3 10 -6
1147 A 17 0 5 -3 -4 -6
1147 A 17 0 -5 -3 5 -4
1147 A 17 0 8 -3 -1 -4
1147 A 17 0 -6 -3 -4 7
1147 A 17 0 9 -3 -3 7
1147 A 17 0 1 -4 -3 4
1147 A 17 0 -2 -4 -2 7
1147 A 17 0 6 -4 -5 7
1147 A 17 0 -3 -4 4 5
1147 A 17 0 7 -4 -9 5
1147 A 17 0 -6 -4 4 -5
1147 A 17 0 10 -4 1 -5
1147 A 17 0 0 -5 5 -5
1147 A 17 0 -1 -5 -4 -8
1147 A 17 0 6 -5 12 -8
1147 A 17 0 -2 -5 5 -6
1147 A 17 0 7 -5 1 -6
1147 A 17 0 -3 -5 1 -7
1147 A 17 0 8 -5 6 -7
1147 A 17 0 3 -6 5 7
1147 A 17 0 2 -6 11 -8
1147 A 17 0 4 -6 -3 -8
1147 A 17 0 0 -6 7 -7
1147 A 17 0 6 -6 0 -7
1147 A 17 0 -2 -6 -5 8
1147 A 17 0 8 -6 -3 8
1147 A 17 0 -4 -7 2 8
1147 A 17 0 11 -7 -10 8
1147 A 17 0 1 -8 7 -8
1147 A -2 1 -20 0 -128 -1
1147 A -2 1 -30 0 104 1
1147 A -2 1 -45 0 -120 -1
1147 A -2 1 -61 0 -90 0
1147 A -2 1 -80 0 110 1
1147 A 1 1 -20 0 -129 1
1147 A 1 1 -30 0 105 -1
1147 A 1 1 -45 0 -121 1
1147 A 1 1 -61 0 -90 0
1147 A 1 1 -80 0 111 -1
1147 A -3 1 -18 0 111 1
1147 A -3 1 -19 0 105 1
1147 A -3 1 -20 0 44 0
1147 A -3 1 -28 0 -133 -1
1147 A -3 1 -31 0 101 1
1147 A -3 1 -34 0 -109 -1
1147 A -3 1 -46 0 -118 -1
1147 A -3 1 -52 0 59 1
1147 A -3 1 -78 -1 120 1
1147 A -3 1 -83 -1 89 1
1147 A -3 1 -88 -1 -129 -1
1147 A 2 1 -18 0 112 -1
1147 A 2 1 -19 0 106 -1
1147 A 2 1 -20 0 44 0
1147 A 2 1 -28 0 -134 1
1147 A 2 1 -31 0 102 -1
1147 A 2 1 -34 0 -110 1
1147 A 2 1 -46 0 -119 1
1147 A 2 1 -52 0 60 -1
1147 A 2 1 79 -1 -121 1
1147 A 2 1 84 -1 -90 1
1147 A 2 1 89 -1 130 -1
1147 A -4 1 -18 0 -79 -1
1147 A -4 1 -19 0 59 1
1147 A -4 1 -22 0 64 1
1147 A -4 1 -24 0 -129 -2
1147 A -4 1 -31 0 -127 -2
1147 A -4 1 -35 0 90 1
1147 A -4 1 -41 -1 -89 -1
1147 A -4 1 -43 -1 66 1
1147 A -4 1 -49 -1 75 1
1147 A -4 1 -102 -1 -106 -1
1147 A -4 1 -110 -1 -131 -2
1147 A -4 1 -122 -1 -132 -2
1147 A 3 1 -18 0 -80 1
1147 A 3 1 -19 0 60 -1
1147 A 3 1 -22 0 65 -1
1147 A 3 1 -24 0 -131 2
1147 A 3 1 -31 0 -129 2
1147 A 3 1 -35 0 91 -1
1147 A 3 1 42 -1 90 -1
1147 A 3 1 44 -1 -67 1
1147 A 3 1 50 -1 -76 1
1147 A 3 1 103 -1 107 -1
1147 A 3 1 111 -1 133 -2
1147 A 3 1 123 -1 134 -2
1147 A -5 1 -20 0 -41 -1
1147 A -5 1 -21 0 107 2
1147 A -5 1 -29 0 -117 -2
1147 A -5 1 -32 0 43 1
1147 A -5 1 -52 -1 -65 -1
1147 A -5 1 -53 -1 85 1
1147 A -5 1 -60 -1 -80 -1
1147 A -5 1 -67 -1 -76 -1
1147 A -5 1 -99 -2 -128 -2
1147 A -5 1 -103 -2 134 2
1147 A -5 1 -109 -2 119 2
1147 A 4 1 -20 0 -42 1
1147 A 4 1 -21 0 109 -2
1147 A 4 1 -29 0 -119 2
1147 A 4 1 -32 0 44 -1
1147 A 4 1 53 -1 66 -1
1147 A 4 1 54 -1 -86 1
1147 A 4 1 61 -1 81 -1
1147 A 4 1 68 -1 77 -1
1147 A 4 1 101 -2 130 -2
1147 A 4 1 105 -2 -136 2
1147 A 4 1 111 -2 -121 2
1147 A -6 1 -18 0 -76 -2
1147 A -6 1 -19 0 -44 -1
1147 A -6 1 -22 0 -66 -1
1147 A -6 1 -24 -1 68 1
1147 A -6 1 -27 -1 -42 -1
1147 A -6 1 -31 -1 54 1
1147 A -6 1 -37 -1 53 1
1147 A -6 1 -61 -1 -111 -2
1147 A -6 1 -78 -1 105 2
1147 A -6 1 -88 -2 131 3
1147 A -6 1 -109 -2 119 2
1147 A -6 1 -121 -2 -131 -2
1147 A 5 1 -18 0 -78 2
1147 A 5 1 -19 0 -45 1
1147 A 5 1 -22 0 -67 1
1147 A 5 1 25 -1 -69 1
1147 A 5 1 28 -1 43 -1
1147 A 5 1 32 -1 -55 1
1147 A 5 1 38 -1 -54 1
1147 A 5 1 62 -1 113 -2
1147 A 5 1 79 -1 -107 2
1147 A 5 1 90 -2 -134 3
1147 A 5 1 111 -2 -121 2
1147 A 5 1 123 -2 133 -2
1147 A 18 0 -6 -1 5 7
1147 A 18 0 7 -1 -12 7
1147 A 18 0 -7 -1 8 -1
1147 A 18 0 -8 -1 -9 1
1147 A 18 0 1 -5 -2 7
1147 A 18 0 4 -5 -5 7
1147 A 18 0 0 -5 7 -7
1147 A 18 0 5 -5 0 -7
1147 A 18 0 -1 -5 -6 5
1147 A 18 0 -2 -5 1 7
1147 A 18 0 7 -5 -8 7
1147 A 18 0 -3 -5 -8 5
1147 A 18 0 -4 -5 9 -7
1147 A 18 0 9 -5 -2 -7
1147 A 18 0 1 -7 -6 7
1147 A -7 1 -19 0 45 1
1147 A -7 1 -20 0 -127 -3
1147 A -7 1 -23 0 -122 -3
1147 A -7 1 -24 0 82 2
1147 A -7 1 -24 -1 117 3
1147 A -7 1 -38 -1 103 2
1147 A -7 1 -39 -1 79 2
1147 A -7 1 -64 -1 -118 -3
1147 A -7 1 -68 -1 115 3
1147 A -7 1 -73 -2 -107 -2
1147 A -7 1 -78 -2 -104 -2
1147 A -7 1 -81 -2 121 3
1147 A -7 1 -90 -2 -134 -3
1147 A 6 1 -19 0 46 -1
1147 A 6 1 -20 0 -130 3
1147 A 6 1 -23 0 -125 3
1147 A 6 1 -24 0 84 -2
1147 A 6 1 25 -1 -120 3
1147 A 6 1 39 -1 -105 2
1147 A 6 1 40 -1 -81 2
1147 A 6 1 65 -1 121 -3
1147 A 6 1 69 -1 -118 3
1147 A 6 1 75 -2 109 -2
1147 A 6 1 80 -2 106 -2
1147 A 6 1 83 -2 -124 3
1147 A 6 1 92 -2 137 -3
1147 A -8 1 -22 0 62 2
1147 A -8 1 -16 -1 -84 -2
1147 A -8 1 -17 -1 -80 -2
1147 A -8 1 -22 -1 -64 -2
1147 A -8 1 -25 -1 44 1
1147 A -8 1 -28 -1 130 4
1147 A -8 1 -37 -1 53 1
1147 A -8 1 -39 -1 57 2
1147 A -8 1 -40 -1 -42 -1
1147 A -8 1 -43 -1 58 2
1147 A -8 1 -46 -1 92 2
1147 A -8 1 -57 -1 79 2
1147 A -8 1 -56 -2 65 2
1147 A -8 1 -98 -3 -125 -3
1147 A -8 1 -99 -3 -121 -3
1147 A -8 1 -107 -3 -120 -3
1147 A 7 1 -22 0 64 -2
1147 A 7 1 17 -1 86 -2
1147 A 7 1 18 -1 82 -2
1147 A 7 1 23 -1 66 -2
1147 A 7 1 26 -1 -45 1
1147 A 7 1 29 -1 -134 4
1147 A 7 1 38 -1 -54 1
1147 A 7 1 40 -1 -59 2
1147 A 7 1 41 -1 43 -1
1147 A 7 1 44 -1 -60 2
1147 A 7 1 47 -1 -94 2
1147 A 7 1 58 -1 -81 2
1147 A 7 1 58 -2 -67 2
1147 A 7 1 101 -3 128 -3
1147 A 7 1 102 -3 124 -3
1147 A 7 1 110 -3 123 -3
1147 A -9 1 -19 0 -134 -4
1147 A -9 1 -13 -1 40 1
1147 A -9 1 -14 -1 -60 -2
1147 A -9 1 -22 -1 112 3
1147 A -9 1 -25 -1 -77 -2
1147 A -9 1 -29 -1 -67 -2
1147 A -9 1 -38 -1 -66 -2
1147 A -9 1 -45 -1 -86 -3
1147 A -9 1 -50 -2 105 3
1147 A -9 1 -58 -2 110 3
1147 A -9 1 -64 -2 126 4
1147 A -9 1 -99 -3 -115 -4
1147 A 8 1 -19 0 -138 4
1147 A 8 1 14 -1 -41 1
1147 A 8 1 15 -1 62 -2
1147 A 8 1 23 -1 -115 3
1147 A 8 1 26 -1 79 -2
1147 A 8 1 30 -1 69 -2
1147 A 8 1 39 -1 68 -2
1147 A 8 1 46 -1 89 -3
1147 A 8 1 52 -2 -108 3
1147 A 8 1 60 -2 -113 3
1147 A 8 1 66 -2 -130 4
1147 A 8 1 102 -3 119 -4
1147 A 19 0 10 -1 3 -6
1147 A 19 0 1 -2 11 -3
1147 A 19 0 -1 -2 2 5
1147 A 19 0 3 -2 -7 5
1147 A 19 0 -5 -2 9 -8
1147 A 19 0 7 -2 -1 -8
1147 A 19 0 -6 -2 -8 2
1147 A 19 0 -7 -2 2 8
1147 A 19 0 9 -2 -10 8
1147 A 19 0 -5 -3 8 -3
1147 A 19 0 2 -4 -4 8
1147 A 19 0 -2 -4 1 -7
1147 A 19 0 6 -4 6 -7
1147 A 19 0 -5 -4 9 -4
1147 A 19 0 -6 -4 3 -5
1147 A 19 0 10 -4 2 -5
1147 A 19 0 -3 -6 -12 8
1147 A 19 0 9 -6 4 8
1147 A 19 0 -1 -7 -1 8
1147 A 19 0 8 -7 -7 8
1147 A 19 0 13 -7 14 -9
1147 A -10 1 -10 -1 102 3
1147 A -10 1 -13 -1 62 2
1147 A -10 1 -18 -1 -135 -4
1147 A -10 1 -20 -1 68 2
1147 A -10 1 -23 -1 60 2
1147 A -10 1 -26 -1 -138 -4
1147 A -10 1 -30 -1 46 2
1147 A -10 1 -41 -1 -130 -4
1147 A -10 1 -47 -1 66 2
1147 A -10 1 -49 -1 -85 -3
1147 A -10 1 -52 -2 -69 -2
1147 A -10 1 -106 -4 -133 -4
1147 A -10 1 -107 -4 -119 -4
1147 A -10 1 -124 -4 -137 -4
1147 A 9 1 11 -1 -105 3
1147 A 9 1 14 -1 -64 2
1147 A 9 1 19 -1 139 -4
1147 A 9 1 21 -1 -70 2
1147 A 9 1 24 -1 -62 2
1147 A 9 1 27 -1 142 -4
1147 A 9 1 31 -1 -48 2
1147 A 9 1 42 -1 134 -4
1147 A 9 1 48 -1 -68 2
1147 A 9 1 50 -1 88 -3
1147 A 9 1 54 -2 71 -2
1147 A 9 1 110 -4 137 -4
1147 A 9 1 111 -4 123 -4
1147 A 9 1 128 -4 141 -4
1147 A -11 1 -13 -1 127 5
1147 A -11 1 -27 -1 -72 -2
1147 A -11 1 -41 -1 62 2
1147 A -11 1 -43 -1 92 3
1147 A -11 1 -38 -2 -64 -2
1147 A -11 1 -53 -2 68 2
1147 A -11 1 -72 -3 88 3
1147 A -11 1 -83 -3 -110 -4
1147 A -11 1 -99 -4 -131 -5
1147 A -11 1 -102 -4 111 4
1147 A -11 1 -107 -4 -119 -4
1147 A -11 1 -118 -5 124 5
1147 A 10 1 14 -1 -132 5
1147 A 10 1 28 -1 74 -2
1147 A 10 1 42 -1 -64 2
1147 A 10 1 44 -1 -95 3
1147 A 10 1 40 -2 66 -2
1147 A 10 1 55 -2 -70 2
1147 A 10 1 75 -3 -91 3
1147 A 10 1 86 -3 114 -4
1147 A 10 1 103 -4 136 -5
1147 A 10 1 106 -4 -115 4
1147 A 10 1 111 -4 123 -4
1147 A 10 1 123 -5 -129 5
1147 A 20 0 1 -3 2 -3
1147 A 20 0 -1 -3 12 -9
1147 A 20 0 4 -3 -3 -9
1147 A 20 0 -7 -3 -10 9
1147 A 20 0 10 -3 1 9
1147 A 20 0 1 -9 -8 9
1147 A -12 1 -12 -1 -132 -5
1147 A -12 1 -15 -1 -19 -1
1147 A -12 1 -24 -1 -80 -4
1147 A -12 1 -38 -1 116 5
1147 A -12 1 -31 -2 112 4
1147 A -12 1 -33 -2 -99 -4
1147 A -12 1 -49 -2 -84 -4
1147 A -12 1 -56 -2 74 3
1147 A -12 1 -67 -2 138 5
1147 A -12 1 -59 -3 -112 -5
1147 A -12 1 -63 -3 122 5
1147 A -12 1 -75 -3 103 4
1147 A -12 1 -81 -3 106 4
1147 A -12 1 -124 -5 -129 -5
1147 A 11 1 13 -1 137 -5
1147 A 11 1 16 -1 20 -1
1147 A 11 1 25 -1 84 -4
1147 A 11 1 39 -1 -121 5
1147 A 11 1 33 -2 -116 4
1147 A 11 1 35 -2 103 -4
1147 A 11 1 51 -2 88 -4
1147 A 11 1 58 -2 -77 3
1147 A 11 1 69 -2 -143 5
1147 A 11 1 62 -3 117 -5
1147 A 11 1 66 -3 -127 5
1147 A 11 1 78 -3 -107 4
1147 A 11 1 84 -3 -110 4
1147 A 11 1 129 -5 134 -5
1147 A 21 0 2 -4 -4 8
1147 A -13 1 -40 -1 -78 -3
1147 A -13 1 -41 -2 -80 -3
1147 A -13 1 -79 -4 121 5
1147 A -13 1 -122 -5 121 6
1147 A -13 1 -117 -6 -131 -6
1147 A 12 1 41 -1 81 -3
1147 A 12 1 43 -2 83 -3
1147 A 12 1 83 -4 -126 5
1147 A 12 1 127 -5 -127 6
1147 A 12 1 123 -6 137 -6
1147 A -14 1 -20 -1 41 2
1147 A -14 1 -45 -3 68 4
1147 A 13 1 21 -1 -43 2
1147 A 13 1 48 -3 -72 4
1147 A -15 1 -21 -1 -39 -2
1147 A 14 1 22 -1 41 -2
1147 A -17 1 -34 -3 86 5
1147 A 16 1 37 -3 -91 5
1147 S 0 1 7 0
1147 S 0 2 7 0
1147 S 0 3 7 0
1147 S -1 1 7 0
1147 S -2 2 7 0
1147 S -3 3 7 0
1147 S 3 1 13 0
1147 S -7 2 13 0
1147 S -4 3 13 0
1147 S -1 4 13 0
1147 S 2 5 13 0
1147 S -8 6 13 0
1147 S -4 1 13 0
1147 S 5 2 13 0
1147 S 1 3 13 0
1147 S -3 4 13 0
1147 S -7 5 13 0
1147 S 2 6 13 0
1147 S -17 0 -2 1
1147 S -34 0 -2 1
1147 S -51 0 -2 1
1147 S -68 0 -2 1
1147 S -85 0 -2 1
1147 S -100 -1 -2 1
1147 S -117 -1 -2 1
1147 S -134 -1 -2 1
1147 S 2 -1 17 0
1147 S 4 -2 17 0
1147 S 6 -3 17 0
1147 S 8 -4 17 0
1147 S 10 -5 17 0
1147 S -5 -6 17 0
1147 S -3 -7 17 0
1147 S -1 -8 17 0
1147 T 52 54 52 1 0
1147 T 574 572 574 0 0
1147 T 638 305 1832 0 0
1147 T 1834 297 1767 0 0
1147 T 1769 299 636 0 0
1147 T 299 295 305 0 0
1147 T 115 119 116 0 0
1147 T 118 1943 992 0 0
1147 T 994 1898 117 0 0
1147 T 1898 1945 119 0 0
1147 T 102 810 1372 0 0
1147 T 1374 802 1323 0 0
1147 T 1325 804 100 0 0
1147 T 804 800 810 0 0
1147 T 152 148 149 0 0
1147 T 147 991 1891 0 0
1147 T 1893 1942 154 0 0
1147 T 1942 993 148 0 0
1147 T 382 1526 428 0 0
1147 T 434 1723 380 -1 0
1147 T 430 501 432 0 0
1147 T 1723 499 1526 0 0
1147 T 377 1673 431 0 0
1147 T 433 496 423 0 0
1147 T 425 1572 375 0 0
1147 T 1572 498 1673 0 0
1147 T 62 2155 2008 0 0
1147 T 58 73 60 0 0
1147 T 2010 2102 56 0 0
1147 T 73 2100 2155 0 0
1147 T 378 390 380 0 0
1147 T 1672 1723 390 -1 0
1147 T 782 105 1415 0 0
1147 T 774 812 780 0 0
1147 T 1417 1291 772 0 0
1147 T 812 1293 105 0 0
1147 T 777 817 767 0 0
1147 T 769 1249 1459 0 0
1147 T 1461 108 775 0 0
1147 T 108 1247 817 0 0
1147 T 1970 3 2108 0 0
1147 T 2110 8 2051 1 0
1147 T 2053 4 1968 0 0
1147 T 4 8 3 0 0
1147 T 112 104 108 0 0
1147 T 110 2158 1632 0 0
1147 T 1630 2099 104 0 0
1147 T 626 1342 1443 0 0
1147 T 618 671 624 0 0
1147 T 1445 137 616 0 0
1147 T 671 135 1342 0 0
1147 T 621 670 611 0 0
1147 T 613 132 1400 0 0
1147 T 1402 1388 619 0 0
1147 T 1388 134 670 0 0
1147 T 758 189 1807 0 0
1147 T 1809 183 1879 0 0
1147 T 1881 180 756 0 0
1147 T 180 185 189 0 0
1147 T 753 177 1927 0 0
1147 T 1746 192 751 0 0
1147 T 1929 183 1744 0 0
1147 T 192 185 177 0 0
1147 T 718 714 710 -1 0
1147 T 708 1211 1255 0 0
1147 T 1257 69 716 0 0
1147 T 69 1213 714 0 0
1147 T 258 690 1887 0 0
1147 T 250 329 256 0 0
1147 T 1889 1728 248 0 0
1147 T 329 1730 690 0 0
1147 T 253 324 243 0 0
1147 T 245 1678 1935 0 0
1147 T 1937 690 251 0 0
1147 T 690 1676 324 0 0
1147 T 314 1953 797 0 0
1147 T 306 316 312 0 0
1147 T 795 1788 304 0 0
1147 T 316 1790 1953 0 0
1147 T 309 321 299 0 0
1147 T 301 1854 795 0 0
1147 T 797 1903 307 0 0
1147 T 1903 1852 321 0 0
1147 T 1974 85 2132 0 0
1147 T 2134 79 2075 0 0
1147 T 2077 86 1972 0 0
1147 T 86 81 85 0 0
1147 T 666 277 1507 -1 0
1147 T 656 660 664 0 0
1147 T 1509 1558 658 0 0
1147 T 660 1556 277 0 0
1147 T 889 1170 831 0 0
1147 T 112 114 112 1 0
1147 T 237 235 237 1 0
1147 T 382 384 372 0 0
1147 T 374 1869 428 0 0
1147 T 1524 1867 384 0 0
1147 T 369 384 375 0 0
1147 T 425 1803 367 0 0
1147 T 384 1805 1574 0 0
1147 T 1130 1146 1120 0 0
1147 T 1122 3 1247 0 0
1147 T 1249 932 1128 0 0
1147 T 932 5 1146 0 0
1147 T 1125 877 1291 0 0
1147 T 1117 1147 1123 0 0
1147 T 1293 3 1115 0 0
1147 T 1147 5 877 0 0
1147 T 274 489 1544 0 0
1147 T 1546 493 1495 0 0
1147 T 1497 483 272 0 0
1147 T 483 491 489 0 0
1147 T 62 877 772 0 0
1147 T 1417 1123 60 0 0
1147 T 57 1130 1459 0 0
1147 T 769 932 55 0 0
1147 T 734 1186 1351 0 0
1147 T 726 792 732 0 0
1147 T 1353 63 724 0 0
1147 T 792 65 1186 0 0
1147 T 729 789 719 0 0
1147 T 721 63 1304 0 0
1147 T 1306 1203 727 0 0
1147 T 1203 65 789 0 0
1147 T 150 1007 2075 0 0
1147 T 2134 1005 149 0 0
1147 T 698 681 689 0 0
1147 T 1677 1476 696 0 0
1147 T 1476 325 681 0 0
1147 T 693 1434 1727 0 0
1147 T 689 684 691 0 0
1147 T 684 328 1434 0 0
1147 T 784 776 780 0 0
1147 T 782 174 1411 0 0
1147 T 1413 1458 786 0 0
1147 T 1458 172 776 0 0
1147 T 374 1437 420 0 0
1147 T 422 513 428 0 0
1147 T 1867 511 1437 0 0
1147 T 425 513 415 0 0
1147 T 417 1479 367 0 0
1147 T 1479 511 1805 0 0
1147 T 1509 759 92 0 0
1147 T 759 763 829 0 0
1147 T 90 765 1556 0 0
1147 T 606 660 596 0 0
1147 T 598 1515 1259 0 0
1147 T 1261 126 604 0 0
1147 T 126 1517 660 0 0
1147 T 601 127 1216 0 0
1147 T 593 665 599 0 0
1147 T 1218 1565 591 0 0
1147 T 665 1563 127 0 0
1147 T 115 1831 1008 0 0
1147 T 1006 1770 116 0 0
1147 T 1038 1144 1028 0 0
1147 T 1030 934 1367 0 0
1147 T 1369 5 1036 0 0
1147 T 1033 5 1320 0 0
1147 T 1025 1149 1031 0 0
1147 T 1322 875 1023 0 0
1147 T 170 809 1367 0 0
1147 T 1369 769 1503 0 0
1147 T 1505 759 168 0 0
1147 T 759 767 809 0 0
1147 T 774 1322 1553 0 0
1147 T 766 806 772 0 0
1147 T 1551 163 764 0 0
1147 T 806 165 1322 0 0
1147 T 1010 1331 899 0 0
1147 T 1002 1066 1008 0 0
1147 T 901 50 1000 0 0
1147 T 1066 48 1331 0 0
1147 T 1005 1059 995 0 0
1147 T 997 50 844 0 0
1147 T 846 1381 1003 0 0
1147 T 1381 48 1059 0 0
1147 T 1413 468 292 0 0
1147 T 468 472 42 0 0
1147 T 290 474 1456 0 0
1147 T 102 1343 672 -1 0
1147 T 670 1394 100 0 0
1147 T 674 702 668 0 0
1147 T 1394 700 1343 0 0
1147 T 174 1430 556 0 0
1147 T 562 1471 172 0 0
1147 T 558 581 560 0 0
1147 T 1471 579 1430 0 0
1147 T 207 211 204 0 0
1147 T 206 1108 2071 0 0
1147 T 2073 1829 209 0 0
1147 T 1829 1110 211 0 0
1147 T 209 1763 2127 0 0
1147 T 201 218 207 0 0
1147 T 2129 1113 199 0 0
1147 T 218 1111 1763 0 0
1147 T 44 1239 1283 -1 0
1147 T 1074 1070 44 0 0
1147 T 1285 67 1072 -1 0
1147 T 1070 69 1239 0 0
1147 T 422 1957 552 0 0
1147 T 554 1512 428 0 0
1147 T 1512 1955 511 0 0
1147 T 425 1562 547 0 0
1147 T 549 1907 415 0 0
1147 T 511 1909 1562 0 0
1147 T 634 485 1807 -1 0
1147 T 1809 491 1743 0 0
1147 T 1745 487 632 0 0
1147 T 1030 57 1503 0 0
1147 T 1553 60 1023 0 0
1147 T 310 40 312 0 0
1147 T 294 290 298 0 0
1147 T 618 601 609 0 0
1147 T 607 1220 1439 0 0
1147 T 1441 96 616 0 0
1147 T 96 1222 601 0 0
1147 T 613 96 1396 0 0
1147 T 609 604 611 0 0
1147 T 1398 1265 607 0 0
1147 T 604 1263 96 0 0
1147 T 554 537 545 0 0
1147 T 543 1308 1539 0 0
1147 T 1541 185 552 0 0
1147 T 185 1310 537 0 0
1147 T 549 185 1492 0 0
1147 T 545 540 547 0 0
1147 T 1494 1357 543 0 0
1147 T 540 1355 185 0 0
1147 T 646 676 636 0 0
1147 T 1769 1379 644 0 0
1147 T 1379 299 676 0 0
1147 T 641 1333 1831 0 0
1147 T 637 676 639 0 0
1147 T 676 306 1333 0 0
1147 T 994 1078 1000 0 0
1147 T 901 1469 992 0 0
1147 T 1078 1467 48 0 0
1147 T 997 1078 991 0 0
1147 T 993 1423 844 0 0
1147 T 48 1425 1078 0 0
1147 T 750 818 740 0 0
1147 T 742 1251 1695 0 0
1147 T 1697 196 748 0 0
1147 T 196 1253 818 0 0
1147 T 745 196 1644 0 0
1147 T 737 811 743 0 0
1147 T 1646 1297 735 0 0
1147 T 811 1295 196 0 0
1147 T 83 1067 1279 0 0
1147 T 1281 1085 1327 0 0
1147 T 1329 1061 85 0 0
1147 T 1061 1083 1067 0 0
1147 T 85 1064 1375 0 0
1147 T 1238 1074 83 0 0
1147 T 1377 1080 1236 0 0
1147 T 1074 1082 1064 0 0
1147 T 654 470 1944 0 0
1147 T 1897 472 648 0 0
1147 T 542 1907 1443 0 0
1147 T 1445 417 545 0 0
1147 T 545 420 1400 0 0
1147 T 1402 1957 535 0 0
1147 T 1697 173 2055 0 0
1147 T 2057 175 748 0 0
1147 T 175 171 198 0 0
1147 T 745 182 2111 0 0
1147 T 2113 172 1644 0 0
1147 T 198 174 182 0 0
1147 T 666 336 2136 0 0
1147 T 2138 281 1507 0 0
1147 T 275 279 336 0 0
1147 T 1557 284 2080 0 0
1147 T 2082 333 659 0 0
1147 T 333 286 278 0 0
1147 T 146 144 146 -1 0
1147 T 2 1 2 -1 0
1147 T 374 357 365 0 0
1147 T 363 1931 420 0 0
1147 T 1435 1933 357 0 0
1147 T 365 360 367 0 0
1147 T 417 1885 363 0 0
1147 T 360 1883 1481 0 0
1147 T 267 271 264 -1 0
1147 T 266 490 1755 0 0
1147 T 1757 1545 269 0 0
1147 T 269 1495 1819 0 0
1147 T 261 274 267 1 0
1147 T 1821 483 259 0 0
1147 T 845 645 116 0 0
1147 T 642 902 116 0 0
1147 T 960 1299 1347 0 0
1147 T 958 954 962 0 0
1147 T 1349 10 956 0 0
1147 T 954 9 1299 0 0
1147 T 656 648 652 0 0
1147 T 230 461 1451 0 0
1147 T 1453 455 1499 0 0
1147 T 1501 452 228 0 0
1147 T 452 457 461 0 0
1147 T 225 449 1547 0 0
1147 T 1410 464 223 0 0
1147 T 1549 455 1408 0 0
1147 T 464 457 449 0 0
1147 T 966 75 1487 0 0
1147 T 974 1049 964 0 0
1147 T 1489 911 972 0 0
1147 T 1049 913 75 0 0
1147 T 78 970 1537 0 0
1147 T 857 1048 76 0 0
1147 T 1535 976 855 0 0
1147 T 1048 978 970 0 0
1147 T 102 89 97 -1 0
1147 T 95 1900 2224 0 0
1147 T 2226 2035 100 0 0
1147 T 2035 1902 89 0 0
1147 T 101 2034 2176 0 0
1147 T 97 92 99 0 0
1147 T 2178 1950 95 0 0
1147 T 92 1948 2034 0 0
1147 T 634 621 629 -1 0
1147 T 627 1492 1807 0 0
1147 T 483 1494 621 0 0
1147 T 629 624 631 0 0
1147 T 1746 1541 627 0 0
1147 T 624 1539 490 0 0
1147 T 627 547 1879 0 0
1147 T 1929 554 627 0 0
1147 T 758 828 752 0 0
1147 T 70 57 65 0 0
1147 T 63 2011 1903 0 0
1147 T 1905 2247 68 0 0
1147 T 2247 2013 57 0 0
1147 T 69 2201 1951 0 0
1147 T 65 60 67 0 0
1147 T 1953 2018 63 0 0
1147 T 60 2016 2201 0 0
1147 T 462 819 1899 0 0
1147 T 1901 1849 456 0 0
1147 T 1849 821 451 0 0
1147 T 822 466 1950 0 0
1147 T 1784 447 820 0 0
1147 T 1948 457 1786 0 0
1147 T 1134 394 1964 -1 0
1147 T 1966 388 1915 0 0
1147 T 1917 393 1132 0 0
1147 T 393 390 394 0 0
1147 T 162 500 1275 0 0
1147 T 1018 1726 160 0 0
1147 T 1277 1523 1016 0 0
1147 T 157 1672 1011 0 0
1147 T 1013 1573 1232 0 0
1147 T 1234 497 155 0 0
1147 T 258 695 1267 0 0
1147 T 1269 682 1887 0 0
1147 T 1226 694 251 0 0
1147 T 1937 683 1224 0 0
1147 T 138 1337 1036 0 0
1147 T 1046 1478 136 0 0
1147 T 1038 1152 1044 0 0
1147 T 1478 1154 1337 0 0
1147 T 133 1432 1039 0 0
1147 T 1041 1157 1031 0 0
1147 T 1033 1383 131 0 0
1147 T 1383 1155 1432 0 0
1147 T 314 565 1283 0 0
1147 T 572 569 565 0 0
1147 T 1241 567 308 0 0
1147 T 138 1910 2220 0 0
1147 T 130 142 136 0 0
1147 T 2222 2015 128 0 0
1147 T 142 2017 1910 0 0
1147 T 133 142 123 0 0
1147 T 125 2014 2172 0 0
1147 T 2174 1956 131 0 0
1147 T 1956 2012 142 0 0
1147 T 206 232 200 0 0
1147 T 202 1098 2167 0 0
1147 T 2218 1100 204 0 0
1147 T 2169 52 2216 0 0
1147 T 2138 2210 92 0 0
1147 T 2210 281 761 0 0
1147 T 286 2258 764 0 0
1147 T 2080 87 2258 0 0
1147 T 363 259 1359 0 0
1147 T 1933 2095 259 0 0
1147 T 1314 266 363 0 0
1147 T 266 2153 1883 0 0
1147 T 363 1819 2063 0 0
1147 T 2121 1757 363 0 0
1147 T 1019 1023 1016 0 0
1147 T 1277 125 1021 0 0
1147 T 125 1523 1023 0 0
1147 T 1021 128 1232 0 0
1147 T 1013 1030 1019 0 0
1147 T 1030 1573 128 0 0
1147 T 726 797 716 0 0
1147 T 718 1788 1347 0 0
1147 T 1349 306 724 0 0
1147 T 721 299 1300 0 0
1147 T 713 797 719 0 0
1147 T 1302 1854 711 0 0
1147 T 362 1081 2063 0 0
1147 T 1821 1079 367 0 0
1147 T 2121 1084 355 0 0
1147 T 374 1086 1755 0 0
1147 T 626 2117 545 0 0
1147 T 545 2059 619 0 0
1147 T 152 156 160 0 0
1147 T 654 682 644 0 0
1147 T 646 1425 1944 0 0
1147 T 468 1423 682 0 0
1147 T 641 683 647 0 0
1147 T 1898 1467 639 0 0
1147 T 683 1469 473 0 0
1147 T 1854 1599 68 0 0
1147 T 1599 319 2249 0 0
1147 T 69 1598 1788 0 0
1147 T 2199 318 1598 0 0
1147 T 970 914 1691 0 0
1147 T 1693 78 976 0 0
1147 T 75 1641 974 0 0
1147 T 858 966 1641 0 0
1147 T 274 1529 380 -1 0
1147 T 378 1576 272 0 0
1147 T 1576 390 1529 0 0
1147 T 266 337 256 0 0
1147 T 258 1631 1883 0 0
1147 T 2151 1633 337 0 0
1147 T 253 332 259 0 0
1147 T 1933 1630 251 0 0
1147 T 332 1628 2097 0 0
1147 T 978 288 1695 0 0
1147 T 1697 344 2163 0 0
1147 T 2165 282 976 0 0
1147 T 282 346 288 0 0
1147 T 973 283 2211 0 0
1147 T 1646 293 971 0 0
1147 T 2213 344 1644 0 0
1147 T 293 346 283 0 0
1147 T 542 2221 616 0 0
1147 T 613 2171 535 0 0
1147 T 1042 1167 1044 0 0
1147 T 374 1406 269 0 0
1147 T 1406 1086 1543 0 0
1147 T 269 1447 367 0 0
1147 T 1497 1079 1447 0 0
1147 T 250 557 2067 0 0
1147 T 2069 1463 256 0 0
1147 T 1463 555 327 0 0
1147 T 253 1421 2123 0 0
1147 T 2125 560 243 0 0
1147 T 326 562 1421 0 0
1147 T 382 1709 269 0 0
1147 T 1709 384 1404 0 0
1147 T 269 1655 375 0 0
1147 T 1449 384 1655 0 0
1147 T 362 1237 412 0 0
1147 T 409 1280 355 0 0
1147 T 1122 1136 1112 0 0
1147 T 1114 1522 1247 0 0
1147 T 5 1520 1136 0 0
1147 T 1109 1141 1115 0 0
1147 T 1293 1568 1107 0 0
1147 T 1141 1570 5 0 0
1147 T 1978 47 1940 0 0
1147 T 1893 48 1980 0 0
1147 T 53 50 47 0 0
1147 T 726 1903 1259 0 0
1147 T 1261 309 716 0 0
1147 T 713 312 1216 0 0
1147 T 1218 1953 719 0 0
1147 T 1413 1960 284 0 0
1147 T 343 1962 470 0 0
1147 T 281 1914 1455 0 0
1147 T 471 1912 343 0 0
1147 T 1257 1598 1347 0 0
1147 T 1302 1599 1212 0 0
1147 T 130 126 122 0 0
1147 T 1018 2206 128 0 0
1147 T 2206 71 2251 0 0
1147 T 2253 1014 126 0 0
1147 T 206 2146 1972 0 0
1147 T 1974 2087 200 -1 0
1147 T 234 2089 2146 0 0
1147 T 750 826 756 0 0
1147 T 1881 919 748 0 0
1147 T 826 921 182 0 0
1147 T 753 826 743 0 0
1147 T 745 866 1927 0 0
1147 T 175 864 826 0 0
1147 T 414 2228 540 0 0
1147 T 2085 183 2228 0 0
1147 T 537 2182 407 0 0
1147 T 2182 183 2139 0 0
1147 T 1527 1709 261 0 0
1147 T 264 1655 1577 0 0
1147 T 917 1680 560 0 0
1147 T 1421 1612 915 0 0
1147 T 1680 1614 326 0 0
1147 T 557 1734 860 0 0
1147 T 862 1612 1463 0 0
1147 T 327 1614 1734 0 0
1147 T 218 2238 1887 0 0
1147 T 1269 509 216 0 0
1147 T 509 682 2238 0 0
1147 T 213 504 1224 0 0
1147 T 1937 2188 211 0 0
1147 T 2188 683 504 0 0
1147 T 742 508 2163 0 0
1147 T 1253 344 508 0 0
1147 T 2213 505 735 0 0
1147 T 505 344 1295 0 0
1147 T 482 2189 1468 0 0
1147 T 474 505 480 0 0
1147 T 477 508 467 0 0
1147 T 1426 2235 475 0 0
1147 T 230 1124 1447 0 0
1147 T 1497 1087 228 0 0
1147 T 1087 1079 1124 0 0
1147 T 225 1094 1543 0 0
1147 T 1406 1129 223 0 0
1147 T 1129 1086 1094 0 0
1147 T 2138 2273 97 0 0
1147 T 2273 2210 99 0 0
1147 T 97 2276 2080 0 0
1147 T 102 2256 2276 -1 0
1147 T 234 232 234 0 0
1147 T 799 801 799 0 0
1147 T 258 1244 360 0 0
1147 T 1633 1479 1244 0 0
1147 T 357 1290 251 0 0
1147 T 1290 1437 1628 0 0
1147 T 742 450 1535 0 0
1147 T 1537 440 2163 0 0
1147 T 510 442 450 0 0
1147 T 1490 451 735 0 0
1147 T 2213 445 1488 0 0
1147 T 451 443 503 0 0
1147 T 958 1101 948 0 0
1147 T 946 1095 952 0 0
1147 T 606 2079 1191 0 0
1147 T 1193 334 596 0 0
1147 T 593 335 1172 0 0
1147 T 1174 2137 599 0 0
1147 T 742 821 732 0 0
1147 T 734 1785 1535 0 0
1147 T 729 821 735 0 0
1147 T 1490 1847 727 0 0
1147 T 207 1975 1887 0 0
1147 T 2236 1977 201 0 0
1147 T 1937 1982 207 0 0
1147 T 204 1980 2190 0 0
1147 T 1913 1297 480 0 0
1147 T 477 1251 1959 0 0
1147 T 330 342 320 0 0
1147 T 322 2244 684 0 0
1147 T 1434 2246 342 0 0
1147 T 317 342 323 0 0
1147 T 681 2198 315 0 0
1147 T 342 2196 1476 0 0
1147 T 338 517 1207 0 0
1147 T 1209 22 1632 0 0
1147 T 1629 23 1188 0 0
1147 T 1190 520 331 0 0
1147 T 986 557 2055 0 0
1147 T 1697 1429 984 0 0
1147 T 981 1471 1644 0 0
1147 T 2113 560 979 0 0
1147 T 218 1119 1271 0 0
1147 T 1273 1135 1763 0 0
1147 T 1230 1118 211 0 0
1147 T 1829 1142 1228 0 0
1147 T 742 1901 1439 0 0
1147 T 1441 460 732 0 0
1147 T 729 465 1396 0 0
1147 T 1398 1947 735 0 0
1147 T 430 1598 1751 0 0
1147 T 1705 2192 428 0 0
1147 T 1753 10 1703 0 0
1147 T 2192 9 1598 0 0
1147 T 425 2242 1652 0 0
1147 T 1654 10 1815 0 0
1147 T 1817 1599 423 0 0
1147 T 1599 9 2242 0 0
1147 T 855 440 280 0 0
1147 T 285 445 914 0 0
1147 T 970 966 962 0 0
1147 T 960 1483 1531 0 0
1147 T 1533 277 968 0 0
1147 T 277 1485 966 1 0
1147 T 794 790 786 -1 0
1147 T 219 223 216 0 0
1147 T 218 449 1759 0 0
1147 T 1761 1549 221 0 0
1147 T 219 211 228 0 0
1147 T 1501 1825 221 0 0
1147 T 211 1823 454 0 0
1147 T 162 192 168 0 0
1147 T 1505 2231 160 0 0
1147 T 192 2233 761 0 0
1147 T 165 189 155 0 0
1147 T 157 2185 1551 0 0
1147 T 764 2183 189 0 0
1147 T 742 2225 616 0 0
1147 T 613 2175 735 0 0
1147 T 250 2048 2071 0 0
1147 T 240 244 248 0 0
1147 T 2073 2130 242 1 0
1147 T 244 2128 2048 0 0
1147 T 978 1052 984 0 0
1147 T 1052 288 1427 0 0
1147 T 981 1057 971 0 0
1147 T 1473 293 1057 0 0
1147 T 627 1648 748 0 0
1147 T 549 919 1648 0 0
1147 T 745 1701 627 0 0
1147 T 1701 866 552 0 0
1147 T 1269 441 1759 0 0
1147 T 1825 444 1224 0 0
1147 T 352 2124 2067 0 0
1147 T 1705 1101 432 0 0
1147 T 1101 2192 499 0 0
1147 T 433 1096 1652 0 0
1147 T 498 2242 1096 0 0
1147 T 531 535 528 0 0
1147 T 530 2182 1263 0 0
1147 T 1265 409 533 0 0
1147 T 533 412 1220 0 0
1147 T 525 542 531 0 0
1147 T 1222 2228 523 0 0
1147 T 575 339 1384 0 0
1147 T 1158 2245 577 0 0
1147 T 577 2195 1151 0 0
1147 T 1338 339 575 0 0
1147 T 147 995 895 0 0
1147 T 897 1078 1891 0 0
1147 T 842 1002 147 0 0
1147 T 1941 1078 840 0 0
1147 T 1285 1855 1064 0 0
1147 T 1080 1857 69 0 0
1147 T 1061 1793 1240 0 0
1147 T 68 1791 1085 0 0
1147 T 1030 385 2352 0 0
1147 T 2354 1806 128 0 0
1147 T 125 1868 2296 0 0
1147 T 2298 385 1023 0 0
1147 T 2354 2042 136 0 0
1147 T 2042 1806 140 0 0
1147 T 133 2043 2296 0 0
1147 T 140 1868 2043 0 0
1147 T 554 860 1751 0 0
1147 T 1596 862 1514 0 0
1147 T 1817 917 547 0 0
1147 T 1560 915 1601 0 0
1147 T 1533 332 2283 0 0
1147 T 2285 285 968 0 0
1147 T 965 280 2339 0 0
1147 T 2341 337 1484 0 0
1147 T 158 2315 1828 0 0
1147 T 1765 2374 160 0 0
1147 T 2374 2 2315 1 -1
1147 T 110 1866 1679 0 0
1147 T 1681 340 2388 0 0
1147 T 2390 2043 108 0 0
1147 T 2043 342 1866 0 0
1147 T 105 2042 2332 0 0
1147 T 1733 1800 103 0 0
1147 T 2334 340 1731 0 0
1147 T 1800 342 2042 0 0
1147 T 138 32 2299 0 0
1147 T 2301 515 672 0 0
1147 T 669 522 2355 0 0
1147 T 2357 29 131 0 0
1147 T 71 73 71 -1 0
1147 T 2278 181 2140 0 0
1147 T 2181 188 2276 0 0
1147 T 2273 193 2227 0 0
1147 T 2086 176 2271 0 0
1147 T 1611 2332 320 0 0
1147 T 317 2390 1611 0 0
1147 T 606 2171 1351 0 0
1147 T 1353 537 609 0 0
1147 T 609 540 1304 0 0
1147 T 1306 2221 599 0 0
1147 T 162 568 1271 0 0
1147 T 1990 1722 160 0 0
1147 T 1273 880 1988 0 0
1147 T 1722 882 568 0 0
1147 T 156 1227 564 0 0
1147 T 566 936 1667 0 0
1147 T 1669 1986 158 0 0
1147 T 1986 938 1227 0 0
1147 T 226 238 228 0 0
1147 T 634 1110 1747 -1 0
1147 T 1701 2103 632 0 0
1147 T 1749 104 1699 0 0
1147 T 2103 106 1110 0 0
1147 T 632 1812 1114 -1 0
1147 T 1112 108 2162 0 0
1147 T 2160 1649 634 0 0
1147 T 1649 110 1812 0 0
1147 T 2057 864 756 0 0
1147 T 753 921 2111 0 0
1147 T 575 1863 935 0 0
1147 T 937 2046 1384 0 0
1147 T 882 1801 575 0 0
1147 T 1338 2039 880 0 0
1147 T 206 481 895 0 0
1147 T 897 1329 1972 0 0
1147 T 1973 1375 840 1 0
1147 T 842 476 199 0 0
1147 T 782 2336 284 0 0
1147 T 2336 174 1962 0 0
1147 T 281 2394 775 0 0
1147 T 1912 171 2394 0 0
1147 T 1441 414 2287 0 0
1147 T 2289 404 732 0 0
1147 T 404 412 462 0 0
1147 T 729 401 2343 0 0
1147 T 2345 407 1396 0 0
1147 T 463 409 401 0 0
1147 T 607 531 2287 0 0
1147 T 2345 531 607 0 0
1147 T 1186 1206 2019 -1 0
1147 T 1353 2011 1259 0 0
1147 T 1218 2018 1304 0 0
1147 T 1285 2023 1331 0 0
1147 T 50 2025 1857 0 0
1147 T 1381 2030 1240 0 0
1147 T 1791 2028 50 0 0
1147 T 897 1467 1980 0 0
1147 T 1977 1425 840 0 0
1147 T 2004 1235 1279 0 0
1147 T 626 2161 748 0 0
1147 T 745 2103 619 0 0
1147 T 362 2009 2067 0 0
1147 T 352 356 360 0 0
1147 T 356 2124 2009 0 0
1147 T 2134 1059 895 0 0
1147 T 842 1066 2076 0 0
1147 T 757 90 1876 0 0
1147 T 1925 92 751 0 0
1147 T 1878 656 1923 0 0
1147 T 1104 1108 1112 0 0
1147 T 1142 1161 1132 0 0
1147 T 1917 1392 1140 0 0
1147 T 1392 393 1161 0 0
1147 T 1137 1346 1963 0 0
1147 T 1133 1164 1135 1 0
1147 T 1164 393 1346 0 0
1147 T 2162 1522 817 0 0
1147 T 812 1568 2104 0 0
1147 T 2226 5 2303 0 0
1147 T 2305 1964 100 0 0
1147 T 1964 3 2037 0 0
1147 T 101 1918 2359 0 0
1147 T 2361 5 2176 0 0
1147 T 2032 3 1918 0 0
1147 T 570 1135 2372 0 0
1147 T 2318 1142 563 0 0
1147 T 1353 530 2287 0 0
1147 T 2345 523 1304 0 0
1147 T 286 873 772 0 0
1147 T 2256 806 873 0 0
1147 T 769 928 279 0 0
1147 T 928 807 2210 0 0
1147 T 1246 2009 1465 0 0
1147 T 1419 2008 1288 0 0
1147 T 654 2197 903 0 0
1147 T 905 318 644 0 0
1147 T 641 319 848 0 0
1147 T 850 2243 647 0 0
1147 T 1184 530 406 0 0
1147 T 399 523 1205 0 0
1147 T 1705 1103 1651 0 0
1147 T 1097 1105 1099 0 0
1147 T 2285 445 1691 0 0
1147 T 1642 440 2339 0 0
1147 T 182 2280 1911 0 0
1147 T 198 2391 2280 0 0
1147 T 1961 2280 175 0 0
1147 T 2280 2337 198 0 0
1147 T 110 1438 1620 0 0
1147 T 1623 1287 108 0 0
1147 T 1622 1629 1625 0 0
1147 T 105 1245 1623 0 0
1147 T 1625 1632 1615 0 0
1147 T 1617 1480 103 0 0
1147 T 1586 1189 1531 0 0
1147 T 1485 1207 1580 0 0
1147 T 742 1519 624 0 0
1147 T 1519 2225 673 0 0
1147 T 621 1569 735 0 0
1147 T 668 2175 1569 0 0
1147 T 1030 2321 160 0 0
1147 T 2321 57 2233 0 0
1147 T 157 2375 1023 0 0
1147 T 2183 60 2375 0 0
1147 T 80 76 77 0 0
1147 T 75 2308 1848 0 0
1147 T 1785 2365 76 0 0
1147 T 2365 8 2308 0 0
1147 T 62 1635 1560 0 0
1147 T 917 1607 60 0 0
1147 T 1607 1599 1635 0 0
1147 T 57 1606 860 0 0
1147 T 1514 1635 55 0 0
1147 T 1635 1598 1606 0 0
1147 T 1369 1739 1044 0 0
1147 T 1739 5 1154 0 0
1147 T 1041 1689 1320 0 0
1147 T 1155 5 1689 0 0
1147 T 674 1138 2303 0 0
1147 T 2361 1139 667 0 0
1147 T 1586 519 2283 0 0
1147 T 2341 518 1579 0 0
1147 T 1409 2005 1451 0 0
1147 T 654 1153 1659 0 0
1147 T 1661 575 903 0 0
1147 T 850 575 1711 0 0
1147 T 1713 1156 647 0 0
1147 T 139 511 939 0 0
1147 T 941 1435 2044 0 0
1147 T 2041 1481 884 0 0
1147 T 886 511 139 0 0
1147 T 1562 941 2016 0 0
1147 T 2013 884 1512 0 0
1147 T 990 653 1924 0 0
1147 T 1877 647 988 0 0
1147 T 1586 437 1691 0 0
1147 T 521 445 437 0 0
1147 T 1642 436 1579 0 0
1147 T 436 440 516 0 0
1147 T 1421 1616 60 0 0
1147 T 1616 1612 1609 0 0
1147 T 57 1621 1463 0 0
1147 T 1604 1612 1621 0 0
1147 T 2301 143 2356 0 0
1147 T 909 1670 1836 0 0
1147 T 905 935 907 0 0
1147 T 1838 563 903 0 0
1147 T 1661 1863 907 0 0
1147 T 921 1861 560 0 0
1147 T 917 924 919 0 0
1147 T 1861 926 1682 0 0
1147 T 1817 924 1648 0 0
1147 T 850 880 852 0 0
1147 T 854 1801 1711 0 0
1147 T 850 570 1772 0 0
1147 T 1774 1720 852 0 0
1147 T 862 867 864 0 0
1147 T 1701 869 1751 0 0
1147 T 557 1795 864 0 0
1147 T 1732 867 1795 0 0
1147 T 986 1795 756 0 0
1147 T 753 1861 979 0 0
1147 T 2218 2169 242 -1 0
1147 T 1701 1737 1703 0 0
1147 T 1749 15 1703 0 0
1147 T 1718 1731 1712 0 0
1147 T 90 1798 1712 0 0
1147 T 1650 1685 1652 0 0
1147 T 1654 17 1811 0 0
1147 T 1662 1681 1664 0 0
1147 T 1662 1860 91 0 0
1147 T 986 1713 1875 0 0
1147 T 1925 1659 979 0 0
1147 T 1333 2383 312 0 0
1147 T 2383 678 318 0 0
1147 T 309 2329 1379 0 0
1147 T 319 678 2329 0 0
1147 T 1257 2194 956 0 0
1147 T 953 2240 1212 0 0
1147 T 62 1082 2091 0 0
1147 T 2093 1857 65 0 0
1147 T 65 1791 2147 0 0
1147 T 2149 1083 55 0 0
1147 T 530 1846 891 0 0
1147 T 893 2268 1191 0 0
1147 T 1193 189 528 0 0
1147 T 189 2270 1846 0 0
1147 T 525 192 1172 0 0
1147 T 838 1780 523 0 0
1147 T 1174 2265 836 0 0
1147 T 1780 2263 192 0 0
1147 T 230 2428 1655 0 0
1147 T 1126 384 2428 0 0
1147 T 1709 2410 223 0 0
1147 T 2410 384 1127 0 0
1147 T 2157 1290 1618 0 0
1147 T 1619 1244 2099 0 0
1147 T 246 1198 208 0 0
1147 T 1198 1677 1979 0 0
1147 T 1978 1727 1175 0 0
1147 T 1177 249 208 0 0
1147 T 1515 46 1566 1 0
1147 T 2185 491 2232 0 0
1147 T 219 1983 1655 0 0
1147 T 2430 1985 213 0 0
1147 T 1709 1990 219 0 0
1147 T 216 1988 2408 0 0
1147 T 2278 873 1323 0 0
1147 T 179 479 873 0 0
1147 T 1373 928 2271 0 0
1147 T 928 478 178 0 0
1147 T 1257 501 948 0 0
1147 T 945 496 1212 0 0
1147 T 2282 1297 874 0 0
1147 T 927 1251 2282 0 0
1147 T 58 2253 2396 0 0
1147 T 2398 2204 60 0 0
1147 T 734 2365 968 0 0
1147 T 965 2307 727 0 0
1147 T 1766 2050 1196 0 0
1147 T 1177 2047 1828 0 0
1147 T 94 2431 2268 0 0
1147 T 1846 1668 92 0 0
1147 T 1668 187 2431 0 0
1147 T 89 1722 1780 0 0
1147 T 2265 2413 87 0 0
1147 T 2413 194 1722 0 0
1147 T 871 812 2338 0 0
1147 T 2392 817 930 0 0
1147 T 1990 2411 168 0 0
1147 T 165 2433 1983 0 0
1147 T 1277 2252 1028 0 0
1147 T 1025 2206 1232 0 0
1147 T 1813 1105 1748 0 0
1147 T 258 2425 1759 0 0
1147 T 697 441 2425 0 0
1147 T 1825 2403 251 0 0
1147 T 2403 444 692 0 0
1147 T 138 144 132 0 0
1147 T 986 1156 988 0 0
1147 T 989 1153 979 0 0
1147 T 563 2023 2385 0 0
1147 T 2327 2030 570 0 0
1147 T 1038 879 2352 0 0
1147 T 1146 385 879 0 0
1147 T 2298 938 1031 0 0
1147 T 938 385 1147 0 0
1147 T 1693 1641 1590 0 0
1147 T 1637 941 2201 0 0
1147 T 2247 884 1637 0 0
1147 T 905 2385 636 0 0
1147 T 637 2327 848 0 0
1147 T 502 2252 2319 0 0
1147 T 2377 2206 495 0 0
1147 T 138 1677 2420 0 0
1147 T 2422 54 2399 0 0
1147 T 2401 1728 132 0 0
1147 T 1586 1582 1590 1 0
1147 T 266 2265 1759 0 0
1147 T 335 2425 2265 0 0
1147 T 1825 2268 259 0 0
1147 T 2268 2403 334 0 0
1147 T 1842 1844 1836 0 0
1147 T 1774 1782 1776 0 0
1147 T 322 883 1608 0 0
1147 T 1605 942 315 0 0
1147 T 598 2405 891 0 0
1147 T 590 694 596 0 0
1147 T 893 444 588 0 0
1147 T 593 695 583 0 0
1147 T 585 441 836 0 0
1147 T 838 2423 591 0 0
1147 T 1046 698 2420 0 0
1147 T 2402 691 1039 0 0
1147 T 219 1316 264 0 0
1147 T 1985 1575 1316 0 0
1147 T 261 1365 219 0 0
1147 T 1365 1529 1988 0 0
1147 T 242 240 242 0 0
1147 T 455 1180 92 0 0
1147 T 1180 1784 2034 0 0
1147 T 89 1201 455 0 0
1147 T 2035 1850 1201 0 0
1147 T 1838 2023 636 0 0
1147 T 637 2030 1772 0 0
1147 T 406 402 398 -1 0
1147 T 2390 940 1620 0 0
1147 T 1617 885 2332 0 0
1147 T 2409 881 1120 0 0
1147 T 937 2430 1118 0 0
1147 T 2398 497 2183 0 0
1147 T 2233 500 2395 0 0
1147 T 1921 1742 1968 0 0
1147 T 2053 1151 1919 0 0
1147 T 1969 1688 1872 0 0
1147 T 1874 1158 2107 0 0
1147 T 598 2453 716 0 0
1147 T 1517 309 2453 0 0
1147 T 713 2443 591 0 0
1147 T 2443 312 1563 0 0
1147 T 2002 94 1499 0 0
1147 T 1453 1180 2000 0 0
1147 T 1997 1201 1408 0 0
1147 T 1549 87 1995 0 0
1147 T 2093 48 2368 0 0
1147 T 2370 2025 65 0 0
1147 T 65 2028 2312 0 0
1147 T 2314 48 2147 0 0
1147 T 2454 51 2443 0 0
1147 T 350 347 352 0 0
1147 T 402 2294 348 0 0
1147 T 2294 237 2347 0 0
1147 T 2349 406 347 0 0
1147 T 170 166 38 1 0
1147 T 1046 2418 168 0 0
1147 T 166 2435 1040 0 0
1147 T 2418 2 2435 1 -1
1147 T 2349 2294 239 -1 0
1147 T 495 491 501 0 0
1147 T 1318 2265 1547 0 0
1147 T 1501 2268 1363 0 0
1147 T 52 2380 2323 0 0
1147 T 2325 109 1092 0 0
1147 T 1090 103 2380 0 0
1147 T 1417 1090 2091 0 0
1147 T 2149 1091 1459 0 0
1147 T 1991 1995 1988 0 0
1147 T 1365 165 1993 0 0
1147 T 165 1529 1995 0 0
1147 T 1993 168 1316 0 0
1147 T 1985 2002 1991 0 0
1147 T 2002 1575 168 0 0
1147 T 807 1739 2416 0 0
1147 T 2438 1689 806 0 0
1147 T 1591 987 1919 -1 0
1147 T 2053 981 1593 0 0
1147 T 1593 984 2107 0 0
1147 T 1874 990 1591 0 0
1147 T 586 701 588 0 0
1147 T 893 2262 835 0 0
1147 T 784 2311 2368 0 0
1147 T 1591 1594 1590 -1 0
1147 T 1588 1871 1919 0 0
1147 T 2021 2027 2023 0 0
1147 T 782 2382 2091 0 0
1147 T 2149 2324 775 0 0
1147 T 2002 2431 1363 0 0
1147 T 1318 2413 1995 0 0
1147 T 703 707 704 0 0
1147 T 706 587 831 0 0
1147 T 889 585 705 0 0
1147 T 1838 2019 1771 0 0
1147 T 1842 893 2462 0 0
1147 T 2460 528 1836 0 0
1147 T 1774 525 2458 0 0
1147 T 2456 836 1776 0 0
1147 T 580 582 580 1 0
1147 T 2262 2260 2262 0 0
1147 T 398 396 398 0 0
1147 T 2441 26 891 0 0
1147 T 2462 14 2439 0 0
1147 T 838 27 2447 0 0
1147 T 2449 14 2456 0 0
1147 T 2455 396 2462 0 0
1147 T 2439 398 2450 0 0
1147 T 2470 233 2463 0 0
1147 T 2441 2261 2448 0 0
1147 U 1716 1 4 0 0
1147 U 853 6 1 0 0
1147 U 103 4 6 0 0
1147 U 1777 1 1 0 0
1147 U 90 6 1 0 0
1147 U 13 2 1 0 0
1147 U 28 1 2 0 0
1147 U 870 6 4 0 0
1147 U 9 4 3 0 0
1147 U 1737 5 4 0 0
1147 U 16 4 3 0 0
1147 U 92 7 12 0 0
1147 U 1840 7 7 0 0
1147 U 909 12 7 0 0
1147 U 26 8 7 0 0
1147 U 14 7 8 0 0
1147 U 1665 10 7 0 0
1147 U 109 12 10 0 0
1147 U 924 10 12 0 0
1147 U 18 10 9 0 0
1147 U 1686 11 10 0 0
1147 U 9 10 9 0 0
1147 U 1307 13 18 0 0
1147 U 410 15 13 0 0
1147 U 2142 18 15 0 0
1147 U 2122 18 13 0 0
1147 U 1327 15 18 0 0
1147 U 1313 23 13 0 0
1147 U 487 18 23 0 0
1147 U 418 21 13 0 0
1147 U 2154 23 21 0 0
1147 U 2118 23 13 0 0
1147 U 1339 21 23 0 0
1147 U 1323 15 19 0 0
1147 U 2465 20 15 0 0
1147 U 12 19 20 0 0
1147 U 33 16 15 0 0
1147 U 2145 20 16 0 0
1147 U 481 19 18 0 0
1147 U 22 22 21 0 0
1147 U 517 23 22 0 0
1147 U 31 22 21 0 0
1147 U 1359 25 35 0 0
1147 U 2065 30 25 0 0
1147 U 485 35 30 0 0
1147 U 414 27 25 0 0
1147 U 1378 30 27 0 0
1147 U 1357 30 25 0 0
1147 U 2083 27 30 0 0
1147 U 2061 35 25 0 0
1147 U 422 33 25 0 0
1147 U 1390 35 33 0 0
1147 U 2095 33 35 0 0
1147 U 2089 31 27 0 0
1147 U 475 30 31 0 0
1147 U 33 28 27 1 0
1147 U 2469 31 28 0 0
1147 U 1374 31 27 0 0
1147 U 11 32 31 0 0
1147 U 520 33 36 0 0
1147 U 23 34 33 0 0
1147 U 30 34 33 0 0
1147 U 0 37 54 0 0
1147 U 833 68 37 0 0
1147 U 887 54 51 0 0
1147 U 2 51 68 0 0
1147 U 710 54 37 0 0
1147 U 700 68 51 0 0
1147 U 946 44 37 0 0
1147 U 948 54 59 0 0
1147 U 493 59 44 0 0
1147 U 51 44 59 0 0
1147 U 1004 39 41 0 0
1147 U 122 56 39 0 0
1147 U 1010 58 56 0 0
1147 U 296 41 58 0 0
1147 U 1014 50 39 0 0
1147 U 1016 56 65 0 0
1147 U 71 65 50 0 0
1147 U 154 56 39 0 0
1147 U 389 50 65 0 0
1147 U 82 58 41 0 0
1147 U 1054 47 41 0 0
1147 U 1056 58 64 0 0
1147 U 7 64 47 0 0
1147 U 582 47 64 0 0
1147 U 1088 43 46 0 0
1147 U 1094 61 60 0 0
1147 U 111 46 61 0 0
1147 U 237 61 46 0 0
1147 U 19 46 45 1 0
1147 U 20 62 61 0 0
1147 U 36 63 47 0 0
1147 U 1166 52 49 0 0
1147 U 1160 66 67 0 0
1147 Q 54 46 54 46 -1 0 1 0 0 0
1147 Q 40 572 40 572 0 0 0 0 0 0
1147 Q 1170 1 1170 1 0 0 0 0 0 0
1147 Q 296 786 296 786 0 0 0 0 0 0
1147 Q 144 2050 1 2048 0 0 0 0 1 0
1147 Q 120 658 120 658 0 0 0 0 0 0
1147 Q 80 2006 80 2006 0 0 0 0 0 0
1147 Q 0 954 231 956 0 0 0 0 0 0
1147 Q 296 790 8 792 1 0 0 0 0 0
1147 Q 574 1134 73 1132 0 0 0 0 0 0
1147 Q 0 1582 73 1584 0 0 0 0 0 0
1147 Q 1533 114 1483 0 0 0 0 0 0 0
1147 Q 71 1207 112 1189 0 0 0 0 0 0
1147 Q 71 21 74 23 0 0 0 0 0 0
1147 Q 152 1177 143 1195 0 0 0 0 0 0
1147 Q 0 1970 800 1968 0 0 1 0 0 0
1147 Q 38 1409 79 1451 0 0 0 0 -1 0
1147 Q 438 144 436 2262 1 0 0 0 0 0
1147 Q 1201 390 1179 82 0 0 0 0 0 0
1147 Q 1921 1 1871 0 0 0 0 0 0 0
