0
0 d=237
0
237 A 7 0 0 1 0 -1
237 A 11 0 0 3 0 -3
237 A 13 0 0 2 0 -2
237 A 14 0 0 1 0 -1
237 A 14 0 7 6 -7 -6
237 A 0 1 80 0 -80 0
237 A -1 1 69 0 -69 0
237 A 1 1 69 0 -69 0
237 A -4 1 41 1 -41 -1
237 A 4 1 -41 1 41 -1
237 A -6 1 100 3 -100 -3
237 A -6 1 58 1 -58 -1
237 A 6 1 -58 1 58 -1
237 A 6 1 -100 3 100 -3
237 A -7 1 110 3 -110 -3
237 A 7 1 -110 3 110 -3
237 A 22 0 11 8 -11 -8
237 A -16 1 38 3 -38 -3
237 A 16 1 -38 3 38 -3
237 A 26 0 13 2 -13 -2
237 A 28 0 7 6 -7 -6
237 A 28 0 -7 6 7 -6
237 A 0 2 -236 1 236 -1
237 A 0 2 157 0 -157 0
237 A 0 2 -80 1 80 -1
237 A -2 2 169 0 -169 0
237 A 2 2 169 0 -169 0
237 A -12 2 100 3 -100 -3
237 A 12 2 -100 3 100 -3
237 A 0 4 -157 2 157 -2
237 A 4 0 0 1 0 1
237 A 4 0 2 1 2 1
237 A 13 0 0 3 0 3
237 A 19 0 0 6 0 6
237 A 26 0 0 3 0 3
237 A 31 0 0 13 0 13
237 A 38 0 0 13 0 13
237 A 52 0 0 23 0 23
237 A 67 0 0 11 0 11
237 A 76 0 0 25 0 25
237 A 5 0 2 2 -1 1
237 A 5 0 2 1 -2 1
237 A 5 0 -2 2 1 1
237 A 5 0 1 2 1 -2
237 A 5 0 0 2 0 -1
237 A 6 0 2 1 -2 1
237 A 7 0 3 2 -2 -1
237 A 7 0 3 1 -3 1
237 A 7 0 -3 2 2 -1
237 A 7 0 2 3 -1 -2
237 A 7 0 -2 3 1 -2
237 A 7 0 1 3 1 -3
237 A 7 0 0 3 0 2
237 A 8 0 2 3 -2 3
237 A 8 0 2 1 -2 1
237 A 8 0 0 3 0 -1
237 A 8 0 4 3 -4 -1
237 A 9 0 4 4 -4 4
237 A 9 0 4 2 -4 2
237 A 9 0 4 1 -4 1
237 A 9 0 2 4 1 -2
237 A 9 0 2 2 1 -1
237 A 9 0 2 1 1 4
237 A 9 0 -2 1 -1 4
237 A 9 0 -2 2 -1 -1
237 A 9 0 -2 4 -1 -2
237 A 10 0 4 3 4 -3
237 A 10 0 4 1 2 -3
237 A 10 0 -4 1 -2 -3
237 A 10 0 2 1 -2 1
237 A 10 0 0 3 0 1
237 A 11 0 5 5 5 -5
237 A 11 0 5 3 3 -4
237 A 11 0 5 2 -1 -4
237 A 11 0 5 1 -3 5
237 A 11 0 -5 1 3 5
237 A 11 0 -5 2 1 -4
237 A 11 0 -5 3 -3 -4
237 A 11 0 4 5 -4 5
237 A 11 0 4 4 -2 2
237 A 11 0 4 3 -1 -2
237 A 11 0 4 2 1 5
237 A 11 0 -4 2 -1 5
237 A 11 0 -4 3 1 -2
237 A 11 0 -4 4 2 2
237 A 11 0 3 3 1 -1
237 A 11 0 3 1 2 3
237 A 11 0 -3 1 -2 3
237 A 11 0 -3 3 -1 -1
237 A 11 0 2 4 -2 4
237 A 11 0 2 1 2 -1
237 A 11 0 0 5 0 -4
237 A 11 0 0 2 0 1
237 A 12 0 4 5 -4 5
237 A 12 0 4 1 -4 1
237 A 12 0 2 5 -2 5
237 A 12 0 2 1 -2 1
237 A 12 0 1 2 -1 2
237 A 13 0 6 6 -6 6
237 A 13 0 6 5 1 -3
237 A 13 0 6 4 -1 5
237 A 13 0 6 3 3 5
237 A 13 0 6 2 -5 6
237 A 13 0 -6 2 5 6
237 A 13 0 -6 3 -3 5
237 A 13 0 -6 4 1 5
237 A 13 0 -6 5 -1 -3
237 A 13 0 5 5 -2 2
237 A 13 0 5 4 1 -6
237 A 13 0 5 2 -4 -1
237 A 13 0 5 1 4 -6
237 A 13 0 -5 1 -4 -6
237 A 13 0 -5 2 4 -1
237 A 13 0 -5 4 -1 -6
237 A 13 0 -5 5 2 2
237 A 13 0 4 4 4 -4
237 A 13 0 4 3 -1 4
237 A 13 0 4 2 -2 1
237 A 13 0 -4 2 2 1
237 A 13 0 -4 3 1 4
237 A 13 0 3 4 2 6
237 A 13 0 3 3 1 -1
237 A 13 0 3 2 -2 -3
237 A 13 0 3 1 3 -1
237 A 13 0 -3 2 2 -3
237 A 13 0 -3 3 -1 -1
237 A 13 0 -3 4 -2 6
237 A 13 0 2 5 -2 5
237 A 13 0 0 6 0 -5
237 A 13 0 0 4 0 -1
237 A 14 0 6 5 2 3
237 A 14 0 6 3 6 -3
237 A 14 0 -6 5 -2 3
237 A 14 0 4 5 2 1
237 A 14 0 4 1 -4 1
237 A 14 0 -4 5 -2 1
237 A 14 0 0 5 0 -3
237 A 15 0 7 7 -1 1
237 A 15 0 7 4 -7 4
237 A 15 0 7 2 -1 -4
237 A 15 0 7 1 -7 1
237 A 15 0 -7 2 1 -4
237 A 15 0 -7 7 1 1
237 A 15 0 5 7 -5 4
237 A 15 0 5 4 -5 7
237 A 15 0 5 2 -5 -1
237 A 15 0 -5 1 5 -2
237 A 15 0 4 7 -1 -2
237 A 15 0 4 4 2 -2
237 A 15 0 4 2 -1 -7
237 A 15 0 4 1 2 7
237 A 15 0 -4 1 -2 7
237 A 15 0 -4 2 1 -7
237 A 15 0 -4 4 -2 -2
237 A 15 0 -4 7 1 -2
237 A 15 0 2 4 -2 4
237 A 15 0 2 1 -2 1
237 A 0 1 110 0 28 0
237 A 0 1 107 0 31 0
237 A 0 1 106 0 38 0
237 A 0 1 104 0 -98 0
237 A 0 1 100 0 -64 0
237 A 0 1 92 0 85 0
237 A 0 1 83 0 -20 0
237 A 0 1 82 0 26 0
237 A 0 1 77 0 40 0
237 A 0 1 76 0 53 0
237 A 0 1 74 0 16 0
237 A 0 1 70 0 44 0
237 A 0 1 52 0 41 0
237 A 0 1 37 0 32 0
237 A 0 1 25 0 -19 0
237 A -1 1 117 0 -59 0
237 A -1 1 115 0 -89 0
237 A -1 1 113 0 -99 0
237 A -1 1 103 0 67 0
237 A -1 1 101 0 -33 0
237 A -1 1 71 0 -57 0
237 A -1 1 61 0 39 0
237 A -1 1 45 0 37 0
237 A -1 1 41 0 29 0
237 A -1 1 31 0 23 0
237 A -1 1 25 0 19 0
237 A 1 1 117 0 -59 0
237 A 1 1 115 0 -89 0
237 A 1 1 113 0 -99 0
237 A 1 1 103 0 67 0
237 A 1 1 101 0 -33 0
237 A 1 1 71 0 -57 0
237 A 1 1 61 0 39 0
237 A 1 1 45 0 37 0
237 A 1 1 41 0 29 0
237 A 1 1 31 0 23 0
237 A 1 1 25 0 19 0
237 A -2 1 65 1 -18 0
237 A -2 1 69 1 110 1
237 A -2 1 73 1 -45 0
237 A -2 1 97 1 -56 0
237 A -2 1 28 0 43 0
237 A 2 1 43 0 28 0
237 A 2 1 45 0 -73 1
237 A 2 1 -65 1 18 0
237 A 2 1 -69 1 -110 1
237 A 2 1 -97 1 56 0
237 A -3 1 112 1 74 1
237 A -3 1 106 1 -76 -1
237 A -3 1 100 1 -40 -1
237 A -3 1 88 1 -70 -1
237 A -3 1 82 1 -52 -1
237 A -3 1 31 0 116 1
237 A -3 1 25 0 56 1
237 A -3 1 50 1 -62 -1
237 A -3 1 104 1 -23 0
237 A -3 1 29 0 -17 0
237 A 3 1 -116 1 -31 0
237 A 3 1 -104 1 23 0
237 A 3 1 29 0 -17 0
237 A 3 1 25 0 56 -1
237 A 3 1 -40 1 100 -1
237 A 3 1 -52 1 82 -1
237 A 3 1 -70 1 88 -1
237 A 3 1 -76 1 106 -1
237 A 3 1 -112 1 -74 1
237 A 3 1 -50 1 62 -1
237 A -4 1 90 2 103 2
237 A -4 1 106 2 -87 -1
237 A -4 1 75 1 16 0
237 A -4 1 55 1 30 0
237 A -4 1 43 1 -66 -1
237 A -4 1 108 2 -24 0
237 A -4 1 96 2 86 1
237 A -4 1 64 1 89 1
237 A 4 1 30 0 55 -1
237 A 4 1 -66 1 43 -1
237 A 4 1 -86 1 -96 2
237 A 4 1 -90 2 -103 2
237 A 4 1 -106 2 87 -1
237 A 4 1 -75 1 -16 0
237 A 4 1 -89 1 -64 1
237 A 4 1 24 0 -108 2
237 A 16 0 6 7 -6 7
237 A 16 0 6 1 -6 1
237 A 16 0 4 7 -4 3
237 A 16 0 4 3 -4 7
237 A 16 0 2 7 -2 7
237 A 16 0 2 5 -2 -3
237 A 16 0 -2 3 2 -5
237 A 16 0 0 7 0 3
237 A 16 0 8 7 8 3
237 A 16 0 8 5 8 1
237 A -5 1 71 2 -50 -1
237 A -5 1 56 1 68 1
237 A -5 1 36 1 105 2
237 A -5 1 26 1 -83 -2
237 A -5 1 21 0 -25 0
237 A -5 1 44 1 -113 -2
237 A -5 1 69 2 58 1
237 A -5 1 89 2 -40 -1
237 A -5 1 23 0 -52 -1
237 A -5 1 22 1 87 2
237 A -5 1 115 2 -99 -2
237 A -5 1 72 1 17 0
237 A -5 1 64 1 -19 0
237 A 5 1 -56 1 -68 1
237 A 5 1 21 0 -25 0
237 A 5 1 19 0 -64 1
237 A 5 1 -44 1 113 -2
237 A 5 1 -69 2 -58 1
237 A 5 1 -89 2 40 -1
237 A 5 1 -99 2 115 -2
237 A 5 1 23 0 -52 1
237 A 5 1 17 0 72 -1
237 A 5 1 -22 1 -87 2
237 A 5 1 -105 2 -36 1
237 A 5 1 -50 1 71 -2
237 A 5 1 -83 2 26 -1
237 A -6 1 26 1 -110 -3
237 A -6 1 32 1 67 2
237 A -6 1 38 1 25 1
237 A -6 1 68 2 52 1
237 A -6 1 74 2 61 2
237 A -6 1 98 3 34 1
237 A -6 1 104 3 -41 -1
237 A -6 1 109 3 -37 -1
237 A -6 1 97 3 -19 0
237 A -6 1 85 2 -64 -2
237 A -6 1 73 2 -94 -2
237 A -6 1 31 1 53 1
237 A -6 1 17 1 -83 -2
237 A -6 1 23 1 -101 -2
237 A -6 1 35 1 -20 0
237 A -6 1 71 2 -107 -3
237 A -6 1 22 0 56 1
237 A 6 1 22 0 56 -1
237 A 6 1 -34 1 -98 3
237 A 6 1 -52 1 -68 2
237 A 6 1 -64 2 85 -2
237 A 6 1 -94 2 73 -2
237 A 6 1 -101 2 23 -1
237 A 6 1 -83 2 17 -1
237 A 6 1 -53 1 -31 1
237 A 6 1 -41 1 104 -3
237 A 6 1 19 0 -97 3
237 A 6 1 -25 1 -38 1
237 A 6 1 -37 1 109 -3
237 A 6 1 -61 2 -74 2
237 A 6 1 -67 2 -32 1
237 A 6 1 20 0 -35 1
237 A 6 1 -26 1 110 -3
237 A 6 1 -71 2 107 -3
237 A -7 1 108 3 -44 -1
237 A -7 1 87 2 -17 0
237 A -7 1 73 2 16 1
237 A -7 1 38 1 -75 -2
237 A -7 1 18 1 -82 -3
237 A -7 1 53 2 -90 -3
237 A -7 1 88 3 -14 -1
237 A -7 1 114 3 -104 -3
237 A -7 1 65 2 -84 -3
237 A -7 1 30 1 71 2
237 A -7 1 61 2 54 1
237 A -7 1 36 1 112 3
237 A -7 1 20 1 -46 -1
237 A 7 1 -108 3 44 -1
237 A 7 1 -87 2 17 0
237 A 7 1 -73 2 -16 1
237 A 7 1 -38 1 75 -2
237 A 7 1 -18 1 82 -3
237 A 7 1 -46 1 20 -1
237 A 7 1 -53 2 90 -3
237 A 7 1 -88 3 14 -1
237 A 7 1 -114 3 104 -3
237 A 7 1 -54 1 -61 2
237 A 7 1 -71 2 -30 1
237 A 7 1 -36 1 -112 3
237 A 7 1 -84 3 65 -2
237 A 17 0 -8 1 -5 -7
237 A 17 0 -8 3 2 5
237 A 17 0 -8 7 -4 5
237 A 17 0 -7 3 4 -8
237 A 17 0 -7 8 -5 4
237 A 17 0 -6 4 2 7
237 A 17 0 -6 5 -1 2
237 A 17 0 -6 8 1 7
237 A 17 0 -5 7 -8 -1
237 A 17 0 -5 8 -1 -5
237 A 17 0 -4 3 3 -2
237 A 17 0 -4 7 4 7
237 A 17 0 -3 4 2 -3
237 A 17 0 -3 5 3 5
237 A 17 0 -3 6 -2 -4
237 A 17 0 -2 4 -3 -6
237 A 17 0 -2 5 8 3
237 A 17 0 -2 6 1 3
237 A 17 0 -2 7 6 4
237 A 17 0 -1 3 2 6
237 A 17 0 -1 5 -5 -8
237 A 17 0 -1 6 -1 -6
237 A 17 0 -1 7 6 8
237 A 17 0 0 3 0 -6
237 A 17 0 1 2 6 5
237 A 17 0 2 3 -3 -4
237 A 17 0 3 2 -4 -3
237 A 17 0 4 5 8 7
237 A 17 0 4 8 -7 -3
237 A 17 0 5 4 7 8
237 A -8 1 84 3 -107 -3
237 A -8 1 73 2 -91 -3
237 A -8 1 49 2 -72 -2
237 A -8 1 33 1 14 1
237 A -8 1 87 3 109 4
237 A -8 1 83 3 37 1
237 A -8 1 48 2 -103 -3
237 A -8 1 24 1 39 1
237 A -8 1 93 3 18 0
237 A -8 1 106 3 -36 -1
237 A 8 1 -36 1 106 -3
237 A 8 1 -84 3 107 -3
237 A 8 1 -73 2 91 -3
237 A 8 1 -33 1 -14 1
237 A 8 1 -39 1 -24 1
237 A 8 1 -87 3 -109 4
237 A 8 1 -103 3 48 -2
237 A 8 1 18 0 93 -3
237 A 8 1 -37 1 -83 3
237 A 8 1 -72 2 49 -2
237 A -9 1 70 3 41 2
237 A -9 1 34 1 -28 -1
237 A -9 1 16 1 62 3
237 A -9 1 10 1 -49 -2
237 A -9 1 94 3 86 3
237 A -9 1 113 4 -107 -4
237 A 9 1 -113 4 107 -4
237 A 9 1 -86 3 -94 3
237 A 9 1 -49 2 10 -1
237 A 9 1 -28 1 34 -1
237 A 9 1 -16 1 -62 3
237 A 9 1 -70 3 -41 2
237 A 18 0 4 5 -4 5
237 A -10 1 102 5 -31 -2
237 A -10 1 102 4 109 5
237 A -10 1 22 1 -108 -5
237 A -10 1 59 3 33 2
237 A -10 1 59 2 -44 -2
237 A -10 1 76 3 -84 -4
237 A -10 1 53 2 40 2
237 A -10 1 57 2 25 1
237 A 10 1 -25 1 -57 2
237 A 10 1 -102 4 -109 5
237 A 10 1 -108 5 22 -1
237 A 10 1 -59 2 44 -2
237 A 10 1 -31 2 102 -5
237 A 10 1 -76 3 84 -4
237 A 10 1 -53 2 -40 2
237 A 10 1 -33 2 -59 3
237 A -11 1 36 1 66 3
237 A -11 1 85 4 78 3
237 A -11 1 96 5 -92 -5
237 A -11 1 20 1 83 4
237 A -11 1 76 3 -12 -1
237 A 11 1 -36 1 -66 3
237 A 11 1 -85 4 -78 3
237 A 11 1 -96 5 92 -5
237 A 11 1 -76 3 12 -1
237 A 11 1 -83 4 -20 1
237 A 19 0 9 9 4 -4
237 A 19 0 9 3 1 6
237 A 19 0 -9 3 -1 6
237 A 19 0 -9 9 -4 -4
237 A 19 0 8 9 -6 2
237 A 19 0 8 8 -5 5
237 A 19 0 8 7 1 -8
237 A 19 0 -8 7 -1 -8
237 A 19 0 -8 8 5 5
237 A 19 0 -8 9 6 2
237 A 19 0 7 9 7 -9
237 A 19 0 7 7 -3 3
237 A 19 0 -7 7 3 3
237 A 19 0 6 9 -5 -2
237 A 19 0 -6 9 5 -2
237 A 19 0 4 3 -2 -8
237 A 19 0 -4 3 2 -8
237 A 19 0 1 2 1 -2
237 A -12 1 53 3 -89 -4
237 A -12 1 100 5 26 2
237 A -12 1 37 2 -13 -1
237 A -12 1 106 5 92 4
237 A -12 1 50 3 19 1
237 A -12 1 98 5 -29 -1
237 A 12 1 -19 1 -50 3
237 A 12 1 -106 5 -92 4
237 A 12 1 -13 1 37 -2
237 A 12 1 -100 5 -26 2
237 A 12 1 -89 4 53 -3
237 A 12 1 -29 1 98 -5
237 A 20 0 6 9 -2 -7
237 A 20 0 -6 9 2 -7
237 A -13 1 20 1 71 4
237 A 13 1 -20 1 -71 4
237 A -14 1 105 7 -18 -1
237 A -14 1 61 3 -108 -7
237 A -14 1 82 5 52 3
237 A -14 1 29 2 -24 -1
237 A 14 1 -105 7 18 -1
237 A 14 1 -61 3 108 -7
237 A 14 1 -24 1 29 -2
237 A 14 1 -52 3 -82 5
237 A 21 0 4 5 2 8
237 A 21 0 -4 5 -2 8
237 A -15 1 94 5 26 1
237 A 15 1 -26 1 -94 5
237 A 22 0 2 7 -2 7
237 A -16 1 53 4 -27 -2
237 A -16 1 66 5 -105 -8
237 A -16 1 79 6 119 7
237 A -16 1 81 6 -23 -1
237 A 16 1 -27 2 53 -4
237 A 16 1 -81 6 23 -1
237 A 16 1 -119 7 -79 6
237 A 16 1 -105 8 66 -5
237 A -17 1 85 6 28 1
237 A 17 1 -28 1 -85 6
237 A 23 0 -11 11 -6 -6
237 A 23 0 -10 10 -2 -2
237 A 23 0 -10 11 -9 -3
237 A 23 0 -9 3 -10 -11
237 A 23 0 -8 3 -7 6
237 A 23 0 -8 5 6 -2
237 A 23 0 -7 7 7 7
237 A 23 0 -6 6 -11 -11
237 A 23 0 -5 5 -4 -4
237 A 23 0 -5 6 5 6
237 A 23 0 -4 4 -5 -5
237 A 23 0 -2 2 -10 -10
237 A 23 0 -2 4 2 4
237 A 23 0 -2 7 1 -8
237 A 23 0 1 8 -2 -7
237 A 23 0 6 2 -8 -5
237 A 23 0 7 6 8 3
237 A -18 1 103 9 -91 -6
237 A -18 1 38 2 91 8
237 A 18 1 -91 6 103 -9
237 A 18 1 -91 8 -38 2
237 A 24 0 11 10 1 10
237 A 24 0 11 2 1 2
237 A 24 0 -11 2 -1 2
237 A 24 0 -11 10 -1 10
237 A -19 1 28 1 96 7
237 A 19 1 -96 7 -28 1
237 A 25 0 12 12 4 -4
237 A 25 0 12 4 8 -11
237 A 25 0 -12 4 -8 -11
237 A 25 0 -12 12 -4 -4
237 A 25 0 11 12 11 -12
237 A 25 0 10 12 5 4
237 A 25 0 -10 12 -5 4
237 A 25 0 9 3 -6 2
237 A 25 0 -9 3 6 2
237 A 25 0 7 11 -7 11
237 A 25 0 3 4 -3 4
237 A 25 0 2 9 -2 9
237 A -20 1 104 10 24 1
237 A -20 1 55 4 -51 -5
237 A -20 1 105 10 96 7
237 A -20 1 91 9 88 7
237 A 20 1 -24 1 -104 10
237 A 20 1 -96 7 -105 10
237 A 20 1 -55 4 51 -5
237 A 20 1 -88 7 -91 9
237 A -22 1 55 6 105 11
237 A -22 1 53 5 27 4
237 A -22 1 46 5 61 5
237 A 22 1 -55 6 -105 11
237 A 22 1 -53 5 -27 4
237 A 22 1 -46 5 -61 5
237 A 27 0 13 8 -13 8
237 A 27 0 8 8 -2 2
237 A 27 0 -8 8 2 2
237 A 29 0 -11 11 11 11
237 A -2 2 171 0 -103 0
237 A -2 2 101 0 -33 0
237 A 2 2 171 0 -103 0
237 A 2 2 101 0 -33 0
237 A 31 0 15 5 -9 3
237 A 31 0 -15 5 9 3
237 A 31 0 10 3 -10 3
237 A -28 1 53 5 -52 -4
237 A 28 1 -53 5 52 -4
237 A 32 0 10 7 -10 7
237 A 33 0 13 4 -13 4
237 A 33 0 2 7 -2 7
237 A -12 2 98 3 34 1
237 A -12 2 164 5 -32 -1
237 A 12 2 -32 1 164 -5
237 A 12 2 -98 3 -34 1
237 A -16 2 106 3 -36 -1
237 A 16 2 -36 1 106 -3
237 A 35 0 17 6 -17 6
237 A 35 0 9 3 -1 12
237 A 35 0 -9 3 1 12
237 A 37 0 18 6 10 9
237 A 37 0 -18 6 -10 9
237 A 37 0 17 18 -9 3
237 A 37 0 -17 18 9 3
237 A 37 0 9 9 -9 9
237 A 39 0 19 19 -19 19
237 A -40 1 97 20 -19 -7
237 A 40 1 -19 7 97 -20
237 A 43 0 -21 18 21 18
237 A 45 0 22 16 -22 16
237 A -3 3 -118 1 58 1
237 A 3 3 -58 1 118 1
237 A 47 0 4 4 -4 4
237 A -46 1 16 8 -12 -6
237 A 46 1 -16 8 12 -6
237 A 55 0 18 6 -18 6
237 A 59 0 25 5 -25 5
237 A 0 4 80 1 -80 1
237 A 69 0 -7 7 7 7
237 A 73 0 -7 22 7 22
237 A 81 0 40 8 -40 8
237 A 87 0 -11 11 11 11
237 A 91 0 11 34 -11 34
237 A 101 0 17 17 -17 17
237 A 111 0 28 28 -28 28
237 A 117 0 58 58 -58 58
237 S 3 1 6 0
237 S -3 3 7 0
237 S -2 2 7 0
237 S -1 1 7 0
237 S 5 4 11 0
237 S 4 1 11 0
237 S -3 2 11 0
237 S -2 5 11 0
237 S 1 3 11 0
237 S 6 1 13 0
237 S 5 3 13 0
237 S 4 5 13 0
237 S -3 6 13 0
237 S -2 4 13 0
237 S -1 2 13 0
237 S 5 5 14 0
237 S 3 3 14 0
237 S 1 1 14 0
237 S -6 1 13 0
237 S -5 3 13 0
237 S -4 5 13 0
237 S 3 6 13 0
237 S 2 4 13 0
237 S 1 2 13 0
237 S -5 5 14 0
237 S -3 3 14 0
237 S -1 1 14 0
237 S 3 3 7 0
237 S 2 2 7 0
237 S 1 1 7 0
237 S -5 4 11 0
237 S -4 1 11 0
237 S 3 2 11 0
237 S 2 5 11 0
237 S -1 3 11 0
237 T 2019 1862 150 0 0
237 T 152 762 620 0 0
237 T 618 1979 2021 0 0
237 T 1979 764 1862 0 0
237 T 454 1930 1629 0 0
237 T 1627 622 88 0 0
237 T 86 864 456 0 0
237 T 864 624 1930 0 0
237 T 1935 625 1867 0 0
237 T 1702 1941 1937 0 0
237 T 1869 967 1704 0 0
237 T 1941 969 625 0 0
237 T 1587 153 1269 0 0
237 T 9 484 1589 0 0
237 T 484 850 153 0 0
237 T 261 1321 981 0 0
237 T 979 1698 235 0 0
237 T 237 242 259 0 0
237 T 239 211 212 0 0
237 T 233 293 255 0 0
237 T 261 294 279 0 0
237 T 221 293 251 0 0
237 T 220 283 230 0 0
237 T 225 241 227 0 0
237 T 268 297 246 0 0
237 T 285 216 236 0 0
237 T 263 216 248 0 0
237 T 286 281 275 0 0
237 T 272 266 286 0 0
237 T 242 1700 1321 0 0
237 T 97 642 383 0 0
237 T 824 901 95 0 0
237 T 385 1021 822 0 0
237 T 901 1019 642 0 0
237 T 1771 1354 473 0 0
237 T 958 1124 1773 0 0
237 T 471 1846 960 0 0
237 T 1124 1848 1354 0 0
237 T 583 759 185 0 0
237 T 591 748 169 0 0
237 T 171 803 585 0 0
237 T 590 811 188 0 0
237 T 2056 1982 639 0 0
237 T 641 1977 1857 0 0
237 T 1855 1980 2054 0 0
237 T 1980 1975 1982 0 0
237 T 2002 1977 1965 0 0
237 T 1963 1979 1988 0 0
237 T 1969 2000 1971 0 0
237 T 1179 1733 830 0 0
237 T 1232 875 1707 0 0
237 T 920 218 1437 0 0
237 T 1390 232 918 0 0
237 T 1927 506 1063 0 0
237 T 1934 1136 513 0 0
237 T 1989 1691 1004 0 0
237 T 968 1689 1983 0 0
237 T 755 1016 196 0 0
237 T 965 809 198 0 0
237 T 1940 1745 1084 0 0
237 T 1952 1734 1929 0 0
237 T 1120 1721 1950 0 0
237 T 236 1835 1481 0 0
237 T 1479 421 703 0 0
237 T 705 461 234 0 0
237 T 461 419 1835 0 0
237 T 1845 201 1643 0 0
237 T 1387 637 1843 0 0
237 T 1369 634 1831 0 0
237 T 1371 646 1833 0 0
237 T 625 1381 1842 0 0
237 T 646 43 1375 0 0
237 T 1645 794 1389 0 0
237 T 637 796 201 0 0
237 T 602 1772 1341 0 0
237 T 1339 1752 1057 0 0
237 T 1055 186 604 0 0
237 T 564 1038 181 0 0
237 T 186 1750 1772 0 0
237 T 453 771 1208 0 0
237 T 452 1255 818 0 0
237 T 543 1495 561 0 0
237 T 557 1506 537 0 0
237 T 147 1406 545 0 0
237 T 559 290 149 0 0
237 T 1406 292 1495 0 0
237 T 1667 1361 1005 0 0
237 T 1003 1343 1768 0 0
237 T 1766 1387 1669 0 0
237 T 1387 1345 1361 0 0
237 T 1351 1335 1382 0 0
237 T 1308 1277 1285 0 0
237 T 1276 1324 1336 0 0
237 T 1291 1289 1301 0 0
237 T 1273 1316 1304 0 0
237 T 1340 1362 1354 0 0
237 T 1354 1365 1349 0 0
237 T 1322 1280 1378 0 0
237 T 1331 1319 1348 0 0
237 T 1341 1371 1327 0 0
237 T 2187 2189 2187 -1 0
237 T 617 67 659 0 0
237 T 2179 783 1997 0 0
237 T 1995 2221 2211 0 0
237 T 2213 2192 2181 0 0
237 T 2192 2219 783 0 0
237 T 788 275 126 0 0
237 T 898 1216 786 0 0
237 T 128 859 900 0 0
237 T 1671 1576 1231 0 0
237 T 686 245 1673 0 0
237 T 1233 913 688 0 0
237 T 245 911 1576 0 0
237 T 126 133 137 0 0
237 T 117 120 112 0 0
237 T 114 116 114 1 0
237 T 133 134 123 0 0
237 T 135 1656 1198 0 0
237 T 1200 1728 128 0 0
237 T 1728 1654 133 0 0
237 T 481 479 481 1 0
237 T 512 535 530 0 0
237 T 509 526 523 0 0
237 T 504 542 518 0 0
237 T 493 548 483 0 0
237 T 476 552 494 0 0
237 T 486 488 486 1 0
237 T 501 539 515 0 0
237 T 1384 219 1452 0 0
237 T 1450 755 1353 0 0
237 T 1335 757 219 0 0
237 T 1145 528 1732 0 0
237 T 833 526 406 0 0
237 T 148 1831 1796 0 0
237 T 1794 636 1396 0 0
237 T 1394 1369 146 0 0
237 T 1788 1129 1877 0 0
237 T 1916 1076 1776 0 0
237 T 115 1571 1525 0 0
237 T 1523 213 339 0 0
237 T 210 1573 337 0 0
237 T 1375 175 1168 0 0
237 T 25 720 1377 0 0
237 T 720 251 175 0 0
237 T 586 590 604 0 0
237 T 613 581 585 0 0
237 T 609 561 565 0 0
237 T 1055 813 588 0 0
237 T 2131 1106 2072 0 0
237 T 2070 635 413 0 0
237 T 411 2036 2133 0 0
237 T 2036 637 1106 0 0
237 T 1137 625 2026 0 0
237 T 2051 1886 1373 0 0
237 T 1831 184 2053 0 0
237 T 184 648 1886 0 0
237 T 455 1185 1009 0 0
237 T 166 870 457 0 0
237 T 1007 226 168 0 0
237 T 1557 403 209 0 0
237 T 612 429 1555 0 0
237 T 207 443 610 0 0
237 T 429 445 403 0 0
237 T 395 363 420 0 0
237 T 421 377 401 0 0
237 T 435 333 345 0 0
237 T 353 70 323 0 0
237 T 376 371 338 0 0
237 T 431 388 360 0 0
237 T 410 390 444 0 0
237 T 353 417 383 0 0
237 T 369 336 364 0 0
237 T 401 428 423 0 0
237 T 336 320 338 0 0
237 T 381 438 347 0 0
237 T 381 408 388 0 0
237 T 412 397 417 0 0
237 T 320 318 320 -1 0
237 T 439 360 328 0 0
237 T 434 348 328 0 0
237 T 425 325 357 0 0
237 T 798 1385 1559 0 0
237 T 1282 752 1528 0 0
237 T 1308 137 1250 0 0
237 T 991 600 1306 0 0
237 T 1252 915 993 0 0
237 T 600 917 137 0 0
237 T 1536 1635 1048 0 0
237 T 1149 1633 1585 0 0
237 T 475 1932 2137 0 0
237 T 2095 1629 477 0 0
237 T 1843 1627 1108 0 0
237 T 2034 1629 1387 0 0
237 T 229 1747 1078 0 0
237 T 1080 1792 1006 0 0
237 T 1792 1749 169 0 0
237 T 1763 1286 428 0 0
237 T 2143 1640 1765 0 0
237 T 426 2016 2145 0 0
237 T 1640 2014 1286 0 0
237 T 726 255 358 0 0
237 T 360 291 1593 0 0
237 T 1591 233 728 0 0
237 T 1692 1652 1672 0 0
237 T 1669 1662 1679 0 0
237 T 1688 1656 1676 0 0
237 T 1667 1643 1682 0 0
237 T 1636 72 1630 0 0
237 T 1670 1713 935 0 0
237 T 937 130 1690 0 0
237 T 130 1711 1652 0 0
237 T 448 189 828 0 0
237 T 1235 958 446 0 0
237 T 958 223 189 0 0
237 T 717 331 101 0 0
237 T 1316 738 715 0 0
237 T 343 740 100 0 0
237 T 1410 2039 1103 0 0
237 T 1427 1392 1412 0 0
237 T 1392 14 2039 0 0
237 T 13 477 1781 0 0
237 T 1779 1627 2133 0 0
237 T 1076 1456 677 0 0
237 T 1436 670 1067 0 0
237 T 1062 674 1444 0 0
237 T 1043 21 1469 0 0
237 T 1036 1042 1074 0 0
237 T 1065 1089 1051 0 0
237 T 1059 1032 1038 0 0
237 T 1042 128 1456 0 0
237 T 1464 1067 121 0 0
237 T 1467 119 1077 0 0
237 T 1443 7 1089 0 0
237 T 579 1122 1945 0 0
237 T 1623 1356 581 0 0
237 T 1943 1848 1625 0 0
237 T 1077 818 521 0 0
237 T 1032 532 790 0 0
237 T 519 1661 676 0 0
237 T 1661 820 1455 0 0
237 T 430 197 843 0 0
237 T 1093 225 197 0 0
237 T 262 1728 898 0 0
237 T 2152 1398 2072 0 0
237 T 48 1106 1398 0 0
237 T 1382 1161 720 0 0
237 T 1283 722 1032 0 0
237 T 1622 1067 281 0 0
237 T 279 672 1861 0 0
237 T 1859 1436 1624 0 0
237 T 431 875 533 0 0
237 T 531 1709 1058 0 0
237 T 1122 1753 223 0 0
237 T 1711 122 1266 0 0
237 T 244 896 1713 0 0
237 T 896 839 122 0 0
237 T 894 937 687 0 0
237 T 689 356 88 0 0
237 T 86 866 896 0 0
237 T 866 354 937 0 0
237 T 814 1763 442 0 0
237 T 444 13 595 0 0
237 T 597 496 816 0 0
237 T 496 12 1763 0 0
237 T 1873 2042 785 0 0
237 T 783 1980 1867 0 0
237 T 1869 1885 1871 0 0
237 T 1890 1882 1857 0 0
237 T 1854 1862 1919 0 0
237 T 1885 1978 2042 0 0
237 T 2102 2117 1241 0 0
237 T 2108 2100 2104 0 0
237 T 2100 1215 2112 0 0
237 T 2110 91 2117 0 0
237 T 1370 1001 1795 0 0
237 T 649 149 1001 0 0
237 T 1283 231 1409 0 0
237 T 1407 809 1306 0 0
237 T 1277 807 231 0 0
237 T 459 1027 781 0 0
237 T 779 1990 419 0 0
237 T 1990 1029 1837 0 0
237 T 1300 1745 1682 0 0
237 T 1252 566 1298 0 0
237 T 1684 179 1250 0 0
237 T 566 181 1745 0 0
237 T 1722 612 170 0 0
237 T 119 981 422 0 0
237 T 424 1331 1462 0 0
237 T 1331 979 1067 0 0
237 T 1281 1042 95 0 0
237 T 97 1640 669 0 0
237 T 667 1820 1279 0 0
237 T 679 1819 1289 0 0
237 T 1814 1319 693 0 0
237 T 40 690 1310 0 0
237 T 1815 680 1297 0 0
237 T 1820 1638 1042 0 0
237 T 110 1512 363 0 0
237 T 377 1479 120 0 0
237 T 302 1510 1479 0 0
237 T 1987 2044 684 0 0
237 T 707 1294 555 0 0
237 T 535 120 709 0 0
237 T 120 1508 1294 0 0
237 T 727 1473 387 0 0
237 T 1516 712 386 0 0
237 T 63 1896 1547 0 0
237 T 1549 244 448 0 0
237 T 244 1894 2083 0 0
237 T 2015 1045 681 0 0
237 T 2012 1065 666 0 0
237 T 6 1403 1157 0 0
237 T 1414 1107 122 0 0
237 T 1113 1411 111 0 0
237 T 111 1401 1128 0 0
237 T 1212 515 7 0 0
237 T 1403 517 370 0 0
237 T 171 2063 1816 0 0
237 T 691 1894 173 0 0
237 T 2063 1896 1319 0 0
237 T 975 1584 364 0 0
237 T 1535 988 374 0 0
237 T 515 1490 561 0 0
237 T 1476 557 523 0 0
237 T 147 1451 517 0 0
237 T 1451 292 1490 0 0
237 T 1681 174 1194 0 0
237 T 166 176 183 0 0
237 T 155 157 155 -1 0
237 T 163 165 163 -1 0
237 T 180 186 173 0 0
237 T 159 161 159 -1 0
237 T 422 935 168 0 0
237 T 185 1448 424 0 0
237 T 935 1446 176 0 0
237 T 2194 2166 614 0 0
237 T 2189 2190 2196 0 0
237 T 2172 2184 2166 0 0
237 T 2190 658 2170 0 0
237 T 1290 1782 968 0 0
237 T 1700 458 427 0 0
237 T 2063 2085 1698 0 0
237 T 429 2148 2065 0 0
237 T 1596 94 1455 0 0
237 T 129 1280 1594 0 0
237 T 857 353 153 0 0
237 T 325 835 151 0 0
237 T 835 70 855 0 0
237 T 3 1925 1931 0 0
237 T 1933 1825 58 0 0
237 T 57 1840 1925 0 0
237 T 1840 2 1825 0 0
237 T 1126 182 1475 0 0
237 T 176 1492 1158 0 0
237 T 1075 1509 170 0 0
237 T 180 1497 1031 0 0
237 T 1290 30 738 0 0
237 T 100 1189 1292 0 0
237 T 2055 1919 764 0 0
237 T 974 1661 1064 0 0
237 T 1442 521 976 0 0
237 T 776 270 123 0 0
237 T 104 1485 1461 0 0
237 T 1459 1270 101 0 0
237 T 99 87 102 0 0
237 T 89 93 95 0 0
237 T 91 93 91 -1 0
237 T 98 102 95 0 0
237 T 87 1272 1485 0 0
237 T 1019 181 1420 0 0
237 T 499 949 259 0 0
237 T 281 1565 501 0 0
237 T 1565 296 949 0 0
237 T 2202 2204 2202 1 0
237 T 1172 890 1223 0 0
237 T 1009 472 1850 0 0
237 T 1852 1354 1079 0 0
237 T 1793 1356 472 0 0
237 T 127 800 1334 0 0
237 T 1274 752 125 0 0
237 T 299 750 800 0 0
237 T 706 1012 533 0 0
237 T 1012 119 511 0 0
237 T 264 1580 454 0 0
237 T 1580 1168 169 0 0
237 T 1433 1437 1463 0 0
237 T 1243 1345 98 0 0
237 T 1345 28 714 0 0
237 T 1888 43 1578 0 0
237 T 60 1579 1886 0 0
237 T 498 743 1049 0 0
237 T 1047 913 258 0 0
237 T 913 745 946 0 0
237 T 340 498 1537 0 0
237 T 371 986 498 0 0
237 T 199 227 1162 0 0
237 T 1177 983 201 0 0
237 T 983 370 227 0 0
237 T 255 1472 433 0 0
237 T 1732 1141 780 0 0
237 T 1708 792 1038 0 0
237 T 767 194 680 0 0
237 T 1614 1416 87 0 0
237 T 1595 300 1616 0 0
237 T 1578 182 1377 0 0
237 T 1499 941 151 0 0
237 T 1027 1488 153 0 0
237 T 2125 2221 2224 0 0
237 T 2222 2206 1991 0 0
237 T 2211 303 2206 0 0
237 T 635 190 952 0 0
237 T 995 191 681 0 0
237 T 2086 1640 496 0 0
237 T 494 1923 2138 0 0
237 T 1923 1638 447 0 0
237 T 140 965 1016 0 0
237 T 1542 1181 1674 0 0
237 T 1676 645 262 0 0
237 T 264 909 1544 0 0
237 T 909 643 1181 0 0
237 T 442 745 1780 0 0
237 T 1778 1388 412 0 0
237 T 390 1386 745 0 0
237 T 2145 2077 1044 0 0
237 T 426 680 2077 0 0
237 T 2 4 2 1 0
237 T 989 1649 1135 0 0
237 T 2028 1885 987 0 0
237 T 1885 623 1649 0 0
237 T 394 1421 701 0 0
237 T 400 657 1446 0 0
237 T 400 704 121 0 0
237 T 824 187 351 0 0
237 T 187 1019 417 0 0
237 T 2171 2103 768 0 0
237 T 2099 2167 794 0 0
237 T 975 502 367 0 0
237 T 502 1584 336 0 0
237 T 1299 1668 969 0 0
237 T 1785 1666 1289 0 0
237 T 156 1523 1573 0 0
237 T 653 286 1789 0 0
237 T 1777 287 695 0 0
237 T 623 1642 1085 0 0
237 T 1742 1644 969 0 0
237 T 1737 1864 1003 0 0
237 T 1005 667 1953 0 0
237 T 1928 669 1864 0 0
237 T 1404 1134 633 0 0
237 T 1110 629 1390 0 0
237 T 633 1129 1416 0 0
237 T 1401 18 1106 0 0
237 T 538 988 1402 0 0
237 T 631 1646 540 0 0
237 T 1384 251 1491 0 0
237 T 11 7 607 0 0
237 T 609 545 1060 0 0
237 T 545 6 1265 0 0
237 T 194 1241 1470 0 0
237 T 693 149 956 0 0
237 T 954 1801 1321 0 0
237 T 1814 1799 149 0 0
237 T 652 209 1261 0 0
237 T 209 696 1204 0 0
237 T 1598 268 1112 0 0
237 T 1392 1901 1600 0 0
237 T 1901 627 268 0 0
237 T 773 1649 1415 0 0
237 T 1129 1153 1107 0 0
237 T 1157 1103 1135 0 0
237 T 1143 1141 1161 0 0
237 T 1681 767 1784 0 0
237 T 1288 769 1662 0 0
237 T 1551 170 1694 0 0
237 T 657 1722 1553 0 0
237 T 1696 610 655 0 0
237 T 1788 540 274 0 0
237 T 276 772 1877 0 0
237 T 1127 770 540 0 0
237 T 528 1161 780 0 0
237 T 1818 196 1662 0 0
237 T 1664 1121 667 0 0
237 T 1279 1119 196 0 0
237 T 182 426 654 0 0
237 T 1258 756 149 0 0
237 T 1203 149 806 0 0
237 T 326 190 1441 0 0
237 T 1798 996 328 0 0
237 T 1439 678 1800 0 0
237 T 1963 1884 685 0 0
237 T 1756 207 656 0 0
237 T 1759 700 207 0 0
237 T 1865 506 2010 0 0
237 T 1674 2030 1984 0 0
237 T 967 2032 1656 0 0
237 T 1497 256 1284 0 0
237 T 337 815 1631 0 0
237 T 1149 817 503 0 0
237 T 1207 66 1254 0 0
237 T 1547 189 1221 0 0
237 T 736 555 1368 0 0
237 T 1397 440 734 0 0
237 T 555 438 149 0 0
237 T 1313 173 1548 0 0
237 T 1218 180 1311 0 0
237 T 86 1072 910 0 0
237 T 1718 569 174 0 0
237 T 185 611 1714 0 0
237 T 1195 948 915 0 0
237 T 568 1358 1197 0 0
237 T 917 104 566 0 0
237 T 1358 102 948 0 0
237 T 1635 1971 749 0 0
237 T 813 1969 1633 0 0
237 T 1612 927 470 0 0
237 T 1591 470 1025 0 0
237 T 695 545 1531 0 0
237 T 1533 1307 208 0 0
237 T 1205 1309 545 0 0
237 T 1650 2021 1003 0 0
237 T 1737 152 1652 0 0
237 T 1550 391 209 0 0
237 T 1723 1754 391 0 0
237 T 2206 2194 2177 0 0
237 T 520 694 266 0 0
237 T 268 1530 502 0 0
237 T 97 1503 1303 0 0
237 T 1305 1425 100 0 0
237 T 102 1423 1503 0 0
237 T 597 476 745 0 0
237 T 1526 123 1307 0 0
237 T 1253 133 1528 0 0
237 T 880 493 150 0 0
237 T 548 880 851 0 0
237 T 201 1514 1214 0 0
237 T 884 408 199 0 0
237 T 1514 406 250 0 0
237 T 2000 825 868 0 0
237 T 896 2114 1973 0 0
237 T 1967 2113 900 0 0
237 T 1343 103 1538 0 0
237 T 1540 88 1243 0 0
237 T 1051 2023 1462 0 0
237 T 1434 2025 15 0 0
237 T 1352 1194 136 0 0
237 T 601 947 1350 0 0
237 T 1547 1897 41 0 0
237 T 1435 283 1392 0 0
237 T 283 2024 2039 0 0
237 T 1942 1228 1755 0 0
237 T 1852 1601 1946 0 0
237 T 1948 1758 1177 0 0
237 T 471 1364 603 0 0
237 T 1300 102 993 0 0
237 T 192 347 1395 0 0
237 T 736 381 190 0 0
237 T 1010 893 970 0 0
237 T 506 113 972 0 0
237 T 1971 2048 166 0 0
237 T 188 2059 1969 0 0
237 T 71 2046 2059 0 0
237 T 1555 1696 183 0 0
237 T 1716 700 1557 0 0
237 T 700 613 1696 0 0
237 T 1002 1719 1663 0 0
237 T 340 743 1634 0 0
237 T 264 1889 2091 0 0
237 T 2093 2050 1738 0 0
237 T 1740 1372 262 0 0
237 T 912 393 1540 0 0
237 T 525 736 112 0 0
237 T 110 1368 1474 0 0
237 T 1540 947 1387 0 0
237 T 713 219 1612 0 0
237 T 978 426 703 0 0
237 T 404 816 1288 0 0
237 T 273 519 1777 0 0
237 T 1917 818 271 0 0
237 T 866 322 166 0 0
237 T 95 1115 908 0 0
237 T 723 254 178 0 0
237 T 1672 1988 2021 0 0
237 T 476 468 1825 0 0
237 T 1130 589 746 0 0
237 T 392 1906 802 0 0
237 T 804 1123 1097 0 0
237 T 1228 1125 1906 0 0
237 T 1720 1681 1359 0 0
237 T 765 2197 2225 0 0
237 T 357 1463 1486 0 0
237 T 1064 486 1137 0 0
237 T 1412 385 1499 0 0
237 T 1673 1964 621 0 0
237 T 665 141 619 0 0
237 T 663 1974 1675 0 0
237 T 448 1502 1171 0 0
237 T 1173 1304 849 0 0
237 T 847 94 446 0 0
237 T 252 381 712 0 0
237 T 971 734 526 0 0
237 T 1068 258 1349 0 0
237 T 1347 295 1623 0 0
237 T 578 1908 1755 0 0
237 T 805 579 1725 0 0
237 T 1794 953 348 0 0
237 T 834 1331 1028 0 0
237 T 854 938 1328 0 0
237 T 295 1363 581 0 0
237 T 609 517 1142 0 0
237 T 2157 2155 2157 1 0
237 T 167 1132 603 0 0
237 T 563 176 1140 0 0
237 T 97 1568 1189 0 0
237 T 906 404 1568 0 0
237 T 1267 1651 136 0 0
237 T 134 1734 1589 0 0
237 T 458 1840 496 0 0
237 T 933 730 410 0 0
237 T 415 112 931 0 0
237 T 730 110 397 0 0
237 T 1966 2098 787 0 0
237 T 666 1922 847 0 0
237 T 298 624 668 0 0
237 T 1741 410 467 0 0
237 T 469 732 216 0 0
237 T 214 933 1739 0 0
237 T 133 1558 1197 0 0
237 T 326 1593 575 0 0
237 T 577 293 441 0 0
237 T 1973 775 2103 0 0
237 T 223 945 368 0 0
237 T 983 304 945 0 0
237 T 563 1497 1060 0 0
237 T 574 349 1611 0 0
237 T 1613 379 292 0 0
237 T 1295 1467 172 0 0
237 T 680 2064 1467 0 0
237 T 2068 2066 2068 -1 0
237 T 472 104 577 0 0
237 T 1025 326 104 0 0
237 T 895 774 1239 0 0
237 T 1199 1608 151 0 0
237 T 134 1703 1608 0 0
237 T 1703 1657 153 0 0
237 T 1296 149 1438 0 0
237 T 1440 440 707 0 0
237 T 410 2053 2151 0 0
237 T 454 1222 1484 0 0
237 T 1993 2177 762 0 0
237 T 571 1734 484 0 0
237 T 573 492 1703 0 0
237 T 1083 198 1381 0 0
237 T 1729 1675 1019 0 0
237 T 945 195 1228 0 0
237 T 1100 761 1078 0 0
237 T 1080 1910 1176 0 0
237 T 405 1912 761 0 0
237 T 436 1461 1423 0 0
237 T 248 991 502 0 0
237 T 1532 993 297 0 0
237 T 1468 47 1043 0 0
237 T 2076 2148 1466 0 0
237 T 1486 323 1332 0 0
237 T 701 413 173 0 0
237 T 1550 411 610 0 0
237 T 1144 1490 565 0 0
237 T 295 600 209 0 0
237 T 1025 922 1485 0 0
237 T 922 326 1459 0 0
237 T 1380 1617 125 0 0
237 T 246 933 1371 0 0
237 T 2052 637 1398 0 0
237 T 667 1854 1659 0 0
237 T 2013 976 1854 0 0
237 T 1564 652 514 0 0
237 T 1351 207 1562 0 0
237 T 516 1261 1353 0 0
237 T 1293 103 1567 0 0
237 T 1569 990 1289 0 0
237 T 1600 1355 581 0 0
237 T 295 1341 1598 0 0
237 T 1768 1682 796 0 0
237 T 1235 303 1184 0 0
237 T 1957 138 1960 0 0
237 T 1101 160 1095 0 0
237 T 1120 163 1084 0 0
237 T 805 2160 1916 0 0
237 T 1877 2162 761 0 0
237 T 1687 1021 130 0 0
237 T 1792 1348 603 0 0
237 T 2199 2201 2199 1 0
237 T 953 66 994 0 0
237 T 932 1111 1328 0 0
237 T 1326 1411 416 0 0
237 T 2030 664 1978 0 0
237 T 281 653 539 0 0
237 T 386 1603 875 0 0
237 T 1618 389 832 0 0
237 T 1311 22 725 0 0
237 T 87 1381 1107 0 0
237 T 1419 173 414 0 0
237 T 1367 184 1401 0 0
237 T 1133 1746 1347 0 0
237 T 1910 579 1761 0 0
237 T 1759 1716 405 0 0
237 T 1716 581 761 0 0
237 T 9 1609 493 0 0
237 T 542 369 1443 0 0
237 T 137 9 570 0 0
237 T 1804 303 1809 0 0
237 T 1605 531 358 0 0
237 T 192 1012 1603 0 0
237 T 360 708 190 0 0
237 T 940 1827 1995 0 0
237 T 1997 419 790 0 0
237 T 792 468 938 0 0
237 T 468 421 1827 0 0
237 T 1147 247 907 0 0
237 T 1544 217 1149 0 0
237 T 579 1080 1949 0 0
237 T 526 1621 381 0 0
237 T 2028 1869 510 0 0
237 T 814 993 906 0 0
237 T 352 1328 1500 0 0
237 T 102 348 929 0 0
237 T 924 1505 927 0 0
237 T 1425 924 348 0 0
237 T 1618 193 972 0 0
237 T 1222 862 1271 0 0
237 T 1873 989 512 0 0
237 T 126 1558 1351 0 0
237 T 663 782 151 0 0
237 T 1634 2049 591 0 0
237 T 1633 590 2061 0 0
237 T 733 421 1513 0 0
237 T 216 1826 1512 0 0
237 T 975 1918 508 0 0
237 T 4 1122 1080 0 0
237 T 2247 2249 2247 -1 0
237 T 2033 1868 151 0 0
237 T 1049 234 1574 0 0
237 T 139 1247 1190 0 0
237 T 1112 1339 246 0 0
237 T 2269 2267 2269 1 0
237 U 55 5 4 0 0
237 U 108 4 4 -1 0
237 U 65 5 4 0 0
237 U 673 8 6 0 0
237 U 1433 6 11 0 0
237 U 120 11 8 0 0
237 U 676 10 7 0 0
237 U 1037 8 10 0 0
237 U 127 7 8 0 0
237 U 20 9 8 0 0
237 U 6 10 11 0 0
237 U 1051 6 10 0 0
237 U 26 7 6 0 0
237 U 15 7 6 -1 0
237 U 1240 15 16 0 0
237 U 843 18 15 0 0
237 U 254 16 18 0 0
237 U 1268 21 12 0 0
237 U 242 12 16 0 0
237 U 839 16 21 0 0
237 U 853 12 20 0 0
237 U 1805 14 12 0 0
237 U 272 20 14 0 0
237 U 225 19 15 0 0
237 U 36 18 19 0 0
237 U 827 18 13 0 0
237 U 1236 13 14 0 0
237 U 39 13 12 0 0
237 U 1220 17 18 0 0
237 U 23 16 17 0 0
237 U 8 20 21 0 0
237 U 1058 29 32 0 0
237 U 431 31 29 0 0
237 U 1230 32 31 0 0
237 U 1092 28 31 0 0
237 U 1227 31 23 0 0
237 U 367 23 28 0 0
237 U 11 33 32 0 0
237 U 1262 32 28 0 0
237 U 392 30 24 0 0
237 U 1097 24 22 0 0
237 U 1243 25 26 0 0
237 U 332 26 24 0 0
237 U 29 24 25 0 0
237 U 1089 23 32 0 0
237 U 355 27 33 0 0
237 U 1249 22 27 0 0
237 U 1072 26 31 0 0
237 U 1954 23 27 0 0
237 U 36 28 29 0 0
237 U 45 23 22 0 0
237 U 13 39 38 0 0
237 U 2088 38 37 0 0
237 U 2143 37 39 0 0
237 U 2082 35 36 0 0
237 U 62 36 37 0 0
237 U 449 37 35 0 0
237 U 2139 39 34 0 0
237 U 461 39 35 0 0
237 U 56 35 34 0 0
237 U 46 36 37 0 0
237 U 2149 39 36 0 0
237 U 16 3 2 0 0
237 U 3 3 3 0 0
237 U 52 3 2 0 0
237 U 50 1 1 0 0
237 U 1 1 1 -1 0
237 U 1179 50 49 0 0
237 U 1144 47 50 0 0
237 U 407 49 47 0 0
237 U 10 50 51 0 0
237 U 1210 51 47 0 0
237 U 1156 50 41 0 0
237 U 371 41 46 0 0
237 U 1164 47 48 0 0
237 U 1175 48 40 0 0
237 U 405 49 43 0 0
237 U 1100 43 41 0 0
237 U 1187 42 45 0 0
237 U 345 45 43 0 0
237 U 31 43 42 0 0
237 U 34 47 46 0 0
237 U 1117 48 45 0 0
237 U 382 44 50 0 0
237 U 1190 45 40 0 0
237 U 1960 40 44 0 0
237 U 45 41 40 -1 0
237 U 2091 52 55 0 0
237 U 60 55 54 0 0
237 U 456 54 52 0 0
237 U 2135 52 57 0 0
237 U 2097 57 54 0 0
237 U 468 56 52 0 0
237 U 59 52 53 0 0
237 U 2153 54 57 0 0
237 U 12 56 57 0 0
237 U 2131 54 56 0 0
237 U 48 54 55 0 0
237 U 1103 63 59 0 0
237 U 630 59 62 0 0
237 U 6 62 63 0 0
237 U 113 62 61 0 0
237 U 1426 59 62 0 0
237 U 628 61 59 0 0
237 U 14 58 59 0 0
237 U 1151 61 63 0 0
237 U 19 60 61 0 0
237 U 123 59 60 0 0
237 U 33 59 58 0 0
237 U 24 68 69 0 0
237 U 252 70 68 0 0
237 U 1169 69 70 0 0
237 U 1200 64 73 0 0
237 U 9 73 72 0 0
237 U 880 72 64 0 0
237 U 1807 67 65 0 0
237 U 277 73 67 0 0
237 U 263 65 69 0 0
237 U 860 69 72 0 0
237 U 1185 65 66 0 0
237 U 38 64 65 1 0
237 U 870 70 65 0 0
237 U 1216 68 67 0 0
237 U 884 70 67 0 0
237 U 34 71 70 0 0
237 U 228 70 66 0 0
237 Q 74 583 78 585 0 0 0 0 0 0
237 Q 183 2119 173 74 0 0 0 0 0 0
237 Q 2121 759 78 803 0 0 0 0 0 0
237 Q 5 1230 2002 1181 0 0 0 0 0 0
237 Q 832 0 875 3 0 0 0 0 0 0
237 Q 1709 0 1733 2004 0 0 0 0 0 0
237 Q 2009 1392 156 1435 0 0 0 0 0 0
237 Q 218 92 232 2007 0 0 0 0 0 0
237 Q 920 90 918 154 0 0 0 0 1 0
237 Q 1065 893 1136 2198 0 0 0 0 0 0
237 Q 2200 1936 114 1929 0 0 0 0 0 0
237 Q 1 1985 109 1987 0 0 0 1 0 1
237 Q 1002 306 966 1 0 0 0 -1 0 0
237 Q 308 1691 107 1689 0 0 0 0 0 0
237 Q 194 2248 200 2243 0 0 0 0 0 0
237 Q 2245 809 2254 757 0 0 0 0 0 0
237 Q 1016 2256 963 2246 0 0 0 0 0 0
237 Q 1082 2227 1118 2200 0 0 0 0 0 0
237 Q 1721 2229 1745 76 0 0 0 0 0 0
237 Q 76 1705 114 1734 0 0 0 0 0 0
237 Q 93 450 160 451 0 0 0 0 0 0
237 Q 1206 547 1255 91 0 0 0 0 0 0
237 Q 820 549 771 158 0 0 0 0 0 0
237 Q 778 165 792 550 0 0 0 0 0 0
237 Q 68 478 68 478 0 0 0 0 1 0
237 Q 462 507 145 510 0 0 0 0 0 0
237 Q 532 1 526 464 0 0 0 0 0 0
237 Q 525 1 535 143 0 0 0 0 0 0
237 Q 887 748 1810 812 0 0 0 0 0 0
237 Q 155 889 155 889 0 0 0 0 0 0
237 Q 810 4 746 157 0 0 0 0 0 0
237 Q 2 1812 2 1812 0 0 0 0 0 0
237 Q 310 1774 143 1786 0 0 0 0 0 0
237 Q 1875 2119 1914 312 0 0 0 0 0 0
237 Q 2121 1129 145 1076 0 0 0 0 0 0
237 Q 107 801 306 753 0 0 0 0 0 0
237 Q 2155 109 2155 109 0 0 0 0 0 0
237 Q 751 1314 799 2157 0 0 0 0 0 0
237 Q 1316 308 1316 308 0 0 0 0 0 0
237 Q 1561 1 1526 309 0 1 0 0 0 -1
237 Q 1 1385 108 1284 0 0 0 1 0 1
237 Q 69 1583 109 1534 0 0 -1 0 0 0
237 Q 1046 1811 1147 69 0 0 1 0 0 0
237 Q 1635 107 1633 1813 0 0 0 0 0 0
237 Q 418 464 419 313 0 0 0 0 0 0
237 Q 311 399 107 397 0 0 0 0 0 0
237 Q 363 109 377 462 0 0 0 0 0 0
237 Q 309 716 68 739 0 0 0 0 0 0
237 Q 718 145 722 107 0 0 0 0 0 0
237 Q 1 1030 143 1161 0 0 0 0 0 0
237 Q 682 69 640 109 0 0 0 0 1 0
237 Q 69 2044 1 2055 0 -1 0 0 -1 0
237 Q 389 1880 388 3 0 0 0 0 0 0
237 Q 5 712 92 729 0 0 0 0 0 0
237 Q 1473 90 1514 1878 0 0 0 0 0 0
237 Q 158 1207 1892 1254 0 0 0 0 0 0
237 Q 91 821 1890 770 0 0 0 0 0 0
237 Q 465 988 68 977 -1 0 0 0 0 0
237 Q 1 1196 904 1251 0 0 0 1 0 1
237 Q 1685 202 1679 1 0 0 0 -1 0 0
237 Q 180 902 174 204 0 0 0 0 0 0
237 Q 68 1292 308 1344 0 0 0 0 1 0
237 Q 1769 1 1782 68 0 1 0 0 0 -1
237 Q 1477 75 1509 142 0 0 0 0 0 0
237 Q 143 1919 69 1871 0 0 0 0 0 0
237 Q 783 1 762 145 0 1 0 0 0 -1
237 Q 889 789 202 774 0 0 0 0 0 0
237 Q 125 1520 127 887 0 0 0 0 0 0
237 Q 276 1518 270 204 0 0 0 0 0 0
237 Q 1418 203 1447 107 0 0 0 0 0 0
237 Q 109 936 905 1021 0 0 0 0 0 0
237 Q 2205 1225 486 1170 0 0 0 0 0 0
237 Q 552 1706 315 1730 0 0 0 0 0 0
237 Q 317 1040 163 1141 0 0 0 0 0 0
237 Q 316 1132 157 1056 0 0 0 0 0 0
237 Q 636 2184 678 1881 0 0 0 0 0 0
237 Q 1879 194 2108 200 0 0 0 0 0 0
237 Q 2122 151 2079 153 0 0 -1 0 0 0
237 Q 941 283 1029 2124 0 0 0 0 0 0
237 Q 2081 1488 285 1501 0 0 0 0 0 0
237 Q 950 2067 997 2183 0 0 0 0 0 0
237 Q 191 2069 190 1878 0 0 0 0 0 0
237 Q 1014 164 965 282 0 0 0 0 0 0
237 Q 0 1170 5 1225 0 0 0 0 0 0
237 Q 2227 1141 83 1040 0 0 0 0 0 0
237 Q 317 586 3 588 0 0 0 0 0 0
237 Q 586 85 588 83 0 0 0 0 0 0
237 Q 699 202 657 312 0 0 0 0 0 0
237 Q 144 697 202 651 0 0 0 0 0 0
237 Q 204 287 313 286 0 0 0 0 0 0
237 Q 2251 696 2241 650 0 0 0 0 0 0
237 Q 1259 2245 1202 2253 0 0 0 0 0 0
237 Q 2243 209 2239 207 0 0 0 0 0 0
237 Q 147 2257 149 2252 0 0 0 0 0 0
237 Q 654 2239 700 2215 0 0 0 0 0 0
237 Q 2217 1761 2243 1754 0 0 0 0 0 0
237 Q 69 2171 107 2169 0 0 0 0 -1 0
237 Q 615 1 661 69 0 0 0 0 0 0
237 Q 109 2191 1 2195 0 0 0 0 0 0
237 Q 567 80 569 77 0 0 0 0 0 0
237 Q 2226 176 80 178 0 0 0 0 0 0
237 Q 1971 107 1969 886 0 0 0 0 0 0
237 Q 2008 1593 4 1610 0 0 0 0 0 0
237 Q 472 2129 470 2006 0 0 0 0 0 0
237 Q 1023 2127 927 2 0 0 0 0 0 0
237 Q 313 2175 1 2181 0 -1 0 0 0 0
237 Q 2213 106 2208 311 0 0 0 0 0 0
237 Q 2265 69 2265 69 0 0 0 0 1 0
237 Q 615 2268 661 2263 0 0 0 0 0 0
237 Q 2266 1 2266 1 0 0 0 0 0 0
237 Q 298 1271 0 1302 0 0 0 0 0 0
237 Q 312 2214 312 2214 0 0 0 0 0 0
237 Q 2216 1900 157 1861 0 0 0 0 0 0
237 Q 1859 887 1898 310 0 0 0 0 0 0
237 Q 1624 2216 1601 2006 0 0 0 0 0 0
237 Q 2008 1850 2230 1847 0 0 0 0 0 0
237 Q 1175 2242 1228 2232 0 0 0 0 0 0
237 Q 139 1001 316 954 0 0 0 0 0 0
237 Q 956 2258 999 2257 0 0 0 0 0 0
237 Q 314 639 66 685 0 0 0 0 0 0
237 Q 683 2262 641 2260 0 0 0 0 0 0
237 Q 693 2252 647 2260 0 0 0 0 0 0
237 Q 595 72 597 0 0 0 0 0 0 0
237 Q 0 474 320 496 0 0 0 0 0 0
237 Q 2079 1192 486 1247 0 0 0 0 0 0
237 Q 165 856 67 836 0 0 0 0 0 0
237 Q 1026 4 938 163 0 0 0 0 0 0
237 Q 1326 2 1331 67 0 0 0 0 0 0
237 Q 55 2155 54 2154 0 0 0 0 -1 0
237 Q 905 130 308 131 0 0 0 0 0 0
237 Q 109 2105 205 2099 0 0 0 0 0 0
237 Q 69 29 68 31 0 0 -1 0 0 0
237 Q 972 0 1012 2067 0 0 0 0 0 0
237 Q 2204 456 2126 446 0 0 0 0 0 0
237 Q 1482 487 1502 2128 0 0 0 0 0 0
237 Q 145 1997 313 1991 0 0 0 0 0 0
237 Q 67 571 76 573 0 0 0 0 0 0
237 Q 482 116 492 67 0 0 0 0 0 0
237 Q 790 143 780 464 0 0 0 0 0 0
237 Q 2232 985 2247 943 0 0 0 0 0 0
237 Q 234 478 216 139 0 0 0 0 0 0
237 Q 1874 158 1915 305 0 0 0 0 0 0
237 Q 618 2189 664 2080 0 0 0 0 0 0
237 Q 489 923 5 925 0 0 0 0 1 0
237 Q 2204 1182 2231 1237 0 0 0 0 0 0
237 Q 2268 51 2269 50 0 0 0 0 -1 0
237 Q 2 2162 302 2160 0 0 0 0 0 0
237 Q 564 83 562 81 0 0 0 0 0 0
237 Q 1147 481 1046 3 0 0 0 0 0 0
237 Q 2240 204 2240 204 0 0 0 0 0 0
237 Q 0 1603 1878 1620 0 0 0 0 0 0
237 Q 310 2160 78 2162 0 0 0 0 0 0
237 Q 1376 109 1313 142 0 0 0 0 0 0
237 Q 108 22 107 24 0 0 0 0 0 0
237 Q 1905 1055 238 1131 0 0 0 0 0 0
237 Q 1349 5 1341 1903 0 0 0 0 0 0
237 Q 145 2253 145 2253 0 0 0 0 0 0
237 Q 766 205 796 69 0 0 1 0 0 0
237 Q 2261 107 2261 107 0 0 0 0 0 0
237 Q 142 647 108 693 0 0 0 0 0 0
237 Q 1903 1318 66 1371 0 0 0 0 0 0
237 Q 554 1 556 75 0 1 0 0 0 -1
237 Q 2236 312 2237 313 0 0 0 0 0 0
237 Q 2234 303 2235 302 0 0 0 0 0 0
237 Q 2206 65 2210 2234 -1 0 0 0 0 0
237 Q 999 437 956 1904 0 0 0 0 0 0
237 Q 887 628 1521 670 0 0 0 0 0 0
237 Q 1519 269 310 279 0 0 0 0 0 0
237 Q 2235 2164 16 2159 0 0 0 0 0 0
237 Q 79 17 78 16 0 0 0 0 0 0
237 Q 1543 4 1576 141 0 0 0 0 0 0
237 Q 1007 2230 961 2129 0 0 0 0 0 0
237 Q 26 887 32 888 0 0 0 0 0 0
237 Q 40 107 42 108 0 0 0 0 0 0
237 Q 53 84 52 85 0 0 0 0 0 0
237 H 5 85 85 3 5 85 0 0 0 0 0 0 0 0 0 0
