1355 A 6 0 1 -2 -1 2
1355 A 9 0 5 -1 -5 1
1355 A 11 0 7 -3 -7 3
1355 A 12 0 1 -2 -1 2
1355 A 12 0 7 -2 -7 2
1355 A 13 0 2 -4 -2 4
1355 A 18 0 13 -8 -13 8
1355 A -1 1 -112 0 112 0
1355 A 0 1 -112 0 112 0
1355 A -2 1 -32 0 32 0
1355 A 1 1 -32 0 32 0
1355 A -3 1 -88 -1 88 1
1355 A -3 1 -113 -1 113 1
1355 A -3 1 -136 -1 136 1
1355 A 2 1 89 -1 -89 1
1355 A 2 1 114 -1 -114 1
1355 A 2 1 137 -1 -137 1
1355 A -4 1 -49 -1 49 1
1355 A 3 1 50 -1 -50 1
1355 A -6 1 -151 -2 151 2
1355 A 5 1 153 -2 -153 2
1355 A -10 1 -101 -3 101 3
1355 A -10 1 -125 -3 125 3
1355 A 9 1 104 -3 -104 3
1355 A 9 1 128 -3 -128 3
1355 A 22 0 15 -8 -15 8
1355 A 23 0 14 -5 -14 5
1355 A -15 1 -32 -2 32 2
1355 A 14 1 34 -2 -34 2
1355 A -18 1 -26 -1 26 1
1355 A 17 1 27 -1 -27 1
1355 A 26 0 15 -4 -15 4
1355 A -21 1 -130 -8 130 8
1355 A 20 1 138 -8 -138 8
1355 A -1 2 -137 1 137 -1
1355 A -6 2 -91 0 91 0
1355 A 4 2 -91 0 91 0
1355 A -11 2 -311 -5 311 5
1355 A 9 2 316 -5 -316 5
1355 A 7 0 4 -1 4 -1
1355 A 13 0 3 -6 3 -6
1355 A 19 0 4 -8 4 -8
1355 A 4 0 0 -1 -1 1
1355 A 4 0 -1 -1 2 -1
1355 A 5 0 0 -1 -1 1
1355 A 5 0 -1 -1 2 -1
1355 A 5 0 0 -2 2 -2
1355 A 5 0 -1 -2 -3 2
1355 A 6 0 -1 -1 -2 1
1355 A 7 0 0 -1 -2 2
1355 A 7 0 1 -1 0 2
1355 A 7 0 -1 -1 -1 -3
1355 A 7 0 2 -1 4 -3
1355 A 7 0 -2 -1 -2 3
1355 A 7 0 3 -1 -1 3
1355 A 7 0 1 -2 2 3
1355 A 7 0 -1 -2 3 -2
1355 A 7 0 -2 -2 -4 2
1355 A 7 0 0 -3 -3 3
1355 A 8 0 0 -1 3 -3
1355 A 8 0 1 -1 0 -3
1355 A 8 0 -1 -1 2 3
1355 A 8 0 2 -1 -5 3
1355 A 8 0 -2 -1 3 -1
1355 A 8 0 -3 -1 -4 1
1355 A 8 0 1 -3 2 -3
1355 A 8 0 -1 -3 -4 3
1355 A 9 0 -1 -1 -2 1
1355 A 9 0 1 -2 2 -4
1355 A 9 0 -2 -2 -1 -4
1355 A 9 0 4 -2 5 -4
1355 A 10 0 0 -1 -1 1
1355 A 10 0 -1 -1 2 -1
1355 A 10 0 -3 -1 4 -1
1355 A 10 0 -4 -1 -5 1
1355 A 10 0 1 -3 -2 3
1355 A 10 0 0 -3 3 -3
1355 A 10 0 -2 -3 5 -3
1355 A 10 0 -3 -3 -6 3
1355 A 11 0 0 -1 5 -5
1355 A 11 0 1 -1 0 -5
1355 A 11 0 -2 -1 -2 -3
1355 A 11 0 3 -1 5 -3
1355 A 11 0 -3 -1 -4 1
1355 A 11 0 -4 -1 -4 3
1355 A 11 0 5 -1 1 3
1355 A 11 0 6 -1 1 -2
1355 A 11 0 0 -2 -3 3
1355 A 11 0 2 -2 0 3
1355 A 11 0 -1 -2 6 -4
1355 A 11 0 3 -2 -2 -4
1355 A 11 0 -3 -2 7 -5
1355 A 11 0 5 -2 -2 -5
1355 A 11 0 -4 -2 -1 4
1355 A 11 0 6 -2 -3 4
1355 A 11 0 1 -3 1 4
1355 A 11 0 2 -3 -5 4
1355 A 11 0 2 -4 3 5
1355 A 11 0 0 -4 4 -4
1355 A 11 0 2 -5 -3 5
1355 A 11 0 1 -5 4 -5
1355 A 12 0 -1 -1 -2 -5
1355 A 12 0 2 -1 7 -5
1355 A 12 0 -4 -1 -5 1
1355 A 12 0 1 -5 -4 5
1355 A 13 0 0 -1 1 -1
1355 A 13 0 -1 -1 -8 4
1355 A 13 0 2 -1 4 4
1355 A 13 0 -2 -1 6 -2
1355 A 13 0 3 -1 -4 -2
1355 A 13 0 -4 -1 -1 -5
1355 A 13 0 5 -1 6 -5
1355 A 13 0 -5 -1 -4 5
1355 A 13 0 6 -1 -1 5
1355 A 13 0 7 -1 5 3
1355 A 13 0 1 -2 9 -5
1355 A 13 0 0 -2 -6 6
1355 A 13 0 2 -2 0 6
1355 A 13 0 -1 -2 6 -4
1355 A 13 0 3 -2 -2 -4
1355 A 13 0 -2 -2 -4 2
1355 A 13 0 -3 -2 3 4
1355 A 13 0 5 -2 -7 4
1355 A 13 0 1 -3 4 -6
1355 A 13 0 2 -3 2 -6
1355 A 13 0 0 -3 -4 4
1355 A 13 0 3 -3 0 4
1355 A 13 0 -2 -3 3 6
1355 A 13 0 5 -3 -9 6
1355 A 13 0 -3 -3 6 -3
1355 A 13 0 -4 -3 3 -5
1355 A 13 0 7 -3 2 -5
1355 A 13 0 -1 -4 -1 6
1355 A 13 0 5 -4 -5 6
1355 A 13 0 0 -5 -5 5
1355 A 13 0 -3 -5 -7 6
1355 A 13 0 8 -5 1 6
1355 A 14 0 0 -1 5 -5
1355 A 14 0 1 -1 0 -5
1355 A 14 0 -1 -1 6 -3
1355 A 14 0 2 -1 -3 -3
1355 A 14 0 -2 -1 5 3
1355 A 14 0 3 -1 -8 3
1355 A 14 0 -3 -1 4 -1
1355 A 14 0 -4 -1 -1 3
1355 A 14 0 5 -1 -2 3
1355 A 14 0 -5 -1 4 -3
1355 A 14 0 6 -1 -1 -3
1355 A 14 0 -6 -1 7 -5
1355 A 14 0 7 -1 -2 -5
1355 A 14 0 0 -3 -3 3
1355 A 14 0 -2 -3 -1 -5
1355 A 14 0 5 -3 6 -5
1355 A 14 0 -4 -3 -7 3
1355 A 14 0 2 -5 -3 5
1355 A 14 0 1 -5 4 -5
1355 A 14 0 -3 -5 8 -5
1355 A 14 0 -4 -5 -9 5
1355 A 15 0 -1 -1 -8 4
1355 A 15 0 2 -1 4 4
1355 A 15 0 -4 -1 -5 1
1355 A 15 0 -2 -2 -4 2
1355 A 15 0 -5 -2 2 -7
1355 A 15 0 7 -2 5 -7
1355 A 15 0 -1 -4 -5 4
1355 A 15 0 -1 -7 -8 7
1355 A 16 0 0 -1 -5 5
1355 A 16 0 1 -1 0 5
1355 A 16 0 -1 -1 -6 3
1355 A 16 0 2 -1 3 3
1355 A 16 0 -2 -1 -5 7
1355 A 16 0 3 -1 -2 7
1355 A 16 0 -3 -1 -4 1
1355 A 16 0 -4 -1 3 -7
1355 A 16 0 5 -1 4 -7
1355 A 16 0 -5 -1 6 -1
1355 A 16 0 -6 -1 3 -5
1355 A 16 0 7 -1 2 -5
1355 A 16 0 -7 -1 8 -3
1355 A 16 0 8 -1 -5 -3
1355 A 16 0 1 -3 2 5
1355 A 16 0 2 -3 -7 5
1355 A 16 0 0 -3 -7 7
1355 A 16 0 3 -3 0 7
1355 A 16 0 -1 -3 -4 3
1355 A 16 0 -2 -3 1 -7
1355 A 16 0 5 -3 6 -7
1355 A 16 0 -4 -3 1 -5
1355 A 16 0 7 -3 4 -5
1355 A 16 0 -6 -3 9 -3
1355 A 16 0 -1 -5 6 -5
1355 A 16 0 -3 -5 8 -7
1355 A 16 0 8 -5 -1 -7
1355 A 16 0 -4 -5 -9 5
1355 A 16 0 -5 -5 2 7
1355 A 16 0 10 -5 -9 7
1355 A 16 0 -3 -7 10 -7
1355 A 16 0 -4 -7 -11 7
1355 A 17 0 0 -1 -1 1
1355 A 17 0 -1 -1 2 -1
1355 A 17 0 -2 -1 4 -7
1355 A 17 0 3 -1 3 -7
1355 A 17 0 -3 -1 5 3
1355 A 17 0 4 -1 -8 3
1355 A 17 0 -4 -1 -6 8
1355 A 17 0 5 -1 -2 8
1355 A 17 0 -5 -1 -8 7
1355 A 17 0 6 -1 1 7
1355 A 17 0 -6 -1 1 -5
1355 A 17 0 7 -1 4 -5
1355 A 17 0 -7 -1 2 4
1355 A 17 0 8 -1 -6 4
1355 A 17 0 9 -1 3 -6
1355 A 17 0 1 -2 10 -3
1355 A 17 0 0 -2 8 -8
1355 A 17 0 2 -2 0 -8
1355 A 17 0 -1 -2 -3 2
1355 A 17 0 -2 -2 1 8
1355 A 17 0 4 -2 -9 8
1355 A 17 0 -3 -2 2 6
1355 A 17 0 5 -2 -8 6
1355 A 17 0 -4 -2 2 5
1355 A 17 0 6 -2 -7 5
1355 A 17 0 -5 -2 9 -5
1355 A 17 0 7 -2 -4 -5
1355 A 17 0 -6 -2 11 -7
1355 A 17 0 8 -2 -4 -7
1355 A 17 0 -7 -2 -1 4
1355 A 17 0 9 -2 -3 4
1355 A 17 0 1 -3 -11 8
1355 A 17 0 2 -3 3 8
1355 A 17 0 0 -3 -6 6
1355 A 17 0 3 -3 0 6
1355 A 17 0 -1 -3 6 4
1355 A 17 0 4 -3 -10 4
1355 A 17 0 -2 -3 5 -3
1355 A 17 0 -3 -3 -5 -6
1355 A 17 0 6 -3 11 -6
1355 A 17 0 -4 -3 -5 7
1355 A 17 0 7 -3 -2 7
1355 A 17 0 -6 -3 7 -8
1355 A 17 0 9 -3 1 -8
1355 A 17 0 2 -4 5 7
1355 A 17 0 0 -4 4 -4
1355 A 17 0 -1 -4 -2 5
1355 A 17 0 5 -4 -3 5
1355 A 17 0 -3 -4 -2 6
1355 A 17 0 7 -4 -4 6
1355 A 17 0 -4 -4 -8 4
1355 A 17 0 -5 -4 5 -6
1355 A 17 0 9 -4 1 -6
1355 A 17 0 0 -5 -7 7
1355 A 17 0 5 -5 0 7
1355 A 17 0 -1 -5 -3 -6
1355 A 17 0 6 -5 9 -6
1355 A 17 0 -3 -5 -8 5
1355 A 17 0 -5 -5 -3 -7
1355 A 17 0 10 -5 10 -7
1355 A 17 0 11 -5 4 -8
1355 A 17 0 -1 -6 -2 -8
1355 A 17 0 7 -6 10 -8
1355 A 17 0 -4 -6 -6 7
1355 A 17 0 10 -6 -1 7
1355 A 17 0 -2 -7 3 -8
1355 A 17 0 9 -7 5 -8
1355 A 17 0 -4 -8 12 -8
1355 A 18 0 -1 -1 -2 1
1355 A 18 0 -4 -1 -5 1
1355 A 18 0 -7 -1 -8 1
1355 A 18 0 1 -2 11 -4
1355 A 18 0 -5 -2 5 -4
1355 A 18 0 7 -2 -1 -4
1355 A 18 0 1 -5 2 -7
1355 A 18 0 4 -5 5 -7
1355 A 18 0 -2 -5 -1 -7
1355 A 18 0 7 -5 8 -7
1355 A 18 0 -5 -5 -4 -7
1355 A 18 0 10 -5 11 -7
1355 A 18 0 1 -8 -7 8
1355 A -1 1 -19 0 -107 0
1355 A -1 1 -22 0 -77 0
1355 A -1 1 -23 0 59 0
1355 A -1 1 -28 0 109 0
1355 A -1 1 -29 0 152 0
1355 A -1 1 -32 0 53 0
1355 A -1 1 -37 0 55 0
1355 A -1 1 -38 0 116 0
1355 A -1 1 -44 0 131 0
1355 A -1 1 -46 0 -140 0
1355 A -1 1 -56 0 -115 0
1355 A -1 1 -58 0 76 0
1355 A -1 1 -64 0 -143 0
1355 A -1 1 -74 0 -142 0
1355 A -1 1 -91 0 -149 0
1355 A -1 1 -94 0 -119 0
1355 A -1 1 -110 0 -151 0
1355 A -1 1 -118 0 -158 0
1355 A -1 1 -125 0 -160 0
1355 A 0 1 -19 0 -107 0
1355 A 0 1 -22 0 -77 0
1355 A 0 1 -23 0 59 0
1355 A 0 1 -28 0 109 0
1355 A 0 1 -29 0 152 0
1355 A 0 1 -32 0 53 0
1355 A 0 1 -37 0 55 0
1355 A 0 1 -38 0 116 0
1355 A 0 1 -44 0 131 0
1355 A 0 1 -46 0 -140 0
1355 A 0 1 -56 0 -115 0
1355 A 0 1 -58 0 76 0
1355 A 0 1 -64 0 -143 0
1355 A 0 1 -74 0 -142 0
1355 A 0 1 -91 0 -149 0
1355 A 0 1 -94 0 -119 0
1355 A 0 1 -110 0 -151 0
1355 A 0 1 -118 0 -158 0
1355 A 0 1 -125 0 -160 0
1355 A -2 1 -30 0 -123 -1
1355 A -2 1 -36 0 -159 -1
1355 A -2 1 -46 0 -124 -1
1355 A -2 1 -51 0 107 0
1355 A -2 1 -54 0 118 1
1355 A -2 1 -61 0 121 1
1355 A -2 1 -63 0 -92 0
1355 A -2 1 -72 0 90 0
1355 A -2 1 -74 0 106 0
1355 A -2 1 -94 0 154 1
1355 A -2 1 -95 0 138 1
1355 A -2 1 -104 0 139 1
1355 A -2 1 -128 -1 -158 -1
1355 A 1 1 -30 0 -124 1
1355 A 1 1 -36 0 -160 1
1355 A 1 1 -46 0 -125 1
1355 A 1 1 -51 0 107 0
1355 A 1 1 -54 0 119 -1
1355 A 1 1 -61 0 122 -1
1355 A 1 1 -63 0 -92 0
1355 A 1 1 -72 0 90 0
1355 A 1 1 -74 0 106 0
1355 A 1 1 -94 0 155 -1
1355 A 1 1 -95 0 139 -1
1355 A 1 1 -104 0 140 -1
1355 A 1 1 129 -1 159 -1
1355 A -3 1 -19 0 106 1
1355 A -3 1 -22 0 -47 0
1355 A -3 1 -28 0 37 0
1355 A -3 1 -29 0 116 1
1355 A -3 1 -34 0 -68 -1
1355 A -3 1 -38 0 -115 -1
1355 A -3 1 -52 0 70 1
1355 A -3 1 -56 0 -151 -1
1355 A -3 1 -58 0 -110 -1
1355 A -3 1 -59 0 -73 -1
1355 A -3 1 -67 0 100 1
1355 A -3 1 -68 0 134 1
1355 A -3 1 -74 -1 -109 -1
1355 A -3 1 -101 -1 -133 -1
1355 A -3 1 -118 -1 -131 -1
1355 A -3 1 -124 -1 160 1
1355 A -3 1 -140 -1 149 1
1355 A 2 1 -19 0 107 -1
1355 A 2 1 -22 0 -47 0
1355 A 2 1 -28 0 37 0
1355 A 2 1 -29 0 117 -1
1355 A 2 1 -34 0 -69 1
1355 A 2 1 -38 0 -116 1
1355 A 2 1 -52 0 71 -1
1355 A 2 1 -56 0 -152 1
1355 A 2 1 -58 0 -111 1
1355 A 2 1 -59 0 -74 1
1355 A 2 1 -67 0 101 -1
1355 A 2 1 -68 0 135 -1
1355 A 2 1 75 -1 110 -1
1355 A 2 1 102 -1 134 -1
1355 A 2 1 119 -1 132 -1
1355 A 2 1 125 -1 -161 1
1355 A 2 1 141 -1 -150 1
1355 A -4 1 -19 0 37 0
1355 A -4 1 -20 0 150 2
1355 A -4 1 -23 0 -57 -1
1355 A -4 1 -28 0 155 2
1355 A -4 1 -29 0 -117 -1
1355 A -4 1 -38 0 -149 -2
1355 A -4 1 -40 0 75 1
1355 A -4 1 -41 0 133 1
1355 A -4 1 -46 0 141 1
1355 A -4 1 -47 0 -108 -1
1355 A -4 1 -51 -1 -130 -1
1355 A -4 1 -52 -1 -90 -1
1355 A -4 1 -54 -1 111 1
1355 A -4 1 -55 -1 115 1
1355 A -4 1 -70 -1 -158 -2
1355 A -4 1 -72 -1 93 1
1355 A -4 1 -73 -1 147 2
1355 A -4 1 -76 -1 -132 -1
1355 A -4 1 -78 -1 -103 -1
1355 A -4 1 -79 -1 -144 -1
1355 A -4 1 -94 -1 -146 -2
1355 A -4 1 -105 -1 -153 -2
1355 A -4 1 -109 -1 142 1
1355 A -4 1 -112 -1 -114 -1
1355 A -4 1 -118 -1 156 2
1355 A 3 1 -19 0 37 0
1355 A 3 1 -20 0 152 -2
1355 A 3 1 -23 0 -58 1
1355 A 3 1 -28 0 157 -2
1355 A 3 1 -29 0 -118 1
1355 A 3 1 -38 0 -151 2
1355 A 3 1 -40 0 76 -1
1355 A 3 1 -41 0 134 -1
1355 A 3 1 -46 0 142 -1
1355 A 3 1 -47 0 -109 1
1355 A 3 1 52 -1 131 -1
1355 A 3 1 53 -1 91 -1
1355 A 3 1 55 -1 -112 1
1355 A 3 1 56 -1 -116 1
1355 A 3 1 71 -1 160 -2
1355 A 3 1 73 -1 -94 1
1355 A 3 1 74 -1 -149 2
1355 A 3 1 77 -1 133 -1
1355 A 3 1 79 -1 104 -1
1355 A 3 1 80 -1 145 -1
1355 A 3 1 95 -1 148 -2
1355 A 3 1 106 -1 155 -2
1355 A 3 1 110 -1 -143 1
1355 A 3 1 113 -1 115 -1
1355 A 3 1 119 -1 -158 2
1355 A -5 1 -19 0 -160 -2
1355 A -5 1 -22 0 44 1
1355 A -5 1 -23 0 -73 -1
1355 A -5 1 -31 0 129 2
1355 A -5 1 -34 0 -90 -1
1355 A -5 1 -38 0 -80 -1
1355 A -5 1 -42 -1 -79 -1
1355 A -5 1 -49 -1 -108 -1
1355 A -5 1 -63 -1 122 2
1355 A -5 1 -71 -1 127 2
1355 A -5 1 -77 -1 152 2
1355 A -5 1 -116 -2 -141 -2
1355 A 4 1 -19 0 -162 2
1355 A 4 1 -22 0 45 -1
1355 A 4 1 -23 0 -74 1
1355 A 4 1 -31 0 131 -2
1355 A 4 1 -34 0 -91 1
1355 A 4 1 -38 0 -81 1
1355 A 4 1 43 -1 80 -1
1355 A 4 1 50 -1 109 -1
1355 A 4 1 64 -1 -124 2
1355 A 4 1 72 -1 -129 2
1355 A 4 1 78 -1 -154 2
1355 A 4 1 118 -2 143 -2
1355 A 19 0 -5 -1 -4 7
1355 A 19 0 6 -1 -3 7
1355 A 19 0 -6 -1 7 -1
1355 A 19 0 -7 -1 -2 5
1355 A 19 0 8 -1 -3 5
1355 A 19 0 -8 -1 -4 -8
1355 A 19 0 9 -1 12 -8
1355 A 19 0 10 -1 13 -7
1355 A 19 0 1 -2 -3 6
1355 A 19 0 0 -2 3 -3
1355 A 19 0 2 -2 0 -3
1355 A 19 0 -1 -2 6 -4
1355 A 19 0 3 -2 -2 -4
1355 A 19 0 -3 -2 8 -7
1355 A 19 0 5 -2 -1 -7
1355 A 19 0 -4 -2 -9 3
1355 A 19 0 6 -2 6 3
1355 A 19 0 -5 -2 -3 9
1355 A 19 0 7 -2 -6 9
1355 A 19 0 -7 -2 8 -6
1355 A 19 0 9 -2 -2 -6
1355 A 19 0 -8 -2 -6 5
1355 A 19 0 10 -2 1 5
1355 A 19 0 1 -3 -4 6
1355 A 19 0 2 -3 -2 6
1355 A 19 0 -1 -3 -1 -4
1355 A 19 0 4 -3 5 -4
1355 A 19 0 -2 -3 -7 8
1355 A 19 0 5 -3 -1 8
1355 A 19 0 -3 -3 12 -6
1355 A 19 0 6 -3 -6 -6
1355 A 19 0 -4 -3 7 -3
1355 A 19 0 -5 -3 5 -9
1355 A 19 0 8 -3 4 -9
1355 A 19 0 -7 -3 2 7
1355 A 19 0 10 -3 -9 7
1355 A 19 0 11 -3 -2 4
1355 A 19 0 1 -4 10 -7
1355 A 19 0 3 -4 -3 -7
1355 A 19 0 0 -4 -8 8
1355 A 19 0 4 -4 0 8
1355 A 19 0 -5 -4 -3 -5
1355 A 19 0 9 -4 8 -5
1355 A 19 0 -6 -4 4 6
1355 A 19 0 10 -4 -10 6
1355 A 19 0 -7 -4 3 -8
1355 A 19 0 11 -4 5 -8
1355 A 19 0 1 -5 5 8
1355 A 19 0 4 -5 -13 8
1355 A 19 0 0 -5 5 -5
1355 A 19 0 -2 -5 3 6
1355 A 19 0 7 -5 -9 6
1355 A 19 0 -6 -5 3 9
1355 A 19 0 11 -5 -12 9
1355 A 19 0 12 -5 14 -9
1355 A 19 0 1 -6 5 -6
1355 A 19 0 -5 -6 -2 8
1355 A 19 0 11 -6 -6 8
1355 A 19 0 1 -7 -6 7
1355 A 19 0 -4 -7 1 8
1355 A 19 0 11 -7 -9 8
1355 A 19 0 -5 -7 11 -8
1355 A 19 0 12 -7 -3 -8
1355 A 19 0 -2 -8 -10 8
1355 A 19 0 -4 -9 -13 9
1355 A -6 1 -20 0 -154 -2
1355 A -6 1 -25 0 -53 -1
1355 A -6 1 -31 0 -107 -2
1355 A -6 1 -32 0 155 3
1355 A -6 1 -29 -1 104 2
1355 A -6 1 -34 -1 -77 -1
1355 A -6 1 -37 -1 91 2
1355 A -6 1 -43 -1 -116 -2
1355 A -6 1 -44 -1 143 2
1355 A -6 1 -52 -1 64 1
1355 A -6 1 -56 -1 113 2
1355 A -6 1 -58 -1 -92 -1
1355 A -6 1 -74 -1 131 2
1355 A -6 1 -106 -2 154 3
1355 A -6 1 -115 -2 142 2
1355 A -6 1 -119 -2 -151 -3
1355 A 5 1 -20 0 -156 2
1355 A 5 1 -25 0 -54 1
1355 A 5 1 -31 0 -109 2
1355 A 5 1 -32 0 158 -3
1355 A 5 1 30 -1 -106 2
1355 A 5 1 35 -1 78 -1
1355 A 5 1 38 -1 -93 2
1355 A 5 1 44 -1 118 -2
1355 A 5 1 45 -1 -145 2
1355 A 5 1 53 -1 -65 1
1355 A 5 1 57 -1 -115 2
1355 A 5 1 59 -1 93 -1
1355 A 5 1 75 -1 -133 2
1355 A 5 1 108 -2 -157 3
1355 A 5 1 117 -2 -144 2
1355 A 5 1 121 -2 154 -3
1355 A -7 1 -22 0 45 1
1355 A -7 1 -23 0 102 2
1355 A -7 1 -25 0 54 1
1355 A -7 1 -26 0 37 1
1355 A -7 1 -24 -1 -79 -1
1355 A -7 1 -25 -1 117 2
1355 A -7 1 -34 -1 137 3
1355 A -7 1 -36 -1 -55 -1
1355 A -7 1 -43 -1 -139 -3
1355 A -7 1 -57 -1 -111 -2
1355 A -7 1 -58 -1 149 3
1355 A -7 1 -76 -1 87 2
1355 A -7 1 -78 -1 116 2
1355 A -7 1 -75 -2 123 2
1355 A -7 1 -92 -2 119 2
1355 A -7 1 -107 -2 127 3
1355 A -7 1 -108 -2 -157 -3
1355 A -7 1 -110 -2 148 3
1355 A -7 1 -120 -2 -131 -2
1355 A -7 1 -126 -2 -145 -3
1355 A -7 1 -128 -3 158 3
1355 A 6 1 -22 0 46 -1
1355 A 6 1 -23 0 104 -2
1355 A 6 1 -25 0 55 -1
1355 A 6 1 -26 0 38 -1
1355 A 6 1 25 -1 80 -1
1355 A 6 1 26 -1 -119 2
1355 A 6 1 35 -1 -140 3
1355 A 6 1 37 -1 56 -1
1355 A 6 1 44 -1 142 -3
1355 A 6 1 58 -1 113 -2
1355 A 6 1 59 -1 -152 3
1355 A 6 1 77 -1 -89 2
1355 A 6 1 79 -1 -118 2
1355 A 6 1 77 -2 -125 2
1355 A 6 1 94 -2 -121 2
1355 A 6 1 109 -2 -130 3
1355 A 6 1 110 -2 160 -3
1355 A 6 1 112 -2 -151 3
1355 A 6 1 122 -2 133 -2
1355 A 6 1 128 -2 148 -3
1355 A 6 1 131 -3 -161 3
1355 A -8 1 -21 0 -78 -2
1355 A -8 1 -24 0 -157 -3
1355 A -8 1 -26 0 68 1
1355 A -8 1 -19 -1 -101 -2
1355 A -8 1 -26 -1 -127 -3
1355 A -8 1 -30 -1 44 1
1355 A -8 1 -33 -1 90 2
1355 A -8 1 -34 -1 -39 -1
1355 A -8 1 -45 -1 66 2
1355 A -8 1 -46 -1 115 3
1355 A -8 1 -51 -1 130 3
1355 A -8 1 -54 -1 -148 -3
1355 A -8 1 -61 -1 -142 -3
1355 A -8 1 -67 -2 -114 -3
1355 A -8 1 -70 -2 -108 -2
1355 A -8 1 -118 -3 129 3
1355 A -8 1 -137 -3 -160 -3
1355 A -8 1 -138 -3 154 3
1355 A 7 1 -21 0 -80 2
1355 A 7 1 -24 0 -160 3
1355 A 7 1 -26 0 69 -1
1355 A 7 1 20 -1 103 -2
1355 A 7 1 27 -1 130 -3
1355 A 7 1 31 -1 -45 1
1355 A 7 1 34 -1 -92 2
1355 A 7 1 35 -1 40 -1
1355 A 7 1 46 -1 -68 2
1355 A 7 1 47 -1 -118 3
1355 A 7 1 52 -1 -133 3
1355 A 7 1 55 -1 151 -3
1355 A 7 1 62 -1 145 -3
1355 A 7 1 69 -2 117 -3
1355 A 7 1 72 -2 110 -2
1355 A 7 1 121 -3 -132 3
1355 A 7 1 140 -3 163 -3
1355 A 7 1 141 -3 -157 3
1355 A 20 0 -8 -1 -1 9
1355 A 20 0 9 -1 -8 9
1355 A 20 0 -9 -1 10 -9
1355 A 20 0 10 -1 -1 -9
1355 A 20 0 1 -3 -2 -7
1355 A 20 0 2 -3 9 -7
1355 A 20 0 0 -3 -7 7
1355 A 20 0 3 -3 0 7
1355 A 20 0 -2 -3 5 -3
1355 A 20 0 -4 -3 -7 3
1355 A 20 0 -7 -3 10 -3
1355 A 20 0 3 -7 -4 7
1355 A 20 0 2 -7 5 -7
1355 A 20 0 -1 -7 -8 7
1355 A 20 0 -3 -7 10 -7
1355 A 20 0 4 -9 -5 9
1355 A 20 0 3 -9 6 -9
1355 A 20 0 0 -9 -9 9
1355 A 20 0 -2 -9 11 -9
1355 A -9 1 -22 0 -47 -1
1355 A -9 1 -23 0 116 3
1355 A -9 1 -16 -1 121 3
1355 A -9 1 -19 -1 -35 -1
1355 A -9 1 -26 -1 38 1
1355 A -9 1 -40 -1 124 3
1355 A -9 1 -46 -1 115 3
1355 A -9 1 -53 -1 143 4
1355 A -9 1 -61 -1 -146 -4
1355 A -9 1 -62 -1 92 2
1355 A -9 1 -71 -2 -130 -3
1355 A -9 1 -73 -2 -113 -3
1355 A -9 1 -80 -2 -103 -3
1355 A -9 1 -91 -2 145 4
1355 A -9 1 -97 -2 157 4
1355 A -9 1 -98 -3 158 4
1355 A -9 1 -104 -3 -133 -3
1355 A -9 1 -134 -4 155 4
1355 A -9 1 -136 -4 148 4
1355 A 8 1 -22 0 -48 1
1355 A 8 1 -23 0 119 -3
1355 A 8 1 17 -1 -124 3
1355 A 8 1 20 -1 36 -1
1355 A 8 1 27 -1 -39 1
1355 A 8 1 41 -1 -127 3
1355 A 8 1 47 -1 -118 3
1355 A 8 1 54 -1 -147 4
1355 A 8 1 62 -1 150 -4
1355 A 8 1 63 -1 -94 2
1355 A 8 1 73 -2 133 -3
1355 A 8 1 75 -2 116 -3
1355 A 8 1 82 -2 106 -3
1355 A 8 1 93 -2 -149 4
1355 A 8 1 99 -2 -161 4
1355 A 8 1 101 -3 -162 4
1355 A 8 1 107 -3 136 -3
1355 A 8 1 138 -4 -159 4
1355 A 8 1 140 -4 -152 4
1355 A -10 1 -13 -1 46 1
1355 A -10 1 -18 -1 36 1
1355 A -10 1 -19 -1 54 2
1355 A -10 1 -22 -1 -57 -1
1355 A -10 1 -24 -1 -124 -4
1355 A -10 1 -25 -1 -39 -1
1355 A -10 1 -27 -1 48 1
1355 A -10 1 -28 -1 -59 -2
1355 A -10 1 -30 -1 88 3
1355 A -10 1 -31 -1 -106 -3
1355 A -10 1 -37 -1 -53 -2
1355 A -10 1 -40 -1 -123 -4
1355 A -10 1 -48 -2 -62 -2
1355 A -10 1 -50 -2 150 4
1355 A -10 1 -74 -2 138 4
1355 A -10 1 -75 -2 110 3
1355 A -10 1 -77 -2 85 3
1355 A -10 1 -78 -2 157 4
1355 A -10 1 -80 -2 103 3
1355 A -10 1 -86 -3 -156 -4
1355 A -10 1 -89 -3 107 3
1355 A -10 1 -109 -3 -139 -4
1355 A -10 1 -118 -3 -160 -4
1355 A -10 1 -119 -3 127 4
1355 A -10 1 -127 -3 -154 -4
1355 A -10 1 -126 -4 159 4
1355 A 9 1 14 -1 -47 1
1355 A 9 1 19 -1 -37 1
1355 A 9 1 20 -1 -56 2
1355 A 9 1 23 -1 58 -1
1355 A 9 1 25 -1 128 -4
1355 A 9 1 26 -1 40 -1
1355 A 9 1 28 -1 -49 1
1355 A 9 1 29 -1 61 -2
1355 A 9 1 31 -1 -91 3
1355 A 9 1 32 -1 109 -3
1355 A 9 1 38 -1 55 -2
1355 A 9 1 41 -1 127 -4
1355 A 9 1 50 -2 64 -2
1355 A 9 1 52 -2 -154 4
1355 A 9 1 76 -2 -142 4
1355 A 9 1 77 -2 -113 3
1355 A 9 1 79 -2 -88 3
1355 A 9 1 80 -2 -161 4
1355 A 9 1 82 -2 -106 3
1355 A 9 1 89 -3 160 -4
1355 A 9 1 92 -3 -110 3
1355 A 9 1 112 -3 143 -4
1355 A 9 1 121 -3 164 -4
1355 A 9 1 122 -3 -131 4
1355 A 9 1 130 -3 158 -4
1355 A 9 1 130 -4 -163 4
1355 A 21 0 11 -1 4 -8
1355 A 21 0 1 -2 2 -4
1355 A 21 0 -5 -2 -7 8
1355 A 21 0 7 -2 -1 8
1355 A 21 0 -7 -4 -11 4
1355 A 21 0 13 -5 5 -10
1355 A -11 1 -11 -1 -80 -2
1355 A -11 1 -12 -1 -28 -1
1355 A -11 1 -13 -1 98 3
1355 A -11 1 -25 -1 -157 -5
1355 A -11 1 -32 -1 72 2
1355 A -11 1 -41 -1 73 2
1355 A -11 1 -48 -1 104 3
1355 A -11 1 -50 -1 -140 -4
1355 A -11 1 -56 -2 158 5
1355 A -11 1 -58 -2 130 4
1355 A -11 1 -63 -2 -151 -5
1355 A -11 1 -88 -3 -108 -3
1355 A -11 1 -131 -4 140 5
1355 A 10 1 12 -1 82 -2
1355 A 10 1 13 -1 29 -1
1355 A 10 1 14 -1 -101 3
1355 A 10 1 26 -1 162 -5
1355 A 10 1 33 -1 -74 2
1355 A 10 1 42 -1 -75 2
1355 A 10 1 49 -1 -107 3
1355 A 10 1 51 -1 144 -4
1355 A 10 1 58 -2 -163 5
1355 A 10 1 60 -2 -134 4
1355 A 10 1 65 -2 156 -5
1355 A 10 1 91 -3 111 -3
1355 A 10 1 135 -4 -145 5
1355 A -12 1 -11 -1 29 1
1355 A -12 1 -14 -1 -115 -4
1355 A -12 1 -20 -1 -67 -3
1355 A -12 1 -23 -1 -100 -4
1355 A -12 1 -26 -1 38 2
1355 A -12 1 -28 -1 70 3
1355 A -12 1 -38 -1 131 4
1355 A -12 1 -41 -1 56 2
1355 A -12 1 -44 -1 107 3
1355 A -12 1 -40 -2 136 4
1355 A -12 1 -47 -2 -139 -5
1355 A -12 1 -58 -2 -164 -5
1355 A -12 1 -65 -2 -91 -3
1355 A -12 1 -76 -3 -116 -4
1355 A -12 1 -89 -3 -151 -5
1355 A -12 1 -94 -3 -161 -5
1355 A -12 1 -113 -4 -136 -5
1355 A -12 1 -133 -5 145 5
1355 A 11 1 12 -1 -30 1
1355 A 11 1 15 -1 119 -4
1355 A 11 1 21 -1 70 -3
1355 A 11 1 24 -1 104 -4
1355 A 11 1 27 -1 -40 2
1355 A 11 1 29 -1 -73 3
1355 A 11 1 39 -1 -135 4
1355 A 11 1 42 -1 -58 2
1355 A 11 1 45 -1 -110 3
1355 A 11 1 42 -2 -140 4
1355 A 11 1 49 -2 144 -5
1355 A 11 1 60 -2 169 -5
1355 A 11 1 67 -2 94 -3
1355 A 11 1 79 -3 120 -4
1355 A 11 1 92 -3 156 -5
1355 A 11 1 97 -3 166 -5
1355 A 11 1 117 -4 141 -5
1355 A 11 1 138 -5 -150 5
1355 A 22 0 1 -5 4 -5
1355 A 22 0 -3 -5 -2 -7
1355 A 22 0 8 -5 9 -7
1355 A 22 0 -4 -5 -3 9
1355 A 22 0 9 -5 -6 9
1355 A 22 0 -7 -5 12 -5
1355 A 22 0 -8 -5 -13 5
1355 A 22 0 0 -7 7 -7
1355 A 22 0 -1 -7 -4 9
1355 A 22 0 8 -7 -5 9
1355 A 22 0 -3 -7 6 9
1355 A 22 0 10 -7 -15 9
1355 A 22 0 -4 -7 11 -7
1355 A -13 1 -15 -1 -40 -1
1355 A -13 1 -19 -1 -154 -6
1355 A -13 1 -21 -1 -92 -3
1355 A -13 1 -34 -1 106 4
1355 A -13 1 -46 -1 -99 -4
1355 A -13 1 -41 -2 94 3
1355 A -13 1 -42 -2 117 5
1355 A -13 1 -53 -2 68 2
1355 A -13 1 -66 -2 74 3
1355 A -13 1 -73 -3 -98 -3
1355 A -13 1 -105 -4 -149 -6
1355 A -13 1 -109 -4 141 5
1355 A -13 1 -126 -4 -138 -5
1355 A -13 1 -114 -5 146 6
1355 A -13 1 -123 -5 -143 -5
1355 A -13 1 -128 -5 -140 -6
1355 A 12 1 16 -1 41 -1
1355 A 12 1 20 -1 160 -6
1355 A 12 1 22 -1 95 -3
1355 A 12 1 35 -1 -110 4
1355 A 12 1 47 -1 103 -4
1355 A 12 1 43 -2 -97 3
1355 A 12 1 44 -2 -122 5
1355 A 12 1 55 -2 -70 2
1355 A 12 1 68 -2 -77 3
1355 A 12 1 76 -3 101 -3
1355 A 12 1 109 -4 155 -6
1355 A 12 1 113 -4 -146 5
1355 A 12 1 130 -4 143 -5
1355 A 12 1 119 -5 -152 6
1355 A 12 1 128 -5 148 -5
1355 A 12 1 133 -5 146 -6
1355 A -14 1 -14 -1 -65 -2
1355 A -14 1 -22 -1 -162 -6
1355 A -14 1 -28 -1 -34 -2
1355 A -14 1 -31 -1 136 6
1355 A -14 1 -32 -2 109 4
1355 A -14 1 -55 -2 71 3
1355 A -14 1 -63 -2 -145 -6
1355 A -14 1 -84 -4 -143 -6
1355 A -14 1 -88 -4 129 5
1355 A -14 1 -98 -4 -103 -4
1355 A -14 1 -113 -5 158 6
1355 A 13 1 15 -1 67 -2
1355 A 13 1 23 -1 168 -6
1355 A 13 1 29 -1 36 -2
1355 A 13 1 32 -1 -142 6
1355 A 13 1 34 -2 -113 4
1355 A 13 1 57 -2 -74 3
1355 A 13 1 65 -2 151 -6
1355 A 13 1 88 -4 149 -6
1355 A 13 1 92 -4 -134 5
1355 A 13 1 102 -4 107 -4
1355 A 13 1 118 -5 -164 6
1355 A 23 0 -3 -2 2 -10
1355 A 23 0 5 -2 8 -10
1355 A 23 0 -5 -2 9 4
1355 A 23 0 7 -2 -13 4
1355 A 23 0 -6 -2 8 -2
1355 A 23 0 -9 -2 -2 -8
1355 A 23 0 11 -2 10 -8
1355 A 23 0 -1 -3 -1 -5
1355 A 23 0 4 -3 6 -5
1355 A 23 0 13 -3 15 -7
1355 A 23 0 -1 -4 5 -4
1355 A 23 0 -6 -4 1 -5
1355 A 23 0 10 -4 4 -5
1355 A 23 0 -4 -5 9 -5
1355 A 23 0 3 -6 -4 8
1355 A 23 0 -3 -7 -3 9
1355 A 23 0 10 -7 -6 9
1355 A -15 1 -16 -1 79 3
1355 A -15 1 -23 -1 -85 -3
1355 A -15 1 -32 -1 152 7
1355 A -15 1 -37 -1 -50 -3
1355 A -15 1 -43 -2 -113 -5
1355 A -15 1 -44 -2 140 6
1355 A -15 1 -64 -2 -86 -4
1355 A -15 1 -59 -3 137 6
1355 A -15 1 -76 -3 -155 -6
1355 A -15 1 -92 -4 152 6
1355 A 14 1 17 -1 -82 3
1355 A 14 1 24 -1 88 -3
1355 A 14 1 33 -1 -159 7
1355 A 14 1 38 -1 53 -3
1355 A 14 1 45 -2 118 -5
1355 A 14 1 46 -2 -146 6
1355 A 14 1 66 -2 90 -4
1355 A 14 1 62 -3 -143 6
1355 A 14 1 79 -3 161 -6
1355 A 14 1 96 -4 -158 6
1355 A 24 0 1 -2 11 2
1355 A 24 0 -5 -2 -7 2
1355 A 24 0 5 -10 7 10
1355 A 24 0 -1 -10 -11 10
1355 A -16 1 -22 -1 -147 -7
1355 A -16 1 -31 -1 -159 -7
1355 A -16 1 -33 -1 82 3
1355 A -16 1 -44 -2 96 4
1355 A -16 1 -45 -2 108 5
1355 A -16 1 -46 -3 90 4
1355 A -16 1 -67 -4 125 6
1355 A -16 1 -97 -4 -107 -5
1355 A -16 1 -130 -6 -157 -7
1355 A -16 1 -146 -6 -144 -7
1355 A 15 1 23 -1 154 -7
1355 A 15 1 32 -1 166 -7
1355 A 15 1 34 -1 -85 3
1355 A 15 1 46 -2 -100 4
1355 A 15 1 47 -2 -113 5
1355 A 15 1 49 -3 -94 4
1355 A 15 1 71 -4 -131 6
1355 A 15 1 101 -4 112 -5
1355 A 15 1 136 -6 164 -7
1355 A 15 1 152 -6 151 -7
1355 A -17 1 -16 -1 -20 -1
1355 A -17 1 -29 -1 42 3
1355 A -17 1 -32 -1 110 6
1355 A -17 1 -109 -5 -155 -7
1355 A 16 1 17 -1 21 -1
1355 A 16 1 30 -1 -45 3
1355 A 16 1 33 -1 -116 6
1355 A 16 1 114 -5 162 -7
1355 A 25 0 -7 -2 11 -8
1355 A 25 0 9 -2 -3 -8
1355 A 25 0 -10 -2 12 -2
1355 A 25 0 0 -4 -4 4
1355 A 25 0 -7 -4 11 -4
1355 A 25 0 -10 -4 1 -11
1355 A 25 0 14 -4 10 -11
1355 A 25 0 2 -11 9 -11
1355 A -18 1 -25 -2 -38 -2
1355 A -18 1 -70 -4 142 7
1355 A -18 1 -83 -5 158 8
1355 A -18 1 -113 -6 125 7
1355 A 17 1 27 -2 40 -2
1355 A 17 1 74 -4 -149 7
1355 A 17 1 88 -5 -166 8
1355 A 17 1 119 -6 -132 7
1355 A 26 0 0 -3 9 -9
1355 A 26 0 3 -3 0 -9
1355 A 26 0 -6 -3 15 -5
1355 A 26 0 9 -3 -10 -5
1355 A 26 0 -7 -3 10 -3
1355 A 26 0 -5 -7 -8 9
1355 A 26 0 12 -7 -1 9
1355 A 26 0 -2 -9 -11 9
1355 A -19 1 -18 -1 -54 -2
1355 A -19 1 -27 -1 -36 -2
1355 A -19 1 -27 -2 -106 -6
1355 A -19 1 -53 -3 -54 -4
1355 A -19 1 -86 -5 149 8
1355 A -19 1 -107 -6 -132 -7
1355 A 18 1 19 -1 56 -2
1355 A 18 1 28 -1 38 -2
1355 A 18 1 29 -2 112 -6
1355 A 18 1 56 -3 58 -4
1355 A 18 1 91 -5 -157 8
1355 A 18 1 113 -6 139 -7
1355 A -21 1 -44 -2 98 5
1355 A -21 1 -37 -3 -128 -8
1355 A 20 1 46 -2 -103 5
1355 A 20 1 40 -3 136 -8
1355 A 28 0 4 -9 -5 9
1355 A 28 0 3 -9 6 -9
1355 A 28 0 -1 -9 10 -9
1355 A 28 0 5 -11 -2 13
1355 A 28 0 6 -11 -11 13
1355 A -22 1 -79 -4 -105 -7
1355 A -22 1 -137 -9 -153 -10
1355 A 21 1 83 -4 112 -7
1355 A 21 1 146 -9 163 -10
1355 A 29 0 -6 -3 -10 13
1355 A 29 0 9 -3 -3 13
1355 A 29 0 2 -5 3 -5
1355 A 29 0 5 -10 21 -13
1355 A 29 0 4 -10 -13 12
1355 A 29 0 6 -10 1 12
1355 A -24 1 -26 -1 -76 -5
1355 A -24 1 -29 -3 -79 -7
1355 A -24 1 -46 -3 130 10
1355 A -24 1 -56 -4 74 4
1355 A -24 1 -131 -9 158 10
1355 A 23 1 27 -1 81 -5
1355 A 23 1 32 -3 86 -7
1355 A 23 1 49 -3 -140 10
1355 A 23 1 60 -4 -78 4
1355 A 23 1 140 -9 -168 10
1355 A 30 0 -5 -2 -13 8
1355 A 30 0 7 -2 5 8
1355 A 30 0 -1 -4 -5 4
1355 A 30 0 -7 -4 1 -14
1355 A 30 0 11 -4 13 -14
1355 A 30 0 1 -8 -7 8
1355 A -25 1 -26 -2 -133 -10
1355 A -25 1 -27 -2 -164 -11
1355 A 24 1 28 -2 143 -10
1355 A 24 1 29 -2 175 -11
1355 A 31 0 18 -5 22 -13
1355 A -26 1 -52 -3 128 10
1355 A 25 1 55 -3 -138 10
1355 A 32 0 -2 -7 5 -11
1355 A 32 0 9 -7 6 -11
1355 A 32 0 6 -13 7 -13
1355 A 34 0 4 -9 5 -9
1355 A -21 2 -95 -2 314 9
1355 A 19 2 97 -2 -323 9
1355 A 49 0 -10 -5 15 -5
1355 A 64 0 -25 -13 38 -13
1355 S 2 1 5 0
1355 S -1 2 5 0
1355 S 3 1 9 0
1355 S -3 2 9 0
1355 S -6 4 9 0
1355 S -4 1 9 0
1355 S 1 2 9 0
1355 S 2 4 9 0
1355 S 1 1 11 0
1355 S 2 2 11 0
1355 S 3 3 11 0
1355 S -7 4 11 0
1355 S -6 5 11 0
1355 S -2 1 11 0
1355 S -4 2 11 0
1355 S -6 3 11 0
1355 S 3 4 11 0
1355 S 1 5 11 0
1355 S 3 1 13 0
1355 S -7 2 13 0
1355 S -4 3 13 0
1355 S -1 4 13 0
1355 S 2 5 13 0
1355 S -8 6 13 0
1355 S -4 1 13 0
1355 S 5 2 13 0
1355 S 1 3 13 0
1355 S -3 4 13 0
1355 S -7 5 13 0
1355 S 2 6 13 0
1355 S -3 1 15 0
1355 S -6 2 15 0
1355 S 3 4 15 0
1355 S -6 7 15 0
1355 S 2 1 15 0
1355 S 4 2 15 0
1355 S -7 4 15 0
1355 S -1 7 15 0
1355 T 776 298 2598 0 0
1355 T 2600 315 2521 0 0
1355 T 2523 296 774 0 0
1355 T 296 313 298 0 0
1355 T 1756 171 2758 0 0
1355 T 2760 175 2653 0 0
1355 T 2655 165 1754 0 0
1355 T 165 173 171 0 0
1355 T 268 642 2066 0 0
1355 T 2068 681 2001 0 0
1355 T 2003 648 266 0 0
1355 T 648 683 642 0 0
1355 T 177 1462 826 0 0
1355 T 836 1703 179 0 0
1355 T 828 891 834 0 0
1355 T 1703 889 1462 0 0
1355 T 179 1653 829 0 0
1355 T 831 890 821 0 0
1355 T 823 1563 177 0 0
1355 T 1563 892 1653 1 0
1355 T 7 833 1697 0 0
1355 T 1699 896 1649 0 0
1355 T 1651 831 8 0 0
1355 T 831 894 833 0 0
1355 T 380 2166 518 -1 0
1355 T 516 2251 378 0 0
1355 T 520 546 514 0 0
1355 T 2251 548 2166 0 0
1355 T 96 94 96 -1 0
1355 T 1 2 1 0 0
1355 T 904 141 1505 0 0
1355 T 894 898 902 0 0
1355 T 1507 1608 896 1 0
1355 T 898 1606 141 0 0
1355 T 284 2189 666 0 0
1355 T 668 651 659 0 0
1355 T 657 1709 282 0 0
1355 T 1709 649 2189 0 0
1355 T 279 1663 657 0 0
1355 T 663 2275 277 0 0
1355 T 659 654 661 0 0
1355 T 2275 656 1663 0 0
1355 T 412 395 403 0 0
1355 T 401 2326 2606 0 0
1355 T 2608 691 410 0 0
1355 T 691 2328 395 0 0
1355 T 407 686 2530 0 0
1355 T 403 398 405 0 0
1355 T 2532 2400 401 0 0
1355 T 398 2398 686 0 0
1355 T 236 231 235 0 0
1355 T 233 2637 954 0 0
1355 T 956 2564 234 0 0
1355 T 2564 2639 231 0 0
1355 T 140 136 84 0 0
1355 T 380 445 374 -1 0
1355 T 376 2416 518 0 0
1355 T 2168 2414 445 0 0
1355 T 371 444 377 0 0
1355 T 515 2342 369 0 0
1355 T 444 2344 2250 0 0
1355 T 622 1637 1685 0 0
1355 T 620 616 624 0 0
1355 T 1687 194 618 0 0
1355 T 616 196 1637 0 0
1355 T 376 2035 510 0 0
1355 T 512 526 518 0 0
1355 T 2414 528 2035 0 0
1355 T 515 531 505 0 0
1355 T 507 2097 369 0 0
1355 T 2097 529 2344 0 0
1355 T 812 944 818 0 0
1355 T 816 943 806 0 0
1355 T 2868 98 2954 0 0
1355 T 2956 103 2901 0 0
1355 T 2903 97 2866 0 0
1355 T 97 101 98 0 0
1355 T 640 286 2357 0 0
1355 T 2359 311 2509 -1 0
1355 T 2511 296 638 0 0
1355 T 296 309 286 0 0
1355 T 635 297 2585 0 0
1355 T 2288 291 633 0 0
1355 T 2587 310 2286 0 0
1355 T 291 312 297 0 0
1355 T 210 206 207 0 0
1355 T 205 1757 2689 0 0
1355 T 2691 2796 212 0 0
1355 T 2796 1759 206 0 0
1355 T 768 1502 2201 0 0
1355 T 760 903 766 0 0
1355 T 2203 221 758 0 0
1355 T 903 223 1502 0 0
1355 T 763 898 753 0 0
1355 T 755 221 2118 0 0
1355 T 2120 1604 761 0 0
1355 T 1604 223 898 0 0
1355 T 632 628 624 0 0
1355 T 622 2117 2201 0 0
1355 T 2203 15 630 0 0
1355 T 15 2119 628 0 0
1355 T 420 2647 890 0 0
1355 T 416 86 418 0 0
1355 T 892 2570 414 -1 0
1355 T 86 2572 2647 0 0
1355 T 640 670 630 0 0
1355 T 632 1513 2357 0 0
1355 T 288 1515 670 0 0
1355 T 627 675 633 0 0
1355 T 2288 1615 625 0 0
1355 T 675 1613 289 0 0
1355 T 164 182 158 0 0
1355 T 160 1959 2521 0 0
1355 T 2600 1960 162 0 0
1355 T 268 842 2061 0 0
1355 T 2063 981 1997 0 0
1355 T 1999 840 266 0 0
1355 T 840 983 842 0 0
1355 T 2023 641 398 0 0
1355 T 2400 651 2021 0 0
1355 T 641 649 686 0 0
1355 T 395 648 2085 0 0
1355 T 2087 654 2326 0 0
1355 T 691 656 648 0 0
1355 T 284 2168 858 0 0
1355 T 860 856 864 1 0
1355 T 856 2249 278 0 0
1355 T 208 1773 2901 0 0
1355 T 2956 1771 207 0 0
1355 T 376 457 366 0 0
1355 T 368 2620 510 0 0
1355 T 2033 2618 457 0 0
1355 T 363 457 369 0 0
1355 T 507 2542 361 0 0
1355 T 457 2544 2099 0 0
1355 T 828 948 818 0 0
1355 T 820 150 2009 0 0
1355 T 2011 1282 826 0 0
1355 T 1282 152 948 0 0
1355 T 823 1231 2073 0 0
1355 T 815 949 821 0 0
1355 T 2075 150 813 0 0
1355 T 949 152 1231 0 0
1355 T 172 1238 794 0 0
1355 T 804 2269 170 0 0
1355 T 796 963 802 0 0
1355 T 2269 961 1238 0 0
1355 T 167 2187 797 0 0
1355 T 799 958 789 0 0
1355 T 791 1292 165 0 0
1355 T 1292 960 2187 0 0
1355 T 284 303 274 0 0
1355 T 276 1009 2921 0 0
1355 T 2923 2416 282 0 0
1355 T 2416 1011 303 0 0
1355 T 279 2342 2973 0 0
1355 T 271 306 277 0 0
1355 T 2975 1016 269 0 0
1355 T 306 1014 2342 0 0
1355 T 368 1668 502 0 0
1355 T 504 524 510 0 0
1355 T 2618 522 1668 0 0
1355 T 507 524 497 0 0
1355 T 499 1714 361 0 0
1355 T 1714 522 2544 0 0
1355 T 2923 447 858 0 0
1355 T 855 442 2973 0 0
1355 T 576 416 1653 0 0
1355 T 1563 2570 574 0 0
1355 T 420 572 1704 0 0
1355 T 2645 1463 572 0 0
1355 T 736 877 726 0 0
1355 T 728 2349 1533 0 0
1355 T 1535 291 734 0 0
1355 T 291 2351 877 0 0
1355 T 731 286 1434 0 0
1355 T 723 876 729 0 0
1355 T 1436 2423 721 0 0
1355 T 876 2421 286 0 0
1355 T 113 865 1257 0 0
1355 T 1259 1207 1852 -1 0
1355 T 863 869 865 0 0
1355 T 1207 871 114 0 0
1355 T 1752 132 2577 0 0
1355 T 2579 122 2893 0 0
1355 T 2895 141 1750 0 0
1355 T 141 124 132 0 0
1355 T 1747 144 2945 0 0
1355 T 2504 125 1745 0 0
1355 T 2947 119 2502 0 0
1355 T 125 117 144 0 0
1355 T 1659 694 410 0 0
1355 T 2608 700 1657 0 0
1355 T 694 698 689 0 0
1355 T 407 694 1705 0 0
1355 T 1707 701 2530 0 0
1355 T 688 703 694 0 0
1355 T 532 307 1489 0 0
1355 T 1491 1013 2098 0 0
1355 T 1591 302 525 0 0
1355 T 2036 1012 1589 0 0
1355 T 189 789 1245 0 0
1355 T 1247 784 2309 0 0
1355 T 2311 787 191 0 0
1355 T 787 782 789 0 0
1355 T 191 787 2381 0 0
1355 T 1196 796 189 0 0
1355 T 2383 777 1194 0 0
1355 T 796 779 787 0 0
1355 T 772 538 2586 0 0
1355 T 2588 543 2509 0 0
1355 T 2511 537 770 0 0
1355 T 537 541 538 0 0
1355 T 880 972 870 0 0
1355 T 872 1673 2402 0 0
1355 T 2404 339 878 0 0
1355 T 339 1675 972 0 0
1355 T 875 339 2330 0 0
1355 T 867 965 873 0 0
1355 T 2332 1723 865 0 0
1355 T 965 1721 339 0 0
1355 T 636 680 638 0 0
1355 T 1784 164 2309 0 0
1355 T 1247 1111 1782 0 0
1355 T 1111 784 164 0 0
1355 T 1779 1186 1194 0 0
1355 T 2383 157 1777 0 0
1355 T 157 777 1186 0 0
1355 T 1559 112 826 0 0
1355 T 2011 1029 1557 0 0
1355 T 112 1031 1284 0 0
1355 T 823 112 1458 0 0
1355 T 1460 1028 2073 0 0
1355 T 1229 1026 112 0 0
1355 T 520 936 2293 0 0
1355 T 2368 938 514 0 0
1355 T 2295 226 2366 0 0
1355 T 184 182 184 0 0
1355 T 1327 21 1578 0 0
1355 T 1584 4 1325 1 0
1355 T 1580 1621 1582 0 0
1355 T 1396 4 1482 0 0
1355 T 1480 19 1394 0 0
1355 T 1484 1523 1478 0 0
1355 T 537 309 2045 0 0
1355 T 2047 2112 544 -1 0
1355 T 2112 311 538 0 0
1355 T 392 452 398 0 0
1355 T 2023 2977 390 0 0
1355 T 452 2979 643 0 0
1355 T 395 453 385 0 0
1355 T 387 2927 2085 0 0
1355 T 646 2925 453 0 0
1355 T 784 1356 2598 0 0
1355 T 776 886 782 0 0
1355 T 886 298 1356 0 0
1355 T 779 883 773 0 0
1355 T 2524 1422 777 0 0
1355 T 1422 295 883 0 0
1355 T 1163 155 654 0 0
1355 T 1663 1965 1161 0 0
1355 T 155 1967 2275 0 0
1355 T 651 155 1086 0 0
1355 T 1088 1964 1709 0 0
1355 T 2189 1962 155 0 0
1355 T 2359 2047 770 0 0
1355 T 771 2109 2286 0 0
1355 T 760 930 750 0 0
1355 T 752 1076 2197 0 0
1355 T 2199 117 758 0 0
1355 T 117 1074 930 0 0
1355 T 755 124 2114 0 0
1355 T 747 927 753 0 0
1355 T 2116 1149 745 0 0
1355 T 927 1151 124 0 0
1355 T 768 909 770 0 0
1355 T 2359 435 766 0 0
1355 T 909 433 2045 0 0
1355 T 771 908 761 0 0
1355 T 763 430 2286 0 0
1355 T 2111 432 908 0 0
1355 T 233 1234 950 0 0
1355 T 952 978 954 0 0
1355 T 2639 980 1234 0 0
1355 T 955 975 945 0 0
1355 T 947 1287 233 0 0
1355 T 1287 973 2561 0 0
1355 T 113 2330 1838 0 0
1355 T 1840 1723 1257 0 0
1355 T 1835 2404 113 0 0
1355 T 1208 1673 1833 0 0
1355 T 140 3103 2463 0 0
1355 T 132 155 138 0 0
1355 T 2461 2530 130 0 0
1355 T 155 2532 3103 0 0
1355 T 135 155 125 0 0
1355 T 127 2608 2461 0 0
1355 T 2463 3029 133 0 0
1355 T 3029 2606 155 0 0
1355 T 226 222 223 0 0
1355 T 1111 1356 1958 0 0
1355 T 1958 1422 1186 0 0
1355 T 561 497 1685 0 0
1355 T 495 501 497 0 0
1355 T 1639 503 562 0 0
1355 T 512 2908 2209 0 0
1355 T 2211 797 518 0 0
1355 T 797 2906 528 0 0
1355 T 515 804 2126 0 0
1355 T 2128 2958 505 0 0
1355 T 529 2960 804 0 0
1355 T 1840 1088 2021 0 0
1355 T 2400 155 1838 0 0
1355 T 1835 155 2326 0 0
1355 T 2087 1161 1833 0 0
1355 T 204 703 1273 0 0
1355 T 1275 696 2337 0 0
1355 T 2339 686 202 0 0
1355 T 199 691 2409 0 0
1355 T 1224 698 197 0 0
1355 T 2411 696 1222 0 0
1355 T 628 2728 762 0 0
1355 T 765 629 2830 0 0
1355 T 189 1314 1141 0 0
1355 T 1143 1156 1137 0 0
1355 T 1139 2227 191 0 0
1355 T 2227 1154 1314 0 0
1355 T 191 2141 1062 0 0
1355 T 1064 1077 1066 0 0
1355 T 1068 1383 189 0 0
1355 T 1383 1079 2141 0 0
1355 T 210 2378 2305 0 0
1355 T 2307 301 1782 0 0
1355 T 1780 307 2378 0 0
1355 T 301 305 314 0 0
1355 T 512 1776 2513 0 0
1355 T 2515 191 2209 0 0
1355 T 2906 189 1776 0 0
1355 T 2128 191 2589 0 0
1355 T 2591 1769 505 0 0
1355 T 1769 189 2960 0 0
1355 T 116 1154 1582 0 0
1355 T 1580 2235 114 0 0
1355 T 2235 1621 1154 0 0
1355 T 114 2149 1478 0 0
1355 T 1484 1079 116 0 0
1355 T 1079 1523 2149 0 0
1355 T 576 455 2962 0 0
1355 T 2964 424 1653 0 0
1355 T 414 422 455 0 0
1355 T 1703 425 2910 0 0
1355 T 2912 450 569 0 0
1355 T 450 427 419 0 0
1355 T 401 1833 3029 0 0
1355 T 3103 1840 401 0 0
1355 T 2027 30 1153 0 0
1355 T 2236 6 2025 0 0
1355 T 1080 35 2089 0 0
1355 T 2091 6 2150 0 0
1355 T 144 712 1610 -1 0
1355 T 1612 706 1509 0 0
1355 T 1511 711 142 0 0
1355 T 711 708 712 0 0
1355 T 2211 805 2293 0 0
1355 T 934 807 799 0 0
1355 T 2367 812 2126 0 0
1355 T 802 810 939 0 0
1355 T 14 1325 1577 -1 0
1355 T 14 1477 1394 0 0
1355 T 172 1200 567 0 0
1355 T 565 2081 2145 0 0
1355 T 2147 1967 170 0 0
1355 T 1967 2083 1200 0 0
1355 T 167 1962 2229 0 0
1355 T 567 1249 165 0 0
1355 T 2231 2019 565 0 0
1355 T 1249 2017 1962 0 0
1355 T 360 1854 2897 0 0
1355 T 352 408 358 0 0
1355 T 2899 2639 350 0 0
1355 T 408 2637 1854 0 0
1355 T 355 409 345 0 0
1355 T 347 2561 2949 0 0
1355 T 2951 1859 353 0 0
1355 T 1859 2563 409 0 0
1355 T 332 1236 350 0 0
1355 T 2899 980 330 0 0
1355 T 327 973 2949 0 0
1355 T 347 1285 325 0 0
1355 T 97 1881 1161 0 0
1355 T 1663 1875 99 0 0
1355 T 1875 1965 1881 0 0
1355 T 99 1878 1709 0 0
1355 T 1088 1888 97 0 0
1355 T 1888 1964 1878 0 0
1355 T 1271 1937 1485 0 0
1355 T 1588 1935 1217 0 0
1355 T 1812 92 1649 0 0
1355 T 1816 1921 1810 0 0
1355 T 1699 91 1814 0 0
1355 T 620 603 611 0 0
1355 T 609 1298 1681 0 0
1355 T 1683 133 618 0 0
1355 T 133 1300 603 0 0
1355 T 615 140 1634 0 0
1355 T 611 606 613 0 0
1355 T 1636 1367 609 0 0
1355 T 606 1365 140 0 0
1355 T 0 3062 2989 0 0
1355 T 2991 237 2430 0 0
1355 T 2428 243 3062 0 0
1355 T 237 241 323 0 0
1355 T 264 276 266 0 0
1355 T 2003 2983 262 0 0
1355 T 276 2981 646 0 0
1355 T 267 269 257 0 0
1355 T 259 2929 2065 0 0
1355 T 643 2931 269 0 0
1355 T 1840 1888 1830 0 0
1355 T 1832 99 2021 0 0
1355 T 1827 1881 1833 0 0
1355 T 2087 99 1825 0 0
1355 T 436 432 440 1 0
1355 T 1784 186 3086 0 0
1355 T 3088 172 2309 0 0
1355 T 162 170 186 0 0
1355 T 2383 165 3014 0 0
1355 T 3016 186 1777 0 0
1355 T 186 167 159 0 0
1355 T 1507 1915 91 0 0
1355 T 1915 1919 1921 1 0
1355 T 92 1917 1606 0 0
1355 T 1848 3 1257 0 0
1355 T 1840 1952 1846 0 0
1355 T 1952 1723 3 0 0
1355 T 1843 1953 1833 0 0
1355 T 1208 3 1841 -1 0
1355 T 3 1673 1953 1 0
1355 T 140 1907 1385 0 0
1355 T 1387 1897 1657 0 0
1355 T 1659 1950 138 0 0
1355 T 1950 1899 1907 0 0
1355 T 135 1955 1705 0 0
1355 T 1320 1910 133 0 0
1355 T 1707 1904 1318 0 0
1355 T 1910 1902 1955 0 0
1355 T 500 1872 2770 0 0
1355 T 1469 1870 1715 0 0
1355 T 501 2666 1871 0 0
1355 T 1869 1569 1665 1 0
1355 T 1896 27 1269 0 0
1355 T 1219 33 1890 0 0
1355 T 132 1972 1249 0 0
1355 T 2019 1977 130 0 0
1355 T 1977 1964 1972 0 0
1355 T 127 1977 2081 0 0
1355 T 1200 1973 125 0 0
1355 T 1973 1965 1977 0 0
1355 T 1872 100 2806 0 0
1355 T 2808 102 2701 0 0
1355 T 2703 99 1870 0 0
1355 T 2927 324 2978 0 0
1355 T 333 1642 366 0 0
1355 T 376 2371 335 0 0
1355 T 2371 457 1642 0 0
1355 T 335 2297 369 0 0
1355 T 363 1691 333 0 0
1355 T 1691 457 2297 0 0
1355 T 3088 2700 191 0 0
1355 T 2700 172 785 0 0
1355 T 191 2802 3014 0 0
1355 T 785 165 2802 0 0
1355 T 932 972 938 0 0
1355 T 936 966 926 0 0
1355 T 1872 1873 1866 0 0
1355 T 1868 188 1469 0 0
1355 T 1715 186 1873 0 0
1355 T 1863 1880 1869 0 0
1355 T 1571 188 1861 0 0
1355 T 1880 186 1665 0 0
1355 T 1407 1415 1401 0 0
1355 T 1403 229 1333 0 0
1355 T 1335 1346 1337 0 0
1355 T 1414 226 1347 0 0
1355 T 12 1077 2089 0 0
1355 T 12 2025 1154 0 0
1355 T 1732 1421 1677 0 0
1355 T 1631 1356 1726 0 0
1355 T 352 693 3001 0 0
1355 T 3003 1708 358 0 0
1355 T 355 1658 3073 0 0
1355 T 3075 693 345 0 0
1355 T 124 933 2390 0 0
1355 T 2392 965 1149 0 0
1355 T 1076 972 2318 0 0
1355 T 2320 940 117 0 0
1355 T 264 3050 2061 0 0
1355 T 844 3052 274 0 0
1355 T 2000 3124 257 0 0
1355 T 271 3122 837 0 0
1355 T 2968 111 3025 0 0
1355 T 3027 3100 84 -1 0
1355 T 3100 112 2913 0 0
1355 T 112 109 106 1 0
1355 T 2667 2772 496 1 0
1355 T 1399 1410 1393 0 0
1355 T 1395 1101 2610 0 0
1355 T 2612 200 1397 0 0
1355 T 200 1103 1410 0 0
1355 T 1328 1344 1330 0 0
1355 T 1332 201 2534 0 0
1355 T 2536 1180 1326 0 0
1355 T 1180 203 1344 0 0
1355 T 2461 1705 1253 0 0
1355 T 1255 701 130 0 0
1355 T 127 700 1202 0 0
1355 T 1204 1659 2461 0 0
1355 T 244 2980 2866 0 0
1355 T 2868 2925 238 0 0
1355 T 140 3059 2966 0 0
1355 T 2915 3130 134 0 0
1355 T 3130 106 3059 0 0
1355 T 852 923 858 0 0
1355 T 2923 1419 850 0 0
1355 T 923 1417 445 0 0
1355 T 855 918 845 0 0
1355 T 847 1349 2973 0 0
1355 T 444 1351 918 0 0
1355 T 276 1098 850 0 0
1355 T 1011 1419 1098 0 0
1355 T 847 1175 269 0 0
1355 T 1175 1349 1014 0 0
1355 T 1255 1203 2460 1 0
1355 T 706 699 703 0 0
1355 T 1695 579 262 0 0
1355 T 2003 1932 1693 0 0
1355 T 579 1930 2981 0 0
1355 T 259 579 1646 0 0
1355 T 1648 1925 2065 0 0
1355 T 2931 1927 579 0 0
1355 T 1752 1608 2353 0 0
1355 T 1744 1917 1750 0 0
1355 T 2355 90 1742 0 0
1355 T 1747 1916 1737 0 0
1355 T 1739 90 2282 0 0
1355 T 2284 1506 1745 0 0
1355 T 796 1488 2958 0 0
1355 T 529 1486 961 0 0
1355 T 2908 1586 789 0 0
1355 T 960 1588 528 0 0
1355 T 1776 1586 1245 0 0
1355 T 1196 1488 1769 0 0
1355 T 1848 1844 1852 1 0
1355 T 352 1223 482 0 0
1355 T 484 2410 3001 0 0
1355 T 479 1274 345 0 0
1355 T 3075 2340 477 0 0
1355 T 217 1809 1693 0 0
1355 T 2003 1803 219 0 0
1355 T 1803 1932 1809 0 0
1355 T 219 1806 2065 0 0
1355 T 1648 1816 217 0 0
1355 T 1816 1925 1806 0 0
1355 T 332 2140 1369 0 0
1355 T 1375 2105 330 0 0
1355 T 1371 1382 1373 0 0
1355 T 2105 1384 2140 0 0
1355 T 1399 2161 1481 0 0
1355 T 1412 3 2161 0 0
1355 T 327 2043 1306 0 0
1355 T 1304 2222 325 0 0
1355 T 1308 1315 1302 0 0
1355 T 2222 1313 2043 0 0
1355 T 1583 2247 1330 0 0
1355 T 1342 2245 4 0 0
1355 T 332 2573 1129 0 0
1355 T 1131 1180 1125 0 0
1355 T 1127 1617 330 0 0
1355 T 1617 1178 2573 0 0
1355 T 327 1519 1050 0 0
1355 T 1052 1101 1054 0 0
1355 T 1056 2651 325 0 0
1355 T 2651 1103 1519 0 0
1355 T 1679 1799 1529 0 0
1355 T 1431 1793 1629 0 0
1355 T 492 1319 358 0 0
1355 T 3003 1903 490 0 0
1355 T 355 1386 485 0 0
1355 T 487 1898 3073 0 0
1355 T 2579 1249 1754 0 0
1355 T 2655 565 2577 0 0
1355 T 1755 1200 2502 0 0
1355 T 2504 565 2757 0 0
1355 T 752 3129 618 0 0
1355 T 1683 2914 750 0 0
1355 T 615 3059 745 0 0
1355 T 747 2968 1634 0 0
1355 T 1752 1972 1754 0 0
1355 T 1755 1973 1745 0 0
1355 T 492 488 496 1 0
1355 T 2468 1385 1317 0 0
1355 T 484 534 490 0 0
1355 T 534 2410 1901 0 0
1355 T 487 534 477 0 0
1355 T 1900 2340 534 0 0
1355 T 744 975 750 0 0
1355 T 1683 569 742 0 0
1355 T 975 571 2916 0 0
1355 T 747 978 737 0 0
1355 T 739 576 1634 0 0
1355 T 2966 574 978 0 0
1355 T 1371 192 2673 0 0
1355 T 2675 1065 1373 0 0
1355 T 1308 1144 2777 0 0
1355 T 2779 192 1302 0 0
1355 T 836 425 3266 0 0
1355 T 3268 2912 179 0 0
1355 T 179 2962 3202 0 0
1355 T 3204 424 829 0 0
1355 T 993 753 2893 0 0
1355 T 2579 2116 995 0 0
1355 T 995 2197 2502 0 0
1355 T 2947 760 993 0 0
1355 T 132 2936 2394 0 0
1355 T 2396 1011 122 0 0
1355 T 141 1009 2936 0 0
1355 T 119 1014 2322 0 0
1355 T 2324 2986 125 0 0
1355 T 2986 1016 144 0 0
1355 T 1734 1985 2049 0 0
1355 T 1732 1728 1736 0 0
1355 T 2051 311 1730 -1 0
1355 T 1728 309 1985 0 0
1355 T 392 3291 1822 0 0
1355 T 384 466 390 0 0
1355 T 1824 2174 382 0 0
1355 T 466 2176 3291 0 0
1355 T 387 463 381 0 0
1355 T 383 2260 1817 1 0
1355 T 1819 3225 385 0 0
1355 T 3225 2258 463 0 0
1355 T 276 1094 654 0 0
1355 T 2983 689 1094 0 0
1355 T 651 1171 269 0 0
1355 T 1171 688 2929 0 0
1355 T 820 234 3094 0 0
1355 T 3096 3023 176 1 0
1355 T 3023 233 814 0 0
1355 T 549 552 548 -1 0
1355 T 972 3236 551 0 0
1355 T 3236 105 3297 0 0
1355 T 3299 968 552 0 0
1355 T 1792 1861 1782 0 0
1355 T 2307 1575 1790 0 0
1355 T 1575 301 1861 0 0
1355 T 1787 1473 2377 0 0
1355 T 1779 1868 1785 0 0
1355 T 1868 308 1473 0 0
1355 T 1904 4 2333 1 0
1355 T 2335 1673 1910 0 0
1355 T 1907 1723 2405 0 0
1355 T 2407 4 1897 0 0
1355 T 913 917 910 0 0
1355 T 908 923 914 0 0
1355 T 2244 2554 202 0 0
1355 T 2339 1927 2242 0 0
1355 T 2554 1925 688 0 0
1355 T 199 2632 2158 0 0
1355 T 2160 1930 2409 0 0
1355 T 689 1932 2632 0 0
1355 T 1905 1909 87 -1 0
1355 T 416 319 1669 0 0
1355 T 1720 320 418 0 0
1355 T 1671 2489 1718 0 0
1355 T 205 1761 1133 0 0
1355 T 1135 1821 2689 0 0
1355 T 1759 1823 1761 0 0
1355 T 1060 1768 205 0 0
1355 T 2795 1820 1058 0 0
1355 T 1768 1818 1758 0 0
1355 T 484 1890 3193 0 0
1355 T 3195 2243 490 0 0
1355 T 2243 1892 536 0 0
1355 T 487 2157 3257 0 0
1355 T 3259 1895 477 0 0
1355 T 536 1893 2157 0 0
1355 T 609 3253 742 0 0
1355 T 739 3191 609 0 0
1355 T 428 671 3220 0 0
1355 T 3218 285 2826 0 0
1355 T 2724 292 3284 0 0
1355 T 3282 674 421 0 0
1355 T 2864 448 2938 0 0
1355 T 2940 440 2885 0 0
1355 T 2887 442 2862 0 0
1355 T 442 438 448 0 0
1355 T 2895 900 2353 0 0
1355 T 2284 901 2945 0 0
1355 T 113 1322 2238 0 0
1355 T 2240 2268 2234 0 0
1355 T 1579 2266 1322 0 0
1355 T 2152 2182 2154 0 0
1355 T 2156 1391 113 0 0
1355 T 1391 2184 1477 0 0
1355 T 657 3038 274 0 0
1355 T 301 3040 1711 0 0
1355 T 271 3112 657 0 0
1355 T 1661 3110 308 0 0
1355 T 2632 1096 579 0 0
1355 T 579 1169 2554 0 0
1355 T 240 387 1057 0 0
1355 T 2796 3225 238 0 0
1355 T 392 243 1136 0 0
1355 T 3289 2692 243 0 0
1355 T 1159 2546 2025 0 0
1355 T 2236 2819 1157 0 0
1355 T 2819 6 2546 0 0
1355 T 1084 2713 2150 0 0
1355 T 2091 2624 1082 0 0
1355 T 2624 6 2713 0 0
1355 T 149 953 2634 -1 0
1355 T 2636 975 1281 0 0
1355 T 1232 978 2558 0 0
1355 T 2560 956 149 0 0
1355 T 1699 2626 1806 0 0
1355 T 1927 2628 89 0 0
1355 T 1803 2552 1650 0 0
1355 T 89 2550 1930 0 0
1355 T 484 1217 558 0 0
1355 T 555 1272 477 0 0
1355 T 1824 1945 1818 0 0
1355 T 2257 1947 2176 0 0
1355 T 1135 2022 2866 0 0
1355 T 2867 2088 1058 0 0
1355 T 784 1292 2802 0 0
1355 T 2700 1238 777 0 0
1355 T 576 2279 3025 0 0
1355 T 978 111 2279 0 0
1355 T 3099 2193 569 0 0
1355 T 2193 111 975 0 0
1355 T 2207 2227 2209 0 0
1355 T 2515 1137 2205 0 0
1355 T 2124 1064 2589 0 0
1355 T 2128 2141 2122 0 0
1355 T 844 959 850 0 0
1355 T 1100 957 3050 0 0
1355 T 847 962 837 0 0
1355 T 3124 964 1173 0 0
1355 T 2956 1831 1133 0 0
1355 T 1763 1829 1769 0 0
1355 T 1060 1826 2902 0 0
1355 T 1776 1828 1766 0 0
1355 T 149 152 148 -1 0
1355 T 146 2557 2634 0 0
1355 T 1577 2809 1177 0 0
1355 T 2809 13 2535 -1 0
1355 T 1104 2707 1479 0 0
1355 T 2609 13 2707 0 0
1355 T 1860 1856 1852 0 0
1355 T 632 1759 2657 0 0
1355 T 2659 2764 624 0 0
1355 T 626 2762 1759 0 0
1355 T 2899 1799 1369 0 0
1355 T 2138 1797 978 0 0
1355 T 1304 1794 2949 0 0
1355 T 975 1796 2224 0 0
1355 T 560 2032 1121 0 0
1355 T 1123 1158 1117 0 0
1355 T 1119 2822 558 0 0
1355 T 2822 1160 2032 0 0
1355 T 1143 1584 2798 0 0
1355 T 2800 114 1137 0 0
1355 T 555 2720 1042 0 0
1355 T 1044 1083 1046 0 0
1355 T 1048 2094 553 0 0
1355 T 2094 1081 2720 0 0
1355 T 1064 114 2694 0 0
1355 T 2696 1482 1066 0 0
1355 T 880 3236 1261 0 0
1355 T 1263 549 870 0 0
1355 T 867 549 1210 0 0
1355 T 1212 3298 873 0 0
1355 T 2240 195 1157 0 0
1355 T 195 2268 2817 0 0
1355 T 1084 194 2154 0 0
1355 T 2715 2182 194 0 0
1355 T 2186 2481 2271 0 0
1355 T 1306 2781 2015 0 0
1355 T 2013 2017 2041 0 0
1355 T 327 2019 2781 0 0
1355 T 2107 2083 2079 0 0
1355 T 2077 2679 1375 0 0
1355 T 2679 2081 330 0 0
1355 T 1752 332 2889 0 0
1355 T 2891 1241 1754 0 0
1355 T 1241 330 1970 0 0
1355 T 1755 1192 2941 0 0
1355 T 2943 325 1745 0 0
1355 T 1975 327 1192 0 0
1355 T 322 318 319 0 0
1355 T 1896 1930 1902 0 0
1355 T 1899 1927 1889 0 0
1355 T 964 583 3353 0 0
1355 T 3355 468 2270 0 0
1355 T 1237 466 583 0 0
1355 T 2188 461 3397 0 0
1355 T 3399 583 957 0 0
1355 T 583 463 1291 0 0
1355 T 3203 228 3266 0 0
1355 T 2456 1100 122 0 0
1355 T 2396 1419 2454 0 0
1355 T 119 1173 2449 0 0
1355 T 2451 1349 2322 0 0
1355 T 609 1438 734 0 0
1355 T 736 885 742 0 0
1355 T 3255 887 1438 0 0
1355 T 739 884 729 0 0
1355 T 731 1539 609 0 0
1355 T 1539 882 3189 0 0
1355 T 264 3389 2297 0 0
1355 T 1691 1019 262 0 0
1355 T 1019 457 3389 0 0
1355 T 259 1022 1642 0 0
1355 T 2371 3347 257 0 0
1355 T 3347 457 1022 0 0
1355 T 512 1828 2053 0 0
1355 T 2055 1768 2513 0 0
1355 T 1992 1829 505 0 0
1355 T 2591 1761 1990 0 0
1355 T 993 761 2353 0 0
1355 T 2284 768 993 0 0
1355 T 2703 1661 1866 0 0
1355 T 1863 1711 2805 0 0
1355 T 1567 2262 574 0 0
1355 T 1563 1620 1565 0 0
1355 T 2262 1618 2572 0 0
1355 T 1563 331 3008 0 0
1355 T 3006 1126 1565 0 0
1355 T 1464 1520 1466 0 0
1355 T 1468 1051 3080 0 0
1355 T 3078 326 1462 0 0
1355 T 571 2180 1466 0 0
1355 T 2646 1520 2180 0 0
1355 T 560 3385 606 0 0
1355 T 3205 138 3385 0 0
1355 T 603 3343 553 0 0
1355 T 3343 135 3271 0 0
1355 T 504 3335 2053 0 0
1355 T 1826 3333 522 0 0
1355 T 1992 3377 497 0 0
1355 T 522 3379 1831 0 0
1355 T 360 1791 1369 0 0
1355 T 1856 1799 1791 0 0
1355 T 1304 1786 353 0 0
1355 T 1786 1794 1857 0 0
1355 T 600 3218 1117 0 0
1355 T 592 671 598 0 0
1355 T 1119 426 590 0 0
1355 T 595 674 585 0 0
1355 T 587 423 1042 0 0
1355 T 1044 3284 593 0 0
1355 T 384 2272 2446 0 0
1355 T 2448 3353 390 0 0
1355 T 387 3399 2441 0 0
1355 T 2443 2186 381 0 0
1355 T 484 526 474 0 0
1355 T 476 958 3317 0 0
1355 T 3319 1588 482 0 0
1355 T 479 1486 3361 0 0
1355 T 471 531 477 0 0
1355 T 3363 963 469 0 0
1355 T 264 247 255 0 0
1355 T 253 2869 2297 0 0
1355 T 3391 2871 247 0 0
1355 T 255 250 257 0 0
1355 T 2371 2876 253 0 0
1355 T 250 2874 3345 0 0
1355 T 2051 288 3313 0 0
1355 T 3315 294 1730 0 0
1355 T 1727 299 3357 0 0
1355 T 3359 289 1986 0 0
1355 T 2147 3308 162 0 0
1355 T 186 3306 1965 0 0
1355 T 159 3242 2229 0 0
1355 T 1964 3244 186 0 0
1355 T 2636 2195 1030 0 0
1355 T 1027 2277 2558 0 0
1355 T 1131 203 3009 0 0
1355 T 3011 1342 1125 0 0
1355 T 1052 1412 3081 0 0
1355 T 3083 198 1054 0 0
1355 T 177 180 176 -1 0
1355 T 3096 3439 179 0 0
1355 T 3439 3023 180 1 0
1355 T 3101 1202 1952 0 0
1355 T 1953 1255 3031 0 0
1355 T 2363 103 2289 0 0
1355 T 2295 1404 2361 0 0
1355 T 2291 1334 2366 0 0
1355 T 2388 101 2313 0 0
1355 T 2373 213 2304 0 0
1355 T 2315 1312 2375 0 0
1355 T 2302 1378 2386 0 0
1355 T 1995 1343 2214 0 0
1355 T 2220 4 1993 1 0
1355 T 2216 2246 2218 0 0
1355 T 2060 4 2134 0 0
1355 T 2132 1409 2058 0 0
1355 T 2136 2164 2130 0 0
1355 T 3319 1935 558 0 0
1355 T 555 1938 3361 0 0
1355 T 1096 663 3040 0 0
1355 T 3110 666 1169 0 0
1355 T 124 145 118 0 0
1355 T 2319 2483 2390 0 0
1355 T 828 1288 3094 0 0
1355 T 3024 1233 821 0 0
1355 T 640 3216 2205 0 0
1355 T 2207 1821 630 0 0
1355 T 672 1823 3216 0 0
1355 T 627 1820 2122 0 0
1355 T 2124 3278 633 0 0
1355 T 3278 1818 673 0 0
1355 T 608 3383 734 0 0
1355 T 1440 3381 613 0 0
1355 T 731 3337 601 0 0
1355 T 620 3339 1537 0 0
1355 T 904 3350 426 0 0
1355 T 3350 224 51 0 0
1355 T 423 3396 897 0 0
1355 T 48 224 3396 0 0
1355 T 196 2486 1718 0 0
1355 T 1671 2485 194 0 0
1355 T 2485 2489 2486 0 0
1355 T 401 1841 1253 0 0
1355 T 1204 1848 401 0 0
1355 T 992 1534 1985 0 0
1355 T 3360 735 990 0 0
1355 T 3313 991 731 0 0
1355 T 1434 989 2051 0 0
1355 T 1313 3017 2028 0 0
1355 T 11 3019 2228 0 0
1355 T 2090 3091 1384 0 0
1355 T 2142 3089 11 0 0
1355 T 560 1216 598 0 0
1355 T 600 661 606 0 0
1355 T 3387 663 1216 0 0
1355 T 603 668 593 0 0
1355 T 595 1265 553 0 0
1355 T 1265 666 3341 0 0
1355 T 982 984 982 1 0
1355 T 1860 2971 115 0 0
1355 T 2971 2920 861 0 0
1355 T 1854 114 2920 0 0
1355 T 2456 2477 2446 0 0
1355 T 2448 2255 122 0 0
1355 T 2255 2479 1098 0 0
1355 T 119 2169 2441 0 0
1355 T 2443 2477 2449 0 0
1355 T 1175 2479 2169 0 0
1355 T 1792 1569 3086 0 0
1355 T 3016 1471 1785 0 0
1355 T 2080 2603 566 0 0
1355 T 2603 2106 2146 0 0
1355 T 566 2525 2014 0 0
1355 T 2232 2044 2525 0 0
1355 T 608 1359 726 0 0
1355 T 3381 877 1359 0 0
1355 T 723 1425 601 0 0
1355 T 1425 876 3339 0 0
1355 T 220 215 219 0 0
1355 T 2440 2751 1754 0 0
1355 T 2891 242 2438 0 0
1355 T 1755 2853 2433 0 0
1355 T 2435 239 2941 0 0
1355 T 40 41 2468 1 0
1355 T 2679 125 3370 0 0
1355 T 3372 1977 330 0 0
1355 T 327 1977 3326 0 0
1355 T 3328 132 2781 0 0
1355 T 476 851 1121 0 0
1355 T 1123 841 3317 0 0
1355 T 1048 846 469 0 0
1355 T 3363 840 1046 0 0
1355 T 840 1984 3033 0 0
1355 T 3108 1983 842 0 0
1355 T 3035 1 3106 0 0
1355 T 2436 2500 2438 0 0
1355 T 2440 200 2885 0 0
1355 T 2940 202 2434 0 0
1355 T 2303 161 2874 0 0
1355 T 2872 159 2374 0 0
1355 T 1752 2573 2430 0 0
1355 T 2432 1131 2889 0 0
1355 T 2427 2651 1745 0 0
1355 T 2943 1054 2425 0 0
1355 T 2207 1763 2657 0 0
1355 T 2763 1766 2122 0 0
1355 T 3315 882 1677 0 0
1355 T 1632 887 3357 0 0
1355 T 998 2693 1399 0 0
1355 T 2163 1067 1000 0 0
1355 T 1036 2183 1103 0 0
1355 T 2706 1390 1034 0 0
1355 T 997 1142 2245 0 0
1355 T 1330 2799 999 0 0
1355 T 1034 1323 2812 0 0
1355 T 1178 2265 1036 0 0
1355 T 504 3451 2661 0 0
1355 T 2663 116 2053 0 0
1355 T 3333 114 3451 0 0
1355 T 1992 116 2765 0 0
1355 T 2767 3446 497 0 0
1355 T 3446 114 3379 0 0
1355 T 2030 841 1933 0 0
1355 T 1940 840 2096 0 0
1355 T 2432 2496 2438 0 0
1355 T 2496 1131 244 0 0
1355 T 2435 2496 2425 0 0
1355 T 237 1054 2496 0 0
1355 T 2444 2482 2446 0 0
1355 T 744 1796 3185 0 0
1355 T 3187 2222 750 0 0
1355 T 747 2140 3249 0 0
1355 T 3251 1797 737 0 0
1355 T 227 3395 3352 0 0
1355 T 2616 2159 1397 0 0
1355 T 2612 2631 2614 0 0
1355 T 1332 2241 2538 0 0
1355 T 2540 2553 2534 0 0
1355 T 989 737 1677 0 0
1355 T 1632 744 989 0 0
1355 T 3007 180 3366 0 0
1355 T 3368 822 330 0 0
1355 T 327 827 3322 0 0
1355 T 3324 180 3077 0 0
1355 T 1720 1671 3136 0 0
1355 T 1511 3247 1014 0 0
1355 T 2986 3245 709 0 0
1355 T 1011 3309 1609 0 0
1355 T 709 3311 2936 0 0
1355 T 2991 1054 2438 0 0
1355 T 2435 1131 3061 0 0
1355 T 1944 1982 1938 -1 0
1355 T 1936 1981 1942 0 0
1355 T 600 3537 726 0 0
1355 T 1357 3539 663 0 0
1355 T 723 3499 593 0 0
1355 T 666 3497 1427 0 0
1355 T 3368 3021 350 0 0
1355 T 347 3095 3322 0 0
1355 T 768 3042 2581 0 0
1355 T 2583 2469 770 0 0
1355 T 2469 3044 911 0 0
1355 T 771 2469 2506 0 0
1355 T 2508 3116 761 0 0
1355 T 906 3114 2469 0 0
1355 T 989 3249 1529 0 0
1355 T 1432 3187 989 0 0
1355 T 2264 2279 2258 0 0
1355 T 2260 3027 1567 0 0
1355 T 1466 3097 2174 0 0
1355 T 2176 2193 2178 0 0
1355 T 3007 3437 350 0 0
1355 T 347 3440 3077 0 0
1355 T 3372 1964 1241 0 0
1355 T 1192 1965 3326 0 0
1355 T 718 722 726 0 0
1355 T 3539 3500 101 0 0
1355 T 588 683 590 0 0
1355 T 1119 3136 1041 0 0
1355 T 3215 101 3278 0 0
1355 T 342 346 350 0 0
1355 T 3007 3080 344 1 0
1355 T 476 542 470 0 0
1355 T 472 920 3473 0 0
1355 T 3516 922 474 0 0
1355 T 3475 94 3514 0 0
1355 T 1840 1092 3378 0 0
1355 T 1886 523 1092 0 0
1355 T 3336 1165 1833 0 0
1355 T 1165 523 1883 0 0
1355 T 1576 3039 2806 0 0
1355 T 1474 2702 3111 0 0
1355 T 3108 1944 2029 0 0
1355 T 2095 1941 3034 0 0
1355 T 3454 1221 1273 0 0
1355 T 252 3341 3406 0 0
1355 T 3408 135 2677 0 0
1355 T 2679 3269 250 0 0
1355 T 247 3207 2781 0 0
1355 T 3403 3387 245 0 0
1355 T 2783 138 3401 0 0
1355 T 3085 1371 2671 0 0
1355 T 2773 1302 3015 0 0
1355 T 3124 1528 2169 0 0
1355 T 2477 1526 962 0 0
1355 T 2255 1626 3050 0 0
1355 T 959 1628 2477 0 0
1355 T 3454 1590 1489 0 0
1355 T 132 1967 3209 0 0
1355 T 3211 2273 138 0 0
1355 T 135 2191 3273 0 0
1355 T 3275 1962 125 0 0
1355 T 1888 3244 1665 0 0
1355 T 1715 3306 1881 0 0
1355 T 561 2765 1537 0 0
1355 T 1539 3446 1685 0 0
1355 T 1440 2663 561 0 0
1355 T 1640 3451 1438 0 0
1355 T 3337 3446 196 0 0
1355 T 193 3451 3383 0 0
1355 T 1008 1084 3090 0 0
1355 T 1383 2624 1006 0 0
1355 T 1003 2546 1314 0 0
1355 T 3020 1157 1001 0 0
1355 T 636 2879 2289 0 0
1355 T 2363 2880 638 0 0
1355 T 1165 2818 3295 0 0
1355 T 3053 2547 1167 0 0
1355 T 3293 5 3055 0 0
1355 T 1090 2621 3127 0 0
1355 T 3125 5 3231 0 0
1355 T 3229 2716 1092 0 0
1355 T 3516 859 1121 0 0
1355 T 1048 854 3474 0 0
1355 T 2824 1216 3220 0 0
1355 T 3282 1265 2718 0 0
1355 T 1531 1805 1361 0 0
1355 T 1295 1803 1429 0 0
1355 T 436 2419 3150 0 0
1355 T 3148 2346 430 0 0
1355 T 2346 105 2419 0 0
1355 T 2679 3273 1241 0 0
1355 T 1192 3211 2781 0 0
1355 T 2828 1227 3221 0 0
1355 T 3223 1026 1497 0 0
1355 T 1026 1225 462 0 0
1355 T 1227 3228 2838 0 0
1355 T 2840 2257 1026 0 0
1355 T 2565 3144 1499 0 0
1355 T 2860 2039 2567 0 0
1355 T 3144 2037 434 0 0
1355 T 1599 1031 3285 0 0
1355 T 3287 1278 2722 0 0
1355 T 467 1280 1031 0 0
1355 T 1031 2175 2734 0 0
1355 T 2736 3290 1278 0 0
1355 T 1597 3137 2643 0 0
1355 T 2641 2101 2754 0 0
1355 T 431 2103 3137 0 0
1355 T 860 2881 2917 0 0
1355 T 2972 2883 854 0 0
1355 T 7 3330 1806 0 0
1355 T 835 2626 3330 0 0
1355 T 1803 3376 7 0 0
1355 T 3376 2552 830 0 0
1355 T 1092 3244 2617 0 0
1355 T 2543 3306 1165 0 0
1355 T 492 57 2997 0 0
1355 T 2999 3072 496 -1 0
1355 T 3072 58 486 1 0
1355 T 1165 3436 2147 0 0
1355 T 2543 164 3436 0 0
1355 T 2229 3429 1092 0 0
1355 T 3429 157 2617 0 0
1355 T 1555 1597 1557 0 0
1355 T 2011 3287 1553 0 0
1355 T 1456 3221 2073 0 0
1355 T 1460 1499 1454 0 0
1355 T 1535 1552 1529 0 0
1355 T 3251 1550 1986 0 0
1355 T 1596 1611 1590 0 0
1355 T 2035 3309 1594 0 0
1355 T 1432 1449 1434 0 0
1355 T 2051 1451 3185 0 0
1355 T 1492 1509 1494 0 0
1355 T 1496 3247 2097 0 0
1355 T 3408 668 2681 0 0
1355 T 1243 2189 3406 0 0
1355 T 3403 2275 1190 0 0
1355 T 2787 661 3401 0 0
1355 T 1526 3423 2000 0 0
1355 T 2169 259 3423 0 0
1355 T 2061 3426 1628 0 0
1355 T 3426 262 2255 0 0
1355 T 2477 3397 1181 0 0
1355 T 1183 583 1626 0 0
1355 T 1108 3355 2477 0 0
1355 T 1528 583 1106 0 0
1355 T 880 2816 3450 0 0
1355 T 1360 196 2816 0 0
1355 T 873 3445 2712 0 0
1355 T 2710 193 1426 0 0
1355 T 2583 2604 2577 0 0
1355 T 2655 2077 2581 0 0
1355 T 2504 2526 2506 0 0
1355 T 2508 2015 2757 0 0
1355 T 2332 1092 3445 0 0
1355 T 3452 1165 2402 0 0
1355 T 1349 2476 1420 0 0
1355 T 2780 2802 2774 0 0
1355 T 2672 2700 2674 0 0
1355 T 94 90 91 0 0
1355 T 89 3457 3041 0 0
1355 T 3043 3116 96 0 0
1355 T 3116 3459 90 0 0
1355 T 2816 2843 2818 0 0
1355 T 2265 2841 1360 0 0
1355 T 2716 2737 2710 0 0
1355 T 1426 2739 2183 0 0
1355 T 2456 1106 390 0 0
1355 T 387 1183 2449 0 0
1355 T 2264 2560 2839 0 0
1355 T 2733 2634 2178 0 0
1355 T 2814 1165 337 0 0
1355 T 337 1092 2712 0 0
1355 T 2583 2473 2505 0 0
1355 T 2472 2475 2471 0 0
1355 T 2551 3184 2626 0 0
1355 T 252 2615 3414 0 0
1355 T 3416 3484 255 0 0
1355 T 3484 2613 257 0 0
1355 T 255 3522 3409 0 0
1355 T 3411 2537 245 0 0
1355 T 264 2539 3522 0 0
1355 T 2824 2833 2826 0 0
1355 T 2724 2731 2718 0 0
1355 T 3222 2821 9 0 0
1355 T 9 2719 3288 0 0
1355 T 2796 2839 2790 0 0
1355 T 2796 3200 23 0 0
1355 T 3200 2839 245 0 0
1355 T 2688 2733 2690 0 0
1355 T 25 3262 2690 0 0
1355 T 252 2733 3262 0 0
1355 T 713 717 714 0 0
1355 T 716 589 1037 0 0
1355 T 1115 587 715 0 0
1355 T 1039 1946 1113 0 0
1355 T 3296 340 2842 0 0
1355 T 2740 340 3230 0 0
1355 T 1559 2643 3329 0 0
1355 T 3331 3173 826 0 0
1355 T 3173 2641 110 0 0
1355 T 823 3180 3373 0 0
1355 T 3375 2565 1458 0 0
1355 T 110 2567 3180 0 0
1355 T 2396 3598 390 0 0
1355 T 3598 1419 1108 0 0
1355 T 387 3640 2322 0 0
1355 T 1181 1349 3640 0 0
1355 T 2424 203 3151 0 0
1355 T 3145 197 2349 0 0
1355 T 2303 3617 250 0 0
1355 T 3617 161 3345 0 0
1355 T 247 3579 2373 0 0
1355 T 3391 160 3579 0 0
1355 T 1547 1181 3610 0 0
1355 T 1543 1628 1545 0 0
1355 T 3612 583 1541 0 0
1355 T 1444 583 3570 0 0
1355 T 1448 1526 1442 0 0
1355 T 3572 1108 1446 0 0
1355 T 380 3160 2129 -1 0
1355 T 2131 3630 374 0 0
1355 T 447 3632 3160 0 0
1355 T 371 3592 2213 0 0
1355 T 2215 3160 377 0 0
1355 T 3160 3590 442 0 0
1355 T 1744 3117 2430 0 0
1355 T 2575 3119 1919 0 0
1355 T 2427 3047 1737 0 0
1355 T 1914 3045 2649 0 0
1355 T 3247 3312 108 -1 0
1355 T 2627 3173 889 0 0
1355 T 892 3180 2549 -1 0
1355 T 2063 2744 2133 0 0
1355 T 2059 2102 2061 0 0
1355 T 2102 3 2744 0 0
1355 T 2000 2040 1994 0 0
1355 T 2219 2846 1998 0 0
1355 T 2040 2848 4 0 0
1355 T 3424 2745 1641 0 0
1355 T 1023 2747 2170 0 0
1355 T 3426 1689 2850 0 0
1355 T 2852 1019 2255 0 0
1355 T 164 458 1145 0 0
1355 T 1147 1023 3618 0 0
1355 T 1072 458 157 0 0
1355 T 3580 1018 1070 0 0
1355 T 2612 1095 3534 0 0
1355 T 3536 578 2614 0 0
1355 T 2540 578 3494 0 0
1355 T 3496 1170 2534 0 0
1355 T 2583 3067 995 0 0
1355 T 3067 2604 2114 0 0
1355 T 995 2993 2506 0 0
1355 T 2199 2526 2993 0 0
1355 T 2856 2500 2749 0 0
1355 T 3114 2355 2995 0 0
1355 T 3065 2282 3044 0 0
1355 T 1047 3441 1121 0 0
1355 T 3198 209 3263 0 0
1355 T 336 1546 2218 0 0
1355 T 2216 3615 334 0 0
1355 T 3615 2246 1546 0 0
1355 T 334 3573 2130 0 0
1355 T 2136 1447 336 0 0
1355 T 1447 2164 3573 0 0
1355 T 2396 3464 398 0 0
1355 T 3464 3598 450 0 0
1355 T 395 3465 2322 0 0
1355 T 455 3640 3465 0 0
1355 T 985 713 3645 0 0
1355 T 1363 1040 987 0 0
1355 T 3647 590 1361 0 0
1355 T 987 1113 1294 0 0
1355 T 1296 587 3661 0 0
1355 T 3663 713 985 0 0
1355 T 3647 3664 0 0 0
1355 T 2392 1721 3489 0 0
1355 T 3491 337 1149 0 0
1355 T 1076 337 3529 0 0
1355 T 3531 1675 2318 0 0
1355 T 2995 3459 1742 0 0
1355 T 1739 3458 3065 0 0
1355 T 333 3421 3670 0 0
1355 T 3672 2746 366 0 0
1355 T 363 2852 3654 0 0
1355 T 3656 3428 333 0 0
1355 T 2388 2405 2390 0 0
1355 T 2319 2336 2313 0 0
1355 T 3574 2593 1000 0 0
1355 T 2593 1446 1065 0 0
1355 T 1036 3604 2651 0 0
1355 T 2181 1517 3604 0 0
1355 T 997 2519 3616 0 0
1355 T 1144 1547 2519 0 0
1355 T 2573 3642 1036 0 0
1355 T 3642 1619 2267 0 0
1355 T 2388 1905 3489 0 0
1355 T 1910 2316 3531 0 0
1355 T 3416 885 3518 0 0
1355 T 2519 773 3414 0 0
1355 T 3520 783 2517 0 0
1355 T 3411 776 2593 1 0
1355 T 2595 778 3478 0 0
1355 T 3480 884 3409 0 0
1355 T 1991 1140 2762 0 0
1355 T 2764 2797 2766 0 0
1355 T 2660 1061 2054 0 0
1355 T 2664 2695 2658 0 0
1355 T 1490 201 3546 0 0
1355 T 3548 707 3505 0 0
1355 T 3507 199 1591 0 0
1355 T 1363 3658 1533 0 0
1355 T 1535 199 3469 0 0
1355 T 3471 3137 1361 0 0
1355 T 3137 197 3658 0 0
1355 T 1296 3144 3509 0 0
1355 T 1436 3676 1294 0 0
1355 T 3511 202 1434 0 0
1355 T 3676 204 3144 0 0
1355 T 1808 3140 2005 0 0
1355 T 1551 3659 1806 0 0
1355 T 1803 3673 1450 0 0
1355 T 2071 3141 1801 0 0
1355 T 3332 3140 1554 0 0
1355 T 1455 3141 3374 0 0
1355 T 680 678 680 -1 0
1355 T 1171 2811 3627 0 0
1355 T 3625 13 3495 -1 0
1355 T 3533 13 3587 0 0
1355 T 3585 2705 1094 0 0
1355 T 3684 2642 366 0 0
1355 T 3672 4 3682 0 0
1355 T 2642 3 2748 0 0
1355 T 4 3655 3680 -1 0
1355 T 3678 362 2565 0 0
1355 T 2567 2851 3 0 0
1355 T 1428 3707 1357 0 0
1355 T 3612 1239 2669 0 0
1355 T 2775 1289 3570 0 0
1355 T 2038 3679 1444 0 0
1355 T 1541 3682 2104 0 0
1355 T 342 344 342 0 0
1355 T 778 2675 3612 0 0
1355 T 3570 2777 783 0 0
1355 T 44 1611 3508 0 0
1355 T 3546 1509 45 0 0
1355 T 1473 3702 1169 0 0
1355 T 3702 2701 668 0 0
1355 T 1096 3699 1575 0 0
1355 T 661 2807 3699 0 0
1355 T 3061 2937 3009 0 0
1355 T 3083 2887 2991 0 0
1355 T 1151 3295 3622 0 0
1355 T 3487 3053 1149 0 0
1355 T 3624 5 3485 0 0
1355 T 1076 3127 3525 0 0
1355 T 3527 5 3582 0 0
1355 T 3584 3229 1074 0 0
1355 T 2846 3656 1444 0 0
1355 T 1541 3670 2744 0 0
1355 T 1545 3555 1308 0 0
1355 T 2777 3553 2519 0 0
1355 T 1373 3555 1448 0 0
1355 T 2593 3553 2675 0 0
1355 T 3180 3176 3184 1 0
1355 T 3144 3170 3150 0 0
1355 T 2417 3172 2039 0 0
1355 T 3147 3167 3137 0 0
1355 T 2101 3165 2347 0 0
1355 T 2216 3156 2129 0 0
1355 T 3158 3154 3157 0 0
1355 T 2214 3686 2131 0 0
1355 T 3632 181 3589 0 0
1355 T 3071 488 64 0 0
1355 T 491 2999 65 0 0
1355 T 1126 3549 1995 0 0
1355 T 3012 2216 3549 0 0
1355 T 2058 3552 1051 1 0
1355 T 3552 2130 3082 -1 0
1355 T 2055 3690 2205 0 0
1355 T 1766 1137 3690 0 0
1355 T 2124 3690 1990 0 0
1355 T 3690 1064 1763 0 0
1355 T 1734 1738 1742 0 0
1355 T 2995 3068 1736 0 0
1355 T 252 3717 3518 0 0
1355 T 2613 885 3717 0 0
1355 T 3480 3735 245 0 0
1355 T 3735 884 2539 0 0
1355 T 3300 2422 3237 0 0
1355 T 3303 2352 3234 0 0
1355 T 3665 495 3652 0 0
1355 T 2139 3732 1006 0 0
1355 T 3732 2108 2622 0 0
1355 T 1003 3714 2221 0 0
1355 T 2548 2042 3714 0 0
1355 T 728 3147 3469 0 0
1355 T 3511 3150 721 0 0
1355 T 728 3167 1361 0 0
1355 T 1296 3170 721 0 0
1355 T 1567 3164 1465 0 0
1355 T 1467 1039 3775 0 0
1355 T 3798 1113 1565 0 0
1355 T 3773 0 3800 0 0
1355 T 1375 3747 2517 0 0
1355 T 3520 1108 1373 0 0
1355 T 1108 783 3747 0 0
1355 T 1308 1181 3478 0 0
1355 T 2595 3742 1306 0 0
1355 T 3742 778 1181 0 0
1355 T 3758 2074 2009 0 0
1355 T 3239 2499 3302 0 0
1355 T 5 3737 3793 0 0
1355 T 3820 3724 6 0 0
1355 T 3795 106 3818 0 0
1355 T 3724 108 3737 0 0
1355 T 2844 3558 1618 0 0
1355 T 3558 1357 3641 0 0
1355 T 1520 3559 2738 0 0
1355 T 3603 1427 3559 0 0
1355 T 1547 3744 2673 0 0
1355 T 2779 3745 1446 0 0
1355 T 2211 3749 2361 0 0
1355 T 807 1404 3749 0 0
1355 T 2292 3756 2126 0 0
1355 T 3756 1333 810 0 0
1355 T 2764 3803 562 0 0
1355 T 3803 2797 1538 0 0
1355 T 562 3777 2658 0 0
1355 T 1439 2695 3777 0 0
1355 T 3800 84 3773 0 0
1355 T 3011 3155 3082 0 0
1355 T 3495 1924 3534 0 0
1355 T 3588 1922 3625 0 0
1355 T 3491 2843 3622 0 0
1355 T 3584 2737 3529 0 0
1355 T 998 3779 3072 0 0
1355 T 3070 1437 1399 0 0
1355 T 2706 1474 3792 0 0
1355 T 3790 3117 1034 0 0
1355 T 3117 1476 1392 0 0
1355 T 1330 1540 3000 0 0
1355 T 2998 3801 999 0 0
1355 T 1034 3047 3816 0 0
1355 T 3814 1576 2812 0 0
1355 T 1321 1574 3047 0 0
1355 T 2593 3417 2520 0 0
1355 T 2518 256 3728 0 0
1355 T 3726 214 3711 0 0
1355 T 3709 255 2595 0 0
1355 T 3436 2098 1145 0 0
1355 T 1072 2036 3429 0 0
1355 T 3727 773 3482 0 0
1355 T 3524 776 3709 1 0
1355 T 3524 3483 216 1 0
1355 T 3536 1647 3483 0 0
1355 T 3521 1694 3494 0 0
1355 T 2043 3561 3053 0 0
1355 T 3713 1165 3561 0 0
1355 T 3127 3561 2105 0 0
1355 T 3561 1092 3731 0 0
1355 T 1526 3769 2848 0 0
1355 T 3421 2217 3769 0 0
1355 T 2742 3769 1628 0 0
1355 T 3769 2135 3428 0 0
1355 T 1147 3723 3485 0 0
1355 T 3624 3817 1145 0 0
1355 T 1072 3795 3582 0 0
1355 T 3527 3737 1070 0 0
1355 T 3802 496 3779 0 0
1355 T 2206 2362 3785 0 0
1355 T 3787 2879 3213 0 0
1355 T 3279 2879 3809 0 0
1355 T 3811 2291 2123 0 0
1355 T 3165 3161 3171 0 0
1355 T 3634 1022 3818 0 0
1355 T 3593 146 3636 0 0
1355 T 3795 1020 3595 0 0
1355 T 3601 1915 3815 0 0
1355 T 3789 1918 3643 0 0
1355 T 3672 3769 1545 0 0
1355 T 1448 3769 3654 0 0
1355 T 3574 3417 3615 0 0
1355 T 1123 2237 3606 0 0
1355 T 3608 196 1117 0 0
1355 T 1044 193 3566 0 0
1355 T 3568 2155 1046 0 0
1355 T 3608 2490 3565 0 0
1355 T 1008 2717 3830 0 0
1355 T 3832 2095 3090 0 0
1355 T 3020 2029 3822 0 0
1355 T 3824 2823 1001 0 0
1355 T 248 3593 3806 0 0
1355 T 3808 3584 2374 0 0
1355 T 3578 3582 3593 0 0
1355 T 3624 3784 2304 0 0
1355 T 3620 3633 3622 0 0
1355 T 3784 3635 249 0 0
1355 T 1349 2015 3827 0 0
1355 T 3834 2078 1420 0 0
1355 T 3825 176 3836 0 0
1355 T 3751 3788 2225 0 0
1355 T 3754 2141 3812 0 0
1355 T 3787 680 3810 0 0
1355 T 3604 3707 3641 0 0
1355 T 1416 69 3462 0 0
1355 T 3468 71 1345 0 0
1355 T 3621 2385 3859 0 0
1355 T 3857 1906 2842 0 0
1355 T 2740 1911 3867 0 0
1355 T 3865 2315 3583 0 0
1355 T 2844 3870 2262 0 0
1355 T 2572 3872 3560 0 0
1355 T 2180 3864 2738 0 0
1355 T 3557 3862 2646 0 0
1355 T 2995 3886 2049 0 0
1355 T 1987 3888 3066 1 0
1355 T 2177 3842 2264 0 0
1355 T 3781 1377 3859 0 0
1355 T 3865 1312 3807 0 0
1355 T 3700 3706 3702 0 0
1355 T 3863 86 3870 0 0
1355 T 1151 3891 2602 0 0
1355 T 745 3065 3891 0 0
1355 T 2528 3894 1074 0 0
1355 T 3894 2995 752 0 0
1355 T 3882 2094 2029 0 0
1355 T 3108 3035 3884 -1 0
1355 T 3880 1324 1790 0 0
1355 T 2307 3046 3878 0 0
1355 T 1787 1389 3873 0 0
1355 T 3875 3120 2377 0 0
1355 T 3783 3839 3262 0 0
1355 T 2735 3837 3634 0 0
1355 T 3200 3839 3805 0 0
1355 T 3596 3837 2837 0 0
1355 T 2604 3125 3926 0 0
1355 T 3928 3561 2145 0 0
1355 T 2231 3561 3906 0 0
1355 T 3908 3055 2526 0 0
1355 T 1995 3848 2057 0 0
1355 T 1052 3846 1126 0 0
1355 T 1008 3286 3901 0 0
1355 T 3903 10 3830 0 0
1355 T 3824 10 3921 1 0
1355 T 3923 3224 1001 0 0
1355 T 2051 3544 3918 0 0
1355 T 3920 1004 3185 0 0
1355 T 3251 1005 3898 0 0
1355 T 3900 3502 1986 0 0
1355 T 60 2010 3901 0 0
1355 T 3923 2076 61 0 0
1355 T 3544 3935 2098 0 0
1355 T 3246 3933 17 0 0
1355 T 2036 3913 3502 0 0
1355 T 17 3915 3312 1 0
1355 T 3897 746 3730 0 0
1355 T 3716 751 3919 0 0
1355 T 3914 105 3935 0 0
1355 T 1475 3959 3585 0 0
1355 T 3791 1096 3959 0 0
1355 T 3627 3959 1573 0 0
1355 T 3959 1169 3813 0 0
1355 T 248 3762 1305 0 0
1355 T 3206 2014 3762 0 0
1355 T 1376 3767 249 0 0
1355 T 3767 2080 3272 0 0
1355 T 3791 3699 3627 0 0
1355 T 3585 3702 3813 0 0
1355 T 3733 3761 1183 0 0
1355 T 1106 3768 3719 0 0
1355 T 3756 3752 3760 1 0
1355 T 2616 3940 1439 0 0
1355 T 3070 3938 2157 0 0
1355 T 1538 3941 2538 0 0
1355 T 2243 3943 3000 0 0
1355 T 88 3861 3870 0 0
1355 T 3906 3429 3731 0 0
1355 T 3713 3436 3928 0 0
1355 T 3980 1919 3626 0 0
1355 T 3587 1913 3978 0 0
1355 T 11 3929 3785 0 0
1355 T 3017 3750 3929 0 0
1355 T 3811 3911 11 0 0
1355 T 3911 3755 3091 0 0
1355 T 2015 1181 3954 0 0
1355 T 3951 1108 2077 0 0
1355 T 3932 679 3909 0 0
1355 T 1127 3169 3961 0 0
1355 T 3963 3972 344 0 0
1355 T 3972 3167 1049 0 0
1355 T 3945 1074 3926 0 0
1355 T 2604 3527 3947 0 0
1355 T 3947 3485 2526 0 0
1355 T 3908 1151 3945 0 0
1355 T 3704 3603 3978 0 0
1355 T 3979 3641 3697 0 0
1355 T 3722 3995 2099 0 0
1355 T 3435 3993 3486 0 0
1355 T 2033 3990 3740 0 0
1355 T 3528 3992 3430 0 0
1355 T 3487 3894 3926 0 0
1355 T 3908 3891 3525 0 0
1355 T 3841 3837 3840 0 0
1355 T 1414 2912 3984 0 0
1355 T 3985 2961 1347 0 0
1355 T 3982 173 3987 0 0
1355 T 1051 2101 3965 0 0
1355 T 3976 2040 1125 0 0
1355 T 3967 982 3974 0 0
1355 T 3888 3916 3738 -1 0
1355 T 3723 3933 3886 0 0
1355 T 3868 3842 3857 0 0
1355 T 3829 3759 3824 0 0
1355 T 3921 3757 3904 0 0
1355 T 2995 3996 3918 0 0
1355 T 3542 3994 3888 0 0
1355 T 3900 3989 3065 0 0
1355 T 3885 3991 3504 0 0
1355 T 1309 210 1379 0 0
1355 T 3894 3996 3715 0 0
1355 T 3729 3989 3891 0 0
1355 T 3884 3882 3884 0 0
1355 T 3976 2420 3961 0 0
1355 T 3971 2346 3966 0 0
1355 T 576 3855 3986 0 0
1355 T 453 1346 3855 0 0
1355 T 3984 3850 569 0 0
1355 T 3850 1416 452 0 0
1355 T 3954 3825 3640 0 0
1355 T 3598 3835 3951 0 0
1355 T 3850 69 3600 0 0
1355 T 3638 72 3855 0 0
1355 T 3929 3883 3912 0 0
1355 T 3972 3998 3961 0 0
1355 T 3600 81 3849 0 0
1355 T 3855 79 3637 0 0
1355 T 3825 77 3987 0 0
1355 T 3982 76 3836 0 0
1355 T 4000 3998 4000 0 0
1355 T 4001 4003 4001 0 0
1355 T 4012 3856 3825 0 0
1355 T 4005 3834 3852 0 0
1355 T 4018 4020 4018 1 0
1355 U 1523 1 1 0 0
1355 U 4 2 1 0 0
1355 U 19 1 2 0 0
1355 U 5 2 1 0 0
1355 U 36 1 2 0 0
1355 U 3 3 4 1 0
1355 U 1622 3 3 0 0
1355 U 22 4 3 0 0
1355 U 30 4 3 0 0
1355 U 6 3 4 0 0
1355 U 1337 5 8 0 0
1355 U 104 5 5 -1 0
1355 U 1407 8 5 0 0
1355 U 74 6 5 0 0
1355 U 105 8 8 0 0
1355 U 37 8 7 0 0
1355 U 31 7 8 0 0
1355 U 8 9 10 -1 0
1355 U 2072 11 9 0 0
1355 U 1454 10 11 0 0
1355 U 1451 13 9 0 0
1355 U 202 11 13 0 0
1355 U 1004 11 9 0 0
1355 U 3544 13 11 0 0
1355 U 61 10 9 0 0
1355 U 1493 11 14 0 0
1355 U 45 14 13 0 0
1355 U 18 13 14 0 0
1355 U 8 15 16 0 0
1355 U 1555 18 15 0 0
1355 U 2006 16 18 0 0
1355 U 60 16 15 0 0
1355 U 1007 18 16 0 0
1355 U 1551 19 15 0 0
1355 U 3501 17 19 0 0
1355 U 200 19 17 0 0
1355 U 1596 20 17 0 0
1355 U 43 19 20 0 0
1355 U 17 20 19 1 0
1355 U 1189 21 27 0 0
1355 U 240 29 21 0 0
1355 U 2854 27 29 0 0
1355 U 2792 26 21 0 0
1355 U 1228 29 26 0 0
1355 U 24 22 21 0 0
1355 U 247 26 22 0 0
1355 U 2788 23 21 0 0
1355 U 1215 25 23 0 0
1355 U 278 23 27 0 0
1355 U 1209 23 28 0 0
1355 U 53 28 27 0 0
1355 U 288 29 23 0 0
1355 U 2834 25 29 0 0
1355 U 3240 29 28 0 0
1355 U 9 26 25 1 0
1355 U 55 28 27 0 0
1355 U 1241 31 37 0 0
1355 U 2683 33 31 0 0
1355 U 284 37 33 0 0
1355 U 252 35 31 0 0
1355 U 1265 33 35 0 0
1355 U 26 32 31 0 0
1355 U 2688 35 32 0 0
1355 U 244 39 31 0 0
1355 U 1278 36 39 0 0
1355 U 2751 39 37 0 0
1355 U 1263 38 33 0 0
1355 U 49 37 38 0 0
1355 U 292 39 33 0 0
1355 U 3301 38 39 0 0
1355 U 2731 39 35 0 0
1355 U 9 36 35 0 0
1355 U 55 38 37 1 0
1355 U 3649 41 44 0 0
1355 U 356 43 41 0 0
1355 U 40 44 43 0 0
1355 U 2776 49 41 0 0
1355 U 1469 43 49 0 0
1355 U 1443 52 41 0 0
1355 U 462 49 52 0 0
1355 U 364 49 41 0 0
1355 U 2860 52 49 0 0
1355 U 2772 43 41 0 0
1355 U 68 43 44 0 0
1355 U 2830 45 48 0 0
1355 U 1503 47 45 0 0
1355 U 15 48 47 0 0
1355 U 428 48 45 0 0
1355 U 52 47 48 0 0
1355 U 2828 52 45 0 0
1355 U 1514 48 52 0 0
1355 U 1499 49 45 0 0
1355 U 436 52 45 0 0
1355 U 358 53 55 0 0
1355 U 3668 56 53 0 0
1355 U 42 55 56 0 0
1355 U 2667 55 53 0 0
1355 U 67 56 55 1 0
1355 U 368 61 53 0 0
1355 U 1570 55 61 0 0
1355 U 1543 64 53 0 0
1355 U 2753 61 64 0 0
1355 U 2671 61 53 0 0
1355 U 468 64 61 0 0
1355 U 1598 57 61 0 0
1355 U 2723 64 57 0 0
1355 U 424 60 57 0 0
1355 U 1615 64 60 0 0
1355 U 1604 59 57 0 0
1355 U 48 60 59 0 0
1355 U 2727 60 57 0 0
1355 U 16 59 60 0 0
1355 U 432 64 57 0 0
1355 U 3942 65 70 0 0
1355 U 65 66 65 0 0
1355 U 3196 70 66 0 0
1355 U 560 70 65 0 0
1355 U 34 69 70 0 0
1355 U 1367 67 65 0 0
1355 U 3207 70 67 0 0
1355 U 3191 71 65 0 0
1355 U 574 67 71 0 0
1355 U 3735 71 70 0 0
1355 U 77 67 68 0 0
1355 U 4009 68 71 0 0
1355 U 3956 71 67 0 0
1355 U 79 71 72 0 0
1355 U 63 73 74 0 0
1355 U 3940 78 73 0 0
1355 U 3257 74 78 0 0
1355 U 3256 79 73 0 0
1355 U 3718 78 79 0 0
1355 U 1299 75 73 0 0
1355 U 572 79 75 0 0
1355 U 556 78 73 0 0
1355 U 3270 75 78 0 0
1355 U 28 78 77 0 0
1355 U 75 75 76 0 0
1355 U 4007 80 75 0 0
1355 U 3952 79 75 0 0
1355 U 81 80 79 0 0
1355 Q 94 2884 2 2882 0 0 0 0 1 0
1355 Q 84 2468 84 2468 0 0 0 0 -1 0
1355 Q 174 808 147 810 0 0 0 0 0 0
1355 Q 944 145 943 230 0 0 0 0 0 0
1355 Q 0 2864 182 2862 0 0 1 0 0 0
1355 Q 102 1219 95 1269 0 0 0 0 0 0
1355 Q 1487 1 1586 104 0 0 0 0 0 0
1355 Q 1935 2 1937 93 0 0 0 0 0 0
1355 Q 102 1892 96 1894 0 0 0 0 0 0
1355 Q 94 33 95 27 0 0 0 0 0 0
1355 Q 226 928 105 930 0 0 0 0 0 0
1355 Q 0 1728 181 1730 0 0 0 0 0 0
1355 Q 1679 1 1629 0 0 0 0 0 0 0
1355 Q 183 1356 2 1421 0 0 0 0 0 0
1355 Q 1531 213 1429 0 0 0 0 0 0 0
1355 Q 1793 215 1799 1 0 0 0 0 0 0
1355 Q 210 1195 1 1245 0 0 0 0 0 0
1355 Q 438 916 93 915 0 0 0 0 0 0
1355 Q 314 1111 2 1185 0 0 0 0 0 0
1355 Q 2490 324 2490 324 0 0 0 0 0 0
1355 Q 96 1944 984 1942 -1 0 1 0 0 0
1355 Q 84 41 83 39 -1 0 0 0 -1 0
1355 Q 400 232 394 2460 0 0 0 0 0 0
1355 Q 342 472 314 474 0 0 0 0 0 0
1355 Q 2458 2323 105 2394 0 0 0 0 0 0
1355 Q 1904 3181 1898 104 0 0 0 0 0 0
1355 Q 3 2482 4 3183 0 0 -1 0 1 0
1355 Q 232 3468 105 3462 0 0 0 0 0 0
1355 Q 2481 2748 106 2849 0 0 0 0 0 0
1355 Q 50 547 54 546 0 0 0 0 0 0
1355 Q 3442 2972 2 2917 0 -1 0 0 0 0
1355 Q 1860 2 1854 3696 0 0 0 0 0 0
1355 Q 3694 116 3441 115 0 0 0 0 0 0
1355 Q 3418 2372 184 2297 0 0 0 0 0 0
1355 Q 1792 3695 1786 216 0 0 0 0 0 0
1355 Q 69 108 71 105 0 0 0 0 0 0
1355 Q 3694 1323 2492 1389 0 0 0 0 0 0
1355 Q 3880 2491 3874 216 0 0 0 0 0 0
1355 Q 1744 4001 1738 0 0 0 0 0 0 0
1355 Q 3119 321 3046 4003 0 0 0 0 0 0
1355 Q 3998 32 3999 38 0 0 0 0 0 0
1355 Q 4014 3876 321 3878 0 0 0 0 0 0
1355 Q 2307 4003 2378 4016 0 0 0 0 0 0
1355 Q 4014 216 4014 216 0 0 0 0 0 0
1355 Q 4014 1311 4018 1377 0 0 0 0 0 0
1355 Q 102 4020 102 4020 0 0 0 0 0 0
1355 Q 4019 73 4020 74 0 0 0 0 1 0
