1779 A 5 0 1 -2 -1 2
1779 A 10 0 1 -2 -1 2
1779 A 11 0 2 -4 -2 4
1779 A 19 0 12 -5 -12 5
1779 A 20 0 1 -2 -1 2
1779 A 20 0 11 -2 -11 2
1779 A -1 1 -179 0 179 0
1779 A 0 1 -179 0 179 0
1779 A -2 1 -148 0 148 0
1779 A 1 1 -148 0 148 0
1779 A -3 1 -119 -1 119 1
1779 A 2 1 120 -1 -120 1
1779 A -5 1 -56 -1 56 1
1779 A -5 1 -89 -1 89 1
1779 A 4 1 57 -1 -57 1
1779 A 4 1 90 -1 -90 1
1779 A -6 1 -139 -2 139 2
1779 A 5 1 141 -2 -141 2
1779 A 22 0 13 -4 -13 4
1779 A -9 1 -124 -2 124 2
1779 A 8 1 126 -2 -126 2
1779 A -11 1 -116 -3 116 3
1779 A 10 1 119 -3 -119 3
1779 A 25 0 16 -7 -16 7
1779 A -14 1 -181 -6 181 6
1779 A 13 1 187 -6 -187 6
1779 A -27 1 -128 -9 128 9
1779 A 26 1 137 -9 -137 9
1779 A 38 0 7 -14 -7 14
1779 A -1 2 -298 1 298 -1
1779 A -7 2 -234 -2 234 2
1779 A 5 2 236 -2 -236 2
1779 A -10 2 -61 0 61 0
1779 A 8 2 -61 0 61 0
1779 A 5 0 3 -1 3 -1
1779 A 7 0 1 -2 1 -2
1779 A 23 0 16 -9 16 -9
1779 A 4 0 0 -1 1 -1
1779 A 4 0 -1 -1 -2 1
1779 A 5 0 -1 -1 1 2
1779 A 5 0 2 -1 -3 2
1779 A 6 0 0 -1 1 -1
1779 A 6 0 -2 -1 3 -1
1779 A 7 0 0 -1 2 -2
1779 A 7 0 1 -1 0 -2
1779 A 7 0 -1 -1 -2 1
1779 A 7 0 -2 -1 1 2
1779 A 7 0 3 -1 -3 2
1779 A 7 0 4 -1 2 3
1779 A 7 0 -2 -2 -1 -3
1779 A 7 0 4 -2 4 -3
1779 A 7 0 1 -3 -2 3
1779 A 7 0 0 -3 3 -3
1779 A 8 0 0 -1 -3 3
1779 A 8 0 1 -1 0 3
1779 A 8 0 -1 -1 -2 1
1779 A 8 0 -2 -1 1 -3
1779 A 8 0 3 -1 2 -3
1779 A 8 0 -3 -1 4 -1
1779 A 8 0 -1 -3 4 -3
1779 A 8 0 -2 -3 -5 3
1779 A 9 0 0 -1 -2 2
1779 A 9 0 1 -1 0 2
1779 A 9 0 -2 -1 3 -1
1779 A 9 0 -3 -1 -2 -4
1779 A 9 0 4 -1 6 -4
1779 A 9 0 -1 -2 3 -2
1779 A 9 0 -3 -2 -1 4
1779 A 9 0 5 -2 -3 4
1779 A 9 0 0 -4 4 -4
1779 A 10 0 -1 -1 6 -3
1779 A 10 0 2 -1 -3 -3
1779 A 10 0 -2 -1 3 -1
1779 A 10 0 -3 -1 2 -3
1779 A 10 0 4 -1 1 -3
1779 A 10 0 -1 -3 -4 3
1779 A 11 0 0 -1 -2 2
1779 A 11 0 1 -1 0 2
1779 A 11 0 -1 -1 -6 3
1779 A 11 0 2 -1 3 3
1779 A 11 0 -3 -1 -3 -2
1779 A 11 0 4 -1 5 -2
1779 A 11 0 -4 -1 -2 -4
1779 A 11 0 5 -1 6 -4
1779 A 11 0 6 -1 3 5
1779 A 11 0 1 -2 7 -3
1779 A 11 0 -1 -2 3 -2
1779 A 11 0 -2 -2 -3 -4
1779 A 11 0 4 -2 7 -4
1779 A 11 0 1 -3 -2 3
1779 A 11 0 0 -3 3 -3
1779 A 11 0 -1 -3 3 -5
1779 A 11 0 4 -3 2 -5
1779 A 11 0 0 -4 5 -5
1779 A 11 0 4 -4 0 -5
1779 A 11 0 -1 -4 2 5
1779 A 11 0 5 -4 -7 5
1779 A 11 0 -1 -5 -6 5
1779 A 12 0 0 -1 1 -1
1779 A 12 0 -2 -1 -3 5
1779 A 12 0 3 -1 -2 5
1779 A 12 0 -3 -1 4 -1
1779 A 12 0 -5 -1 -6 5
1779 A 12 0 6 -1 1 5
1779 A 12 0 0 -5 5 -5
1779 A 12 0 -3 -5 8 -5
1779 A 13 0 0 -1 -4 4
1779 A 13 0 1 -1 0 4
1779 A 13 0 -1 -1 3 5
1779 A 13 0 2 -1 -8 5
1779 A 13 0 -2 -1 -4 -3
1779 A 13 0 3 -1 7 -3
1779 A 13 0 -3 -1 2 6
1779 A 13 0 4 -1 -8 6
1779 A 13 0 -4 -1 7 -4
1779 A 13 0 5 -1 -3 -4
1779 A 13 0 -5 -1 -1 -2
1779 A 13 0 6 -1 3 -2
1779 A 13 0 7 -1 -1 2
1779 A 13 0 0 -2 -2 2
1779 A 13 0 -2 -2 8 -4
1779 A 13 0 4 -2 -4 -4
1779 A 13 0 -3 -2 5 -2
1779 A 13 0 -4 -2 -2 5
1779 A 13 0 6 -2 -3 5
1779 A 13 0 -5 -2 -4 3
1779 A 13 0 7 -2 1 3
1779 A 13 0 1 -3 -2 3
1779 A 13 0 0 -3 3 -3
1779 A 13 0 -2 -3 4 -5
1779 A 13 0 5 -3 1 -5
1779 A 13 0 -3 -3 1 6
1779 A 13 0 6 -3 -7 6
1779 A 13 0 8 -3 4 5
1779 A 13 0 2 -4 3 -6
1779 A 13 0 1 -4 7 -5
1779 A 13 0 3 -4 -2 -5
1779 A 13 0 -1 -4 5 -4
1779 A 13 0 -2 -4 -9 6
1779 A 13 0 6 -4 3 6
1779 A 13 0 0 -5 -6 6
1779 A 13 0 5 -5 0 6
1779 A 13 0 -1 -5 2 -6
1779 A 13 0 6 -5 4 -6
1779 A 13 0 1 -6 -5 6
1779 A 14 0 0 -1 -5 5
1779 A 14 0 1 -1 0 5
1779 A 14 0 -1 -1 -2 1
1779 A 14 0 -2 -1 1 -5
1779 A 14 0 3 -1 4 -5
1779 A 14 0 -3 -1 2 3
1779 A 14 0 4 -1 -5 3
1779 A 14 0 -4 -1 -3 -5
1779 A 14 0 5 -1 8 -5
1779 A 14 0 -5 -1 -6 1
1779 A 14 0 -6 -1 -7 5
1779 A 14 0 7 -1 2 5
1779 A 14 0 1 -3 -2 3
1779 A 14 0 0 -3 3 -3
1779 A 14 0 -1 -3 -2 5
1779 A 14 0 4 -3 -3 5
1779 A 14 0 -3 -3 4 5
1779 A 14 0 6 -3 -9 5
1779 A 14 0 -4 -3 7 -3
1779 A 14 0 -5 -3 -8 3
1779 A 14 0 -1 -5 6 -5
1779 A 15 0 -2 -1 3 -1
1779 A 15 0 -3 -1 -8 2
1779 A 15 0 4 -1 6 2
1779 A 15 0 -6 -1 1 2
1779 A 15 0 7 -1 -3 2
1779 A 15 0 -4 -2 -6 7
1779 A 15 0 6 -2 -1 7
1779 A 15 0 1 -4 9 -7
1779 A 15 0 3 -4 -2 -7
1779 A 15 0 -2 -4 3 -7
1779 A 15 0 6 -4 4 -7
1779 A 15 0 -3 -4 7 -4
1779 A 16 0 0 -1 5 -5
1779 A 16 0 1 -1 0 -5
1779 A 16 0 -1 -1 -2 1
1779 A 16 0 -2 -1 1 5
1779 A 16 0 3 -1 -6 5
1779 A 16 0 -3 -1 4 7
1779 A 16 0 4 -1 -11 7
1779 A 16 0 -4 -1 5 -1
1779 A 16 0 -5 -1 2 -3
1779 A 16 0 6 -1 1 -3
1779 A 16 0 -6 -1 1 -7
1779 A 16 0 7 -1 6 -7
1779 A 16 0 -7 -1 -8 3
1779 A 16 0 8 -1 5 3
1779 A 16 0 0 -3 7 -7
1779 A 16 0 3 -3 0 -7
1779 A 16 0 -1 -3 4 5
1779 A 16 0 4 -3 -9 5
1779 A 16 0 -2 -3 -5 3
1779 A 16 0 -3 -3 10 -5
1779 A 16 0 6 -3 -5 -5
1779 A 16 0 -4 -3 7 -3
1779 A 16 0 -6 -3 -5 7
1779 A 16 0 9 -3 -2 7
1779 A 16 0 2 -5 -3 5
1779 A 16 0 1 -5 4 -5
1779 A 16 0 -2 -5 -3 -7
1779 A 16 0 7 -5 10 -7
1779 A 16 0 -3 -5 -8 7
1779 A 16 0 8 -5 1 7
1779 A 16 0 3 -7 4 -7
1779 A 16 0 -2 -7 -9 7
1779 A 17 0 0 -1 6 -6
1779 A 17 0 1 -1 0 -6
1779 A 17 0 -1 -1 -3 -7
1779 A 17 0 2 -1 10 -7
1779 A 17 0 -2 -1 6 -2
1779 A 17 0 3 -1 -4 -2
1779 A 17 0 -3 -1 -2 -8
1779 A 17 0 4 -1 10 -8
1779 A 17 0 -4 -1 -2 -3
1779 A 17 0 5 -1 5 -3
1779 A 17 0 -5 -1 -6 1
1779 A 17 0 -6 -1 -4 3
1779 A 17 0 7 -1 1 3
1779 A 17 0 -7 -1 1 2
1779 A 17 0 8 -1 -3 2
1779 A 17 0 9 -1 11 -5
1779 A 17 0 1 -2 -3 6
1779 A 17 0 0 -2 3 -3
1779 A 17 0 2 -2 0 -3
1779 A 17 0 -2 -2 -10 5
1779 A 17 0 4 -2 5 5
1779 A 17 0 -3 -2 9 -7
1779 A 17 0 5 -2 -2 -7
1779 A 17 0 -5 -2 11 -8
1779 A 17 0 7 -2 -3 -8
1779 A 17 0 -6 -2 -1 -4
1779 A 17 0 8 -2 5 -4
1779 A 17 0 -7 -2 -6 7
1779 A 17 0 9 -2 -1 7
1779 A 17 0 1 -3 -4 6
1779 A 17 0 2 -3 -2 6
1779 A 17 0 -3 -3 -1 -8
1779 A 17 0 6 -3 9 -8
1779 A 17 0 -4 -3 6 -5
1779 A 17 0 7 -3 -1 -5
1779 A 17 0 -5 -3 -8 3
1779 A 17 0 -6 -3 2 5
1779 A 17 0 9 -3 -7 5
1779 A 17 0 10 -3 -2 4
1779 A 17 0 1 -4 8 -5
1779 A 17 0 3 -4 -3 -5
1779 A 17 0 0 -4 -7 7
1779 A 17 0 4 -4 0 7
1779 A 17 0 -2 -4 12 -8
1779 A 17 0 6 -4 -4 -8
1779 A 17 0 -3 -4 7 -4
1779 A 17 0 -4 -4 -5 -6
1779 A 17 0 8 -4 11 -6
1779 A 17 0 -5 -4 -1 8
1779 A 17 0 9 -4 -7 8
1779 A 17 0 -6 -4 -4 5
1779 A 17 0 10 -4 -1 5
1779 A 17 0 2 -5 3 -5
1779 A 17 0 0 -5 8 -8
1779 A 17 0 5 -5 0 -8
1779 A 17 0 -4 -5 1 7
1779 A 17 0 9 -5 -8 7
1779 A 17 0 1 -6 5 -6
1779 A 17 0 -1 -6 11 -7
1779 A 17 0 7 -6 -4 -7
1779 A 17 0 -2 -6 5 -8
1779 A 17 0 8 -6 3 -8
1779 A 17 0 -3 -6 -9 6
1779 A 17 0 -4 -6 -2 8
1779 A 17 0 10 -6 -6 8
1779 A 17 0 3 -7 -4 7
1779 A 17 0 2 -7 5 -7
1779 A 17 0 12 -7 4 -8
1779 A 18 0 0 -1 7 -7
1779 A 18 0 1 -1 0 -7
1779 A 18 0 -2 -1 3 -1
1779 A 18 0 -3 -1 -2 5
1779 A 18 0 4 -1 -3 5
1779 A 18 0 -5 -1 6 5
1779 A 18 0 6 -1 -11 5
1779 A 18 0 -6 -1 7 -1
1779 A 18 0 -8 -1 9 -7
1779 A 18 0 9 -1 -2 -7
1779 A 18 0 0 -5 5 -5
1779 A 18 0 -1 -5 -12 7
1779 A 18 0 6 -5 5 7
1779 A 18 0 -3 -5 -4 7
1779 A 18 0 8 -5 -3 7
1779 A 18 0 -4 -5 9 -5
1779 A 18 0 1 -7 6 -7
1779 A 18 0 -3 -7 10 -7
1779 A 19 0 0 -1 -7 7
1779 A 19 0 1 -1 0 7
1779 A 19 0 -1 -1 4 -2
1779 A 19 0 2 -1 -2 -2
1779 A 19 0 -2 -1 7 4
1779 A 19 0 3 -1 -11 4
1779 A 19 0 -3 -1 4 -1
1779 A 19 0 -4 -1 -10 2
1779 A 19 0 5 -1 8 2
1779 A 19 0 -6 -1 -1 -8
1779 A 19 0 7 -1 9 -8
1779 A 19 0 -7 -1 -7 8
1779 A 19 0 8 -1 -1 8
1779 A 19 0 -8 -1 7 -5
1779 A 19 0 9 -1 -2 -5
1779 A 19 0 10 -1 -3 6
1779 A 19 0 1 -2 8 3
1779 A 19 0 0 -2 6 -6
1779 A 19 0 2 -2 0 -6
1779 A 19 0 -1 -2 -1 7
1779 A 19 0 3 -2 -6 7
1779 A 19 0 -3 -2 -10 4
1779 A 19 0 5 -2 6 4
1779 A 19 0 -4 -2 -6 2
1779 A 19 0 -5 -2 -5 -4
1779 A 19 0 7 -2 9 -4
1779 A 19 0 -6 -2 2 9
1779 A 19 0 8 -2 -11 9
1779 A 19 0 1 -3 6 -9
1779 A 19 0 2 -3 3 -9
1779 A 19 0 0 -3 4 -4
1779 A 19 0 3 -3 0 -4
1779 A 19 0 -2 -3 4 9
1779 A 19 0 5 -3 -13 9
1779 A 19 0 -3 -3 -5 -7
1779 A 19 0 6 -3 12 -7
1779 A 19 0 -4 -3 -10 7
1779 A 19 0 7 -3 3 7
1779 A 19 0 -5 -3 -4 -8
1779 A 19 0 8 -3 12 -8
1779 A 19 0 -6 -3 -4 -5
1779 A 19 0 9 -3 9 -5
1779 A 19 0 -7 -3 -1 6
1779 A 19 0 10 -3 -5 6
1779 A 19 0 2 -4 4 -8
1779 A 19 0 1 -4 2 -9
1779 A 19 0 3 -4 7 -9
1779 A 19 0 -2 -4 9 -6
1779 A 19 0 6 -4 -3 -6
1779 A 19 0 -3 -4 4 -5
1779 A 19 0 7 -4 1 -5
1779 A 19 0 -4 -4 1 9
1779 A 19 0 8 -4 -10 9
1779 A 19 0 2 -5 -4 -6
1779 A 19 0 3 -5 10 -6
1779 A 19 0 0 -5 -9 9
1779 A 19 0 5 -5 0 9
1779 A 19 0 -1 -5 -2 8
1779 A 19 0 6 -5 -6 8
1779 A 19 0 -3 -5 -2 6
1779 A 19 0 8 -5 -4 6
1779 A 19 0 -5 -5 -3 -8
1779 A 19 0 10 -5 11 -8
1779 A 19 0 -1 -6 -5 7
1779 A 19 0 7 -6 -2 7
1779 A 19 0 -5 -6 11 -6
1779 A 19 0 -6 -6 -12 6
1779 A 19 0 -1 -7 8 -7
1779 A 19 0 -2 -7 -13 8
1779 A 19 0 9 -7 5 8
1779 A 19 0 -4 -7 -11 7
1779 A 19 0 13 -7 5 9
1779 A 19 0 3 -8 8 -9
1779 A 19 0 5 -8 1 -9
1779 A 19 0 0 -8 -8 8
1779 A 19 0 4 -9 5 -9
1779 A 20 0 -1 -1 6 -3
1779 A 20 0 2 -1 -3 -3
1779 A 20 0 -2 -1 -7 9
1779 A 20 0 3 -1 -2 9
1779 A 20 0 -3 -1 -8 7
1779 A 20 0 4 -1 1 7
1779 A 20 0 -6 -1 1 -3
1779 A 20 0 7 -1 2 -3
1779 A 20 0 -7 -1 8 -1
1779 A 20 0 -8 -1 -3 7
1779 A 20 0 9 -1 -4 7
1779 A 20 0 -1 -3 -4 -7
1779 A 20 0 4 -3 11 -7
1779 A 20 0 -4 -3 -1 9
1779 A 20 0 7 -3 -8 9
1779 A 20 0 -6 -3 -9 3
1779 A 20 0 -8 -3 -13 9
1779 A 20 0 11 -3 4 9
1779 A 20 0 1 -7 -6 7
1779 A 20 0 -2 -7 3 -9
1779 A 20 0 9 -7 6 -9
1779 A 20 0 -6 -7 11 -9
1779 A 20 0 13 -7 -2 -9
1779 A 20 0 -3 -9 12 -9
1779 A 21 0 0 -1 -5 5
1779 A 21 0 1 -1 0 5
1779 A 21 0 -2 -1 -6 2
1779 A 21 0 3 -1 4 2
1779 A 21 0 -3 -1 -5 -4
1779 A 21 0 4 -1 9 -4
1779 A 21 0 -5 -1 -6 8
1779 A 21 0 6 -1 -2 8
1779 A 21 0 -6 -1 7 5
1779 A 21 0 7 -1 -12 5
1779 A 21 0 -8 -1 -9 8
1779 A 21 0 9 -1 1 8
1779 A 21 0 -9 -1 1 2
1779 A 21 0 10 -1 -3 2
1779 A 21 0 0 -2 8 -8
1779 A 21 0 2 -2 0 -8
1779 A 21 0 -3 -2 -10 4
1779 A 21 0 5 -2 6 4
1779 A 21 0 -6 -2 8 -2
1779 A 21 0 -7 -2 -6 -8
1779 A 21 0 9 -2 14 -8
1779 A 21 0 -9 -2 -1 4
1779 A 21 0 11 -2 -3 4
1779 A 21 0 0 -4 4 -4
1779 A 21 0 -2 -4 15 -10
1779 A 21 0 6 -4 -5 -10
1779 A 21 0 -3 -4 7 -4
1779 A 21 0 -8 -4 9 -10
1779 A 21 0 12 -4 1 -10
1779 A 21 0 2 -5 -6 10
1779 A 21 0 3 -5 -4 10
1779 A 21 0 -1 -5 6 -5
1779 A 21 0 -3 -5 -4 -8
1779 A 21 0 8 -5 12 -8
1779 A 21 0 -4 -5 3 10
1779 A 21 0 9 -5 -13 10
1779 A 21 0 -6 -5 5 -8
1779 A 21 0 11 -5 3 -8
1779 A 21 0 -3 -8 2 10
1779 A 21 0 11 -8 -12 10
1779 A 21 0 3 -10 7 -10
1779 A 21 0 0 -10 10 -10
1779 A -1 1 -22 0 -182 0
1779 A -1 1 -23 0 -58 0
1779 A -1 1 -24 0 204 0
1779 A -1 1 -27 0 33 0
1779 A -1 1 -29 0 -46 0
1779 A -1 1 -31 0 201 0
1779 A -1 1 -39 0 194 0
1779 A -1 1 -42 0 53 0
1779 A -1 1 -43 0 207 0
1779 A -1 1 -44 0 -91 0
1779 A -1 1 -59 0 -181 0
1779 A -1 1 -66 0 -209 0
1779 A -1 1 -67 0 93 0
1779 A -1 1 -78 0 97 0
1779 A -1 1 -86 0 -119 0
1779 A -1 1 -87 0 133 0
1779 A -1 1 -88 0 177 0
1779 A -1 1 -92 0 208 0
1779 A -1 1 -101 0 141 0
1779 A -1 1 -118 0 132 0
1779 A -1 1 -134 0 -176 0
1779 A -1 1 -156 0 -174 0
1779 A 0 1 -22 0 -182 0
1779 A 0 1 -23 0 -58 0
1779 A 0 1 -24 0 204 0
1779 A 0 1 -27 0 33 0
1779 A 0 1 -29 0 -46 0
1779 A 0 1 -31 0 201 0
1779 A 0 1 -39 0 194 0
1779 A 0 1 -42 0 53 0
1779 A 0 1 -43 0 207 0
1779 A 0 1 -44 0 -91 0
1779 A 0 1 -59 0 -181 0
1779 A 0 1 -66 0 -209 0
1779 A 0 1 -67 0 93 0
1779 A 0 1 -78 0 97 0
1779 A 0 1 -86 0 -119 0
1779 A 0 1 -87 0 133 0
1779 A 0 1 -88 0 177 0
1779 A 0 1 -92 0 208 0
1779 A 0 1 -101 0 141 0
1779 A 0 1 -118 0 132 0
1779 A 0 1 -134 0 -176 0
1779 A 0 1 -156 0 -174 0
1779 A -2 1 -22 0 61 0
1779 A -2 1 -23 0 -136 0
1779 A -2 1 -25 0 -143 0
1779 A -2 1 -29 0 183 1
1779 A -2 1 -31 0 -171 -1
1779 A -2 1 -37 0 145 0
1779 A -2 1 -38 0 198 1
1779 A -2 1 -43 0 52 0
1779 A -2 1 -49 0 73 0
1779 A -2 1 -50 0 150 1
1779 A -2 1 -58 0 -131 0
1779 A -2 1 -59 0 195 1
1779 A -2 1 -70 0 -83 0
1779 A -2 1 -71 0 168 1
1779 A -2 1 -74 0 -149 -1
1779 A -2 1 -76 0 100 0
1779 A -2 1 -77 0 207 1
1779 A -2 1 -85 0 142 0
1779 A -2 1 -97 0 106 0
1779 A -2 1 -98 0 -185 -1
1779 A -2 1 -101 0 -206 -1
1779 A -2 1 -107 0 186 1
1779 A -2 1 -118 0 -125 0
1779 A -2 1 -119 0 -152 -1
1779 A -2 1 -124 0 -153 -1
1779 A -2 1 -146 0 -197 -1
1779 A -2 1 -155 -1 203 1
1779 A -2 1 -159 -1 -209 -1
1779 A -2 1 -173 -1 -210 -1
1779 A 1 1 -22 0 61 0
1779 A 1 1 -23 0 -136 0
1779 A 1 1 -25 0 -143 0
1779 A 1 1 -29 0 184 -1
1779 A 1 1 -31 0 -172 1
1779 A 1 1 -37 0 145 0
1779 A 1 1 -38 0 199 -1
1779 A 1 1 -43 0 52 0
1779 A 1 1 -49 0 73 0
1779 A 1 1 -50 0 151 -1
1779 A 1 1 -58 0 -131 0
1779 A 1 1 -59 0 196 -1
1779 A 1 1 -70 0 -83 0
1779 A 1 1 -71 0 169 -1
1779 A 1 1 -74 0 -150 1
1779 A 1 1 -76 0 100 0
1779 A 1 1 -77 0 208 -1
1779 A 1 1 -85 0 142 0
1779 A 1 1 -97 0 106 0
1779 A 1 1 -98 0 -186 1
1779 A 1 1 -101 0 -207 1
1779 A 1 1 -107 0 187 -1
1779 A 1 1 -118 0 -125 0
1779 A 1 1 -119 0 -153 1
1779 A 1 1 -124 0 -154 1
1779 A 1 1 -146 0 -198 1
1779 A 1 1 156 -1 -204 1
1779 A 1 1 160 -1 210 -1
1779 A 1 1 174 -1 211 -1
1779 A -3 1 -23 0 -95 -1
1779 A -3 1 -36 0 210 1
1779 A -3 1 -39 0 -182 -1
1779 A -3 1 -40 0 -121 -1
1779 A -3 1 -42 0 -201 -1
1779 A -3 1 -54 0 139 1
1779 A -3 1 -59 0 -104 -1
1779 A -3 1 -61 0 -204 -1
1779 A -3 1 -62 0 -80 0
1779 A -3 1 -68 0 -123 -1
1779 A -3 1 -79 0 -134 -1
1779 A -3 1 -81 0 -203 -1
1779 A -3 1 -83 0 -160 -1
1779 A -3 1 -84 0 -99 -1
1779 A -3 1 -100 -1 -159 -1
1779 A -3 1 -115 -1 169 1
1779 A -3 1 -193 -1 211 1
1779 A 2 1 -23 0 -96 1
1779 A 2 1 -36 0 211 -1
1779 A 2 1 -39 0 -183 1
1779 A 2 1 -40 0 -122 1
1779 A 2 1 -42 0 -202 1
1779 A 2 1 -54 0 140 -1
1779 A 2 1 -59 0 -105 1
1779 A 2 1 -61 0 -205 1
1779 A 2 1 -62 0 -80 0
1779 A 2 1 -68 0 -124 1
1779 A 2 1 -79 0 -135 1
1779 A 2 1 -81 0 -204 1
1779 A 2 1 -83 0 -161 1
1779 A 2 1 -84 0 -100 1
1779 A 2 1 101 -1 160 -1
1779 A 2 1 116 -1 -170 1
1779 A 2 1 194 -1 -212 1
1779 A -4 1 -22 0 183 1
1779 A -4 1 -26 0 -119 -1
1779 A -4 1 -34 0 117 1
1779 A -4 1 -40 0 76 1
1779 A -4 1 -53 0 65 1
1779 A -4 1 -60 0 -95 -1
1779 A -4 1 -62 0 -191 -2
1779 A -4 1 -100 -1 -141 -1
1779 A -4 1 -116 -1 175 1
1779 A -4 1 -135 -1 209 2
1779 A -4 1 -189 -1 -198 -2
1779 A -4 1 -193 -2 208 2
1779 A 3 1 -22 0 184 -1
1779 A 3 1 -26 0 -120 1
1779 A 3 1 -34 0 118 -1
1779 A 3 1 -40 0 77 -1
1779 A 3 1 -53 0 66 -1
1779 A 3 1 -60 0 -96 1
1779 A 3 1 -62 0 -193 2
1779 A 3 1 101 -1 142 -1
1779 A 3 1 117 -1 -176 1
1779 A 3 1 136 -1 -211 2
1779 A 3 1 190 -1 200 -2
1779 A 3 1 195 -2 -210 2
1779 A -5 1 -22 0 143 1
1779 A -5 1 -23 0 172 2
1779 A -5 1 -26 0 151 2
1779 A -5 1 -32 0 208 2
1779 A -5 1 -37 0 83 1
1779 A -5 1 -38 0 -198 -2
1779 A -5 1 -44 0 69 1
1779 A -5 1 -46 0 86 1
1779 A -5 1 -47 0 178 2
1779 A -5 1 -47 -1 -147 -1
1779 A -5 1 -48 -1 -183 -2
1779 A -5 1 -71 -1 -99 -1
1779 A -5 1 -74 -1 -196 -2
1779 A -5 1 -84 -1 199 2
1779 A -5 1 -87 -1 -177 -2
1779 A -5 1 -92 -1 153 2
1779 A -5 1 -96 -1 211 2
1779 A -5 1 -98 -1 -148 -2
1779 A -5 1 -101 -1 131 1
1779 A -5 1 -117 -1 -192 -2
1779 A -5 1 -123 -1 -168 -2
1779 A -5 1 -134 -1 174 2
1779 A -5 1 -137 -1 -157 -2
1779 A -5 1 -144 -1 -171 -2
1779 A -5 1 -146 -1 -184 -2
1779 A 4 1 -22 0 144 -1
1779 A 4 1 -23 0 174 -2
1779 A 4 1 -26 0 153 -2
1779 A 4 1 -32 0 210 -2
1779 A 4 1 -37 0 84 -1
1779 A 4 1 -38 0 -200 2
1779 A 4 1 -44 0 70 -1
1779 A 4 1 -46 0 87 -1
1779 A 4 1 -47 0 180 -2
1779 A 4 1 48 -1 148 -1
1779 A 4 1 49 -1 185 -2
1779 A 4 1 72 -1 100 -1
1779 A 4 1 75 -1 198 -2
1779 A 4 1 85 -1 -201 2
1779 A 4 1 88 -1 179 -2
1779 A 4 1 93 -1 -155 2
1779 A 4 1 97 -1 -213 2
1779 A 4 1 99 -1 150 -2
1779 A 4 1 102 -1 -132 1
1779 A 4 1 118 -1 194 -2
1779 A 4 1 124 -1 170 -2
1779 A 4 1 135 -1 -176 2
1779 A 4 1 138 -1 159 -2
1779 A 4 1 145 -1 173 -2
1779 A 4 1 147 -1 186 -2
1779 A -6 1 -22 0 102 1
1779 A -6 1 -23 0 56 1
1779 A -6 1 -24 0 93 1
1779 A -6 1 -26 0 189 2
1779 A -6 1 -27 0 82 1
1779 A -6 1 -31 0 40 1
1779 A -6 1 -32 0 181 2
1779 A -6 1 -33 0 66 1
1779 A -6 1 -41 0 -127 -2
1779 A -6 1 -41 -1 -180 -2
1779 A -6 1 -42 -1 -176 -2
1779 A -6 1 -43 -1 -120 -1
1779 A -6 1 -45 -1 -137 -2
1779 A -6 1 -57 -1 -92 -1
1779 A -6 1 -58 -1 -129 -2
1779 A -6 1 -65 -1 -182 -2
1779 A -6 1 -68 -1 187 2
1779 A -6 1 -77 -1 -97 -1
1779 A -6 1 -85 -1 -202 -2
1779 A -6 1 -86 -1 -204 -3
1779 A -6 1 -87 -1 -131 -2
1779 A -6 1 -88 -1 -90 -1
1779 A -6 1 -91 -1 -130 -2
1779 A -6 1 -95 -1 -162 -2
1779 A -6 1 -118 -1 -208 -3
1779 A -6 1 -121 -1 -175 -2
1779 A -6 1 -122 -1 155 2
1779 A -6 1 -132 -2 -203 -3
1779 A -6 1 -154 -2 174 2
1779 A -6 1 -164 -2 -206 -3
1779 A -6 1 -195 -2 200 3
1779 A -6 1 -201 -2 -205 -3
1779 A 5 1 -22 0 103 -1
1779 A 5 1 -23 0 57 -1
1779 A 5 1 -24 0 94 -1
1779 A 5 1 -26 0 191 -2
1779 A 5 1 -27 0 83 -1
1779 A 5 1 -31 0 41 -1
1779 A 5 1 -32 0 183 -2
1779 A 5 1 -33 0 67 -1
1779 A 5 1 -41 0 -129 2
1779 A 5 1 42 -1 182 -2
1779 A 5 1 43 -1 178 -2
1779 A 5 1 44 -1 121 -1
1779 A 5 1 46 -1 139 -2
1779 A 5 1 58 -1 93 -1
1779 A 5 1 59 -1 131 -2
1779 A 5 1 66 -1 184 -2
1779 A 5 1 69 -1 -189 2
1779 A 5 1 78 -1 98 -1
1779 A 5 1 86 -1 204 -2
1779 A 5 1 87 -1 207 -3
1779 A 5 1 88 -1 133 -2
1779 A 5 1 89 -1 91 -1
1779 A 5 1 92 -1 132 -2
1779 A 5 1 96 -1 164 -2
1779 A 5 1 119 -1 211 -3
1779 A 5 1 122 -1 177 -2
1779 A 5 1 123 -1 -157 2
1779 A 5 1 134 -2 206 -3
1779 A 5 1 156 -2 -176 2
1779 A 5 1 166 -2 209 -3
1779 A 5 1 197 -2 -203 3
1779 A 5 1 203 -2 208 -3
1779 A 22 0 -6 -1 -5 7
1779 A 22 0 7 -1 -2 7
1779 A 22 0 -7 -1 -6 9
1779 A 22 0 8 -1 -3 9
1779 A 22 0 -9 -1 -8 3
1779 A 22 0 10 -1 5 3
1779 A 22 0 -10 -1 11 -9
1779 A 22 0 11 -1 -2 -9
1779 A 22 0 1 -3 -2 3
1779 A 22 0 0 -3 3 -3
1779 A 22 0 -1 -3 -8 -5
1779 A 22 0 4 -3 13 -5
1779 A 22 0 -4 -3 1 9
1779 A 22 0 7 -3 -10 9
1779 A 22 0 -7 -3 2 -5
1779 A 22 0 10 -3 3 -5
1779 A 22 0 -8 -3 11 -3
1779 A 22 0 -9 -3 -12 3
1779 A 22 0 -1 -5 -6 5
1779 A 22 0 -4 -5 -5 -7
1779 A 22 0 9 -5 12 -7
1779 A 22 0 -5 -5 -10 5
1779 A 22 0 -6 -5 -11 7
1779 A 22 0 11 -5 4 7
1779 A 22 0 3 -7 2 -9
1779 A 22 0 4 -7 7 -9
1779 A 22 0 -7 -7 -4 -9
1779 A 22 0 14 -7 13 -9
1779 A 22 0 1 -9 8 -9
1779 A 22 0 -3 -9 12 -9
1779 A -7 1 -23 0 -113 -2
1779 A -7 1 -24 0 -128 -2
1779 A -7 1 -25 0 32 1
1779 A -7 1 -36 0 209 3
1779 A -7 1 -35 -1 51 1
1779 A -7 1 -39 -1 166 2
1779 A -7 1 -57 -1 -161 -2
1779 A -7 1 -59 -1 193 3
1779 A -7 1 -78 -1 191 3
1779 A -7 1 -95 -1 -134 -2
1779 A -7 1 -99 -1 156 2
1779 A -7 1 -104 -1 -122 -2
1779 A -7 1 -117 -2 -157 -2
1779 A -7 1 -130 -2 -172 -2
1779 A -7 1 -139 -2 205 3
1779 A -7 1 -169 -3 202 3
1779 A 6 1 -23 0 -115 2
1779 A 6 1 -24 0 -130 2
1779 A 6 1 -25 0 33 -1
1779 A 6 1 -36 0 212 -3
1779 A 6 1 36 -1 -52 1
1779 A 6 1 40 -1 -168 2
1779 A 6 1 58 -1 163 -2
1779 A 6 1 60 -1 -196 3
1779 A 6 1 79 -1 -194 3
1779 A 6 1 96 -1 136 -2
1779 A 6 1 100 -1 -158 2
1779 A 6 1 105 -1 124 -2
1779 A 6 1 119 -2 159 -2
1779 A 6 1 132 -2 174 -2
1779 A 6 1 141 -2 -208 3
1779 A 6 1 172 -3 -205 3
1779 A -8 1 -23 0 -172 -3
1779 A -8 1 -28 0 -145 -2
1779 A -8 1 -32 0 39 1
1779 A -8 1 -26 -1 -197 -3
1779 A -8 1 -29 -1 -152 -3
1779 A -8 1 -32 -1 206 4
1779 A -8 1 -33 -1 94 2
1779 A -8 1 -35 -1 -209 -3
1779 A -8 1 -36 -1 -132 -2
1779 A -8 1 -50 -1 -87 -1
1779 A -8 1 -59 -1 148 3
1779 A -8 1 -60 -1 124 2
1779 A -8 1 -72 -1 103 2
1779 A -8 1 -78 -1 118 2
1779 A -8 1 -93 -2 -207 -4
1779 A -8 1 -97 -2 -117 -2
1779 A -8 1 -115 -2 194 3
1779 A -8 1 -123 -2 -149 -3
1779 A -8 1 -130 -2 -151 -3
1779 A -8 1 -144 -2 -167 -3
1779 A -8 1 -170 -3 -203 -4
1779 A -8 1 -184 -3 -200 -3
1779 A -8 1 -196 -3 -206 -3
1779 A 7 1 -23 0 -175 3
1779 A 7 1 -28 0 -147 2
1779 A 7 1 -32 0 40 -1
1779 A 7 1 27 -1 200 -3
1779 A 7 1 30 -1 155 -3
1779 A 7 1 33 -1 -210 4
1779 A 7 1 34 -1 -96 2
1779 A 7 1 36 -1 212 -3
1779 A 7 1 37 -1 134 -2
1779 A 7 1 51 -1 88 -1
1779 A 7 1 60 -1 -151 3
1779 A 7 1 61 -1 -126 2
1779 A 7 1 73 -1 -105 2
1779 A 7 1 79 -1 -120 2
1779 A 7 1 95 -2 211 -4
1779 A 7 1 99 -2 119 -2
1779 A 7 1 117 -2 -197 3
1779 A 7 1 125 -2 152 -3
1779 A 7 1 132 -2 154 -3
1779 A 7 1 146 -2 170 -3
1779 A 7 1 173 -3 207 -4
1779 A 7 1 187 -3 203 -3
1779 A 7 1 199 -3 209 -3
1779 A -9 1 -23 0 36 1
1779 A -9 1 -24 0 201 4
1779 A -9 1 -25 0 -53 -1
1779 A -9 1 -28 0 -204 -4
1779 A -9 1 -29 -1 -59 -1
1779 A -9 1 -32 -1 191 4
1779 A -9 1 -37 -1 -200 -4
1779 A -9 1 -39 -1 -122 -2
1779 A -9 1 -40 -1 -184 -3
1779 A -9 1 -51 -1 -94 -2
1779 A -9 1 -61 -1 -78 -2
1779 A -9 1 -62 -1 -197 -4
1779 A -9 1 -73 -1 -127 -2
1779 A -9 1 -81 -1 -211 -4
1779 A -9 1 -74 -2 -100 -2
1779 A -9 1 -75 -2 -162 -3
1779 A -9 1 -77 -2 -198 -4
1779 A -9 1 -80 -2 126 3
1779 A -9 1 -90 -2 189 4
1779 A -9 1 -99 -2 -163 -3
1779 A -9 1 -117 -2 153 3
1779 A -9 1 -121 -2 -185 -3
1779 A -9 1 -133 -2 -175 -3
1779 A -9 1 -130 -3 164 3
1779 A -9 1 -137 -3 159 3
1779 A 8 1 -23 0 37 -1
1779 A 8 1 -24 0 205 -4
1779 A 8 1 -25 0 -54 1
1779 A 8 1 -28 0 -208 4
1779 A 8 1 30 -1 60 -1
1779 A 8 1 33 -1 -195 4
1779 A 8 1 38 -1 204 -4
1779 A 8 1 40 -1 124 -2
1779 A 8 1 41 -1 187 -3
1779 A 8 1 52 -1 96 -2
1779 A 8 1 62 -1 80 -2
1779 A 8 1 63 -1 201 -4
1779 A 8 1 74 -1 129 -2
1779 A 8 1 82 -1 215 -4
1779 A 8 1 76 -2 102 -2
1779 A 8 1 77 -2 165 -3
1779 A 8 1 79 -2 202 -4
1779 A 8 1 82 -2 -129 3
1779 A 8 1 92 -2 -193 4
1779 A 8 1 101 -2 166 -3
1779 A 8 1 119 -2 -156 3
1779 A 8 1 123 -2 188 -3
1779 A 8 1 135 -2 178 -3
1779 A 8 1 133 -3 -167 3
1779 A 8 1 140 -3 -162 3
1779 A 23 0 -9 -1 -6 -4
1779 A 23 0 10 -1 10 -4
1779 A 23 0 -10 -1 -4 -8
1779 A 23 0 11 -1 12 -8
1779 A 23 0 12 -1 6 11
1779 A 23 0 1 -2 3 -6
1779 A 23 0 -1 -2 6 -4
1779 A 23 0 3 -2 -2 -4
1779 A 23 0 -2 -2 7 8
1779 A 23 0 4 -2 -15 8
1779 A 23 0 -3 -2 5 -2
1779 A 23 0 -4 -2 -4 9
1779 A 23 0 6 -2 -5 9
1779 A 23 0 -7 -2 3 7
1779 A 23 0 9 -2 -10 7
1779 A 23 0 -8 -2 12 -7
1779 A 23 0 10 -2 -5 -7
1779 A 23 0 -9 -2 5 -3
1779 A 23 0 11 -2 -2 -3
1779 A 23 0 -10 -2 14 -10
1779 A 23 0 12 -2 -4 -10
1779 A 23 0 1 -3 2 -3
1779 A 23 0 -1 -3 -6 -7
1779 A 23 0 4 -3 13 -7
1779 A 23 0 -3 -3 -3 -10
1779 A 23 0 6 -3 13 -10
1779 A 23 0 -4 -3 -2 -9
1779 A 23 0 7 -3 11 -9
1779 A 23 0 -7 -3 -9 5
1779 A 23 0 10 -3 4 5
1779 A 23 0 13 -3 2 -4
1779 A 23 0 -3 -4 -14 8
1779 A 23 0 7 -4 6 8
1779 A 23 0 -4 -4 -8 4
1779 A 23 0 -5 -4 -5 -8
1779 A 23 0 9 -4 13 -8
1779 A 23 0 1 -5 8 -10
1779 A 23 0 4 -5 2 -10
1779 A 23 0 -1 -5 -6 5
1779 A 23 0 14 -5 15 -7
1779 A 23 0 -3 -6 2 -9
1779 A 23 0 9 -6 7 -9
1779 A 23 0 -8 -6 -1 7
1779 A 23 0 14 -6 -6 7
1779 A 23 0 3 -7 -15 9
1779 A 23 0 4 -7 6 9
1779 A 23 0 0 -7 7 -7
1779 A 23 0 -1 -7 6 -11
1779 A 23 0 8 -7 5 -11
1779 A 23 0 -4 -7 -11 7
1779 A 23 0 4 -8 -5 10
1779 A 23 0 -3 -8 5 11
1779 A 23 0 11 -8 -16 11
1779 A 23 0 -3 -9 -2 -10
1779 A 23 0 12 -9 12 -10
1779 A 23 0 -5 -10 15 -10
1779 A -10 1 -24 0 -126 -3
1779 A -10 1 -26 0 -114 -3
1779 A -10 1 -27 0 178 4
1779 A -10 1 -19 -1 -136 -3
1779 A -10 1 -26 -1 -84 -2
1779 A -10 1 -27 -1 158 3
1779 A -10 1 -33 -1 92 2
1779 A -10 1 -42 -1 -62 -1
1779 A -10 1 -44 -1 89 2
1779 A -10 1 -47 -1 -102 -2
1779 A -10 1 -52 -1 193 4
1779 A -10 1 -54 -1 169 4
1779 A -10 1 -61 -1 171 4
1779 A -10 1 -71 -1 211 4
1779 A -10 1 -79 -2 204 5
1779 A -10 1 -83 -2 157 3
1779 A -10 1 -91 -2 201 4
1779 A -10 1 -96 -2 186 4
1779 A -10 1 -107 -2 158 4
1779 A -10 1 -108 -2 -133 -3
1779 A -10 1 -112 -3 -132 -3
1779 A -10 1 -113 -3 177 4
1779 A -10 1 -128 -3 -163 -3
1779 A -10 1 -129 -3 209 4
1779 A -10 1 -162 -3 208 4
1779 A 9 1 -24 0 -129 3
1779 A 9 1 -26 0 -117 3
1779 A 9 1 -27 0 182 -4
1779 A 9 1 20 -1 139 -3
1779 A 9 1 27 -1 86 -2
1779 A 9 1 28 -1 -161 3
1779 A 9 1 34 -1 -94 2
1779 A 9 1 43 -1 63 -1
1779 A 9 1 45 -1 -91 2
1779 A 9 1 48 -1 104 -2
1779 A 9 1 53 -1 -197 4
1779 A 9 1 55 -1 -173 4
1779 A 9 1 62 -1 -175 4
1779 A 9 1 72 -1 -215 4
1779 A 9 1 81 -2 -209 5
1779 A 9 1 85 -2 -160 3
1779 A 9 1 93 -2 -205 4
1779 A 9 1 98 -2 -190 4
1779 A 9 1 109 -2 -162 4
1779 A 9 1 110 -2 136 -3
1779 A 9 1 115 -3 135 -3
1779 A 9 1 116 -3 -181 4
1779 A 9 1 131 -3 166 -3
1779 A 9 1 132 -3 -213 4
1779 A 9 1 165 -3 -212 4
1779 A -11 1 -26 0 -53 -1
1779 A -11 1 -17 -1 -174 -4
1779 A -11 1 -21 -1 -41 -1
1779 A -11 1 -27 -1 -62 -1
1779 A -11 1 -30 -1 143 3
1779 A -11 1 -33 -1 131 3
1779 A -11 1 -42 -1 -145 -3
1779 A -11 1 -45 -1 -87 -2
1779 A -11 1 -47 -1 56 1
1779 A -11 1 -48 -1 199 5
1779 A -11 1 -61 -2 85 2
1779 A -11 1 -67 -2 -84 -2
1779 A -11 1 -75 -2 81 2
1779 A -11 1 -94 -2 -189 -5
1779 A -11 1 -99 -2 167 4
1779 A -11 1 -100 -3 173 4
1779 A -11 1 -150 -4 -182 -4
1779 A -11 1 -168 -4 189 4
1779 A 10 1 -26 0 -54 1
1779 A 10 1 18 -1 178 -4
1779 A 10 1 22 -1 42 -1
1779 A 10 1 28 -1 63 -1
1779 A 10 1 31 -1 -146 3
1779 A 10 1 34 -1 -134 3
1779 A 10 1 43 -1 148 -3
1779 A 10 1 46 -1 89 -2
1779 A 10 1 48 -1 -57 1
1779 A 10 1 49 -1 -204 5
1779 A 10 1 63 -2 -87 2
1779 A 10 1 69 -2 86 -2
1779 A 10 1 77 -2 -83 2
1779 A 10 1 96 -2 194 -5
1779 A 10 1 101 -2 -171 4
1779 A 10 1 103 -3 -177 4
1779 A 10 1 154 -4 186 -4
1779 A 10 1 172 -4 -193 4
1779 A 24 0 -11 -1 12 -1
1779 A 24 0 2 -5 -3 -11
1779 A 24 0 3 -5 14 -11
1779 A 24 0 -7 -5 12 -5
1779 A 24 0 -5 -7 12 -7
1779 A 24 0 -1 -11 12 -11
1779 A 24 0 -4 -11 15 -11
1779 A -12 1 -14 -1 87 2
1779 A -12 1 -15 -1 135 3
1779 A -12 1 -16 -1 -79 -2
1779 A -12 1 -28 -1 77 2
1779 A -12 1 -31 -1 -125 -3
1779 A -12 1 -34 -1 102 3
1779 A -12 1 -48 -1 -101 -2
1779 A -12 1 -55 -1 -119 -3
1779 A -12 1 -57 -1 68 2
1779 A -12 1 -62 -2 160 4
1779 A -12 1 -83 -2 115 3
1779 A -12 1 -128 -4 199 5
1779 A -12 1 -131 -4 214 5
1779 A -12 1 -135 -4 -208 -5
1779 A -12 1 -136 -4 -194 -5
1779 A -12 1 -153 -4 -184 -5
1779 A 11 1 15 -1 -89 2
1779 A 11 1 16 -1 -138 3
1779 A 11 1 17 -1 81 -2
1779 A 11 1 29 -1 -79 2
1779 A 11 1 32 -1 128 -3
1779 A 11 1 35 -1 -105 3
1779 A 11 1 49 -1 103 -2
1779 A 11 1 56 -1 122 -3
1779 A 11 1 58 -1 -70 2
1779 A 11 1 64 -2 -164 4
1779 A 11 1 85 -2 -118 3
1779 A 11 1 132 -4 -204 5
1779 A 11 1 135 -4 -219 5
1779 A 11 1 139 -4 213 -5
1779 A 11 1 140 -4 199 -5
1779 A 11 1 157 -4 189 -5
1779 A -13 1 -14 -1 -63 -2
1779 A -13 1 -15 -1 -201 -6
1779 A -13 1 -35 -1 210 6
1779 A -13 1 -51 -1 164 4
1779 A -13 1 -59 -1 140 4
1779 A -13 1 -53 -2 -161 -4
1779 A -13 1 -68 -2 159 4
1779 A -13 1 -70 -2 105 3
1779 A -13 1 -79 -2 127 3
1779 A -13 1 -81 -2 199 5
1779 A -13 1 -85 -2 157 5
1779 A -13 1 -89 -2 -123 -3
1779 A -13 1 -118 -3 180 5
1779 A -13 1 -129 -3 189 5
1779 A -13 1 -126 -4 209 6
1779 A 12 1 15 -1 65 -2
1779 A 12 1 16 -1 207 -6
1779 A 12 1 36 -1 -216 6
1779 A 12 1 52 -1 -168 4
1779 A 12 1 60 -1 -144 4
1779 A 12 1 55 -2 165 -4
1779 A 12 1 70 -2 -163 4
1779 A 12 1 72 -2 -108 3
1779 A 12 1 81 -2 -130 3
1779 A 12 1 83 -2 -204 5
1779 A 12 1 87 -2 -162 5
1779 A 12 1 91 -2 126 -3
1779 A 12 1 121 -3 -185 5
1779 A 12 1 132 -3 -194 5
1779 A 12 1 130 -4 -215 6
1779 A 25 0 -2 -2 8 -4
1779 A 25 0 4 -2 -4 -4
1779 A 25 0 -1 -3 6 8
1779 A 25 0 4 -3 -14 8
1779 A 25 0 -2 -7 8 -9
1779 A 25 0 9 -7 1 -9
1779 A 25 0 -3 -9 2 11
1779 A 25 0 12 -9 -13 11
1779 A 25 0 17 -9 7 11
1779 A -14 1 -14 -1 84 2
1779 A -14 1 -15 -1 117 4
1779 A -14 1 -18 -1 70 2
1779 A -14 1 -20 -1 110 4
1779 A -14 1 -26 -1 -33 -1
1779 A -14 1 -29 -1 119 4
1779 A -14 1 -32 -1 175 6
1779 A -14 1 -36 -1 -107 -4
1779 A -14 1 -45 -1 -57 -2
1779 A -14 1 -51 -1 108 4
1779 A -14 1 -53 -1 -89 -3
1779 A -14 1 -54 -1 55 2
1779 A -14 1 -54 -2 88 3
1779 A -14 1 -58 -2 -156 -5
1779 A -14 1 -72 -2 162 5
1779 A -14 1 -87 -2 159 5
1779 A -14 1 -88 -2 144 4
1779 A -14 1 -77 -3 95 3
1779 A -14 1 -100 -3 -203 -6
1779 A -14 1 -113 -4 172 6
1779 A -14 1 -141 -4 212 6
1779 A -14 1 -143 -4 -160 -5
1779 A -14 1 -168 -5 -175 -5
1779 A -14 1 -173 -6 -199 -6
1779 A -14 1 -179 -6 -214 -6
1779 A -14 1 -193 -6 208 6
1779 A -14 1 -197 -6 215 6
1779 A 13 1 15 -1 -86 2
1779 A 13 1 16 -1 -121 4
1779 A 13 1 19 -1 -72 2
1779 A 13 1 21 -1 -114 4
1779 A 13 1 27 -1 34 -1
1779 A 13 1 30 -1 -123 4
1779 A 13 1 33 -1 -181 6
1779 A 13 1 37 -1 111 -4
1779 A 13 1 46 -1 59 -2
1779 A 13 1 52 -1 -112 4
1779 A 13 1 54 -1 92 -3
1779 A 13 1 55 -1 -57 2
1779 A 13 1 56 -2 -91 3
1779 A 13 1 60 -2 161 -5
1779 A 13 1 74 -2 -167 5
1779 A 13 1 89 -2 -164 5
1779 A 13 1 90 -2 -148 4
1779 A 13 1 80 -3 -98 3
1779 A 13 1 103 -3 209 -6
1779 A 13 1 117 -4 -178 6
1779 A 13 1 145 -4 -218 6
1779 A 13 1 147 -4 165 -5
1779 A 13 1 173 -5 180 -5
1779 A 13 1 179 -6 205 -6
1779 A 13 1 185 -6 220 -6
1779 A 13 1 199 -6 -214 6
1779 A 13 1 203 -6 -221 6
1779 A -15 1 -14 -1 -181 -6
1779 A -15 1 -17 -1 -202 -7
1779 A -15 1 -27 -1 48 2
1779 A -15 1 -28 -1 -138 -4
1779 A -15 1 -29 -1 89 3
1779 A -15 1 -37 -1 48 1
1779 A -15 1 -38 -1 -113 -4
1779 A -15 1 -49 -1 114 4
1779 A -15 1 -52 -1 58 2
1779 A -15 1 -38 -2 -123 -4
1779 A -15 1 -46 -2 121 4
1779 A -15 1 -49 -2 139 4
1779 A -15 1 -56 -2 -69 -2
1779 A -15 1 -76 -3 -159 -6
1779 A -15 1 -91 -3 161 5
1779 A -15 1 -92 -3 108 3
1779 A -15 1 -116 -4 -189 -7
1779 A -15 1 -143 -4 167 5
1779 A -15 1 -134 -5 199 7
1779 A -15 1 -167 -6 198 6
1779 A 14 1 15 -1 187 -6
1779 A 14 1 18 -1 209 -7
1779 A 14 1 28 -1 -50 2
1779 A 14 1 29 -1 142 -4
1779 A 14 1 30 -1 -92 3
1779 A 14 1 38 -1 -49 1
1779 A 14 1 39 -1 117 -4
1779 A 14 1 50 -1 -118 4
1779 A 14 1 53 -1 -60 2
1779 A 14 1 40 -2 127 -4
1779 A 14 1 48 -2 -125 4
1779 A 14 1 51 -2 -143 4
1779 A 14 1 58 -2 71 -2
1779 A 14 1 79 -3 165 -6
1779 A 14 1 94 -3 -166 5
1779 A 14 1 95 -3 -111 3
1779 A 14 1 120 -4 196 -7
1779 A 14 1 147 -4 -172 5
1779 A 14 1 139 -5 -206 7
1779 A 14 1 173 -6 -204 6
1779 A 26 0 -3 -3 14 -7
1779 A 26 0 6 -3 -7 -7
1779 A 26 0 -10 -3 13 -3
1779 A 26 0 -11 -3 -14 3
1779 A 26 0 2 -5 17 -11
1779 A 26 0 3 -5 -6 -11
1779 A 26 0 -1 -5 2 7
1779 A 26 0 6 -5 -9 7
1779 A 26 0 3 -7 6 9
1779 A 26 0 4 -7 -15 9
1779 A 26 0 -5 -9 14 -9
1779 A -16 1 -16 -1 -75 -2
1779 A -16 1 -28 -1 77 2
1779 A -16 1 -30 -1 -86 -3
1779 A -16 1 -31 -1 -70 -2
1779 A -16 1 -50 -1 189 7
1779 A -16 1 -35 -2 -60 -2
1779 A -16 1 -41 -2 74 3
1779 A -16 1 -71 -2 -85 -3
1779 A -16 1 -83 -3 155 6
1779 A -16 1 -84 -3 -128 -4
1779 A -16 1 -117 -4 150 6
1779 A -16 1 -120 -4 197 7
1779 A -16 1 -128 -5 151 6
1779 A -16 1 -133 -5 -187 -6
1779 A -16 1 -159 -5 -209 -7
1779 A -16 1 -163 -5 215 7
1779 A 15 1 17 -1 77 -2
1779 A 15 1 29 -1 -79 2
1779 A 15 1 31 -1 89 -3
1779 A 15 1 32 -1 72 -2
1779 A 15 1 51 -1 -196 7
1779 A 15 1 37 -2 62 -2
1779 A 15 1 43 -2 -77 3
1779 A 15 1 73 -2 88 -3
1779 A 15 1 86 -3 -161 6
1779 A 15 1 87 -3 132 -4
1779 A 15 1 121 -4 -156 6
1779 A 15 1 124 -4 -204 7
1779 A 15 1 133 -5 -157 6
1779 A 15 1 138 -5 193 -6
1779 A 15 1 164 -5 216 -7
1779 A 15 1 168 -5 -222 7
1779 A -17 1 -18 -1 24 1
1779 A -17 1 -30 -1 -44 -1
1779 A -17 1 -60 -2 192 8
1779 A -17 1 -63 -2 -102 -4
1779 A -17 1 -101 -3 -148 -6
1779 A -17 1 -127 -5 -182 -7
1779 A -17 1 -172 -6 178 6
1779 A 16 1 19 -1 -25 1
1779 A 16 1 31 -1 45 -1
1779 A 16 1 62 -2 -200 8
1779 A 16 1 65 -2 106 -4
1779 A 16 1 104 -3 154 -6
1779 A 16 1 132 -5 189 -7
1779 A 16 1 178 -6 -184 6
1779 A 27 0 -1 -2 3 -2
1779 A -18 1 -17 -1 -146 -5
1779 A -18 1 -25 -1 154 6
1779 A -18 1 -44 -2 -165 -7
1779 A -18 1 -98 -4 205 8
1779 A 17 1 18 -1 151 -5
1779 A 17 1 26 -1 -160 6
1779 A 17 1 46 -2 172 -7
1779 A 17 1 102 -4 -213 8
1779 A 28 0 -2 -3 3 -13
1779 A 28 0 5 -3 10 -13
1779 A 28 0 -3 -3 18 -9
1779 A 28 0 6 -3 -9 -9
1779 A 28 0 -4 -3 7 -3
1779 A 28 0 -12 -3 -1 -11
1779 A 28 0 15 -3 12 -11
1779 A 28 0 -8 -9 9 -13
1779 A 28 0 17 -9 4 -13
1779 A 28 0 0 -11 11 -11
1779 A 28 0 -2 -11 -13 11
1779 A -19 1 -79 -3 201 8
1779 A -19 1 -73 -4 111 5
1779 A -19 1 -87 -4 -176 -7
1779 A -19 1 -125 -6 174 8
1779 A -19 1 -159 -6 198 9
1779 A 18 1 82 -3 -209 8
1779 A 18 1 77 -4 -116 5
1779 A 18 1 91 -4 183 -7
1779 A 18 1 131 -6 -182 8
1779 A 18 1 165 -6 -207 9
1779 A -20 1 -36 -1 121 5
1779 A -20 1 -88 -3 142 6
1779 A -20 1 -89 -4 -191 -9
1779 A 19 1 37 -1 -126 5
1779 A 19 1 91 -3 -148 6
1779 A 19 1 93 -4 200 -9
1779 A 29 0 1 -2 3 -6
1779 A 29 0 1 -3 2 -3
1779 A 29 0 -1 -3 -16 12
1779 A 29 0 4 -3 4 12
1779 A 29 0 -12 -3 -8 -10
1779 A 29 0 15 -3 18 -10
1779 A 29 0 -4 -5 5 -6
1779 A 29 0 9 -5 1 -6
1779 A -21 1 -35 -1 -76 -3
1779 A -21 1 -42 -2 -192 -9
1779 A -21 1 -84 -4 116 6
1779 A -21 1 -85 -4 200 9
1779 A -21 1 -127 -5 -155 -7
1779 A 20 1 36 -1 79 -3
1779 A 20 1 44 -2 201 -9
1779 A 20 1 88 -4 -122 6
1779 A 20 1 89 -4 -209 9
1779 A 20 1 132 -5 162 -7
1779 A 30 0 -1 -2 21 -14
1779 A 30 0 3 -2 -7 -14
1779 A 30 0 -9 -2 -1 -8
1779 A 30 0 11 -2 9 -8
1779 A 30 0 1 -4 9 8
1779 A 30 0 3 -4 -17 8
1779 A 30 0 3 -11 8 -11
1779 A -22 1 -87 -4 205 10
1779 A 21 1 91 -4 -215 10
1779 A -23 1 -127 -6 192 11
1779 A 22 1 133 -6 -203 11
1779 A 31 0 -4 -5 9 -5
1779 A 31 0 -5 -5 -20 10
1779 A 31 0 10 -5 10 10
1779 A 31 0 -8 -10 -11 13
1779 A 31 0 18 -10 -2 13
1779 A -24 1 -120 -6 -129 -8
1779 A 23 1 126 -6 137 -8
1779 A 32 0 3 -7 4 -7
1779 A -25 1 -66 -4 -159 -9
1779 A 24 1 70 -4 168 -9
1779 A 34 0 3 -7 -4 7
1779 A 34 0 2 -7 5 -7
1779 A 34 0 1 -7 8 -15
1779 A 34 0 6 -7 7 -15
1779 A 34 0 -2 -9 -21 11
1779 A 34 0 11 -9 10 11
1779 A 35 0 -3 -4 7 -4
1779 A 35 0 -4 -4 -11 -12
1779 A 35 0 8 -4 23 -12
1779 A -30 1 -29 -2 -201 -13
1779 A -30 1 -44 -3 189 13
1779 A -30 1 -61 -5 -109 -8
1779 A 29 1 31 -2 214 -13
1779 A 29 1 47 -3 -202 13
1779 A 29 1 66 -5 117 -8
1779 A 37 0 -16 -4 -18 11
1779 A 37 0 20 -4 7 11
1779 A 37 0 -5 -5 10 -5
1779 A 37 0 -12 -5 13 -6
1779 A 37 0 17 -5 -7 -6
1779 A -31 1 -36 -1 -162 -10
1779 A -31 1 -6 -2 58 4
1779 A 30 1 37 -1 172 -10
1779 A 30 1 8 -2 -62 4
1779 A -32 1 -65 -4 205 15
1779 A 31 1 69 -4 -220 15
1779 A 38 0 -14 -9 23 -9
1779 A 38 0 -11 -13 24 -13
1779 A 38 0 -12 -13 -25 13
1779 A -33 1 -30 -4 -124 -10
1779 A -33 1 -78 -5 203 15
1779 A 32 1 34 -4 134 -10
1779 A 32 1 83 -5 -218 15
1779 A 41 0 -9 -16 25 -16
1779 A -36 1 -39 -2 -96 -8
1779 A 35 1 41 -2 104 -8
1779 A -1 2 -59 0 392 0
1779 A -1 2 -97 1 -424 0
1779 A -7 2 -56 -1 -122 0
1779 A 5 2 57 -1 122 0
1779 A -10 2 -101 0 211 2
1779 A -10 2 -237 -2 413 4
1779 A 8 2 -101 0 213 -2
1779 A 8 2 239 -2 -417 4
1779 A 46 0 -21 -3 24 -3
1779 A 47 0 -5 -13 18 -13
1779 A -22 2 -51 -2 407 10
1779 A 20 2 53 -2 -417 10
1779 A 59 0 7 -23 16 -23
1779 A 61 0 -7 -27 34 -27
1779 A 64 0 -28 -7 35 -7
1779 A 73 0 -24 -24 48 -24
1779 A 74 0 -5 -5 10 -5
1779 A 92 0 -24 -43 67 -43
1779 A 101 0 -17 -42 59 -42
1779 A 107 0 -36 -9 45 -9
1779 A 122 0 -27 -27 54 -27
1779 A 128 0 28 -57 29 -57
1779 A 137 0 -23 -23 46 -23
1779 A 146 0 -48 -49 97 -49
1779 S 0 1 5 0
1779 S 0 2 5 0
1779 S -1 1 5 0
1779 S -2 2 5 0
1779 S 2 1 11 0
1779 S 4 2 11 0
1779 S -5 3 11 0
1779 S -3 4 11 0
1779 S -1 5 11 0
1779 S -3 1 11 0
1779 S -6 2 11 0
1779 S 2 3 11 0
1779 S -1 4 11 0
1779 S -4 5 11 0
1779 S -5 1 15 0
1779 S 5 2 15 0
1779 S -5 4 15 0
1779 S -5 7 15 0
1779 S 4 1 15 0
1779 S -7 2 15 0
1779 S 1 4 15 0
1779 S -2 7 15 0
1779 S 5 1 19 0
1779 S -9 2 19 0
1779 S -4 3 19 0
1779 S 1 4 19 0
1779 S 6 5 19 0
1779 S -8 6 19 0
1779 S -3 7 19 0
1779 S 2 8 19 0
1779 S -12 9 19 0
1779 S -6 1 19 0
1779 S 7 2 19 0
1779 S 1 3 19 0
1779 S -5 4 19 0
1779 S -11 5 19 0
1779 S 2 6 19 0
1779 S -4 7 19 0
1779 S -10 8 19 0
1779 S 3 9 19 0
1779 T 3616 140 4134 0 0
1779 T 4136 142 4069 0 0
1779 T 4071 139 3614 0 0
1779 T 139 144 140 0 0
1779 T 642 3297 3398 0 0
1779 T 640 636 644 0 0
1779 T 3400 1042 638 0 0
1779 T 636 1044 3297 0 0
1779 T 1184 433 3774 0 0
1779 T 3776 448 3673 0 0
1779 T 3675 439 1182 0 0
1779 T 439 446 433 0 0
1779 T 468 1092 3010 -1 0
1779 T 3012 1086 2945 0 0
1779 T 2947 1094 466 0 0
1779 T 1094 1088 1092 0 0
1779 T 128 2270 1486 0 0
1779 T 1488 1515 1490 0 0
1779 T 1492 2319 126 0 0
1779 T 2319 1513 2270 0 0
1779 T 560 1013 2977 0 0
1779 T 2979 1032 3045 0 0
1779 T 3047 1023 558 0 0
1779 T 1023 1030 1013 0 0
1779 T 555 1023 3137 0 0
1779 T 2916 1020 553 0 0
1779 T 3139 1025 2914 0 0
1779 T 1020 1027 1023 0 0
1779 T 561 565 562 0 0
1779 T 564 3805 1294 0 0
1779 T 1296 3708 563 0 0
1779 T 3708 3807 565 0 0
1779 T 166 168 166 1 0
1779 T 100 98 100 0 0
1779 T 264 1398 2986 0 0
1779 T 2351 1265 262 0 0
1779 T 2988 1259 2349 0 0
1779 T 1265 1257 1398 0 0
1779 T 1256 2924 2452 0 0
1779 T 1264 1400 1254 0 0
1779 T 2450 265 1262 0 0
1779 T 1400 267 2924 0 0
1779 T 696 731 698 0 0
1779 T 700 3381 834 0 0
1779 T 836 3284 694 0 0
1779 T 3284 3383 731 -1 0
1779 T 2951 1014 638 0 0
1779 T 3400 1008 2949 0 0
1779 T 1014 1006 1044 0 0
1779 T 635 1019 3013 0 0
1779 T 3015 1009 3298 0 0
1779 T 1041 1011 1019 1 0
1779 T 468 2956 974 0 0
1779 T 976 983 978 0 0
1779 T 980 3017 466 0 0
1779 T 3017 981 2956 0 0
1779 T 338 330 334 0 0
1779 T 336 1295 3661 0 0
1779 T 3663 3764 340 0 0
1779 T 3764 1293 330 0 0
1779 T 840 572 3350 0 0
1779 T 3352 566 3249 0 0
1779 T 3251 574 838 0 0
1779 T 574 568 572 0 0
1779 T 432 3977 1274 0 0
1779 T 422 426 430 0 0
1779 T 426 1270 3906 0 0
1779 T 3908 354 3977 0 0
1779 T 616 2930 690 0 0
1779 T 700 3355 614 0 0
1779 T 692 735 698 0 0
1779 T 3355 733 2930 0 0
1779 T 611 3253 693 0 0
1779 T 695 738 685 0 0
1779 T 687 2996 609 0 0
1779 T 2996 740 3253 0 0
1779 T 700 3068 830 0 0
1779 T 832 853 834 0 0
1779 T 3383 855 3068 0 0
1779 T 835 852 825 0 0
1779 T 827 3158 693 0 0
1779 T 3158 850 3281 0 0
1779 T 1524 1641 1518 0 0
1779 T 1632 1682 1626 0 0
1779 T 540 1309 3853 0 0
1779 T 532 575 538 0 0
1779 T 3855 3409 530 0 0
1779 T 575 3411 1309 0 0
1779 T 535 570 525 0 0
1779 T 527 3311 3925 0 0
1779 T 3927 1308 533 0 0
1779 T 1308 3309 570 0 0
1779 T 692 3779 830 0 0
1779 T 3066 3777 733 0 0
1779 T 827 3677 685 0 0
1779 T 740 3679 3160 0 0
1779 T 232 2265 1226 0 0
1779 T 1228 1328 1218 0 0
1779 T 1220 3002 230 0 0
1779 T 3002 1326 2265 0 0
1779 T 227 2940 1213 0 0
1779 T 1223 2315 225 0 0
1779 T 1215 1321 1221 0 0
1779 T 2315 1323 2940 0 0
1779 T 1074 2541 2669 0 0
1779 T 1072 1068 1076 1 0
1779 T 2671 273 1070 0 0
1779 T 1068 275 2541 -1 0
1779 T 1084 502 3325 0 0
1779 T 3327 472 3649 0 0
1779 T 3651 478 1082 0 0
1779 T 478 470 502 0 0
1779 T 1079 475 3749 0 0
1779 T 3228 507 1077 0 0
1779 T 3751 469 3226 0 0
1779 T 507 471 475 0 0
1779 T 204 209 206 0 0
1779 T 208 4120 3570 0 0
1779 T 3572 4053 202 0 0
1779 T 4053 4118 209 -1 0
1779 T 1572 249 3741 0 0
1779 T 3743 276 4017 1 0
1779 T 4019 243 1570 0 0
1779 T 243 274 249 0 0
1779 T 1567 238 4081 0 0
1779 T 3644 248 1565 0 0
1779 T 4083 273 3642 0 0
1779 T 248 275 238 0 0
1779 T 848 890 838 0 0
1779 T 3251 2724 846 0 0
1779 T 2724 574 890 0 0
1779 T 843 2594 3349 0 0
1779 T 839 895 841 0 0
1779 T 895 571 2594 0 0
1779 T 954 946 950 0 0
1779 T 952 3204 454 0 0
1779 T 3204 3111 1110 1 0
1779 T 452 3109 946 0 0
1779 T 408 1229 2977 0 0
1779 T 2979 1419 2913 0 0
1779 T 2915 1235 406 0 0
1779 T 1235 1417 1229 0 0
1779 T 320 2272 1394 0 0
1779 T 1396 1392 1388 -1 0
1779 T 2319 316 1392 0 0
1779 T 1444 2943 2161 0 0
1779 T 1436 1499 1442 0 0
1779 T 2163 202 1434 0 0
1779 T 1499 204 2943 0 0
1779 T 1439 1502 1429 0 0
1779 T 1431 207 2094 0 0
1779 T 2096 3005 1437 0 0
1779 T 3005 205 1502 0 0
1779 T 549 553 546 0 0
1779 T 548 1023 3657 0 0
1779 T 3659 3139 551 0 0
1779 T 551 3045 3757 0 0
1779 T 543 560 549 0 0
1779 T 3759 1023 541 0 0
1779 T 692 2936 822 0 0
1779 T 824 847 830 0 0
1779 T 3777 845 2936 0 0
1779 T 827 842 817 0 0
1779 T 819 2998 685 0 0
1779 T 2998 844 3679 0 0
1779 T 96 92 76 1 0
1779 T 1600 175 2921 0 0
1779 T 2451 1914 1598 0 0
1779 T 1914 1253 175 0 0
1779 T 1595 2031 2350 0 0
1779 T 2987 175 1593 0 0
1779 T 175 1260 2031 0 0
1779 T 422 414 418 0 0
1779 T 420 4118 1478 0 0
1779 T 1476 4055 414 0 0
1779 T 222 4033 4098 0 0
1779 T 220 216 224 1 0
1779 T 4100 3570 218 0 0
1779 T 216 3572 4033 0 0
1779 T 164 160 168 0 0
1779 T 3532 3894 162 0 0
1779 T 160 3967 3526 0 0
1779 T 3894 197 3967 0 0
1779 T 692 704 682 0 0
1779 T 684 3959 822 0 0
1779 T 2934 3957 704 0 0
1779 T 679 705 685 0 0
1779 T 819 3885 677 0 0
1779 T 705 3887 3000 0 0
1779 T 372 1651 4029 0 0
1779 T 364 473 370 0 0
1779 T 4031 3813 362 0 0
1779 T 473 3815 1651 0 0
1779 T 367 480 357 0 0
1779 T 359 3715 4093 0 0
1779 T 4095 1646 365 0 0
1779 T 1646 3713 480 0 0
1779 T 348 996 2685 0 0
1779 T 2687 855 2917 0 0
1779 T 2919 861 346 0 0
1779 T 861 853 996 0 0
1779 T 343 860 2981 0 0
1779 T 2560 997 341 0 0
1779 T 2983 850 2558 0 0
1779 T 997 852 860 0 0
1779 T 1209 1213 1206 0 0
1779 T 1204 1219 1210 0 0
1779 T 1276 1391 1266 0 0
1779 T 1264 1393 1270 0 0
1779 T 128 135 122 -1 0
1779 T 120 129 126 0 0
1779 T 928 441 3269 0 0
1779 T 924 931 926 0 0
1779 T 3271 2498 922 0 0
1779 T 931 2500 441 0 0
1779 T 927 934 917 0 0
1779 T 919 2400 3369 0 0
1779 T 3371 441 925 0 0
1779 T 441 2398 934 0 0
1779 T 288 1402 3693 0 0
1779 T 278 282 286 0 0
1779 T 3695 3796 280 1 0
1779 T 282 3794 1402 0 0
1779 T 1208 589 4098 0 0
1779 T 4035 590 1202 0 0
1779 T 587 592 589 0 0
1779 T 548 1030 2437 0 0
1779 T 2439 1015 3657 0 0
1779 T 2340 1027 541 0 0
1779 T 3759 1018 2338 0 0
1779 T 3372 446 3269 0 0
1779 T 443 448 444 0 0
1779 T 404 1250 3049 0 0
1779 T 396 420 402 0 0
1779 T 3051 4124 394 0 0
1779 T 420 4122 1250 0 0
1779 T 399 413 389 0 0
1779 T 391 4058 3141 0 0
1779 T 3143 1247 397 0 0
1779 T 1247 4060 413 0 0
1779 T 1180 744 3750 0 0
1779 T 3752 746 3649 0 0
1779 T 3651 743 1178 0 0
1779 T 743 748 744 0 0
1779 T 813 817 810 0 0
1779 T 812 3885 2669 0 0
1779 T 2671 679 815 0 0
1779 T 815 682 2542 0 0
1779 T 807 824 813 0 0
1779 T 2544 3959 805 0 0
1779 T 1556 2120 2657 0 0
1779 T 1548 1667 1554 0 0
1779 T 2659 157 1546 0 0
1779 T 1667 159 2120 0 0
1779 T 1551 1662 1541 0 0
1779 T 1543 164 2530 0 0
1779 T 2532 2185 1549 0 0
1779 T 2185 162 1662 0 0
1779 T 1312 750 3962 0 0
1779 T 3287 760 1310 0 0
1779 T 3964 770 3285 0 0
1779 T 760 772 750 0 0
1779 T 1307 761 3385 0 0
1779 T 3387 770 3890 0 0
1779 T 3892 755 1305 0 0
1779 T 755 772 761 0 0
1779 T 244 277 238 0 0
1779 T 240 4113 3434 0 0
1779 T 3436 4052 242 0 0
1779 T 4052 4115 277 0 0
1779 T 832 3781 1082 0 0
1779 T 1084 3303 834 0 0
1779 T 3303 3783 855 0 0
1779 T 835 3401 1077 0 0
1779 T 1079 3683 825 0 0
1779 T 850 3681 3401 0 0
1779 T 1080 1116 1082 0 0
1779 T 184 197 178 0 0
1779 T 180 2856 3673 0 0
1779 T 3776 2855 182 0 0
1779 T 560 593 554 0 0
1779 T 472 2960 743 0 0
1779 T 744 3021 470 0 0
1779 T 3021 747 2960 0 0
1779 T 440 449 430 0 0
1779 T 432 3110 3790 0 0
1779 T 3792 947 438 0 0
1779 T 435 950 3690 0 0
1779 T 427 456 433 0 0
1779 T 3692 3204 425 0 0
1779 T 1428 2714 1773 0 0
1779 T 1775 2835 1977 0 0
1779 T 1979 116 1426 0 0
1779 T 116 2833 2714 0 0
1779 T 1423 116 1862 0 0
1779 T 1688 2588 1421 0 0
1779 T 1864 2830 1686 0 0
1779 T 2588 2832 116 0 0
1779 T 1192 2259 3774 0 0
1779 T 1184 1285 1190 0 0
1779 T 1285 433 2259 0 0
1779 T 1187 1292 1181 0 0
1779 T 3676 2305 1185 0 0
1779 T 2305 440 1292 0 0
1779 T 1180 2958 3325 0 0
1779 T 1176 1354 1178 0 0
1779 T 3327 636 1174 0 0
1779 T 1354 634 2958 0 0
1779 T 1179 1359 1169 0 0
1779 T 1171 637 3226 0 0
1779 T 3228 3024 1177 0 0
1779 T 3024 639 1359 0 0
1779 T 388 464 378 0 0
1779 T 380 2874 3853 0 0
1779 T 3855 4125 386 0 0
1779 T 4125 2876 464 0 0
1779 T 383 4063 3925 0 0
1779 T 375 457 381 0 0
1779 T 3927 2871 373 0 0
1779 T 457 2869 4063 0 0
1779 T 1304 2491 563 0 0
1779 T 1296 1406 1302 0 0
1779 T 2491 1408 3706 0 0
1779 T 563 2389 1297 0 0
1779 T 1299 1411 1293 0 0
1779 T 3808 1409 2389 0 0
1779 T 3404 1116 3301 0 0
1779 T 1454 2909 2973 0 0
1779 T 1452 1448 1456 0 0
1779 T 2975 405 1450 -1 0
1779 T 1448 407 2909 0 0
1779 T 492 3120 762 0 0
1779 T 756 2774 490 0 0
1779 T 2774 771 3120 0 0
1779 T 487 2648 749 0 0
1779 T 759 3210 485 0 0
1779 T 3210 771 2648 0 0
1779 T 336 1405 2165 0 0
1779 T 2167 1303 3661 0 0
1779 T 2100 1412 329 0 0
1779 T 3763 1298 2098 0 0
1779 T 244 3960 3442 0 0
1779 T 3444 4169 250 0 0
1779 T 4169 3958 275 0 0
1779 T 247 4231 3437 0 0
1779 T 3439 3886 237 0 0
1779 T 274 3888 4231 0 0
1779 T 1564 501 3317 0 0
1779 T 3319 509 4141 0 0
1779 T 4143 495 1562 0 0
1779 T 495 511 501 0 0
1779 T 1559 498 4201 0 0
1779 T 3220 508 1557 0 0
1779 T 4203 509 3218 0 0
1779 T 508 511 498 0 0
1779 T 184 2372 2009 0 0
1779 T 2015 2495 182 0 0
1779 T 2011 2034 2013 0 0
1779 T 2495 2036 2372 0 0
1779 T 177 1894 2472 0 0
1779 T 2470 1917 2393 0 0
1779 T 2395 1900 179 0 0
1779 T 1900 1919 1894 0 0
1779 T 675 681 677 0 0
1779 T 716 761 706 0 0
1779 T 708 3096 4114 0 0
1779 T 4116 1333 714 0 0
1779 T 1333 3094 761 0 0
1779 T 711 1332 4050 0 0
1779 T 703 760 709 0 0
1779 T 4052 3186 701 0 0
1779 T 760 3188 1332 0 0
1779 T 1132 1194 1122 0 0
1779 T 1124 3307 1981 0 0
1779 T 1983 216 1130 0 0
1779 T 216 3305 1194 0 0
1779 T 1127 217 1866 0 0
1779 T 1119 1199 1125 0 0
1779 T 1868 3405 1117 0 0
1779 T 1199 3407 217 0 0
1779 T 408 409 402 0 0
1779 T 404 1470 3045 0 0
1779 T 3047 4223 406 0 0
1779 T 4223 1472 409 0 0
1779 T 407 4161 3137 0 0
1779 T 399 409 405 0 0
1779 T 3139 1467 397 0 0
1779 T 409 1465 4161 0 0
1779 T 276 2629 890 -1 0
1779 T 896 2760 274 0 0
1779 T 892 1003 894 0 0
1779 T 2760 1001 2629 0 0
1779 T 328 326 328 0 0
1779 T 84 82 84 0 0
1779 T 880 950 870 0 0
1779 T 872 3692 2293 0 0
1779 T 2295 433 878 0 0
1779 T 875 440 2246 0 0
1779 T 867 947 873 0 0
1779 T 2248 3790 865 0 0
1779 T 1600 3020 230 0 0
1779 T 1590 1594 1598 0 0
1779 T 1594 226 2955 0 0
1779 T 220 855 2005 0 0
1779 T 1588 3381 218 0 0
1779 T 2007 3066 1586 0 0
1779 T 215 3283 1581 0 0
1779 T 1583 3160 1890 0 0
1779 T 1892 850 213 0 0
1779 T 1231 1032 4221 0 0
1779 T 4163 1025 1234 0 0
1779 T 954 3709 3810 0 0
1779 T 3812 1401 950 -1 0
1779 T 948 1403 3709 -1 0
1779 T 812 4230 1070 0 0
1779 T 1067 4172 805 0 0
1779 T 1839 2411 2734 0 0
1779 T 1835 1854 1837 0 0
1779 T 2736 234 1833 0 0
1779 T 1854 236 2411 0 0
1779 T 1835 227 2356 0 0
1779 T 2354 2693 1837 0 0
1779 T 2693 225 1856 0 0
1779 T 1748 1765 1750 0 0
1779 T 1752 2567 2455 0 0
1779 T 2453 230 1746 0 0
1779 T 230 2565 1765 0 0
1779 T 1748 234 2606 0 0
1779 T 2608 2509 1750 0 0
1779 T 1767 2511 234 0 0
1779 T 1320 1330 1310 0 0
1779 T 3287 3188 1318 0 0
1779 T 3385 1313 3096 0 0
1779 T 1333 1315 1307 0 0
1779 T 1260 1402 1250 0 0
1779 T 1252 3695 2025 0 0
1779 T 2027 286 1258 0 0
1779 T 1255 283 1910 0 0
1779 T 1247 1403 1253 0 0
1779 T 1912 3793 1245 0 0
1779 T 2470 102 2371 0 0
1779 T 2496 3 2393 0 0
1779 T 2459 7 2565 0 0
1779 T 2455 2481 2457 0 0
1779 T 2455 89 2561 0 0
1779 T 2563 19 2457 0 0
1779 T 2356 2381 2358 0 0
1779 T 2360 21 2689 0 0
1779 T 2691 96 2354 0 0
1779 T 2695 7 2358 0 0
1779 T 2239 1315 534 0 0
1779 T 3928 1335 2237 0 0
1779 T 1320 2288 539 0 0
1779 T 2288 1330 3854 0 0
1779 T 1352 1409 1342 0 0
1779 T 1344 2159 2502 0 0
1779 T 2504 138 1350 0 0
1779 T 138 2157 1409 0 0
1779 T 137 1405 2226 0 0
1779 T 2228 1340 2403 0 0
1779 T 2401 1346 139 0 0
1779 T 1346 1338 1405 0 0
1779 T 1192 1760 182 0 0
1779 T 1760 2259 2853 0 0
1779 T 179 1845 1185 0 0
1779 T 2853 2305 1845 0 0
1779 T 380 466 370 0 0
1779 T 372 1092 4025 0 0
1779 T 4027 3012 378 0 0
1779 T 375 2946 4089 0 0
1779 T 367 467 373 0 0
1779 T 4091 1093 365 0 0
1779 T 1652 175 3810 0 0
1779 T 3711 176 1646 0 0
1779 T 170 174 175 0 0
1779 T 1220 582 4210 0 0
1779 T 4212 4151 188 1 0
1779 T 4151 580 1214 0 0
1779 T 586 578 582 0 0
1779 T 2014 187 1900 0 0
1779 T 1917 98 2035 0 0
1779 T 272 2600 1602 0 0
1779 T 1604 1609 1606 0 0
1779 T 1608 2725 270 0 0
1779 T 2725 1611 2600 0 0
1779 T 432 2155 1282 0 0
1779 T 1284 1366 1274 0 0
1779 T 3979 1368 2155 0 0
1779 T 1279 2221 425 0 0
1779 T 1271 1363 1277 0 0
1779 T 2221 1361 3905 0 0
1779 T 396 711 2441 0 0
1779 T 2443 701 3233 0 0
1779 T 3235 760 394 0 0
1779 T 391 761 3333 0 0
1779 T 2344 714 389 0 0
1779 T 3335 708 2342 0 0
1779 T 380 978 3857 0 0
1779 T 3859 3017 370 0 0
1779 T 367 2955 3929 0 0
1779 T 3931 975 373 0 0
1779 T 2287 625 386 0 0
1779 T 625 1329 4127 0 0
1779 T 383 632 2238 0 0
1779 T 4061 1336 632 0 0
1779 T 1548 2224 2965 0 0
1779 T 2967 86 1554 0 0
1779 T 86 2222 1665 0 0
1779 T 1551 86 2902 0 0
1779 T 2904 2154 1541 0 0
1779 T 1664 2156 86 0 0
1779 T 1572 1802 3321 0 0
1779 T 1564 1579 1570 0 0
1779 T 3323 150 1562 0 0
1779 T 1579 152 1802 0 0
1779 T 1567 1574 1557 0 0
1779 T 1559 147 3222 0 0
1779 T 3224 1715 1565 0 0
1779 T 1715 145 1574 0 0
1779 T 880 3080 4106 0 0
1779 T 4108 1245 870 0 0
1779 T 952 1247 3080 0 0
1779 T 867 1252 4042 0 0
1779 T 4044 3170 873 0 0
1779 T 3170 1250 945 0 0
1779 T 100 4165 4226 0 0
1779 T 4228 81 4165 0 0
1779 T 549 3329 614 0 0
1779 T 616 2926 558 0 0
1779 T 2926 3331 543 0 0
1779 T 555 2992 609 0 0
1779 T 611 3231 549 0 0
1779 T 546 3229 2992 0 0
1779 T 184 3389 1198 0 0
1779 T 1200 309 3946 0 0
1779 T 3948 4368 182 0 0
1779 T 4368 311 3389 0 0
1779 T 177 1193 3289 0 0
1779 T 3291 306 4474 0 0
1779 T 4476 3876 179 0 0
1779 T 3876 308 1193 0 0
1779 T 252 4477 3245 0 0
1779 T 1588 4182 250 0 0
1779 T 3247 91 1586 0 0
1779 T 4182 89 4477 0 0
1779 T 116 1477 3257 0 0
1779 T 3259 308 4454 0 0
1779 T 4456 4048 114 0 0
1779 T 4048 306 1477 0 0
1779 T 116 3357 1474 0 0
1779 T 1476 311 4110 0 0
1779 T 4112 4348 114 0 0
1779 T 4348 309 3357 0 0
1779 T 96 3347 1583 0 0
1779 T 1581 245 4242 0 0
1779 T 4244 4369 94 0 0
1779 T 4369 247 3347 0 0
1779 T 804 868 794 0 0
1779 T 796 4037 2281 0 0
1779 T 2283 626 802 0 0
1779 T 626 4039 868 0 0
1779 T 799 631 2234 0 0
1779 T 791 869 797 0 0
1779 T 2236 4103 789 0 0
1779 T 869 4101 631 0 0
1779 T 532 891 4021 0 0
1779 T 4023 2721 538 0 0
1779 T 535 2595 4085 0 0
1779 T 4087 894 525 0 0
1779 T 388 488 394 0 0
1779 T 3235 3209 386 0 0
1779 T 391 489 381 0 0
1779 T 383 3119 3333 0 0
1779 T 356 354 356 -1 0
1779 T 1418 1420 1418 0 0
1779 T 1540 2045 2425 0 0
1779 T 2279 96 1538 0 0
1779 T 2427 2889 2277 0 0
1779 T 96 2891 2045 0 0
1779 T 1535 89 2230 0 0
1779 T 2232 2888 2326 0 0
1779 T 2328 1932 1533 0 0
1779 T 1932 2886 89 0 0
1779 T 2031 1647 3170 0 0
1779 T 3172 3710 1258 0 0
1779 T 1255 3812 3078 0 0
1779 T 3080 1650 1914 0 0
1779 T 312 322 318 0 0
1779 T 316 321 306 0 0
1779 T 53 133 4250 0 0
1779 T 4252 143 4189 0 0
1779 T 4191 131 54 0 0
1779 T 131 141 133 0 0
1779 T 420 728 2025 0 0
1779 T 4124 3695 728 0 0
1779 T 1912 721 413 0 0
1779 T 721 3793 4058 0 0
1779 T 260 915 2289 0 0
1779 T 2291 917 3061 0 0
1779 T 3063 912 258 0 0
1779 T 912 919 915 0 0
1779 T 255 905 3153 0 0
1779 T 2244 915 253 0 0
1779 T 3155 924 2242 0 0
1779 T 915 922 905 0 0
1779 T 364 3601 4145 0 0
1779 T 360 483 362 0 0
1779 T 4208 3607 358 0 0
1779 T 4147 2 4206 1 -1
1779 T 3051 1615 2441 0 0
1779 T 709 1613 4122 0 0
1779 T 2344 1618 3141 0 0
1779 T 4060 1620 716 0 0
1779 T 1464 892 4017 0 0
1779 T 3743 2629 1462 0 0
1779 T 1459 2759 3642 0 0
1779 T 4083 893 1457 0 0
1779 T 1192 1370 1198 0 0
1779 T 3391 1372 1758 0 0
1779 T 1195 1375 1185 0 0
1779 T 1847 1373 3289 0 0
1779 T 728 711 719 0 0
1779 T 717 1613 3693 0 0
1779 T 719 714 721 0 0
1779 T 3795 1620 717 0 0
1779 T 2804 117 3737 0 0
1779 T 3739 112 4137 0 0
1779 T 4139 115 2802 0 0
1779 T 115 110 117 0 0
1779 T 2799 115 4197 0 0
1779 T 3640 124 2797 0 0
1779 T 4199 105 3638 0 0
1779 T 124 107 115 0 0
1779 T 674 666 670 0 0
1779 T 672 4236 810 0 0
1779 T 808 4173 666 0 0
1779 T 4173 278 4236 0 0
1779 T 153 157 150 0 0
1779 T 152 4382 3782 0 0
1779 T 3784 3519 155 0 0
1779 T 3519 4384 157 0 0
1779 T 155 3522 3682 0 0
1779 T 147 164 153 0 0
1779 T 3684 4492 145 0 0
1779 T 164 4490 3522 0 0
1779 T 166 4153 4214 0 0
1779 T 4216 4 4153 0 0
1779 T 4 6 4 0 0
1779 T 1140 1204 1130 0 0
1779 T 1132 4033 2161 0 0
1779 T 2163 590 1138 0 0
1779 T 1135 590 2094 0 0
1779 T 1127 1205 1133 0 0
1779 T 2096 4099 1125 0 0
1779 T 192 3115 2466 0 0
1779 T 2468 2524 2462 0 0
1779 T 2464 2077 190 0 0
1779 T 2077 2522 3115 0 0
1779 T 194 2365 3208 0 0
1779 T 1961 2363 196 0 0
1779 T 3206 2423 1963 0 0
1779 T 2363 2421 2365 0 0
1779 T 2740 2742 2734 0 0
1779 T 2409 2744 96 0 0
1779 T 2608 2616 2610 0 0
1779 T 89 2614 2511 0 0
1779 T 336 3114 2001 0 0
1779 T 2003 2080 1997 0 0
1779 T 1999 2521 334 0 0
1779 T 329 1886 3206 0 0
1779 T 2421 1884 331 0 0
1779 T 1884 1961 1886 0 0
1779 T 300 4496 3297 0 0
1779 T 3016 1502 298 0 0
1779 T 1502 1010 4496 0 0
1779 T 1500 4387 1006 0 0
1779 T 2949 302 1498 0 0
1779 T 4387 304 3400 0 0
1779 T 1124 152 1777 0 0
1779 T 1779 3506 1981 0 0
1779 T 3305 3508 152 0 0
1779 T 1692 145 1117 0 0
1779 T 1868 3503 1690 0 0
1779 T 145 3501 3407 0 0
1779 T 1464 840 3321 0 0
1779 T 3323 846 4017 0 0
1779 T 3224 837 1457 0 0
1779 T 4083 843 3222 0 0
1779 T 1124 1385 1118 0 0
1779 T 1691 3498 1777 0 0
1779 T 1377 1331 1335 0 0
1779 T 380 970 2165 0 0
1779 T 2167 987 3857 0 0
1779 T 980 985 970 0 0
1779 T 2100 967 373 0 0
1779 T 3931 990 2098 0 0
1779 T 967 992 973 0 0
1779 T 1804 846 241 0 0
1779 T 240 843 1713 0 0
1779 T 608 2254 670 0 0
1779 T 2847 2302 2254 0 0
1779 T 668 2304 602 0 0
1779 T 548 4220 3849 0 0
1779 T 1032 620 4220 0 0
1779 T 3923 4158 541 0 0
1779 T 4158 621 1025 0 0
1779 T 4192 58 129 0 0
1779 T 135 56 4249 0 0
1779 T 672 2274 802 0 0
1779 T 804 904 810 0 0
1779 T 4234 902 2274 0 0
1779 T 807 897 797 0 0
1779 T 799 2324 665 0 0
1779 T 2324 899 4176 0 0
1779 T 336 1033 2169 0 0
1779 T 2171 2103 3456 0 0
1779 T 1039 1036 1033 0 0
1779 T 2103 1034 330 0 0
1779 T 1132 3873 1781 0 0
1779 T 1783 307 1122 0 0
1779 T 1119 310 1694 0 0
1779 T 1696 3947 1125 0 0
1779 T 1160 343 2973 0 0
1779 T 350 347 343 0 0
1779 T 2911 345 1154 0 0
1779 T 196 192 188 -1 0
1779 T 4212 4289 194 0 0
1779 T 4289 4151 192 1 0
1779 T 2975 397 4301 0 0
1779 T 4303 409 1450 0 0
1779 T 1447 409 4409 0 0
1779 T 4411 404 2910 0 0
1779 T 548 583 538 0 0
1779 T 540 3528 3849 0 0
1779 T 4218 3526 583 0 0
1779 T 535 578 541 0 0
1779 T 3923 3529 533 0 0
1779 T 578 3531 4160 0 0
1779 T 2683 399 551 0 0
1779 T 3659 1467 2681 0 0
1779 T 551 402 2554 0 0
1779 T 2556 1470 3757 0 0
1779 T 598 4086 4021 0 0
1779 T 112 4274 4345 0 0
1779 T 4111 4276 117 0 0
1779 T 4455 4279 105 0 0
1779 T 124 4277 4045 0 0
1779 T 1436 4055 1981 0 0
1779 T 1428 1474 1434 0 0
1779 T 1983 416 1426 0 0
1779 T 1431 1479 1421 0 0
1779 T 1423 417 1866 0 0
1779 T 1868 4117 1429 0 0
1779 T 1660 2267 3814 0 0
1779 T 1652 1674 1658 0 0
1779 T 1674 476 2267 0 0
1779 T 1655 1671 1645 0 0
1779 T 3716 2313 1653 0 0
1779 T 2313 477 1671 0 0
1779 T 164 4352 4106 0 0
1779 T 4043 4457 158 0 0
1779 T 4457 99 4352 0 0
1779 T 1979 3357 1434 0 0
1779 T 1431 3259 1862 0 0
1779 T 2849 2852 2848 -1 0
1779 T 2303 127 2851 0 0
1779 T 127 2255 2852 1 0
1779 T 3564 2157 2389 0 0
1779 T 3808 140 3562 0 0
1779 T 3559 140 3706 0 0
1779 T 2491 2227 3557 0 0
1779 T 1622 1929 2045 0 0
1779 T 2889 2885 2899 1 0
1779 T 2828 3010 110 0 0
1779 T 2818 2822 2826 0 0
1779 T 2822 106 2945 0 0
1779 T 1983 3572 2161 0 0
1779 T 2096 3569 1866 0 0
1779 T 2813 2817 2814 0 0
1779 T 2816 109 3073 0 0
1779 T 3168 107 2815 0 0
1779 T 3075 1085 3166 0 0
1779 T 540 2252 606 0 0
1779 T 3526 36 2252 0 0
1779 T 603 2297 533 0 0
1779 T 2297 31 3531 0 0
1779 T 2468 350 2365 0 0
1779 T 2363 3 2462 0 0
1779 T 380 2149 530 0 0
1779 T 2876 3409 2149 0 0
1779 T 374 526 2218 0 0
1779 T 2220 3312 2870 0 0
1779 T 1160 1415 1166 0 0
1779 T 1164 1416 1154 0 0
1779 T 1284 1358 1290 0 0
1779 T 1288 1356 1278 0 0
1779 T 1072 4249 1158 0 0
1779 T 1156 4192 1066 0 0
1779 T 456 494 462 0 0
1779 T 460 500 450 0 0
1779 T 4031 88 4430 0 0
1779 T 4432 3582 362 0 0
1779 T 3582 86 3815 0 0
1779 T 359 3587 4322 0 0
1779 T 4324 88 4093 0 0
1779 T 3713 86 3587 0 0
1779 T 1464 1460 1456 0 0
1779 T 1454 3221 3321 0 0
1779 T 2788 2260 2653 0 0
1779 T 2527 2305 2782 0 0
1779 T 3472 236 3061 0 0
1779 T 2291 2134 3470 0 0
1779 T 2134 917 236 0 0
1779 T 3467 2203 2242 0 0
1779 T 3155 236 3465 0 0
1779 T 236 924 2203 0 0
1779 T 624 968 2185 0 0
1779 T 2187 958 4157 0 0
1779 T 1026 960 968 0 0
1779 T 2120 969 617 0 0
1779 T 4219 963 2118 0 0
1779 T 969 961 1031 0 0
1779 T 1998 327 1884 0 0
1779 T 1963 212 2077 0 0
1779 T 409 1237 1821 0 0
1779 T 1823 2386 1470 0 0
1779 T 4223 2388 1237 0 0
1779 T 1467 2488 1734 0 0
1779 T 1736 1244 409 0 0
1779 T 1244 2486 4161 0 0
1779 T 608 3533 4021 -1 0
1779 T 598 602 606 0 0
1779 T 602 4086 3533 0 0
1779 T 2804 617 4141 0 0
1779 T 3319 2124 2802 0 0
1779 T 2124 509 617 0 0
1779 T 2799 2189 3218 0 0
1779 T 4203 624 2797 0 0
1779 T 624 509 2189 0 0
1779 T 1244 1298 1234 0 0
1779 T 2488 1025 1298 0 0
1779 T 1231 1303 1237 0 0
1779 T 1303 1032 2386 0 0
1779 T 3532 1934 2185 0 0
1779 T 1662 1936 3896 0 0
1779 T 2120 2051 3525 0 0
1779 T 3966 2049 1667 0 0
1779 T 1228 1972 4210 0 0
1779 T 1326 582 1972 0 0
1779 T 4152 2086 1221 0 0
1779 T 2086 579 1323 0 0
1779 T 196 1487 2293 0 0
1779 T 872 2780 194 0 0
1779 T 2780 3692 1487 0 0
1779 T 191 2650 865 0 0
1779 T 2248 1490 189 0 0
1779 T 1490 3790 2650 0 0
1779 T 1660 2624 87 0 0
1779 T 2624 2267 3581 0 0
1779 T 87 2750 1653 0 0
1779 T 3588 2313 2750 0 0
1779 T 1548 3199 2425 0 0
1779 T 2427 2863 2653 0 0
1779 T 2655 453 1546 0 0
1779 T 453 2861 3199 0 0
1779 T 1543 452 2526 0 0
1779 T 2328 3105 1541 0 0
1779 T 2528 2858 2326 0 0
1779 T 3105 2860 452 0 0
1779 T 244 701 1797 0 0
1779 T 1799 2935 3442 0 0
1779 T 3439 2997 1710 0 0
1779 T 1712 708 237 0 0
1779 T 924 4194 3366 0 0
1779 T 3368 1635 926 0 0
1779 T 1635 4196 929 0 0
1779 T 927 1638 3266 0 0
1779 T 3268 4256 917 0 0
1779 T 936 4254 1638 0 0
1779 T 1572 217 4013 0 0
1779 T 3911 2008 1570 0 0
1779 T 4015 856 3909 0 0
1779 T 1567 1889 3838 0 0
1779 T 3840 849 4077 0 0
1779 T 4079 216 1565 0 0
1779 T 700 255 3129 0 0
1779 T 3131 4326 614 0 0
1779 T 4326 253 3353 0 0
1779 T 260 695 3040 0 0
1779 T 3038 609 4434 0 0
1779 T 4436 3253 258 0 0
1779 T 2250 3533 2723 -1 0
1779 T 2593 3536 2299 0 0
1779 T 4236 4292 286 1 0
1779 T 4292 4175 284 0 0
1779 T 214 1721 2615 0 0
1779 T 2613 2579 2583 0 0
1779 T 2581 3768 216 0 0
1779 T 3768 2577 1721 0 0
1779 T 217 3666 2711 0 0
1779 T 2709 2705 2743 0 0
1779 T 2741 1812 219 0 0
1779 T 1812 2707 3666 0 0
1779 T 228 3719 2698 0 0
1779 T 2700 2754 2694 0 0
1779 T 1855 2756 3719 0 0
1779 T 2736 2762 2730 0 0
1779 T 2732 3732 1833 0 0
1779 T 3732 2764 236 0 0
1779 T 2568 2628 2570 0 0
1779 T 2572 3817 229 0 0
1779 T 3817 2626 1766 0 0
1779 T 1748 3830 2602 0 0
1779 T 2604 2636 2606 0 0
1779 T 236 2634 3830 0 0
1779 T 1532 1581 1538 0 0
1779 T 2279 3347 1530 0 0
1779 T 1535 1588 1525 0 0
1779 T 1527 3245 2230 0 0
1779 T 2864 4581 462 0 0
1779 T 4581 3198 496 0 0
1779 T 459 4663 2857 0 0
1779 T 497 3108 4663 0 0
1779 T 3315 329 4509 0 0
1779 T 4511 4592 0 0 0
1779 T 4592 335 3213 0 0
1779 T 1936 958 577 0 0
1779 T 584 963 2049 0 0
1779 T 2043 2060 2037 0 0
1779 T 2039 3090 3174 0 0
1779 T 3176 629 2041 0 0
1779 T 629 3092 2060 0 0
1779 T 628 1943 3184 0 0
1779 T 3182 1924 3084 0 0
1779 T 3082 1926 626 0 0
1779 T 1926 1922 1943 0 0
1779 T 171 148 152 0 0
1779 T 184 1739 846 0 0
1779 T 3251 3567 182 0 0
1779 T 3567 2724 1739 0 0
1779 T 179 3567 3349 0 0
1779 T 843 1826 177 0 0
1779 T 1826 2594 3567 0 0
1779 T 3436 3186 1797 0 0
1779 T 1712 3096 3433 0 0
1779 T 672 755 662 0 0
1779 T 664 4481 802 0 0
1779 T 2276 4483 755 0 0
1779 T 659 750 665 0 0
1779 T 799 4375 657 0 0
1779 T 750 4373 2322 0 0
1779 T 184 3557 3778 0 0
1779 T 1737 2933 3557 0 0
1779 T 3680 3564 177 0 0
1779 T 3564 2999 1828 0 0
1779 T 521 4089 4313 0 0
1779 T 1995 367 523 0 0
1779 T 4315 1093 1993 0 0
1779 T 523 370 1878 0 0
1779 T 1880 1092 4421 0 0
1779 T 4423 4027 521 0 0
1779 T 2683 4560 614 0 0
1779 T 3331 4558 397 0 0
1779 T 611 4638 2554 0 0
1779 T 404 4640 3229 0 0
1779 T 482 486 490 0 0
1779 T 2645 3634 2776 0 0
1779 T 184 4472 3065 0 0
1779 T 3559 736 4472 0 0
1779 T 3159 4362 177 0 0
1779 T 4362 737 3562 0 0
1779 T 1811 1841 1805 0 0
1779 T 1807 620 3665 0 0
1779 T 2706 618 1841 0 0
1779 T 1831 1849 1833 0 0
1779 T 2732 632 1829 0 0
1779 T 1849 630 3730 0 0
1779 T 1720 1756 1722 0 0
1779 T 3767 621 1718 0 0
1779 T 621 2578 1756 0 0
1779 T 1744 625 2602 0 0
1779 T 1748 1764 1742 0 0
1779 T 1764 3830 625 0 0
1779 T 396 3504 3229 0 0
1779 T 4638 3502 418 0 0
1779 T 3331 3505 389 0 0
1779 T 415 3507 4560 0 0
1779 T 380 4651 3661 0 0
1779 T 972 1303 4651 0 0
1779 T 3763 4569 373 0 0
1779 T 4569 1298 965 0 0
1779 T 3992 319 4646 0 0
1779 T 3703 321 3990 0 0
1779 T 4648 309 3701 0 0
1779 T 3987 321 3801 0 0
1779 T 3803 308 4566 0 0
1779 T 4568 314 3985 0 0
1779 T 796 4630 1062 0 0
1779 T 1064 292 2281 0 0
1779 T 4039 290 4630 0 0
1779 T 1059 4552 789 0 0
1779 T 2236 292 1057 0 0
1779 T 4552 290 4101 0 0
1779 T 3859 231 4610 0 0
1779 T 4612 1597 370 0 0
1779 T 367 1596 4530 0 0
1779 T 4532 226 3929 0 0
1779 T 4104 4573 194 0 0
1779 T 4573 630 2778 0 0
1779 T 191 4655 4038 0 0
1779 T 2652 627 4655 0 0
1779 T 2812 864 3909 0 0
1779 T 4015 993 2810 0 0
1779 T 2807 1000 4077 0 0
1779 T 3840 857 2805 0 0
1779 T 2550 3753 91 0 0
1779 T 2561 2548 2552 0 0
1779 T 3753 2546 2455 0 0
1779 T 94 3655 2679 0 0
1779 T 2677 2673 2691 0 0
1779 T 2354 2675 3655 0 0
1779 T 2700 3721 2357 0 0
1779 T 3721 2754 7 0 0
1779 T 2708 94 3685 0 0
1779 T 3687 2411 2710 0 0
1779 T 2740 1811 3940 0 0
1779 T 3938 218 2734 0 0
1779 T 2460 3823 2570 0 0
1779 T 7 2628 3823 0 0
1779 T 2584 2509 3785 0 0
1779 T 3787 91 2578 0 0
1779 T 2608 215 3868 0 0
1779 T 3866 1722 2610 0 0
1779 T 2256 3635 2302 0 0
1779 T 260 286 266 0 0
1779 T 2923 4240 258 0 0
1779 T 286 4238 1399 0 0
1779 T 263 283 253 0 0
1779 T 255 4178 2985 0 0
1779 T 1399 4180 283 0 0
1779 T 328 4145 4206 0 0
1779 T 1 2 1 1 0
1779 T 664 2115 794 0 0
1779 T 4483 868 2115 0 0
1779 T 791 2182 657 0 0
1779 T 2182 869 4373 0 0
1779 T 88 83 87 0 0
1779 T 85 3573 3897 0 0
1779 T 3972 3579 86 0 0
1779 T 3899 1109 3970 0 0
1779 T 1783 4003 1693 0 0
1779 T 464 1967 962 0 0
1779 T 964 960 956 -1 0
1779 T 4001 2084 1967 0 0
1779 T 2084 460 960 0 0
1779 T 765 767 765 0 0
1779 T 1615 1619 1621 1 0
1779 T 884 2883 4153 0 0
1779 T 888 1037 882 0 0
1779 T 4216 2877 886 0 0
1779 T 3671 34 1809 0 0
1779 T 3940 10 3669 0 0
1779 T 1724 37 3769 0 0
1779 T 3771 10 3866 0 0
1779 T 1176 1346 1166 0 0
1779 T 1168 4135 1462 0 0
1779 T 1464 3295 1174 0 0
1779 T 3295 4133 1346 0 0
1779 T 1171 3393 1457 0 0
1779 T 1163 1351 1169 0 0
1779 T 1459 4069 1161 0 0
1779 T 1351 4071 3393 0 0
1779 T 2203 3602 3366 0 0
1779 T 4196 3604 236 0 0
1779 T 3268 3607 2134 0 0
1779 T 236 3605 4254 0 0
1779 T 4652 961 2385 0 0
1779 T 2487 960 4570 0 0
1779 T 326 4321 4430 0 0
1779 T 1556 969 4513 0 0
1779 T 4515 619 2657 0 0
1779 T 2532 622 4593 0 0
1779 T 4595 968 1549 0 0
1779 T 2387 1966 3990 0 0
1779 T 3703 1511 2385 0 0
1779 T 1966 1509 323 0 0
1779 T 3987 2084 2485 0 0
1779 T 2487 1506 3801 0 0
1779 T 323 1508 2084 0 0
1779 T 3173 103 3084 0 0
1779 T 3182 198 3091 0 0
1779 T 388 3991 3661 0 0
1779 T 462 4651 3991 0 0
1779 T 3763 3986 381 0 0
1779 T 3986 4569 459 0 0
1779 T 4143 1808 1570 0 0
1779 T 1808 495 1577 0 0
1779 T 1567 1717 4201 0 0
1779 T 1576 498 1717 0 0
1779 T 304 3027 1094 0 0
1779 T 294 298 302 0 0
1779 T 298 1090 2964 0 0
1779 T 2962 79 3027 0 0
1779 T 1052 1110 1046 0 0
1779 T 1048 498 1693 0 0
1779 T 1783 496 1050 0 0
1779 T 2663 1823 1450 0 0
1779 T 1447 1734 2534 0 0
1779 T 288 1969 902 0 0
1779 T 912 3826 286 0 0
1779 T 904 988 910 0 0
1779 T 3826 986 1969 0 0
1779 T 283 3728 905 0 0
1779 T 907 989 897 0 0
1779 T 899 2087 281 0 0
1779 T 2087 991 3728 0 0
1779 T 2504 3615 3394 0 0
1779 T 3296 3614 2402 0 0
1779 T 3368 1680 3265 0 0
1779 T 1639 1678 1633 0 0
1779 T 396 2413 546 0 0
1779 T 3502 2990 2413 0 0
1779 T 543 2515 389 0 0
1779 T 2515 2928 3507 0 0
1779 T 228 3587 4329 0 0
1779 T 3717 14 3587 0 0
1779 T 3581 4440 232 0 0
1779 T 3582 14 3819 1 0
1779 T 3063 3826 266 0 0
1779 T 263 3728 3153 0 0
1779 T 2967 3574 3121 0 0
1779 T 3123 3900 1554 0 0
1779 T 1551 3970 3030 0 0
1779 T 3032 3579 2902 0 0
1779 T 1556 977 2969 0 0
1779 T 2971 986 4513 0 0
1779 T 2908 976 1549 0 0
1779 T 4595 991 2906 0 0
1779 T 2796 1033 4509 0 0
1779 T 3315 2102 2794 0 0
1779 T 2791 2171 3214 0 0
1779 T 4591 1033 2789 0 0
1779 T 1512 1514 1506 0 0
1779 T 2864 1336 3089 0 0
1779 T 2059 4063 2862 0 0
1779 T 2859 4125 1942 0 0
1779 T 3183 1329 2857 0 0
1779 T 1054 1058 1062 0 0
1779 T 4632 4551 186 0 0
1779 T 3416 2292 3213 0 0
1779 T 3215 257 4402 0 0
1779 T 4404 916 3414 0 0
1779 T 913 4295 3420 0 0
1779 T 3418 3313 2244 0 0
1779 T 253 3315 4295 0 0
1779 T 1436 4388 2277 0 0
1779 T 2279 1007 1442 0 0
1779 T 1439 1010 2230 0 0
1779 T 2232 4494 1429 0 0
1779 T 3039 1591 3129 0 0
1779 T 2392 1678 2489 0 0
1779 T 1176 3574 3841 0 0
1779 T 3747 4187 1174 0 0
1779 T 3843 8 3745 0 0
1779 T 4187 7 3574 0 0
1779 T 1171 4245 3646 0 0
1779 T 3648 8 3913 0 0
1779 T 3915 3579 1169 0 0
1779 T 3579 7 4245 0 0
1779 T 18 2357 2689 -1 0
1779 T 18 2561 2458 0 0
1779 T 1152 4625 1062 0 0
1779 T 1142 1146 1150 0 0
1779 T 4625 4546 77 -1 0
1779 T 1146 1058 4546 0 0
1779 T 2559 4000 2685 0 0
1779 T 2865 2869 2862 0 0
1779 T 2059 459 2867 0 0
1779 T 2867 462 1942 0 0
1779 T 2859 2876 2865 0 0
1779 T 728 1382 2045 0 0
1779 T 1380 1383 1382 0 0
1779 T 1931 1381 722 0 0
1779 T 2399 3997 2498 0 0
1779 T 124 2500 2842 0 0
1779 T 2844 2840 2848 0 0
1779 T 2840 2397 118 0 0
1779 T 1236 1639 4165 0 0
1779 T 4228 1633 1230 0 0
1779 T 856 1904 155 0 0
1779 T 1904 3302 3517 0 0
1779 T 155 2017 849 0 0
1779 T 3524 3404 2017 0 0
1779 T 1572 3666 2802 0 0
1779 T 2804 2709 4013 0 0
1779 T 2799 3768 1565 0 0
1779 T 4079 2583 2797 0 0
1779 T 521 525 518 0 0
1779 T 520 4279 4313 0 0
1779 T 4091 4277 525 0 0
1779 T 515 532 521 0 0
1779 T 4423 4274 513 0 0
1779 T 532 4276 4025 0 0
1779 T 338 3150 3057 0 0
1779 T 3059 491 3470 0 0
1779 T 3468 485 3150 0 0
1779 T 3420 910 3737 0 0
1779 T 3739 919 4293 0 0
1779 T 3640 907 3413 0 0
1779 T 4403 922 3638 0 0
1779 T 1068 129 2537 0 0
1779 T 4416 1950 1066 0 0
1779 T 1950 1361 129 0 0
1779 T 136 1368 2067 0 0
1779 T 1069 2666 134 0 0
1779 T 2065 4308 1071 0 0
1779 T 3087 4839 582 0 0
1779 T 580 4774 3178 0 0
1779 T 4839 2 4774 0 0
1779 T 2828 206 2929 0 0
1779 T 3356 2145 2826 0 0
1779 T 2145 734 206 0 0
1779 T 2823 2216 3254 0 0
1779 T 2995 203 2821 0 0
1779 T 203 739 2216 0 0
1779 T 692 4732 2673 0 0
1779 T 2675 1601 682 0 0
1779 T 702 1603 4732 0 0
1779 T 679 1608 2546 0 0
1779 T 2548 4794 685 0 0
1779 T 4794 1606 707 0 0
1779 T 196 4235 4737 0 0
1779 T 1228 2275 194 0 0
1779 T 4739 901 1226 0 0
1779 T 191 2321 1221 0 0
1779 T 1223 900 4801 0 0
1779 T 4803 4173 189 0 0
1779 T 1600 4563 258 0 0
1779 T 4563 175 4238 0 0
1779 T 255 4641 1593 0 0
1779 T 4180 175 4641 0 0
1779 T 4739 285 4210 0 0
1779 T 4152 284 4801 0 0
1779 T 3087 1659 2049 0 0
1779 T 961 1657 4837 0 0
1779 T 1936 1654 3177 0 0
1779 T 4775 1656 960 0 0
1779 T 664 647 655 0 0
1779 T 653 4597 794 0 0
1779 T 2113 4599 647 0 0
1779 T 655 650 657 0 0
1779 T 791 4519 653 0 0
1779 T 650 4517 2184 0 0
1779 T 153 3501 4553 0 0
1779 T 4555 3405 162 0 0
1779 T 159 3307 4633 0 0
1779 T 4635 3508 153 0 0
1779 T 3488 154 2917 0 0
1779 T 2687 1903 3486 0 0
1779 T 3483 2018 2558 0 0
1779 T 2983 154 3481 0 0
1779 T 2431 4384 1546 0 0
1779 T 2659 3517 2429 0 0
1779 T 1543 4490 2330 0 0
1779 T 2332 3524 2530 0 0
1779 T 96 3592 3002 0 0
1779 T 1328 1976 94 0 0
1779 T 1976 2267 3592 0 0
1779 T 91 2090 1321 0 0
1779 T 2940 3593 89 0 0
1779 T 3593 2313 2090 0 0
1779 T 1779 4557 1426 0 0
1779 T 1423 4639 1690 0 0
1779 T 653 1874 786 0 0
1779 T 788 860 794 0 0
1779 T 4599 858 1874 0 0
1779 T 791 861 781 0 0
1779 T 783 1991 653 0 0
1779 T 1991 863 4517 0 0
1779 T 520 1005 4317 0 0
1779 T 516 595 518 0 0
1779 T 4428 1011 514 0 0
1779 T 4319 355 4426 0 0
1779 T 652 1287 4717 0 0
1779 T 648 748 650 0 0
1779 T 4784 1289 646 0 0
1779 T 4719 101 4782 0 0
1779 T 4654 294 4575 0 0
1779 T 1264 4179 1909 0 0
1779 T 4240 1268 2027 0 0
1779 T 3428 1472 4137 0 0
1779 T 3739 3101 3426 0 0
1779 T 3101 112 1472 0 0
1779 T 3423 3195 3638 0 0
1779 T 4199 1465 3421 0 0
1779 T 1465 105 3195 0 0
1779 T 1074 3918 3845 0 0
1779 T 3847 242 822 0 0
1779 T 820 240 3918 0 0
1779 T 520 4047 4790 0 0
1779 T 4792 122 4313 0 0
1779 T 4423 119 4726 0 0
1779 T 4728 4109 513 0 0
1779 T 2655 436 4713 0 0
1779 T 4715 426 1546 0 0
1779 T 1543 431 4777 0 0
1779 T 4779 437 2526 0 0
1779 T 292 289 294 0 0
1779 T 3747 2879 1178 0 0
1779 T 2879 4187 1356 0 0
1779 T 1179 2882 3646 0 0
1779 T 1357 4245 2882 0 0
1779 T 1268 4579 418 0 0
1779 T 416 4658 1262 0 0
1779 T 4579 169 4658 0 0
1779 T 944 996 934 0 0
1779 T 932 998 938 0 0
1779 T 222 226 230 0 0
1779 T 2937 3994 3004 0 0
1779 T 96 2312 1318 0 0
1779 T 3287 3631 94 0 0
1779 T 3631 3188 2312 0 0
1779 T 91 3626 3385 0 0
1779 T 1315 2262 89 0 0
1779 T 2262 3094 3626 0 0
1779 T 1140 1136 1144 1 0
1779 T 208 4505 3085 0 0
1779 T 3087 3623 3006 0 0
1779 T 1501 3621 4505 0 0
1779 T 2944 3618 3177 0 0
1779 T 3179 4399 201 0 0
1779 T 4399 3620 1500 0 0
1779 T 2796 2879 2786 0 0
1779 T 2784 2881 2790 0 0
1779 T 85 1361 2061 0 0
1779 T 2063 3907 1666 0 0
1779 T 1663 3977 1946 0 0
1779 T 1948 1368 85 0 0
1779 T 3472 4762 266 0 0
1779 T 4762 236 3828 0 0
1779 T 263 4828 3465 0 0
1779 T 3726 236 4828 0 0
1779 T 164 1371 2181 0 0
1779 T 872 2772 162 0 0
1779 T 2642 159 867 0 0
1779 T 1376 159 2116 0 0
1779 T 4478 642 4371 0 0
1779 T 272 2647 3494 -1 0
1779 T 3492 2774 270 0 0
1779 T 3496 3634 3490 0 0
1779 T 268 2415 3478 0 0
1779 T 3488 2990 266 0 0
1779 T 3480 3504 3486 0 0
1779 T 263 2928 3481 0 0
1779 T 3483 3505 3473 0 0
1779 T 3475 2513 261 0 0
1779 T 2812 2898 2806 0 0
1779 T 3839 186 3909 0 0
1779 T 812 3542 2433 0 0
1779 T 2435 2076 1070 0 0
1779 T 4232 2074 3542 0 0
1779 T 1067 1957 2334 0 0
1779 T 2336 3539 805 0 0
1779 T 3539 1959 4170 0 0
1779 T 16 1721 3769 0 0
1779 T 16 3669 1810 0 0
1779 T 788 4320 1785 0 0
1779 T 780 1006 786 0 0
1779 T 1787 517 778 0 0
1779 T 783 1011 773 0 0
1779 T 775 516 1698 0 0
1779 T 1700 4426 781 0 0
1779 T 1200 163 3942 0 0
1779 T 3944 4554 218 0 0
1779 T 215 4636 3870 0 0
1779 T 3872 158 1193 0 0
1779 T 4416 1954 2333 0 0
1779 T 1960 1956 1952 0 0
1779 T 2071 2075 2065 0 0
1779 T 4306 2434 2069 0 0
1779 T 252 1958 3450 0 0
1779 T 3452 3448 3456 1 0
1779 T 1107 2074 1958 0 0
1779 T 3448 2076 246 0 0
1779 T 2151 4276 3010 0 0
1779 T 2948 4277 2217 0 0
1779 T 1328 1340 1318 0 0
1779 T 2310 1338 1974 0 0
1779 T 1315 1341 1321 0 0
1779 T 2092 1343 2264 0 0
1779 T 3847 1801 830 0 0
1779 T 827 1716 3917 0 0
1779 T 2804 2829 2810 0 0
1779 T 2829 2709 995 0 0
1779 T 2807 2836 2797 0 0
1779 T 998 2583 2836 0 0
1779 T 1452 1817 4513 0 0
1779 T 2971 112 1450 0 0
1779 T 112 986 1817 0 0
1779 T 1447 105 2906 0 0
1779 T 4595 1732 1445 0 0
1779 T 1732 991 105 0 0
1779 T 3590 3594 79 0 0
1779 T 652 1192 1789 0 0
1779 T 1791 1182 4717 0 0
1779 T 1704 1185 645 0 0
1779 T 4783 1183 1702 -1 0
1779 T 4456 2220 2822 0 0
1779 T 2828 2149 4345 0 0
1779 T 904 4836 3554 0 0
1779 T 3556 3103 910 0 0
1779 T 3103 4834 986 0 0
1779 T 907 3193 3549 0 0
1779 T 3551 4770 897 0 0
1779 T 991 4772 3193 0 0
1779 T 2796 7 3121 0 0
1779 T 2967 4185 2794 0 0
1779 T 2791 4247 2902 0 0
1779 T 3032 7 2789 0 0
1779 T 3524 3630 3514 0 0
1779 T 3516 136 2017 0 0
1779 T 3402 134 3630 0 0
1779 T 3511 3627 3517 0 0
1779 T 1904 129 3509 0 0
1779 T 3627 131 3304 0 0
1779 T 472 2964 3590 0 0
1779 T 3596 3025 470 0 0
1779 T 736 767 738 0 0
1779 T 740 4068 4466 0 0
1779 T 4468 6 4357 0 0
1779 T 4359 4129 734 0 0
1779 T 344 4390 3142 0 0
1779 T 3148 1938 342 0 0
1779 T 3144 3179 3146 0 0
1779 T 1938 3177 4390 0 0
1779 T 345 3050 4498 0 0
1779 T 2053 3056 347 0 0
1779 T 4500 3087 2055 0 0
1779 T 3056 3085 3050 0 0
1779 T 3480 3610 3470 0 0
1779 T 3059 2764 3478 0 0
1779 T 2764 491 3610 0 0
1779 T 3475 2634 3149 0 0
1779 T 3467 3610 3473 0 0
1779 T 3610 486 2634 0 0
1779 T 740 2158 1630 0 0
1779 T 1632 2392 4361 0 0
1779 T 1627 2228 733 0 0
1779 T 4471 2490 1625 0 0
1779 T 2788 1288 4713 0 0
1779 T 4779 1289 2781 0 0
1779 T 2215 2870 4466 0 0
1779 T 4066 2872 204 0 0
1779 T 205 2873 4132 0 0
1779 T 2146 4358 2873 0 0
1779 T 1284 2065 3362 0 0
1779 T 3364 134 1274 0 0
1779 T 1271 131 3262 0 0
1779 T 3264 1952 1277 0 0
1779 T 4139 2585 2810 0 0
1779 T 2807 2715 4197 0 0
1779 T 3743 3822 3745 0 0
1779 T 3843 2627 3741 0 0
1779 T 3760 3902 2549 0 0
1779 T 3756 3798 3758 0 0
1779 T 3902 3800 92 0 0
1779 T 3644 2753 3913 0 0
1779 T 3648 3724 3642 0 0
1779 T 2680 3976 3658 0 0
1779 T 3660 3700 3654 0 0
1779 T 93 3698 3976 0 0
1779 T 2895 2883 2879 0 0
1779 T 520 305 1793 0 0
1779 T 1795 1480 4790 0 0
1779 T 1708 312 513 0 0
1779 T 4728 1473 1706 0 0
1779 T 3576 2640 3293 0 0
1779 T 1464 2638 3841 0 0
1779 T 1457 3913 2766 0 0
1779 T 2768 3579 3395 0 0
1779 T 616 2022 3041 0 0
1779 T 3043 4283 558 0 0
1779 T 4283 2024 2928 0 0
1779 T 555 4286 3133 0 0
1779 T 3135 1907 609 0 0
1779 T 2990 1905 4286 0 0
1779 T 3031 3463 3213 0 0
1779 T 2170 3461 7 0 0
1779 T 3457 2102 8 0 0
1779 T 3121 3313 3459 0 0
1779 T 2347 203 3146 0 0
1779 T 3144 4399 2345 0 0
1779 T 2445 3053 207 0 0
1779 T 4508 3051 2447 0 0
1779 T 726 4238 4577 0 0
1779 T 4659 4180 723 0 0
1779 T 4715 1278 2965 0 0
1779 T 2904 1283 4777 0 0
1779 T 2579 2536 2532 0 0
1779 T 4593 2534 1755 0 0
1779 T 2657 2661 2705 0 0
1779 T 1842 2663 4515 0 0
1779 T 2683 2713 2677 0 0
1779 T 2679 1816 614 0 0
1779 T 1816 2715 4558 0 0
1779 T 2732 2780 2726 0 0
1779 T 2728 4575 1829 0 0
1779 T 611 1725 2550 0 0
1779 T 2552 2587 2554 0 0
1779 T 4640 2585 1725 0 0
1779 T 1744 4653 2598 0 0
1779 T 2600 2650 2602 0 0
1779 T 3496 132 2685 0 0
1779 T 2559 134 3490 0 0
1779 T 1947 4390 1654 0 0
1779 T 1659 4500 2062 0 0
1779 T 2059 4663 2874 0 0
1779 T 2871 4581 1942 0 0
1779 T 3444 3538 3450 0 0
1779 T 3447 3543 3437 0 0
1779 T 3219 2208 4402 0 0
1779 T 3215 3238 3217 0 0
1779 T 2175 4407 3216 0 0
1779 T 300 3220 4407 0 0
1779 T 3320 3340 3314 0 0
1779 T 4296 2137 3318 0 0
1779 T 3313 4297 2106 0 0
1779 T 4297 3317 301 0 0
1779 T 3348 3400 3342 0 0
1779 T 27 3398 4370 0 0
1779 T 3348 4385 2109 0 0
1779 T 3360 3380 3354 0 0
1779 T 4325 2109 3358 0 0
1779 T 4347 2143 3354 0 0
1779 T 3376 3392 3370 0 0
1779 T 3372 4365 2137 0 0
1779 T 3244 3298 3246 0 0
1779 T 4480 3300 30 0 0
1779 T 2180 4495 3246 0 0
1779 T 3256 3278 3258 0 0
1779 T 3260 2180 4435 0 0
1779 T 3256 2210 4453 0 0
1779 T 2208 4475 3270 0 0
1779 T 3272 3290 3274 0 0
1779 T 589 2942 4886 0 0
1779 T 4888 3 4857 0 0
1779 T 4859 3007 590 0 0
1779 T 2279 787 4841 0 0
1779 T 4843 777 1442 0 0
1779 T 1439 776 4869 0 0
1779 T 4871 782 2230 0 0
1779 T 2575 754 194 0 0
1779 T 4444 3889 194 0 0
1779 T 750 2704 192 0 0
1779 T 3962 4335 192 0 0
1779 T 1444 4887 1138 0 0
1779 T 1135 4857 1437 0 0
1779 T 4731 211 4794 0 0
1779 T 294 4757 4822 0 0
1779 T 4824 303 49 0 0
1779 T 51 297 4757 0 0
1779 T 2836 940 4882 0 0
1779 T 4884 930 2581 0 0
1779 T 2711 935 4854 0 0
1779 T 4856 941 2829 0 0
1779 T 2431 1772 1442 0 0
1779 T 4843 1049 2429 0 0
1779 T 1772 1051 779 0 0
1779 T 1439 1857 2330 0 0
1779 T 2332 1048 4869 0 0
1779 T 774 1046 1857 0 0
1779 T 1472 4834 1817 0 0
1779 T 1732 4772 1465 0 0
1779 T 2812 91 4009 0 0
1779 T 4076 93 2806 0 0
1779 T 4011 1621 4074 0 0
1779 T 3603 3607 3597 0 0
1779 T 3596 4867 478 0 0
1779 T 4867 3025 502 0 0
1779 T 475 4893 3589 0 0
1779 T 507 2963 4893 0 0
1779 T 3747 2893 3645 0 0
1779 T 3496 3512 3486 0 0
1779 T 3483 3513 3489 0 0
1779 T 4678 2245 2293 0 0
1779 T 730 4642 4561 0 0
1779 T 2788 1356 2965 0 0
1779 T 2904 1357 2781 0 0
1779 T 2043 4395 2373 0 0
1779 T 2375 207 2037 0 0
1779 T 2058 205 4395 0 0
1779 T 201 1942 4502 0 0
1779 T 2474 1921 203 0 0
1779 T 4504 1927 2476 0 0
1779 T 548 4756 2285 0 0
1779 T 581 1317 4756 0 0
1779 T 2240 4818 541 0 0
1779 T 4818 1316 580 0 0
1779 T 3164 3191 3166 0 0
1779 T 3075 3098 3069 0 0
1779 T 3071 6 3162 0 0
1779 T 832 4269 3125 0 0
1779 T 3127 2518 1082 0 0
1779 T 3783 2520 4269 0 0
1779 T 1079 2420 3034 0 0
1779 T 3036 4268 825 0 0
1779 T 4268 2418 3681 0 0
1779 T 152 3199 4270 0 0
1779 T 4384 2519 3199 0 0
1779 T 4267 3105 145 0 0
1779 T 3105 2417 4490 0 0
1779 T 2055 3908 3966 0 0
1779 T 2051 2062 2053 0 0
1779 T 3980 1940 3896 0 0
1779 T 1934 1938 1945 0 0
1779 T 3964 4588 94 0 0
1779 T 4588 770 3629 0 0
1779 T 91 4666 3890 0 0
1779 T 3628 770 4666 0 0
1779 T 336 4891 3857 0 0
1779 T 1407 987 4891 0 0
1779 T 3931 4861 329 0 0
1779 T 4861 990 1410 0 0
1779 T 3599 3588 3584 0 0
1779 T 1472 3901 2585 0 0
1779 T 2715 3975 1465 0 0
1779 T 2675 4797 614 0 0
1779 T 4797 2689 1814 0 0
1779 T 2732 3692 3951 0 0
1779 T 3949 1485 2726 0 0
1779 T 2756 2767 2758 0 0
1779 T 611 4735 2546 0 0
1779 T 1727 2563 4735 0 0
1779 T 2600 1492 3879 0 0
1779 T 3877 3790 2602 0 0
1779 T 2632 2637 2626 0 0
1779 T 1779 1813 1773 0 0
1779 T 1819 1844 1821 0 0
1779 T 1688 1728 1690 0 0
1779 T 1736 1753 1730 0 0
1779 T 1352 4864 1849 0 0
1779 T 1851 989 1342 0 0
1779 T 1762 1337 986 0 0
1779 T 4892 1347 1764 0 0
1779 T 652 363 1785 0 0
1779 T 788 4832 650 0 0
1779 T 4832 4320 363 0 0
1779 T 647 4766 781 0 0
1779 T 1700 358 645 0 0
1779 T 358 4426 4766 0 0
1779 T 124 924 2193 0 0
1779 T 2195 3269 2842 0 0
1779 T 117 2126 919 0 0
1779 T 2839 3371 2126 0 0
1779 T 1876 4832 657 0 0
1779 T 664 4766 1989 0 0
1779 T 3524 95 4341 0 0
1779 T 2023 4587 3522 0 0
1779 T 4343 3961 2021 0 0
1779 T 3519 4665 1906 0 0
1779 T 1908 3891 4449 0 0
1779 T 4451 90 3517 0 0
1779 T 1436 2112 1530 0 0
1779 T 1979 4328 1530 0 0
1779 T 1525 1429 2177 0 0
1779 T 4436 1864 1527 0 0
1779 T 3420 3554 3426 0 0
1779 T 3423 3551 3413 0 0
1779 T 4404 2196 2798 0 0
1779 T 2128 4295 2804 0 0
1779 T 1972 1340 4755 0 0
1779 T 4817 1341 2086 0 0
1779 T 3311 11 4486 0 0
1779 T 2619 12 570 0 0
1779 T 4380 11 3409 0 0
1779 T 575 12 2745 0 0
1779 T 548 3834 386 0 0
1779 T 3834 4756 627 0 0
1779 T 383 3736 541 0 0
1779 T 630 4818 3736 0 0
1779 T 1580 3200 3934 0 0
1779 T 3936 4271 1801 0 0
1779 T 1716 4266 3862 0 0
1779 T 3864 3106 1573 0 0
1779 T 788 2892 1985 0 0
1779 T 1987 1871 1056 -1 0
1779 T 1871 2886 782 0 0
1779 T 1807 4583 3934 0 0
1779 T 3864 4661 1718 0 0
1779 T 1672 2091 4865 0 0
1779 T 4895 1973 1673 0 0
1779 T 4836 1844 2388 0 0
1779 T 1831 4540 2356 0 0
1779 T 225 4538 1851 0 0
1779 T 2486 1753 4770 0 0
1779 T 2453 4618 1742 0 0
1779 T 4618 230 1762 0 0
1779 T 4519 3944 1789 0 0
1779 T 1704 3870 4597 0 0
1779 T 336 1348 4614 0 0
1779 T 4616 1761 3857 0 0
1779 T 3931 1852 4534 0 0
1779 T 4536 1349 329 0 0
1779 T 2812 3903 3426 0 0
1779 T 3428 3799 4009 0 0
1779 T 3423 3973 2805 0 0
1779 T 4075 3697 3421 0 0
1779 T 2590 403 347 0 0
1779 T 344 2720 398 0 0
1779 T 1524 4883 1977 0 0
1779 T 1775 939 1522 0 0
1779 T 1519 942 1686 0 0
1779 T 1864 4853 1517 0 0
1779 T 3031 1099 4406 0 0
1779 T 3461 2174 1099 0 0
1779 T 1101 2108 3459 0 0
1779 T 3121 4297 1103 0 0
1779 T 1953 642 2071 0 0
1779 T 268 318 270 0 0
1779 T 1608 4746 266 0 0
1779 T 318 4748 2727 0 0
1779 T 271 315 261 0 0
1779 T 263 4812 1601 0 0
1779 T 2597 4810 315 0 0
1779 T 2431 2519 2425 0 0
1779 T 2447 2479 2441 0 0
1779 T 4508 1615 2479 0 0
1779 T 2328 2417 2330 0 0
1779 T 4398 2379 1620 0 0
1779 T 2379 2348 2344 0 0
1779 T 888 944 878 0 0
1779 T 876 938 882 0 0
1779 T 2427 1988 4841 0 0
1779 T 4871 1869 2326 0 0
1779 T 1620 3619 3697 0 0
1779 T 3699 1497 2377 0 0
1779 T 2479 1504 3797 0 0
1779 T 3799 3622 1613 0 0
1779 T 3480 4556 2917 0 0
1779 T 2983 4634 3473 0 0
1779 T 1851 3726 4818 0 0
1779 T 4756 3828 1762 0 0
1779 T 1699 4897 1785 0 0
1779 T 2023 769 3514 0 0
1779 T 3511 769 1906 0 0
1779 T 624 4915 2842 0 0
1779 T 2844 4474 2189 0 0
1779 T 511 4476 4915 0 0
1779 T 617 2837 4931 0 0
1779 T 4929 4366 511 0 0
1779 T 4366 2839 2124 0 0
1779 T 2191 2207 2193 0 0
1779 T 2211 2220 2213 0 0
1779 T 2211 3312 4466 0 0
1779 T 2124 2140 2126 0 0
1779 T 2144 2152 2146 0 0
1779 T 4360 3410 2142 0 0
1779 T 2517 1988 1051 0 0
1779 T 1871 2417 1046 0 0
1779 T 1829 4698 49 0 0
1779 T 4824 2379 1831 0 0
1779 T 2379 303 4698 0 0
1779 T 1742 2477 4758 0 0
1779 T 52 4695 1744 0 0
1779 T 4695 298 2477 0 0
1779 T 1608 3955 2449 0 0
1779 T 1261 3953 4748 0 0
1779 T 2352 3881 1601 0 0
1779 T 4810 3883 1268 0 0
1779 T 0 4918 4901 0 0
1779 T 4903 728 1538 0 0
1779 T 1536 722 4918 0 0
1779 T 728 724 732 1 0
1779 T 780 1002 774 0 0
1779 T 776 1495 4905 0 0
1779 T 4924 1496 778 0 0
1779 T 4907 4 4922 0 0
1779 T 3936 3127 3847 0 0
1779 T 3917 3034 3862 0 0
1779 T 4924 2638 1050 0 0
1779 T 1771 2640 1494 0 0
1779 T 1047 2768 4906 0 0
1779 T 1494 2766 1858 0 0
1779 T 2413 3610 4764 0 0
1779 T 4826 3610 2515 0 0
1779 T 3488 4849 270 0 0
1779 T 4849 2990 320 0 0
1779 T 271 4879 3481 0 0
1779 T 313 2928 4879 0 0
1779 T 1064 3189 2433 0 0
1779 T 2435 4704 2281 0 0
1779 T 290 4702 3189 0 0
1779 T 2236 4705 2334 0 0
1779 T 2336 3099 1057 0 0
1779 T 3099 4707 290 0 0
1779 T 3819 3597 3718 0 0
1779 T 4903 1382 2425 0 0
1779 T 2328 1382 4917 0 0
1779 T 2415 3834 486 0 0
1779 T 491 3736 2513 0 0
1779 T 3432 1619 4074 0 0
1779 T 4011 1613 3430 0 0
1779 T 3832 3836 3826 0 0
1779 T 2636 3836 4762 0 0
1779 T 3728 3734 3730 0 0
1779 T 4828 3734 2762 0 0
1779 T 1132 4926 1050 0 0
1779 T 4926 3873 494 0 0
1779 T 1047 4912 1125 0 0
1779 T 499 3947 4912 0 0
1779 T 1791 3938 4786 0 0
1779 T 4527 3671 1789 0 0
1779 T 4788 10 4525 0 0
1779 T 1704 3769 4605 0 0
1779 T 4607 10 4722 0 0
1779 T 4724 3868 1702 0 0
1779 T 3989 3985 4007 0 0
1779 T 4880 3120 2021 0 0
1779 T 3120 316 4284 0 0
1779 T 1908 3210 4850 0 0
1779 T 4285 317 3210 0 0
1779 T 1775 2896 1685 0 0
1779 T 3043 210 3134 0 0
1779 T 3545 3549 3542 0 0
1779 T 3544 4770 2041 0 0
1779 T 2043 899 3547 0 0
1779 T 3547 902 1926 0 0
1779 T 3539 3556 3545 0 0
1779 T 1928 4836 3537 0 0
1779 T 372 1915 4262 0 0
1779 T 4264 3077 4029 0 0
1779 T 4259 2030 365 0 0
1779 T 4095 3171 4257 0 0
1779 T 3936 5 3861 0 0
1779 T 3879 4685 126 0 0
1779 T 4685 2598 2317 0 0
1779 T 127 4692 3949 0 0
1779 T 2271 2728 4692 0 0
1779 T 4567 593 4646 0 0
1779 T 3879 4813 122 0 0
1779 T 133 4815 4687 0 0
1779 T 119 4751 3949 0 0
1779 T 4690 4749 132 0 0
1779 T 2477 1609 2380 0 0
1779 T 2345 338 2447 0 0
1779 T 2645 3512 4851 0 0
1779 T 4877 3513 2775 0 0
1779 T 3428 3622 3430 0 0
1779 T 3431 3619 3421 0 0
1779 T 804 4996 2433 0 0
1779 T 3544 4994 902 0 0
1779 T 2336 5014 797 0 0
1779 T 899 5016 3537 0 0
1779 T 3498 3500 3498 0 0
1779 T 4692 1395 4745 0 0
1779 T 4811 1390 4685 0 0
1779 T 740 2503 4981 0 0
1779 T 4983 1341 1630 0 0
1779 T 1627 1340 5001 0 0
1779 T 5003 2401 733 0 0
1779 T 5004 81 4981 0 0
1779 T 4940 4931 182 0 0
1779 T 3948 509 4938 0 0
1779 T 179 4913 4933 0 0
1779 T 4935 509 3874 0 0
1779 T 1276 4688 3881 0 0
1779 T 3955 4689 1269 0 0
1779 T 102 104 102 1 0
1779 T 4994 4704 628 0 0
1779 T 629 4705 5016 0 0
1779 T 4735 4623 18 0 0
1779 T 4623 1725 2458 0 0
1779 T 18 4541 4797 -1 0
1779 T 2359 1816 4541 0 0
1779 T 3699 2952 4698 0 0
1779 T 4695 3014 3797 0 0
1779 T 3464 3460 3456 0 0
1779 T 4612 2450 4262 0 0
1779 T 4259 2351 4530 0 0
1779 T 3364 4816 3881 0 0
1779 T 3955 4750 3262 0 0
1779 T 2043 5016 3554 0 0
1779 T 3551 4994 1926 0 0
1779 T 664 360 4309 0 0
1779 T 4311 4426 1989 0 0
1779 T 1876 4320 4417 0 0
1779 T 4419 361 657 0 0
1779 T 111 77 105 0 0
1779 T 598 4418 4309 0 0
1779 T 3480 5010 346 0 0
1779 T 5010 4556 863 0 0
1779 T 343 4992 3473 0 0
1779 T 858 4634 4992 0 0
1779 T 1791 218 4521 0 0
1779 T 4523 2736 4786 0 0
1779 T 4603 215 1702 0 0
1779 T 4724 2606 4601 0 0
1779 T 2199 1098 430 0 0
1779 T 1098 1106 1104 0 0
1779 T 1102 2131 428 0 0
1779 T 3176 4705 3554 0 0
1779 T 3551 4704 3082 0 0
1779 T 3444 4977 2001 0 0
1779 T 2003 1511 3450 0 0
1779 T 1511 4979 3540 0 0
1779 T 3447 1506 1886 0 0
1779 T 1888 4999 3437 0 0
1779 T 3541 4997 1506 0 0
1779 T 2663 4986 2429 0 0
1779 T 4986 2707 3519 0 0
1779 T 3522 2577 5008 0 0
1779 T 5006 2536 2332 0 0
1779 T 516 4648 5042 0 0
1779 T 5044 4565 518 0 0
1779 T 3788 4973 3522 0 0
1779 T 4973 92 5008 0 0
1779 T 3519 4973 3686 0 0
1779 T 4986 93 4973 0 0
1779 T 1991 5056 1789 0 0
1779 T 5056 863 3942 0 0
1779 T 1704 5049 1874 0 0
1779 T 3872 858 5049 0 0
1779 T 3271 1845 5034 0 0
1779 T 5036 1373 3273 0 0
1779 T 3375 1372 5022 0 0
1779 T 5024 1760 3369 0 0
1779 T 4911 506 4938 0 0
1779 T 4935 503 4925 0 0
1779 T 1149 2434 5058 0 0
1779 T 5060 2071 2698 0 0
1779 T 5062 2569 1955 0 0
1779 T 2334 1145 5064 0 0
1779 T 5056 5012 218 0 0
1779 T 215 4990 5049 0 0
1779 T 3911 4674 3741 0 0
1779 T 251 4676 2006 0 0
1779 T 3644 4671 3838 0 0
1779 T 1891 4669 246 0 0
1779 T 304 504 2506 0 0
1779 T 2508 4865 1094 0 0
1779 T 1091 4895 2406 0 0
1779 T 2408 505 297 0 0
1779 T 1791 5048 1701 0 0
1779 T 5023 4 5034 0 0
1779 T 3982 3984 3982 1 0
1779 T 4408 2406 1558 0 0
1779 T 2506 4300 1563 0 0
1779 T 1991 348 4874 0 0
1779 T 4523 5010 1989 0 0
1779 T 4876 3478 4521 0 0
1779 T 1876 4992 4601 0 0
1779 T 4603 3475 4846 0 0
1779 T 4848 341 1874 0 0
1779 T 3881 104 3956 0 0
1779 T 4751 1106 4814 0 0
1779 T 1493 5092 2632 0 0
1779 T 1772 2628 5092 0 0
1779 T 2758 5110 1493 0 0
1779 T 5110 2754 1857 0 0
1779 T 5112 5 5089 0 0
1779 T 3544 2488 5070 0 0
1779 T 5072 1753 2041 0 0
1779 T 5067 2386 3537 0 0
1779 T 1928 1844 5065 0 0
1779 T 4464 4487 4466 0 0
1779 T 4360 4377 4354 0 0
1779 T 3883 684 5096 0 0
1779 T 5094 2673 2352 0 0
1779 T 2449 2548 5076 0 0
1779 T 5074 677 3953 0 0
1779 T 4673 3066 4184 0 0
1779 T 4242 3160 4672 0 0
1779 T 982 984 982 0 0
1779 T 4735 2818 4798 0 0
1779 T 4544 2820 4621 0 0
1779 T 3788 4988 4341 0 0
1779 T 4451 5006 3686 0 0
1779 T 5044 3802 1793 0 0
1779 T 1708 3704 5041 0 0
1779 T 9 5105 5025 0 0
1779 T 5040 5088 10 0 0
1779 T 5027 212 5038 0 0
1779 T 5088 210 5105 0 0
1779 T 4448 1906 194 0 0
1779 T 4444 4451 4446 0 0
1779 T 2022 4339 192 0 0
1779 T 4339 4342 4333 0 0
1779 T 3949 1481 4808 0 0
1779 T 4806 2197 4749 0 0
1779 T 119 2199 1481 0 0
1779 T 4815 2132 4744 0 0
1779 T 4742 1481 3879 0 0
1779 T 1481 2130 122 0 0
1779 T 2756 4972 2625 0 0
1779 T 4681 2465 886 0 0
1779 T 4678 4682 4683 0 0
1779 T 4682 882 2366 0 0
1779 T 4796 2996 4733 0 0
1779 T 4799 2930 4730 0 0
1779 T 4704 4709 4706 0 0
1779 T 4547 3076 4622 0 0
1779 T 4543 3165 4626 0 0
1779 T 566 2617 2746 0 0
1779 T 3376 5140 3273 0 0
1779 T 4806 424 4743 0 0
1779 T 4396 4663 4131 0 0
1779 T 4065 4581 4502 0 0
1779 T 3699 1013 5146 0 0
1779 T 5148 639 4698 0 0
1779 T 4695 634 5142 0 0
1779 T 5144 1020 3797 0 0
1779 T 3756 5141 2337 0 0
1779 T 5145 3656 2440 0 0
1779 T 1795 5028 4525 0 0
1779 T 4788 5106 1793 0 0
1779 T 1708 5088 4722 0 0
1779 T 4607 5038 1706 0 0
1779 T 5032 4700 3653 0 0
1779 T 3755 4693 5018 0 0
1779 T 3191 5059 4627 0 0
1779 T 4545 5062 3097 0 0
1779 T 3127 4966 3325 0 0
1779 T 504 4968 2520 0 0
1779 T 3228 4963 3034 0 0
1779 T 2418 4961 505 0 0
1779 T 4806 1478 5106 0 0
1779 T 5087 1476 4743 0 0
1779 T 1813 5134 3724 0 0
1779 T 4542 2697 5134 0 0
1779 T 3822 5131 1728 0 0
1779 T 5131 2571 4624 0 0
1779 T 5128 4540 2673 0 0
1779 T 3655 1829 5126 0 0
1779 T 5123 1744 3753 0 0
1779 T 2548 4618 5121 0 0
1779 T 1132 4942 1985 0 0
1779 T 2518 4944 4928 0 0
1779 T 1872 4947 1125 0 0
1779 T 4910 4945 2420 0 0
1779 T 5064 3072 4622 0 0
1779 T 3164 5059 4544 0 0
1779 T 1807 4504 5077 0 0
1779 T 5079 4067 3934 0 0
1779 T 3864 4129 5097 0 0
1779 T 5099 4394 1718 0 0
1779 T 4616 4619 4610 0 0
1779 T 4532 4537 4534 0 0
1779 T 3070 5129 1955 0 0
1779 T 2070 5136 3164 0 0
1779 T 4788 4808 4790 0 0
1779 T 4728 4742 4722 0 0
1779 T 4786 5118 2730 0 0
1779 T 2764 5120 4523 0 0
1779 T 2604 5115 4724 0 0
1779 T 2634 4603 5115 0 0
1779 T 5079 766 5098 0 0
1779 T 5000 3804 5070 0 0
1779 T 5067 3702 4978 0 0
1779 T 4356 5140 4461 0 0
1779 T 4876 3057 5118 0 0
1779 T 5115 3151 4846 0 0
1779 T 2331 4959 1146 0 0
1779 T 4959 5007 4441 0 0
1779 T 4954 4333 4987 0 0
1779 T 2430 1149 4956 0 0
1779 T 2199 5149 3790 0 0
1779 T 3112 5151 1100 0 0
1779 T 3692 5155 2130 0 0
1779 T 1101 5153 3202 0 0
1779 T 3949 2130 5081 0 0
1779 T 5083 124 4808 0 0
1779 T 4742 117 5101 0 0
1779 T 5103 2199 3879 0 0
1779 T 4960 3688 4446 0 0
1779 T 4954 4337 3787 0 0
1779 T 1168 5176 3125 0 0
1779 T 3035 5170 1162 0 0
1779 T 3127 5179 1174 0 0
1779 T 5179 4966 634 0 0
1779 T 1171 5181 3034 0 0
1779 T 639 4963 5181 0 0
1779 T 4788 5081 4313 0 0
1779 T 5101 4724 4423 0 0
1779 T 2732 5155 5081 0 0
1779 T 5103 5149 2602 0 0
1779 T 4944 4948 4950 -1 0
1779 T 4955 4969 4957 0 0
1779 T 4948 4962 4938 0 0
1779 T 4935 4967 4941 0 0
1779 T 5194 98 5191 0 0
1779 T 5153 4315 5120 0 0
1779 T 5113 4421 5151 0 0
1779 T 5048 5046 5048 0 0
1779 T 1348 5176 5177 0 0
1779 T 5183 5169 1349 0 0
1779 T 1811 5210 5077 0 0
1779 T 1843 4504 5210 0 0
1779 T 5206 1723 5100 0 0
1779 T 4395 1755 5208 0 0
1779 T 5072 5206 2373 0 0
1779 T 2475 5211 5065 0 0
1779 T 5025 5199 3803 0 0
1779 T 5043 5197 4526 0 0
1779 T 3701 5199 5039 0 0
1779 T 4608 5197 5042 0 0
1779 T 5176 2523 59 0 0
1779 T 61 2422 5170 0 0
1779 T 4264 5162 1997 0 0
1779 T 1883 5168 4258 0 0
1779 T 5160 5166 5162 0 0
1779 T 4608 5201 4525 0 0
1779 T 4527 3702 5233 0 0
1779 T 5248 3803 4606 0 0
1779 T 5235 210 5246 0 0
1779 T 4616 5256 4262 0 0
1779 T 5256 4619 2452 0 0
1779 T 4259 5242 4534 0 0
1779 T 2349 4537 5242 0 0
1779 T 5186 5188 5186 0 0
1779 T 5025 5044 5248 0 0
1779 T 5234 5041 5039 0 0
1779 T 15 5238 5098 0 0
1779 T 5079 5251 16 0 0
1779 T 5251 766 5238 0 0
1779 T 2011 5165 4946 0 0
1779 T 4944 5163 1893 0 0
1779 T 3672 5210 5249 0 0
1779 T 5239 5207 3770 0 0
1779 T 4960 2412 5262 0 0
1779 T 5264 2711 4446 0 0
1779 T 5259 2510 4953 0 0
1779 T 4340 2581 5257 0 0
1779 T 98 2474 2373 0 0
1779 T 5208 5212 5202 0 0
1779 T 1999 5216 4614 0 0
1779 T 1346 5214 2523 0 0
1779 T 4536 5217 1882 0 0
1779 T 2421 5219 1351 0 0
1779 T 5255 5123 5076 0 0
1779 T 5094 5126 5241 0 0
1779 T 4960 1855 5313 0 0
1779 T 5315 235 5262 0 0
1779 T 5259 235 5321 0 0
1779 T 5323 1766 4953 0 0
1779 T 4940 5327 2009 0 0
1779 T 2370 5325 4929 0 0
1779 T 1896 5317 4933 0 0
1779 T 4915 5319 2472 0 0
1779 T 4964 5327 5167 0 0
1779 T 5162 5317 4965 0 0
1779 T 5232 1955 4674 0 0
1779 T 5222 5226 5230 0 0
1779 T 5226 4670 2071 0 0
1779 T 5184 62 5218 0 0
1779 T 5177 5214 59 0 0
1779 T 3743 5131 5281 0 0
1779 T 5283 1726 3745 0 0
1779 T 3648 1815 5289 0 0
1779 T 5291 5134 3642 0 0
1779 T 4884 1634 5298 0 0
1779 T 5300 4195 2581 0 0
1779 T 2711 4253 5294 0 0
1779 T 5296 1639 4854 0 0
1779 T 5324 3598 5313 0 0
1779 T 5283 3497 5290 0 0
1779 T 3743 1953 5286 0 0
1779 T 5288 3072 5281 0 0
1779 T 5291 3162 5278 0 0
1779 T 5280 2072 3642 0 0
1779 T 5164 5216 5254 0 0
1779 T 5244 5217 5165 0 0
1779 T 3911 5230 5286 0 0
1779 T 5280 5227 3838 0 0
1779 T 624 5319 5274 0 0
1779 T 5276 2470 2842 0 0
1779 T 2839 2372 5269 0 0
1779 T 5271 5325 617 0 0
1779 T 1791 5250 5341 0 0
1779 T 5343 5239 1701 0 0
1779 T 5046 5237 5250 0 0
1779 T 4527 5209 5341 0 0
1779 T 5344 5208 4605 0 0
1779 T 5315 3606 5345 0 0
1779 T 5347 4255 5262 0 0
1779 T 5259 4193 5346 0 0
1779 T 5348 3603 5321 0 0
1779 T 5347 5296 4446 0 0
1779 T 4340 5298 5346 0 0
1779 T 5096 5272 5349 0 0
1779 T 5340 2371 5094 0 0
1779 T 5351 2838 5338 0 0
1779 T 5076 2469 5334 0 0
1779 T 5336 2843 5353 0 0
1779 T 5355 5273 5074 0 0
1779 T 5215 5179 69 0 0
1779 T 5183 5220 68 0 0
1779 T 5372 4963 5218 0 0
1779 T 5215 4966 5362 0 0
1779 T 5288 5308 5277 0 0
1779 T 5333 674 5340 0 0
1779 T 5232 5311 2013 0 0
1779 T 1899 5312 5226 0 0
1779 T 5306 5310 5311 0 0
1779 T 5319 5363 5254 0 0
1779 T 5372 5328 5243 0 0
1779 T 5388 5319 5073 0 0
1779 T 5328 5383 5096 0 0
1779 T 5347 1639 5365 0 0
1779 T 5367 4856 4446 0 0
1779 T 4340 4882 5358 0 0
1779 T 5360 1634 5346 0 0
1779 T 5376 5374 5376 -1 0
1779 T 5304 5302 5304 -1 0
1779 T 5400 5398 5400 -1 0
1779 T 5404 5402 5404 -1 0
1779 T 5410 5412 5410 1 0
1779 T 5428 5426 5428 0 0
1779 T 5434 5436 5434 1 0
1779 U 23 1 2 0 0
1779 U 5 1 1 -1 0
1779 U 26 2 1 1 0
1779 U 66 2 1 0 0
1779 U 2482 3 5 0 0
1779 U 1751 6 3 0 0
1779 U 8 5 6 0 0
1779 U 2611 3 3 0 0
1779 U 92 6 3 0 0
1779 U 9 4 3 0 0
1779 U 38 3 4 0 0
1779 U 20 6 5 0 0
1779 U 94 7 10 0 0
1779 U 2738 7 7 0 0
1779 U 1839 10 7 0 0
1779 U 34 8 7 0 0
1779 U 10 7 8 0 0
1779 U 2383 9 7 0 0
1779 U 7 10 9 0 0
1779 U 21 9 10 0 0
1779 U 2105 11 15 0 0
1779 U 248 16 11 0 0
1779 U 48 15 16 0 0
1779 U 3344 15 11 0 0
1779 U 28 16 15 0 0
1779 U 2111 19 11 0 0
1779 U 302 15 19 0 0
1779 U 256 13 11 0 0
1779 U 3380 19 13 0 0
1779 U 3340 19 11 0 0
1779 U 2137 13 19 0 0
1779 U 2143 17 13 0 0
1779 U 312 19 17 0 0
1779 U 4355 18 13 0 0
1779 U 12 17 18 0 0
1779 U 43 14 13 1 0
1779 U 3375 18 14 0 0
1779 U 2177 21 29 0 0
1779 U 3243 25 21 0 0
1779 U 300 29 25 0 0
1779 U 252 26 21 0 0
1779 U 30 25 26 0 0
1779 U 2175 25 21 0 0
1779 U 46 26 25 0 0
1779 U 3239 29 21 0 0
1779 U 260 23 21 0 0
1779 U 2207 29 23 0 0
1779 U 3277 23 29 0 0
1779 U 3275 27 23 0 0
1779 U 308 29 27 0 0
1779 U 43 24 23 0 0
1779 U 4463 27 24 0 0
1779 U 2211 27 23 0 0
1779 U 11 28 27 0 0
1779 U 73 31 32 0 0
1779 U 5351 33 31 0 0
1779 U 605 32 33 0 0
1779 U 5383 38 31 0 0
1779 U 618 33 38 0 0
1779 U 5128 35 31 0 0
1779 U 5372 38 35 0 0
1779 U 5032 36 31 0 0
1779 U 49 35 36 0 0
1779 U 2439 38 31 0 0
1779 U 637 36 38 0 0
1779 U 3851 33 31 0 0
1779 U 36 33 34 0 0
1779 U 68 36 35 0 0
1779 U 71 39 40 0 0
1779 U 604 42 39 0 0
1779 U 5353 40 42 0 0
1779 U 3924 41 39 0 0
1779 U 32 42 41 0 0
1779 U 2339 46 39 0 0
1779 U 622 41 46 0 0
1779 U 5019 44 39 0 0
1779 U 635 46 44 0 0
1779 U 5124 43 39 0 0
1779 U 51 44 43 0 0
1779 U 5388 46 39 0 0
1779 U 5361 43 46 0 0
1779 U 69 44 43 0 0
1779 U 2533 47 54 0 0
1779 U 1148 50 47 0 0
1779 U 4443 54 50 0 0
1779 U 4416 56 47 0 0
1779 U 2570 50 56 0 0
1779 U 2539 62 47 0 0
1779 U 1361 56 62 0 0
1779 U 1156 61 47 0 0
1779 U 57 62 61 0 0
1779 U 4412 52 47 0 0
1779 U 2592 61 52 0 0
1779 U 1241 52 54 0 0
1779 U 2575 57 49 0 0
1779 U 1306 53 57 0 0
1779 U 1228 64 49 0 0
1779 U 4482 57 64 0 0
1779 U 4440 56 49 0 0
1779 U 2624 64 56 0 0
1779 U 13 56 55 1 0
1779 U 5189 51 59 0 0
1779 U 2619 59 53 0 0
1779 U 1252 64 51 0 0
1779 U 4497 62 64 0 0
1779 U 4460 60 51 0 0
1779 U 2644 64 60 0 0
1779 U 63 60 59 0 0
1779 U 4488 59 57 0 0
1779 U 40 58 57 0 0
1779 U 1375 59 58 0 0
1779 U 2665 65 80 0 0
1779 U 4307 74 65 0 0
1779 U 1367 80 74 0 0
1779 U 1152 68 65 0 0
1779 U 2699 74 68 0 0
1779 U 2663 72 65 0 0
1779 U 4334 68 72 0 0
1779 U 4303 70 65 0 0
1779 U 1239 72 70 0 0
1779 U 1160 79 65 0 0
1779 U 2717 70 79 0 0
1779 U 55 79 80 0 0
1779 U 2702 67 75 0 0
1779 U 1312 75 71 0 0
1779 U 4331 74 67 0 0
1779 U 14 73 74 0 0
1779 U 1224 82 67 0 0
1779 U 2749 74 82 0 0
1779 U 4375 82 75 0 0
1779 U 5196 77 69 0 0
1779 U 2746 71 77 0 0
1779 U 4351 78 69 0 0
1779 U 64 77 78 0 0
1779 U 1248 82 69 0 0
1779 U 2769 78 82 0 0
1779 U 4392 82 80 0 0
1779 U 4377 75 77 0 0
1779 U 1372 78 75 0 0
1779 U 41 76 75 0 0
1779 Q 168 3536 98 3534 0 0 1 0 0 0
1779 Q 0 1520 81 1522 0 0 0 0 0 0
1779 Q 83 1641 83 1641 0 0 0 0 0 0
1779 Q 76 1628 1 1630 0 0 0 0 -1 0
1779 Q 1682 2 1682 2 0 0 0 0 0 0
1779 Q 76 3996 76 3996 0 0 0 0 -1 0
1779 Q 222 1212 185 1211 0 0 0 0 0 0
1779 Q 354 1393 169 1391 0 0 0 0 0 0
1779 Q 326 3436 82 3434 0 0 0 0 0 0
1779 Q 1042 356 1044 1418 0 0 0 0 -1 0
1779 Q 1168 351 1162 1076 0 0 0 0 0 0
1779 Q 1415 142 1416 349 0 0 0 0 0 0
1779 Q 102 1280 644 1282 0 0 0 0 0 0
1779 Q 0 2784 4 2786 0 0 0 0 0 0
1779 Q 2655 197 2525 0 0 0 0 0 0 0
1779 Q 6 2305 199 2260 0 0 0 0 0 0
1779 Q 3 3616 767 3614 0 0 0 0 0 0
1779 Q 1532 223 1526 0 0 0 0 0 0 0
1779 Q 1 1670 172 1676 0 0 -1 1 0 1
1779 Q 1054 1144 1054 1144 0 0 0 0 0 0
1779 Q 1086 296 1086 296 0 0 0 0 0 0
1779 Q 446 940 349 942 0 0 0 0 0 0
1779 Q 1054 1136 75 1138 -1 0 0 0 0 0
1779 Q 0 3416 104 3418 0 0 0 0 0 0
1779 Q 102 2290 337 2244 0 0 0 0 0 0
1779 Q 2299 200 2249 168 0 0 0 0 0 0
1779 Q 98 2724 198 2593 0 0 0 0 0 0
1779 Q 326 1711 143 1797 0 0 0 0 0 0
1779 Q 3093 82 3188 141 0 0 0 0 0 0
1779 Q 166 35 167 31 0 0 0 0 0 0
1779 Q 102 3267 2 3366 0 0 0 0 0 0
1779 Q 2203 484 2133 104 0 0 0 0 0 0
1779 Q 3619 2 3621 4 0 0 0 0 0 0
1779 Q 326 3440 98 3442 0 0 0 0 0 0
1779 Q 100 3000 143 2933 0 0 0 0 0 0
1779 Q 1827 565 1737 100 0 0 0 0 0 0
1779 Q 82 3295 4 3394 0 0 0 0 0 0
1779 Q 3994 1205 185 1203 0 0 0 0 0 0
1779 Q 4898 368 1115 370 0 0 0 0 0 0
1779 Q 521 4899 522 600 0 0 0 0 0 0
1779 Q 166 876 1644 878 0 0 0 0 0 0
1779 Q 3078 99 3171 1644 0 0 0 0 0 0
1779 Q 1995 1116 1877 600 0 0 0 0 0 0
1779 Q 82 2312 1113 2261 0 0 0 0 0 0
1779 Q 338 3336 211 3233 0 0 0 0 0 0
1779 Q 4005 3118 211 3211 0 0 0 0 0 0
1779 Q 1683 1974 1113 2091 0 0 0 0 0 0
1779 Q 3428 3 3422 3984 0 0 0 0 0 0
1779 Q 3982 3432 2 3430 0 -1 0 0 1 0
1779 Q 0 3424 4712 3426 0 0 0 0 0 0
1779 Q 4979 211 4998 98 0 0 0 0 0 0
1779 Q 0 3982 0 3982 0 0 0 0 0 0
1779 Q 45 1108 47 1105 0 0 0 0 0 0
1779 Q 3 4712 3 4712 0 0 0 0 0 0
1779 Q 3116 1515 3205 1037 0 0 0 0 0 0
1779 Q 186 4952 186 4952 0 0 0 0 0 0
1779 Q 4950 1204 75 1206 0 0 0 0 0 0
1779 Q 351 5170 5 5176 0 0 0 0 0 0
1779 Q 4 42 5 40 0 0 0 0 0 0
1779 Q 5158 100 5158 100 0 0 0 0 0 0
1779 Q 3172 83 3077 5160 0 0 0 0 0 0
1779 Q 76 4472 5187 4361 0 0 0 0 -1 0
1779 Q 2390 5185 2491 1 0 0 0 0 0 0
1779 Q 60 4 62 5 0 0 0 0 0 0
1779 Q 184 5187 178 5224 0 0 0 0 0 0
1779 Q 5222 3160 76 3065 0 0 0 0 0 0
1779 Q 5187 2396 5305 2493 0 0 0 0 0 0
1779 Q 0 1863 5267 1977 0 0 0 0 0 0
1779 Q 4881 5265 4856 81 0 0 0 0 0 0
1779 Q 223 4435 5267 4326 0 0 0 0 0 0
1779 Q 74 673 71 676 0 0 0 0 0 0
1779 Q 5374 612 5267 614 0 0 0 0 0 0
1779 Q 3131 223 3037 5376 0 0 0 0 0 0
1779 Q 1556 5301 1550 1456 0 0 0 0 0 0
1779 Q 979 78 973 5303 0 0 0 0 0 0
1779 Q 1114 5332 1114 5332 0 0 0 0 0 0
1779 Q 5330 2092 2 1973 0 0 0 0 0 0
1779 Q 4896 5329 4865 172 0 0 0 0 0 0
1779 Q 5398 192 5396 194 0 0 0 0 0 0
1779 Q 4448 5267 4337 5400 0 0 0 0 0 0
1779 Q 5394 2022 5265 1908 0 0 0 0 0 0
1779 Q 5367 81 5357 5400 0 0 0 0 0 0
1779 Q 5374 3136 5394 3041 0 0 0 0 0 0
1779 Q 5347 1420 5345 5400 0 0 1 0 0 0
1779 Q 5378 1092 5329 1094 0 0 0 0 0 0
1779 Q 2508 172 2405 5380 0 0 0 0 0 0
1779 Q 1454 4408 5379 4297 0 0 0 0 0 0
1779 Q 5398 2464 5402 2361 0 0 0 0 0 0
1779 Q 1961 5404 2079 5396 0 0 0 0 0 0
1779 Q 1454 3031 5390 3121 0 0 0 0 0 0
1779 Q 1097 5379 1103 5392 0 0 0 0 0 0
1779 Q 5301 3971 5390 3898 0 0 0 0 0 0
1779 Q 5402 24 5403 25 0 0 0 0 0 0
1779 Q 5406 600 5406 600 0 0 0 0 0 0
1779 Q 1995 5332 1877 5408 0 0 0 0 0 0
1779 Q 4315 5377 4422 5408 0 0 0 0 0 0
1779 Q 5156 5411 5149 5380 0 0 0 0 0 0
1779 Q 5391 3112 5409 3201 0 0 0 0 0 0
1779 Q 5406 1875 5413 1989 0 0 0 0 0 0
1779 Q 353 5415 353 5415 0 0 0 0 0 0
1779 Q 4876 5418 4845 5408 0 0 0 0 0 0
1779 Q 5412 3150 5420 3059 0 0 0 0 0 0
1779 Q 5413 346 5418 344 0 0 0 0 0 0
1779 Q 5422 200 5422 200 0 0 0 0 0 0
1779 Q 2055 5416 1937 5424 0 0 0 0 0 0
1779 Q 5418 3148 5423 3053 0 0 0 0 0 0
1779 Q 5430 104 5430 104 0 0 0 0 0 0
1779 Q 2039 5421 1921 5432 0 0 0 0 0 0
1779 Q 5418 2347 5428 2445 0 0 0 0 0 0
1779 Q 201 5423 207 5426 0 0 0 0 0 0
1779 Q 5430 1919 5434 2033 0 0 0 0 0 0
1779 Q 3 5436 3 5436 0 0 0 0 0 0
1779 Q 2375 5426 2474 5432 0 0 0 0 0 0
1779 Q 5435 65 5436 66 0 0 0 0 1 0
