0
0 d=579
0
579 A 5 0 -1 2 1 -2
579 A 7 0 2 3 -2 -3
579 A 10 0 -1 2 1 -2
579 A 11 0 5 1 -5 -1
579 A -1 1 59 0 -59 0
579 A 0 1 59 0 -59 0
579 A -2 1 48 1 -48 -1
579 A 1 1 -49 1 49 -1
579 A -5 1 66 2 -66 -2
579 A -5 1 29 1 -29 -1
579 A 4 1 -30 1 30 -1
579 A 4 1 -68 2 68 -2
579 A -6 1 64 2 -64 -2
579 A 5 1 -66 2 66 -2
579 A -7 1 53 2 -53 -2
579 A 6 1 -55 2 55 -2
579 A 14 0 5 4 -5 -4
579 A -13 1 33 4 -33 -4
579 A 12 1 -37 4 37 -4
579 A 22 0 -5 10 5 -10
579 A -1 2 -96 1 96 -1
579 A 5 0 2 1 2 1
579 A 4 0 1 1 2 -1
579 A 4 0 -1 1 0 1
579 A 5 0 -3 2 2 -1
579 A 5 0 1 2 -1 -1
579 A 6 0 2 1 -3 1
579 A 6 0 -1 1 0 1
579 A 7 0 3 1 1 -2
579 A 7 0 -3 1 -3 2
579 A 7 0 -3 3 0 1
579 A 7 0 2 1 1 2
579 A 7 0 -2 2 0 -2
579 A 7 0 -2 3 -1 3
579 A 7 0 -1 1 0 3
579 A 8 0 -5 3 -2 1
579 A 8 0 3 1 4 -3
579 A 8 0 -3 1 -2 -1
579 A 8 0 -3 3 0 3
579 A 8 0 2 3 1 1
579 A 8 0 -2 3 1 -3
579 A 8 0 1 3 4 -1
579 A 8 0 -1 1 0 1
579 A 9 0 -5 2 3 2
579 A 9 0 -4 1 3 -2
579 A 9 0 -4 4 0 -2
579 A 9 0 -6 4 2 4
579 A 9 0 3 1 -1 -2
579 A 9 0 -3 1 -1 4
579 A 9 0 -3 4 2 1
579 A 9 0 -2 2 0 -4
579 A 9 0 -1 1 0 1
579 A 10 0 -6 3 1 1
579 A 10 0 -4 1 -1 3
579 A 10 0 -4 3 -1 -3
579 A 10 0 3 3 -2 1
579 A 10 0 3 1 -2 3
579 A 10 0 -3 1 2 1
579 A 11 0 -6 5 1 5
579 A 11 0 -6 3 1 1
579 A 11 0 -6 2 -4 -2
579 A 11 0 -5 2 3 2
579 A 11 0 -5 3 4 -5
579 A 11 0 -5 4 3 1
579 A 11 0 -5 5 0 -1
579 A 11 0 -7 5 -1 3
579 A 11 0 -7 4 4 -2
579 A 11 0 4 3 2 -4
579 A 11 0 -4 1 1 4
579 A 11 0 -4 4 0 -4
579 A 11 0 3 5 -1 2
579 A 11 0 3 4 -2 -2
579 A 11 0 3 3 -2 1
579 A 11 0 -3 1 3 -4
579 A 11 0 -3 3 0 2
579 A 11 0 2 5 -2 3
579 A 11 0 2 3 1 -5
579 A 11 0 2 1 1 -4
579 A 11 0 -2 2 0 3
579 A 11 0 -1 1 0 -5
579 A 12 0 5 1 6 -5
579 A 12 0 -5 5 0 5
579 A 12 0 -8 5 3 5
579 A 12 0 -4 1 3 1
579 A 12 0 -3 1 2 -5
579 A 12 0 -3 5 -2 -1
579 A 12 0 1 5 6 -1
579 A 12 0 -1 1 0 1
579 A -1 1 57 0 -28 0
579 A -1 1 56 0 44 0
579 A -1 1 43 0 -27 0
579 A -1 1 33 0 -22 0
579 A -1 1 31 0 14 0
579 A 0 1 57 0 -28 0
579 A 0 1 56 0 44 0
579 A 0 1 43 0 -27 0
579 A 0 1 33 0 -22 0
579 A 0 1 31 0 14 0
579 A -2 1 51 1 59 1
579 A -2 1 63 1 50 1
579 A -2 1 62 1 60 1
579 A -2 1 46 0 -16 0
579 A -2 1 34 0 -13 0
579 A -2 1 32 0 -23 0
579 A -2 1 26 0 -17 0
579 A -2 1 22 0 20 0
579 A -2 1 47 0 25 0
579 A -2 1 43 0 41 0
579 A 1 1 47 0 25 0
579 A 1 1 46 0 -16 0
579 A 1 1 43 0 41 0
579 A 1 1 34 0 -13 0
579 A 1 1 32 0 -23 0
579 A 1 1 26 0 -17 0
579 A 1 1 22 0 20 0
579 A 1 1 -51 1 -64 1
579 A 1 1 -52 1 -60 1
579 A 1 1 -61 1 -63 1
579 A -3 1 65 1 -20 0
579 A -3 1 32 1 66 1
579 A -3 1 23 0 -43 -1
579 A -3 1 55 1 13 0
579 A 2 1 13 0 56 -1
579 A 2 1 23 0 -44 1
579 A 2 1 -33 1 -67 1
579 A 2 1 -66 1 20 0
579 A -4 1 30 1 56 1
579 A -4 1 15 0 -21 0
579 A -4 1 64 2 -20 -1
579 A -4 1 44 1 -32 -1
579 A 3 1 -31 1 -57 1
579 A 3 1 -45 1 33 -1
579 A 3 1 21 0 -15 0
579 A 3 1 -21 1 66 -2
579 A -5 1 57 2 27 1
579 A -5 1 47 1 -63 -2
579 A -5 1 32 1 -48 -2
579 A -5 1 17 0 -58 -2
579 A -5 1 51 2 -41 -1
579 A -5 1 26 1 -16 0
579 A -5 1 21 1 14 1
579 A -5 1 24 1 -64 -2
579 A -5 1 49 2 -14 0
579 A -5 1 54 2 -44 -1
579 A -5 1 33 1 13 0
579 A 4 1 14 0 -51 2
579 A 4 1 -22 1 -15 1
579 A 4 1 -34 1 -13 0
579 A 4 1 -42 1 53 -2
579 A 4 1 -50 2 33 -1
579 A 4 1 -66 2 25 -1
579 A 4 1 17 0 -60 2
579 A 4 1 -45 1 56 -2
579 A 4 1 -65 2 48 -1
579 A 4 1 16 0 -27 1
579 A 4 1 -28 1 -59 2
579 A 13 0 -7 5 -2 -5
579 A 13 0 -7 4 3 4
579 A 13 0 6 1 -4 -5
579 A 13 0 -6 1 3 -2
579 A 13 0 -6 4 3 6
579 A 13 0 -6 5 -3 -2
579 A 13 0 -8 5 -4 2
579 A 13 0 -8 4 -4 -4
579 A 13 0 5 3 3 -6
579 A 13 0 5 1 -1 -2
579 A 13 0 -5 2 -1 -5
579 A 13 0 -5 3 1 -5
579 A 13 0 -9 6 2 4
579 A 13 0 -4 5 -2 -3
579 A 13 0 3 5 2 2
579 A 13 0 -1 2 -2 4
579 A -6 1 39 2 18 1
579 A -6 1 40 2 31 1
579 A -6 1 28 1 30 1
579 A -6 1 20 1 62 2
579 A -6 1 41 2 27 1
579 A -6 1 41 1 55 2
579 A -6 1 17 1 32 1
579 A -6 1 11 1 60 2
579 A -6 1 12 1 56 2
579 A 5 1 -58 2 -13 1
579 A 5 1 -33 1 -18 1
579 A 5 1 -28 1 -43 2
579 A 5 1 -12 1 -62 2
579 A 5 1 -32 1 -42 2
579 A 5 1 -42 1 -57 2
579 A 5 1 -64 2 -21 1
579 A 5 1 -29 1 -31 1
579 A 5 1 -41 2 -19 1
579 A -7 1 55 2 63 3
579 A -7 1 8 1 -18 -1
579 A -7 1 36 2 65 3
579 A -7 1 43 2 61 3
579 A -7 1 11 1 -38 -2
579 A -7 1 9 1 28 1
579 A -7 1 14 0 33 1
579 A 6 1 -9 1 19 -1
579 A 6 1 -45 2 -64 3
579 A 6 1 -57 2 -66 3
579 A 6 1 -34 1 -14 0
579 A 6 1 -38 2 -68 3
579 A 6 1 -29 1 -10 1
579 A 6 1 -12 1 40 -2
579 A 14 0 -2 3 -1 3
579 A -8 1 30 2 59 3
579 A -8 1 64 3 -8 -1
579 A -8 1 43 2 -68 -3
579 A 7 1 -62 3 -32 2
579 A 7 1 -71 3 45 -2
579 A 7 1 -67 3 9 -1
579 A -9 1 51 3 -37 -3
579 A -9 1 42 2 29 2
579 A -9 1 24 1 28 2
579 A 8 1 -44 2 -31 2
579 A 8 1 -54 3 40 -3
579 A 8 1 -25 1 -30 2
579 A -10 1 14 1 -29 -2
579 A 9 1 -31 2 15 -1
579 A -11 1 15 1 27 2
579 A 10 1 -16 1 -29 2
579 A 18 0 -11 5 6 5
579 A -16 1 62 7 -40 -4
579 A 15 1 -44 4 69 -7
579 A 22 0 -10 5 5 5
579 A 23 0 -15 8 7 8
579 A 28 0 -15 3 12 3
579 A 37 0 -12 6 6 6
579 A 46 0 15 15 -30 15
579 S -2 2 5 0
579 S -1 1 5 0
579 S -4 2 7 0
579 S -2 1 7 0
579 S 1 3 7 0
579 S -6 4 11 0
579 S 4 1 11 0
579 S -3 2 11 0
579 S -2 5 11 0
579 S 1 3 11 0
579 S -5 1 11 0
579 S -4 3 11 0
579 S -3 5 11 0
579 S 2 4 11 0
579 S 1 2 11 0
579 S -4 3 7 0
579 S 2 2 7 0
579 S 1 1 7 0
579 S 0 2 5 0
579 S 0 1 5 0
579 T 8 304 448 0 0
579 T 452 299 7 0 0
579 T 450 297 454 0 0
579 T 299 295 304 0 0
579 T 294 292 294 -1 0
579 T 285 288 310 0 0
579 T 311 313 311 0 0
579 T 338 519 687 0 0
579 T 698 538 338 0 0
579 T 514 17 699 0 0
579 T 689 512 7 0 0
579 T 704 61 538 0 0
579 T 59 701 519 0 0
579 T 499 514 519 0 0
579 T 509 532 539 0 0
579 T 677 657 653 0 0
579 T 655 667 661 0 0
579 T 82 820 675 0 0
579 T 655 82 830 0 0
579 T 820 405 657 0 0
579 T 828 419 677 0 0
579 T 81 91 75 0 0
579 T 85 99 95 0 0
579 T 78 91 88 0 0
579 T 95 97 95 0 0
579 T 494 739 79 0 0
579 T 77 178 492 0 0
579 T 739 176 91 0 0
579 T 156 176 758 0 0
579 T 756 735 98 0 0
579 T 735 190 160 0 0
579 T 194 188 176 0 0
579 T 173 193 183 0 0
579 T 65 50 59 0 0
579 T 836 782 832 0 0
579 T 332 27 838 0 0
579 T 352 779 334 0 0
579 T 834 25 354 0 0
579 T 324 94 262 0 0
579 T 580 175 326 0 0
579 T 319 573 181 0 0
579 T 506 160 368 0 0
579 T 144 359 508 0 0
579 T 578 400 158 0 0
579 T 560 424 163 0 0
579 T 866 864 866 -1 0
579 T 475 800 79 0 0
579 T 77 226 477 0 0
579 T 800 224 91 0 0
579 T 612 588 628 0 0
579 T 597 644 623 0 0
579 T 594 617 616 0 0
579 T 637 593 605 0 0
579 T 602 613 596 0 0
579 T 609 646 587 0 0
579 T 630 63 828 0 0
579 T 830 484 614 0 0
579 T 484 65 588 0 0
579 T 408 440 280 0 0
579 T 219 461 374 0 0
579 T 211 81 464 0 0
579 T 466 130 725 0 0
579 T 557 128 81 0 0
579 T 472 193 491 0 0
579 T 78 189 474 0 0
579 T 736 649 83 0 0
579 T 99 647 757 0 0
579 T 100 730 308 0 0
579 T 730 132 751 0 0
579 T 753 86 283 0 0
579 T 554 543 561 0 0
579 T 580 568 584 0 0
579 T 541 298 552 0 0
579 T 570 290 512 0 0
579 T 559 3 507 0 0
579 T 506 576 3 0 0
579 T 165 787 551 0 0
579 T 784 142 569 0 0
579 T 787 426 544 0 0
579 T 252 268 280 0 0
579 T 274 242 218 0 0
579 T 239 258 238 0 0
579 T 274 234 202 0 0
579 T 222 279 196 0 0
579 T 229 208 247 0 0
579 T 245 275 223 0 0
579 T 226 266 196 0 0
579 T 210 205 204 0 0
579 T 200 212 221 0 0
579 T 251 231 255 0 0
579 T 261 245 265 0 0
579 T 408 54 254 0 0
579 T 268 52 442 0 0
579 T 698 706 716 0 0
579 T 692 704 722 0 0
579 T 844 186 696 0 0
579 T 718 351 846 0 0
579 T 186 353 706 0 0
579 T 187 689 342 0 0
579 T 345 695 180 0 0
579 T 788 433 309 0 0
579 T 408 784 300 0 0
579 T 307 429 543 0 0
579 T 429 431 423 0 0
579 T 398 416 400 0 0
579 T 845 11 832 0 0
579 T 142 481 176 0 0
579 T 178 321 683 0 0
579 T 323 181 670 0 0
579 T 171 656 334 0 0
579 T 685 633 140 0 0
579 T 633 319 481 0 0
579 T 547 610 107 0 0
579 T 109 116 130 0 0
579 T 111 105 108 0 0
579 T 131 105 121 0 0
579 T 124 116 123 0 0
579 T 133 131 133 0 0
579 T 120 128 113 0 0
579 T 524 69 549 0 0
579 T 530 564 71 0 0
579 T 128 629 526 0 0
579 T 305 374 795 0 0
579 T 283 806 365 0 0
579 T 797 642 7 0 0
579 T 642 372 447 0 0
579 T 200 405 174 0 0
579 T 172 810 272 0 0
579 T 810 403 234 0 0
579 T 273 125 450 0 0
579 T 448 709 201 0 0
579 T 709 123 231 0 0
579 T 753 122 595 0 0
579 T 625 383 751 0 0
579 T 122 385 644 0 0
579 T 524 413 139 0 0
579 T 155 417 529 0 0
579 T 141 467 130 0 0
579 T 629 469 413 0 0
579 T 156 112 435 0 0
579 T 437 693 165 0 0
579 T 163 142 158 0 0
579 T 170 168 170 0 0
579 T 138 136 138 -1 0
579 T 153 145 161 0 0
579 T 148 150 148 1 0
579 T 142 691 112 0 0
579 T 168 831 837 0 0
579 T 781 779 781 0 0
579 T 621 23 440 0 0
579 T 461 29 619 0 0
579 T 328 490 648 0 0
579 T 650 479 350 0 0
579 T 341 180 535 0 0
579 T 521 187 346 0 0
579 T 537 89 608 0 0
579 T 610 444 339 0 0
579 T 444 87 180 0 0
579 T 453 633 410 0 0
579 T 784 631 7 0 0
579 T 315 319 325 0 0
579 T 668 571 317 0 0
579 T 682 16 568 0 0
579 T 684 580 316 0 0
579 T 344 342 338 0 0
579 T 110 485 152 0 0
579 T 154 678 113 0 0
579 T 678 483 105 0 0
579 T 358 59 227 0 0
579 T 429 293 356 0 0
579 T 249 65 427 0 0
579 T 52 371 199 0 0
579 T 709 639 54 0 0
579 T 396 578 528 0 0
579 T 390 566 504 0 0
579 T 875 877 875 1 0
579 T 389 68 395 0 0
579 T 762 435 109 0 0
579 T 106 156 760 0 0
579 T 682 307 13 0 0
579 T 582 65 680 0 0
579 T 8 570 686 0 0
579 T 573 64 656 0 0
579 T 65 745 307 0 0
579 T 498 605 443 0 0
579 T 90 791 496 0 0
579 T 791 181 605 0 0
579 T 330 625 540 0 0
579 T 601 350 553 0 0
579 T 399 616 185 0 0
579 T 171 615 369 0 0
579 T 201 334 819 0 0
579 T 167 843 840 0 0
579 T 842 670 173 0 0
579 T 670 695 591 0 0
579 T 542 806 146 0 0
579 T 154 797 511 0 0
579 T 531 361 806 0 0
579 T 767 57 734 0 0
579 T 57 853 855 0 0
579 T 49 750 763 0 0
579 T 62 763 597 0 0
579 T 64 597 750 0 0
579 T 86 330 144 0 0
579 T 146 490 737 0 0
579 T 672 51 634 0 0
579 T 452 253 674 0 0
579 T 360 147 423 0 0
579 T 402 168 368 0 0
579 T 701 287 680 0 0
579 T 267 89 435 0 0
579 T 515 109 89 0 0
579 T 162 122 725 0 0
579 T 566 380 160 0 0
579 T 548 378 152 0 0
579 T 380 250 122 0 0
579 T 56 53 52 0 0
579 T 56 58 56 0 0
579 T 621 770 54 0 0
579 T 733 621 53 0 0
579 T 94 277 343 0 0
579 T 345 245 801 0 0
579 T 836 12 840 0 0
579 T 868 870 868 1 0
579 T 415 229 105 0 0
579 T 498 263 76 0 0
579 T 91 265 791 0 0
579 T 383 815 694 0 0
579 T 812 394 703 0 0
579 T 815 88 704 0 0
579 T 89 812 693 0 0
579 T 406 847 392 0 0
579 T 847 42 43 0 0
579 T 714 625 285 0 0
579 T 84 804 625 0 0
579 T 102 787 601 0 0
579 T 348 163 100 0 0
579 T 1 2 1 0 0
579 T 452 255 126 0 0
579 T 674 117 707 0 0
579 T 672 231 126 0 0
579 T 489 641 342 0 0
579 T 187 151 487 0 0
579 T 151 689 641 0 0
579 T 730 106 595 0 0
579 T 286 701 14 0 0
579 T 626 377 747 0 0
579 T 65 375 643 0 0
579 T 68 70 68 -1 0
579 T 73 71 73 0 0
579 T 850 848 850 -1 0
579 T 4 6 4 0 0
579 T 243 605 670 0 0
579 T 697 637 245 0 0
579 T 51 459 212 0 0
579 T 80 455 180 0 0
579 T 182 637 801 0 0
579 T 637 457 476 0 0
579 T 473 107 218 0 0
579 T 130 492 238 0 0
579 T 159 463 114 0 0
579 T 675 465 145 0 0
579 T 121 693 470 0 0
579 T 468 818 643 0 0
579 T 357 365 361 0 0
579 T 370 382 388 0 0
579 T 533 283 355 0 0
579 T 257 824 185 0 0
579 T 183 392 253 0 0
579 T 231 394 824 0 0
579 T 166 757 482 0 0
579 T 307 666 600 0 0
579 T 812 267 163 0 0
579 T 476 195 496 0 0
579 T 80 628 572 0 0
579 T 457 322 628 0 0
579 T 334 840 662 0 0
579 T 420 602 729 0 0
579 T 103 611 422 0 0
579 T 808 3 825 0 0
579 T 144 220 332 0 0
579 T 819 211 146 0 0
579 T 414 601 763 0 0
579 T 60 612 412 0 0
579 T 792 324 244 0 0
579 T 776 188 94 0 0
579 T 607 485 378 0 0
579 T 283 773 60 0 0
579 T 251 812 354 0 0
579 T 352 163 279 0 0
579 T 590 470 60 0 0
579 T 62 818 608 0 0
579 T 776 471 89 0 0
579 U 62 5 4 0 0
579 U 335 4 5 0 0
579 U 715 5 5 0 0
579 U 7 3 4 0 0
579 U 499 4 6 0 0
579 U 18 3 4 0 0
579 U 11 5 6 0 0
579 U 25 6 5 0 0
579 U 31 12 11 0 0
579 U 9 11 12 0 0
579 U 432 12 12 0 0
579 U 80 10 8 0 0
579 U 405 8 8 0 0
579 U 651 8 10 0 0
579 U 663 10 12 0 0
579 U 102 12 10 0 0
579 U 421 10 10 0 0
579 U 41 8 7 0 0
579 U 39 7 8 1 0
579 U 531 14 15 0 0
579 U 773 15 17 0 0
579 U 230 17 14 0 0
579 U 528 17 20 0 0
579 U 762 20 14 0 0
579 U 515 14 21 0 0
579 U 267 21 20 0 0
579 U 277 21 17 0 0
579 U 520 17 16 0 0
579 U 776 16 21 0 0
579 U 218 16 14 0 0
579 U 24 19 20 0 0
579 U 770 20 22 0 0
579 U 37 13 14 0 0
579 U 14 16 15 0 0
579 U 851 20 21 0 0
579 U 45 19 20 0 0
579 U 21 1 2 0 0
579 U 4 2 2 0 0
579 U 19 2 1 1 0
579 U 48 2 1 0 0
579 U 29 27 28 0 0
579 U 733 28 26 0 0
579 U 212 26 27 0 0
579 U 741 25 24 0 0
579 U 236 24 30 0 0
579 U 557 30 25 0 0
579 U 45 27 28 0 0
579 U 856 26 27 0 0
579 U 724 29 27 0 0
579 U 546 30 23 0 0
579 U 36 29 30 0 0
579 U 260 26 32 0 0
579 U 582 32 23 0 0
579 U 744 23 31 0 0
579 U 14 24 23 -1 0
579 U 248 30 31 0 0
579 U 566 31 28 0 0
579 U 386 37 37 0 0
579 U 87 37 35 0 0
579 U 719 35 37 0 0
579 U 366 33 33 0 0
579 U 83 33 37 0 0
579 U 713 37 33 0 0
579 U 394 35 35 0 0
579 U 39 35 36 0 0
579 U 44 36 35 0 0
579 U 33 33 34 0 0
579 U 10 34 33 -1 0
579 U 65 42 39 0 0
579 U 316 39 42 0 0
579 U 659 42 42 0 0
579 U 585 39 41 0 0
579 U 15 40 39 0 0
579 U 12 42 41 0 0
579 U 27 41 42 0 0
579 U 8 40 39 0 0
579 Q 591 576 96 504 0 0 0 0 0 0
579 Q 21 863 19 866 0 0 0 0 0 0
579 Q 314 372 135 410 0 0 0 0 0 0
579 Q 282 2 221 312 0 0 0 0 0 0
579 Q 137 461 1 440 0 0 0 0 0 0
579 Q 242 5 241 116 0 0 0 0 0 0
579 Q 23 2 29 1 -1 1 0 0 0 -1
579 Q 621 1 619 137 0 1 0 0 1 -1
579 Q 72 348 57 330 0 0 0 0 0 0
579 Q 650 4 648 74 0 0 0 0 0 0
579 Q 55 479 6 490 0 0 0 0 0 0
579 Q 372 859 410 0 0 0 0 0 0 0
579 Q 0 314 0 314 0 0 0 0 0 0
579 Q 135 861 135 861 0 0 0 0 0 0
579 Q 878 397 874 387 0 0 0 0 0 0
579 Q 542 0 551 57 0 0 0 0 0 0
579 Q 0 625 72 599 0 0 0 0 0 0
579 Q 425 195 362 865 0 0 0 0 0 0
579 Q 868 142 861 152 0 0 0 0 0 0
579 Q 513 97 567 870 0 0 0 0 0 0
579 Q 95 797 859 786 0 0 0 0 0 0
579 Q 526 869 547 871 0 0 0 0 0 0
579 Q 300 0 303 97 0 0 0 0 0 0
579 Q 150 266 58 224 0 0 0 0 0 0
579 Q 750 135 765 0 0 0 0 0 0 0
579 Q 206 69 205 50 0 0 1 0 0 0
579 Q 216 4 236 298 0 0 0 0 0 0
579 Q 37 3 35 6 0 0 0 0 0 0
579 Q 207 67 207 67 0 0 0 0 0 0
579 Q 498 2 478 68 0 0 0 0 0 0
579 Q 9 149 10 292 0 0 -1 0 1 0
579 Q 445 3 455 68 0 0 0 0 0 0
579 Q 117 322 5 340 0 0 0 0 0 0
579 Q 149 245 71 243 0 0 -1 0 0 0
579 Q 877 3 877 3 0 0 0 0 0 0
579 Q 873 71 873 71 0 0 0 0 0 0
579 Q 136 413 73 375 0 0 0 0 0 0
579 Q 377 871 411 862 0 0 0 0 0 0
579 Q 780 559 863 507 0 0 0 0 0 0
579 Q 133 167 133 167 0 0 0 0 0 0
579 Q 2 637 5 605 0 0 0 0 0 0
579 Q 147 34 150 32 0 0 0 0 0 0
579 Q 876 47 875 48 1 0 1 0 0 0
