1219 A 5 0 1 -2 -1 2
1219 A 10 0 1 -2 -1 2
1219 A 13 0 3 -6 -3 6
1219 A -1 1 -121 0 121 0
1219 A 0 1 -121 0 121 0
1219 A -5 1 -46 -1 46 1
1219 A 4 1 47 -1 -47 1
1219 A -6 1 -60 -1 60 1
1219 A 5 1 61 -1 -61 1
1219 A 19 0 14 -9 -14 9
1219 A -9 1 -117 -3 117 3
1219 A 8 1 120 -3 -120 3
1219 A 20 0 1 -2 -1 2
1219 A 20 0 11 -2 -11 2
1219 A 26 0 3 -6 -3 6
1219 A -1 2 -160 0 160 0
1219 A 5 0 3 -1 3 -1
1219 A 7 0 1 -2 1 -2
1219 A 9 0 5 -1 5 -1
1219 A 11 0 7 -3 7 -3
1219 A 13 0 2 -4 2 -4
1219 A 15 0 8 -1 8 -1
1219 A 15 0 2 -4 2 -4
1219 A 21 0 1 -2 1 -2
1219 A 21 0 13 -5 13 -5
1219 A 4 0 0 -1 1 -1
1219 A 4 0 -1 -1 -2 1
1219 A 5 0 -1 -1 1 2
1219 A 5 0 2 -1 -3 2
1219 A 6 0 0 -1 -1 1
1219 A 6 0 -1 -1 2 -1
1219 A 6 0 -2 -1 -3 1
1219 A 7 0 0 -1 2 -2
1219 A 7 0 1 -1 0 -2
1219 A 7 0 -1 -1 -2 1
1219 A 7 0 -2 -1 1 2
1219 A 7 0 3 -1 -3 2
1219 A 7 0 4 -1 2 3
1219 A 7 0 -2 -2 -1 -3
1219 A 7 0 4 -2 4 -3
1219 A 7 0 1 -3 -2 3
1219 A 7 0 0 -3 3 -3
1219 A 8 0 0 -1 1 -1
1219 A 8 0 -1 -1 -2 -3
1219 A 8 0 2 -1 5 -3
1219 A 8 0 -2 -1 -3 1
1219 A 8 0 -3 -1 -4 3
1219 A 8 0 4 -1 1 3
1219 A 8 0 1 -3 -2 3
1219 A 8 0 0 -3 3 -3
1219 A 9 0 0 -1 -1 1
1219 A 9 0 -1 -1 2 -1
1219 A 9 0 -2 -1 -3 -2
1219 A 9 0 3 -1 5 -2
1219 A 9 0 -3 -1 2 4
1219 A 9 0 4 -1 -6 4
1219 A 9 0 1 -2 -2 4
1219 A 9 0 0 -2 4 -4
1219 A 9 0 2 -2 0 -4
1219 A 9 0 -1 -2 -3 2
1219 A 9 0 -2 -2 1 4
1219 A 9 0 4 -2 -5 4
1219 A 9 0 1 -4 -3 4
1219 A 10 0 -1 -1 6 -3
1219 A 10 0 2 -1 -3 -3
1219 A 10 0 -2 -1 3 -1
1219 A 10 0 -3 -1 2 -3
1219 A 10 0 4 -1 1 -3
1219 A 10 0 -1 -3 -4 3
1219 A 11 0 0 -1 -4 4
1219 A 11 0 1 -1 0 4
1219 A 11 0 -1 -1 -2 1
1219 A 11 0 -2 -1 1 -4
1219 A 11 0 3 -1 3 -4
1219 A 11 0 -3 -1 -2 -5
1219 A 11 0 4 -1 7 -5
1219 A 11 0 -4 -1 -1 -2
1219 A 11 0 5 -1 3 -2
1219 A 11 0 6 -1 -1 2
1219 A 11 0 0 -2 -2 2
1219 A 11 0 -2 -2 -1 -5
1219 A 11 0 4 -2 6 -5
1219 A 11 0 -3 -2 -2 3
1219 A 11 0 5 -2 -1 3
1219 A 11 0 -4 -2 6 -2
1219 A 11 0 0 -3 -5 5
1219 A 11 0 3 -3 0 5
1219 A 11 0 -1 -3 -4 3
1219 A 11 0 -2 -3 1 -5
1219 A 11 0 5 -3 4 -5
1219 A 11 0 -3 -3 3 4
1219 A 11 0 6 -3 -7 4
1219 A 11 0 2 -4 8 -5
1219 A 11 0 -1 -4 5 -4
1219 A 11 0 -2 -4 -2 5
1219 A 11 0 6 -4 -3 5
1219 A 12 0 0 -1 5 -5
1219 A 12 0 1 -1 0 -5
1219 A 12 0 -1 -1 2 5
1219 A 12 0 2 -1 -7 5
1219 A 12 0 -2 -1 -3 1
1219 A 12 0 -3 -1 8 -5
1219 A 12 0 4 -1 -3 -5
1219 A 12 0 -4 -1 5 -1
1219 A 12 0 -5 -1 -6 1
1219 A 12 0 2 -5 -3 5
1219 A 12 0 1 -5 4 -5
1219 A 12 0 -1 -5 -6 5
1219 A 13 0 0 -1 -2 2
1219 A 13 0 1 -1 0 2
1219 A 13 0 -1 -1 -3 -5
1219 A 13 0 2 -1 8 -5
1219 A 13 0 -2 -1 -3 1
1219 A 13 0 -3 -1 -7 5
1219 A 13 0 4 -1 2 5
1219 A 13 0 -5 -1 -2 -4
1219 A 13 0 6 -1 6 -4
1219 A 13 0 7 -1 8 -3
1219 A 13 0 1 -2 4 5
1219 A 13 0 -1 -2 3 -2
1219 A 13 0 -2 -2 -8 4
1219 A 13 0 4 -2 4 4
1219 A 13 0 -4 -2 5 -6
1219 A 13 0 6 -2 1 -6
1219 A 13 0 -5 -2 1 -4
1219 A 13 0 7 -2 3 -4
1219 A 13 0 0 -3 -5 5
1219 A 13 0 3 -3 0 5
1219 A 13 0 -1 -3 -8 6
1219 A 13 0 4 -3 2 6
1219 A 13 0 -2 -3 -5 3
1219 A 13 0 -3 -3 -1 -6
1219 A 13 0 6 -3 7 -6
1219 A 13 0 -4 -3 5 -4
1219 A 13 0 7 -3 -1 -4
1219 A 13 0 0 -4 6 -6
1219 A 13 0 4 -4 0 -6
1219 A 13 0 2 -5 3 -5
1219 A 13 0 1 -5 -3 -6
1219 A 13 0 4 -5 9 -6
1219 A 14 0 0 -1 -5 5
1219 A 14 0 1 -1 0 5
1219 A 14 0 -1 -1 -2 1
1219 A 14 0 -2 -1 1 -5
1219 A 14 0 3 -1 4 -5
1219 A 14 0 -3 -1 2 3
1219 A 14 0 4 -1 -5 3
1219 A 14 0 -4 -1 -3 -5
1219 A 14 0 5 -1 8 -5
1219 A 14 0 -5 -1 -6 1
1219 A 14 0 -6 -1 -7 5
1219 A 14 0 7 -1 2 5
1219 A 14 0 1 -3 -2 3
1219 A 14 0 0 -3 3 -3
1219 A 14 0 -1 -3 -2 5
1219 A 14 0 4 -3 -3 5
1219 A 14 0 -3 -3 4 5
1219 A 14 0 6 -3 -9 5
1219 A 14 0 -4 -3 7 -3
1219 A 14 0 -5 -3 -8 3
1219 A 14 0 -1 -5 6 -5
1219 A 15 0 -1 -1 -4 2
1219 A 15 0 2 -1 2 2
1219 A 15 0 -2 -1 3 4
1219 A 15 0 3 -1 -7 4
1219 A 15 0 -3 -1 2 7
1219 A 15 0 4 -1 -9 7
1219 A 15 0 -6 -1 -4 7
1219 A 15 0 7 -1 -3 7
1219 A 15 0 1 -2 4 7
1219 A 15 0 -1 -2 6 -4
1219 A 15 0 3 -2 -2 -4
1219 A 15 0 -4 -2 -6 2
1219 A 15 0 -6 -2 1 -4
1219 A 15 0 8 -2 3 -4
1219 A 15 0 -4 -4 -1 -7
1219 A 15 0 8 -4 8 -7
1219 A 15 0 1 -7 -6 7
1219 A 16 0 0 -1 1 -1
1219 A 16 0 -1 -1 -10 5
1219 A 16 0 2 -1 5 5
1219 A 16 0 -2 -1 5 -7
1219 A 16 0 3 -1 2 -7
1219 A 16 0 -3 -1 4 -5
1219 A 16 0 4 -1 1 -5
1219 A 16 0 -4 -1 1 3
1219 A 16 0 5 -1 -4 3
1219 A 16 0 -5 -1 -6 1
1219 A 16 0 -6 -1 5 -3
1219 A 16 0 7 -1 -2 -3
1219 A 16 0 -7 -1 -8 7
1219 A 16 0 8 -1 1 7
1219 A 16 0 1 -3 -2 -5
1219 A 16 0 2 -3 7 -5
1219 A 16 0 0 -3 -5 5
1219 A 16 0 3 -3 0 5
1219 A 16 0 -3 -3 2 7
1219 A 16 0 6 -3 -9 7
1219 A 16 0 -4 -3 11 -7
1219 A 16 0 7 -3 -4 -7
1219 A 16 0 -5 -3 8 -3
1219 A 16 0 -6 -3 -9 3
1219 A 16 0 2 -5 1 -7
1219 A 16 0 3 -5 6 -7
1219 A 16 0 -1 -5 -6 5
1219 A 16 0 -3 -5 8 -5
1219 A 16 0 -4 -5 -3 7
1219 A 16 0 9 -5 -4 7
1219 A 16 0 0 -7 7 -7
1219 A 16 0 -3 -7 -10 7
1219 A 17 0 0 -1 -1 1
1219 A 17 0 -1 -1 2 -1
1219 A 17 0 -2 -1 4 -7
1219 A 17 0 3 -1 3 -7
1219 A 17 0 -3 -1 5 3
1219 A 17 0 4 -1 -8 3
1219 A 17 0 -4 -1 -6 8
1219 A 17 0 5 -1 -2 8
1219 A 17 0 -5 -1 -8 7
1219 A 17 0 6 -1 1 7
1219 A 17 0 -6 -1 1 -5
1219 A 17 0 7 -1 4 -5
1219 A 17 0 -7 -1 2 4
1219 A 17 0 8 -1 -6 4
1219 A 17 0 9 -1 3 -6
1219 A 17 0 1 -2 10 -3
1219 A 17 0 0 -2 8 -8
1219 A 17 0 2 -2 0 -8
1219 A 17 0 -1 -2 -3 2
1219 A 17 0 -2 -2 1 8
1219 A 17 0 4 -2 -9 8
1219 A 17 0 -3 -2 2 6
1219 A 17 0 5 -2 -8 6
1219 A 17 0 -4 -2 2 5
1219 A 17 0 6 -2 -7 5
1219 A 17 0 -5 -2 9 -5
1219 A 17 0 7 -2 -4 -5
1219 A 17 0 -6 -2 11 -7
1219 A 17 0 8 -2 -4 -7
1219 A 17 0 -7 -2 -1 4
1219 A 17 0 9 -2 -3 4
1219 A 17 0 1 -3 -11 8
1219 A 17 0 2 -3 3 8
1219 A 17 0 0 -3 -6 6
1219 A 17 0 3 -3 0 6
1219 A 17 0 -1 -3 6 4
1219 A 17 0 4 -3 -10 4
1219 A 17 0 -2 -3 5 -3
1219 A 17 0 -3 -3 -5 -6
1219 A 17 0 6 -3 11 -6
1219 A 17 0 -4 -3 -5 7
1219 A 17 0 7 -3 -2 7
1219 A 17 0 -6 -3 7 -8
1219 A 17 0 9 -3 1 -8
1219 A 17 0 2 -4 5 7
1219 A 17 0 0 -4 4 -4
1219 A 17 0 -1 -4 -2 5
1219 A 17 0 5 -4 -3 5
1219 A 17 0 -3 -4 -2 6
1219 A 17 0 7 -4 -4 6
1219 A 17 0 -4 -4 -8 4
1219 A 17 0 -5 -4 5 -6
1219 A 17 0 9 -4 1 -6
1219 A 17 0 0 -5 -7 7
1219 A 17 0 5 -5 0 7
1219 A 17 0 -1 -5 -3 -6
1219 A 17 0 6 -5 9 -6
1219 A 17 0 -3 -5 -8 5
1219 A 17 0 -5 -5 -3 -7
1219 A 17 0 10 -5 10 -7
1219 A 17 0 11 -5 4 -8
1219 A 17 0 -1 -6 -2 -8
1219 A 17 0 7 -6 10 -8
1219 A 17 0 -4 -6 -6 7
1219 A 17 0 10 -6 -1 7
1219 A 17 0 -2 -7 3 -8
1219 A 17 0 9 -7 5 -8
1219 A 17 0 -4 -8 12 -8
1219 A -1 1 -21 0 -29 0
1219 A -1 1 -31 0 -59 0
1219 A -1 1 -32 0 143 0
1219 A -1 1 -41 0 -119 0
1219 A -1 1 -46 0 126 0
1219 A -1 1 -48 0 -108 0
1219 A -1 1 -54 0 -96 0
1219 A -1 1 -58 0 142 0
1219 A -1 1 -62 0 123 0
1219 A -1 1 -63 0 92 0
1219 A -1 1 -64 0 -81 0
1219 A -1 1 -82 0 93 0
1219 A -1 1 -91 0 -124 0
1219 A -1 1 -112 0 128 0
1219 A -1 1 -118 0 137 0
1219 A 0 1 -21 0 -29 0
1219 A 0 1 -31 0 -59 0
1219 A 0 1 -32 0 143 0
1219 A 0 1 -41 0 -119 0
1219 A 0 1 -46 0 126 0
1219 A 0 1 -48 0 -108 0
1219 A 0 1 -54 0 -96 0
1219 A 0 1 -58 0 142 0
1219 A 0 1 -62 0 123 0
1219 A 0 1 -63 0 92 0
1219 A 0 1 -64 0 -81 0
1219 A 0 1 -82 0 93 0
1219 A 0 1 -91 0 -124 0
1219 A 0 1 -112 0 128 0
1219 A 0 1 -118 0 137 0
1219 A -2 1 -20 0 -46 0
1219 A -2 1 -21 0 115 1
1219 A -2 1 -29 0 -125 -1
1219 A -2 1 -32 0 48 0
1219 A -2 1 -57 0 -70 0
1219 A -2 1 -58 0 90 0
1219 A -2 1 -65 0 -85 0
1219 A -2 1 -72 0 -81 0
1219 A -2 1 -107 -1 -136 -1
1219 A -2 1 -111 -1 142 1
1219 A -2 1 -117 -1 127 1
1219 A 1 1 -20 0 -46 0
1219 A 1 1 -21 0 116 -1
1219 A 1 1 -29 0 -126 1
1219 A 1 1 -32 0 48 0
1219 A 1 1 -57 0 -70 0
1219 A 1 1 -58 0 90 0
1219 A 1 1 -65 0 -85 0
1219 A 1 1 -72 0 -81 0
1219 A 1 1 108 -1 137 -1
1219 A 1 1 112 -1 -143 1
1219 A 1 1 118 -1 -128 1
1219 A -3 1 -18 0 118 1
1219 A -3 1 -19 0 128 1
1219 A -3 1 -20 0 137 1
1219 A -3 1 -23 0 -27 0
1219 A -3 1 -33 0 63 1
1219 A -3 1 -37 0 -42 0
1219 A -3 1 -47 0 -83 -1
1219 A -3 1 -49 0 143 1
1219 A -3 1 -68 -1 89 1
1219 A -3 1 -70 -1 95 1
1219 A -3 1 -79 -1 107 1
1219 A 2 1 -18 0 119 -1
1219 A 2 1 -19 0 129 -1
1219 A 2 1 -20 0 138 -1
1219 A 2 1 -23 0 -27 0
1219 A 2 1 -33 0 64 -1
1219 A 2 1 -37 0 -42 0
1219 A 2 1 -47 0 -84 1
1219 A 2 1 -49 0 144 -1
1219 A 2 1 69 -1 -90 1
1219 A 2 1 71 -1 -96 1
1219 A 2 1 80 -1 -108 1
1219 A -4 1 -18 0 -84 -1
1219 A -4 1 -19 0 -46 -1
1219 A -4 1 -22 0 -68 -1
1219 A -4 1 -30 0 70 1
1219 A -4 1 -33 0 -44 -1
1219 A -4 1 -37 0 56 1
1219 A -4 1 -43 0 55 1
1219 A -4 1 -63 -1 -119 -1
1219 A -4 1 -80 -1 113 1
1219 A -4 1 -96 -1 141 2
1219 A -4 1 -117 -1 127 1
1219 A -4 1 -129 -1 -135 -2
1219 A 3 1 -18 0 -85 1
1219 A 3 1 -19 0 -47 1
1219 A 3 1 -22 0 -69 1
1219 A 3 1 -30 0 71 -1
1219 A 3 1 -33 0 -45 1
1219 A 3 1 -37 0 57 -1
1219 A 3 1 -43 0 56 -1
1219 A 3 1 64 -1 120 -1
1219 A 3 1 81 -1 -114 1
1219 A 3 1 97 -1 -143 2
1219 A 3 1 118 -1 -128 1
1219 A 3 1 130 -1 137 -2
1219 A 18 0 -4 -1 5 -1
1219 A 18 0 -5 -1 -6 -5
1219 A 18 0 6 -1 11 -5
1219 A 18 0 -6 -1 5 7
1219 A 18 0 7 -1 -12 7
1219 A 18 0 -7 -1 8 -1
1219 A 18 0 -8 -1 -9 1
1219 A 18 0 1 -5 -2 7
1219 A 18 0 4 -5 -5 7
1219 A 18 0 0 -5 7 -7
1219 A 18 0 5 -5 0 -7
1219 A 18 0 -1 -5 -6 5
1219 A 18 0 -2 -5 1 7
1219 A 18 0 7 -5 -8 7
1219 A 18 0 -3 -5 -8 5
1219 A 18 0 -4 -5 9 -7
1219 A 18 0 9 -5 -2 -7
1219 A 18 0 -5 -5 4 7
1219 A 18 0 10 -5 -11 7
1219 A 18 0 1 -7 -6 7
1219 A 18 0 -3 -7 -10 7
1219 A -5 1 -21 0 31 0
1219 A -5 1 -22 0 123 2
1219 A -5 1 -24 0 139 2
1219 A -5 1 -32 0 -122 -2
1219 A -5 1 -33 0 -118 -2
1219 A -5 1 -34 0 -81 -1
1219 A -5 1 -38 -1 -63 -1
1219 A -5 1 -39 -1 -91 -1
1219 A -5 1 -44 -1 -116 -2
1219 A -5 1 -57 -1 -142 -2
1219 A -5 1 -58 -1 -93 -1
1219 A -5 1 -59 -1 -61 -1
1219 A -5 1 -62 -1 -92 -1
1219 A -5 1 -64 -1 -136 -2
1219 A -5 1 -69 -1 -96 -1
1219 A -5 1 -71 -1 -114 -2
1219 A -5 1 -82 -1 -117 -2
1219 A -5 1 -94 -1 -141 -2
1219 A -5 1 -97 -1 -127 -2
1219 A -5 1 -119 -2 -121 -2
1219 A 4 1 -21 0 31 0
1219 A 4 1 -22 0 125 -2
1219 A 4 1 -24 0 141 -2
1219 A 4 1 -32 0 -124 2
1219 A 4 1 -33 0 -120 2
1219 A 4 1 -34 0 -82 1
1219 A 4 1 39 -1 64 -1
1219 A 4 1 40 -1 92 -1
1219 A 4 1 45 -1 118 -2
1219 A 4 1 58 -1 144 -2
1219 A 4 1 59 -1 94 -1
1219 A 4 1 60 -1 62 -1
1219 A 4 1 63 -1 93 -1
1219 A 4 1 65 -1 138 -2
1219 A 4 1 70 -1 97 -1
1219 A 4 1 72 -1 116 -2
1219 A 4 1 83 -1 119 -2
1219 A 4 1 95 -1 143 -2
1219 A 4 1 98 -1 129 -2
1219 A 4 1 121 -2 123 -2
1219 A -6 1 -19 0 -129 -2
1219 A -6 1 -22 0 -125 -2
1219 A -6 1 -23 0 90 2
1219 A -6 1 -29 0 92 2
1219 A -6 1 -26 -1 -139 -3
1219 A -6 1 -27 -1 120 2
1219 A -6 1 -28 -1 63 1
1219 A -6 1 -33 -1 -134 -2
1219 A -6 1 -38 -1 87 2
1219 A -6 1 -47 -1 -140 -3
1219 A -6 1 -58 -1 83 1
1219 A -6 1 -65 -1 139 2
1219 A -6 1 -70 -1 -107 -2
1219 A -6 1 -82 -1 -106 -2
1219 A -6 1 -89 -2 124 2
1219 A -6 1 -111 -2 -116 -2
1219 A -6 1 -119 -2 138 3
1219 A 5 1 -19 0 -131 2
1219 A 5 1 -22 0 -127 2
1219 A 5 1 -23 0 92 -2
1219 A 5 1 -29 0 94 -2
1219 A 5 1 27 -1 142 -3
1219 A 5 1 28 -1 -122 2
1219 A 5 1 29 -1 -64 1
1219 A 5 1 34 -1 136 -2
1219 A 5 1 39 -1 -89 2
1219 A 5 1 48 -1 143 -3
1219 A 5 1 59 -1 -84 1
1219 A 5 1 66 -1 -141 2
1219 A 5 1 71 -1 109 -2
1219 A 5 1 83 -1 108 -2
1219 A 5 1 91 -2 -126 2
1219 A 5 1 113 -2 118 -2
1219 A 5 1 121 -2 -141 3
1219 A -7 1 -19 0 -66 -1
1219 A -7 1 -20 0 -45 -1
1219 A -7 1 -21 0 -26 -1
1219 A -7 1 -24 0 -138 -3
1219 A -7 1 -23 -1 67 2
1219 A -7 1 -40 -1 82 2
1219 A -7 1 -48 -1 -68 -2
1219 A -7 1 -59 -1 142 3
1219 A -7 1 -72 -1 109 2
1219 A -7 1 -78 -2 -118 -2
1219 A -7 1 -95 -2 135 3
1219 A -7 1 -108 -2 114 2
1219 A -7 1 -125 -3 143 3
1219 A 6 1 -19 0 -67 1
1219 A 6 1 -20 0 -46 1
1219 A 6 1 -21 0 -27 1
1219 A 6 1 -24 0 -141 3
1219 A 6 1 24 -1 -69 2
1219 A 6 1 41 -1 -84 2
1219 A 6 1 49 -1 70 -2
1219 A 6 1 60 -1 -145 3
1219 A 6 1 73 -1 -111 2
1219 A 6 1 80 -2 120 -2
1219 A 6 1 97 -2 -138 3
1219 A 6 1 110 -2 -116 2
1219 A 6 1 128 -3 -146 3
1219 A 19 0 -8 -1 -3 -6
1219 A 19 0 9 -1 9 -6
1219 A 19 0 10 -1 7 5
1219 A 19 0 1 -2 13 -7
1219 A 19 0 -1 -2 -5 -3
1219 A 19 0 3 -2 8 -3
1219 A 19 0 -5 -2 7 -2
1219 A 19 0 -6 -2 -13 8
1219 A 19 0 8 -2 5 8
1219 A 19 0 -7 -2 -1 -4
1219 A 19 0 9 -2 5 -4
1219 A 19 0 1 -3 3 5
1219 A 19 0 2 -3 -8 5
1219 A 19 0 11 -3 -4 8
1219 A 19 0 2 -4 -3 6
1219 A 19 0 1 -4 -10 7
1219 A 19 0 3 -4 3 7
1219 A 19 0 -2 -4 -12 8
1219 A 19 0 6 -4 4 8
1219 A 19 0 -2 -5 7 -5
1219 A 19 0 -6 -5 2 6
1219 A 19 0 11 -5 -8 6
1219 A 19 0 2 -6 11 -7
1219 A 19 0 4 -6 -4 -7
1219 A 19 0 3 -7 -4 7
1219 A 19 0 2 -7 5 -7
1219 A 19 0 1 -7 5 -9
1219 A 19 0 6 -7 4 -9
1219 A -8 1 -22 0 -66 -2
1219 A -8 1 -26 -1 -114 -3
1219 A -8 1 -41 -1 116 3
1219 A -8 1 -46 -1 -103 -3
1219 A -8 1 -84 -2 -124 -3
1219 A -8 1 -94 -2 104 3
1219 A 7 1 -22 0 -68 2
1219 A 7 1 27 -1 117 -3
1219 A 7 1 42 -1 -119 3
1219 A 7 1 47 -1 106 -3
1219 A 7 1 86 -2 127 -3
1219 A 7 1 96 -2 -107 3
1219 A -9 1 -20 0 105 3
1219 A -9 1 -14 -1 64 2
1219 A -9 1 -19 -1 -139 -4
1219 A -9 1 -21 -1 70 2
1219 A -9 1 -24 -1 62 2
1219 A -9 1 -27 -1 -142 -4
1219 A -9 1 -31 -1 57 1
1219 A -9 1 -42 -1 -134 -4
1219 A -9 1 -48 -1 68 2
1219 A -9 1 -50 -1 -88 -3
1219 A -9 1 -54 -2 -71 -2
1219 A -9 1 -119 -3 -137 -4
1219 A -9 1 -120 -3 -123 -4
1219 A -9 1 -128 -4 -141 -4
1219 A 8 1 -20 0 108 -3
1219 A 8 1 15 -1 -66 2
1219 A 8 1 20 -1 143 -4
1219 A 8 1 22 -1 -72 2
1219 A 8 1 25 -1 -64 2
1219 A 8 1 28 -1 146 -4
1219 A 8 1 32 -1 -58 1
1219 A 8 1 43 -1 138 -4
1219 A 8 1 49 -1 -70 2
1219 A 8 1 51 -1 91 -3
1219 A 8 1 56 -2 73 -2
1219 A 8 1 122 -3 141 -4
1219 A 8 1 123 -3 127 -4
1219 A 8 1 132 -4 145 -4
1219 A -10 1 -11 -1 -74 -2
1219 A -10 1 -14 -1 -141 -4
1219 A -10 1 -16 -1 56 2
1219 A -10 1 -17 -1 -87 -3
1219 A -10 1 -24 -1 -111 -4
1219 A -10 1 -28 -1 42 1
1219 A -10 1 -29 -1 -61 -2
1219 A -10 1 -31 -1 76 3
1219 A -10 1 -32 -1 -37 -1
1219 A -10 1 -43 -1 62 2
1219 A -10 1 -44 -1 109 3
1219 A -10 1 -49 -1 114 4
1219 A -10 1 -52 -1 -132 -4
1219 A -10 1 -49 -2 -126 -4
1219 A -10 1 -63 -2 -108 -3
1219 A -10 1 -66 -2 -94 -3
1219 A -10 1 -112 -3 113 4
1219 A -10 1 -121 -4 -144 -4
1219 A -10 1 -122 -4 138 4
1219 A 9 1 12 -1 76 -2
1219 A 9 1 15 -1 145 -4
1219 A 9 1 17 -1 -58 2
1219 A 9 1 18 -1 90 -3
1219 A 9 1 25 -1 115 -4
1219 A 9 1 29 -1 -43 1
1219 A 9 1 30 -1 63 -2
1219 A 9 1 32 -1 -79 3
1219 A 9 1 33 -1 38 -1
1219 A 9 1 44 -1 -64 2
1219 A 9 1 45 -1 -112 3
1219 A 9 1 50 -1 -118 4
1219 A 9 1 53 -1 136 -4
1219 A 9 1 51 -2 130 -4
1219 A 9 1 65 -2 111 -3
1219 A 9 1 68 -2 97 -3
1219 A 9 1 115 -3 -117 4
1219 A 9 1 125 -4 148 -4
1219 A 9 1 126 -4 -142 4
1219 A 20 0 -4 -3 -1 9
1219 A 20 0 7 -3 -8 9
1219 A 20 0 -3 -9 12 -9
1219 A -11 1 -10 -1 -57 -2
1219 A -11 1 -16 -1 90 3
1219 A -11 1 -22 -1 -66 -2
1219 A -11 1 -25 -1 141 5
1219 A -11 1 -30 -1 59 2
1219 A -11 1 -32 -1 -138 -5
1219 A -11 1 -43 -1 -102 -4
1219 A -11 1 -45 -1 93 3
1219 A -11 1 -40 -2 -65 -2
1219 A -11 1 -41 -2 79 3
1219 A -11 1 -55 -2 -75 -2
1219 A -11 1 -64 -2 78 3
1219 A -11 1 -72 -2 -126 -5
1219 A -11 1 -114 -4 142 5
1219 A -11 1 -118 -4 -132 -5
1219 A 10 1 11 -1 59 -2
1219 A 10 1 17 -1 -93 3
1219 A 10 1 23 -1 68 -2
1219 A 10 1 26 -1 -146 5
1219 A 10 1 31 -1 -61 2
1219 A 10 1 33 -1 143 -5
1219 A 10 1 44 -1 106 -4
1219 A 10 1 46 -1 -96 3
1219 A 10 1 42 -2 67 -2
1219 A 10 1 43 -2 -82 3
1219 A 10 1 57 -2 77 -2
1219 A 10 1 66 -2 -81 3
1219 A 10 1 74 -2 131 -5
1219 A 10 1 118 -4 -147 5
1219 A 10 1 122 -4 137 -5
1219 A -12 1 -13 -1 23 1
1219 A -12 1 -30 -1 -40 -1
1219 A -12 1 -35 -2 140 5
1219 A -12 1 -42 -2 -132 -5
1219 A -12 1 -57 -2 -145 -5
1219 A -12 1 -59 -2 -119 -5
1219 A -12 1 -63 -3 -92 -3
1219 A -12 1 -86 -3 -137 -5
1219 A -12 1 -107 -4 143 5
1219 A -12 1 -109 -4 -119 -4
1219 A 11 1 14 -1 -24 1
1219 A 11 1 31 -1 41 -1
1219 A 11 1 37 -2 -145 5
1219 A 11 1 44 -2 137 -5
1219 A 11 1 59 -2 150 -5
1219 A 11 1 61 -2 124 -5
1219 A 11 1 66 -3 95 -3
1219 A 11 1 89 -3 142 -5
1219 A 11 1 111 -4 -148 5
1219 A 11 1 113 -4 123 -4
1219 A 21 0 -1 -2 -12 8
1219 A 21 0 3 -2 4 8
1219 A 21 0 -2 -4 -6 4
1219 A -13 1 -12 -1 101 5
1219 A -13 1 -15 -1 -136 -6
1219 A -13 1 -21 -1 -83 -3
1219 A -13 1 -24 -1 110 4
1219 A -13 1 -42 -1 -111 -5
1219 A -13 1 -61 -3 -124 -5
1219 A -13 1 -66 -3 -115 -5
1219 A -13 1 -70 -3 -125 -6
1219 A -13 1 -85 -3 93 4
1219 A -13 1 -90 -3 140 6
1219 A -13 1 -83 -4 -88 -4
1219 A -13 1 -136 -5 -133 -6
1219 A 12 1 13 -1 -106 5
1219 A 12 1 16 -1 142 -6
1219 A 12 1 22 -1 86 -3
1219 A 12 1 25 -1 -114 4
1219 A 12 1 43 -1 116 -5
1219 A 12 1 64 -3 129 -5
1219 A 12 1 69 -3 120 -5
1219 A 12 1 73 -3 131 -6
1219 A 12 1 88 -3 -97 4
1219 A 12 1 93 -3 -146 6
1219 A 12 1 87 -4 92 -4
1219 A 12 1 141 -5 139 -6
1219 A 22 0 -4 -3 7 -3
1219 A 22 0 -8 -3 -11 5
1219 A 22 0 11 -3 6 5
1219 A 22 0 -1 -5 -2 9
1219 A 22 0 6 -5 -7 9
1219 A 22 0 0 -9 -9 9
1219 A -14 1 -22 -1 146 6
1219 A -14 1 -32 -1 110 5
1219 A -14 1 -60 -3 -92 -4
1219 A -14 1 -88 -4 -116 -5
1219 A -14 1 -97 -4 142 6
1219 A -14 1 -120 -5 139 6
1219 A 13 1 23 -1 -152 6
1219 A 13 1 33 -1 -115 5
1219 A 13 1 63 -3 96 -4
1219 A 13 1 92 -4 121 -5
1219 A 13 1 101 -4 -148 6
1219 A 13 1 125 -5 -145 6
1219 A -15 1 -19 -1 -61 -3
1219 A -15 1 -38 -1 -38 -2
1219 A -15 1 -47 -2 -62 -3
1219 A -15 1 -87 -5 123 6
1219 A 14 1 20 -1 64 -3
1219 A 14 1 39 -1 40 -2
1219 A 14 1 49 -2 65 -3
1219 A 14 1 92 -5 -129 6
1219 A 23 0 1 -7 -11 9
1219 A 23 0 6 -7 2 9
1219 A -16 1 -20 -1 58 3
1219 A -16 1 -21 -2 40 2
1219 A 15 1 21 -1 -61 3
1219 A 15 1 23 -2 -42 2
1219 A 24 0 -1 -5 -6 5
1219 A -18 1 -30 -1 -68 -4
1219 A 17 1 31 -1 72 -4
1219 A 26 0 2 -5 3 -5
1219 A -21 1 -29 -2 -89 -5
1219 A 20 1 31 -2 94 -5
1219 A 30 0 1 -2 19 -8
1219 S 0 1 5 0
1219 S 0 2 5 0
1219 S -1 1 5 0
1219 S -2 2 5 0
1219 S 4 1 13 0
1219 S -5 2 13 0
1219 S -1 3 13 0
1219 S 3 4 13 0
1219 S -6 5 13 0
1219 S -2 6 13 0
1219 S -5 1 13 0
1219 S 3 2 13 0
1219 S -2 3 13 0
1219 S -7 4 13 0
1219 S 1 5 13 0
1219 S -4 6 13 0
1219 S -19 0 -8 1
1219 S -30 -1 -8 1
1219 S -49 -1 -8 1
1219 S -60 -2 -8 1
1219 S -79 -2 -8 1
1219 S -98 -2 -8 1
1219 S -109 -3 -8 1
1219 S -128 -3 -8 1
1219 S -139 -4 -8 1
1219 S 8 -1 19 0
1219 S -3 -2 19 0
1219 S 5 -3 19 0
1219 S -6 -4 19 0
1219 S 2 -5 19 0
1219 S 10 -6 19 0
1219 S -1 -7 19 0
1219 S 7 -8 19 0
1219 S -4 -9 19 0
1219 T 86 81 85 0 0
1219 T 83 2347 2000 0 0
1219 T 2002 2274 84 0 0
1219 T 2274 2349 81 0 0
1219 T 806 812 808 0 0
1219 T 810 10 1279 0 0
1219 T 1281 1325 804 0 0
1219 T 1325 9 812 0 0
1219 T 164 160 161 0 0
1219 T 159 859 2131 0 0
1219 T 2133 2190 166 -1 0
1219 T 2190 861 160 0 0
1219 T 220 212 216 0 0
1219 T 218 1040 2127 1 0
1219 T 2129 2186 222 0 0
1219 T 2186 1042 212 0 0
1219 T 999 1003 996 0 0
1219 T 998 1321 1263 0 0
1219 T 1265 65 1001 0 0
1219 T 65 1319 1003 0 0
1219 T 1001 65 1220 0 0
1219 T 993 1010 999 0 0
1219 T 1222 1363 991 0 0
1219 T 1010 1365 65 0 0
1219 T 186 790 1684 0 0
1219 T 1686 782 1603 0 0
1219 T 1605 784 184 0 0
1219 T 784 780 790 0 0
1219 T 430 492 424 -1 0
1219 T 426 2104 564 0 0
1219 T 566 1877 428 0 0
1219 T 1877 2106 492 0 0
1219 T 429 1927 559 0 0
1219 T 421 497 427 0 0
1219 T 561 2082 419 0 0
1219 T 497 2080 1927 0 0
1219 T 294 290 298 0 0
1219 T 566 599 560 0 0
1219 T 1930 601 1875 0 0
1219 T 914 1034 904 0 0
1219 T 906 1214 1435 0 0
1219 T 1437 67 912 0 0
1219 T 67 1212 1034 0 0
1219 T 909 74 1388 0 0
1219 T 901 1035 907 0 0
1219 T 1390 1255 899 0 0
1219 T 1035 1257 74 0 0
1219 T 110 753 1439 -1 0
1219 T 1441 759 1391 0 0
1219 T 1393 755 108 0 0
1219 T 755 761 753 0 0
1219 T 2002 119 2344 0 0
1219 T 2346 126 2267 0 0
1219 T 2269 120 2000 0 0
1219 T 120 124 119 0 0
1219 T 582 578 574 0 0
1219 T 572 1751 1820 0 0
1219 T 1822 329 580 0 0
1219 T 329 1753 578 1 0
1219 T 830 1309 1419 0 0
1219 T 822 971 828 0 0
1219 T 1421 84 820 0 0
1219 T 971 86 1309 0 0
1219 T 825 970 815 0 0
1219 T 817 84 1372 0 0
1219 T 1374 1352 823 0 0
1219 T 1352 86 970 0 0
1219 T 182 753 1435 0 0
1219 T 1437 743 1735 0 0
1219 T 1737 796 180 0 0
1219 T 796 745 753 0 0
1219 T 177 796 1803 0 0
1219 T 1390 756 175 0 0
1219 T 1805 750 1388 0 0
1219 T 756 748 796 0 0
1219 T 555 559 552 0 0
1219 T 554 2082 1783 0 0
1219 T 1785 421 557 0 0
1219 T 557 424 1716 0 0
1219 T 549 566 555 0 0
1219 T 1718 2104 547 0 0
1219 T 690 785 680 0 0
1219 T 682 1620 1327 0 0
1219 T 1329 122 688 0 0
1219 T 122 1622 785 0 0
1219 T 685 122 1284 0 0
1219 T 677 788 683 0 0
1219 T 1286 1702 675 0 0
1219 T 788 1700 122 0 0
1219 T 110 2158 2340 -1 0
1219 T 106 115 108 0 0
1219 T 2342 1529 104 0 0
1219 T 115 1527 2158 0 0
1219 T 109 114 99 0 0
1219 T 101 1524 2264 0 0
1219 T 2266 2212 107 0 0
1219 T 2212 1526 114 0 0
1219 T 638 513 2092 0 0
1219 T 2094 507 2067 0 0
1219 T 2069 515 636 0 0
1219 T 515 509 513 0 0
1219 T 906 112 1735 0 0
1219 T 1212 743 112 0 0
1219 T 1805 117 899 0 0
1219 T 117 750 1257 0 0
1219 T 555 1556 1907 0 0
1219 T 1909 337 564 0 0
1219 T 337 1558 549 0 0
1219 T 561 340 1856 0 0
1219 T 1858 1637 555 0 0
1219 T 552 1635 340 0 0
1219 T 128 130 128 0 0
1219 T 298 296 298 -1 0
1219 T 958 954 950 -1 0
1219 T 980 984 988 0 0
1219 T 646 312 2192 0 0
1219 T 1865 310 644 0 0
1219 T 2194 305 1863 0 0
1219 T 310 303 312 0 0
1219 T 641 310 1915 0 0
1219 T 1917 300 2136 0 0
1219 T 2138 317 639 0 0
1219 T 317 302 310 0 0
1219 T 375 1720 424 0 0
1219 T 430 1913 377 -1 0
1219 T 1913 492 1720 0 0
1219 T 377 1859 427 0 0
1219 T 421 1789 375 0 0
1219 T 1789 497 1859 0 0
1219 T 906 1577 1343 0 0
1219 T 898 1030 904 0 0
1219 T 1345 104 896 0 0
1219 T 1030 106 1577 0 0
1219 T 901 1030 891 0 0
1219 T 893 101 1300 0 0
1219 T 1302 1655 899 0 0
1219 T 1655 99 1030 0 0
1219 T 1962 138 2328 0 0
1219 T 2330 130 2251 0 0
1219 T 2253 132 1960 0 0
1219 T 132 128 138 0 0
1219 T 162 874 2251 0 0
1219 T 2330 873 161 0 0
1219 T 139 647 1343 0 0
1219 T 906 1809 141 0 0
1219 T 1809 1577 647 0 0
1219 T 141 1739 899 0 0
1219 T 1302 647 139 0 0
1219 T 647 1655 1739 0 0
1219 T 378 373 377 0 0
1219 T 1862 1913 373 -1 0
1219 T 946 1316 1155 0 0
1219 T 938 1009 944 0 0
1219 T 1157 6 936 0 0
1219 T 1009 4 1316 0 0
1219 T 941 1004 931 0 0
1219 T 933 6 1096 0 0
1219 T 1098 1362 939 0 0
1219 T 1362 4 1004 0 0
1219 T 698 1883 1331 0 0
1219 T 690 770 696 0 0
1219 T 1333 210 688 0 0
1219 T 770 208 1883 0 0
1219 T 693 771 683 0 0
1219 T 685 210 1288 0 0
1219 T 1290 1937 691 0 0
1219 T 1937 208 771 0 0
1219 T 294 299 284 0 0
1219 T 286 2369 964 0 0
1219 T 966 2078 292 0 0
1219 T 2078 2367 299 0 0
1219 T 289 2100 959 0 0
1219 T 281 306 287 0 0
1219 T 961 2291 279 0 0
1219 T 306 2293 2100 0 0
1219 T 654 293 1391 0 0
1219 T 658 54 652 0 0
1219 T 1441 287 656 0 0
1219 T 1958 63 2296 0 0
1219 T 2298 62 2219 0 0
1219 T 2221 64 1956 0 0
1219 T 64 60 63 0 0
1219 T 718 266 1903 0 0
1219 T 1905 256 2223 0 0
1219 T 2225 282 716 0 0
1219 T 282 258 266 0 0
1219 T 713 283 2299 0 0
1219 T 1854 267 711 0 0
1219 T 2301 261 1852 0 0
1219 T 267 259 283 0 0
1219 T 274 727 1787 0 0
1219 T 1789 779 1719 0 0
1219 T 1721 733 272 0 0
1219 T 733 781 727 0 0
1219 T 150 1408 912 0 0
1219 T 922 1687 148 0 0
1219 T 914 977 920 0 0
1219 T 1687 975 1408 0 0
1219 T 145 1609 915 0 0
1219 T 917 976 907 0 0
1219 T 909 1458 143 0 0
1219 T 1458 978 1609 1 0
1219 T 52 1855 1907 -1 0
1219 T 634 630 52 0 0
1219 T 1909 14 632 0 0
1219 T 630 13 1855 0 0
1219 T 726 202 2083 0 0
1219 T 2085 196 2111 0 0
1219 T 2113 191 724 0 0
1219 T 191 198 202 0 0
1219 T 721 190 2167 0 0
1219 T 2062 203 719 0 0
1219 T 2169 196 2060 0 0
1219 T 203 198 190 0 0
1219 T 333 339 335 0 0
1219 T 555 2171 632 0 0
1219 T 555 627 2115 0 0
1219 T 1716 627 1696 0 0
1219 T 1618 634 1785 0 0
1219 T 110 2018 2415 -1 0
1219 T 2417 68 2340 0 0
1219 T 2156 70 2018 0 0
1219 T 2266 73 2475 0 0
1219 T 2477 2019 107 0 0
1219 T 2019 71 2214 0 0
1219 T 718 701 709 0 0
1219 T 707 1548 1903 0 0
1219 T 264 1550 701 0 0
1219 T 709 704 711 0 0
1219 T 1854 1629 707 0 0
1219 T 704 1627 269 0 0
1219 T 75 931 1151 0 0
1219 T 1153 1048 1743 0 0
1219 T 1745 925 77 0 0
1219 T 925 1050 931 0 0
1219 T 77 928 1811 0 0
1219 T 1094 938 75 0 0
1219 T 1813 1045 1092 0 0
1219 T 938 1043 928 0 0
1219 T 372 364 368 0 0
1219 T 370 977 2119 0 0
1219 T 2121 2178 374 0 0
1219 T 2178 975 364 0 0
1219 T 156 152 153 0 0
1219 T 151 2495 2056 0 0
1219 T 2054 2438 152 0 0
1219 T 2438 2 2495 0 0
1219 T 1966 84 2188 0 0
1219 T 2133 83 1968 0 0
1219 T 918 979 920 0 0
1219 T 2273 381 964 0 0
1219 T 962 382 2348 0 0
1219 T 381 380 383 0 0
1219 T 306 2501 1496 0 0
1219 T 1498 9 2100 0 0
1219 T 2291 10 2501 0 0
1219 T 9 2367 2439 0 0
1219 T 1491 2076 10 0 0
1219 T 2441 301 1493 0 0
1219 T 326 2359 1528 0 0
1219 T 318 341 324 0 0
1219 T 1530 2151 316 0 0
1219 T 341 2153 2359 0 0
1219 T 321 336 311 0 0
1219 T 313 2209 1523 0 0
1219 T 1525 2285 319 0 0
1219 T 2285 2207 336 0 0
1219 T 418 2362 552 0 0
1219 T 549 2284 411 0 0
1219 T 330 518 1836 0 0
1219 T 1838 510 1767 0 0
1219 T 1769 512 328 0 0
1219 T 138 1227 880 0 0
1219 T 890 1939 136 0 0
1219 T 882 1049 888 0 0
1219 T 1939 1047 1227 0 0
1219 T 133 1889 883 0 0
1219 T 885 1044 875 0 0
1219 T 877 1273 131 0 0
1219 T 1273 1046 1889 0 0
1219 T 846 1016 836 0 0
1219 T 838 1089 1899 0 0
1219 T 1901 88 844 0 0
1219 T 88 1087 1016 0 0
1219 T 841 93 1848 0 0
1219 T 833 1013 839 0 0
1219 T 1850 1148 831 0 0
1219 T 1013 1150 93 0 0
1219 T 370 1410 416 0 0
1219 T 413 1456 363 0 0
1219 T 726 746 716 0 0
1219 T 718 1207 2083 0 0
1219 T 200 1209 746 0 0
1219 T 713 747 719 0 0
1219 T 2062 1254 711 0 0
1219 T 747 1252 205 0 0
1219 T 1157 1452 928 0 0
1219 T 1045 1454 4 0 0
1219 T 4 1404 1048 0 0
1219 T 1096 923 1404 0 0
1219 T 458 768 2267 0 0
1219 T 462 50 456 0 0
1219 T 2346 774 460 0 0
1219 T 114 2216 1040 0 0
1219 T 118 126 112 0 0
1219 T 1042 2161 116 0 0
1219 T 126 2159 2216 0 0
1219 T 170 1875 884 0 0
1219 T 886 1021 892 0 0
1219 T 894 1358 168 0 0
1219 T 1358 1019 1875 0 0
1219 T 173 1312 895 0 0
1219 T 889 1929 171 0 0
1219 T 897 1024 887 0 0
1219 T 1929 1026 1312 0 0
1219 T 498 232 1311 0 0
1219 T 2081 1025 232 0 0
1219 T 1357 232 491 0 0
1219 T 232 1020 2103 0 0
1219 T 554 1026 2231 0 0
1219 T 2233 233 1783 0 0
1219 T 1718 233 2307 0 0
1219 T 2309 1019 547 0 0
1219 T 262 330 252 0 0
1219 T 254 581 2123 0 0
1219 T 2125 1819 260 0 0
1219 T 257 1753 2179 0 0
1219 T 249 327 255 0 0
1219 T 2181 576 247 0 0
1219 T 618 641 608 0 0
1219 T 610 2136 1331 0 0
1219 T 1333 317 616 0 0
1219 T 613 312 1288 0 0
1219 T 605 644 611 0 0
1219 T 1290 2194 603 0 0
1219 T 274 275 268 0 0
1219 T 270 944 1859 0 0
1219 T 1861 2485 272 0 0
1219 T 2485 946 275 0 0
1219 T 273 2423 1911 0 0
1219 T 265 275 271 0 0
1219 T 1913 941 263 0 0
1219 T 275 939 2423 0 0
1219 T 75 939 1920 0 0
1219 T 1922 1004 1151 0 0
1219 T 1094 1009 1868 0 0
1219 T 1870 946 75 0 0
1219 T 729 497 2483 0 0
1219 T 2425 492 732 0 0
1219 T 854 1381 1903 0 0
1219 T 846 989 852 0 0
1219 T 1905 224 844 0 0
1219 T 989 226 1381 0 0
1219 T 849 984 839 0 0
1219 T 841 229 1852 0 0
1219 T 1854 1428 847 0 0
1219 T 1428 227 984 0 0
1219 T 194 208 184 0 0
1219 T 186 1885 2356 0 0
1219 T 2358 768 192 0 0
1219 T 189 773 2280 0 0
1219 T 185 208 187 0 0
1219 T 2282 1935 183 0 0
1219 T 418 1398 544 0 0
1219 T 546 587 552 0 0
1219 T 2360 589 1398 0 0
1219 T 549 586 539 0 0
1219 T 541 1444 411 0 0
1219 T 1444 584 2286 0 0
1219 T 763 766 762 -1 0
1219 T 774 794 768 0 0
1219 T 572 568 569 0 0
1219 T 567 183 1599 0 0
1219 T 1601 1682 574 0 0
1219 T 1682 185 568 0 0
1219 T 358 1063 2395 0 0
1219 T 350 388 356 0 0
1219 T 2397 1946 348 0 0
1219 T 388 1944 1063 0 0
1219 T 353 388 343 0 0
1219 T 345 1892 2455 0 0
1219 T 2457 1062 351 0 0
1219 T 1062 1894 388 0 0
1219 T 882 865 873 0 0
1219 T 874 867 876 0 0
1219 T 854 482 2083 0 0
1219 T 2085 484 2223 0 0
1219 T 2225 477 852 0 0
1219 T 477 486 482 0 0
1219 T 849 472 2299 0 0
1219 T 2062 482 847 0 0
1219 T 2301 489 2060 0 0
1219 T 482 487 472 0 0
1219 T 94 44 88 0 0
1219 T 90 1496 2067 0 0
1219 T 2094 1494 92 0 0
1219 T 164 168 172 0 0
1219 T 1209 484 280 0 0
1219 T 285 489 1252 0 0
1219 T 1349 312 452 0 0
1219 T 1581 1526 1347 0 0
1219 T 449 317 1304 0 0
1219 T 1306 1527 1659 0 0
1219 T 1379 256 475 0 0
1219 T 474 261 1430 0 0
1219 T 274 927 1792 0 0
1219 T 1794 1068 1723 0 0
1219 T 1725 925 272 0 0
1219 T 925 1070 927 0 0
1219 T 546 579 536 0 0
1219 T 538 1757 1423 0 0
1219 T 1425 196 544 0 0
1219 T 196 1755 579 0 0
1219 T 541 196 1376 0 0
1219 T 533 578 539 0 0
1219 T 1378 1823 531 0 0
1219 T 578 1825 196 0 0
1219 T 946 942 950 1 0
1219 T 94 1020 2096 0 0
1219 T 2098 1052 1147 0 0
1219 T 1014 1054 1020 0 0
1219 T 1090 1057 2072 0 0
1219 T 2074 1025 87 0 0
1219 T 1025 1055 1015 0 0
1219 T 546 2125 1335 0 0
1219 T 1337 252 536 0 0
1219 T 533 249 1292 0 0
1219 T 1294 2179 539 0 0
1219 T 1962 321 2324 -1 0
1219 T 2326 47 2247 -1 0
1219 T 2249 323 1960 0 0
1219 T 323 47 321 0 0
1219 T 106 89 97 0 0
1219 T 95 2072 2336 0 0
1219 T 2338 1025 104 0 0
1219 T 101 1020 2260 0 0
1219 T 97 92 99 0 0
1219 T 2262 2098 95 0 0
1219 T 1325 1494 1415 0 0
1219 T 1417 2075 812 0 0
1219 T 809 2101 1368 0 0
1219 T 1370 1495 1280 0 0
1219 T 74 1538 1259 0 0
1219 T 1261 1528 1395 0 0
1219 T 1397 1544 72 0 0
1219 T 1544 1530 1538 0 0
1219 T 69 1544 1443 0 0
1219 T 1218 1531 67 0 0
1219 T 1445 1525 1216 0 0
1219 T 1531 1523 1544 0 0
1219 T 1265 1828 1008 0 0
1219 T 1828 65 993 0 0
1219 T 1005 1762 1220 0 0
1219 T 996 65 1762 0 0
1219 T 1261 324 588 0 0
1219 T 585 321 1216 0 0
1219 T 618 1880 1239 0 0
1219 T 1241 133 608 0 0
1219 T 639 131 1880 0 0
1219 T 605 136 1196 0 0
1219 T 1198 1934 611 0 0
1219 T 1934 138 646 0 0
1219 T 822 963 812 0 0
1219 T 1417 293 820 0 0
1219 T 817 288 1368 0 0
1219 T 809 962 815 0 0
1219 T 1169 234 1595 0 0
1219 T 1165 1182 1167 0 0
1219 T 1597 1832 1163 0 0
1219 T 1182 1834 234 0 0
1219 T 1165 1562 1801 0 0
1219 T 1799 223 1167 0 0
1219 T 223 1560 1180 0 0
1219 T 1106 1121 1108 0 0
1219 T 1110 230 1733 0 0
1219 T 1731 1639 1104 0 0
1219 T 1639 228 1121 0 0
1219 T 1106 1766 1675 0 0
1219 T 1677 234 1108 0 0
1219 T 1119 232 1766 0 0
1219 T 722 793 724 0 0
1219 T 2113 573 2168 0 0
1219 T 1429 463 2063 0 0
1219 T 2065 516 260 0 0
1219 T 516 465 473 0 0
1219 T 257 513 2087 0 0
1219 T 2089 470 1380 0 0
1219 T 476 468 513 0 0
1219 T 2065 1838 252 0 0
1219 T 249 1768 2087 0 0
1219 T 74 1063 1924 0 0
1219 T 1926 1041 1255 0 0
1219 T 1035 1039 1063 0 0
1219 T 1214 1040 1872 1 0
1219 T 1874 1062 67 0 0
1219 T 1062 1042 1034 0 0
1219 T 2006 4 2352 0 0
1219 T 2354 7 2275 -1 0
1219 T 2277 3 2004 0 0
1219 T 3 7 4 0 0
1219 T 1645 69 1731 0 0
1219 T 1641 1706 1643 0 0
1219 T 1641 10 1727 0 0
1219 T 1729 16 1643 0 0
1219 T 70 1765 1668 0 0
1219 T 1670 1678 1672 0 0
1219 T 1562 1626 1564 0 0
1219 T 1566 18 1795 0 0
1219 T 1797 10 1560 0 0
1219 T 1801 72 1564 0 0
1219 T 1590 1831 71 0 0
1219 T 1594 1596 1588 0 0
1219 T 243 247 240 0 0
1219 T 242 2051 2395 0 0
1219 T 2397 2185 245 0 0
1219 T 2185 2053 247 0 0
1219 T 245 2127 2455 0 0
1219 T 237 254 243 0 0
1219 T 2457 2058 235 0 0
1219 T 254 2056 2127 0 0
1219 T 1145 1613 644 0 0
1219 T 1865 1515 1143 0 0
1219 T 1613 1517 308 0 0
1219 T 641 1691 1084 0 0
1219 T 1086 1514 1915 0 0
1219 T 308 1512 1691 0 0
1219 T 1464 1367 1415 0 0
1219 T 106 1522 1347 0 0
1219 T 1581 1517 104 0 0
1219 T 1517 1526 1522 0 0
1219 T 101 1512 1659 0 0
1219 T 1306 1522 99 0 0
1219 T 1522 1527 1512 0 0
1219 T 159 863 1139 0 0
1219 T 1141 969 2131 0 0
1219 T 861 967 863 1 0
1219 T 1082 870 159 0 0
1219 T 2189 972 1080 0 0
1219 T 870 974 860 0 0
1219 T 218 1032 1243 0 0
1219 T 1245 1060 2127 0 0
1219 T 1202 1037 211 0 0
1219 T 2185 1065 1200 0 0
1219 T 858 577 2168 0 0
1219 T 2113 579 856 0 0
1219 T 838 1059 828 0 0
1219 T 830 1893 1775 0 0
1219 T 1777 389 836 0 0
1219 T 833 389 1708 0 0
1219 T 825 1066 831 0 0
1219 T 1710 1943 823 0 0
1219 T 1482 1232 1775 0 0
1219 T 1474 1536 1480 0 0
1219 T 1777 118 1472 0 0
1219 T 1536 116 1232 0 0
1219 T 1477 1533 1467 0 0
1219 T 1469 111 1708 0 0
1219 T 1710 1278 1475 0 0
1219 T 1278 113 1533 0 0
1219 T 1474 1261 1895 0 0
1219 T 1897 72 1480 0 0
1219 T 1477 69 1844 0 0
1219 T 1846 1216 1467 0 0
1219 T 94 1508 1863 0 0
1219 T 2194 2533 92 0 0
1219 T 2533 305 1508 0 0
1219 T 89 2571 2136 0 0
1219 T 1917 1508 87 0 0
1219 T 1508 300 2571 0 0
1219 T 690 2269 1419 0 0
1219 T 1421 456 696 0 0
1219 T 693 461 1372 0 0
1219 T 1374 2343 683 0 0
1219 T 1998 1320 1151 0 0
1219 T 1922 64 1996 0 0
1219 T 1993 64 1868 0 0
1219 T 1094 1366 1991 0 0
1219 T 418 401 409 0 0
1219 T 407 2451 544 0 0
1219 T 1396 2453 401 0 0
1219 T 409 404 411 0 0
1219 T 541 2393 407 0 0
1219 T 404 2391 1446 0 0
1219 T 966 1058 956 0 0
1219 T 954 1052 960 0 0
1219 T 407 359 1335 0 0
1219 T 2453 2125 359 0 0
1219 T 1294 359 407 0 0
1219 T 359 2179 2391 0 0
1219 T 446 783 2515 0 0
1219 T 2517 185 2196 0 0
1219 T 2142 184 2555 0 0
1219 T 2557 790 439 0 0
1219 T 634 2217 724 0 0
1219 T 722 2160 628 0 0
1219 T 94 1500 1143 0 0
1219 T 1510 1515 1500 0 0
1219 T 88 1083 1504 0 0
1219 T 1506 1513 1509 0 0
1219 T 2194 2373 97 0 0
1219 T 2373 2533 99 0 0
1219 T 97 2376 2136 0 0
1219 T 106 2571 2376 0 0
1219 T 1141 1353 1968 0 0
1219 T 1965 1308 1080 0 0
1219 T 139 143 136 0 0
1219 T 890 2410 141 0 0
1219 T 2410 1939 143 0 0
1219 T 141 2468 883 0 0
1219 T 133 150 139 0 0
1219 T 150 1889 2468 0 0
1219 T 174 597 1339 0 0
1219 T 1341 1297 1974 -1 0
1219 T 592 596 597 0 0
1219 T 1297 598 168 0 0
1219 T 2085 1755 856 0 0
1219 T 857 1825 2060 0 0
1219 T 358 1202 245 0 0
1219 T 245 1243 351 0 0
1219 T 1926 2162 748 0 0
1219 T 745 2216 1872 0 0
1219 T 1725 2562 268 0 0
1219 T 277 2560 923 0 0
1219 T 265 2520 1791 0 0
1219 T 930 2522 277 0 0
1219 T 1777 357 2503 0 0
1219 T 2505 347 836 0 0
1219 T 833 346 2543 0 0
1219 T 2545 352 1708 0 0
1219 T 218 445 1247 0 0
1219 T 1970 2200 216 0 0
1219 T 1249 20 1968 0 0
1219 T 442 213 1206 0 0
1219 T 1204 1963 22 0 0
1219 T 2144 1965 213 0 0
1219 T 1698 2405 214 0 0
1219 T 2405 450 1964 0 0
1219 T 215 2463 1616 0 0
1219 T 1969 451 2463 0 0
1219 T 2094 1539 1143 0 0
1219 T 1502 1541 1492 0 0
1219 T 1086 1539 2068 0 0
1219 T 1497 1541 1503 0 0
1219 T 359 363 356 0 0
1219 T 358 2018 2391 0 0
1219 T 2181 2016 363 0 0
1219 T 353 370 359 0 0
1219 T 2453 2019 351 0 0
1219 T 370 2021 2123 0 0
1219 T 626 2561 704 0 0
1219 T 1629 1724 624 0 0
1219 T 621 1794 1548 0 0
1219 T 701 2519 619 0 0
1219 T 2378 189 2196 0 0
1219 T 2517 208 2376 0 0
1219 T 2373 208 2555 0 0
1219 T 2142 192 2371 0 0
1219 T 707 2447 844 0 0
1219 T 1550 224 2447 0 0
1219 T 841 2389 707 0 0
1219 T 2389 229 1627 0 0
1219 T 638 1842 1143 0 0
1219 T 511 1539 1842 0 0
1219 T 1086 1772 635 0 0
1219 T 1772 1539 518 0 0
1219 T 714 1924 628 0 0
1219 T 716 632 1871 0 0
1219 T 150 1401 656 0 0
1219 T 658 1173 1571 0 0
1219 T 1573 2012 148 0 0
1219 T 2012 1171 1401 0 0
1219 T 145 2009 1651 0 0
1219 T 653 1447 143 0 0
1219 T 1653 1112 651 0 0
1219 T 1447 1114 2009 0 0
1219 T 854 995 856 0 0
1219 T 995 482 1757 0 0
1219 T 857 994 847 0 0
1219 T 1823 482 994 0 0
1219 T 1329 2002 1419 0 0
1219 T 1374 1999 1284 0 0
1219 T 1141 1229 1960 0 0
1219 T 2249 663 1139 0 0
1219 T 1229 665 325 0 0
1219 T 1961 1271 1080 1 0
1219 T 1082 662 2323 0 0
1219 T 320 660 1271 0 0
1219 T 359 2311 416 0 0
1219 T 1408 2313 353 0 0
1219 T 413 2237 359 0 0
1219 T 356 2235 1458 0 0
1219 T 286 1225 956 0 0
1219 T 2367 1058 1225 0 0
1219 T 953 1267 279 0 0
1219 T 1267 1051 2293 0 0
1219 T 538 2576 624 0 0
1219 T 626 474 1423 0 0
1219 T 1755 472 2576 0 0
1219 T 621 2538 531 0 0
1219 T 1378 475 619 0 0
1219 T 2538 477 1825 0 0
1219 T 993 2535 483 0 0
1219 T 490 2577 996 0 0
1219 T 218 1809 2239 0 0
1219 T 2241 139 2548 0 0
1219 T 2550 904 216 0 0
1219 T 213 901 2508 0 0
1219 T 2317 1739 211 0 0
1219 T 2510 139 2315 0 0
1219 T 230 458 1431 0 0
1219 T 1433 1385 1974 1 0
1219 T 1385 460 224 0 0
1219 T 742 775 732 0 0
1219 T 2425 1360 740 0 0
1219 T 1360 492 775 0 0
1219 T 737 1318 2483 0 0
1219 T 729 775 735 0 0
1219 T 775 497 1318 0 0
1219 T 2330 880 1139 0 0
1219 T 1082 877 2252 0 0
1219 T 275 735 1155 0 0
1219 T 1098 742 275 0 0
1219 T 822 2272 1327 0 0
1219 T 1329 382 812 0 0
1219 T 809 382 1284 0 0
1219 T 1286 2350 815 0 0
1219 T 406 2237 1335 0 0
1219 T 1294 2311 399 0 0
1219 T 358 1233 404 0 0
1219 T 2016 1444 1233 0 0
1219 T 401 1275 351 0 0
1219 T 1275 1398 2021 0 0
1219 T 2213 1278 1546 0 0
1219 T 1546 1232 2155 0 0
1219 T 2505 395 1899 0 0
1219 T 1087 397 349 0 0
1219 T 1850 394 2543 0 0
1219 T 344 392 1150 0 0
1219 T 1482 434 1899 1 0
1219 T 2505 403 1480 0 0
1219 T 403 395 434 0 0
1219 T 1477 402 2543 0 0
1219 T 1850 431 1475 0 0
1219 T 431 394 402 0 0
1219 T 4 1888 2040 0 0
1219 T 2042 1272 1452 0 0
1219 T 2037 1942 4 0 0
1219 T 1406 1230 2035 0 0
1219 T 370 1411 260 0 0
1219 T 1411 2021 1821 0 0
1219 T 257 1461 363 0 0
1219 T 1751 2016 1461 0 0
1219 T 174 204 180 0 0
1219 T 1737 2494 172 0 0
1219 T 204 2492 798 0 0
1219 T 177 201 167 0 0
1219 T 169 2432 1803 0 0
1219 T 798 2434 201 0 0
1219 T 2358 2281 574 0 0
1219 T 1474 1470 1466 -1 0
1219 T 242 1124 348 0 0
1219 T 2053 1946 1124 0 0
1219 T 345 1185 235 0 0
1219 T 1185 1892 2056 0 0
1219 T 538 1322 616 0 0
1219 T 618 663 624 0 0
1219 T 2578 665 1322 0 0
1219 T 621 662 611 0 0
1219 T 613 1364 531 0 0
1219 T 1364 660 2536 0 0
1219 T 490 666 1263 0 0
1219 T 1222 659 483 0 0
1219 T 1265 2032 1315 0 0
1219 T 5 2034 1830 0 0
1219 T 1361 2029 1220 0 0
1219 T 1760 2027 5 0 0
1219 T 2590 150 2548 0 0
1219 T 2241 131 2588 0 0
1219 T 2585 138 2315 0 0
1219 T 2510 143 2583 0 0
1219 T 554 1056 1631 0 0
1219 T 1633 1018 2231 0 0
1219 T 1554 1053 547 0 0
1219 T 2309 1011 1552 0 0
1219 T 206 1226 588 0 0
1219 T 590 586 594 1 0
1219 T 2379 1269 1226 0 0
1219 T 586 1267 200 0 0
1219 T 906 2529 172 0 0
1219 T 2529 112 2492 0 0
1219 T 169 2567 899 0 0
1219 T 2434 117 2567 0 0
1219 T 406 2582 536 0 0
1219 T 2235 252 2582 0 0
1219 T 533 2540 399 0 0
1219 T 2540 249 2313 0 0
1219 T 567 2280 2004 0 0
1219 T 2006 1935 1599 0 0
1219 T 2005 2358 567 0 0
1219 T 1681 1885 2003 0 0
1219 T 2405 669 1079 0 0
1219 T 1309 667 448 0 0
1219 T 454 668 1351 0 0
1219 T 2464 1139 668 0 0
1219 T 610 95 1235 0 0
1219 T 1237 2376 1331 0 0
1219 T 1194 95 603 0 0
1219 T 1290 2373 1192 0 0
1219 T 690 2517 1235 0 0
1219 T 1237 444 680 0 0
1219 T 677 441 1192 0 0
1219 T 1194 2555 683 0 0
1219 T 2342 1514 1347 0 0
1219 T 1306 1515 2264 0 0
1219 T 220 224 228 0 0
1219 T 1069 1067 1069 1 0
1219 T 1075 2320 1672 0 0
1219 T 1670 214 1077 0 0
1219 T 214 1678 2320 0 0
1219 T 1136 215 1588 0 0
1219 T 1594 2246 1138 0 0
1219 T 2246 1596 215 0 0
1219 T 0 2644 2595 0 0
1219 T 2597 326 1472 0 0
1219 T 1470 320 2644 0 0
1219 T 318 1886 2676 0 0
1219 T 2678 2035 324 0 0
1219 T 2035 1884 339 0 0
1219 T 321 2042 2628 0 0
1219 T 2630 1936 311 0 0
1219 T 338 1938 2042 0 0
1219 T 698 2677 616 0 0
1219 T 613 2627 691 0 0
1219 T 922 467 2660 0 0
1219 T 2662 29 148 0 0
1219 T 145 32 2612 0 0
1219 T 2614 466 915 0 0
1219 T 737 1452 2520 0 0
1219 T 2562 1406 740 0 0
1219 T 350 384 344 0 0
1219 T 346 1053 2607 0 0
1219 T 2658 1055 348 0 0
1219 T 2609 8 2656 0 0
1219 T 626 1405 696 0 0
1219 T 698 741 704 0 0
1219 T 701 736 691 0 0
1219 T 693 1451 619 0 0
1219 T 1901 1849 1486 0 0
1219 T 206 2370 2615 0 0
1219 T 2617 1057 588 0 0
1219 T 585 1052 2663 0 0
1219 T 2665 2292 199 0 0
1219 T 474 1773 2668 0 0
1219 T 2670 1540 464 0 0
1219 T 1542 2622 469 0 0
1219 T 475 2620 1841 0 0
1219 T 527 531 524 0 0
1219 T 526 2540 1239 0 0
1219 T 1241 401 529 0 0
1219 T 529 404 1196 0 0
1219 T 521 538 527 0 0
1219 T 1198 2582 519 0 0
1219 T 1482 1478 1486 1 0
1219 T 1421 448 2599 0 0
1219 T 2601 502 696 0 0
1219 T 502 450 458 0 0
1219 T 693 503 2647 0 0
1219 T 2649 453 1372 0 0
1219 T 459 451 503 0 0
1219 T 1345 2336 888 0 0
1219 T 885 2262 1300 0 0
1219 T 1662 1127 2372 0 0
1219 T 1127 469 193 0 0
1219 T 2377 1190 1580 0 0
1219 T 188 464 1190 0 0
1219 T 546 2616 1631 0 0
1219 T 1554 2666 539 0 0
1219 T 1781 1833 1783 0 0
1219 T 2233 1179 1779 0 0
1219 T 1714 1122 2307 0 0
1219 T 1718 1763 1712 0 0
1219 T 2380 1462 1413 0 0
1219 T 618 2653 529 0 0
1219 T 2653 1880 399 0 0
1219 T 529 2603 611 0 0
1219 T 406 1934 2603 0 0
1219 T 830 667 2599 0 0
1219 T 2649 667 823 0 0
1219 T 238 333 240 0 0
1219 T 2658 2074 396 0 0
1219 T 393 2096 2608 0 0
1219 T 1628 1632 1639 0 0
1219 T 1121 1634 2390 0 0
1219 T 1562 1553 1549 0 0
1219 T 2448 1551 1180 0 0
1219 T 1658 233 2411 0 0
1219 T 1654 1676 1656 0 0
1219 T 2413 1109 1652 0 0
1219 T 1670 1696 1664 0 0
1219 T 1666 2405 1077 0 0
1219 T 1574 1168 2471 0 0
1219 T 1578 1598 1572 0 0
1219 T 2473 233 1576 0 0
1219 T 1136 2463 1584 0 0
1219 T 1586 1618 1588 0 0
1219 T 1320 2653 521 0 0
1219 T 524 2603 1366 0 0
1219 T 306 1129 1504 0 0
1219 T 2499 1542 1129 0 0
1219 T 1501 1188 299 0 0
1219 T 1188 1542 2441 0 0
1219 T 1403 2677 665 0 0
1219 T 660 2627 1453 0 0
1219 T 1879 2026 1934 0 0
1219 T 398 1991 2603 0 0
1219 T 1932 1993 433 0 0
1219 T 2653 1998 391 0 0
1219 T 432 1996 1882 0 0
1219 T 2597 590 1895 0 0
1219 T 1846 583 2643 0 0
1219 T 243 2583 2235 0 0
1219 T 2582 2585 237 0 0
1219 T 2313 2590 243 0 0
1219 T 240 2588 2540 0 0
1219 T 649 2336 2408 0 0
1219 T 2470 2262 649 0 0
1219 T 194 2502 2619 0 0
1219 T 2669 2440 187 0 0
1219 T 1441 279 2511 0 0
1219 T 2513 306 656 0 0
1219 T 653 299 2551 0 0
1219 T 2553 286 1392 0 0
1219 T 1081 1101 1075 0 0
1219 T 1077 1747 2324 0 0
1219 T 659 1749 1101 0 0
1219 T 1138 1160 1140 0 0
1219 T 2250 1817 1136 0 0
1219 T 1817 664 1160 0 0
1219 T 1781 73 2227 0 0
1219 T 2229 1588 1783 0 0
1219 T 1798 1839 1792 0 0
1219 T 1794 2289 1559 0 0
1219 T 2289 1841 10 0 0
1219 T 1718 1670 2303 0 0
1219 T 2305 68 1712 0 0
1219 T 1642 2363 1724 0 0
1219 T 1726 1773 1728 0 0
1219 T 10 1771 2363 0 0
1219 T 522 1154 392 0 0
1219 T 1093 525 397 0 0
1219 T 706 2563 836 0 0
1219 T 838 1714 709 0 0
1219 T 1714 2565 711 0 0
1219 T 709 1779 831 0 0
1219 T 833 2525 699 0 0
1219 T 718 2523 1779 0 0
1219 T 2165 1829 1956 0 0
1219 T 2221 992 2163 0 0
1219 T 1957 1759 2108 0 0
1219 T 2110 997 2295 0 0
1219 T 2550 912 1243 0 0
1219 T 1202 909 2508 0 0
1219 T 146 157 148 0 0
1219 T 2662 156 2611 0 0
1219 T 1253 2492 756 0 0
1219 T 753 2434 1208 0 0
1219 T 2449 1016 1712 0 0
1219 T 1781 1013 2387 0 0
1219 T 526 599 520 0 0
1219 T 522 238 1071 0 0
1219 T 1133 240 524 0 0
1219 T 1073 56 1131 0 0
1219 T 668 1585 1161 0 0
1219 T 1169 1177 1171 0 0
1219 T 1177 2474 658 0 0
1219 T 1665 670 1100 0 0
1219 T 1114 1116 1108 0 0
1219 T 1116 653 2414 0 0
1219 T 2601 1162 704 0 0
1219 T 1162 502 739 0 0
1219 T 701 1099 2647 0 0
1219 T 738 503 1099 0 0
1219 T 1133 2239 608 0 0
1219 T 1241 2590 1131 0 0
1219 T 605 2317 1072 0 0
1219 T 1074 2583 1196 0 0
1219 T 1954 2033 1956 0 0
1219 T 2165 4 1952 0 0
1219 T 1957 2028 1947 0 0
1219 T 1949 4 2108 0 0
1219 T 1649 2026 1567 0 0
1219 T 182 1414 1980 0 0
1219 T 1990 1820 180 0 0
1219 T 1982 2022 1988 0 0
1219 T 177 1754 1983 0 0
1219 T 1985 2015 1975 0 0
1219 T 1977 1460 175 0 0
1219 T 151 1770 2045 0 0
1219 T 2043 2046 2050 0 0
1219 T 2046 1835 152 0 0
1219 T 830 1586 704 0 0
1219 T 701 1664 823 0 0
1219 T 1127 1513 2534 0 0
1219 T 2572 1516 1190 0 0
1219 T 1137 26 2460 0 0
1219 T 2462 11 2243 0 0
1219 T 2321 11 2400 0 0
1219 T 2402 23 1076 0 0
1219 T 394 437 396 0 0
1219 T 2585 1456 1200 0 0
1219 T 1245 1410 2588 0 0
1219 T 194 2294 2708 0 0
1219 T 2710 9 2619 0 0
1219 T 2705 2368 187 0 0
1219 T 2669 9 2703 0 0
1219 T 1982 1978 1974 -1 0
1219 T 1433 108 1980 1 0
1219 T 108 1385 1978 0 0
1219 T 2565 1059 1584 0 0
1219 T 1666 1066 2523 0 0
1219 T 2513 505 2472 0 0
1219 T 1177 503 304 0 0
1219 T 2414 500 2551 0 0
1219 T 301 502 1116 0 0
1219 T 2036 2005 2009 0 0
1219 T 2007 1679 340 0 0
1219 T 337 1601 2014 0 0
1219 T 2012 2004 2041 0 0
1219 T 106 2569 2700 0 0
1219 T 2702 2432 108 0 0
1219 T 109 2494 2695 0 0
1219 T 2697 2527 99 0 0
1219 T 398 1811 2715 0 0
1219 T 2717 1045 524 0 0
1219 T 521 1048 2739 0 0
1219 T 2741 1745 391 0 0
1219 T 2717 1 2740 0 -1
1219 T 1633 2363 624 0 0
1219 T 621 2289 1552 0 0
1219 T 1654 2333 648 0 0
1219 T 2333 1676 1740 0 0
1219 T 2303 627 1664 0 0
1219 T 648 2255 1572 0 0
1219 T 1810 1598 2255 0 0
1219 T 1586 634 2229 0 0
1219 T 1313 1030 2527 0 0
1219 T 2569 1030 1355 0 0
1219 T 2474 2638 104 0 0
1219 T 2638 234 1030 0 0
1219 T 101 2684 2412 0 0
1219 T 1030 234 2684 0 0
1219 T 508 510 508 0 0
1219 T 510 2435 2496 0 0
1219 T 1 2 1 1 0
1219 T 2058 2054 2050 0 0
1219 T 110 2687 2511 -1 0
1219 T 751 279 2687 0 0
1219 T 2553 2641 107 0 0
1219 T 2641 286 758 0 0
1219 T 1433 2476 1988 0 0
1219 T 1383 1984 2415 0 0
1219 T 1437 2203 920 0 0
1219 T 2203 67 975 0 0
1219 T 917 2149 1388 0 0
1219 T 978 74 2149 -1 0
1219 T 1939 2353 2009 0 0
1219 T 2012 2275 1889 0 0
1219 T 230 2752 2063 0 0
1219 T 983 463 2752 0 0
1219 T 2089 2730 223 0 0
1219 T 2730 470 990 0 0
1219 T 0 2444 2383 0 0
1219 T 2385 732 1952 0 0
1219 T 1950 730 2444 0 0
1219 T 306 2737 1692 0 0
1219 T 1513 2735 311 0 0
1219 T 1614 2759 299 0 0
1219 T 318 2761 1516 0 0
1219 T 2165 2109 1486 0 0
1219 T 718 2592 2227 0 0
1219 T 2525 73 2592 0 0
1219 T 2305 2592 711 0 0
1219 T 2592 68 2563 0 0
1219 T 1998 2025 1992 0 0
1219 T 488 2492 2641 0 0
1219 T 2687 2434 485 0 0
1219 T 42 68 72 -1 0
1219 T 2149 2206 42 0 0
1219 T 474 2365 2704 0 0
1219 T 2290 478 2710 0 0
1219 T 490 502 496 0 0
1219 T 1317 2755 488 0 0
1219 T 502 2757 776 0 0
1219 T 493 503 483 0 0
1219 T 485 2733 1359 0 0
1219 T 776 2731 503 0 0
1219 T 1487 855 2163 -1 0
1219 T 2221 849 1489 0 0
1219 T 1489 852 2295 0 0
1219 T 2110 858 1487 0 0
1219 T 118 1891 2680 0 0
1219 T 2682 1 2631 0 -1
1219 T 2633 1946 112 0 0
1219 T 2342 2736 452 0 0
1219 T 449 2762 2264 0 0
1219 T 498 2686 2527 0 0
1219 T 2637 494 2570 0 0
1219 T 195 2703 2615 0 0
1219 T 2665 2710 195 0 0
1219 T 664 2032 2757 0 0
1219 T 2731 2029 661 0 0
1219 T 2591 1663 1924 0 0
1219 T 1874 1585 2591 0 0
1219 T 2754 158 2727 0 0
1219 T 230 2725 1988 0 0
1219 T 456 2476 2725 0 0
1219 T 462 2750 2415 0 0
1219 T 224 1984 2750 0 0
1219 T 1161 2758 732 0 0
1219 T 729 2732 1100 0 0
1219 T 1487 1490 1486 -1 0
1219 T 2474 493 2700 0 0
1219 T 2697 496 2412 0 0
1219 T 1573 2275 2468 0 0
1219 T 2410 2353 1651 0 0
1219 T 830 2682 1472 0 0
1219 T 1469 2632 823 0 0
1219 T 1922 58 1867 1 0
1219 T 36 1563 1795 -1 0
1219 T 36 1727 1644 0 0
1219 T 2702 483 2511 0 0
1219 T 2553 490 2695 0 0
1219 T 1818 2031 732 0 0
1219 T 729 2030 1748 0 0
1219 T 182 178 46 1 0
1219 T 922 2624 180 0 0
1219 T 178 2673 916 0 0
1219 T 2624 61 2673 0 0
1219 T 306 453 2422 0 0
1219 T 2420 2339 1692 0 0
1219 T 299 2482 450 0 0
1219 T 1614 2265 2482 0 0
1219 T 252 2744 2045 0 0
1219 T 2065 153 2744 0 0
1219 T 2045 2722 249 0 0
1219 T 2722 153 2087 0 0
1219 T 1425 2704 1631 0 0
1219 T 1554 2709 1376 0 0
1219 T 75 79 76 0 0
1219 T 220 2719 2744 0 0
1219 T 1702 380 2775 0 0
1219 T 2777 2794 7 0 0
1219 T 2794 379 1619 0 0
1219 T 751 2203 2626 0 0
1219 T 2672 2149 758 0 0
1219 T 682 2791 812 0 0
1219 T 809 2777 675 0 0
1219 T 1649 2430 1731 0 0
1219 T 1645 1694 1647 0 0
1219 T 1694 69 2430 0 0
1219 T 1570 1612 1564 0 0
1219 T 1801 2488 1568 0 0
1219 T 1612 2490 74 0 0
1219 T 2421 1176 460 0 0
1219 T 457 1117 2479 0 0
1219 T 2385 1816 1956 0 0
1219 T 1957 1750 2443 0 0
1219 T 2318 2331 2320 0 0
1219 T 2246 2257 2240 0 0
1219 T 462 2800 2340 0 0
1219 T 2748 68 2800 0 0
1219 T 2266 2797 455 0 0
1219 T 2797 73 2726 0 0
1219 T 1990 1171 1647 0 0
1219 T 1569 1113 1984 0 0
1219 T 1647 2784 642 0 0
1219 T 2784 1643 1083 0 0
1219 T 643 2770 1570 0 0
1219 T 1146 1566 2770 0 0
1219 T 1633 2711 1779 0 0
1219 T 1016 1179 2711 0 0
1219 T 1714 2711 1552 0 0
1219 T 2711 1122 1013 0 0
1219 T 672 676 680 0 0
1219 T 440 436 446 0 0
1219 T 34 2399 1076 0 0
1219 T 34 1135 2459 0 0
1219 T 1177 2749 2430 0 0
1219 T 1694 2801 1175 0 0
1219 T 1118 2796 1612 0 0
1219 T 2488 2723 1116 0 0
1219 T 2338 2353 2332 0 0
1219 T 2258 2275 2260 0 0
1219 T 799 803 800 0 0
1219 T 2786 128 2767 0 0
1219 T 1798 1146 2816 0 0
1219 T 2818 635 1792 0 0
1219 T 1726 638 2808 1 0
1219 T 2810 1083 1728 0 0
1219 T 1071 2780 2320 0 0
1219 T 606 2331 2780 0 0
1219 T 2246 2766 1134 0 0
1219 T 2766 2257 607 0 0
1219 T 2818 129 2807 0 0
1219 T 2331 2693 2258 0 0
1219 T 2256 95 2790 0 0
1219 T 2788 438 2773 0 0
1219 T 2771 96 2333 0 0
1219 T 671 673 671 0 0
1219 T 2074 2353 2772 0 0
1219 T 2790 2275 2096 0 0
1219 T 1133 2460 2812 0 0
1219 T 2814 11 2763 0 0
1219 T 2781 11 2804 0 0
1219 T 2806 2402 1072 0 0
1219 T 60 62 60 0 0
1219 T 2428 2819 1173 0 0
1219 T 2819 1733 1990 0 0
1219 T 1112 2819 2490 0 0
1219 T 1983 1799 2819 0 0
1219 T 2804 671 2813 0 0
1219 T 2764 673 2781 0 0
1219 T 2723 2821 1110 0 0
1219 T 1167 2821 2749 0 0
1219 T 2809 2785 36 0 0
1219 T 36 2767 2815 -1 0
1219 T 2828 374 2825 0 0
1219 T 2385 2834 2444 0 0
1219 T 1747 2832 1818 0 0
1219 T 33 2248 2840 0 0
1219 T 2842 1817 2460 0 0
1219 T 2402 1747 2836 0 0
1219 T 2838 2326 33 0 0
1219 T 2837 48 2840 1 0
1219 T 56 2835 2840 0 0
1219 T 2846 1750 2803 -1 0
1219 T 2814 1815 2844 0 0
1219 T 2805 2831 2812 0 0
1219 T 2832 2834 2832 0 0
1219 T 1133 2840 2844 0 0
1219 T 2845 2838 1072 1 0
1219 U 68 1 4 0 0
1219 U 1674 1 1 0 0
1219 U 1105 4 1 0 0
1219 U 24 2 1 0 0
1219 U 12 1 2 0 0
1219 U 1705 4 4 0 0
1219 U 16 4 3 0 0
1219 U 10 3 4 0 0
1219 U 1163 5 8 0 0
1219 U 1591 5 5 0 0
1219 U 74 8 5 0 0
1219 U 11 6 5 0 0
1219 U 26 5 6 0 0
1219 U 1624 8 8 0 0
1219 U 9 8 7 0 0
1219 U 17 7 8 0 0
1219 U 2172 9 19 0 0
1219 U 1557 20 9 0 0
1219 U 14 19 20 0 0
1219 U 414 18 9 0 0
1219 U 2209 20 18 0 0
1219 U 2178 14 9 0 0
1219 U 1610 18 14 0 0
1219 U 2825 13 9 0 0
1219 U 37 14 13 0 0
1219 U 422 15 9 0 0
1219 U 1603 13 15 0 0
1219 U 1615 15 19 0 0
1219 U 1579 11 17 0 0
1219 U 454 19 11 0 0
1219 U 2202 15 11 0 0
1219 U 20 12 11 0 0
1219 U 445 15 12 0 0
1219 U 2198 14 11 0 0
1219 U 463 14 17 0 0
1219 U 32 17 18 0 0
1219 U 2119 21 26 0 0
1219 U 418 30 21 0 0
1219 U 1687 26 30 0 0
1219 U 1637 32 21 0 0
1219 U 2152 30 32 0 0
1219 U 2117 31 21 0 0
1219 U 13 32 31 0 0
1219 U 426 27 21 0 0
1219 U 1698 31 27 0 0
1219 U 2830 25 21 0 0
1219 U 1686 27 25 0 0
1219 U 38 25 26 0 0
1219 U 1660 23 29 0 0
1219 U 2141 26 23 0 0
1219 U 469 29 26 0 0
1219 U 442 28 23 0 0
1219 U 21 24 23 0 0
1219 U 2146 28 24 0 0
1219 U 450 31 23 0 0
1219 U 30 30 29 0 0
1219 U 0 33 52 0 0
1219 U 1845 58 33 0 0
1219 U 1895 52 39 0 0
1219 U 594 39 58 0 0
1219 U 1486 52 33 0 0
1219 U 42 58 39 -1 0
1219 U 1950 43 33 0 0
1219 U 1952 52 62 0 0
1219 U 7 62 43 1 0
1219 U 780 43 62 0 0
1219 U 166 35 54 0 0
1219 U 1249 55 35 0 0
1219 U 1203 54 38 0 0
1219 U 79 38 55 0 0
1219 U 220 54 35 0 0
1219 U 437 55 38 0 0
1219 U 1341 57 35 0 0
1219 U 1295 54 40 0 0
1219 U 1814 68 37 0 0
1219 U 1743 56 49 0 0
1219 U 2 49 68 0 0
1219 U 1068 68 49 0 0
1219 U 1399 41 63 0 0
1219 U 54 60 41 0 0
1219 U 1450 46 60 0 0
1219 U 155 63 46 0 0
1219 U 40 59 41 0 0
1219 U 60 60 41 0 0
1219 U 333 46 63 0 0
1219 U 1621 66 43 0 0
1219 U 1700 62 47 0 0
1219 U 384 47 66 0 0
1219 U 126 66 47 0 0
1219 U 1185 65 45 0 0
1219 U 1123 64 48 0 0
1219 U 27 50 49 0 0
1219 U 28 68 67 -1 0
1219 Q 296 762 296 762 0 0 0 0 0 0
1219 Q 130 862 296 860 0 0 0 0 0 0
1219 Q 80 954 7 956 0 0 0 0 0 0
1219 Q 948 82 948 82 0 0 0 0 0 0
1219 Q 60 982 60 982 0 0 0 0 0 0
1219 Q 990 43 984 62 0 0 0 0 0 0
1219 Q 331 601 331 601 0 0 0 0 0 0
1219 Q 296 766 41 765 0 0 0 0 0 0
1219 Q 124 794 124 794 0 0 0 0 0 0
1219 Q 164 878 2 880 0 -1 0 0 0 0
1219 Q 1 867 127 865 0 0 -1 1 0 1
1219 Q 0 1466 0 1466 0 0 0 0 0 0
1219 Q 1417 44 1367 0 0 0 0 0 0 0
1219 Q 972 296 970 1 0 0 0 0 0 0
1219 Q 2023 61 2023 61 0 0 0 0 0 0
1219 Q 1972 222 1972 222 0 0 0 0 0 0
1219 Q 1325 509 1279 0 0 0 0 0 0 0
1219 Q 46 1569 62 1647 0 0 0 0 -1 0
1219 Q 81 19 80 21 0 0 0 0 0 0
1219 Q 62 1171 572 1113 0 0 0 0 0 0
1219 Q 672 806 672 806 0 0 0 0 0 0
1219 Q 0 802 671 801 0 0 0 0 0 0
