0
0 d=919
0
919 A 4 0 -1 2 1 -2
919 A 5 0 -1 2 1 -2
919 A 8 0 3 2 -3 -2
919 A 8 0 -3 2 3 -2
919 A 8 0 1 2 -1 -2
919 A 8 0 -1 2 1 -2
919 A 10 0 -1 2 1 -2
919 A 11 0 3 5 -3 -5
919 A 13 0 6 1 -6 -1
919 A -1 1 91 0 -91 0
919 A 0 1 91 0 -91 0
919 A -2 1 59 0 -59 0
919 A -2 1 57 0 -57 0
919 A -2 1 113 1 -113 -1
919 A 1 1 59 0 -59 0
919 A 1 1 57 0 -57 0
919 A 1 1 -114 1 114 -1
919 A -3 1 114 1 -114 -1
919 A 2 1 -115 1 115 -1
919 A 16 0 5 6 -5 -6
919 A 16 0 -5 2 5 -2
919 A 16 0 3 2 -3 -2
919 A 16 0 -3 6 3 -6
919 A -6 1 45 1 -45 -1
919 A -6 1 67 2 -67 -2
919 A 5 1 -46 1 46 -1
919 A 5 1 -69 2 69 -2
919 A -7 1 26 1 -26 -1
919 A -7 1 89 2 -89 -2
919 A 6 1 -91 2 91 -2
919 A 6 1 -27 1 27 -1
919 A -8 1 107 3 -107 -3
919 A 7 1 -110 3 110 -3
919 A 17 0 -4 8 4 -8
919 A -10 1 21 1 -21 -1
919 A 9 1 -22 1 22 -1
919 A -11 1 68 3 -68 -3
919 A 10 1 -71 3 71 -3
919 A 20 0 9 2 -9 -2
919 A 20 0 -1 2 1 -2
919 A -15 1 71 4 -71 -4
919 A 14 1 -75 4 75 -4
919 A 22 0 -3 6 3 -6
919 A -19 1 60 5 -60 -5
919 A 18 1 -65 5 65 -5
919 A 25 0 11 3 -11 -3
919 A 26 0 7 12 -7 -12
919 A -23 1 91 10 -91 -10
919 A -23 1 24 1 -24 -1
919 A 22 1 -25 1 25 -1
919 A 22 1 -101 10 101 -10
919 A 32 0 -5 10 5 -10
919 A 32 0 5 6 -5 -6
919 A 32 0 -11 6 11 -6
919 A -12 2 39 2 -39 -2
919 A 10 2 -41 2 41 -2
919 A -20 2 131 6 -131 -6
919 A 18 2 -137 6 137 -6
919 A 5 0 2 1 2 1
919 A 7 0 2 3 2 3
919 A 9 0 -1 2 -1 2
919 A 13 0 4 5 4 5
919 A 15 0 7 1 7 1
919 A 15 0 -2 4 -2 4
919 A 17 0 -1 2 -1 2
919 A 19 0 7 5 7 5
919 A 21 0 -2 4 -2 4
919 A 21 0 -5 10 -5 10
919 A 25 0 -2 4 -2 4
919 A 5 0 -3 2 2 -1
919 A 5 0 1 2 -1 -1
919 A 7 0 -4 3 4 -2
919 A 7 0 3 1 -1 2
919 A 7 0 -3 1 -1 3
919 A 7 0 -3 2 -1 -2
919 A 7 0 -3 3 0 2
919 A 7 0 2 2 -1 -3
919 A 7 0 2 1 -2 3
919 A 7 0 -2 1 1 1
919 A 7 0 -2 2 0 3
919 A 7 0 -1 1 0 -1
919 A 9 0 -5 4 -2 1
919 A 9 0 -5 2 -3 -2
919 A 9 0 4 1 -2 4
919 A 9 0 -4 1 -3 -1
919 A 9 0 -4 2 2 2
919 A 9 0 -4 4 0 -4
919 A 9 0 -6 4 1 2
919 A 9 0 -3 1 1 -4
919 A 9 0 -3 2 2 4
919 A 9 0 -3 4 -2 -1
919 A 9 0 -2 2 0 1
919 A 9 0 1 4 1 1
919 A 9 0 -1 1 0 2
919 A 11 0 -6 5 4 -2
919 A 11 0 -6 4 5 -1
919 A 11 0 -6 3 -7 4
919 A 11 0 -6 2 -2 -1
919 A 11 0 5 1 -4 -3
919 A 11 0 -5 3 2 3
919 A 11 0 -5 5 0 2
919 A 11 0 4 2 3 -1
919 A 11 0 4 1 -2 -4
919 A 11 0 -4 3 2 -5
919 A 11 0 -4 4 0 -3
919 A 11 0 -4 5 -3 4
919 A 11 0 3 4 3 3
919 A 11 0 -3 2 -1 -2
919 A 11 0 -3 3 0 -4
919 A 11 0 -3 5 -1 -3
919 A 11 0 2 2 -1 -5
919 A 11 0 -2 1 1 1
919 A 11 0 -2 2 0 5
919 A 11 0 -1 1 0 -1
919 A 11 0 -1 5 -1 4
919 A 11 0 -1 2 -2 4
919 A 12 0 5 2 -1 2
919 A 12 0 -5 2 -3 -2
919 A 12 0 -3 2 -1 -2
919 A 13 0 -7 6 -2 1
919 A 13 0 -7 5 3 1
919 A 13 0 -7 4 -4 -1
919 A 13 0 -7 3 6 -2
919 A 13 0 -7 2 3 -4
919 A 13 0 -6 3 2 2
919 A 13 0 -6 5 4 -6
919 A 13 0 -6 6 0 -6
919 A 13 0 -8 6 1 3
919 A 13 0 -8 5 8 -4
919 A 13 0 5 3 -2 4
919 A 13 0 5 2 1 -4
919 A 13 0 -5 1 -3 -4
919 A 13 0 -5 2 -3 -2
919 A 13 0 -5 4 -2 5
919 A 13 0 -5 5 0 -2
919 A 13 0 -5 6 -2 -1
919 A 13 0 4 4 -3 -5
919 A 13 0 4 3 -4 -2
919 A 13 0 -4 1 2 5
919 A 13 0 -4 2 3 3
919 A 13 0 -4 3 2 6
919 A 13 0 -4 4 0 4
919 A 13 0 -3 1 1 -6
919 A 13 0 -3 3 0 1
919 A 13 0 -3 5 1 4
919 A 13 0 -2 2 0 -5
919 A 13 0 -2 3 -1 3
919 A 13 0 1 6 1 1
919 A 13 0 1 5 2 -6
919 A 13 0 -1 1 0 3
919 A 13 0 -1 2 -3 6
919 A 15 0 -8 7 -8 4
919 A 15 0 -8 2 -3 4
919 A 15 0 -7 1 3 -7
919 A 15 0 -7 4 3 -1
919 A 15 0 -9 7 4 -1
919 A 15 0 6 2 -1 4
919 A 15 0 6 1 4 -7
919 A 15 0 -6 2 -4 -2
919 A 15 0 -6 4 1 2
919 A 15 0 -6 7 1 -7
919 A 15 0 4 7 1 -2
919 A 15 0 4 4 1 7
919 A 15 0 -4 2 -1 -1
919 A 15 0 3 4 -2 -1
919 A 15 0 3 1 -2 -7
919 A 15 0 -3 2 2 4
919 A 15 0 2 2 2 -1
919 A -1 1 113 0 -57 0
919 A -1 1 111 0 29 0
919 A -1 1 109 0 -19 0
919 A -1 1 107 0 -43 0
919 A -1 1 101 0 -41 0
919 A -1 1 97 0 -83 0
919 A -1 1 93 0 -47 0
919 A -1 1 89 0 31 0
919 A -1 1 87 0 37 0
919 A -1 1 61 0 49 0
919 A -1 1 59 0 -39 0
919 A -1 1 27 0 17 0
919 A 0 1 113 0 -57 0
919 A 0 1 111 0 29 0
919 A 0 1 109 0 -19 0
919 A 0 1 107 0 -43 0
919 A 0 1 101 0 -41 0
919 A 0 1 97 0 -83 0
919 A 0 1 93 0 -47 0
919 A 0 1 89 0 31 0
919 A 0 1 87 0 37 0
919 A 0 1 61 0 49 0
919 A 0 1 59 0 -39 0
919 A 0 1 27 0 17 0
919 A -2 1 111 1 39 0
919 A -2 1 109 1 -23 0
919 A -2 1 107 1 81 1
919 A -2 1 99 1 -83 -1
919 A -2 1 95 1 55 0
919 A -2 1 71 0 49 0
919 A -2 1 69 0 -37 0
919 A -2 1 61 0 19 0
919 A -2 1 43 0 -27 0
919 A -2 1 41 0 -17 0
919 A 1 1 71 0 49 0
919 A 1 1 69 0 -37 0
919 A 1 1 61 0 19 0
919 A 1 1 55 0 96 -1
919 A 1 1 43 0 -27 0
919 A 1 1 41 0 -17 0
919 A 1 1 39 0 112 -1
919 A 1 1 23 0 -110 1
919 A 1 1 -82 1 -108 1
919 A 1 1 -84 1 100 -1
919 A -3 1 112 1 -39 0
919 A -3 1 100 1 -52 -1
919 A -3 1 94 1 -70 -1
919 A -3 1 82 1 -25 0
919 A -3 1 58 1 -86 -1
919 A -3 1 37 0 48 1
919 A -3 1 31 0 -96 -1
919 A -3 1 19 0 -84 -1
919 A -3 1 68 1 110 1
919 A -3 1 108 1 17 0
919 A -3 1 54 1 -29 0
919 A -3 1 41 0 23 0
919 A 2 1 -113 1 39 0
919 A 2 1 -111 1 -69 1
919 A 2 1 -109 1 -17 0
919 A 2 1 -101 1 53 -1
919 A 2 1 -97 1 31 0
919 A 2 1 -95 1 71 -1
919 A 2 1 41 0 23 0
919 A 2 1 37 0 49 -1
919 A 2 1 29 0 -55 1
919 A 2 1 25 0 -83 1
919 A 2 1 19 0 -85 1
919 A 2 1 -59 1 87 -1
919 A -4 1 35 1 31 0
919 A -4 1 39 1 41 1
919 A -4 1 47 1 -19 0
919 A -4 1 55 1 37 1
919 A -4 1 59 1 -69 -1
919 A -4 1 63 1 61 1
919 A -4 1 103 2 101 2
919 A -4 1 107 2 97 1
919 A -4 1 111 2 57 1
919 A -4 1 87 1 109 2
919 A -4 1 83 1 85 1
919 A -4 1 71 1 -67 -1
919 A -4 1 23 0 21 0
919 A -4 1 53 1 -17 0
919 A -4 1 29 0 25 0
919 A 3 1 -88 1 -111 2
919 A 3 1 -70 1 60 -1
919 A 3 1 31 0 36 -1
919 A 3 1 25 0 29 0
919 A 3 1 19 0 -48 1
919 A 3 1 17 0 -54 1
919 A 3 1 23 0 21 0
919 A 3 1 -38 1 -56 1
919 A 3 1 -62 1 -64 1
919 A 3 1 -68 1 72 -1
919 A 3 1 -86 1 -84 1
919 A 3 1 -98 1 -109 2
919 A 3 1 -113 2 -58 1
919 A 3 1 -42 1 -40 1
919 A 3 1 -105 2 -103 2
919 A -5 1 107 2 42 1
919 A -5 1 87 2 62 1
919 A -5 1 17 0 -93 -2
919 A -5 1 28 1 48 1
919 A -5 1 38 1 83 2
919 A -5 1 111 2 -26 -1
919 A -5 1 91 2 89 2
919 A -5 1 56 1 -36 -1
919 A -5 1 46 1 44 1
919 A -5 1 21 0 109 2
919 A -5 1 24 1 -64 -1
919 A -5 1 34 1 -99 -2
919 A -5 1 79 2 -54 -1
919 A -5 1 58 1 113 2
919 A 4 1 17 0 -95 2
919 A 4 1 21 0 111 -2
919 A 4 1 -25 1 65 -1
919 A 4 1 -29 1 -49 1
919 A 4 1 -37 1 57 -1
919 A 4 1 -45 1 -47 1
919 A 4 1 -81 2 55 -1
919 A 4 1 -85 2 -39 1
919 A 4 1 -89 2 -63 1
919 A 4 1 -93 2 -91 2
919 A 4 1 -101 2 35 -1
919 A 4 1 -109 2 -43 1
919 A 4 1 -113 2 27 -1
919 A 4 1 -59 1 -115 2
919 A 16 0 -9 6 1 2
919 A 16 0 7 2 1 -2
919 A 16 0 -7 2 -1 6
919 A 16 0 -7 6 -1 -6
919 A 16 0 5 2 -5 6
919 A 16 0 3 6 -3 2
919 A -6 1 105 3 81 2
919 A -6 1 87 2 21 0
919 A -6 1 69 2 -55 -1
919 A -6 1 63 1 -43 -1
919 A -6 1 57 1 27 1
919 A -6 1 21 1 65 2
919 A -6 1 101 3 -53 -1
919 A -6 1 101 2 23 0
919 A -6 1 95 2 17 0
919 A -6 1 89 2 -103 -3
919 A -6 1 35 1 19 0
919 A -6 1 25 1 97 2
919 A -6 1 37 1 -109 -3
919 A -6 1 85 2 61 1
919 A 5 1 -103 2 -23 0
919 A 5 1 -58 1 -28 1
919 A 5 1 17 0 97 -2
919 A 5 1 -22 1 -67 2
919 A 5 1 -62 1 -87 2
919 A 5 1 -112 3 38 -1
919 A 5 1 -99 2 -26 1
919 A 5 1 -89 2 -21 0
919 A 5 1 -64 1 44 -1
919 A 5 1 -54 1 104 -3
919 A 5 1 19 0 36 -1
919 A 5 1 -56 1 71 -2
919 A 5 1 -91 2 106 -3
919 A 5 1 -83 2 -108 3
919 A -7 1 108 3 -83 -2
919 A -7 1 87 2 28 1
919 A -7 1 59 2 -34 -1
919 A -7 1 52 1 -69 -2
919 A -7 1 38 1 -112 -3
919 A -7 1 53 2 55 2
919 A -7 1 67 2 40 1
919 A -7 1 51 2 -92 -3
919 A -7 1 16 1 -57 -2
919 A -7 1 61 2 22 1
919 A -7 1 36 1 -19 0
919 A -7 1 20 1 -110 -3
919 A 6 1 -113 3 21 -1
919 A 6 1 -89 2 -29 1
919 A 6 1 -53 1 71 -2
919 A 6 1 -41 1 -69 2
919 A 6 1 19 0 -37 1
919 A 6 1 -55 2 -57 2
919 A 6 1 -61 2 35 -1
919 A 6 1 -85 2 111 -3
919 A 6 1 -115 3 39 -1
919 A 6 1 -17 1 59 -2
919 A 6 1 -23 1 -63 2
919 A 6 1 -53 2 95 -3
919 A -8 1 13 1 -85 -3
919 A -8 1 21 1 53 2
919 A -8 1 29 1 69 2
919 A -8 1 45 2 59 2
919 A -8 1 77 3 -17 0
919 A -8 1 105 4 -95 -3
919 A -8 1 105 3 -43 -1
919 A -8 1 81 3 -63 -2
919 A -8 1 73 2 -37 -1
919 A -8 1 57 2 39 1
919 A -8 1 41 1 27 1
919 A -8 1 17 1 -79 -3
919 A -8 1 15 1 71 2
919 A -8 1 87 3 -51 -2
919 A -8 1 103 4 -101 -3
919 A -8 1 109 3 35 1
919 A -8 1 45 1 -19 -1
919 A -8 1 83 3 -107 -4
919 A 7 1 -108 3 44 -1
919 A 7 1 -73 2 -16 1
919 A 7 1 -38 1 75 -2
919 A 7 1 17 0 -80 3
919 A 7 1 -18 1 82 -3
919 A 7 1 -46 1 20 -1
919 A 7 1 -53 2 90 -3
919 A 7 1 -88 3 14 -1
919 A 7 1 -109 4 98 -3
919 A 7 1 -65 2 84 -3
919 A 7 1 -40 1 -59 2
919 A 7 1 -47 2 -61 2
919 A 7 1 -71 2 -30 1
919 A 7 1 -36 1 -112 3
919 A 7 1 -55 2 -22 1
919 A 7 1 -104 3 107 -4
919 A 7 1 -111 4 86 -3
919 A 7 1 -42 1 -28 1
919 A 17 0 -9 5 -5 -2
919 A 17 0 -9 4 -6 2
919 A 17 0 -9 3 -6 -3
919 A 17 0 -9 2 -8 5
919 A 17 0 -8 2 -6 -2
919 A 17 0 -8 3 11 -7
919 A 17 0 -8 4 -5 -5
919 A 17 0 -8 8 0 -4
919 A 17 0 -10 8 2 8
919 A 17 0 -10 7 -4 2
919 A 17 0 -10 5 -4 -4
919 A 17 0 -7 2 -4 -5
919 A 17 0 -7 3 3 -2
919 A 17 0 -7 4 -4 6
919 A 17 0 -7 5 2 5
919 A 17 0 -7 6 -2 5
919 A 17 0 -7 7 0 -7
919 A 17 0 -11 8 -1 3
919 A 17 0 -6 4 -5 7
919 A 17 0 -6 5 12 -8
919 A 17 0 -6 6 0 6
919 A 17 0 -6 8 5 -3
919 A 17 0 -5 5 0 -3
919 A 17 0 -5 6 -4 7
919 A 17 0 -4 4 0 -8
919 A 17 0 -3 3 0 -5
919 A 17 0 -3 5 1 6
919 A 17 0 -3 6 -6 -5
919 A 17 0 -3 7 -1 6
919 A 17 0 -2 3 3 8
919 A 17 0 -2 4 8 1
919 A 17 0 -2 6 3 4
919 A 17 0 -2 7 2 4
919 A 17 0 -2 8 -2 -3
919 A 17 0 1 2 -4 -3
919 A 17 0 1 5 -4 -8
919 A 17 0 2 2 3 7
919 A 17 0 3 5 7 2
919 A 17 0 4 2 5 4
919 A 17 0 4 7 -5 -3
919 A 17 0 5 7 7 3
919 A -9 1 88 3 12 1
919 A -9 1 61 2 -47 -2
919 A -9 1 16 1 -109 -4
919 A -9 1 20 1 -89 -4
919 A -9 1 111 4 -86 -3
919 A -9 1 84 3 -90 -3
919 A -9 1 39 2 -44 -1
919 A -9 1 30 1 -22 -1
919 A -9 1 107 4 10 1
919 A -9 1 80 3 91 4
919 A -9 1 62 3 68 3
919 A -9 1 64 3 55 2
919 A -9 1 40 1 -28 -1
919 A -9 1 59 2 -42 -1
919 A 8 1 -11 1 -111 4
919 A 8 1 -43 1 61 -2
919 A 8 1 -67 3 -57 2
919 A 8 1 -83 3 -95 4
919 A 8 1 -91 3 -13 1
919 A 8 1 -115 4 89 -3
919 A 8 1 -21 1 93 -4
919 A 8 1 -29 1 41 -1
919 A 8 1 -45 1 41 -2
919 A 8 1 -93 3 87 -3
919 A 8 1 -113 4 17 -1
919 A 8 1 -23 1 31 -1
919 A 8 1 -63 2 49 -2
919 A 8 1 -71 3 -65 3
919 A -10 1 103 5 13 1
919 A -10 1 93 4 -57 -2
919 A -10 1 63 2 -17 -1
919 A -10 1 53 2 -37 -2
919 A -10 1 33 1 -47 -2
919 A -10 1 23 1 -67 -3
919 A -10 1 111 4 59 3
919 A -10 1 101 4 39 2
919 A -10 1 91 4 109 4
919 A -10 1 81 4 79 4
919 A -10 1 71 3 9 1
919 A -10 1 41 2 -11 -1
919 A -10 1 31 2 49 2
919 A -10 1 31 1 29 1
919 A -10 1 69 3 -99 -4
919 A 9 1 -115 4 -62 3
919 A 9 1 -34 1 49 -2
919 A 9 1 -65 2 18 -1
919 A 9 1 -74 3 -10 1
919 A 9 1 -83 4 -85 4
919 A 9 1 -30 1 -32 1
919 A 9 1 -24 1 70 -3
919 A 9 1 -33 2 -51 2
919 A 9 1 -105 4 -41 2
919 A 9 1 -55 2 39 -2
919 A 9 1 -103 4 72 -3
919 A 9 1 -14 1 -108 5
919 A 9 1 -59 2 97 -4
919 A 9 1 -95 4 -113 4
919 A 9 1 -12 1 43 -2
919 A -11 1 16 1 -41 -2
919 A -11 1 50 3 -83 -4
919 A -11 1 94 5 -56 -3
919 A -11 1 48 3 -10 -1
919 A -11 1 37 2 77 4
919 A -11 1 18 1 -85 -4
919 A -11 1 51 2 108 5
919 A -11 1 58 3 -49 -2
919 A -11 1 30 1 -97 -4
919 A -11 1 74 3 -99 -4
919 A -11 1 32 1 -54 -3
919 A -11 1 22 1 70 3
919 A 10 1 -77 3 103 -4
919 A 10 1 -23 1 -73 3
919 A 10 1 -33 1 57 -3
919 A 10 1 -43 2 17 -1
919 A 10 1 -53 2 -113 5
919 A 10 1 -53 3 87 -4
919 A 10 1 -11 1 51 -3
919 A 10 1 -31 1 101 -4
919 A 10 1 -51 2 61 -3
919 A 10 1 -81 4 -39 2
919 A 10 1 -19 1 89 -4
919 A 10 1 -59 3 99 -5
919 A 19 0 -10 9 1 9
919 A 19 0 -10 7 7 -9
919 A 19 0 -10 3 -1 5
919 A 19 0 -10 2 7 -3
919 A 19 0 -9 4 5 4
919 A 19 0 -9 5 8 -9
919 A 19 0 -9 8 5 2
919 A 19 0 -11 7 -8 5
919 A 19 0 -11 5 3 -7
919 A 19 0 8 3 -1 2
919 A 19 0 8 2 -4 -3
919 A 19 0 -8 3 5 3
919 A 19 0 -8 7 7 -8
919 A 19 0 -12 7 4 -2
919 A 19 0 7 3 -4 5
919 A 19 0 -7 2 1 8
919 A 19 0 -7 5 3 -2
919 A 19 0 -7 7 0 -4
919 A 19 0 -13 9 -3 -2
919 A 19 0 6 7 5 9
919 A 19 0 6 5 4 -7
919 A 19 0 -6 4 -6 7
919 A 19 0 -6 5 -1 -5
919 A 19 0 -6 8 -1 4
919 A 19 0 -6 9 -2 6
919 A 19 0 5 7 -2 -2
919 A 19 0 -5 2 -4 -9
919 A 19 0 -5 4 -1 -4
919 A 19 0 -5 5 0 2
919 A 19 0 4 7 3 5
919 A 19 0 4 5 1 -9
919 A 19 0 -4 4 0 -7
919 A 19 0 -4 6 -3 9
919 A 19 0 3 7 2 -9
919 A 19 0 -3 3 0 -3
919 A 19 0 -3 4 -2 8
919 A 19 0 2 5 -1 -2
919 A 19 0 2 4 -1 7
919 A 19 0 -2 2 0 5
919 A 19 0 1 7 1 -8
919 A 19 0 -2 4 4 -8
919 A -12 1 19 1 23 1
919 A -12 1 91 5 103 6
919 A -12 1 103 5 111 5
919 A -12 1 43 2 15 1
919 A -12 1 31 1 65 3
919 A -12 1 17 1 -13 -1
919 A -12 1 65 4 -113 -5
919 A -12 1 93 4 -59 -3
919 A -12 1 81 4 -51 -3
919 A -12 1 57 3 -73 -3
919 A -12 1 71 3 99 5
919 A -12 1 35 2 -87 -4
919 A -12 1 35 1 53 2
919 A -12 1 11 1 -39 -2
919 A -12 1 25 2 -85 -4
919 A -12 1 25 1 -89 -4
919 A 11 1 -104 5 -74 3
919 A 11 1 -93 4 26 -1
919 A 11 1 -116 5 -108 5
919 A 11 1 -18 1 14 -1
919 A 11 1 -62 3 97 -4
919 A 11 1 -91 4 37 -2
919 A 11 1 -36 1 -55 2
919 A 11 1 -41 2 12 -1
919 A 11 1 -85 4 54 -3
919 A 11 1 -96 5 -109 6
919 A 11 1 -118 5 69 -4
919 A 11 1 -68 3 -32 1
919 A 11 1 -24 1 -20 1
919 A 11 1 -89 4 27 -2
919 A 11 1 -45 2 -16 1
919 A 11 1 -76 3 60 -3
919 A -13 1 63 4 -21 -2
919 A -13 1 37 2 23 2
919 A -13 1 85 4 -18 -1
919 A -13 1 20 1 -65 -4
919 A -13 1 107 6 104 5
919 A -13 1 68 3 62 3
919 A -13 1 103 6 99 6
919 A -13 1 12 1 -74 -5
919 A -13 1 14 1 -78 -5
919 A -13 1 60 3 -26 -1
919 A -13 1 44 3 54 3
919 A -13 1 69 4 -41 -2
919 A -13 1 109 6 96 5
919 A 12 1 -65 3 -71 3
919 A 12 1 -89 4 19 -1
919 A 12 1 -101 5 -115 6
919 A 12 1 -113 6 -109 5
919 A 12 1 -57 3 -47 3
919 A 12 1 -21 1 69 -4
919 A 12 1 -15 1 83 -5
919 A 12 1 -27 1 63 -3
919 A 12 1 -39 2 -25 2
919 A 12 1 -13 1 79 -5
919 A 12 1 -73 4 43 -2
919 A 12 1 -109 6 -105 6
919 A 12 1 -23 2 67 -4
919 A 20 0 -9 2 9 -6
919 A 20 0 7 6 -3 6
919 A 20 0 7 2 -3 -6
919 A 20 0 -7 6 3 -2
919 A 20 0 1 6 -1 -2
919 A -14 1 51 4 35 3
919 A -14 1 47 3 -69 -4
919 A -14 1 43 2 15 1
919 A -14 1 91 5 45 3
919 A -14 1 77 5 -101 -7
919 A -14 1 21 1 83 5
919 A -14 1 67 4 -39 -2
919 A -14 1 25 2 87 6
919 A 13 1 -41 2 71 -4
919 A 13 1 -93 6 -27 2
919 A 13 1 -45 2 -16 1
919 A 13 1 -88 5 -22 1
919 A 13 1 -73 4 50 -3
919 A 13 1 -96 5 -48 3
919 A 13 1 -82 5 108 -7
919 A 13 1 -38 3 -55 4
919 A -15 1 27 2 -103 -6
919 A -15 1 77 6 62 5
919 A -15 1 47 4 22 1
919 A -15 1 82 5 -108 -7
919 A -15 1 23 2 38 3
919 A -15 1 53 4 93 6
919 A -15 1 41 2 -16 -1
919 A -15 1 46 3 14 1
919 A -15 1 73 4 28 1
919 A 14 1 -109 6 29 -2
919 A 14 1 -17 1 43 -2
919 A 14 1 -87 5 115 -7
919 A 14 1 -25 2 -41 3
919 A 14 1 -67 5 -83 6
919 A 14 1 -23 1 -51 4
919 A 14 1 -99 6 -57 4
919 A 14 1 -29 1 -77 4
919 A 14 1 -49 3 -15 1
919 A 21 0 -11 8 6 -5
919 A 21 0 -11 5 -6 -5
919 A 21 0 -11 2 -3 4
919 A 21 0 -10 2 -1 5
919 A 21 0 -10 8 -1 -4
919 A 21 0 -10 10 0 2
919 A 21 0 -12 8 5 10
919 A 21 0 -12 5 -7 4
919 A 21 0 9 2 -1 4
919 A 21 0 -9 2 -7 10
919 A 21 0 -9 5 -13 10
919 A 21 0 -9 10 -5 8
919 A 21 0 -13 8 5 8
919 A 21 0 8 2 -4 5
919 A 21 0 -8 5 -3 -5
919 A 21 0 -14 10 -2 -5
919 A 21 0 7 5 3 4
919 A 21 0 7 2 -3 10
919 A 21 0 -7 5 -4 -10
919 A 21 0 -15 10 4 8
919 A 21 0 -6 10 -2 5
919 A 21 0 -5 4 -2 -8
919 A 21 0 -5 5 0 4
919 A 21 0 4 5 3 10
919 A 21 0 -4 4 0 5
919 A 21 0 3 8 -1 -5
919 A 21 0 -3 5 -4 10
919 A 21 0 -2 2 0 10
919 A 21 0 -1 10 -3 8
919 A 21 0 -1 2 -4 8
919 A -16 1 25 2 -17 -1
919 A -16 1 41 3 -73 -6
919 A -16 1 57 4 -53 -3
919 A -16 1 71 6 101 6
919 A -16 1 15 1 -43 -3
919 A 15 1 -77 6 -107 6
919 A 15 1 -18 1 27 -2
919 A 15 1 -16 1 46 -3
919 A 15 1 -61 4 56 -3
919 A 15 1 -79 6 44 -3
919 A -17 1 64 5 -100 -7
919 A -17 1 39 4 -27 -2
919 A -17 1 15 2 -24 -1
919 A -17 1 86 7 89 6
919 A -17 1 77 6 61 4
919 A -17 1 85 6 17 2
919 A -17 1 44 3 -20 -1
919 A 16 1 -95 6 -93 7
919 A 16 1 -47 3 21 -1
919 A 16 1 -17 2 25 -1
919 A 16 1 -65 4 -83 6
919 A 16 1 -43 4 29 -2
919 A 16 1 -91 6 -19 2
919 A 16 1 -107 7 69 -5
919 A 23 0 -11 4 -2 -11
919 A 23 0 -13 11 -7 -4
919 A 23 0 -13 7 -7 11
919 A 23 0 -13 6 -7 -6
919 A 23 0 -13 4 -7 2
919 A 23 0 -10 3 7 3
919 A 23 0 -10 4 7 -3
919 A 23 0 -10 9 7 -6
919 A 23 0 -14 11 5 3
919 A 23 0 -9 4 -5 -4
919 A 23 0 -9 10 -5 4
919 A 23 0 -8 3 3 11
919 A 23 0 -8 9 3 -4
919 A 23 0 -8 11 3 -11
919 A 23 0 -4 11 6 7
919 A 23 0 -3 6 8 7
919 A 23 0 -1 4 1 -9
919 A 23 0 -1 10 1 4
919 A 23 0 1 6 -1 -9
919 A 23 0 4 3 -6 -4
919 A 23 0 5 2 9 4
919 A -18 1 69 5 83 7
919 A -18 1 33 3 -83 -6
919 A -18 1 93 7 39 3
919 A -18 1 21 1 -19 -2
919 A -18 1 17 2 37 3
919 A -18 1 77 5 -91 -6
919 A 17 1 -21 2 22 -1
919 A 17 1 -89 6 36 -3
919 A 17 1 -97 6 82 -5
919 A 17 1 -74 5 -90 7
919 A 17 1 -100 7 -42 3
919 A 17 1 -19 2 -40 3
919 A -19 1 54 5 43 4
919 A -19 1 92 9 -30 -3
919 A -19 1 47 4 36 3
919 A -19 1 9 2 35 2
919 A -19 1 87 8 80 7
919 A -19 1 72 7 -59 -6
919 A -19 1 21 2 -90 -7
919 A -19 1 63 4 -50 -3
919 A 18 1 -53 3 67 -4
919 A 18 1 -37 2 -11 2
919 A 18 1 -23 2 97 -7
919 A 18 1 -59 5 -47 4
919 A 18 1 -95 8 -87 7
919 A 18 1 -39 3 -51 4
919 A 18 1 -79 7 65 -6
919 A 18 1 -101 9 33 -3
919 A 24 0 11 2 5 -10
919 A 24 0 -11 10 -5 -2
919 A 24 0 -9 10 1 -10
919 A 24 0 -7 2 -1 -10
919 A -20 1 23 1 -87 -7
919 A -20 1 113 9 -47 -4
919 A 19 1 -94 7 24 -1
919 A 19 1 -122 9 51 -4
919 A 25 0 -14 12 -1 -6
919 A 25 0 -18 12 2 4
919 A 25 0 -7 4 3 4
919 A 25 0 -7 6 -2 -12
919 A 25 0 -6 4 6 12
919 A -21 1 27 4 -20 -1
919 A -21 1 20 3 -26 -1
919 A 20 1 -23 3 27 -1
919 A 20 1 -31 4 21 -1
919 A -22 1 113 10 -45 -4
919 A -22 1 85 9 -115 -10
919 A -22 1 77 6 -39 -5
919 A 21 1 -49 4 123 -10
919 A 21 1 -83 6 44 -5
919 A 21 1 -125 10 94 -9
919 A 27 0 -12 10 19 -13
919 A 27 0 -12 11 -16 13
919 A 27 0 -11 7 4 7
919 A 27 0 -11 10 4 13
919 A 27 0 -11 11 0 10
919 A 27 0 -17 13 1 10
919 A 27 0 -10 7 6 -13
919 A 27 0 -10 10 0 11
919 A 27 0 -10 11 8 -7
919 A 27 0 -9 7 1 -10
919 A 27 0 -9 10 -2 -7
919 A 27 0 -8 10 -8 13
919 A 27 0 7 13 4 -8
919 A 27 0 -7 13 -3 -7
919 A 27 0 6 13 -2 -10
919 A 27 0 -4 7 3 -7
919 A 27 0 3 13 1 11
919 A 27 0 1 7 1 -11
919 A 27 0 -2 10 -5 13
919 A -23 1 104 11 -94 -9
919 A -23 1 82 9 53 6
919 A -23 1 42 5 29 2
919 A -23 1 93 10 -47 -4
919 A -23 1 22 1 -68 -7
919 A -23 1 45 4 70 7
919 A 22 1 -49 4 -77 7
919 A 22 1 -115 11 103 -9
919 A 22 1 -51 4 103 -10
919 A 22 1 -31 2 -47 5
919 A 22 1 -75 7 23 -1
919 A 22 1 -91 9 -59 6
919 A -24 1 65 7 77 7
919 A -24 1 87 10 7 2
919 A -24 1 43 5 115 11
919 A -24 1 85 10 -29 -2
919 A 23 1 -72 7 -84 7
919 A 23 1 -97 10 -9 2
919 A 23 1 -48 5 -126 11
919 A 23 1 -95 10 31 -2
919 A 28 0 3 6 1 -10
919 A 28 0 -9 6 9 -10
919 A 28 0 13 2 3 -6
919 A -25 1 97 10 52 5
919 A -25 1 49 6 46 5
919 A 24 1 -107 10 -57 5
919 A 24 1 -55 6 -51 5
919 A 29 0 -2 5 13 -12
919 A 29 0 -3 5 -1 -12
919 A 29 0 12 5 11 7
919 A 29 0 4 14 18 -14
919 A 29 0 0 2 -7 7
919 A 29 0 -2 2 0 7
919 A 29 0 -7 14 6 -12
919 A 29 0 5 14 11 -2
919 A 29 0 -19 14 -9 -2
919 A 29 0 8 5 -4 6
919 A 29 0 -13 5 -2 6
919 A 29 0 13 3 -1 2
919 A -26 1 41 5 -55 -6
919 A -26 1 9 3 -55 -8
919 A 25 1 -46 5 61 -6
919 A 25 1 -12 3 63 -8
919 A -1 2 -45 1 31 0
919 A -2 2 47 0 137 0
919 A 0 2 47 0 137 0
919 A -27 1 25 2 -5 -2
919 A 26 1 -27 2 7 -2
919 A -5 2 171 1 189 2
919 A -5 2 186 2 44 1
919 A -5 2 178 2 138 1
919 A 3 2 -172 1 -191 2
919 A 3 2 -188 2 -45 1
919 A 3 2 -180 2 -139 1
919 A -7 2 27 1 -47 0
919 A -7 2 75 2 -191 -2
919 A -7 2 180 2 -136 -2
919 A -7 2 96 1 -48 0
919 A -7 2 88 1 140 1
919 A 5 2 -28 1 47 0
919 A 5 2 -77 2 193 -2
919 A 5 2 -182 2 138 -2
919 A 5 2 -97 1 48 0
919 A 5 2 -89 1 -141 1
919 A 31 0 7 5 -2 6
919 A 31 0 -12 5 -4 6
919 A -28 1 79 11 -69 -8
919 A 27 1 -90 11 77 -8
919 A -11 2 41 2 -87 -2
919 A 9 2 -43 2 89 -2
919 A 32 0 -1 14 -7 10
919 A 32 0 -13 14 -3 10
919 A 32 0 -3 14 -13 2
919 A 32 0 -11 14 11 2
919 A 32 0 3 6 13 2
919 A 32 0 -9 6 -15 2
919 A -13 2 175 4 -224 -5
919 A 11 2 -179 4 229 -5
919 A -17 2 142 4 -88 -3
919 A 15 2 -146 4 91 -3
919 S 1 1 4 0
919 S -5 3 8 0
919 S 1 1 8 0
919 S -7 1 16 0
919 S -5 3 16 0
919 S -3 5 16 0
919 S -1 7 16 0
919 S 0 3 10 0
919 S 0 1 10 0
919 S 0 2 5 0
919 S 0 1 5 0
919 S -5 3 10 0
919 S -5 1 10 0
919 S -6 1 13 0
919 S -5 3 13 0
919 S -4 5 13 0
919 S 3 6 13 0
919 S 2 4 13 0
919 S 1 2 13 0
919 S -5 2 11 0
919 S -7 5 11 0
919 S 3 1 11 0
919 S -2 3 11 0
919 S 1 4 11 0
919 S -5 4 11 0
919 S -4 1 11 0
919 S 3 2 11 0
919 S 2 5 11 0
919 S -1 3 11 0
919 S -6 4 13 0
919 S 5 1 13 0
919 S -9 6 13 0
919 S -3 2 13 0
919 S 2 3 13 0
919 S -1 5 13 0
919 S 4 1 10 0
919 S 2 3 10 0
919 S -2 2 5 0
919 S -1 1 5 0
919 S -3 3 10 0
919 S -1 1 10 0
919 S 6 1 16 0
919 S -6 7 16 0
919 S 2 3 16 0
919 S -2 5 16 0
919 S 2 3 8 0
919 S -2 1 8 0
919 S -2 1 4 0
919 T 1691 2062 3005 0 0
919 T 2816 2021 1689 0 0
919 T 3007 2039 2814 0 0
919 T 2021 2037 2062 0 0
919 T 2022 1998 1984 0 0
919 T 2054 2038 2071 0 0
919 T 1992 2019 1966 0 0
919 T 1988 2016 1992 0 0
919 T 137 1993 1945 0 0
919 T 1980 2065 2002 0 0
919 T 1981 1961 2008 0 0
919 T 1918 1942 1936 0 0
919 T 2045 2029 2035 0 0
919 T 2027 2060 2001 0 0
919 T 1927 1958 1953 0 0
919 T 3086 388 1831 0 0
919 T 1889 0 1829 0 0
919 T 0 3062 3088 0 0
919 T 3062 1889 388 0 0
919 T 303 1605 1023 0 0
919 T 283 326 301 0 0
919 T 268 307 282 0 0
919 T 268 296 254 0 0
919 T 249 255 262 0 0
919 T 329 317 327 0 0
919 T 314 322 323 0 0
919 T 312 319 299 0 0
919 T 289 269 331 0 0
919 T 278 262 293 0 0
919 T 315 260 276 0 0
919 T 270 246 299 0 0
919 T 307 287 289 0 0
919 T 1021 461 281 0 0
919 T 326 463 1605 0 0
919 T 2794 1482 2355 0 0
919 T 2353 1244 344 0 0
919 T 342 1833 2796 0 0
919 T 1833 1242 1482 0 0
919 T 1849 1574 1276 0 0
919 T 1834 1508 1257 0 0
919 T 67 1565 1849 0 0
919 T 1522 1242 80 0 0
919 T 3177 2996 2415 0 0
919 T 2413 2978 2454 0 0
919 T 2456 3023 3179 0 0
919 T 3023 2980 2996 0 0
919 T 1286 596 771 0 0
919 T 769 1037 2308 0 0
919 T 2306 1050 1288 0 0
919 T 1050 1039 596 0 0
919 T 3348 1619 935 0 0
919 T 933 483 1741 0 0
919 T 531 1731 942 0 0
919 T 1715 948 503 0 0
919 T 105 481 1619 0 0
919 T 211 1095 1161 0 0
919 T 2819 181 2874 0 0
919 T 763 1371 1612 0 0
919 T 1610 257 2764 0 0
919 T 2762 863 761 0 0
919 T 1268 2455 2878 0 0
919 T 2889 2449 1275 0 0
919 T 2880 781 2852 0 0
919 T 2861 2892 807 0 0
919 T 2850 1874 1266 0 0
919 T 1276 2861 1886 0 0
919 T 1874 783 2455 0 0
919 T 2450 805 1886 0 0
919 T 2850 2933 24 0 0
919 T 1073 1056 2852 0 0
919 T 1055 2863 1114 0 0
919 T 2933 1054 1380 0 0
919 T 324 77 2077 0 0
919 T 2079 644 600 0 0
919 T 598 2485 322 0 0
919 T 2485 642 77 0 0
919 T 1033 372 2484 0 0
919 T 2482 350 2650 0 0
919 T 2652 411 1035 0 0
919 T 411 352 372 0 0
919 T 443 465 453 0 0
919 T 384 353 350 0 0
919 T 391 436 361 0 0
919 T 404 446 434 0 0
919 T 457 376 412 0 0
919 T 430 442 458 0 0
919 T 395 414 421 0 0
919 T 424 462 438 0 0
919 T 359 362 385 0 0
919 T 469 408 372 0 0
919 T 455 453 455 0 0
919 T 417 385 390 0 0
919 T 346 374 438 0 0
919 T 130 415 382 0 0
919 T 365 357 400 0 0
919 T 450 470 461 0 0
919 T 425 397 417 0 0
919 T 346 378 466 0 0
919 T 2546 142 2570 0 0
919 T 2517 2497 2553 0 0
919 T 2465 2481 2554 0 0
919 T 2499 139 2473 0 0
919 T 2523 2558 2537 0 0
919 T 2549 2561 2566 0 0
919 T 2506 2522 2526 0 0
919 T 2480 2564 2474 0 0
919 T 1544 1642 2548 0 0
919 T 2572 1617 1542 0 0
919 T 1617 142 1642 0 0
919 T 253 475 648 0 0
919 T 646 602 2591 0 0
919 T 2589 1159 255 0 0
919 T 1159 604 475 0 0
919 T 620 516 1173 0 0
919 T 798 1114 1274 0 0
919 T 1267 810 1076 0 0
919 T 1888 1055 800 0 0
919 T 1055 812 1873 0 0
919 T 3353 1057 2990 0 0
919 T 3188 1659 3355 0 0
919 T 2992 2896 3186 0 0
919 T 1659 2894 1057 0 0
919 T 2839 3257 1717 0 0
919 T 2068 2754 2837 0 0
919 T 1719 877 2066 0 0
919 T 2754 879 3257 0 0
919 T 878 2316 2204 0 0
919 T 1389 2361 880 0 0
919 T 2202 681 1391 0 0
919 T 2361 683 2316 0 0
919 T 164 2075 1762 0 0
919 T 504 742 162 0 0
919 T 1764 1003 502 0 0
919 T 490 1812 990 0 0
919 T 1034 499 1815 0 0
919 T 742 1001 2075 0 0
919 T 1651 3212 3358 0 0
919 T 664 1006 1649 0 0
919 T 3360 3304 662 0 0
919 T 1006 3302 3212 0 0
919 T 47 2358 1894 0 0
919 T 1907 52 2350 0 0
919 T 1896 1457 61 0 0
919 T 1509 81 1207 0 0
919 T 1904 1555 1184 0 0
919 T 1902 1528 1207 0 0
919 T 1427 1893 1210 0 0
919 T 1777 1459 2358 0 0
919 T 2688 762 641 0 0
919 T 843 1578 2686 0 0
919 T 643 1665 841 0 0
919 T 1578 1667 762 0 0
919 T 2813 2287 3294 0 0
919 T 3296 2648 2038 0 0
919 T 2648 2285 3008 0 0
919 T 3020 3109 2104 0 0
919 T 2184 3096 3018 0 0
919 T 5 2184 2102 0 0
919 T 3096 5 3109 0 0
919 T 2514 66 63 0 0
919 T 1733 2514 1774 0 0
919 T 3100 990 2885 0 0
919 T 2084 1698 3098 0 0
919 T 2887 1300 2082 0 0
919 T 1698 1298 990 0 0
919 T 1684 356 2692 0 0
919 T 2690 677 1884 0 0
919 T 1882 821 1682 0 0
919 T 821 679 356 0 0
919 T 1632 3203 3361 0 0
919 T 684 964 1630 0 0
919 T 3363 3308 682 0 0
919 T 964 3306 3203 0 0
919 T 2859 1984 3012 0 0
919 T 3010 2000 1590 0 0
919 T 1592 2022 2857 0 0
919 T 1884 2439 3130 0 0
919 T 3132 611 3148 0 0
919 T 3146 2266 1882 0 0
919 T 2266 609 2439 0 0
919 T 2893 941 3238 0 0
919 T 3240 2082 2991 0 0
919 T 3185 2084 941 0 0
919 T 1300 2071 2989 0 0
919 T 2907 2054 1298 0 0
919 T 2991 2040 2905 0 0
919 T 2132 1492 492 0 0
919 T 992 2773 2130 0 0
919 T 1492 2775 1812 0 0
919 T 323 552 2573 0 0
919 T 1871 2219 321 0 0
919 T 2575 752 1869 0 0
919 T 2219 750 552 0 0
919 T 1205 2625 560 0 0
919 T 558 187 1511 0 0
919 T 187 2627 81 0 0
919 T 2158 134 2106 0 0
919 T 1394 151 2108 0 0
919 T 2160 145 1291 0 0
919 T 151 124 145 0 0
919 T 1255 191 535 0 0
919 T 265 1190 1253 0 0
919 T 192 183 191 0 0
919 T 173 168 188 0 0
919 T 155 166 169 0 0
919 T 176 125 155 0 0
919 T 185 159 163 0 0
919 T 178 158 170 0 0
919 T 182 162 178 0 0
919 T 1190 505 190 0 0
919 T 2393 1187 716 0 0
919 T 696 61 2412 0 0
919 T 714 2030 1912 0 0
919 T 1910 536 2395 0 0
919 T 536 2032 1187 0 0
919 T 2448 130 2399 0 0
919 T 2446 6 2397 0 0
919 T 999 282 201 0 0
919 T 976 268 997 0 0
919 T 203 305 974 0 0
919 T 2802 1398 569 0 0
919 T 2838 2324 2804 0 0
919 T 571 1613 2840 0 0
919 T 2324 1615 1398 0 0
919 T 2199 459 317 0 0
919 T 934 754 2197 0 0
919 T 319 2303 936 0 0
919 T 754 2301 459 0 0
919 T 2052 1222 1109 0 0
919 T 452 574 2050 0 0
919 T 574 1377 1222 0 0
919 T 1334 1757 175 0 0
919 T 186 1498 1336 0 0
919 T 1757 1500 168 0 0
919 T 1465 205 1140 0 0
919 T 2119 223 1467 0 0
919 T 1138 202 2117 0 0
919 T 223 204 205 0 0
919 T 237 227 235 0 0
919 T 204 230 206 0 0
919 T 219 211 227 0 0
919 T 241 195 219 0 0
919 T 209 197 200 0 0
919 T 216 224 194 0 0
919 T 238 215 231 0 0
919 T 242 236 128 0 0
919 T 531 1540 2172 0 0
919 T 2170 2132 0 0 0
919 T 1492 1538 1454 0 0
919 T 1561 1524 1540 0 0
919 T 1478 1436 1570 0 0
919 T 1463 1576 1421 0 0
919 T 1514 1502 1534 0 0
919 T 1549 1533 1547 0 0
919 T 1467 1570 1437 0 0
919 T 1423 1439 1435 0 0
919 T 1583 1432 1444 0 0
919 T 1467 1447 1427 0 0
919 T 1582 1578 1430 0 0
919 T 1503 1527 1481 0 0
919 T 1561 1479 1499 0 0
919 T 1509 1497 1492 0 0
919 T 1457 1444 1472 0 0
919 T 1568 1578 1558 0 0
919 T 1516 1496 1476 0 0
919 T 171 1561 1409 0 0
919 T 1411 1721 153 0 0
919 T 1721 1563 166 0 0
919 T 2618 2593 209 0 0
919 T 2953 2744 2620 0 0
919 T 211 2964 2955 0 0
919 T 2964 2595 2744 0 0
919 T 1538 2731 1175 0 0
919 T 1173 2768 1563 0 0
919 T 2768 2729 1524 0 0
919 T 939 1254 406 0 0
919 T 619 534 937 0 0
919 T 626 479 948 0 0
919 T 933 511 604 0 0
919 T 408 192 617 0 0
919 T 2178 561 2387 0 0
919 T 3028 2069 2180 0 0
919 T 2385 854 3026 0 0
919 T 2069 856 561 0 0
919 T 1412 1539 605 0 0
919 T 607 317 214 0 0
919 T 216 2086 1410 0 0
919 T 2086 319 1539 0 0
919 T 2922 1283 707 0 0
919 T 705 791 2684 0 0
919 T 2682 827 2924 0 0
919 T 827 789 1283 0 0
919 T 256 2236 486 0 0
919 T 528 2293 296 0 0
919 T 0 2234 2293 0 0
919 T 888 1114 1973 0 0
919 T 1975 2861 2648 0 0
919 T 2646 1055 886 0 0
919 T 1014 2213 441 0 0
919 T 2262 981 465 0 0
919 T 2213 6 2264 0 0
919 T 973 1434 168 0 0
919 T 1572 998 167 0 0
919 T 2698 789 899 0 0
919 T 273 1676 2700 0 0
919 T 1676 1342 789 0 0
919 T 1932 1394 1289 0 0
919 T 2106 129 2158 0 0
919 T 2039 303 628 0 0
919 T 946 2134 2037 0 0
919 T 2134 477 303 0 0
919 T 738 389 1237 0 0
919 T 1292 1971 740 0 0
919 T 1239 832 1290 0 0
919 T 1971 830 389 0 0
919 T 303 564 185 0 0
919 T 187 2072 1385 0 0
919 T 4 2250 1902 0 0
919 T 1182 2043 2 0 0
919 T 2043 1553 2250 0 0
919 T 1103 3187 2967 0 0
919 T 1485 943 1101 0 0
919 T 2965 2084 1487 0 0
919 T 1205 910 2252 0 0
919 T 1528 2 910 0 0
919 T 662 2115 1315 0 0
919 T 1313 829 2356 0 0
919 T 2354 2315 664 0 0
919 T 2315 831 2115 0 0
919 T 1007 18 1316 0 0
919 T 638 590 1005 0 0
919 T 1314 848 640 0 0
919 T 590 846 18 0 0
919 T 1207 2746 3272 0 0
919 T 3270 2803 82 0 0
919 T 1509 2801 2746 0 0
919 T 195 2017 1409 0 0
919 T 652 1966 193 0 0
919 T 1411 1992 650 0 0
919 T 1629 2836 984 0 0
919 T 982 249 2480 0 0
919 T 2478 2458 1631 0 0
919 T 2458 251 2836 0 0
919 T 2843 273 2452 0 0
919 T 1553 934 299 0 0
919 T 297 3069 2252 0 0
919 T 3069 936 2041 0 0
919 T 2948 151 3033 0 0
919 T 873 2481 2946 0 0
919 T 3035 2655 875 0 0
919 T 2481 2653 151 0 0
919 T 816 1040 768 0 0
919 T 766 1262 333 0 0
919 T 335 2289 814 0 0
919 T 2289 1264 1040 0 0
919 T 2716 2368 841 0 0
919 T 843 691 2508 0 0
919 T 2506 1130 2714 0 0
919 T 1130 689 2368 0 0
919 T 688 2375 1141 0 0
919 T 2180 2952 1487 0 0
919 T 2253 8 2178 0 0
919 T 1485 3076 2255 0 0
919 T 8 3074 2952 0 0
919 T 1744 1133 148 0 0
919 T 1731 1175 10 0 0
919 T 2551 1585 1742 0 0
919 T 146 2637 2549 0 0
919 T 1585 2639 1133 0 0
919 T 2362 2918 2354 0 0
919 T 664 2920 682 0 0
919 T 1776 2544 1990 0 0
919 T 2016 2138 1774 0 0
919 T 2544 2140 1986 0 0
919 T 2309 2634 1354 0 0
919 T 2459 353 2634 0 0
919 T 2493 1830 1742 0 0
919 T 146 1212 2495 0 0
919 T 1830 1210 1133 0 0
919 T 1828 1216 1125 0 0
919 T 413 2184 2544 0 0
919 T 1774 2788 415 0 0
919 T 2788 1990 2184 0 0
919 T 1159 2476 264 0 0
919 T 2476 2589 251 0 0
919 T 1683 969 2733 0 0
919 T 2501 2634 1681 0 0
919 T 2735 1228 2503 0 0
919 T 2634 1226 969 0 0
919 T 1898 1998 288 0 0
919 T 286 1679 940 0 0
919 T 938 145 1900 0 0
919 T 145 1677 1998 0 0
919 T 2221 3022 1911 0 0
919 T 1909 1590 228 0 0
919 T 226 1882 2223 0 0
919 T 1882 1592 3022 0 0
919 T 2286 3082 1689 0 0
919 T 2667 803 2288 0 0
919 T 1691 3126 2665 0 0
919 T 803 3128 3082 0 0
919 T 2739 2872 1182 0 0
919 T 1184 279 2535 0 0
919 T 2533 2428 2737 0 0
919 T 2428 277 2872 0 0
919 T 2845 257 2401 0 0
919 T 1858 1131 14 0 0
919 T 1144 1824 12 0 0
919 T 1201 757 1860 0 0
919 T 735 1823 1203 0 0
919 T 757 37 1131 0 0
919 T 735 1143 35 0 0
919 T 3163 1892 2930 0 0
919 T 1892 2451 3235 0 0
919 T 3233 2699 2932 0 0
919 T 2699 2449 3161 0 0
919 T 1059 573 2161 0 0
919 T 2163 1167 2901 0 0
919 T 2903 1587 1057 0 0
919 T 1587 1165 573 0 0
919 T 1589 2241 3054 0 0
919 T 3056 731 3129 0 0
919 T 3131 2641 1591 0 0
919 T 2641 729 2241 0 0
919 T 1993 1082 332 0 0
919 T 330 1159 1947 0 0
919 T 1159 1084 137 0 0
919 T 1858 1061 733 0 0
919 T 1061 759 1823 0 0
919 T 711 1455 648 0 0
919 T 491 2233 646 0 0
919 T 2294 530 709 0 0
919 T 2821 1788 336 0 0
919 T 334 883 2209 0 0
919 T 2211 945 2823 0 0
919 T 945 881 1788 0 0
919 T 34 846 589 0 0
919 T 591 1041 44 0 0
919 T 7 1043 846 0 0
919 T 831 1243 629 0 0
919 T 631 341 1313 0 0
919 T 1881 1997 3015 0 0
919 T 3013 2832 2267 0 0
919 T 2832 1999 3145 0 0
919 T 2894 1801 3027 0 0
919 T 2072 3113 2896 0 0
919 T 3113 2177 1801 0 0
919 T 2450 1708 12 0 0
919 T 15 1703 2456 0 0
919 T 11 2391 2841 0 0
919 T 273 2389 1708 0 0
919 T 2490 350 1804 0 0
919 T 2102 384 2492 0 0
919 T 1802 355 2104 0 0
919 T 2755 150 2857 0 0
919 T 1592 2343 2753 0 0
919 T 2343 2022 150 0 0
919 T 598 2509 1837 0 0
919 T 685 1934 600 0 0
919 T 1839 735 687 0 0
919 T 690 758 1851 0 0
919 T 1934 733 2509 0 0
919 T 325 2086 1177 0 0
919 T 1179 1539 331 0 0
919 T 519 554 1082 0 0
919 T 1105 569 513 0 0
919 T 1084 1878 666 0 0
919 T 653 1867 1080 0 0
919 T 668 459 517 0 0
919 T 459 1880 554 0 0
919 T 863 969 2534 0 0
919 T 1368 1183 969 0 0
919 T 1423 1152 156 0 0
919 T 154 653 1461 0 0
919 T 1576 655 1152 0 0
919 T 1360 3111 2362 0 0
919 T 2354 3094 1312 0 0
919 T 363 1720 1949 0 0
919 T 1951 1781 389 0 0
919 T 436 1783 1720 0 0
919 T 3068 2011 1035 0 0
919 T 1033 1643 3341 0 0
919 T 1771 1641 2011 0 0
919 T 2696 1993 1142 0 0
919 T 1768 668 2694 0 0
919 T 1144 748 1766 0 0
919 T 1805 1129 744 0 0
919 T 668 746 1993 0 0
919 T 366 1446 664 0 0
919 T 662 1695 1312 0 0
919 T 1172 1693 1446 0 0
919 T 391 857 157 0 0
919 T 159 909 361 0 0
919 T 434 911 857 0 0
919 T 1014 1184 2569 0 0
919 T 1364 1014 1543 0 0
919 T 1362 1620 1184 0 0
919 T 2555 2624 1016 0 0
919 T 1014 279 2519 0 0
919 T 279 2622 2497 0 0
919 T 2645 2064 3082 0 0
919 T 2710 2382 1689 0 0
919 T 2003 939 2712 0 0
919 T 1691 579 2001 0 0
919 T 939 577 2382 0 0
919 T 2205 1398 1049 0 0
919 T 1398 1478 1285 0 0
919 T 2307 1480 2207 0 0
919 T 1997 822 747 0 0
919 T 745 1683 3013 0 0
919 T 1472 2586 2370 0 0
919 T 2708 1779 1470 0 0
919 T 2372 523 2706 0 0
919 T 1779 521 2586 0 0
919 T 798 1873 1250 0 0
919 T 1252 810 1886 0 0
919 T 1891 779 3339 0 0
919 T 1797 777 388 0 0
919 T 3179 1534 2407 0 0
919 T 2438 1514 3177 0 0
919 T 2405 1504 2440 0 0
919 T 2599 126 2606 0 0
919 T 6 2606 2597 0 0
919 T 125 1098 1125 0 0
919 T 153 1125 263 0 0
919 T 174 263 1098 0 0
919 T 652 256 153 0 0
919 T 1992 1721 256 0 0
919 T 2175 1406 730 0 0
919 T 2644 15 2173 0 0
919 T 15 2242 1406 0 0
919 T 1498 2802 1107 0 0
919 T 515 1400 1500 0 0
919 T 728 434 785 0 0
919 T 787 448 9 0 0
919 T 10 404 726 0 0
919 T 2438 2345 7 0 0
919 T 2386 2405 8 0 0
919 T 1504 2386 2345 0 0
919 T 2319 772 1232 0 0
919 T 1230 995 2661 0 0
919 T 2663 1325 2317 0 0
919 T 1325 993 772 0 0
919 T 2763 3285 2884 0 0
919 T 2882 1135 3230 0 0
919 T 3232 2943 2761 0 0
919 T 2943 1133 3285 0 0
919 T 944 2806 2172 0 0
919 T 1538 2808 1731 0 0
919 T 1530 1654 173 0 0
919 T 1693 1 1532 0 0
919 T 175 1856 1695 0 0
919 T 1 1854 1654 0 0
919 T 1064 621 2292 0 0
919 T 1037 1661 1062 0 0
919 T 621 1663 1263 0 0
919 T 3200 3219 84 0 0
919 T 2475 3319 83 0 0
919 T 3319 2616 3198 0 0
919 T 2616 2475 3219 0 0
919 T 3079 721 2495 0 0
919 T 1830 723 3336 0 0
919 T 2660 437 935 0 0
919 T 602 773 2658 0 0
919 T 773 509 437 0 0
919 T 392 2335 1786 0 0
919 T 1788 627 1970 0 0
919 T 829 625 2335 0 0
919 T 1441 2681 918 0 0
919 T 920 2728 2359 0 0
919 T 2357 2707 1443 0 0
919 T 2707 2726 2681 0 0
919 T 2760 2688 2716 0 0
919 T 746 2404 1824 0 0
919 T 2416 743 1859 0 0
919 T 2404 1768 11 0 0
919 T 1808 2416 14 0 0
919 T 1274 2471 692 0 0
919 T 758 2469 1574 0 0
919 T 1144 52 733 0 0
919 T 49 1131 760 0 0
919 T 76 2189 322 0 0
919 T 2189 313 2078 0 0
919 T 339 1317 1672 0 0
919 T 1670 595 768 0 0
919 T 766 637 337 0 0
919 T 637 593 1317 0 0
919 T 903 543 719 0 0
919 T 717 703 340 0 0
919 T 338 964 901 0 0
919 T 964 701 543 0 0
919 T 2004 2753 1024 0 0
919 T 1022 2840 1978 0 0
919 T 2289 1247 2937 0 0
919 T 2939 1277 1061 0 0
919 T 1277 1245 622 0 0
919 T 290 410 748 0 0
919 T 746 351 1679 0 0
919 T 1677 369 292 0 0
919 T 3020 2354 2914 0 0
919 T 2916 2795 2348 0 0
919 T 2346 1481 3018 0 0
919 T 3332 2298 605 0 0
919 T 607 297 1790 0 0
919 T 297 2300 3065 0 0
919 T 1991 2491 1736 0 0
919 T 1734 2145 1965 0 0
919 T 2018 2147 2491 0 0
919 T 2556 2649 865 0 0
919 T 867 351 2467 0 0
919 T 3153 2131 1135 0 0
919 T 1133 3261 3105 0 0
919 T 3107 2809 3155 0 0
919 T 2809 3263 2131 0 0
919 T 410 270 1880 0 0
919 T 376 554 270 0 0
919 T 1004 2008 178 0 0
919 T 180 1963 2195 0 0
919 T 2193 1981 1002 0 0
919 T 1051 2671 2126 0 0
919 T 814 1672 1049 0 0
919 T 2128 796 816 0 0
919 T 1672 794 2671 0 0
919 T 3258 25 3272 0 0
919 T 3275 3255 568 0 0
919 T 81 3316 3260 0 0
919 T 25 3314 2803 0 0
919 T 999 2186 1440 0 0
919 T 1438 887 208 0 0
919 T 206 1219 997 0 0
919 T 1219 885 2186 0 0
919 T 2464 2601 20 0 0
919 T 3141 3172 2462 0 0
919 T 19 3209 3143 0 0
919 T 3172 3211 2601 0 0
919 T 3042 2064 1843 0 0
919 T 1594 806 3044 0 0
919 T 1841 892 1596 0 0
919 T 806 890 2064 0 0
919 T 2616 139 2601 0 0
919 T 2603 2499 3219 0 0
919 T 2843 1676 3164 0 0
919 T 1156 2825 1064 0 0
919 T 2830 1149 1063 0 0
919 T 2938 2827 23 0 0
919 T 161 361 1755 0 0
919 T 1753 911 187 0 0
919 T 1873 1088 16 0 0
919 T 11 1885 1123 0 0
919 T 1703 1086 782 0 0
919 T 1121 808 1705 0 0
919 T 460 676 311 0 0
919 T 309 1796 432 0 0
919 T 1796 674 442 0 0
919 T 2823 2866 128 0 0
919 T 2866 144 2821 0 0
919 T 2060 235 1589 0 0
919 T 1912 237 2058 0 0
919 T 1631 2564 3300 0 0
919 T 3298 58 3362 0 0
919 T 3202 57 2564 0 0
919 T 1698 2181 393 0 0
919 T 423 2543 1700 0 0
919 T 1545 1 1079 0 0
919 T 1077 728 1551 0 0
919 T 1533 726 1 0 0
919 T 1121 811 29 0 0
919 T 32 799 1085 0 0
919 T 1736 2797 381 0 0
919 T 2785 6 2797 0 0
919 T 250 1942 1214 0 0
919 T 1216 2258 261 0 0
919 T 2258 1944 254 0 0
919 T 2693 1945 1123 0 0
919 T 1707 688 2695 0 0
919 T 688 806 1945 0 0
919 T 2953 2116 1290 0 0
919 T 1292 3029 2620 0 0
919 T 2742 3031 2116 0 0
919 T 1230 3045 3255 0 0
919 T 3253 1488 3107 0 0
919 T 3105 2266 1232 0 0
919 T 2266 1486 3045 0 0
919 T 1420 1048 949 0 0
919 T 703 545 1418 0 0
919 T 951 874 701 0 0
919 T 545 876 1048 0 0
919 T 325 224 803 0 0
919 T 801 2018 1177 0 0
919 T 2088 2020 224 0 0
919 T 1087 48 800 0 0
919 T 1122 51 809 0 0
919 T 1893 798 653 0 0
919 T 811 1907 666 0 0
919 T 655 1085 2359 0 0
919 T 668 2350 1124 0 0
919 T 979 777 426 0 0
919 T 428 1463 684 0 0
919 T 682 2143 977 0 0
919 T 2143 1461 777 0 0
919 T 805 438 327 0 0
919 T 1608 424 807 0 0
919 T 2618 2203 680 0 0
919 T 2741 1292 678 0 0
919 T 3029 2741 2203 0 0
919 T 1446 689 173 0 0
919 T 1856 691 1172 0 0
919 T 1819 1160 687 0 0
919 T 1282 2285 13 0 0
919 T 2109 804 1284 0 0
919 T 14 2666 2111 0 0
919 T 387 1195 197 0 0
919 T 199 795 357 0 0
919 T 362 793 1195 0 0
919 T 234 2333 1782 0 0
919 T 2026 625 236 0 0
919 T 1784 831 2028 0 0
919 T 1120 851 2122 0 0
919 T 2124 1059 624 0 0
919 T 622 1346 1118 0 0
919 T 1346 1057 851 0 0
919 T 2332 2845 11 0 0
919 T 257 2332 1767 0 0
919 T 539 2423 1714 0 0
919 T 2759 2337 537 0 0
919 T 1716 3192 2757 0 0
919 T 2337 3190 2423 0 0
919 T 1698 2972 2904 0 0
919 T 2902 1962 3100 0 0
919 T 2082 1964 2972 0 0
919 T 2140 2566 1407 0 0
919 T 641 851 2138 0 0
919 T 1405 2912 643 0 0
919 T 851 2910 2566 0 0
919 T 1535 2667 2416 0 0
919 T 2408 2995 2667 0 0
919 T 3155 1486 2776 0 0
919 T 991 1488 1133 0 0
919 T 2810 763 336 0 0
919 T 334 2942 2132 0 0
919 T 2942 761 3262 0 0
919 T 597 1914 551 0 0
919 T 549 712 2215 0 0
919 T 2262 647 599 0 0
919 T 230 2142 1424 0 0
919 T 1422 1091 208 0 0
919 T 1091 2144 202 0 0
919 T 2579 1074 972 0 0
919 T 2034 810 2577 0 0
919 T 970 1265 2036 0 0
919 T 2428 2517 1649 0 0
919 T 1651 1016 2872 0 0
919 T 1108 1812 9 0 0
919 T 152 1816 1101 0 0
919 T 10 1550 1376 0 0
919 T 380 1552 1812 0 0
919 T 3039 1026 2753 0 0
919 T 2859 567 3037 0 0
919 T 447 771 2511 0 0
919 T 2509 996 1153 0 0
919 T 2305 97 1570 0 0
919 T 2205 1436 97 0 0
919 T 3124 792 3268 0 0
919 T 3266 2930 1101 0 0
919 T 1103 3282 3122 0 0
919 T 3282 2932 792 0 0
919 T 520 712 296 0 0
919 T 528 529 518 0 0
919 T 132 498 482 0 0
919 T 479 133 493 0 0
919 T 486 476 492 0 0
919 T 539 487 507 0 0
919 T 536 526 522 0 0
919 T 3000 2967 1345 0 0
919 T 1347 3119 1982 0 0
919 T 1984 567 2998 0 0
919 T 567 3117 2967 0 0
919 T 370 937 305 0 0
919 T 307 1254 471 0 0
919 T 2889 2699 3268 0 0
919 T 1103 3235 2891 0 0
919 T 1905 324 2584 0 0
919 T 402 2220 1907 0 0
919 T 2582 1870 404 0 0
919 T 1985 1070 732 0 0
919 T 1406 2527 1987 0 0
919 T 1070 2525 2173 0 0
919 T 1968 1615 1234 0 0
919 T 1615 2148 1048 0 0
919 T 1934 1216 996 0 0
919 T 994 252 1920 0 0
919 T 3043 2254 2863 0 0
919 T 2892 2256 1593 0 0
919 T 1273 1892 1101 0 0
919 T 1265 1100 1910 0 0
919 T 3253 2774 2809 0 0
919 T 1180 2560 1546 0 0
919 T 1623 918 1178 0 0
919 T 1548 655 1621 0 0
919 T 918 653 2560 0 0
919 T 1653 1475 692 0 0
919 T 1475 4 1169 0 0
919 T 163 2055 946 0 0
919 T 2136 2070 161 0 0
919 T 2185 165 1465 0 0
919 T 2070 3237 2888 0 0
919 T 2886 944 3113 0 0
919 T 992 3252 2904 0 0
919 T 2885 1964 3252 0 0
919 T 2367 49 1851 0 0
919 T 1840 52 2375 0 0
919 T 1517 1016 712 0 0
919 T 551 443 1519 0 0
919 T 1793 233 1559 0 0
919 T 1557 586 673 0 0
919 T 586 235 443 0 0
919 T 2045 280 971 0 0
919 T 1183 854 2047 0 0
919 T 167 2095 1421 0 0
919 T 2095 976 1439 0 0
919 T 1273 2529 150 0 0
919 T 1890 1814 2529 0 0
919 T 3159 3122 2784 0 0
919 T 2805 1485 3157 0 0
919 T 2782 3244 2807 0 0
919 T 1485 3242 3122 0 0
919 T 841 645 2599 0 0
919 T 918 2608 712 0 0
919 T 0 2931 2944 0 0
919 T 2931 2172 334 0 0
919 T 216 312 1790 0 0
919 T 141 2269 2222 0 0
919 T 217 2271 1842 0 0
919 T 1072 331 1489 0 0
919 T 1491 271 2149 0 0
919 T 2151 289 1070 0 0
919 T 789 1430 275 0 0
919 T 1599 1444 791 0 0
919 T 273 1583 1597 0 0
919 T 3024 2644 2439 0 0
919 T 2060 1685 536 0 0
919 T 2393 1687 237 0 0
919 T 749 1398 545 0 0
919 T 706 2324 751 0 0
919 T 547 1613 708 0 0
919 T 1496 10 1332 0 0
919 T 1172 788 1494 0 0
919 T 263 1081 2497 0 0
919 T 139 1083 1160 0 0
919 T 2865 335 1748 0 0
919 T 1001 2291 2867 0 0
919 T 1746 814 1003 0 0
919 T 2615 2604 0 0 0
919 T 546 954 1052 0 0
919 T 954 752 2208 0 0
919 T 1621 1654 126 0 0
919 T 1180 1456 1071 0 0
919 T 1069 841 1654 0 0
919 T 542 988 16 0 0
919 T 15 1638 904 0 0
919 T 1638 986 720 0 0
919 T 221 1427 721 0 0
919 T 723 1445 2119 0 0
919 T 1262 8 1118 0 0
919 T 8 1662 1348 0 0
919 T 258 1430 764 0 0
919 T 1667 1582 260 0 0
919 T 2709 28 3051 0 0
919 T 101 605 2721 0 0
919 T 2732 631 3049 0 0
919 T 3049 10 3003 0 0
919 T 3001 958 2711 0 0
919 T 218 1825 1691 0 0
919 T 1689 2993 1841 0 0
919 T 2270 2995 1825 0 0
919 T 1609 2846 3161 0 0
919 T 1675 124 1611 0 0
919 T 124 2844 2846 0 0
919 T 283 223 1218 0 0
919 T 2504 2692 2458 0 0
919 T 874 2466 2923 0 0
919 T 706 2148 876 0 0
919 T 2466 2146 1284 0 0
919 T 1493 2537 1384 0 0
919 T 1382 2560 1702 0 0
919 T 1704 2523 1495 0 0
919 T 2387 3018 1527 0 0
919 T 628 2344 1023 0 0
919 T 2003 1589 626 0 0
919 T 471 500 1222 0 0
919 T 1245 482 469 0 0
919 T 1224 132 1247 0 0
919 T 1239 2316 2955 0 0
919 T 1033 773 2090 0 0
919 T 2092 699 300 0 0
919 T 298 1507 1035 0 0
919 T 1507 697 773 0 0
919 T 2570 2274 1843 0 0
919 T 2740 1650 2572 0 0
919 T 1841 659 2738 0 0
919 T 1650 657 2274 0 0
919 T 2435 338 2340 0 0
919 T 2338 901 3173 0 0
919 T 3175 962 2433 0 0
919 T 2140 424 2789 0 0
919 T 2791 1699 1988 0 0
919 T 1553 754 673 0 0
919 T 675 2199 299 0 0
919 T 971 751 1356 0 0
919 T 2311 749 1226 0 0
919 T 1636 1051 884 0 0
919 T 740 2630 1634 0 0
919 T 882 2165 738 0 0
919 T 2630 2167 1051 0 0
919 T 1804 1382 941 0 0
919 T 866 2537 1802 0 0
919 T 943 1495 868 0 0
919 T 2723 2300 1797 0 0
919 T 94 95 134 0 0
919 T 769 642 2325 0 0
919 T 1862 2487 771 0 0
919 T 774 1935 487 0 0
919 T 485 1943 2237 0 0
919 T 2239 1917 776 0 0
919 T 706 2189 549 0 0
919 T 2574 75 708 0 0
919 T 1199 718 336 0 0
919 T 582 986 1197 0 0
919 T 334 1640 584 0 0
919 T 2707 1762 3193 0 0
919 T 3195 2899 2681 0 0
919 T 2728 2897 1762 0 0
919 T 924 544 40 0 0
919 T 8 987 922 0 0
919 T 987 41 544 0 0
919 T 2029 280 1268 0 0
919 T 2155 530 459 0 0
919 T 441 866 2153 0 0
919 T 530 868 431 0 0
919 T 235 1951 1787 0 0
919 T 119 3315 2801 0 0
919 T 3315 3227 2839 0 0
919 T 367 1032 723 0 0
919 T 2119 1030 661 0 0
919 T 155 2260 1826 0 0
919 T 2827 2704 2852 0 0
919 T 2933 2702 2940 0 0
919 T 3122 2255 1226 0 0
919 T 1228 1596 898 0 0
919 T 900 2889 3124 0 0
919 T 925 1676 1432 0 0
919 T 341 2770 1904 0 0
919 T 1018 2124 343 0 0
919 T 1902 853 1020 0 0
919 T 2124 855 2770 0 0
919 T 146 350 822 0 0
919 T 3324 2499 84 0 0
919 T 3200 2601 3322 0 0
919 T 19 2422 2615 0 0
919 T 2422 2461 0 0 0
919 T 344 583 1390 0 0
919 T 2364 1206 342 0 0
919 T 1206 877 583 0 0
919 T 1686 2015 1188 0 0
919 T 238 715 2015 0 0
919 T 1427 1114 690 0 0
919 T 176 1116 1467 0 0
919 T 329 1877 747 0 0
919 T 1348 3167 2981 0 0
919 T 2983 2898 1981 0 0
919 T 3118 2900 3167 0 0
919 T 132 1642 1619 0 0
919 T 1617 74 482 0 0
919 T 500 73 1642 0 0
919 T 1212 653 2469 0 0
919 T 2471 800 1425 0 0
919 T 1221 144 1246 0 0
919 T 2868 3135 1248 0 0
919 T 1223 3133 2823 0 0
919 T 3034 2897 565 0 0
919 T 2965 3168 3036 0 0
919 T 1405 895 2789 0 0
919 T 422 893 2566 0 0
919 T 1842 3140 2254 0 0
919 T 2861 3138 2063 0 0
919 T 2900 1012 2946 0 0
919 T 955 882 717 0 0
919 T 719 1634 545 0 0
919 T 2904 3184 2982 0 0
919 T 2984 3352 1058 0 0
919 T 1586 3350 3184 0 0
919 T 3146 1938 3053 0 0
919 T 1938 609 732 0 0
919 T 1288 1561 516 0 0
919 T 601 374 317 0 0
919 T 2303 376 512 0 0
919 T 1574 231 779 0 0
919 T 18 961 1391 0 0
919 T 2202 1629 17 0 0
919 T 2951 1413 2986 0 0
919 T 615 3102 2949 0 0
919 T 2988 2039 613 0 0
919 T 3102 2037 1413 0 0
919 T 2170 3158 1104 0 0
919 T 146 2974 2957 0 0
919 T 2959 851 2549 0 0
919 T 2639 849 2974 0 0
919 T 422 2659 2551 0 0
919 T 2659 893 2561 0 0
919 T 830 3052 3291 0 0
919 T 3289 28 3247 0 0
919 T 3296 3244 616 0 0
919 T 3245 2710 832 0 0
919 T 146 1458 694 0 0
919 T 2410 1893 148 0 0
919 T 2503 1260 252 0 0
919 T 2833 1258 2689 0 0
919 T 1690 1978 243 0 0
919 T 195 1980 1826 0 0
919 T 151 2444 1851 0 0
919 T 2444 2532 1574 0 0
919 T 136 633 585 0 0
919 T 244 468 633 0 0
919 T 2975 3168 2950 0 0
919 T 2952 3352 2638 0 0
919 T 850 3350 3168 0 0
919 T 1215 2414 2878 0 0
919 T 2402 1210 2884 0 0
919 T 1268 2979 1213 0 0
919 T 1451 896 773 0 0
919 T 604 2562 1449 0 0
919 T 1798 170 858 0 0
919 T 390 178 1800 0 0
919 T 2 1770 1294 0 0
919 T 5 1 4 0 0
919 T 1 1363 1737 0 0
919 T 1739 0 1770 0 0
919 T 133 836 905 0 0
919 T 907 159 495 0 0
919 T 159 834 477 0 0
919 T 635 2434 1670 0 0
919 T 2418 1959 2434 0 0
919 T 585 1636 2420 0 0
919 T 2652 755 555 0 0
919 T 553 1519 2555 0 0
919 T 1519 753 866 0 0
919 T 3137 561 3126 0 0
919 T 3082 1974 3139 0 0
919 T 1974 801 561 0 0
919 T 3319 3307 1926 0 0
919 T 1928 2436 3198 0 0
919 T 2614 2434 3307 0 0
919 T 2060 2853 939 0 0
919 T 1687 619 2853 0 0
919 T 1930 679 659 0 0
919 T 657 2744 1394 0 0
919 T 516 192 1404 0 0
919 T 184 1339 1402 0 0
919 T 1339 191 514 0 0
919 T 2389 123 2330 0 0
919 T 2212 2934 1222 0 0
919 T 3134 2936 948 0 0
919 T 230 3057 2441 0 0
919 T 3057 778 2531 0 0
919 T 490 346 2099 0 0
919 T 2097 687 488 0 0
919 T 476 685 346 0 0
919 T 103 498 1641 0 0
919 T 2782 3284 2169 0 0
919 T 2017 2779 1804 0 0
919 T 2146 350 2779 0 0
919 T 1236 2431 652 0 0
919 T 2441 67 670 0 0
919 T 1615 195 2431 0 0
919 T 674 2720 2372 0 0
919 T 2370 1418 587 0 0
919 T 1558 1420 2720 0 0
919 T 1233 2239 537 0 0
919 T 505 1943 1235 0 0
919 T 2363 3019 2925 0 0
919 T 2927 2103 1357 0 0
919 T 841 1914 918 0 0
919 T 2351 1947 1767 0 0
919 T 314 2376 2349 0 0
919 T 2376 1708 1995 0 0
919 T 2210 1198 955 0 0
919 T 1055 574 2212 0 0
919 T 953 1601 1053 0 0
919 T 574 1603 1198 0 0
919 T 1259 1919 915 0 0
919 T 913 952 1836 0 0
919 T 1508 950 1919 0 0
919 T 1928 978 202 0 0
919 T 1091 681 1926 0 0
919 T 17 543 924 0 0
919 T 1756 721 387 0 0
919 T 2714 2906 1713 0 0
919 T 2688 3189 2906 0 0
919 T 1298 2507 1807 0 0
919 T 742 2715 1300 0 0
919 T 1139 3358 3321 0 0
919 T 3358 3216 2500 0 0
919 T 2339 635 1317 0 0
919 T 2680 80 170 0 0
919 T 102 169 2678 0 0
919 T 598 1449 466 0 0
919 T 1449 646 984 0 0
919 T 1493 429 1730 0 0
919 T 1319 1471 2719 0 0
919 T 675 2587 1317 0 0
919 T 753 549 2155 0 0
919 T 2153 668 527 0 0
919 T 525 2033 755 0 0
919 T 2033 666 549 0 0
919 T 188 1115 2186 0 0
919 T 603 1819 346 0 0
919 T 1219 1974 186 0 0
919 T 304 803 1217 0 0
919 T 780 417 180 0 0
919 T 2297 2011 1507 0 0
919 T 2604 3304 2419 0 0
919 T 2417 1006 3169 0 0
919 T 108 188 2627 0 0
919 T 1617 2044 1739 0 0
919 T 2959 2910 2561 0 0
919 T 1490 1333 560 0 0
919 T 79 3291 2766 0 0
919 T 2768 28 3311 0 0
919 T 3309 3245 80 0 0
919 T 2166 478 1289 0 0
919 T 124 2127 2168 0 0
919 T 494 2125 1396 0 0
919 T 990 3184 2178 0 0
919 T 2952 3182 1136 0 0
919 T 630 1648 336 0 0
919 T 791 2781 334 0 0
919 T 2781 2286 632 0 0
919 T 2286 791 1648 0 0
919 T 406 621 2052 0 0
919 T 2050 1248 1168 0 0
919 T 2981 1961 1381 0 0
919 T 1383 2006 2898 0 0
919 T 2528 1551 1297 0 0
919 T 1808 1549 2522 0 0
919 T 1813 1659 2483 0 0
919 T 1659 497 369 0 0
919 T 1747 244 1950 0 0
919 T 364 2377 1745 0 0
919 T 2377 1719 244 0 0
919 T 746 2884 2831 0 0
919 T 2827 741 2878 0 0
919 T 2884 1684 2266 0 0
919 T 2284 1065 2588 0 0
919 T 674 1019 2282 0 0
919 T 1019 1318 1065 0 0
919 T 744 2056 1714 0 0
919 T 1239 1196 209 0 0
919 T 2964 1194 2314 0 0
919 T 198 739 417 0 0
919 T 793 1958 739 0 0
919 T 929 431 227 0 0
919 T 225 1793 1302 0 0
919 T 1470 817 695 0 0
919 T 147 819 1444 0 0
919 T 871 1231 1039 0 0
919 T 1064 2674 869 0 0
919 T 2674 1663 1231 0 0
919 T 199 386 1237 0 0
919 T 2454 1516 2643 0 0
919 T 1092 3361 3318 0 0
919 T 3205 2474 3361 0 0
919 T 808 332 1818 0 0
919 T 112 669 2443 0 0
919 T 2987 1603 3076 0 0
919 T 1603 1416 8 0 0
919 T 1711 1469 244 0 0
919 T 466 700 1709 0 0
919 T 700 635 1469 0 0
919 T 3108 763 3288 0 0
919 T 318 1820 439 0 0
919 T 2794 916 2164 0 0
919 T 2162 951 344 0 0
919 T 1921 814 495 0 0
919 T 580 1748 1923 0 0
919 T 493 1001 578 0 0
919 T 1021 570 505 0 0
919 T 1033 509 555 0 0
919 T 1430 817 1611 0 0
919 T 2538 2112 1179 0 0
919 T 2018 1281 2540 0 0
919 T 5 1693 1628 0 0
919 T 1530 2 1626 0 0
919 T 2943 1832 3161 0 0
919 T 3144 3195 826 0 0
919 T 828 2369 3171 0 0
919 T 2463 2371 3195 0 0
919 T 1938 1150 871 0 0
919 T 1272 172 1940 0 0
919 T 869 2093 1270 0 0
919 T 172 2095 1150 0 0
919 T 298 1727 559 0 0
919 T 557 3326 2251 0 0
919 T 3221 2854 3312 0 0
919 T 3246 2856 1784 0 0
919 T 3080 224 2411 0 0
919 T 2409 696 114 0 0
919 T 1728 694 224 0 0
919 T 3176 3150 2423 0 0
919 T 902 3190 3150 0 0
919 T 574 1416 1148 0 0
919 T 1146 876 2164 0 0
919 T 1058 874 1416 0 0
919 T 147 1609 1581 0 0
919 T 1675 151 1583 0 0
919 T 669 151 1565 0 0
919 T 26 2756 3090 0 0
919 T 108 557 2749 0 0
919 T 582 3091 2746 0 0
919 T 3092 879 3269 0 0
919 T 412 756 510 0 0
919 T 176 716 296 0 0
919 T 294 1990 1760 0 0
919 T 1990 714 1333 0 0
919 T 2745 1491 1105 0 0
919 T 9 2774 2747 0 0
919 T 19 3202 3152 0 0
919 T 3176 3204 2614 0 0
919 T 550 2577 1906 0 0
919 T 1198 1148 8 0 0
919 T 2426 396 2661 0 0
919 T 1602 1227 2645 0 0
919 T 956 887 1227 0 0
919 T 2926 2769 2387 0 0
919 T 3028 2123 2928 0 0
919 T 1244 2679 608 0 0
919 T 2722 170 1242 0 0
919 T 1067 1688 2139 0 0
919 T 995 1259 1321 0 0
919 T 1755 2749 2249 0 0
919 T 2829 1938 2674 0 0
919 T 2676 3055 2000 0 0
919 T 1622 1529 153 0 0
919 T 225 1161 21 0 0
919 T 9 2805 2730 0 0
919 T 1686 644 596 0 0
919 T 1288 2325 1688 0 0
919 T 507 1614 1977 0 0
919 T 3046 7 2967 0 0
919 T 2998 1663 3048 0 0
919 T 2310 885 2206 0 0
919 T 468 896 2097 0 0
919 T 2099 775 600 0 0
919 T 2631 135 2670 0 0
919 T 2 2012 1257 0 0
919 T 1259 1644 1294 0 0
919 T 2669 123 2632 0 0
919 T 1393 1194 880 0 0
919 T 2202 2962 1395 0 0
919 T 3210 53 2553 0 0
919 T 2555 3278 1651 0 0
919 T 3358 3280 53 0 0
919 T 1267 2227 261 0 0
919 T 174 2225 1912 0 0
919 T 1907 1840 315 0 0
919 T 521 1761 2464 0 0
919 T 1716 1763 183 0 0
919 T 1621 2 1867 0 0
919 T 1900 578 2022 0 0
919 T 1984 580 286 0 0
919 T 794 1921 1393 0 0
919 T 1957 978 1032 0 0
919 T 1030 164 400 0 0
919 T 180 980 399 0 0
919 T 1215 734 1156 0 0
919 T 1150 1212 760 0 0
919 T 872 208 1440 0 0
919 T 1271 975 208 0 0
919 T 2221 2270 126 0 0
919 T 2912 903 2686 0 0
919 T 903 1405 762 0 0
919 T 17 2114 1652 0 0
919 T 926 151 1579 0 0
919 T 2971 2914 2161 0 0
919 T 1699 1165 2914 0 0
919 T 772 2279 597 0 0
919 T 321 2277 1861 0 0
919 T 558 216 272 0 0
919 T 2152 214 1333 0 0
919 T 138 2392 2329 0 0
919 T 1092 1435 886 0 0
919 T 2207 1433 90 0 0
919 T 2914 2182 1312 0 0
919 T 501 784 178 0 0
919 T 180 2075 1713 0 0
919 T 2075 782 948 0 0
919 T 704 1145 341 0 0
919 T 3127 2405 1842 0 0
919 T 2405 564 2254 0 0
919 T 652 1942 1826 0 0
919 T 2426 3280 2497 0 0
919 T 338 827 1005 0 0
919 T 827 767 592 0 0
919 T 3090 10 3038 0 0
919 T 730 291 231 0 0
919 T 229 2151 1987 0 0
919 T 2766 121 3310 0 0
919 T 2854 2327 2768 0 0
919 T 1120 637 341 0 0
919 T 849 1018 637 0 0
919 T 1527 2771 2364 0 0
919 T 2726 1087 2560 0 0
919 T 1384 781 2728 0 0
919 T 2928 1804 1109 0 0
919 T 1111 2893 2121 0 0
919 T 774 2229 348 0 0
919 T 2229 510 374 0 0
919 T 1281 2780 865 0 0
919 T 966 2908 2957 0 0
919 T 2563 3149 968 0 0
919 T 2908 3151 2910 0 0
919 T 2536 1596 2662 0 0
919 T 393 1594 2740 0 0
919 T 2022 147 2383 0 0
919 T 2709 145 2813 0 0
919 T 3244 1226 3076 0 0
919 T 996 2503 900 0 0
919 T 951 2240 697 0 0
919 T 699 2609 1418 0 0
919 T 1048 2611 2240 0 0
919 T 1956 2418 3198 0 0
919 T 3324 3303 1954 0 0
919 T 521 1188 2282 0 0
919 T 893 1699 2528 0 0
919 T 624 1110 1657 0 0
919 T 1659 1223 405 0 0
919 T 295 1082 2621 0 0
919 T 1336 238 1985 0 0
919 T 2554 3141 1010 0 0
919 T 2946 2924 2556 0 0
919 T 2924 2898 3141 0 0
919 T 155 1625 1868 0 0
919 T 658 413 152 0 0
919 T 146 382 680 0 0
919 T 157 2196 1307 0 0
919 T 286 2194 495 0 0
919 T 2417 339 2371 0 0
919 T 1635 1419 339 0 0
919 T 484 464 1587 0 0
919 T 464 934 2551 0 0
919 T 2988 2645 3241 0 0
919 T 210 2245 2276 0 0
919 T 1884 2546 2245 0 0
919 T 128 1788 1747 0 0
919 T 357 723 162 0 0
919 T 660 891 396 0 0
919 T 2286 3243 3004 0 0
919 T 3002 2806 630 0 0
919 T 1597 705 917 0 0
919 T 2750 188 1207 0 0
919 T 240 672 311 0 0
919 T 1791 670 229 0 0
919 T 1597 314 1668 0 0
919 T 1301 238 1560 0 0
919 T 450 190 570 0 0
919 T 3292 1243 2730 0 0
919 T 2999 3253 2673 0 0
919 T 2675 3275 1981 0 0
919 T 2367 1750 1567 0 0
919 T 2972 2347 914 0 0
919 T 2766 1288 618 0 0
919 T 2907 616 2975 0 0
919 T 2246 680 1632 0 0
919 T 18 2618 2248 0 0
919 T 2505 1473 1070 0 0
919 T 2173 1475 2523 0 0
919 T 3161 2763 2402 0 0
919 T 2110 1535 1806 0 0
919 T 889 422 152 0 0
919 T 150 1608 2061 0 0
919 T 2228 2031 295 0 0
919 T 242 2066 579 0 0
919 T 3232 1832 2404 0 0
919 T 1 858 1482 0 0
919 T 2906 3167 3102 0 0
919 T 2992 1415 3167 0 0
919 T 1192 450 1023 0 0
919 T 283 472 1190 0 0
919 T 1068 595 849 0 0
919 T 169 1964 1307 0 0
919 T 286 612 171 0 0
919 T 612 916 1964 0 0
919 T 1391 923 702 0 0
919 T 2476 3298 2458 0 0
919 T 1426 2494 2409 0 0
919 T 1117 632 846 0 0
919 T 877 2377 577 0 0
919 T 2022 627 1847 0 0
919 T 1845 1024 152 0 0
919 T 18 2593 2273 0 0
919 T 660 2595 2115 0 0
919 T 1245 1587 449 0 0
919 T 1017 2045 1556 0 0
919 T 2045 2284 753 0 0
919 T 782 744 2701 0 0
919 T 2703 1001 946 0 0
919 T 3108 861 2881 0 0
919 T 2887 2178 1384 0 0
919 T 2676 2244 3010 0 0
919 T 2857 2242 3274 0 0
919 T 761 1640 2244 0 0
919 T 2111 2521 1546 0 0
919 T 490 378 894 0 0
919 T 896 1552 990 0 0
919 T 1229 2733 2534 0 0
919 T 863 1683 1231 0 0
919 T 3037 582 2773 0 0
919 T 2624 555 710 0 0
919 T 1645 828 14 0 0
919 T 1751 1558 2758 0 0
919 T 2760 1580 2368 0 0
919 T 2545 2691 1632 0 0
919 T 303 2064 1846 0 0
919 T 2735 1596 996 0 0
919 T 1463 1080 1626 0 0
919 T 2339 2610 1559 0 0
919 T 2717 698 2337 0 0
919 T 246 214 1728 0 0
919 T 1096 220 21 0 0
919 T 272 1036 2231 0 0
919 T 348 2091 270 0 0
919 T 1762 783 2007 0 0
919 T 2244 3256 3037 0 0
919 T 1388 2135 160 0 0
919 T 2241 581 2809 0 0
919 T 882 477 1969 0 0
919 T 1258 981 2545 0 0
919 T 2174 1514 1703 0 0
919 T 1 788 1514 0 0
919 T 2026 2711 2854 0 0
919 T 403 2579 750 0 0
919 T 1658 2654 1103 0 0
919 T 1955 664 1137 0 0
919 T 193 245 695 0 0
919 T 1470 1351 195 0 0
919 T 364 877 1922 0 0
919 T 630 1041 1263 0 0
919 T 1646 767 1041 0 0
919 T 1215 1859 2825 0 0
919 T 1824 2831 1210 0 0
919 T 2562 2589 984 0 0
919 T 1839 445 2278 0 0
919 T 2 2298 1836 0 0
919 T 1349 217 1712 0 0
919 T 699 347 247 0 0
919 T 87 2307 1569 0 0
919 T 1571 870 1139 0 0
919 T 2317 872 2307 0 0
919 T 2298 857 1241 0 0
919 T 2429 1826 508 0 0
919 T 379 219 838 0 0
919 T 1043 590 13 0 0
919 T 3165 875 3355 0 0
919 T 3353 2653 2966 0 0
919 T 2081 609 2348 0 0
919 T 928 1559 669 0 0
919 T 581 924 1148 0 0
919 T 1358 684 1628 0 0
919 T 414 2446 64 0 0
919 T 2399 383 66 0 0
919 T 2283 2030 528 0 0
919 T 982 1294 1542 0 0
919 T 1270 231 307 0 0
919 T 3029 2594 1396 0 0
919 T 285 730 1272 0 0
919 T 608 1522 169 0 0
919 T 2101 2799 1991 0 0
919 T 2983 2179 3249 0 0
919 T 614 3001 2815 0 0
919 T 436 1863 1872 0 0
919 T 1749 538 2611 0 0
919 T 267 1759 1724 0 0
919 T 378 246 1709 0 0
919 T 2082 2265 8 0 0
919 T 1864 447 2581 0 0
919 T 2583 1839 324 0 0
919 T 1029 203 1955 0 0
919 T 1004 3135 2938 0 0
919 U 44 2 2 0 0
919 U 7 2 2 -1 1
919 U 34 2 2 -1 1
919 U 1251 3 3 0 0
919 U 11 3 4 0 0
919 U 29 4 3 0 0
919 U 16 4 3 0 0
919 U 32 3 4 0 0
919 U 1048 8 6 0 0
919 U 1234 6 8 0 0
919 U 1749 8 8 0 0
919 U 65 5 6 0 0
919 U 1733 6 6 0 0
919 U 46 6 5 -1 0
919 U 67 7 8 0 0
919 U 50 8 7 0 0
919 U 3087 10 13 0 0
919 U 3334 16 10 0 0
919 U 1754 13 16 0 0
919 U 3072 14 12 0 0
919 U 3326 16 14 0 0
919 U 1727 12 16 0 0
919 U 3347 9 11 0 0
919 U 1738 13 9 0 0
919 U 114 12 11 0 0
919 U 3080 15 12 0 0
919 U 1744 10 11 0 0
919 U 110 14 13 0 0
919 U 107 15 16 0 0
919 U 105 9 10 0 0
919 U 1862 19 17 0 0
919 U 86 20 19 0 0
919 U 1784 17 20 0 0
919 U 79 18 17 0 0
919 U 3221 20 18 0 0
919 U 78 20 19 0 0
919 U 2325 17 20 0 0
919 U 121 17 18 0 0
919 U 1011 23 23 0 0
919 U 152 23 22 0 0
919 U 565 22 23 0 0
919 U 1028 22 22 0 0
919 U 10 22 21 0 0
919 U 26 21 22 0 0
919 U 19 23 24 0 0
919 U 53 24 23 0 0
919 U 2458 28 26 0 0
919 U 116 27 28 0 0
919 U 3208 26 27 0 0
919 U 55 26 25 0 0
919 U 2312 25 28 0 0
919 U 1090 27 25 0 0
919 U 89 25 26 0 0
919 U 84 28 27 -1 0
919 U 2873 35 40 0 0
919 U 100 36 35 0 0
919 U 1339 40 36 0 0
919 U 1332 32 33 0 0
919 U 445 33 37 0 0
919 U 1172 37 32 0 0
919 U 367 39 31 0 0
919 U 1309 38 39 0 0
919 U 1166 29 39 0 0
919 U 395 38 29 0 0
919 U 1175 36 33 0 0
919 U 430 32 36 0 0
919 U 1153 33 29 0 0
919 U 1326 29 37 0 0
919 U 1161 31 36 0 0
919 U 70 35 36 0 0
919 U 59 37 38 0 0
919 U 406 34 39 0 0
919 U 1278 29 34 0 0
919 U 23 29 30 1 0
919 U 1386 48 49 0 0
919 U 304 49 48 0 0
919 U 835 48 48 0 0
919 U 840 43 43 0 0
919 U 71 43 44 0 0
919 U 22 44 43 -1 0
919 U 1350 44 41 0 0
919 U 248 41 44 0 0
919 U 1367 50 45 0 0
919 U 864 45 45 0 0
919 U 277 45 50 0 0
919 U 855 50 50 0 0
919 U 819 42 42 0 0
919 U 1371 46 41 0 0
919 U 257 41 46 0 0
919 U 92 48 47 0 0
919 U 95 47 48 0 0
919 U 285 51 60 0 0
919 U 1308 60 51 0 0
919 U 906 60 60 0 0
919 U 69 58 57 0 0
919 U 929 57 57 0 0
919 U 21 57 58 0 0
919 U 913 51 51 0 0
919 U 92 60 59 0 0
919 U 94 59 60 0 0
919 U 1322 53 52 0 0
919 U 250 52 53 0 0
919 U 311 58 55 0 0
919 U 1303 55 58 0 0
919 U 1343 53 56 0 0
919 U 900 53 53 0 0
919 U 274 56 53 0 0
919 U 928 56 56 0 0
919 U 1076 63 71 0 0
919 U 1353 61 63 0 0
919 U 403 71 61 0 0
919 U 24 64 63 0 0
919 U 1380 63 72 0 0
919 U 1375 72 69 0 0
919 U 1107 65 72 0 0
919 U 379 69 65 0 0
919 U 426 68 70 0 0
919 U 1360 61 68 0 0
919 U 1080 70 61 0 0
919 U 2817 66 67 0 0
919 U 99 65 66 1 0
919 U 1401 67 65 0 0
919 U 356 63 62 0 0
919 U 55 62 61 0 0
919 U 1093 66 69 0 0
919 U 71 65 66 0 0
919 U 1112 63 67 0 0
919 U 450 68 71 0 0
919 U 2428 73 75 0 0
919 U 118 74 73 0 0
919 U 3216 75 74 0 0
919 U 2320 75 74 0 0
919 U 1138 74 76 0 0
919 U 87 76 75 0 0
919 U 84 74 73 0 0
919 U 59 75 76 0 0
919 U 148 79 78 0 0
919 U 613 78 79 0 0
919 U 966 79 79 0 0
919 U 27 78 77 0 0
919 U 9 77 78 0 0
919 U 957 78 78 0 0
919 U 20 80 79 0 0
919 U 57 79 80 0 0
919 U 81 81 82 0 0
919 U 3226 83 81 0 0
919 U 1720 82 83 0 0
919 U 1870 84 82 0 0
919 U 76 83 84 0 0
919 U 2322 82 83 0 0
919 U 86 84 83 0 0
919 U 119 82 81 0 0
919 U 3065 90 92 0 0
919 U 3344 86 90 0 0
919 U 1770 92 86 0 0
919 U 3060 90 87 0 0
919 U 1789 87 89 0 0
919 U 111 89 90 0 0
919 U 3329 87 91 0 0
919 U 101 88 87 0 0
919 U 1800 91 88 0 0
919 U 3340 86 88 0 0
919 U 1816 89 86 0 0
919 U 3064 92 85 0 0
919 U 109 91 92 0 0
919 U 103 86 85 0 0
919 U 1186 93 95 0 0
919 U 1067 95 93 0 0
919 U 1775 93 93 0 0
919 U 1779 95 95 0 0
919 U 61 96 95 0 0
919 U 47 95 96 0 0
919 U 63 94 93 0 0
919 U 45 93 94 0 0
919 U 13 97 98 0 0
919 U 37 98 97 0 0
919 U 1202 97 97 0 0
919 U 36 97 98 0 0
919 U 12 98 97 -1 0
919 U 40 1 1 0 -1
919 U 8 1 1 0 -1
919 U 42 1 1 0 0
919 Q 453 127 453 127 0 0 0 0 0 0
919 Q 1541 453 1543 0 0 0 0 0 0 0
