0
0 d=106
0
106 A 5 0 0 2 0 -2
106 A 10 0 5 3 -5 -3
106 A 10 0 5 2 -5 -2
106 A -2 1 21 0 -21 0
106 A 2 1 21 0 -21 0
106 A -3 1 21 1 -21 -1
106 A 3 1 -21 1 21 -1
106 A 11 0 0 5 0 -5
106 A 20 0 5 2 -5 -2
106 A 20 0 -5 2 5 -2
106 A 0 2 105 0 -105 0
106 A -4 2 21 0 -21 0
106 A 4 2 21 0 -21 0
106 A 6 2 -21 1 21 -1
106 A -6 2 21 1 -21 -1
106 A 5 0 0 1 0 1
106 A 6 0 3 1 3 1
106 A 7 0 0 1 0 1
106 A 9 0 0 2 0 2
106 A 10 0 5 1 5 1
106 A 15 0 0 4 0 4
106 A 17 0 0 8 0 8
106 A 21 0 0 8 0 8
106 A 35 0 0 6 0 6
106 A 45 0 0 11 0 11
106 A 51 0 0 25 0 25
106 A 4 0 1 1 1 -1
106 A 5 0 2 2 1 -1
106 A 5 0 -2 2 -1 -1
106 A 6 0 1 1 1 -1
106 A 7 0 3 3 1 -1
106 A 7 0 3 2 3 -2
106 A 7 0 3 1 -1 -2
106 A 7 0 -3 1 1 -2
106 A 7 0 -3 3 -1 -1
106 A 7 0 2 3 2 -3
106 A 7 0 2 2 -2 2
106 A 7 0 2 1 1 3
106 A 7 0 -2 1 -1 3
106 A 7 0 0 3 0 -2
106 A 8 0 3 3 -1 1
106 A 8 0 3 1 -1 3
106 A 8 0 -3 1 1 3
106 A 8 0 -3 3 1 1
106 A 9 0 4 4 -2 2
106 A 9 0 4 2 4 -2
106 A 9 0 4 1 1 2
106 A 9 0 -4 1 -1 2
106 A 9 0 -4 4 2 2
106 A 9 0 3 4 -3 1
106 A 9 0 3 2 -3 2
106 A 9 0 3 1 -3 4
106 A 9 0 2 4 2 -4
106 A 9 0 2 1 -1 -4
106 A 9 0 -2 1 1 -4
106 A 9 0 1 1 1 -1
106 A 9 0 0 4 0 1
106 A 10 0 3 3 -1 1
106 A 10 0 -3 3 1 1
106 A 0 1 51 0 27 0
106 A 0 1 49 0 -13 0
106 A 0 1 41 0 31 0
106 A 0 1 39 0 19 0
106 A 0 1 29 0 -11 0
106 A 0 1 25 0 -17 0
106 A -1 1 48 0 -29 0
106 A -1 1 47 0 -41 0
106 A -1 1 45 0 19 0
106 A -1 1 39 0 -11 0
106 A 1 1 48 0 -29 0
106 A 1 1 47 0 -41 0
106 A 1 1 45 0 19 0
106 A 1 1 39 0 -11 0
106 A -2 1 51 1 -27 0
106 A -2 1 49 1 -39 -1
106 A -2 1 41 1 23 0
106 A -2 1 27 1 -19 0
106 A -2 1 17 0 -13 0
106 A 2 1 27 0 -51 1
106 A 2 1 23 0 41 -1
106 A 2 1 19 0 -27 1
106 A 2 1 17 0 -13 0
106 A 2 1 -39 1 49 -1
106 A -3 1 44 1 19 1
106 A -3 1 41 1 -31 -1
106 A -3 1 11 0 -18 -1
106 A -3 1 45 1 -12 0
106 A -3 1 39 1 49 1
106 A 3 1 -44 1 -19 1
106 A 3 1 -41 1 31 -1
106 A 3 1 11 0 -18 1
106 A 3 1 -49 1 -39 1
106 A 3 1 -45 1 12 0
106 A 11 0 -5 1 -5 -1
106 A 11 0 -5 4 1 3
106 A 11 0 -4 1 4 1
106 A 11 0 -4 3 2 -4
106 A 11 0 -3 2 -2 -5
106 A 11 0 -3 5 -1 2
106 A 11 0 -2 2 -2 -2
106 A 11 0 -2 3 2 3
106 A 11 0 -2 5 -3 -2
106 A 11 0 -1 3 5 4
106 A 11 0 1 2 3 5
106 A 11 0 2 4 -4 -3
106 A -4 1 15 1 -41 -1
106 A -4 1 39 2 -13 0
106 A -4 1 43 2 47 2
106 A -4 1 15 0 -49 -2
106 A -4 1 17 1 25 1
106 A -4 1 33 1 -29 -1
106 A 4 1 13 0 -39 2
106 A 4 1 -17 1 -25 1
106 A 4 1 -29 1 33 -1
106 A 4 1 -41 1 15 -1
106 A 4 1 -49 2 15 0
106 A 4 1 -43 2 -47 2
106 A -5 1 38 2 25 1
106 A -5 1 49 2 -15 -1
106 A -5 1 45 2 40 2
106 A -5 1 30 2 31 1
106 A 5 1 -49 2 15 -1
106 A 5 1 -31 1 -30 2
106 A 5 1 -45 2 -40 2
106 A 5 1 -25 1 -38 2
106 A -6 1 31 2 27 1
106 A -6 1 19 1 11 1
106 A -6 1 13 1 -9 -1
106 A -6 1 47 3 -47 -2
106 A 6 1 -27 1 -31 2
106 A 6 1 -9 1 13 -1
106 A 6 1 -19 1 -11 1
106 A 6 1 -47 2 47 -3
106 A 12 0 1 5 1 -5
106 A -7 1 32 2 43 3
106 A -7 1 25 1 -42 -3
106 A -7 1 47 3 -36 -3
106 A -7 1 33 2 -26 -1
106 A -7 1 9 1 22 1
106 A -7 1 22 2 -35 -3
106 A -7 1 50 3 17 1
106 A 7 1 -32 2 -43 3
106 A 7 1 -25 1 42 -3
106 A 7 1 -17 1 -50 3
106 A 7 1 -47 3 36 -3
106 A 7 1 -33 2 26 -1
106 A 7 1 -9 1 -22 1
106 A 7 1 -22 2 35 -3
106 A 13 0 6 3 -3 -5
106 A 13 0 -6 3 3 -5
106 A 13 0 5 4 -1 6
106 A 13 0 -5 4 1 6
106 A 13 0 4 5 -4 5
106 A 13 0 2 6 1 -3
106 A 13 0 -2 6 -1 -3
106 A -9 1 48 4 42 3
106 A -9 1 32 2 50 4
106 A -9 1 25 3 -9 -1
106 A 9 1 -42 3 -48 4
106 A 9 1 -32 2 -50 4
106 A 9 1 -25 3 9 -1
106 A -10 1 17 1 31 3
106 A 10 1 -31 3 -17 1
106 A 15 0 7 2 1 4
106 A 15 0 -7 2 -1 4
106 A -11 1 20 3 -19 -1
106 A -11 1 49 5 13 1
106 A 11 1 -13 1 -49 5
106 A 11 1 -19 1 20 -3
106 A -13 1 14 3 31 4
106 A -13 1 13 1 35 3
106 A 13 1 -35 3 -13 1
106 A 13 1 -31 4 -14 3
106 A 17 0 -8 4 -1 8
106 A 17 0 -7 5 -6 3
106 A 17 0 -3 7 3 7
106 A 17 0 1 8 8 4
106 A 17 0 6 3 7 5
106 A -15 1 26 5 -14 -3
106 A -15 1 27 4 -51 -7
106 A 15 1 -51 7 27 -4
106 A 15 1 -14 3 26 -5
106 A 19 0 1 9 1 -9
106 A -4 2 63 2 -23 0
106 A 4 2 23 0 -63 2
106 A 6 2 -65 1 19 -1
106 A -6 2 65 1 -19 -1
106 A 23 0 -6 3 6 3
106 A -14 2 25 1 57 5
106 A 14 2 -25 1 -57 5
106 A 29 0 14 11 -14 11
106 A 37 0 12 6 -12 6
106 A 47 0 23 12 -23 12
106 S 2 1 5 0
106 S -1 2 5 0
106 S 4 3 10 0
106 S -2 1 10 0
106 S -4 3 10 0
106 S 2 1 10 0
106 S -2 1 5 0
106 S 1 2 5 0
106 T 119 178 228 0 0
106 T 576 181 117 0 0
106 T 230 168 578 0 0
106 T 181 170 178 0 0
106 T 169 161 164 0 0
106 T 150 156 132 0 0
106 T 164 152 174 0 0
106 T 147 45 141 0 0
106 T 138 159 139 0 0
106 T 175 180 178 0 0
106 T 153 133 145 0 0
106 T 161 141 149 0 0
106 T 522 433 203 0 0
106 T 113 490 520 0 0
106 T 201 8 115 0 0
106 T 490 9 433 0 0
106 T 247 183 502 0 0
106 T 500 170 128 0 0
106 T 130 176 245 0 0
106 T 362 70 387 0 0
106 T 173 508 360 0 0
106 T 385 324 175 0 0
106 T 508 326 70 0 0
106 T 315 493 9 0 0
106 T 465 118 400 0 0
106 T 153 77 467 0 0
106 T 402 222 155 0 0
106 T 77 220 118 0 0
106 T 286 620 229 0 0
106 T 6 561 284 0 0
106 T 231 191 4 0 0
106 T 561 189 620 0 0
106 T 513 472 6 0 0
106 T 4 397 333 0 0
106 T 335 61 515 0 0
106 T 61 399 472 0 0
106 T 92 385 442 0 0
106 T 440 167 105 0 0
106 T 107 97 94 0 0
106 T 90 114 108 0 0
106 T 82 103 83 0 0
106 T 87 100 89 0 0
106 T 110 99 79 0 0
106 T 79 42 93 0 0
106 T 107 113 85 0 0
106 T 97 165 385 0 0
106 T 174 111 282 0 0
106 T 280 376 118 0 0
106 T 116 535 172 0 0
106 T 535 378 111 0 0
106 T 212 574 528 0 0
106 T 214 519 570 0 0
106 T 362 263 594 0 0
106 T 253 22 589 0 0
106 T 343 254 593 0 0
106 T 556 683 360 0 0
106 T 592 444 558 0 0
106 T 683 446 263 0 0
106 T 416 674 613 0 0
106 T 631 662 418 0 0
106 T 615 62 629 0 0
106 T 662 60 674 0 0
106 T 362 226 469 0 0
106 T 471 65 348 0 0
106 T 350 352 360 0 0
106 T 358 334 364 0 0
106 T 328 336 329 0 0
106 T 344 352 371 0 0
106 T 352 67 226 0 0
106 T 124 108 450 0 0
106 T 295 90 126 0 0
106 T 448 112 293 0 0
106 T 611 678 388 0 0
106 T 615 49 609 0 0
106 T 1 416 390 0 0
106 T 187 587 81 0 0
106 T 598 191 80 0 0
106 T 587 0 596 0 0
106 T 436 6 374 0 0
106 T 372 284 580 0 0
106 T 579 284 22 0 0
106 T 276 345 581 0 0
106 T 582 563 438 0 0
106 T 719 717 719 1 0
106 T 414 41 378 0 0
106 T 366 378 91 0 0
106 T 334 87 412 0 0
106 T 613 89 409 0 0
106 T 397 87 611 0 0
106 T 195 60 270 0 0
106 T 63 195 251 0 0
106 T 383 47 402 0 0
106 T 1 270 249 0 0
106 T 660 684 250 0 0
106 T 271 685 648 0 0
106 T 650 50 662 0 0
106 T 557 695 174 0 0
106 T 680 511 695 0 0
106 T 166 98 422 0 0
106 T 420 301 171 0 0
106 T 161 303 98 0 0
106 T 367 228 208 0 0
106 T 112 532 365 0 0
106 T 210 182 114 0 0
106 T 532 180 228 0 0
106 T 467 326 108 0 0
106 T 99 324 153 0 0
106 T 23 620 171 0 0
106 T 349 386 242 0 0
106 T 240 69 353 0 0
106 T 235 62 148 0 0
106 T 219 359 233 0 0
106 T 134 63 217 0 0
106 T 727 725 727 1 0
106 T 457 294 548 0 0
106 T 550 274 136 0 0
106 T 138 538 459 0 0
106 T 538 272 294 0 0
106 T 298 17 541 0 0
106 T 554 567 548 0 0
106 T 287 660 550 0 0
106 T 650 253 552 0 0
106 T 201 122 603 0 0
106 T 606 124 203 0 0
106 T 296 339 318 0 0
106 T 346 486 243 0 0
106 T 73 518 344 0 0
106 T 241 92 75 0 0
106 T 518 94 486 0 0
106 T 475 86 616 0 0
106 T 555 312 473 0 0
106 T 618 120 553 0 0
106 T 312 122 86 0 0
106 T 75 393 215 0 0
106 T 346 569 393 0 0
106 T 236 93 128 0 0
106 T 564 222 238 0 0
106 T 648 63 676 0 0
106 T 678 194 687 0 0
106 T 79 528 471 0 0
106 T 1 487 469 0 0
106 T 417 286 124 0 0
106 T 126 454 144 0 0
106 T 146 571 419 0 0
106 T 571 452 286 0 0
106 T 571 63 582 0 0
106 T 374 61 454 0 0
106 T 585 640 32 0 0
106 T 0 642 637 0 0
106 T 639 596 31 0 0
106 T 205 122 480 0 0
106 T 463 124 207 0 0
106 T 437 669 278 0 0
106 T 669 560 345 0 0
106 T 525 538 522 0 0
106 T 520 294 8 0 0
106 T 541 303 66 0 0
106 T 62 394 278 0 0
106 T 634 537 13 0 0
106 T 632 290 521 0 0
106 T 363 72 531 0 0
106 T 575 406 361 0 0
106 T 406 213 72 0 0
106 T 509 317 15 0 0
106 T 257 312 506 0 0
106 T 316 27 511 0 0
106 T 153 371 462 0 0
106 T 127 304 155 0 0
106 T 304 204 371 0 0
106 T 448 495 201 0 0
106 T 9 489 450 0 0
106 T 489 113 495 0 0
106 T 481 74 267 0 0
106 T 462 283 73 0 0
106 T 391 651 618 0 0
106 T 616 62 608 0 0
106 T 690 540 668 0 0
106 T 670 654 11 0 0
106 T 654 542 711 0 0
106 T 690 168 561 0 0
106 T 168 34 620 0 0
106 T 5 3 4 0 0
106 T 6 456 547 0 0
106 T 545 157 514 0 0
106 T 219 374 307 0 0
106 T 305 454 132 0 0
106 T 591 181 129 0 0
106 T 131 199 255 0 0
106 T 22 197 181 0 0
106 T 266 168 105 0 0
106 T 440 162 264 0 0
106 T 347 171 543 0 0
106 T 64 420 345 0 0
106 T 80 701 641 0 0
106 T 492 605 111 0 0
106 T 602 521 105 0 0
106 T 107 300 478 0 0
106 T 60 427 341 0 0
106 T 595 573 62 0 0
106 T 573 252 427 0 0
106 T 506 12 645 0 0
106 T 3 537 504 0 0
106 T 634 3 647 0 0
106 T 153 428 283 0 0
106 T 369 73 428 0 0
106 T 100 439 444 0 0
106 T 446 4 340 0 0
106 T 389 120 252 0 0
106 T 40 262 277 0 0
106 T 128 412 266 0 0
106 T 500 107 412 0 0
106 T 432 113 313 0 0
106 T 429 164 109 0 0
106 T 296 636 277 0 0
106 T 643 316 260 0 0
106 T 143 574 388 0 0
106 T 504 475 136 0 0
106 T 286 196 116 0 0
106 T 127 550 629 0 0
106 T 123 434 105 0 0
106 T 193 687 673 0 0
106 T 590 175 245 0 0
106 T 262 664 82 0 0
106 T 664 318 701 0 0
106 T 680 664 11 0 0
106 T 509 712 664 0 0
106 T 421 77 428 0 0
106 T 407 61 263 0 0
106 T 161 383 236 0 0
106 T 95 479 163 0 0
106 T 383 477 128 0 0
106 T 288 300 299 0 0
106 T 309 657 290 0 0
106 T 317 327 311 0 0
106 T 364 63 547 0 0
106 T 6 410 366 0 0
106 T 410 456 63 0 0
106 T 420 225 370 0 0
106 T 72 227 78 0 0
106 T 72 443 351 0 0
106 T 81 638 696 0 0
106 T 91 457 629 0 0
106 T 245 332 211 0 0
106 T 185 5 247 0 0
106 T 209 398 187 0 0
106 T 147 66 400 0 0
106 T 222 64 133 0 0
106 T 174 627 37 0 0
106 T 627 559 187 0 0
106 T 141 121 426 0 0
106 T 540 24 298 0 0
106 T 296 698 654 0 0
106 T 655 276 82 0 0
106 T 340 234 323 0 0
106 T 190 210 411 0 0
106 T 236 149 68 0 0
106 T 70 143 381 0 0
106 T 334 115 502 0 0
106 T 320 348 205 0 0
106 T 120 160 322 0 0
106 T 160 482 348 0 0
106 T 323 424 149 0 0
106 T 253 626 244 0 0
106 T 4 556 255 0 0
106 T 493 644 308 0 0
106 T 626 22 172 0 0
106 T 71 38 65 0 0
106 T 138 553 259 0 0
106 T 447 11 82 0 0
106 T 69 485 368 0 0
106 T 438 81 11 0 0
106 T 493 505 498 0 0
106 U 71 2 5 0 0
106 U 21 3 2 0 0
106 U 256 5 3 0 0
106 U 15 2 3 0 0
106 U 308 4 2 0 0
106 U 9 5 4 0 0
106 U 497 2 5 0 0
106 U 12 2 3 0 0
106 U 700 7 8 0 0
106 U 26 8 9 0 0
106 U 713 9 7 0 0
106 U 692 9 6 0 0
106 U 37 8 9 0 0
106 U 184 6 8 0 0
106 U 32 9 8 0 0
106 U 11 7 6 0 0
106 U 1 1 1 0 0
106 U 28 1 1 0 -1
106 U 190 12 10 0 0
106 U 689 10 13 0 0
106 U 35 13 12 0 0
106 U 710 11 13 0 0
106 U 25 13 12 0 0
106 U 699 12 11 0 0
106 U 11 11 10 -1 0
106 U 31 12 13 0 0
106 U 288 17 15 0 0
106 U 13 15 14 -1 0
106 U 524 14 17 0 0
106 U 67 14 17 0 0
106 U 18 15 14 0 0
106 U 274 17 15 0 0
106 U 17 14 15 0 0
106 U 9 17 16 0 0
106 Q 42 212 45 214 0 0 0 0 0 0
106 Q 376 721 412 716 0 0 0 0 0 0
106 Q 46 330 0 331 0 0 0 0 1 0
106 Q 58 195 56 193 0 0 0 0 0 0
106 Q 268 725 249 58 0 0 0 0 0 0
106 Q 727 60 56 61 0 0 0 0 0 0
106 Q 716 400 339 381 0 0 0 0 0 0
106 Q 601 704 604 2 0 0 0 0 0 0
106 Q 2 201 52 203 0 0 0 0 0 0
106 Q 52 124 706 122 0 0 0 0 0 0
106 Q 0 339 0 339 0 0 0 0 0 0
106 Q 54 205 52 207 0 0 0 0 0 0
106 Q 482 704 461 54 0 0 0 0 0 0
106 Q 265 722 283 707 0 0 0 0 0 0
106 Q 74 55 75 720 0 0 0 0 0 0
106 Q 407 57 392 721 0 0 0 0 0 0
106 Q 54 212 57 214 0 0 0 0 0 0
106 Q 476 336 464 707 0 0 0 0 0 0
106 Q 357 101 357 101 0 0 0 0 0 0
106 Q 103 233 1 219 -1 0 0 0 0 0
106 Q 727 262 722 279 0 0 0 0 0 0
106 Q 157 20 158 18 0 0 0 0 0 0
106 Q 48 193 50 195 0 0 0 0 0 0
106 Q 59 29 58 28 0 0 0 0 0 0
106 Q 51 198 42 196 0 0 0 0 0 0
106 Q 38 44 38 44 0 0 0 0 0 0
106 Q 321 1 304 3 1 1 0 0 0 -1
106 Q 131 705 117 719 0 0 0 0 0 0
106 Q 49 210 0 208 0 0 0 0 0 0
106 Q 205 2 207 38 0 0 0 0 0 0
