0
0 d=779
0
779 A 5 0 -1 2 1 -2
779 A 6 0 -1 2 1 -2
779 A 9 0 4 1 -4 -1
779 A 10 0 -1 2 1 -2
779 A 12 0 5 2 -5 -2
779 A 12 0 -1 2 1 -2
779 A 13 0 -1 2 1 -2
779 A -1 1 79 0 -79 0
779 A -1 1 64 0 -64 0
779 A -1 1 14 0 -14 0
779 A 0 1 79 0 -79 0
779 A 0 1 64 0 -64 0
779 A 0 1 14 0 -14 0
779 A -3 1 65 1 -65 -1
779 A 2 1 -66 1 66 -1
779 A -4 1 83 2 -83 -2
779 A 3 1 -85 2 85 -2
779 A -5 1 39 1 -39 -1
779 A 4 1 -40 1 40 -1
779 A 15 0 4 7 -4 -7
779 A 15 0 -1 2 1 -2
779 A -6 1 20 1 -20 -1
779 A 5 1 -21 1 21 -1
779 A 18 0 5 8 -5 -8
779 A -13 1 27 2 -27 -2
779 A 12 1 -29 2 29 -2
779 A 20 0 9 2 -9 -2
779 A 20 0 -1 2 1 -2
779 A 26 0 -1 2 1 -2
779 A -1 2 -104 1 104 -1
779 A 5 0 2 1 2 1
779 A 7 0 2 3 2 3
779 A 11 0 4 3 4 3
779 A 13 0 5 3 5 3
779 A 4 0 1 1 -2 1
779 A 4 0 -1 1 0 -1
779 A 5 0 -3 2 2 -1
779 A 5 0 1 2 -1 -1
779 A 6 0 -2 1 -1 -1
779 A 7 0 -4 3 4 -2
779 A 7 0 3 1 -1 2
779 A 7 0 -3 1 -1 3
779 A 7 0 -3 2 -1 -2
779 A 7 0 -3 3 0 2
779 A 7 0 2 2 -1 -3
779 A 7 0 2 1 -2 3
779 A 7 0 -2 1 1 1
779 A 7 0 -2 2 0 3
779 A 7 0 -1 1 0 -1
779 A 8 0 -5 3 2 -1
779 A 8 0 3 1 4 -1
779 A 8 0 -3 1 2 1
779 A 8 0 -3 3 0 1
779 A 8 0 2 3 -1 -1
779 A 8 0 -2 3 -1 3
779 A 8 0 1 3 4 -3
779 A 8 0 -1 1 0 3
779 A 9 0 -5 4 -4 2
779 A 9 0 2 2 1 4
779 A 9 0 -2 1 -1 -1
779 A 9 0 -1 2 -2 4
779 A 10 0 -6 3 1 1
779 A 10 0 -4 1 -1 3
779 A 10 0 -4 3 -1 -3
779 A 10 0 3 3 -2 1
779 A 10 0 3 1 -2 3
779 A 10 0 -3 1 2 1
779 A 11 0 -6 5 -4 2
779 A 11 0 -6 4 3 -5
779 A 11 0 -6 3 7 -4
779 A 11 0 -6 2 4 2
779 A 11 0 5 1 1 -2
779 A 11 0 -5 1 -3 2
779 A 11 0 -5 2 1 -3
779 A 11 0 -5 3 -4 5
779 A 11 0 -5 4 1 4
779 A 11 0 -5 5 0 -3
779 A 11 0 -7 5 -4 1
779 A 11 0 4 1 1 2
779 A 11 0 -4 3 -1 -3
779 A 11 0 -4 4 0 -1
779 A 11 0 3 5 -2 4
779 A 11 0 3 4 -3 -3
779 A 11 0 3 2 2 -3
779 A 11 0 3 1 2 5
779 A 11 0 -3 1 -3 4
779 A 11 0 -3 3 0 -5
779 A 11 0 2 4 2 -5
779 A 11 0 2 3 -1 5
779 A 11 0 2 2 1 5
779 A 11 0 2 1 -1 4
779 A 11 0 -2 1 -1 -1
779 A 11 0 -2 2 0 -2
779 A 11 0 -1 1 0 -4
779 A 12 0 -7 5 -2 1
779 A 12 0 -5 1 -4 -1
779 A 12 0 -4 5 1 -5
779 A 12 0 2 5 1 1
779 A 13 0 -7 6 2 -1
779 A 13 0 -7 5 2 5
779 A 13 0 -7 4 2 -6
779 A 13 0 -7 3 2 -5
779 A 13 0 -7 2 2 6
779 A 13 0 6 1 2 -4
779 A 13 0 -6 1 -2 -3
779 A 13 0 -6 2 -2 -1
779 A 13 0 -6 3 -2 -2
779 A 13 0 -6 4 -2 -4
779 A 13 0 -6 5 -2 3
779 A 13 0 -8 6 5 2
779 A 13 0 -8 5 -8 4
779 A 13 0 5 1 5 -3
779 A 13 0 -5 1 -5 2
779 A 13 0 -5 4 -5 6
779 A 13 0 -9 6 3 6
779 A 13 0 4 5 3 -6
779 A 13 0 4 4 3 5
779 A 13 0 4 3 3 -5
779 A 13 0 4 2 3 -1
779 A 13 0 4 1 3 2
779 A 13 0 -4 1 -3 -1
779 A 13 0 -4 2 -3 -3
779 A 13 0 -4 3 -3 4
779 A 13 0 -4 5 -3 2
779 A 13 0 -4 6 -3 -4
779 A 13 0 1 6 -1 -1
779 A 13 0 1 5 -1 3
779 A 13 0 1 4 -1 6
779 A 13 0 1 3 -1 4
779 A 13 0 1 2 -1 5
779 A -1 1 89 0 46 0
779 A -1 1 88 0 -82 0
779 A -1 1 86 0 34 0
779 A -1 1 77 0 -38 0
779 A -1 1 76 0 59 0
779 A -1 1 74 0 -29 0
779 A -1 1 68 0 43 0
779 A -1 1 67 0 32 0
779 A -1 1 62 0 22 0
779 A -1 1 61 0 -16 0
779 A -1 1 58 0 -37 0
779 A -1 1 44 0 31 0
779 A -1 1 41 0 19 0
779 A -1 1 23 0 -17 0
779 A 0 1 89 0 46 0
779 A 0 1 88 0 -82 0
779 A 0 1 86 0 34 0
779 A 0 1 77 0 -38 0
779 A 0 1 76 0 59 0
779 A 0 1 74 0 -29 0
779 A 0 1 68 0 43 0
779 A 0 1 67 0 32 0
779 A 0 1 62 0 22 0
779 A 0 1 61 0 -16 0
779 A 0 1 58 0 -37 0
779 A 0 1 44 0 31 0
779 A 0 1 41 0 19 0
779 A 0 1 23 0 -17 0
779 A 14 0 -8 5 -3 -5
779 A 14 0 -8 3 -3 1
779 A 14 0 6 1 7 -1
779 A 14 0 -6 1 5 1
779 A 14 0 -6 3 -9 5
779 A 14 0 -6 5 -3 -1
779 A 14 0 5 3 2 1
779 A 14 0 -5 1 -2 3
779 A 14 0 -5 3 2 3
779 A 14 0 -5 5 0 -3
779 A 14 0 4 5 3 3
779 A 14 0 4 3 7 -5
779 A 14 0 4 1 -1 3
779 A 14 0 -4 1 -1 -5
779 A 14 0 -4 3 -3 5
779 A 14 0 -4 5 1 -5
779 A 14 0 -3 3 0 -5
779 A 14 0 2 5 7 -3
779 A 14 0 -2 1 1 1
779 A 14 0 1 3 -2 5
779 A -2 1 69 1 84 1
779 A -2 1 60 0 -23 0
779 A -2 1 58 0 -17 0
779 A -2 1 42 0 -61 0
779 A -2 1 26 0 53 0
779 A -2 1 16 0 -37 0
779 A -2 1 45 0 35 0
779 A 1 1 61 0 -42 0
779 A 1 1 60 0 -23 0
779 A 1 1 58 0 -17 0
779 A 1 1 53 0 26 0
779 A 1 1 45 0 35 0
779 A 1 1 37 0 -16 0
779 A 1 1 -70 1 -85 1
779 A -3 1 85 1 -16 0
779 A -3 1 67 1 86 1
779 A -3 1 61 1 -22 0
779 A -3 1 43 1 80 1
779 A -3 1 34 0 62 1
779 A -3 1 41 1 -32 0
779 A -3 1 56 1 -89 -1
779 A -3 1 68 1 -17 0
779 A -3 1 35 0 -23 0
779 A 2 1 17 0 -69 1
779 A 2 1 23 0 -35 0
779 A 2 1 -57 1 90 -1
779 A 2 1 -63 1 -34 0
779 A 2 1 -81 1 -44 1
779 A 2 1 -87 1 -68 1
779 A 2 1 -86 1 16 0
779 A 2 1 32 0 -42 1
779 A 2 1 22 0 -62 1
779 A -4 1 30 1 -63 -1
779 A -4 1 69 1 17 0
779 A -4 1 61 1 -82 -1
779 A -4 1 57 1 87 2
779 A -4 1 33 1 -28 0
779 A -4 1 31 1 -67 -1
779 A -4 1 43 1 22 0
779 A -4 1 51 1 -60 -1
779 A -4 1 64 1 66 1
779 A 3 1 -83 1 62 -1
779 A 3 1 -68 1 32 -1
779 A 3 1 -65 1 -67 1
779 A 3 1 17 0 70 -1
779 A 3 1 22 0 44 -1
779 A 3 1 28 0 -34 1
779 A 3 1 -31 1 64 -1
779 A 3 1 -52 1 61 -1
779 A 3 1 -58 1 -89 2
779 A -5 1 77 2 37 1
779 A -5 1 67 2 62 1
779 A -5 1 52 1 -73 -2
779 A -5 1 22 0 -78 -2
779 A -5 1 17 0 -33 -1
779 A -5 1 23 1 23 0
779 A -5 1 36 1 -21 0
779 A -5 1 16 0 84 2
779 A -5 1 24 1 -79 -2
779 A -5 1 69 2 -44 -1
779 A -5 1 74 2 -59 -1
779 A -5 1 58 1 53 1
779 A 4 1 22 0 -80 2
779 A 4 1 -34 1 17 0
779 A 4 1 -38 1 -79 2
779 A 4 1 -54 1 -59 1
779 A 4 1 -86 2 -16 0
779 A 4 1 -53 1 75 -2
779 A 4 1 -45 1 71 -2
779 A 4 1 21 0 -37 1
779 A 4 1 23 0 24 -1
779 A 4 1 -63 1 -69 2
779 A 4 1 -60 1 76 -2
779 A 4 1 -25 1 81 -2
779 A 15 0 7 1 2 -4
779 A -6 1 32 1 -65 -2
779 A -6 1 56 2 37 1
779 A -6 1 67 2 -82 -2
779 A -6 1 55 2 41 1
779 A -6 1 43 1 89 2
779 A -6 1 19 0 59 2
779 A -6 1 17 1 76 2
779 A -6 1 40 1 38 1
779 A -6 1 16 1 80 2
779 A 5 1 -78 2 -18 1
779 A 5 1 -38 1 -58 2
779 A 5 1 -17 1 -82 2
779 A 5 1 -42 1 -57 2
779 A 5 1 -67 2 33 -1
779 A 5 1 -84 2 69 -2
779 A 5 1 -44 1 -91 2
779 A 5 1 -39 1 -41 1
779 A 5 1 19 0 61 -2
779 A -7 1 45 1 34 1
779 A -7 1 31 1 85 3
779 A -7 1 24 1 86 3
779 A -7 1 18 1 -12 -1
779 A -7 1 25 1 30 1
779 A -7 1 79 3 -50 -2
779 A -7 1 37 1 56 2
779 A -7 1 16 0 60 2
779 A -7 1 19 1 68 2
779 A -7 1 71 3 71 2
779 A -7 1 13 1 -69 -2
779 A -7 1 83 3 -77 -3
779 A -7 1 63 2 33 1
779 A -7 1 21 1 89 3
779 A -7 1 62 2 46 1
779 A 6 1 16 0 62 -2
779 A 6 1 -22 1 -92 3
779 A 6 1 -34 1 -65 2
779 A 6 1 -46 1 -35 1
779 A 6 1 -52 2 82 -3
779 A 6 1 -58 2 -38 1
779 A 6 1 -64 2 -47 1
779 A 6 1 -70 2 -20 1
779 A 6 1 -88 3 -32 1
779 A 6 1 -71 2 14 -1
779 A 6 1 -13 1 19 -1
779 A 6 1 -25 1 -89 3
779 A 6 1 -31 1 -26 1
779 A 6 1 -73 2 -74 3
779 A 6 1 -80 3 86 -3
779 A -8 1 12 1 -89 -3
779 A -8 1 39 1 16 0
779 A -8 1 9 1 43 2
779 A -8 1 25 1 30 1
779 A -8 1 65 3 -86 -3
779 A -8 1 73 3 -36 -1
779 A -8 1 58 2 62 2
779 A -8 1 80 3 -54 -2
779 A 7 1 -31 1 -26 1
779 A 7 1 -60 2 -64 2
779 A 7 1 -37 1 76 -3
779 A 7 1 16 0 40 -1
779 A 7 1 -68 3 89 -3
779 A 7 1 -92 3 13 -1
779 A 7 1 -83 3 56 -2
779 A 7 1 -10 1 -45 2
779 A 16 0 -7 3 -4 5
779 A 16 0 -7 5 2 -3
779 A 16 0 -7 7 0 -3
779 A 16 0 -10 7 3 7
779 A 16 0 -6 5 1 5
779 A 16 0 -6 7 -5 3
779 A 16 0 4 3 -1 5
779 A 16 0 -4 3 -1 -3
779 A 16 0 3 5 -8 7
779 A 16 0 -3 3 0 -7
779 A 16 0 2 5 1 -3
779 A 16 0 2 3 -1 7
779 A 16 0 1 7 -8 5
779 A -9 1 76 4 -22 -1
779 A -9 1 67 3 53 2
779 A -9 1 40 2 14 1
779 A -9 1 37 1 20 1
779 A -9 1 19 1 -88 -4
779 A -9 1 8 1 -74 -4
779 A -9 1 89 4 -38 -1
779 A -9 1 52 3 71 3
779 A -9 1 43 2 26 1
779 A -9 1 56 3 -56 -2
779 A -9 1 65 3 -83 -4
779 A -9 1 77 3 -68 -3
779 A 8 1 -20 1 92 -4
779 A 8 1 -68 3 87 -4
779 A 8 1 -71 3 80 -3
779 A 8 1 -55 2 -70 3
779 A 8 1 -39 1 93 -4
779 A 8 1 -9 1 78 -4
779 A 8 1 -74 3 -55 3
779 A 8 1 -58 2 59 -3
779 A 8 1 -38 1 -21 1
779 A 8 1 -27 1 -45 2
779 A 8 1 -80 4 23 -1
779 A 8 1 -42 2 -15 1
779 A -10 1 13 1 -42 -2
779 A -10 1 33 2 33 1
779 A -10 1 62 3 87 4
779 A -10 1 78 4 88 4
779 A -10 1 71 3 49 3
779 A -10 1 61 3 79 4
779 A -10 1 21 1 -26 -2
779 A -10 1 19 1 -39 -2
779 A -10 1 29 2 -44 -2
779 A 9 1 -92 4 -82 4
779 A 9 1 -74 3 -52 3
779 A 9 1 -65 3 -91 4
779 A 9 1 -34 1 -35 2
779 A 9 1 -44 2 14 -1
779 A 9 1 -28 2 22 -1
779 A 9 1 -46 2 31 -2
779 A 9 1 -64 3 -83 4
779 A 9 1 -41 2 20 -1
779 A 17 0 -9 5 -2 6
779 A 17 0 -8 2 -8 3
779 A 17 0 -8 6 -1 -3
779 A 17 0 -8 7 2 -3
779 A 17 0 -7 3 -2 7
779 A 17 0 -7 7 0 7
779 A 17 0 6 5 -1 2
779 A 17 0 6 2 5 3
779 A 17 0 -6 6 0 -6
779 A 17 0 -5 7 4 3
779 A 17 0 4 5 -4 6
779 A 17 0 -4 3 -2 -6
779 A 17 0 -3 2 1 2
779 A 17 0 1 7 1 -3
779 A 17 0 -2 4 3 -6
779 A -11 1 37 2 20 1
779 A -11 1 26 2 64 4
779 A -11 1 18 1 10 1
779 A -11 1 32 2 63 3
779 A -11 1 87 5 -36 -2
779 A -11 1 75 4 30 1
779 A -11 1 49 3 -60 -3
779 A 10 1 -52 3 63 -3
779 A 10 1 -92 5 38 -2
779 A 10 1 -66 3 -34 2
779 A 10 1 -79 4 -31 1
779 A 10 1 -39 2 -21 1
779 A 10 1 -11 1 -19 1
779 A 10 1 -28 2 -68 4
779 A 18 0 7 4 -1 2
779 A 18 0 -7 2 1 4
779 A 18 0 -7 8 1 -8
779 A 18 0 5 2 -5 4
779 A -12 1 65 4 76 5
779 A -12 1 34 2 38 2
779 A -12 1 14 1 52 3
779 A -12 1 16 1 23 1
779 A -12 1 32 2 -86 -5
779 A -12 1 19 2 26 1
779 A -12 1 19 1 68 4
779 A -12 1 92 5 -47 -2
779 A 11 1 -40 2 -36 2
779 A 11 1 -21 2 -27 1
779 A 11 1 -97 5 49 -2
779 A 11 1 -20 1 -72 4
779 A 11 1 -24 1 -17 1
779 A 11 1 -91 5 34 -2
779 A 11 1 -55 3 -15 1
779 A 11 1 -69 4 -81 5
779 A -13 1 71 5 41 3
779 A -13 1 85 6 -15 -1
779 A -13 1 83 6 57 4
779 A -13 1 21 2 60 4
779 A -13 1 69 5 29 2
779 A -13 1 43 3 55 4
779 A -13 1 30 2 55 3
779 A -13 1 81 5 -61 -4
779 A -13 1 79 6 25 1
779 A -13 1 40 3 -27 -1
779 A -13 1 38 3 -77 -6
779 A 12 1 -31 2 -74 5
779 A 12 1 -43 3 28 -1
779 A 12 1 -91 6 16 -1
779 A 12 1 -64 4 -23 2
779 A 12 1 -76 5 -44 3
779 A 12 1 -61 4 -89 6
779 A 12 1 -85 6 -26 1
779 A 12 1 -86 5 65 -4
779 A 12 1 -46 3 -59 4
779 A 12 1 -58 3 -32 2
779 A 12 1 -41 3 83 -6
779 A 19 0 -10 3 7 3
779 A 19 0 -9 2 1 3
779 A 19 0 7 2 -4 3
779 A 19 0 -4 6 -2 6
779 A 19 0 -3 4 -1 4
779 A 19 0 -2 2 0 2
779 A -14 1 14 1 91 6
779 A -14 1 26 1 -38 -2
779 A 13 1 -97 6 -15 1
779 A 13 1 -27 1 40 -2
779 A 20 0 -8 7 -13 9
779 A 20 0 -8 9 -3 7
779 A 20 0 -7 9 -2 9
779 A 20 0 4 9 1 7
779 A 20 0 -4 7 -1 9
779 A -16 1 21 1 15 2
779 A -16 1 50 3 -86 -6
779 A 15 1 -53 3 92 -6
779 A 15 1 -22 1 -17 2
779 A -18 1 44 5 -32 -3
779 A -18 1 80 8 82 7
779 A 17 1 -89 7 -88 8
779 A 17 1 -49 5 35 -3
779 A 23 0 -5 8 3 -8
779 A 23 0 -4 8 2 -4
779 A -19 1 79 9 -20 -2
779 A 18 1 -88 9 22 -2
779 A -20 1 19 1 -19 -2
779 A 19 1 -21 2 20 -1
779 A -4 2 24 1 51 1
779 A 2 2 -52 1 -25 1
779 A -2 3 -273 1 -40 1
779 A -1 3 272 1 39 1
779 S -6 6 13 0
779 S -5 5 13 0
779 S -4 4 13 0
779 S -3 3 13 0
779 S -2 2 13 0
779 S -1 1 13 0
779 S -2 2 5 0
779 S -1 1 5 0
779 S -4 1 9 0
779 S 2 4 9 0
779 S 1 2 9 0
779 S -9 4 15 0
779 S -6 1 15 0
779 S 3 7 15 0
779 S 3 2 15 0
779 S -15 0 -6 1
779 S -87 -3 -6 1
779 S -54 -1 -6 1
779 S -24 -1 -6 1
779 S -6 4 9 0
779 S 3 1 9 0
779 S -3 2 9 0
779 S 0 2 5 0
779 S 0 1 5 0
779 S 0 6 13 0
779 S 0 5 13 0
779 S 0 4 13 0
779 S 0 3 13 0
779 S 0 2 13 0
779 S 0 1 13 0
779 T 777 756 22 0 0
779 T 812 799 779 0 0
779 T 799 3 756 0 0
779 T 1119 969 3 0 0
779 T 1524 1435 4 0 0
779 T 969 250 1522 0 0
779 T 1435 252 1117 0 0
779 T 970 1121 714 0 0
779 T 959 1137 709 0 0
779 T 1223 1020 972 0 0
779 T 1033 202 1121 0 0
779 T 1020 775 1035 0 0
779 T 1065 762 1005 0 0
779 T 875 993 83 0 0
779 T 861 988 5 0 0
779 T 84 997 889 0 0
779 T 1592 223 873 0 0
779 T 81 1437 1590 0 0
779 T 223 1439 993 0 0
779 T 616 854 661 0 0
779 T 663 401 87 0 0
779 T 85 1135 614 0 0
779 T 1135 403 854 0 0
779 T 1622 985 802 0 0
779 T 804 197 425 0 0
779 T 197 987 532 0 0
779 T 196 563 1000 0 0
779 T 553 190 989 0 0
779 T 412 621 1538 0 0
779 T 726 573 410 0 0
779 T 1540 638 728 0 0
779 T 573 640 621 0 0
779 T 623 635 597 0 0
779 T 586 602 610 0 0
779 T 595 643 573 0 0
779 T 581 597 617 0 0
779 T 630 606 647 0 0
779 T 570 615 609 0 0
779 T 635 631 625 0 0
779 T 606 590 619 0 0
779 T 637 572 586 0 0
779 T 616 589 594 0 0
779 T 646 604 628 0 0
779 T 579 582 580 0 0
779 T 382 865 694 0 0
779 T 696 89 361 0 0
779 T 363 416 384 0 0
779 T 333 377 403 0 0
779 T 348 396 376 0 0
779 T 383 426 349 0 0
779 T 437 347 359 0 0
779 T 396 394 396 -1 0
779 T 387 421 353 0 0
779 T 369 333 443 0 0
779 T 450 355 351 0 0
779 T 391 433 365 0 0
779 T 405 71 343 0 0
779 T 414 419 410 0 0
779 T 434 399 401 0 0
779 T 405 424 430 0 0
779 T 410 376 332 0 0
779 T 337 379 399 0 0
779 T 362 342 453 0 0
779 T 446 367 339 0 0
779 T 420 360 386 0 0
779 T 416 91 865 0 0
779 T 296 1144 902 0 0
779 T 250 274 294 0 0
779 T 311 300 301 0 0
779 T 267 70 216 0 0
779 T 296 283 270 0 0
779 T 207 227 245 0 0
779 T 219 269 229 0 0
779 T 262 276 300 0 0
779 T 217 219 217 -1 0
779 T 301 277 259 0 0
779 T 210 215 235 0 0
779 T 230 208 244 0 0
779 T 237 209 285 0 0
779 T 291 284 256 0 0
779 T 244 256 236 0 0
779 T 278 248 264 0 0
779 T 266 286 289 0 0
779 T 252 307 222 0 0
779 T 237 257 312 0 0
779 T 227 305 221 0 0
779 T 904 317 252 0 0
779 T 274 319 1144 0 0
779 T 1419 1376 1721 0 0
779 T 1380 1710 1412 0 0
779 T 1421 1727 1381 0 0
779 T 1729 1382 1424 0 0
779 T 1378 1731 1410 0 0
779 T 1634 101 1417 0 0
779 T 1376 119 1677 0 0
779 T 119 103 123 0 0
779 T 99 125 101 0 0
779 T 132 123 131 0 0
779 T 116 67 95 0 0
779 T 119 109 97 0 0
779 T 105 96 112 0 0
779 T 114 107 127 0 0
779 T 1401 101 1249 0 0
779 T 1251 127 1046 0 0
779 T 1048 99 1403 0 0
779 T 900 983 57 0 0
779 T 864 1446 898 0 0
779 T 58 994 862 0 0
779 T 1446 996 983 0 0
779 T 456 164 1155 0 0
779 T 1153 130 56 0 0
779 T 479 132 164 0 0
779 T 1496 597 564 0 0
779 T 562 633 309 0 0
779 T 311 623 1494 0 0
779 T 1541 771 1378 0 0
779 T 746 1545 1385 0 0
779 T 1410 728 1543 0 0
779 T 1416 738 1556 0 0
779 T 728 1712 771 0 0
779 T 1112 716 4 0 0
779 T 738 722 716 0 0
779 T 709 733 705 0 0
779 T 1110 818 740 0 0
779 T 1105 840 726 0 0
779 T 722 820 3 0 0
779 T 1535 1494 0 0 0
779 T 619 506 1533 0 0
779 T 564 508 1725 0 0
779 T 10 1737 1453 0 0
779 T 1455 835 137 0 0
779 T 139 869 9 0 0
779 T 869 833 1737 0 0
779 T 1092 8 949 0 0
779 T 541 824 1090 0 0
779 T 951 32 543 0 0
779 T 518 1753 1006 0 0
779 T 1751 1011 538 0 0
779 T 1557 1297 520 0 0
779 T 1008 1804 1559 0 0
779 T 1297 1802 1753 0 0
779 T 1317 909 1427 0 0
779 T 1301 919 1319 0 0
779 T 1425 937 1303 0 0
779 T 919 939 909 0 0
779 T 900 943 930 0 0
779 T 925 897 905 0 0
779 T 168 1094 521 0 0
779 T 558 177 1115 0 0
779 T 523 1470 1191 0 0
779 T 1189 637 166 0 0
779 T 637 1472 1094 0 0
779 T 18 131 1040 0 0
779 T 1131 132 17 0 0
779 T 1038 121 1129 0 0
779 T 1351 784 484 0 0
779 T 489 785 1347 0 0
779 T 482 1763 966 0 0
779 T 461 1768 959 0 0
779 T 968 275 1349 0 0
779 T 275 1761 784 0 0
779 T 931 138 10 0 0
779 T 869 142 929 0 0
779 T 142 139 138 0 0
779 T 135 142 149 0 0
779 T 133 160 162 0 0
779 T 154 156 154 0 0
779 T 160 145 150 0 0
779 T 154 146 164 0 0
779 T 818 537 1416 0 0
779 T 1410 838 548 0 0
779 T 90 543 820 0 0
779 T 1414 557 92 0 0
779 T 543 559 537 0 0
779 T 556 528 532 0 0
779 T 545 549 565 0 0
779 T 721 838 27 0 0
779 T 838 819 821 0 0
779 T 647 1584 506 0 0
779 T 962 1425 645 0 0
779 T 508 183 964 0 0
779 T 498 192 955 0 0
779 T 976 474 185 0 0
779 T 1425 181 1584 0 0
779 T 1601 301 734 0 0
779 T 631 311 1603 0 0
779 T 736 298 629 0 0
779 T 1716 91 1746 0 0
779 T 975 456 1714 0 0
779 T 1748 1181 973 0 0
779 T 456 1183 91 0 0
779 T 663 3 612 0 0
779 T 602 680 661 0 0
779 T 680 586 3 0 0
779 T 1240 110 1167 0 0
779 T 1165 497 1246 0 0
779 T 1248 1216 1238 0 0
779 T 1210 1222 1248 0 0
779 T 1235 1215 1227 0 0
779 T 1242 1234 1251 0 0
779 T 1253 1244 1209 0 0
779 T 1216 499 110 0 0
779 T 1688 283 808 0 0
779 T 806 1613 493 0 0
779 T 440 1615 283 0 0
779 T 678 379 83 0 0
779 T 976 1506 930 0 0
779 T 932 795 1745 0 0
779 T 1182 793 1506 0 0
779 T 1814 1834 1819 0 0
779 T 1823 1839 1811 0 0
779 T 1315 889 1467 0 0
779 T 1465 894 1262 0 0
779 T 1264 858 1313 0 0
779 T 858 896 889 0 0
779 T 881 869 863 0 0
779 T 875 862 851 0 0
779 T 1741 2 1734 0 0
779 T 1673 1 1628 0 0
779 T 607 483 1457 0 0
779 T 736 1352 605 0 0
779 T 1459 781 734 0 0
779 T 655 1085 435 0 0
779 T 433 1275 194 0 0
779 T 196 174 653 0 0
779 T 174 1273 1085 0 0
779 T 1127 179 1292 0 0
779 T 53 130 1173 0 0
779 T 1175 147 431 0 0
779 T 534 145 130 0 0
779 T 1641 78 1515 0 0
779 T 1513 244 390 0 0
779 T 244 80 513 0 0
779 T 265 149 667 0 0
779 T 214 689 133 0 0
779 T 711 1551 1297 0 0
779 T 1299 1790 957 0 0
779 T 1790 1549 1137 0 0
779 T 985 526 875 0 0
779 T 891 991 525 0 0
779 T 26 995 864 0 0
779 T 873 556 197 0 0
779 T 532 189 890 0 0
779 T 1808 1800 1261 0 0
779 T 1318 1785 1806 0 0
779 T 1263 74 1320 0 0
779 T 1785 76 1800 0 0
779 T 961 953 977 0 0
779 T 85 940 963 0 0
779 T 6 900 976 0 0
779 T 981 925 86 0 0
779 T 940 470 953 0 0
779 T 983 19 897 0 0
779 T 472 928 976 0 0
779 T 1508 941 5 0 0
779 T 1296 267 933 0 0
779 T 1396 1296 4 0 0
779 T 935 572 3 0 0
779 T 1394 570 267 0 0
779 T 567 315 1260 0 0
779 T 1258 813 547 0 0
779 T 540 1266 828 0 0
779 T 549 815 315 0 0
779 T 491 175 776 0 0
779 T 177 484 761 0 0
779 T 774 1605 493 0 0
779 T 495 511 489 0 0
779 T 484 502 486 0 0
779 T 499 471 475 0 0
779 T 511 1607 175 0 0
779 T 1056 482 1545 0 0
779 T 490 1078 1543 0 0
779 T 1689 1761 1054 0 0
779 T 183 203 193 0 0
779 T 186 202 200 0 0
779 T 181 682 176 0 0
779 T 1474 684 656 0 0
779 T 99 1101 1360 0 0
779 T 1358 1227 117 0 0
779 T 109 1225 1101 0 0
779 T 218 1187 1145 0 0
779 T 1083 428 1149 0 0
779 T 1151 78 946 0 0
779 T 948 841 1081 0 0
779 T 841 80 428 0 0
779 T 1469 867 781 0 0
779 T 1062 225 1471 0 0
779 T 783 319 1064 0 0
779 T 225 317 867 0 0
779 T 272 1613 672 0 0
779 T 670 440 294 0 0
779 T 1195 865 205 0 0
779 T 247 317 1193 0 0
779 T 98 376 789 0 0
779 T 791 394 846 0 0
779 T 848 348 100 0 0
779 T 473 939 191 0 0
779 T 187 498 926 0 0
779 T 189 911 1512 0 0
779 T 1510 917 475 0 0
779 T 231 947 1188 0 0
779 T 1148 945 269 0 0
779 T 351 1083 577 0 0
779 T 579 1149 381 0 0
779 T 1246 446 1520 0 0
779 T 1501 392 1212 0 0
779 T 1503 1520 2 0 0
779 T 826 247 1749 0 0
779 T 1266 1009 247 0 0
779 T 1069 809 487 0 0
779 T 89 778 1071 0 0
779 T 485 800 91 0 0
779 T 648 300 1350 0 0
779 T 967 262 646 0 0
779 T 1017 1061 4 0 0
779 T 3 1056 776 0 0
779 T 1034 1054 1061 0 0
779 T 1025 1039 1031 0 0
779 T 1023 1071 1079 0 0
779 T 1002 1310 468 0 0
779 T 466 1364 1072 0 0
779 T 1070 7 1004 0 0
779 T 7 1362 1310 0 0
779 T 15 488 1003 0 0
779 T 1001 33 487 0 0
779 T 357 1401 669 0 0
779 T 293 1403 347 0 0
779 T 1609 1549 467 0 0
779 T 1001 763 1611 0 0
779 T 1549 761 1311 0 0
779 T 713 545 176 0 0
779 T 540 177 710 0 0
779 T 174 1271 739 0 0
779 T 1271 547 721 0 0
779 T 1677 1651 941 0 0
779 T 943 323 117 0 0
779 T 323 1649 1376 0 0
779 T 947 78 1201 0 0
779 T 1203 73 1150 0 0
779 T 77 75 78 0 0
779 T 74 76 74 -1 0
779 T 613 169 1157 0 0
779 T 1436 1024 615 0 0
779 T 1159 466 1434 0 0
779 T 1024 468 169 0 0
779 T 1026 504 179 0 0
779 T 1381 563 40 0 0
779 T 564 59 1383 0 0
779 T 1478 86 1562 0 0
779 T 983 1478 222 0 0
779 T 1564 927 224 0 0
779 T 494 1223 552 0 0
779 T 1318 1044 1007 0 0
779 T 1005 93 1428 0 0
779 T 912 95 1044 0 0
779 T 895 243 750 0 0
779 T 752 391 191 0 0
779 T 189 1516 893 0 0
779 T 781 1055 1769 0 0
779 T 785 1077 1775 0 0
779 T 1771 1692 274 0 0
779 T 2 1 2 0 0
779 T 1336 436 234 0 0
779 T 108 1166 1334 0 0
779 T 236 751 106 0 0
779 T 1166 749 436 0 0
779 T 37 1219 35 0 0
779 T 220 1284 1322 0 0
779 T 1324 1 1284 0 0
779 T 815 1722 787 0 0
779 T 1049 1326 785 0 0
779 T 1277 1081 813 0 0
779 T 1326 0 1279 0 0
779 T 140 1578 50 0 0
779 T 48 1595 139 0 0
779 T 1595 141 1578 0 0
779 T 6 1526 883 0 0
779 T 869 1528 988 0 0
779 T 1362 1651 462 0 0
779 T 464 323 1368 0 0
779 T 1366 1376 1364 0 0
779 T 748 1322 1074 0 0
779 T 1076 1087 141 0 0
779 T 1087 1282 739 0 0
779 T 315 768 1067 0 0
779 T 1007 744 313 0 0
779 T 744 764 768 0 0
779 T 756 748 776 0 0
779 T 738 1455 50 0 0
779 T 1577 833 740 0 0
779 T 164 442 1342 0 0
779 T 1344 888 135 0 0
779 T 160 886 442 0 0
779 T 799 1056 748 0 0
779 T 777 769 1078 0 0
779 T 87 66 81 0 0
779 T 83 639 1058 0 0
779 T 1060 239 1135 0 0
779 T 90 1090 837 0 0
779 T 843 549 1568 0 0
779 T 1566 699 232 0 0
779 T 230 1206 841 0 0
779 T 1206 697 549 0 0
779 T 1269 1284 1273 0 0
779 T 23 29 643 0 0
779 T 1530 12 1381 0 0
779 T 561 1016 1532 0 0
779 T 136 1074 398 0 0
779 T 400 1087 150 0 0
779 T 500 1235 1101 0 0
779 T 257 629 1581 0 0
779 T 1583 744 303 0 0
779 T 277 742 629 0 0
779 T 8 1618 1651 0 0
779 T 1312 462 1618 0 0
779 T 240 923 885 0 0
779 T 923 158 371 0 0
779 T 1767 1795 1558 0 0
779 T 1807 1573 1765 0 0
779 T 1560 1437 1805 0 0
779 T 1573 1439 1795 0 0
779 T 1392 1420 1400 0 0
779 T 1398 1695 517 0 0
779 T 519 321 1390 0 0
779 T 321 1693 1420 0 0
779 T 997 1015 991 0 0
779 T 971 1210 222 0 0
779 T 224 1248 1017 0 0
779 T 509 1347 327 0 0
779 T 325 787 495 0 0
779 T 1470 90 1539 0 0
779 T 727 92 1094 0 0
779 T 1411 1812 375 0 0
779 T 347 1813 1379 0 0
779 T 1813 1 1812 0 0
779 T 1446 1438 1478 0 0
779 T 910 282 729 0 0
779 T 731 447 190 0 0
779 T 1511 445 282 0 0
779 T 1633 142 1678 0 0
779 T 1680 1830 1051 0 0
779 T 1081 1825 1635 0 0
779 T 1049 584 1083 0 0
779 T 1333 213 855 0 0
779 T 853 210 435 0 0
779 T 110 1041 255 0 0
779 T 253 909 107 0 0
779 T 1380 777 492 0 0
779 T 1387 484 797 0 0
779 T 763 486 1028 0 0
779 T 1078 1362 169 0 0
779 T 757 1376 1080 0 0
779 T 171 1368 759 0 0
779 T 1353 767 177 0 0
779 T 1122 319 1783 0 0
779 T 1781 826 1111 0 0
779 T 1105 816 1777 0 0
779 T 1109 1117 1124 0 0
779 T 1095 1089 1107 0 0
779 T 1113 1127 1129 0 0
779 T 1117 828 319 0 0
779 T 651 1218 702 0 0
779 T 113 268 704 0 0
779 T 649 215 94 0 0
779 T 960 115 1467 0 0
779 T 1264 1097 958 0 0
779 T 1097 896 115 0 0
779 T 1158 569 704 0 0
779 T 113 1395 1160 0 0
779 T 1033 186 349 0 0
779 T 186 829 452 0 0
779 T 355 831 1035 0 0
779 T 46 1153 129 0 0
779 T 130 1174 45 0 0
779 T 1153 1176 124 0 0
779 T 1589 1227 524 0 0
779 T 307 1235 1591 0 0
779 T 522 1213 305 0 0
779 T 1209 365 990 0 0
779 T 992 435 1504 0 0
779 T 207 1441 1389 0 0
779 T 167 694 205 0 0
779 T 1391 720 165 0 0
779 T 178 1406 705 0 0
779 T 694 718 1441 0 0
779 T 878 617 179 0 0
779 T 915 581 880 0 0
779 T 177 599 913 0 0
779 T 1198 322 125 0 0
779 T 283 1367 1200 0 0
779 T 127 463 281 0 0
779 T 1824 0 1820 0 0
779 T 1818 617 1423 0 0
779 T 1383 599 1822 0 0
779 T 242 330 1568 0 0
779 T 699 332 208 0 0
779 T 91 503 1386 0 0
779 T 1388 831 1748 0 0
779 T 1714 829 503 0 0
779 T 1485 955 184 0 0
779 T 505 977 1487 0 0
779 T 287 399 1060 0 0
779 T 1135 397 209 0 0
779 T 707 327 1139 0 0
779 T 959 325 733 0 0
779 T 1422 12 1488 0 0
779 T 1486 1529 1731 0 0
779 T 1034 1691 1141 0 0
779 T 1143 171 354 0 0
779 T 1540 781 416 0 0
779 T 419 783 621 0 0
779 T 701 609 171 0 0
779 T 1619 1447 1558 0 0
779 T 1807 1479 1617 0 0
779 T 1103 207 790 0 0
779 T 1360 375 207 0 0
779 T 303 660 195 0 0
779 T 193 1331 277 0 0
779 T 1331 658 257 0 0
779 T 254 126 1097 0 0
779 T 1099 464 289 0 0
779 T 81 313 697 0 0
779 T 1208 815 83 0 0
779 T 884 1694 1634 0 0
779 T 1694 1446 1651 0 0
779 T 1032 235 692 0 0
779 T 134 210 1030 0 0
779 T 736 660 1467 0 0
779 T 660 328 113 0 0
779 T 1340 1306 1322 0 0
779 T 746 173 1338 0 0
779 T 1306 175 1076 0 0
779 T 1343 177 1030 0 0
779 T 857 1514 530 0 0
779 T 1672 1429 1388 0 0
779 T 1748 1431 10 0 0
779 T 1466 1000 628 0 0
779 T 1602 196 1468 0 0
779 T 626 561 1604 0 0
779 T 953 366 1247 0 0
779 T 1168 368 192 0 0
779 T 707 420 914 0 0
779 T 1406 600 420 0 0
779 T 1266 625 277 0 0
779 T 744 635 1268 0 0
779 T 234 1044 517 0 0
779 T 519 109 242 0 0
779 T 1560 1693 7 0 0
779 T 1290 921 152 0 0
779 T 145 369 1292 0 0
779 T 92 901 388 0 0
779 T 386 825 1489 0 0
779 T 1491 1434 90 0 0
779 T 1434 827 901 0 0
779 T 182 685 303 0 0
779 T 1428 744 685 0 0
779 T 1463 1163 5 0 0
779 T 881 833 1461 0 0
779 T 833 1528 1163 0 0
779 T 796 138 1431 0 0
779 T 1533 592 260 0 0
779 T 258 606 508 0 0
779 T 1108 717 1418 0 0
779 T 758 719 72 0 0
779 T 966 603 1011 0 0
779 T 603 1705 1662 0 0
779 T 1052 807 945 0 0
779 T 1203 449 1050 0 0
779 T 449 80 807 0 0
779 T 168 586 651 0 0
779 T 649 570 1191 0 0
779 T 1339 492 755 0 0
779 T 753 779 13 0 0
779 T 1378 1339 14 0 0
779 T 522 1066 1440 0 0
779 T 1227 84 1066 0 0
779 T 767 418 880 0 0
779 T 117 409 765 0 0
779 T 878 413 119 0 0
779 T 1413 1658 1456 0 0
779 T 1738 804 1415 0 0
779 T 1354 417 620 0 0
779 T 605 828 1356 0 0
779 T 417 826 591 0 0
779 T 546 1105 1543 0 0
779 T 538 1109 1555 0 0
779 T 165 1399 1107 0 0
779 T 1576 1114 15 0 0
779 T 16 543 950 0 0
779 T 952 709 1574 0 0
779 T 709 541 1114 0 0
779 T 308 1248 1497 0 0
779 T 1499 1238 523 0 0
779 T 1163 676 407 0 0
779 T 432 90 1161 0 0
779 T 676 92 424 0 0
779 T 100 1199 881 0 0
779 T 883 321 102 0 0
779 T 551 1570 713 0 0
779 T 1605 201 1570 0 0
779 T 242 1390 1171 0 0
779 T 1169 1444 232 0 0
779 T 1758 1610 1576 0 0
779 T 1574 1800 292 0 0
779 T 234 1785 1610 0 0
779 T 1421 41 507 0 0
779 T 836 270 97 0 0
779 T 270 1464 1200 0 0
779 T 508 59 1421 0 0
779 T 758 1462 673 0 0
779 T 675 294 170 0 0
779 T 1367 296 1462 0 0
779 T 1304 648 85 0 0
779 T 787 85 1232 0 0
779 T 1230 1145 1051 0 0
779 T 1326 1147 85 0 0
779 T 1131 147 1640 0 0
779 T 1039 1666 162 0 0
779 T 1344 501 1037 0 0
779 T 1773 1542 1345 0 0
779 T 854 569 3 0 0
779 T 371 77 859 0 0
779 T 1109 1749 1656 0 0
779 T 1314 1483 369 0 0
779 T 1263 79 1483 0 0
779 T 1308 1517 1487 0 0
779 T 1502 1275 1530 0 0
779 T 217 794 835 0 0
779 T 794 747 1594 0 0
779 T 234 1702 1027 0 0
779 T 1702 689 1039 0 0
779 T 1009 625 261 0 0
779 T 1779 1257 1541 0 0
779 T 1304 1483 441 0 0
779 T 443 80 920 0 0
779 T 1318 78 1483 0 0
779 T 1471 4 1498 0 0
779 T 1237 3 1192 0 0
779 T 330 1598 575 0 0
779 T 376 728 1598 0 0
779 T 360 707 102 0 0
779 T 1252 705 672 0 0
779 T 668 289 1125 0 0
779 T 1127 288 152 0 0
779 T 1255 1294 116 0 0
779 T 125 1177 1253 0 0
779 T 1294 1179 107 0 0
779 T 1631 843 242 0 0
779 T 1459 744 828 0 0
779 T 1354 742 483 0 0
779 T 1407 783 633 0 0
779 T 1237 1336 93 0 0
779 T 95 1371 1192 0 0
779 T 4 1369 1336 0 0
779 T 285 935 339 0 0
779 T 379 933 1058 0 0
779 T 510 1475 568 0 0
779 T 566 173 1569 0 0
779 T 67 1775 1780 0 0
779 T 72 1773 1778 0 0
779 T 108 894 254 0 0
779 T 86 1138 1249 0 0
779 T 1251 466 1564 0 0
779 T 1480 468 1138 0 0
779 T 770 89 1021 0 0
779 T 941 97 1169 0 0
779 T 1171 111 323 0 0
779 T 125 554 1244 0 0
779 T 1234 556 1046 0 0
779 T 6 719 344 0 0
779 T 406 760 5 0 0
779 T 522 1399 1089 0 0
779 T 1782 248 1655 0 0
779 T 1478 1791 1612 0 0
779 T 1449 658 510 0 0
779 T 512 259 147 0 0
779 T 145 1329 1451 0 0
779 T 686 96 316 0 0
779 T 566 1451 688 0 0
779 T 1451 1259 96 0 0
779 T 1205 1188 1084 0 0
779 T 167 384 1193 0 0
779 T 291 1113 1648 0 0
779 T 1646 1703 73 0 0
779 T 1026 1115 1757 0 0
779 T 1619 959 1804 0 0
779 T 1802 1766 1309 0 0
779 T 1308 340 184 0 0
779 T 953 338 1519 0 0
779 T 1586 1 1599 0 0
779 T 1587 593 438 0 0
779 T 1188 84 1278 0 0
779 T 537 1458 634 0 0
779 T 286 923 179 0 0
779 T 1131 1292 560 0 0
779 T 1796 1551 1068 0 0
779 T 1008 1309 1794 0 0
779 T 292 1768 1263 0 0
779 T 1412 1272 14 0 0
779 T 1272 1729 1337 0 0
779 T 886 209 178 0 0
779 T 15 1612 1025 0 0
779 T 669 496 1229 0 0
779 T 86 326 671 0 0
779 T 1754 236 1320 0 0
779 T 1522 1210 307 0 0
779 T 682 337 1073 0 0
779 T 771 1587 346 0 0
779 T 1550 521 1575 0 0
779 T 949 523 1298 0 0
779 T 1806 1756 1612 0 0
779 T 1789 1754 1620 0 0
779 T 1443 944 794 0 0
779 T 796 98 229 0 0
779 T 383 801 1121 0 0
779 T 1123 1655 1196 0 0
779 T 1357 697 410 0 0
779 T 198 274 846 0 0
779 T 791 246 188 0 0
779 T 1045 294 846 0 0
779 T 198 250 1047 0 0
779 T 1132 665 1645 0 0
779 T 637 935 680 0 0
779 T 628 1314 83 0 0
779 T 1302 335 1314 0 0
779 T 613 771 1491 0 0
779 T 593 771 360 0 0
779 T 358 1489 592 0 0
779 T 682 379 135 0 0
779 T 1124 197 350 0 0
779 T 974 830 1681 0 0
779 T 1287 164 1450 0 0
779 T 1330 154 1285 0 0
779 T 1020 1500 225 0 0
779 T 556 1211 1177 0 0
779 T 1179 365 189 0 0
779 T 47 745 1429 0 0
779 T 193 991 1531 0 0
779 T 876 250 1233 0 0
779 T 1523 468 1255 0 0
779 T 1244 466 306 0 0
779 T 1103 227 187 0 0
779 T 1293 338 289 0 0
779 T 291 731 108 0 0
779 T 1178 729 338 0 0
779 T 116 1345 1450 0 0
779 T 1770 320 1034 0 0
779 T 1051 351 578 0 0
779 T 1738 987 1164 0 0
779 T 987 1717 429 0 0
779 T 1740 91 1717 0 0
779 T 79 1698 1510 0 0
779 T 283 457 77 0 0
779 T 1254 1160 4 0 0
779 T 838 14 724 0 0
779 T 388 102 916 0 0
779 T 1231 807 269 0 0
779 T 354 903 674 0 0
779 T 557 801 1720 0 0
779 T 1398 8 1300 0 0
779 T 1235 928 227 0 0
779 T 568 310 161 0 0
779 T 1204 355 578 0 0
779 T 1369 571 214 0 0
779 T 688 310 1286 0 0
779 T 1288 299 181 0 0
779 T 1347 1260 67 0 0
779 T 765 1225 700 0 0
779 T 1563 1235 307 0 0
779 T 1407 736 540 0 0
779 T 1441 1181 5 0 0
779 T 655 152 402 0 0
779 T 1182 695 344 0 0
779 U 516 11 5 0 0
779 U 1630 5 9 0 0
779 U 427 9 11 0 0
779 U 1638 7 13 0 0
779 U 17 13 14 0 0
779 U 536 14 7 0 0
779 U 529 8 10 0 0
779 U 1623 12 8 0 0
779 U 370 8 12 0 0
779 U 557 12 14 0 0
779 U 429 7 13 0 0
779 U 552 16 9 0 0
779 U 1626 5 16 0 0
779 U 389 9 5 0 0
779 U 1641 12 10 0 0
779 U 1744 16 6 0 0
779 U 330 6 15 0 0
779 U 30 15 16 0 0
779 U 53 14 13 0 0
779 U 61 15 16 0 0
779 U 84 19 18 0 0
779 U 525 18 19 0 0
779 U 1013 19 19 0 0
779 U 5 17 18 0 0
779 U 849 18 20 0 0
779 U 26 17 18 0 0
779 U 11 19 20 0 0
779 U 39 20 19 0 0
779 U 8 2 1 0 0
779 U 33 1 2 0 0
779 U 811 2 2 0 0
779 U 21 2 1 0 0
779 U 3 1 2 0 0
779 U 169 25 23 0 0
779 U 37 23 24 0 0
779 U 1707 24 25 0 0
779 U 1671 22 25 0 0
779 U 832 25 21 0 0
779 U 9 21 22 1 0
779 U 1548 26 22 0 0
779 U 47 22 21 0 0
779 U 1692 22 24 0 0
779 U 967 24 26 0 0
779 U 51 23 24 0 0
779 U 394 38 32 0 0
779 U 1839 30 38 0 0
779 U 1834 32 36 0 0
779 U 584 36 30 0 0
779 U 143 33 41 0 0
779 U 692 41 27 0 0
779 U 668 39 33 0 0
779 U 69 27 39 1 0
779 U 121 41 33 0 0
779 U 73 39 27 0 0
779 U 1830 34 36 0 0
779 U 1825 30 42 0 0
779 U 0 36 30 0 0
779 U 64 28 39 -1 0
779 U 2 38 32 -1 1
779 U 43 37 38 1 0
779 U 44 32 31 0 0
779 U 1655 46 44 0 0
779 U 1012 44 48 0 0
779 U 1556 48 46 0 0
779 U 804 45 47 0 0
779 U 1658 47 46 0 0
779 U 10 46 45 0 0
779 U 167 47 43 0 0
779 U 36 43 44 0 0
779 U 1664 44 47 0 0
779 U 49 45 46 0 0
779 U 51 43 44 1 0
779 U 28 3 4 0 0
779 U 822 4 4 0 0
779 U 4 4 3 -1 0
779 U 7 3 4 0 0
779 U 31 4 3 0 0
779 U 87 52 49 0 0
779 U 470 49 52 0 0
779 U 979 52 52 0 0
779 U 907 49 51 0 0
779 U 19 50 49 0 0
779 U 12 52 51 0 0
779 U 41 51 52 0 0
779 U 6 50 49 0 0
779 U 1734 63 53 0 0
779 U 62 64 63 0 0
779 U 1673 53 64 0 0
779 U 475 58 56 0 0
779 U 442 56 60 0 0
779 U 1698 60 58 0 0
779 U 1681 55 59 0 0
779 U 449 59 57 0 0
779 U 1688 54 58 0 0
779 U 459 60 54 0 0
779 U 448 54 58 0 0
779 U 493 58 63 0 0
779 U 1666 62 56 0 0
779 U 501 60 62 0 0
779 U 455 55 61 0 0
779 U 17 61 62 0 0
779 U 480 62 55 0 0
779 U 437 53 64 0 0
779 U 23 64 63 0 0
779 U 55 61 62 0 0
779 Q 1217 67 1217 67 0 0 0 0 -1 0
779 Q 643 0 643 0 0 0 0 0 0 0
779 Q 0 593 65 575 0 0 0 0 0 0
779 Q 36 67 38 68 0 0 1 0 -1 0
779 Q 123 362 74 421 0 0 0 0 0 0
779 Q 0 24 0 29 0 0 0 0 0 0
779 Q 396 264 154 262 0 0 1 0 0 0
779 Q 341 73 407 156 0 0 0 0 0 0
