1867 A 7 0 5 -3 -5 3
1867 A 11 0 2 -4 -2 4
1867 A 14 0 9 -4 -9 4
1867 A -2 1 -200 -1 200 1
1867 A 1 1 201 -1 -201 1
1867 A -3 1 -87 0 87 0
1867 A 2 1 -87 0 87 0
1867 A 22 0 13 -4 -13 4
1867 A -6 1 -129 -2 129 2
1867 A 5 1 131 -2 -131 2
1867 A -9 1 -170 -3 170 3
1867 A 8 1 173 -3 -173 3
1867 A 28 0 5 -10 -5 10
1867 A 28 0 19 -10 -19 10
1867 A 9 0 5 -1 5 -1
1867 A 19 0 2 -4 2 -4
1867 A 23 0 12 -1 12 -1
1867 A 4 0 0 -1 -1 1
1867 A 4 0 -1 -1 2 -1
1867 A 5 0 0 -1 -2 2
1867 A 5 0 1 -1 0 2
1867 A 5 0 -1 -1 -2 1
1867 A 5 0 3 -1 1 -2
1867 A 5 0 -1 -2 3 -2
1867 A 6 0 0 -1 -1 1
1867 A 6 0 -1 -1 2 -1
1867 A 6 0 -2 -1 -3 1
1867 A 7 0 0 -1 3 -3
1867 A 7 0 1 -1 0 -3
1867 A 7 0 -2 -1 -1 -2
1867 A 7 0 3 -1 3 -2
1867 A 7 0 4 -1 -1 2
1867 A 7 0 0 -2 -2 2
1867 A 7 0 1 -3 2 -3
1867 A 8 0 0 -1 3 -3
1867 A 8 0 1 -1 0 -3
1867 A 8 0 -1 -1 2 3
1867 A 8 0 2 -1 -5 3
1867 A 8 0 -2 -1 3 -1
1867 A 8 0 -3 -1 -4 1
1867 A 8 0 1 -3 2 -3
1867 A 8 0 -1 -3 -4 3
1867 A 9 0 0 -1 -1 1
1867 A 9 0 -1 -1 2 -1
1867 A 9 0 -2 -1 -3 -2
1867 A 9 0 3 -1 5 -2
1867 A 9 0 -3 -1 2 4
1867 A 9 0 4 -1 -6 4
1867 A 9 0 1 -2 -2 4
1867 A 9 0 0 -2 4 -4
1867 A 9 0 2 -2 0 -4
1867 A 9 0 -1 -2 -3 2
1867 A 9 0 -2 -2 1 4
1867 A 9 0 4 -2 -5 4
1867 A 9 0 1 -4 -3 4
1867 A 10 0 0 -1 3 -3
1867 A 10 0 1 -1 0 -3
1867 A 10 0 -1 -1 -2 1
1867 A 10 0 -2 -1 1 3
1867 A 10 0 3 -1 -4 3
1867 A 10 0 -3 -1 -4 1
1867 A 10 0 -4 -1 5 -3
1867 A 10 0 5 -1 -2 -3
1867 A 10 0 1 -3 2 -3
1867 A 10 0 -3 -3 6 -3
1867 A 11 0 0 -1 -2 2
1867 A 11 0 1 -1 0 2
1867 A 11 0 -1 -1 -6 3
1867 A 11 0 2 -1 3 3
1867 A 11 0 -3 -1 -3 -2
1867 A 11 0 4 -1 5 -2
1867 A 11 0 -4 -1 -2 -4
1867 A 11 0 5 -1 6 -4
1867 A 11 0 6 -1 3 5
1867 A 11 0 1 -2 7 -3
1867 A 11 0 -1 -2 3 -2
1867 A 11 0 -2 -2 -3 -4
1867 A 11 0 4 -2 7 -4
1867 A 11 0 1 -3 -2 3
1867 A 11 0 0 -3 3 -3
1867 A 11 0 -1 -3 3 -5
1867 A 11 0 4 -3 2 -5
1867 A 11 0 0 -4 5 -5
1867 A 11 0 4 -4 0 -5
1867 A 11 0 -1 -4 2 5
1867 A 11 0 5 -4 -7 5
1867 A 11 0 -1 -5 -6 5
1867 A 12 0 0 -1 -1 1
1867 A 12 0 -1 -1 2 -1
1867 A 12 0 -2 -1 3 -5
1867 A 12 0 3 -1 2 -5
1867 A 12 0 -3 -1 -4 1
1867 A 12 0 -4 -1 -1 5
1867 A 12 0 5 -1 -4 5
1867 A 12 0 -5 -1 6 -5
1867 A 12 0 6 -1 -1 -5
1867 A 12 0 0 -5 -5 5
1867 A 12 0 -2 -5 7 -5
1867 A 12 0 -3 -5 -8 5
1867 A 13 0 0 -1 -1 1
1867 A 13 0 -1 -1 2 -1
1867 A 13 0 -2 -1 -2 5
1867 A 13 0 3 -1 -3 5
1867 A 13 0 -3 -1 -2 -6
1867 A 13 0 4 -1 8 -6
1867 A 13 0 -4 -1 3 2
1867 A 13 0 5 -1 -5 2
1867 A 13 0 -5 -1 2 4
1867 A 13 0 6 -1 -6 4
1867 A 13 0 7 -1 -3 6
1867 A 13 0 1 -2 5 3
1867 A 13 0 0 -2 6 -6
1867 A 13 0 2 -2 0 -6
1867 A 13 0 -1 -2 -3 2
1867 A 13 0 -2 -2 1 6
1867 A 13 0 4 -2 -7 6
1867 A 13 0 -4 -2 -1 -4
1867 A 13 0 6 -2 5 -4
1867 A 13 0 -5 -2 4 -3
1867 A 13 0 7 -2 -1 -3
1867 A 13 0 1 -3 1 5
1867 A 13 0 2 -3 -6 5
1867 A 13 0 0 -3 4 -4
1867 A 13 0 3 -3 0 -4
1867 A 13 0 -2 -3 5 -3
1867 A 13 0 -3 -3 -8 4
1867 A 13 0 6 -3 4 4
1867 A 13 0 -4 -3 -1 6
1867 A 13 0 7 -3 -5 6
1867 A 13 0 2 -4 9 -5
1867 A 13 0 1 -4 -7 5
1867 A 13 0 3 -4 2 5
1867 A 13 0 -3 -4 4 -6
1867 A 13 0 7 -4 2 -6
1867 A 13 0 1 -5 3 6
1867 A 13 0 4 -5 -9 6
1867 A 13 0 0 -5 5 -5
1867 A 13 0 -3 -5 -8 5
1867 A 14 0 0 -1 3 -3
1867 A 14 0 1 -1 0 -3
1867 A 14 0 -2 -1 -1 5
1867 A 14 0 3 -1 -4 5
1867 A 14 0 -3 -1 6 -5
1867 A 14 0 4 -1 -1 -5
1867 A 14 0 -4 -1 3 5
1867 A 14 0 5 -1 -8 5
1867 A 14 0 -6 -1 7 -3
1867 A 14 0 7 -1 -4 -3
1867 A 14 0 1 -3 2 -3
1867 A 14 0 -2 -3 -5 3
1867 A 14 0 -5 -3 8 -3
1867 A 14 0 0 -5 -5 5
1867 A 14 0 -2 -5 -7 5
1867 A 15 0 0 -1 -7 7
1867 A 15 0 1 -1 0 7
1867 A 15 0 -1 -1 8 -4
1867 A 15 0 2 -1 -4 -4
1867 A 15 0 -2 -1 6 -2
1867 A 15 0 3 -1 -4 -2
1867 A 15 0 -3 -1 -4 1
1867 A 15 0 -4 -1 5 2
1867 A 15 0 5 -1 -7 2
1867 A 15 0 -5 -1 3 7
1867 A 15 0 6 -1 -10 7
1867 A 15 0 -6 -1 -7 1
1867 A 15 0 8 -1 11 -7
1867 A 15 0 1 -2 -2 4
1867 A 15 0 0 -2 4 -4
1867 A 15 0 2 -2 0 -4
1867 A 15 0 -1 -2 3 -7
1867 A 15 0 3 -2 4 -7
1867 A 15 0 -2 -2 4 -2
1867 A 15 0 -3 -2 -5 -4
1867 A 15 0 5 -2 9 -4
1867 A 15 0 -6 -2 -2 -7
1867 A 15 0 8 -2 9 -7
1867 A 15 0 1 -4 -3 4
1867 A 15 0 -1 -4 5 -7
1867 A 15 0 5 -4 2 -7
1867 A 15 0 -2 -4 -6 4
1867 A 15 0 -3 -4 -1 7
1867 A 15 0 7 -4 -6 7
1867 A 15 0 -1 -7 8 -7
1867 A 16 0 0 -1 -5 5
1867 A 16 0 1 -1 0 5
1867 A 16 0 -1 -1 -6 3
1867 A 16 0 2 -1 3 3
1867 A 16 0 -2 -1 -5 7
1867 A 16 0 3 -1 -2 7
1867 A 16 0 -3 -1 -4 1
1867 A 16 0 -4 -1 3 -7
1867 A 16 0 5 -1 4 -7
1867 A 16 0 -5 -1 6 -1
1867 A 16 0 -6 -1 3 -5
1867 A 16 0 7 -1 2 -5
1867 A 16 0 -7 -1 8 -3
1867 A 16 0 8 -1 -5 -3
1867 A 16 0 1 -3 2 5
1867 A 16 0 2 -3 -7 5
1867 A 16 0 0 -3 -7 7
1867 A 16 0 3 -3 0 7
1867 A 16 0 -1 -3 -4 3
1867 A 16 0 -2 -3 1 -7
1867 A 16 0 5 -3 6 -7
1867 A 16 0 -4 -3 1 -5
1867 A 16 0 7 -3 4 -5
1867 A 16 0 -6 -3 9 -3
1867 A 16 0 -1 -5 6 -5
1867 A 16 0 -3 -5 8 -7
1867 A 16 0 8 -5 -1 -7
1867 A 16 0 -4 -5 -9 5
1867 A 16 0 -5 -5 2 7
1867 A 16 0 10 -5 -9 7
1867 A 16 0 -3 -7 10 -7
1867 A 16 0 -4 -7 -11 7
1867 A 17 0 0 -1 -2 2
1867 A 17 0 1 -1 0 2
1867 A 17 0 -1 -1 -10 5
1867 A 17 0 2 -1 5 5
1867 A 17 0 -2 -1 -1 6
1867 A 17 0 3 -1 -5 6
1867 A 17 0 -3 -1 7 -6
1867 A 17 0 4 -1 -1 -6
1867 A 17 0 -4 -1 2 3
1867 A 17 0 5 -1 -5 3
1867 A 17 0 -5 -1 -7 4
1867 A 17 0 6 -1 3 4
1867 A 17 0 -6 -1 -7 1
1867 A 17 0 -7 -1 -2 -4
1867 A 17 0 8 -1 6 -4
1867 A 17 0 9 -1 5 7
1867 A 17 0 1 -2 11 -5
1867 A 17 0 -1 -2 3 -2
1867 A 17 0 -2 -2 -5 -6
1867 A 17 0 4 -2 11 -6
1867 A 17 0 -3 -2 3 -8
1867 A 17 0 5 -2 5 -8
1867 A 17 0 -4 -2 -9 3
1867 A 17 0 6 -2 6 3
1867 A 17 0 -5 -2 -7 2
1867 A 17 0 -6 -2 -5 -3
1867 A 17 0 8 -2 8 -3
1867 A 17 0 -7 -2 6 -7
1867 A 17 0 9 -2 1 -7
1867 A 17 0 1 -3 1 7
1867 A 17 0 2 -3 -8 7
1867 A 17 0 0 -3 5 -5
1867 A 17 0 3 -3 0 -5
1867 A 17 0 -1 -3 -8 6
1867 A 17 0 4 -3 2 6
1867 A 17 0 -3 -3 8 -4
1867 A 17 0 6 -3 -4 -4
1867 A 17 0 -4 -3 5 -7
1867 A 17 0 7 -3 2 -7
1867 A 17 0 10 -3 -4 8
1867 A 17 0 2 -4 -3 6
1867 A 17 0 1 -4 -8 5
1867 A 17 0 3 -4 3 5
1867 A 17 0 0 -4 8 -8
1867 A 17 0 4 -4 0 -8
1867 A 17 0 -1 -4 4 7
1867 A 17 0 5 -4 -11 7
1867 A 17 0 -5 -4 3 -7
1867 A 17 0 9 -4 4 -7
1867 A 17 0 -6 -4 10 -4
1867 A 17 0 2 -5 -2 -8
1867 A 17 0 3 -5 10 -8
1867 A 17 0 1 -5 -9 7
1867 A 17 0 4 -5 2 7
1867 A 17 0 -1 -5 3 6
1867 A 17 0 6 -5 -9 6
1867 A 17 0 -2 -5 -1 8
1867 A 17 0 7 -5 -7 8
1867 A 17 0 -4 -5 4 -6
1867 A 17 0 9 -5 2 -6
1867 A 17 0 0 -6 -6 6
1867 A 17 0 -4 -6 2 -8
1867 A 17 0 10 -6 6 -8
1867 A 17 0 0 -7 7 -7
1867 A 17 0 -3 -7 -9 8
1867 A 17 0 10 -7 1 8
1867 A 17 0 -3 -8 11 -8
1867 A 17 0 -4 -8 -12 8
1867 A 18 0 0 -1 -1 1
1867 A 18 0 -1 -1 2 -1
1867 A 18 0 -2 -1 -3 7
1867 A 18 0 3 -1 -4 7
1867 A 18 0 -3 -1 2 -5
1867 A 18 0 4 -1 3 -5
1867 A 18 0 -4 -1 5 -1
1867 A 18 0 -5 -1 -6 -5
1867 A 18 0 6 -1 11 -5
1867 A 18 0 -6 -1 5 7
1867 A 18 0 7 -1 -12 7
1867 A 18 0 -7 -1 8 -1
1867 A 18 0 -8 -1 -9 1
1867 A 18 0 1 -5 -2 7
1867 A 18 0 4 -5 -5 7
1867 A 18 0 0 -5 7 -7
1867 A 18 0 5 -5 0 -7
1867 A 18 0 -1 -5 -6 5
1867 A 18 0 -2 -5 1 7
1867 A 18 0 7 -5 -8 7
1867 A 18 0 -3 -5 -8 5
1867 A 18 0 -4 -5 9 -7
1867 A 18 0 9 -5 -2 -7
1867 A 18 0 -5 -5 4 7
1867 A 18 0 10 -5 -11 7
1867 A 18 0 1 -7 -6 7
1867 A 18 0 -3 -7 -10 7
1867 A 19 0 0 -1 7 -7
1867 A 19 0 1 -1 0 -7
1867 A 19 0 -1 -1 6 -3
1867 A 19 0 2 -1 -3 -3
1867 A 19 0 -2 -1 8 -9
1867 A 19 0 3 -1 1 -9
1867 A 19 0 -3 -1 1 -5
1867 A 19 0 4 -1 4 -5
1867 A 19 0 -4 -1 2 -8
1867 A 19 0 5 -1 6 -8
1867 A 19 0 -5 -1 2 6
1867 A 19 0 6 -1 -8 6
1867 A 19 0 -6 -1 3 5
1867 A 19 0 7 -1 -8 5
1867 A 19 0 -7 -1 -3 -2
1867 A 19 0 8 -1 5 -2
1867 A 19 0 -8 -1 4 8
1867 A 19 0 9 -1 -12 8
1867 A 19 0 10 -1 8 3
1867 A 19 0 1 -2 4 -8
1867 A 19 0 0 -2 -6 6
1867 A 19 0 2 -2 0 6
1867 A 19 0 -1 -2 -6 4
1867 A 19 0 3 -2 2 4
1867 A 19 0 -2 -2 3 8
1867 A 19 0 4 -2 -11 8
1867 A 19 0 -4 -2 4 5
1867 A 19 0 6 -2 -9 5
1867 A 19 0 -5 -2 -4 -7
1867 A 19 0 7 -2 11 -7
1867 A 19 0 -6 -2 -9 7
1867 A 19 0 8 -2 2 7
1867 A 19 0 -7 -2 -4 3
1867 A 19 0 9 -2 1 3
1867 A 19 0 -8 -2 1 -4
1867 A 19 0 10 -2 3 -4
1867 A 19 0 1 -3 1 8
1867 A 19 0 2 -3 -9 8
1867 A 19 0 0 -3 -4 4
1867 A 19 0 3 -3 0 4
1867 A 19 0 -2 -3 -1 -7
1867 A 19 0 5 -3 8 -7
1867 A 19 0 -4 -3 2 -9
1867 A 19 0 7 -3 7 -9
1867 A 19 0 -5 -3 -5 9
1867 A 19 0 8 -3 -4 9
1867 A 19 0 -6 -3 9 -3
1867 A 19 0 -7 -3 -5 -8
1867 A 19 0 10 -3 13 -8
1867 A 19 0 -1 -4 10 -8
1867 A 19 0 5 -4 -2 -8
1867 A 19 0 -3 -4 1 -6
1867 A 19 0 7 -4 5 -6
1867 A 19 0 -4 -4 -8 4
1867 A 19 0 -5 -4 -4 6
1867 A 19 0 9 -4 -2 6
1867 A 19 0 -6 -4 -13 9
1867 A 19 0 10 -4 4 9
1867 A 19 0 -7 -4 5 -7
1867 A 19 0 11 -4 2 -7
1867 A 19 0 2 -5 1 -8
1867 A 19 0 3 -5 7 -8
1867 A 19 0 0 -5 9 -9
1867 A 19 0 5 -5 0 -9
1867 A 19 0 -1 -5 -11 6
1867 A 19 0 6 -5 5 6
1867 A 19 0 -2 -5 -3 -6
1867 A 19 0 7 -5 9 -6
1867 A 19 0 -5 -5 5 7
1867 A 19 0 10 -5 -12 7
1867 A 19 0 -6 -5 -11 5
1867 A 19 0 12 -5 13 -7
1867 A 19 0 3 -6 14 -9
1867 A 19 0 -1 -6 -3 8
1867 A 19 0 7 -6 -5 8
1867 A 19 0 -4 -6 -10 6
1867 A 19 0 -6 -6 1 9
1867 A 19 0 12 -6 -10 9
1867 A 19 0 3 -7 3 9
1867 A 19 0 4 -7 -12 9
1867 A 19 0 1 -7 6 -7
1867 A 19 0 -3 -7 -10 7
1867 A 19 0 0 -8 8 -8
1867 A 19 0 3 -9 -6 9
1867 A 19 0 -2 -9 11 -9
1867 A 20 0 0 -1 3 -3
1867 A 20 0 1 -1 0 -3
1867 A 20 0 -1 -1 -2 -9
1867 A 20 0 2 -1 11 -9
1867 A 20 0 -2 -1 -9 3
1867 A 20 0 3 -1 6 3
1867 A 20 0 -3 -1 -4 1
1867 A 20 0 -4 -1 -5 -3
1867 A 20 0 5 -1 8 -3
1867 A 20 0 -5 -1 -2 7
1867 A 20 0 6 -1 -5 7
1867 A 20 0 -6 -1 3 -9
1867 A 20 0 7 -1 6 -9
1867 A 20 0 -7 -1 -4 -7
1867 A 20 0 8 -1 11 -7
1867 A 20 0 -8 -1 -9 1
1867 A 20 0 -9 -1 -10 7
1867 A 20 0 10 -1 3 7
1867 A 20 0 1 -3 2 -3
1867 A 20 0 -1 -3 12 -9
1867 A 20 0 4 -3 -3 -9
1867 A 20 0 -2 -3 5 9
1867 A 20 0 5 -3 -14 9
1867 A 20 0 -3 -3 6 -3
1867 A 20 0 -4 -3 -3 7
1867 A 20 0 7 -3 -4 7
1867 A 20 0 -7 -3 -10 9
1867 A 20 0 10 -3 1 9
1867 A 20 0 -8 -3 1 7
1867 A 20 0 11 -3 -8 7
1867 A 20 0 1 -7 -2 9
1867 A 20 0 6 -7 -7 9
1867 A 20 0 0 -7 9 -9
1867 A 20 0 7 -7 0 -9
1867 A 20 0 -2 -7 9 -7
1867 A 20 0 -5 -7 4 -9
1867 A 20 0 12 -7 5 -9
1867 A 20 0 -6 -7 13 -7
1867 A 20 0 1 -9 -8 9
1867 A 20 0 -4 -9 -13 9
1867 A 21 0 0 -1 -4 4
1867 A 21 0 1 -1 0 4
1867 A 21 0 -2 -1 6 -2
1867 A 21 0 3 -1 -4 -2
1867 A 21 0 -3 -1 -1 -5
1867 A 21 0 4 -1 6 -5
1867 A 21 0 -4 -1 -4 5
1867 A 21 0 5 -1 -1 5
1867 A 21 0 -6 -1 -7 4
1867 A 21 0 7 -1 3 4
1867 A 21 0 -7 -1 -4 -10
1867 A 21 0 8 -1 14 -10
1867 A 21 0 -9 -1 -1 -2
1867 A 21 0 10 -1 3 -2
1867 A 21 0 11 -1 -1 2
1867 A 21 0 0 -2 -2 2
1867 A 21 0 -5 -2 7 -5
1867 A 21 0 7 -2 -2 -5
1867 A 21 0 -6 -2 -11 8
1867 A 21 0 8 -2 3 8
1867 A 21 0 -7 -2 -9 2
1867 A 21 0 -8 -2 -2 -8
1867 A 21 0 10 -2 10 -8
1867 A 21 0 2 -4 5 -10
1867 A 21 0 -1 -4 5 -4
1867 A 21 0 -2 -4 -15 10
1867 A 21 0 6 -4 5 10
1867 A 21 0 -5 -4 -9 4
1867 A 21 0 -7 -4 -1 8
1867 A 21 0 11 -4 -7 8
1867 A 21 0 -8 -4 -9 10
1867 A 21 0 12 -4 -1 10
1867 A 21 0 0 -5 -5 5
1867 A 21 0 -3 -5 4 8
1867 A 21 0 8 -5 -12 8
1867 A 21 0 -6 -5 -5 8
1867 A 21 0 11 -5 -3 8
1867 A 21 0 -7 -5 -12 5
1867 A 21 0 13 -5 4 -8
1867 A 21 0 0 -8 10 -10
1867 A 21 0 8 -8 0 -10
1867 A 21 0 -6 -8 7 -10
1867 A 21 0 14 -8 3 -10
1867 A 21 0 2 -10 8 -10
1867 A 21 0 -2 -10 -12 10
1867 A -1 1 -22 0 -191 0
1867 A -1 1 -23 0 -203 0
1867 A -1 1 -24 0 -214 0
1867 A -1 1 -25 0 -56 0
1867 A -1 1 -37 0 101 0
1867 A -1 1 -41 0 -205 0
1867 A -1 1 -44 0 138 0
1867 A -1 1 -54 0 -147 0
1867 A -1 1 -61 0 -222 0
1867 A -1 1 -81 0 -98 0
1867 A -1 1 -99 0 217 0
1867 A -1 1 -106 0 -163 0
1867 A -1 1 -111 0 -122 0
1867 A -1 1 -136 0 182 0
1867 A -1 1 -142 0 148 0
1867 A -1 1 -145 0 -219 0
1867 A -1 1 -164 0 -168 0
1867 A 0 1 -22 0 -191 0
1867 A 0 1 -23 0 -203 0
1867 A 0 1 -24 0 -214 0
1867 A 0 1 -25 0 -56 0
1867 A 0 1 -37 0 101 0
1867 A 0 1 -41 0 -205 0
1867 A 0 1 -44 0 138 0
1867 A 0 1 -54 0 -147 0
1867 A 0 1 -61 0 -222 0
1867 A 0 1 -81 0 -98 0
1867 A 0 1 -99 0 217 0
1867 A 0 1 -106 0 -163 0
1867 A 0 1 -111 0 -122 0
1867 A 0 1 -136 0 182 0
1867 A 0 1 -142 0 148 0
1867 A 0 1 -145 0 -219 0
1867 A 0 1 -164 0 -168 0
1867 A -2 1 -22 0 64 0
1867 A -2 1 -23 0 102 0
1867 A -2 1 -24 0 213 1
1867 A -2 1 -32 0 44 0
1867 A -2 1 -33 0 197 1
1867 A -2 1 -34 0 69 0
1867 A -2 1 -41 0 -181 -1
1867 A -2 1 -45 0 -196 -1
1867 A -2 1 -61 0 -123 0
1867 A -2 1 -65 0 -101 0
1867 A -2 1 -66 0 -135 0
1867 A -2 1 -68 0 -198 -1
1867 A -2 1 -82 0 143 0
1867 A -2 1 -87 0 124 0
1867 A -2 1 -89 0 -137 0
1867 A -2 1 -90 0 -99 0
1867 A -2 1 -100 0 -136 0
1867 A -2 1 -107 0 -204 -1
1867 A -2 1 -111 0 -167 -1
1867 A -2 1 -131 0 -177 -1
1867 A -2 1 -132 0 165 1
1867 A -2 1 -149 0 -190 -1
1867 A -2 1 -164 -1 176 1
1867 A -2 1 -202 -1 -221 -1
1867 A 1 1 -22 0 64 0
1867 A 1 1 -23 0 102 0
1867 A 1 1 -24 0 214 -1
1867 A 1 1 -32 0 44 0
1867 A 1 1 -33 0 198 -1
1867 A 1 1 -34 0 69 0
1867 A 1 1 -41 0 -182 1
1867 A 1 1 -45 0 -197 1
1867 A 1 1 -61 0 -123 0
1867 A 1 1 -65 0 -101 0
1867 A 1 1 -66 0 -135 0
1867 A 1 1 -68 0 -199 1
1867 A 1 1 -82 0 143 0
1867 A 1 1 -87 0 124 0
1867 A 1 1 -89 0 -137 0
1867 A 1 1 -90 0 -99 0
1867 A 1 1 -100 0 -136 0
1867 A 1 1 -107 0 -205 1
1867 A 1 1 -111 0 -168 1
1867 A 1 1 -131 0 -178 1
1867 A 1 1 -132 0 166 -1
1867 A 1 1 -149 0 -191 1
1867 A 1 1 165 -1 -177 1
1867 A 1 1 203 -1 222 -1
1867 A -3 1 -23 0 141 1
1867 A -3 1 -24 0 135 1
1867 A -3 1 -27 0 -35 0
1867 A -3 1 -38 0 -109 -1
1867 A -3 1 -41 0 147 1
1867 A -3 1 -42 0 211 1
1867 A -3 1 -62 0 203 1
1867 A -3 1 -64 0 167 1
1867 A -3 1 -65 0 128 1
1867 A -3 1 -84 0 104 1
1867 A -3 1 -85 0 125 1
1867 A -3 1 -100 -1 121 1
1867 A -3 1 -105 -1 -124 -1
1867 A -3 1 -122 -1 -137 -1
1867 A -3 1 -127 -1 -168 -1
1867 A -3 1 -163 -1 -205 -1
1867 A -3 1 -170 -1 213 1
1867 A -3 1 -171 -1 -190 -1
1867 A -3 1 -182 -1 222 1
1867 A -3 1 -191 -1 214 1
1867 A 2 1 -23 0 142 -1
1867 A 2 1 -24 0 136 -1
1867 A 2 1 -27 0 -35 0
1867 A 2 1 -38 0 -110 1
1867 A 2 1 -41 0 148 -1
1867 A 2 1 -42 0 212 -1
1867 A 2 1 -62 0 204 -1
1867 A 2 1 -64 0 168 -1
1867 A 2 1 -65 0 129 -1
1867 A 2 1 -84 0 105 -1
1867 A 2 1 -85 0 126 -1
1867 A 2 1 101 -1 -122 1
1867 A 2 1 106 -1 125 -1
1867 A 2 1 123 -1 138 -1
1867 A 2 1 128 -1 169 -1
1867 A 2 1 164 -1 206 -1
1867 A 2 1 171 -1 -214 1
1867 A 2 1 172 -1 191 -1
1867 A 2 1 183 -1 -223 1
1867 A 2 1 192 -1 -215 1
1867 A -4 1 -22 0 192 1
1867 A -4 1 -23 0 121 1
1867 A -4 1 -26 0 125 1
1867 A -4 1 -29 0 -33 0
1867 A -4 1 -38 0 -63 0
1867 A -4 1 -42 0 -57 0
1867 A -4 1 -46 0 -173 -1
1867 A -4 1 -51 0 -208 -2
1867 A -4 1 -65 0 -136 -1
1867 A -4 1 -71 -1 194 1
1867 A -4 1 -72 -1 200 2
1867 A -4 1 -80 -1 203 2
1867 A -4 1 -85 -1 179 1
1867 A -4 1 -87 -1 -96 -1
1867 A -4 1 -100 -1 148 1
1867 A -4 1 -105 -1 163 1
1867 A -4 1 -130 -1 -164 -1
1867 A -4 1 -142 -1 -183 -1
1867 A -4 1 -168 -1 -212 -2
1867 A 3 1 -22 0 193 -1
1867 A 3 1 -23 0 122 -1
1867 A 3 1 -26 0 126 -1
1867 A 3 1 -29 0 -33 0
1867 A 3 1 -38 0 -63 0
1867 A 3 1 -42 0 -57 0
1867 A 3 1 -46 0 -174 1
1867 A 3 1 -51 0 -210 2
1867 A 3 1 -65 0 -137 1
1867 A 3 1 72 -1 -195 1
1867 A 3 1 73 -1 -202 2
1867 A 3 1 81 -1 -205 2
1867 A 3 1 86 -1 -180 1
1867 A 3 1 88 -1 97 -1
1867 A 3 1 101 -1 -149 1
1867 A 3 1 106 -1 -164 1
1867 A 3 1 131 -1 165 -1
1867 A 3 1 143 -1 184 -1
1867 A 3 1 169 -1 214 -2
1867 A 22 0 -4 -1 -13 7
1867 A 22 0 5 -1 6 7
1867 A 22 0 -5 -1 -8 5
1867 A 22 0 6 -1 3 5
1867 A 22 0 -6 -1 -5 7
1867 A 22 0 7 -1 -2 7
1867 A 22 0 -7 -1 -6 9
1867 A 22 0 8 -1 -3 9
1867 A 22 0 -9 -1 -8 3
1867 A 22 0 10 -1 5 3
1867 A 22 0 -10 -1 11 -9
1867 A 22 0 11 -1 -2 -9
1867 A 22 0 1 -3 -2 3
1867 A 22 0 0 -3 3 -3
1867 A 22 0 -1 -3 -8 -5
1867 A 22 0 4 -3 13 -5
1867 A 22 0 -4 -3 1 9
1867 A 22 0 7 -3 -10 9
1867 A 22 0 -7 -3 2 -5
1867 A 22 0 10 -3 3 -5
1867 A 22 0 -8 -3 11 -3
1867 A 22 0 -9 -3 -12 3
1867 A 22 0 0 -5 -7 7
1867 A 22 0 5 -5 0 7
1867 A 22 0 -1 -5 -6 5
1867 A 22 0 -2 -5 1 -7
1867 A 22 0 7 -5 6 -7
1867 A 22 0 -4 -5 -5 -7
1867 A 22 0 9 -5 12 -7
1867 A 22 0 -5 -5 -10 5
1867 A 22 0 -6 -5 -11 7
1867 A 22 0 11 -5 4 7
1867 A 22 0 3 -7 2 -9
1867 A 22 0 4 -7 7 -9
1867 A 22 0 -2 -7 -9 7
1867 A 22 0 1 -9 8 -9
1867 A 22 0 -3 -9 12 -9
1867 A -5 1 -23 0 -122 -1
1867 A -5 1 -24 0 -137 -1
1867 A -5 1 -25 0 39 0
1867 A -5 1 -36 0 220 2
1867 A -5 1 -42 0 53 1
1867 A -5 1 -46 0 170 2
1867 A -5 1 -59 -1 -165 -2
1867 A -5 1 -61 -1 204 2
1867 A -5 1 -80 -1 202 2
1867 A -5 1 -97 -1 -143 -1
1867 A -5 1 -101 -1 160 2
1867 A -5 1 -106 -1 -131 -1
1867 A -5 1 -126 -1 -161 -2
1867 A -5 1 -139 -1 -176 -2
1867 A -5 1 -148 -1 216 2
1867 A -5 1 -180 -2 213 2
1867 A 4 1 -23 0 -123 1
1867 A 4 1 -24 0 -138 1
1867 A 4 1 -25 0 39 0
1867 A 4 1 -36 0 222 -2
1867 A 4 1 -42 0 54 -1
1867 A 4 1 -46 0 172 -2
1867 A 4 1 60 -1 167 -2
1867 A 4 1 62 -1 -206 2
1867 A 4 1 81 -1 -204 2
1867 A 4 1 98 -1 144 -1
1867 A 4 1 102 -1 -162 2
1867 A 4 1 107 -1 132 -1
1867 A 4 1 127 -1 163 -2
1867 A 4 1 140 -1 178 -2
1867 A 4 1 149 -1 -218 2
1867 A 4 1 182 -2 -215 2
1867 A -6 1 -23 0 -102 -1
1867 A -6 1 -24 0 133 2
1867 A -6 1 -27 0 -86 -1
1867 A -6 1 -34 0 -178 -2
1867 A -6 1 -36 0 -63 -1
1867 A -6 1 -37 0 -88 -1
1867 A -6 1 -40 0 81 1
1867 A -6 1 -43 0 -98 -1
1867 A -6 1 -41 -1 -68 -1
1867 A -6 1 -42 -1 -164 -2
1867 A -6 1 -47 -1 -69 -1
1867 A -6 1 -53 -1 -207 -2
1867 A -6 1 -59 -1 124 1
1867 A -6 1 -62 -1 -89 -1
1867 A -6 1 -66 -1 202 2
1867 A -6 1 -67 -1 -165 -2
1867 A -6 1 -73 -1 139 2
1867 A -6 1 -100 -1 199 2
1867 A -6 1 -101 -1 132 2
1867 A -6 1 -112 -1 127 2
1867 A -6 1 -128 -1 192 2
1867 A -6 1 -131 -2 -200 -2
1867 A -6 1 -146 -2 -161 -2
1867 A -6 1 -166 -2 203 2
1867 A -6 1 -167 -2 -218 -3
1867 A -6 1 -182 -2 -210 -3
1867 A -6 1 -204 -2 219 3
1867 A 5 1 -23 0 -103 1
1867 A 5 1 -24 0 135 -2
1867 A 5 1 -27 0 -87 1
1867 A 5 1 -34 0 -180 2
1867 A 5 1 -36 0 -64 1
1867 A 5 1 -37 0 -89 1
1867 A 5 1 -40 0 82 -1
1867 A 5 1 -43 0 -99 1
1867 A 5 1 42 -1 69 -1
1867 A 5 1 43 -1 166 -2
1867 A 5 1 48 -1 70 -1
1867 A 5 1 54 -1 209 -2
1867 A 5 1 60 -1 -125 1
1867 A 5 1 63 -1 90 -1
1867 A 5 1 67 -1 -204 2
1867 A 5 1 68 -1 167 -2
1867 A 5 1 74 -1 -141 2
1867 A 5 1 101 -1 -201 2
1867 A 5 1 102 -1 -134 2
1867 A 5 1 113 -1 -129 2
1867 A 5 1 129 -1 -194 2
1867 A 5 1 133 -2 202 -2
1867 A 5 1 148 -2 163 -2
1867 A 5 1 168 -2 -205 2
1867 A 5 1 169 -2 221 -3
1867 A 5 1 184 -2 213 -3
1867 A 5 1 206 -2 -222 3
1867 A -7 1 -23 0 -163 -2
1867 A -7 1 -24 0 -99 -1
1867 A -7 1 -25 0 203 3
1867 A -7 1 -26 0 -123 -2
1867 A -7 1 -29 0 144 2
1867 A -7 1 -35 0 146 2
1867 A -7 1 -38 0 60 1
1867 A -7 1 -34 -1 135 2
1867 A -7 1 -37 -1 74 1
1867 A -7 1 -41 -1 -46 -1
1867 A -7 1 -52 -1 -62 -1
1867 A -7 1 -54 -1 221 3
1867 A -7 1 -82 -1 -169 -2
1867 A -7 1 -104 -1 -174 -2
1867 A -7 1 -109 -1 -194 -3
1867 A -7 1 -119 -2 -178 -3
1867 A -7 1 -128 -2 212 3
1867 A -7 1 -141 -2 -222 -3
1867 A 6 1 -23 0 -165 2
1867 A 6 1 -24 0 -100 1
1867 A 6 1 -25 0 206 -3
1867 A 6 1 -26 0 -125 2
1867 A 6 1 -29 0 146 -2
1867 A 6 1 -35 0 148 -2
1867 A 6 1 -38 0 61 -1
1867 A 6 1 35 -1 -137 2
1867 A 6 1 38 -1 -75 1
1867 A 6 1 42 -1 47 -1
1867 A 6 1 53 -1 63 -1
1867 A 6 1 55 -1 -224 3
1867 A 6 1 83 -1 171 -2
1867 A 6 1 105 -1 176 -2
1867 A 6 1 110 -1 197 -3
1867 A 6 1 121 -2 181 -3
1867 A 6 1 130 -2 -215 3
1867 A 6 1 143 -2 225 -3
1867 A -8 1 -23 0 83 1
1867 A -8 1 -24 0 93 2
1867 A -8 1 -27 0 139 2
1867 A -8 1 -28 -1 215 4
1867 A -8 1 -31 -1 204 3
1867 A -8 1 -34 -1 121 2
1867 A -8 1 -37 -1 85 1
1867 A -8 1 -55 -1 -75 -1
1867 A -8 1 -60 -1 92 1
1867 A -8 1 -63 -1 197 3
1867 A -8 1 -70 -1 98 2
1867 A -8 1 -71 -1 168 3
1867 A -8 1 -89 -1 -108 -2
1867 A -8 1 -91 -1 -219 -3
1867 A -8 1 -109 -2 143 2
1867 A -8 1 -125 -2 -180 -3
1867 A -8 1 -130 -2 -216 -3
1867 A -8 1 -137 -2 -164 -3
1867 A -8 1 -150 -2 206 3
1867 A -8 1 -158 -3 -218 -4
1867 A 7 1 -23 0 84 -1
1867 A 7 1 -24 0 95 -2
1867 A 7 1 -27 0 141 -2
1867 A 7 1 29 -1 -219 4
1867 A 7 1 32 -1 -207 3
1867 A 7 1 35 -1 -123 2
1867 A 7 1 38 -1 -86 1
1867 A 7 1 56 -1 76 -1
1867 A 7 1 61 -1 -93 1
1867 A 7 1 64 -1 -200 3
1867 A 7 1 71 -1 -100 2
1867 A 7 1 72 -1 -171 3
1867 A 7 1 90 -1 110 -2
1867 A 7 1 92 -1 222 -3
1867 A 7 1 111 -2 -145 2
1867 A 7 1 127 -2 183 -3
1867 A 7 1 132 -2 219 -3
1867 A 7 1 139 -2 167 -3
1867 A 7 1 152 -2 -209 3
1867 A 7 1 161 -3 222 -4
1867 A 23 0 -8 -1 -6 -7
1867 A 23 0 9 -1 13 -7
1867 A 23 0 -9 -1 2 9
1867 A 23 0 10 -1 -11 9
1867 A 23 0 -10 -1 -6 11
1867 A 23 0 11 -1 -5 11
1867 A 23 0 1 -2 6 11
1867 A 23 0 0 -2 5 -5
1867 A 23 0 2 -2 0 -5
1867 A 23 0 -1 -2 9 -6
1867 A 23 0 3 -2 -3 -6
1867 A 23 0 -3 -2 6 -7
1867 A 23 0 5 -2 1 -7
1867 A 23 0 -4 -2 1 -8
1867 A 23 0 6 -2 7 -8
1867 A 23 0 -5 -2 -5 8
1867 A 23 0 7 -2 -3 8
1867 A 23 0 -6 -2 -12 3
1867 A 23 0 8 -2 9 3
1867 A 23 0 -7 -2 -9 2
1867 A 23 0 -8 -2 -8 -3
1867 A 23 0 10 -2 11 -3
1867 A 23 0 -9 -2 -1 -4
1867 A 23 0 11 -2 5 -4
1867 A 23 0 -10 -2 -8 9
1867 A 23 0 12 -2 -1 9
1867 A 23 0 1 -3 -6 9
1867 A 23 0 2 -3 -3 9
1867 A 23 0 -1 -3 -2 -10
1867 A 23 0 4 -3 12 -10
1867 A 23 0 -2 -3 7 5
1867 A 23 0 5 -3 -12 5
1867 A 23 0 -4 -3 -7 3
1867 A 23 0 -7 -3 -2 -4
1867 A 23 0 10 -3 6 -4
1867 A 23 0 13 -3 4 -8
1867 A 23 0 2 -4 3 -6
1867 A 23 0 1 -4 11 -7
1867 A 23 0 3 -4 -4 -7
1867 A 23 0 0 -4 -9 9
1867 A 23 0 4 -4 0 9
1867 A 23 0 -6 -4 3 8
1867 A 23 0 10 -4 -11 8
1867 A 23 0 -7 -4 16 -10
1867 A 23 0 11 -4 -6 -10
1867 A 23 0 -8 -4 12 -4
1867 A 23 0 -9 -4 -13 4
1867 A 23 0 1 -5 5 11
1867 A 23 0 4 -5 -16 11
1867 A 23 0 -1 -5 -2 -6
1867 A 23 0 6 -5 8 -6
1867 A 23 0 -4 -5 8 -7
1867 A 23 0 9 -5 -1 -7
1867 A 23 0 -6 -5 1 10
1867 A 23 0 11 -5 -11 10
1867 A 23 0 14 -5 7 9
1867 A 23 0 2 -6 -3 -7
1867 A 23 0 4 -6 10 -7
1867 A 23 0 -8 -6 8 -10
1867 A 23 0 14 -6 2 -10
1867 A 23 0 -5 -7 1 9
1867 A 23 0 12 -7 -10 9
1867 A 23 0 15 -7 5 -10
1867 A 23 0 -4 -8 -15 10
1867 A 23 0 12 -8 5 10
1867 A 23 0 2 -9 7 -9
1867 A 23 0 -3 -9 7 -11
1867 A 23 0 12 -9 4 -11
1867 A 23 0 1 -10 9 -10
1867 A -9 1 -24 0 -211 -4
1867 A -9 1 -25 0 -167 -3
1867 A -9 1 -26 0 -192 -4
1867 A -9 1 -29 0 -187 -4
1867 A -9 1 -28 -1 84 2
1867 A -9 1 -29 -1 -138 -2
1867 A -9 1 -30 -1 -134 -2
1867 A -9 1 -31 -1 -220 -4
1867 A -9 1 -34 -1 -161 -3
1867 A -9 1 -38 -1 -145 -3
1867 A -9 1 -39 -1 128 2
1867 A -9 1 -41 -1 -79 -2
1867 A -9 1 -42 -1 65 1
1867 A -9 1 -43 -1 -96 -2
1867 A -9 1 -53 -1 -95 -2
1867 A -9 1 -64 -1 78 2
1867 A -9 1 -66 -1 97 2
1867 A -9 1 -70 -1 98 2
1867 A -9 1 -71 -1 -110 -2
1867 A -9 1 -77 -1 -85 -1
1867 A -9 1 -82 -2 194 3
1867 A -9 1 -85 -2 139 2
1867 A -9 1 -99 -2 111 2
1867 A -9 1 -104 -2 207 4
1867 A -9 1 -105 -2 131 2
1867 A -9 1 -123 -2 -201 -4
1867 A -9 1 -127 -2 144 3
1867 A -9 1 -130 -2 -208 -4
1867 A -9 1 -133 -2 -221 -4
1867 A -9 1 -135 -2 -137 -2
1867 A -9 1 -164 -3 -179 -3
1867 A -9 1 -165 -3 -197 -4
1867 A -9 1 -166 -3 -193 -4
1867 A -9 1 -168 -3 -210 -4
1867 A -9 1 -178 -3 -198 -4
1867 A -9 1 -199 -4 -214 -4
1867 A 8 1 -24 0 -215 4
1867 A 8 1 -25 0 -170 3
1867 A 8 1 -26 0 -196 4
1867 A 8 1 -29 0 -191 4
1867 A 8 1 29 -1 -86 2
1867 A 8 1 30 -1 140 -2
1867 A 8 1 31 -1 136 -2
1867 A 8 1 32 -1 224 -4
1867 A 8 1 35 -1 164 -3
1867 A 8 1 39 -1 148 -3
1867 A 8 1 40 -1 -130 2
1867 A 8 1 42 -1 81 -2
1867 A 8 1 43 -1 -66 1
1867 A 8 1 44 -1 98 -2
1867 A 8 1 54 -1 97 -2
1867 A 8 1 65 -1 -80 2
1867 A 8 1 67 -1 -99 2
1867 A 8 1 71 -1 -100 2
1867 A 8 1 72 -1 112 -2
1867 A 8 1 78 -1 86 -1
1867 A 8 1 84 -2 -197 3
1867 A 8 1 87 -2 -141 2
1867 A 8 1 101 -2 -113 2
1867 A 8 1 106 -2 -211 4
1867 A 8 1 107 -2 -133 2
1867 A 8 1 125 -2 205 -4
1867 A 8 1 129 -2 -147 3
1867 A 8 1 132 -2 212 -4
1867 A 8 1 135 -2 225 -4
1867 A 8 1 137 -2 139 -2
1867 A 8 1 167 -3 182 -3
1867 A 8 1 168 -3 201 -4
1867 A 8 1 169 -3 197 -4
1867 A 8 1 171 -3 214 -4
1867 A 8 1 181 -3 202 -4
1867 A 8 1 203 -4 218 -4
1867 A -10 1 -24 0 -96 -2
1867 A -10 1 -25 0 126 3
1867 A -10 1 -26 0 120 3
1867 A -10 1 -27 0 -135 -3
1867 A -10 1 -20 -1 110 2
1867 A -10 1 -26 -1 -223 -4
1867 A -10 1 -31 -1 -133 -3
1867 A -10 1 -35 -1 -79 -2
1867 A -10 1 -38 -1 -48 -1
1867 A -10 1 -54 -1 195 4
1867 A -10 1 -57 -1 -113 -2
1867 A -10 1 -63 -1 -166 -4
1867 A -10 1 -73 -1 -215 -4
1867 A -10 1 -69 -2 -164 -3
1867 A -10 1 -77 -2 -148 -3
1867 A -10 1 -83 -2 -126 -2
1867 A -10 1 -87 -2 147 3
1867 A -10 1 -107 -2 210 4
1867 A -10 1 -112 -2 -143 -3
1867 A -10 1 -124 -3 140 3
1867 A -10 1 -170 -3 -219 -4
1867 A -10 1 -205 -4 216 5
1867 A 9 1 -24 0 -98 2
1867 A 9 1 -25 0 129 -3
1867 A 9 1 -26 0 123 -3
1867 A 9 1 -27 0 -138 3
1867 A 9 1 21 -1 -112 2
1867 A 9 1 27 -1 227 -4
1867 A 9 1 32 -1 136 -3
1867 A 9 1 36 -1 81 -2
1867 A 9 1 39 -1 49 -1
1867 A 9 1 55 -1 -199 4
1867 A 9 1 58 -1 115 -2
1867 A 9 1 64 -1 170 -4
1867 A 9 1 74 -1 219 -4
1867 A 9 1 71 -2 167 -3
1867 A 9 1 79 -2 151 -3
1867 A 9 1 85 -2 128 -2
1867 A 9 1 89 -2 -150 3
1867 A 9 1 109 -2 -214 4
1867 A 9 1 114 -2 146 -3
1867 A 9 1 127 -3 -143 3
1867 A 9 1 173 -3 223 -4
1867 A 9 1 209 -4 -221 5
1867 A 24 0 -10 -1 11 -1
1867 A 24 0 -11 -1 -12 1
1867 A 24 0 -2 -5 7 -5
1867 A 24 0 -3 -5 -8 -7
1867 A 24 0 8 -5 15 -7
1867 A 24 0 -7 -5 -12 5
1867 A 24 0 2 -7 5 -7
1867 A 24 0 1 -7 6 -11
1867 A 24 0 6 -7 5 -11
1867 A 24 0 -1 -7 -16 11
1867 A 24 0 8 -7 5 11
1867 A 24 0 -2 -7 -3 -11
1867 A 24 0 9 -7 14 -11
1867 A 24 0 -5 -7 -12 7
1867 A 24 0 1 -11 10 -11
1867 A 24 0 -1 -11 -12 11
1867 A 24 0 -4 -11 -15 11
1867 A -11 1 -26 0 89 2
1867 A -11 1 -27 0 138 3
1867 A -11 1 -17 -1 -81 -2
1867 A -11 1 -29 -1 79 2
1867 A -11 1 -32 -1 -128 -3
1867 A -11 1 -35 -1 105 3
1867 A -11 1 -49 -1 -103 -2
1867 A -11 1 -56 -1 -122 -3
1867 A -11 1 -58 -1 70 2
1867 A -11 1 -64 -2 164 4
1867 A -11 1 -85 -2 118 3
1867 A -11 1 -143 -3 204 5
1867 A -11 1 -146 -3 219 5
1867 A -11 1 -150 -3 -213 -5
1867 A -11 1 -151 -3 -199 -5
1867 A -11 1 -157 -4 -200 -4
1867 A 10 1 -26 0 91 -2
1867 A 10 1 -27 0 141 -3
1867 A 10 1 18 -1 83 -2
1867 A 10 1 30 -1 -81 2
1867 A 10 1 33 -1 131 -3
1867 A 10 1 36 -1 -108 3
1867 A 10 1 50 -1 105 -2
1867 A 10 1 57 -1 125 -3
1867 A 10 1 59 -1 -72 2
1867 A 10 1 66 -2 -168 4
1867 A 10 1 87 -2 -121 3
1867 A 10 1 146 -3 -209 5
1867 A 10 1 149 -3 -224 5
1867 A 10 1 153 -3 218 -5
1867 A 10 1 154 -3 204 -5
1867 A 10 1 161 -4 204 -4
1867 A -12 1 -16 -1 83 2
1867 A -12 1 -17 -1 50 1
1867 A -12 1 -29 -1 203 5
1867 A -12 1 -32 -1 141 3
1867 A -12 1 -36 -1 -215 -6
1867 A -12 1 -52 -1 186 4
1867 A -12 1 -57 -1 143 4
1867 A -12 1 -60 -1 160 4
1867 A -12 1 -65 -2 139 3
1867 A -12 1 -72 -2 120 3
1867 A -12 1 -87 -2 -226 -5
1867 A -12 1 -91 -2 -101 -2
1867 A -12 1 -104 -3 201 5
1867 A -12 1 -106 -3 -184 -4
1867 A -12 1 -107 -3 -174 -4
1867 A -12 1 -121 -3 188 5
1867 A -12 1 -125 -3 193 5
1867 A -12 1 -138 -4 -142 -4
1867 A -12 1 -161 -4 -218 -5
1867 A -12 1 -168 -4 209 5
1867 A -12 1 -172 -4 215 5
1867 A 11 1 17 -1 -85 2
1867 A 11 1 18 -1 -51 1
1867 A 11 1 30 -1 -208 5
1867 A 11 1 33 -1 -144 3
1867 A 11 1 37 -1 221 -6
1867 A 11 1 53 -1 -190 4
1867 A 11 1 58 -1 -147 4
1867 A 11 1 61 -1 -164 4
1867 A 11 1 67 -2 -142 3
1867 A 11 1 74 -2 -123 3
1867 A 11 1 89 -2 231 -5
1867 A 11 1 93 -2 103 -2
1867 A 11 1 107 -3 -206 5
1867 A 11 1 109 -3 188 -4
1867 A 11 1 110 -3 178 -4
1867 A 11 1 124 -3 -193 5
1867 A 11 1 128 -3 -198 5
1867 A 11 1 142 -4 146 -4
1867 A 11 1 165 -4 223 -5
1867 A 11 1 172 -4 -214 5
1867 A 11 1 176 -4 -220 5
1867 A -13 1 -12 -1 -221 -6
1867 A -13 1 -16 -1 30 1
1867 A -13 1 -17 -1 205 5
1867 A -13 1 -19 -1 -214 -6
1867 A -13 1 -27 -1 -83 -2
1867 A -13 1 -33 -1 110 3
1867 A -13 1 -37 -1 123 3
1867 A -13 1 -46 -1 199 5
1867 A -13 1 -47 -1 96 3
1867 A -13 1 -52 -1 -89 -2
1867 A -13 1 -54 -1 67 2
1867 A -13 1 -59 -1 -147 -4
1867 A -13 1 -49 -2 82 2
1867 A -13 1 -60 -2 -219 -6
1867 A -13 1 -66 -2 -172 -5
1867 A -13 1 -73 -2 -193 -5
1867 A -13 1 -85 -2 135 3
1867 A -13 1 -92 -2 93 3
1867 A -13 1 -91 -3 189 5
1867 A -13 1 -102 -3 138 4
1867 A -13 1 -109 -3 -129 -4
1867 A -13 1 -124 -3 133 3
1867 A -13 1 -124 -4 -171 -4
1867 A -13 1 -132 -4 141 4
1867 A -13 1 -164 -4 -209 -5
1867 A -13 1 -169 -4 218 6
1867 A -13 1 -198 -5 211 6
1867 A -13 1 -203 -6 -208 -6
1867 A 12 1 13 -1 227 -6
1867 A 12 1 17 -1 -31 1
1867 A 12 1 18 -1 -210 5
1867 A 12 1 20 -1 220 -6
1867 A 12 1 28 -1 85 -2
1867 A 12 1 34 -1 -113 3
1867 A 12 1 38 -1 -126 3
1867 A 12 1 47 -1 -204 5
1867 A 12 1 48 -1 -99 3
1867 A 12 1 53 -1 91 -2
1867 A 12 1 55 -1 -69 2
1867 A 12 1 60 -1 151 -4
1867 A 12 1 51 -2 -84 2
1867 A 12 1 62 -2 225 -6
1867 A 12 1 68 -2 177 -5
1867 A 12 1 75 -2 198 -5
1867 A 12 1 87 -2 -138 3
1867 A 12 1 94 -2 -96 3
1867 A 12 1 94 -3 -194 5
1867 A 12 1 105 -3 -142 4
1867 A 12 1 112 -3 133 -4
1867 A 12 1 127 -3 -136 3
1867 A 12 1 128 -4 175 -4
1867 A 12 1 136 -4 -145 4
1867 A 12 1 168 -4 214 -5
1867 A 12 1 173 -4 -224 6
1867 A 12 1 203 -5 -217 6
1867 A 12 1 209 -6 214 -6
1867 A 25 0 1 -2 3 -6
1867 A 25 0 -5 -2 -6 -9
1867 A 25 0 7 -2 15 -9
1867 A 25 0 1 -3 2 -3
1867 A 25 0 -8 -3 -4 -8
1867 A 25 0 11 -3 12 -8
1867 A 25 0 14 -3 2 -4
1867 A 25 0 -2 -4 9 -6
1867 A 25 0 6 -4 -3 -6
1867 A 25 0 2 -7 10 -9
1867 A 25 0 5 -7 -1 -9
1867 A 25 0 -2 -7 9 -7
1867 A 25 0 16 -7 8 9
1867 A 25 0 4 -8 7 11
1867 A 25 0 1 -9 7 -11
1867 A 25 0 8 -9 4 -11
1867 A -14 1 -15 -1 -123 -4
1867 A -14 1 -16 -1 168 5
1867 A -14 1 -28 -1 114 4
1867 A -14 1 -31 -1 -190 -6
1867 A -14 1 -34 -1 227 6
1867 A -14 1 -43 -1 -106 -3
1867 A -14 1 -46 -1 91 2
1867 A -14 1 -47 -1 182 6
1867 A -14 1 -53 -1 113 3
1867 A -14 1 -55 -1 217 6
1867 A -14 1 -47 -2 155 5
1867 A -14 1 -61 -2 -119 -4
1867 A -14 1 -68 -2 -113 -4
1867 A -14 1 -88 -2 -151 -4
1867 A -14 1 -92 -2 -181 -6
1867 A -14 1 -105 -3 164 5
1867 A -14 1 -136 -4 170 5
1867 A -14 1 -145 -4 184 6
1867 A -14 1 -150 -4 209 6
1867 A -14 1 -160 -5 201 6
1867 A -14 1 -207 -6 -226 -6
1867 A 13 1 16 -1 127 -4
1867 A 13 1 17 -1 -173 5
1867 A 13 1 29 -1 -118 4
1867 A 13 1 32 -1 196 -6
1867 A 13 1 35 -1 -233 6
1867 A 13 1 44 -1 109 -3
1867 A 13 1 47 -1 -93 2
1867 A 13 1 48 -1 -188 6
1867 A 13 1 54 -1 -116 3
1867 A 13 1 56 -1 -223 6
1867 A 13 1 49 -2 -160 5
1867 A 13 1 63 -2 123 -4
1867 A 13 1 70 -2 117 -4
1867 A 13 1 90 -2 155 -4
1867 A 13 1 94 -2 187 -6
1867 A 13 1 108 -3 -169 5
1867 A 13 1 140 -4 -175 5
1867 A 13 1 149 -4 -190 6
1867 A 13 1 154 -4 -215 6
1867 A 13 1 165 -5 -207 6
1867 A 13 1 213 -6 232 -6
1867 A 26 0 -8 -5 13 -5
1867 A 26 0 -6 -7 13 -11
1867 A 26 0 13 -7 -2 -11
1867 A 26 0 -3 -11 -14 11
1867 A -15 1 -14 -1 -55 -1
1867 A -15 1 -15 -1 113 3
1867 A -15 1 -18 -1 -26 -1
1867 A -15 1 -29 -1 -140 -4
1867 A -15 1 -32 -1 -42 -2
1867 A -15 1 -35 -1 -116 -4
1867 A -15 1 -50 -1 80 3
1867 A -15 1 -51 -2 -72 -3
1867 A -15 1 -63 -2 122 4
1867 A -15 1 -71 -2 -173 -5
1867 A -15 1 -76 -2 138 4
1867 A -15 1 -78 -2 -167 -6
1867 A -15 1 -76 -3 160 5
1867 A -15 1 -108 -3 117 4
1867 A -15 1 -117 -3 190 6
1867 A -15 1 -119 -4 -205 -6
1867 A -15 1 -127 -4 -196 -6
1867 A -15 1 -129 -4 165 5
1867 A -15 1 -137 -4 169 5
1867 A -15 1 -150 -4 141 5
1867 A -15 1 -161 -5 194 6
1867 A -15 1 -176 -5 204 6
1867 A -15 1 -172 -6 218 7
1867 A -15 1 -199 -7 -209 -7
1867 A 14 1 15 -1 56 -1
1867 A 14 1 16 -1 -116 3
1867 A 14 1 19 -1 27 -1
1867 A 14 1 30 -1 144 -4
1867 A 14 1 33 -1 44 -2
1867 A 14 1 36 -1 120 -4
1867 A 14 1 51 -1 -83 3
1867 A 14 1 53 -2 75 -3
1867 A 14 1 65 -2 -126 4
1867 A 14 1 73 -2 178 -5
1867 A 14 1 78 -2 -142 4
1867 A 14 1 80 -2 173 -6
1867 A 14 1 79 -3 -165 5
1867 A 14 1 111 -3 -121 4
1867 A 14 1 120 -3 -196 6
1867 A 14 1 123 -4 211 -6
1867 A 14 1 131 -4 202 -6
1867 A 14 1 133 -4 -170 5
1867 A 14 1 141 -4 -174 5
1867 A 14 1 154 -4 -146 5
1867 A 14 1 166 -5 -200 6
1867 A 14 1 181 -5 -210 6
1867 A 14 1 178 -6 -225 7
1867 A 14 1 206 -7 216 -7
1867 A -16 1 -17 -1 102 3
1867 A -16 1 -27 -1 100 3
1867 A -16 1 -30 -1 -196 -6
1867 A -16 1 -36 -1 52 1
1867 A -16 1 -41 -1 -46 -1
1867 A -16 1 -50 -2 -207 -7
1867 A -16 1 -65 -2 216 7
1867 A -16 1 -75 -2 -121 -4
1867 A -16 1 -86 -3 -105 -3
1867 A -16 1 -96 -4 -126 -4
1867 A -16 1 -105 -4 -155 -6
1867 A -16 1 -123 -4 180 6
1867 A -16 1 -140 -4 157 6
1867 A -16 1 -141 -4 -173 -6
1867 A -16 1 -129 -5 -178 -6
1867 A -16 1 -139 -5 -185 -7
1867 A -16 1 -158 -6 174 6
1867 A 15 1 18 -1 -105 3
1867 A 15 1 28 -1 -103 3
1867 A 15 1 31 -1 202 -6
1867 A 15 1 37 -1 -53 1
1867 A 15 1 42 -1 47 -1
1867 A 15 1 52 -2 214 -7
1867 A 15 1 67 -2 -223 7
1867 A 15 1 77 -2 125 -4
1867 A 15 1 89 -3 108 -3
1867 A 15 1 100 -4 130 -4
1867 A 15 1 109 -4 161 -6
1867 A 15 1 127 -4 -186 6
1867 A 15 1 144 -4 -163 6
1867 A 15 1 145 -4 179 -6
1867 A 15 1 134 -5 184 -6
1867 A 15 1 144 -5 192 -7
1867 A 15 1 164 -6 -180 6
1867 A 27 0 -2 -4 -15 10
1867 A 27 0 6 -4 5 10
1867 A 27 0 -6 -5 4 8
1867 A 27 0 11 -5 -12 8
1867 A -17 1 -16 -1 61 3
1867 A -17 1 -19 -1 213 8
1867 A -17 1 -28 -1 -193 -7
1867 A -17 1 -48 -1 -131 -5
1867 A 16 1 17 -1 -64 3
1867 A 16 1 20 -1 -221 8
1867 A 16 1 29 -1 200 -7
1867 A 16 1 49 -1 136 -5
1867 A -18 1 -18 -1 -221 -8
1867 A -18 1 -26 -1 69 3
1867 A -18 1 -136 -5 -146 -5
1867 A -18 1 -135 -6 -225 -8
1867 A 17 1 19 -1 229 -8
1867 A 17 1 27 -1 -72 3
1867 A 17 1 141 -5 151 -5
1867 A 17 1 141 -6 233 -8
1867 A -20 1 -19 -1 -92 -3
1867 A -20 1 -61 -2 209 8
1867 A -20 1 -102 -5 -119 -6
1867 A -20 1 -164 -7 224 9
1867 A 19 1 20 -1 95 -3
1867 A 19 1 63 -2 -217 8
1867 A 19 1 107 -5 125 -6
1867 A 19 1 171 -7 -233 9
1867 A 30 0 -4 -13 17 -13
1867 A -23 1 -117 -5 143 6
1867 A -23 1 -162 -8 -211 -11
1867 A 22 1 122 -5 -149 6
1867 A 22 1 170 -8 222 -11
1867 A 32 0 -6 -3 9 -3
1867 A 32 0 -10 -9 19 -9
1867 A 32 0 -11 -9 -20 9
1867 A -25 1 -24 -1 71 5
1867 A 24 1 25 -1 -76 5
1867 A -27 1 -117 -6 176 9
1867 A 26 1 123 -6 -185 9
1867 S 1 1 7 0
1867 S 2 2 7 0
1867 S -4 3 7 0
1867 S -2 1 7 0
1867 S -4 2 7 0
1867 S 1 3 7 0
1867 S 2 1 11 0
1867 S 4 2 11 0
1867 S -5 3 11 0
1867 S -3 4 11 0
1867 S -1 5 11 0
1867 S -3 1 11 0
1867 S -6 2 11 0
1867 S 2 3 11 0
1867 S -1 4 11 0
1867 S -4 5 11 0
1867 T 568 570 568 0 0
1867 T 758 802 760 0 0
1867 T 762 3832 896 0 0
1867 T 898 3689 756 0 0
1867 T 3689 3834 802 -1 0
1867 T 131 134 130 -1 0
1867 T 128 4295 4380 0 0
1867 T 4382 3473 133 0 0
1867 T 3473 4297 134 0 0
1867 T 170 1697 2788 0 0
1867 T 2790 1703 2723 0 0
1867 T 2725 1699 168 0 0
1867 T 1699 1705 1697 0 0
1867 T 638 1105 3264 0 0
1867 T 3266 1099 3183 0 0
1867 T 3185 1106 636 0 0
1867 T 1106 1101 1105 0 0
1867 T 358 1418 2947 0 0
1867 T 2949 1369 3059 0 0
1867 T 3061 1359 356 0 0
1867 T 1359 1367 1418 0 0
1867 T 353 1366 3131 0 0
1867 T 2842 1411 351 0 0
1867 T 3133 1372 2840 0 0
1867 T 1411 1374 1366 0 0
1867 T 158 154 150 -1 0
1867 T 148 4287 4372 0 0
1867 T 4374 3554 156 1 0
1867 T 3554 4289 154 0 0
1867 T 1774 239 4212 0 0
1867 T 4214 276 4147 0 0
1867 T 4149 237 1772 0 0
1867 T 237 278 239 0 0
1867 T 66 2295 1840 0 0
1867 T 1838 2378 64 0 0
1867 T 1842 1887 1836 0 0
1867 T 2378 1889 2295 0 0
1867 T 454 464 444 0 0
1867 T 446 4248 1664 0 0
1867 T 1666 3965 452 0 0
1867 T 3965 4250 464 0 0
1867 T 449 4051 1659 0 0
1867 T 441 469 447 0 0
1867 T 1661 4186 439 0 0
1867 T 469 4184 4051 0 0
1867 T 1152 3043 3115 0 0
1867 T 1150 1146 1154 1 0
1867 T 3117 491 1148 0 0
1867 T 1146 493 3043 -1 0
1867 T 11 1527 3016 0 0
1867 T 3018 1552 2907 0 0
1867 T 2909 1533 12 0 0
1867 T 1533 1554 1527 0 0
1867 T 762 3219 892 0 0
1867 T 894 1020 896 0 0
1867 T 3834 1022 3219 0 0
1867 T 897 1017 887 0 0
1867 T 889 3301 755 0 0
1867 T 3301 1015 3688 0 0
1867 T 418 3084 1364 0 0
1867 T 1366 1545 1360 0 0
1867 T 1362 3157 416 0 0
1867 T 3157 1543 3084 0 0
1867 T 166 1714 2487 0 0
1867 T 2489 1638 2851 0 0
1867 T 2853 1644 164 0 0
1867 T 1644 1636 1714 0 0
1867 T 161 1641 2959 0 0
1867 T 2414 1714 159 0 0
1867 T 2961 1631 2412 0 0
1867 T 1714 1633 1641 0 0
1867 T 660 3667 3812 0 0
1867 T 658 654 662 0 0
1867 T 3814 991 656 -1 0
1867 T 654 993 3667 0 0
1867 T 670 666 662 -1 0
1867 T 660 3939 4028 0 0
1867 T 4030 1502 668 1 0
1867 T 1502 3941 666 0 0
1867 T 270 1642 2952 0 0
1867 T 2954 1648 2843 0 0
1867 T 2845 1644 268 0 0
1867 T 1644 1650 1642 0 0
1867 T 930 991 920 -1 0
1867 T 922 658 3067 0 0
1867 T 3069 3812 928 0 0
1867 T 925 3670 3139 0 0
1867 T 917 994 923 0 0
1867 T 3141 651 915 0 0
1867 T 1290 447 4000 0 0
1867 T 4002 473 3911 0 0
1867 T 3913 453 1288 0 0
1867 T 453 471 447 0 0
1867 T 762 792 752 0 0
1867 T 754 4058 892 0 0
1867 T 3221 4056 792 0 0
1867 T 749 797 755 0 0
1867 T 889 3968 747 0 0
1867 T 797 3970 3299 0 0
1867 T 266 1541 2767 0 0
1867 T 2769 1342 3063 0 0
1867 T 3065 1332 264 0 0
1867 T 1332 1340 1541 0 0
1867 T 261 1329 3135 0 0
1867 T 2706 1541 259 0 0
1867 T 3137 1335 2704 0 0
1867 T 1541 1337 1329 0 0
1867 T 0 4435 4548 0 0
1867 T 4550 1 4435 0 0
1867 T 1 2 1 0 0
1867 T 1174 2911 3316 0 0
1867 T 1166 1210 1172 0 0
1867 T 3318 517 1164 0 0
1867 T 1210 515 2911 0 0
1867 T 1169 1210 1159 0 0
1867 T 1161 512 3236 0 0
1867 T 3238 3021 1167 0 0
1867 T 3021 514 1210 0 0
1867 T 386 1869 4159 0 0
1867 T 376 380 384 0 0
1867 T 4161 4226 378 1 0
1867 T 380 4224 1869 0 0
1867 T 1350 427 2851 0 0
1867 T 1342 1377 1348 0 0
1867 T 2853 3296 1340 0 0
1867 T 1377 3298 427 0 0
1867 T 1345 1380 1335 0 0
1867 T 1337 3218 2959 0 0
1867 T 2961 427 1343 0 0
1867 T 427 3216 1380 0 0
1867 T 232 234 232 1 0
1867 T 110 108 110 0 0
1867 T 1614 2733 3111 0 0
1867 T 1606 1702 1612 0 0
1867 T 3113 296 1604 0 0
1867 T 1702 298 2733 0 0
1867 T 1609 1695 1599 0 0
1867 T 1601 301 3040 0 0
1867 T 3042 2795 1607 0 0
1867 T 2795 299 1695 0 0
1867 T 1254 1462 1244 0 0
1867 T 1246 3194 2755 0 0
1867 T 2757 347 1252 0 0
1867 T 347 3192 1462 0 0
1867 T 1249 346 2692 0 0
1867 T 1241 1455 1247 0 0
1867 T 2694 3272 1239 0 0
1867 T 1455 3274 346 0 0
1867 T 1806 1789 1797 0 0
1867 T 1795 2408 2767 0 0
1867 T 2769 139 1804 0 0
1867 T 139 2410 1789 0 0
1867 T 1801 139 2704 0 0
1867 T 1797 1792 1799 0 0
1867 T 2706 2485 1795 0 0
1867 T 1792 2483 139 0 0
1867 T 974 1054 964 0 0
1867 T 966 3239 3148 0 0
1867 T 3150 585 972 0 0
1867 T 585 3241 1054 0 0
1867 T 969 585 3076 0 0
1867 T 961 1055 967 0 0
1867 T 3078 3321 959 0 0
1867 T 1055 3319 585 0 0
1867 T 2489 313 1340 0 0
1867 T 313 1638 3298 0 0
1867 T 1337 316 2412 0 0
1867 T 3216 1631 316 0 0
1867 T 4 8 3 0 0
1867 T 5 4643 4712 0 0
1867 T 4714 4534 6 0 0
1867 T 4534 4645 8 -1 0
1867 T 166 4198 4376 0 0
1867 T 158 188 164 0 0
1867 T 4378 2662 156 0 0
1867 T 188 2660 4198 0 0
1867 T 161 185 151 0 0
1867 T 153 2655 4292 0 0
1867 T 4294 4260 159 0 0
1867 T 4260 2657 185 0 0
1867 T 691 695 688 0 0
1867 T 690 4258 1484 0 0
1867 T 1486 3714 693 0 0
1867 T 3714 4256 695 0 0
1867 T 693 3856 1479 0 0
1867 T 685 702 691 0 0
1867 T 1481 4192 683 0 0
1867 T 702 4194 3856 0 0
1867 T 631 635 628 -1 0
1867 T 630 1106 3915 0 0
1867 T 3917 3265 633 0 0
1867 T 633 3183 4003 0 0
1867 T 625 638 631 1 0
1867 T 4005 1106 623 0 0
1867 T 883 887 880 0 0
1867 T 882 3968 3115 0 0
1867 T 3117 749 885 0 0
1867 T 885 752 3044 0 0
1867 T 877 894 883 0 0
1867 T 3046 4058 875 0 0
1867 T 566 1432 3119 0 0
1867 T 3121 1503 3183 0 0
1867 T 3185 1442 564 0 0
1867 T 1442 1505 1432 0 0
1867 T 561 1443 3263 0 0
1867 T 3050 1437 559 0 0
1867 T 3265 1506 3048 1 0
1867 T 1437 1504 1443 0 0
1867 T 1795 215 3063 0 0
1867 T 2410 1342 215 0 0
1867 T 3137 215 1795 0 0
1867 T 215 1335 2483 0 0
1867 T 226 2721 1356 0 0
1867 T 1358 1369 1348 0 0
1867 T 1350 2983 224 0 0
1867 T 2983 1367 2721 0 0
1867 T 221 2877 1343 0 0
1867 T 1353 2783 219 0 0
1867 T 1345 1372 1351 0 0
1867 T 2783 1374 2877 0 0
1867 T 1774 195 4207 0 0
1867 T 4209 229 4143 0 0
1867 T 4145 201 1772 0 0
1867 T 201 227 195 0 0
1867 T 1770 248 3991 0 0
1867 T 3993 273 4267 -1 0
1867 T 4269 242 1768 0 0
1867 T 242 271 248 0 0
1867 T 1765 235 4351 0 0
1867 T 3906 245 1763 0 0
1867 T 4353 272 3904 0 0
1867 T 245 274 235 0 0
1867 T 410 445 400 0 0
1867 T 402 1395 3635 0 0
1867 T 3637 4253 408 0 0
1867 T 4253 1397 445 0 0
1867 T 405 4187 3779 0 0
1867 T 397 440 403 0 0
1867 T 3781 1394 395 0 0
1867 T 440 1392 4187 0 0
1867 T 638 3225 760 -1 0
1867 T 758 3304 636 0 0
1867 T 3304 802 3225 0 0
1867 T 1854 498 4056 0 0
1867 T 4058 492 4319 0 0
1867 T 4321 524 1852 0 0
1867 T 524 494 498 1 0
1867 T 1849 524 4403 0 0
1867 T 3970 499 1847 0 0
1867 T 4405 493 3968 0 0
1867 T 499 491 524 0 0
1867 T 4662 44 4572 0 0
1867 T 4574 49 4459 0 0
1867 T 4461 43 4660 0 0
1867 T 43 47 44 0 0
1867 T 1606 1681 1596 0 0
1867 T 1598 2284 3107 0 0
1867 T 3109 191 1604 0 0
1867 T 191 2286 1681 0 0
1867 T 1601 191 3036 0 0
1867 T 1593 1676 1599 0 0
1867 T 3038 2366 1591 0 0
1867 T 1676 2364 191 0 0
1867 T 59 63 56 -1 0
1867 T 58 4509 4396 0 0
1867 T 4398 4093 61 0 0
1867 T 4093 4507 63 0 0
1867 T 61 4093 4312 0 0
1867 T 53 66 59 0 0
1867 T 4314 4619 51 0 0
1867 T 66 4621 4093 0 0
1867 T 402 1387 2759 0 0
1867 T 2761 1550 3635 0 0
1867 T 1397 1548 1387 0 0
1867 T 2698 1386 395 0 0
1867 T 3781 1550 2696 0 0
1867 T 1386 1548 1392 0 0
1867 T 1722 1811 1716 0 0
1867 T 1718 55 1895 0 0
1867 T 1965 53 1720 0 0
1867 T 1897 2676 1963 0 0
1867 T 754 1504 3915 0 0
1867 T 744 748 752 0 0
1867 T 3917 4006 746 1 0
1867 T 748 4004 1504 0 0
1867 T 190 173 181 0 0
1867 T 179 4623 3540 0 0
1867 T 3542 4183 188 0 0
1867 T 4183 4625 173 0 0
1867 T 185 4249 3535 0 0
1867 T 181 176 183 0 0
1867 T 3537 4513 179 0 0
1867 T 176 4511 4249 0 0
1867 T 402 1655 3639 0 0
1867 T 394 437 400 0 0
1867 T 3641 4424 392 0 0
1867 T 437 4426 1655 0 0
1867 T 397 432 387 0 0
1867 T 389 4342 3783 0 0
1867 T 3785 1654 395 0 0
1867 T 1654 4340 432 0 0
1867 T 238 4391 3356 0 0
1867 T 3358 4310 240 0 0
1867 T 4310 4393 275 -1 0
1867 T 754 3050 633 0 0
1867 T 633 3119 747 0 0
1867 T 762 3769 633 0 0
1867 T 3769 792 3048 0 0
1867 T 633 3623 755 0 0
1867 T 3121 797 3623 0 0
1867 T 462 1186 2792 0 0
1867 T 2794 1189 3703 0 0
1867 T 3705 1191 460 0 0
1867 T 1191 1187 1186 0 0
1867 T 457 1198 3847 0 0
1867 T 2730 1179 455 0 0
1867 T 3849 1189 2728 0 0
1867 T 1179 1187 1198 0 0
1867 T 1965 2605 2127 0 0
1867 T 2129 2864 1720 0 0
1867 T 2864 2603 51 0 0
1867 T 1717 2974 2032 0 0
1867 T 2034 2600 1896 0 0
1867 T 58 2602 2974 0 0
1867 T 214 197 205 0 0
1867 T 203 4164 4580 0 0
1867 T 4582 3535 212 0 0
1867 T 3535 4166 197 0 0
1867 T 209 3542 4468 0 0
1867 T 205 200 207 0 0
1867 T 4470 4230 203 0 0
1867 T 200 4228 3542 0 0
1867 T 102 2448 1668 0 0
1867 T 1670 1691 1672 0 0
1867 T 1674 2525 100 0 0
1867 T 2525 1693 2448 0 0
1867 T 3223 3769 625 0 0
1867 T 628 3623 3305 0 0
1867 T 1155 895 3763 -1 0
1867 T 3765 1017 3911 0 0
1867 T 3913 889 1157 0 0
1867 T 1157 892 3999 0 0
1867 T 3622 898 1155 1 0
1867 T 4001 1020 3620 0 0
1867 T 131 3463 4483 0 0
1867 T 4598 3469 132 0 0
1867 T 4485 75 4596 0 0
1867 T 642 1459 3288 0 0
1867 T 3290 1545 3207 0 0
1867 T 3209 1457 640 0 0
1867 T 1457 1543 1459 0 0
1867 T 778 813 768 0 0
1867 T 770 1485 4179 0 0
1867 T 4181 3851 776 0 0
1867 T 3851 1483 813 0 0
1867 T 773 3709 4243 0 0
1867 T 765 808 771 0 0
1867 T 4245 1480 763 0 0
1867 T 808 1482 3709 0 0
1867 T 1666 319 4032 0 0
1867 T 4034 317 4175 0 0
1867 T 4177 307 1664 0 0
1867 T 307 315 319 0 0
1867 T 1661 306 4239 0 0
1867 T 3946 319 1659 0 0
1867 T 4241 312 3944 0 0
1867 T 319 314 306 0 0
1867 T 2631 3964 176 0 0
1867 T 4513 465 2633 0 0
1867 T 173 4054 2631 0 0
1867 T 2633 468 4623 0 0
1867 T 1746 1944 2463 0 0
1867 T 1738 1845 1744 0 0
1867 T 2465 43 1736 0 0
1867 T 1845 45 1944 0 0
1867 T 1741 1845 1731 0 0
1867 T 1733 43 2388 0 0
1867 T 2390 2013 1739 0 0
1867 T 2013 45 1845 0 0
1867 T 338 1294 3927 0 0
1867 T 328 332 336 0 0
1867 T 3929 4018 330 0 0
1867 T 332 4016 1294 0 0
1867 T 1290 2420 3763 -1 0
1867 T 1286 1409 1288 0 0
1867 T 3765 368 1284 0 0
1867 T 1409 370 2420 0 0
1867 T 1289 1404 1279 0 0
1867 T 1281 368 3620 0 0
1867 T 3622 2498 1287 0 0
1867 T 2498 370 1404 0 0
1867 T 1630 1628 1630 0 0
1867 T 1033 1031 1033 1 0
1867 T 1270 1483 1260 0 0
1867 T 1262 3713 3111 0 0
1867 T 3113 692 1268 0 0
1867 T 1265 692 3040 0 0
1867 T 1257 1482 1263 0 0
1867 T 3042 3855 1255 0 0
1867 T 490 505 480 0 0
1867 T 482 4419 2660 0 0
1867 T 2662 4192 488 0 0
1867 T 4192 4421 505 0 0
1867 T 485 4258 2655 0 0
1867 T 477 508 483 0 0
1867 T 2657 4337 475 0 0
1867 T 508 4335 4258 0 0
1867 T 1590 1573 1581 0 0
1867 T 1579 2228 2751 0 0
1867 T 2753 98 1588 0 0
1867 T 98 2230 1573 0 0
1867 T 1585 91 2688 0 0
1867 T 1581 1576 1583 0 0
1867 T 2690 2309 1579 0 0
1867 T 1576 2307 91 0 0
1867 T 1155 1158 1154 -1 0
1867 T 1152 3619 3763 0 0
1867 T 882 4403 1148 0 0
1867 T 1145 4321 875 0 0
1867 T 470 496 460 0 0
1867 T 3705 4059 468 0 0
1867 T 4059 1191 496 0 0
1867 T 465 3973 3847 0 0
1867 T 457 501 463 0 0
1867 T 501 1198 3973 0 0
1867 T 76 72 73 0 0
1867 T 71 3475 4303 0 0
1867 T 4305 4390 78 0 0
1867 T 4390 3477 72 0 0
1867 T 650 4331 3288 0 0
1867 T 642 682 648 0 0
1867 T 682 1459 4331 0 0
1867 T 645 682 639 0 0
1867 T 3210 4417 643 0 0
1867 T 4417 1458 682 0 0
1867 T 1770 200 3995 0 0
1867 T 3997 209 4271 0 0
1867 T 4273 203 1768 0 0
1867 T 1765 203 4355 0 0
1867 T 3910 197 1763 0 0
1867 T 4357 212 3908 0 0
1867 T 562 578 564 0 0
1867 T 2422 1017 451 0 0
1867 T 450 1020 2496 0 0
1867 T 242 4243 3372 0 0
1867 T 3374 4519 248 0 0
1867 T 4519 4245 273 0 0
1867 T 245 4633 3367 0 0
1867 T 3369 4181 235 0 0
1867 T 272 4179 4633 0 0
1867 T 4686 72 4596 0 0
1867 T 4485 71 4684 0 0
1867 T 922 686 4232 0 0
1867 T 4234 650 3067 0 0
1867 T 656 648 686 0 0
1867 T 3141 643 4168 0 0
1867 T 4170 687 915 0 0
1867 T 687 645 653 0 0
1867 T 558 1058 3919 0 0
1867 T 550 584 556 0 0
1867 T 3921 3320 548 0 0
1867 T 553 584 543 0 0
1867 T 545 3242 4007 0 0
1867 T 4009 1051 551 0 0
1867 T 1142 1138 1134 -1 0
1867 T 1132 2819 2927 0 0
1867 T 2929 272 1140 0 0
1867 T 272 2821 1138 0 0
1867 T 1358 40 1352 0 0
1867 T 328 324 325 0 0
1867 T 323 3355 4283 0 0
1867 T 4285 4370 330 -1 0
1867 T 4370 3357 324 0 0
1867 T 1570 1634 1560 0 0
1867 T 1562 3211 2131 0 0
1867 T 2133 187 1568 0 0
1867 T 187 3213 1634 0 0
1867 T 1565 186 2036 0 0
1867 T 1557 1635 1563 0 0
1867 T 2038 3293 1555 0 0
1867 T 1635 3291 186 0 0
1867 T 363 367 370 0 0
1867 T 2861 1495 668 0 0
1867 T 4030 1489 2859 0 0
1867 T 1495 1487 1500 0 0
1867 T 665 1495 2967 0 0
1867 T 2969 1492 3940 0 0
1867 T 1501 1494 1495 0 0
1867 T 1598 3642 2755 0 0
1867 T 1590 1656 1596 0 0
1867 T 2757 399 1588 0 0
1867 T 1593 1653 1583 0 0
1867 T 1585 398 2692 0 0
1867 T 2694 3784 1591 0 0
1867 T 826 809 817 0 0
1867 T 815 1515 4335 0 0
1867 T 4337 3324 824 0 0
1867 T 3324 1517 809 0 0
1867 T 821 3246 4419 0 0
1867 T 817 812 819 0 0
1867 T 4421 1515 815 0 0
1867 T 812 1517 3246 0 0
1867 T 302 2746 1184 0 0
1867 T 1186 1169 1177 0 0
1867 T 1175 3163 300 0 0
1867 T 3163 1167 2746 0 0
1867 T 297 3093 1175 0 0
1867 T 1181 2808 295 0 0
1867 T 1177 1172 1179 0 0
1867 T 2808 1174 3093 0 0
1867 T 1486 1517 1476 0 0
1867 T 1478 3244 3852 0 0
1867 T 1473 1517 1479 0 0
1867 T 3710 3326 1471 0 0
1867 T 1738 3227 2303 0 0
1867 T 1730 1780 1736 0 0
1867 T 2305 210 1728 0 0
1867 T 1780 208 3227 0 0
1867 T 1733 1785 1723 0 0
1867 T 1725 211 2224 0 0
1867 T 2226 3309 1731 0 0
1867 T 3309 213 1785 0 0
1867 T 427 431 424 0 0
1867 T 426 4350 3296 0 0
1867 T 1377 4348 431 0 0
1867 T 421 438 427 0 0
1867 T 3218 4432 419 0 0
1867 T 438 4434 1380 0 0
1867 T 118 1872 1995 0 0
1867 T 1997 1837 3203 0 0
1867 T 3205 1827 116 0 0
1867 T 1827 1835 1872 0 0
1867 T 113 1834 3283 0 0
1867 T 1930 1877 111 0 0
1867 T 3285 1840 1928 0 0
1867 T 1877 1842 1834 0 0
1867 T 558 1083 2759 0 0
1867 T 2761 1066 3919 0 0
1867 T 1056 1064 1083 0 0
1867 T 2698 1082 551 0 0
1867 T 4009 1059 2696 0 0
1867 T 1082 1061 1053 0 0
1867 T 1278 1324 1268 0 0
1867 T 1270 2276 3259 0 0
1867 T 3261 214 1276 0 0
1867 T 214 2278 1324 0 0
1867 T 1273 207 3180 0 0
1867 T 1265 1321 1271 0 0
1867 T 3182 2358 1263 0 0
1867 T 1321 2356 207 0 0
1867 T 326 3371 4459 0 0
1867 T 4574 3369 325 0 0
1867 T 930 3686 4236 0 0
1867 T 4238 1391 920 0 0
1867 T 993 1393 3686 0 0
1867 T 917 1398 4172 0 0
1867 T 4174 3828 923 0 0
1867 T 3828 1396 992 0 0
1867 T 203 1303 3659 0 0
1867 T 3661 573 4580 0 0
1867 T 4166 571 1303 0 0
1867 T 3805 1310 203 0 0
1867 T 4470 573 3803 0 0
1867 T 1310 571 4228 0 0
1867 T 1206 1214 1196 0 0
1867 T 3973 2527 1204 0 0
1867 T 2527 499 1214 0 0
1867 T 1201 2453 4059 0 0
1867 T 1193 1214 1199 0 0
1867 T 1214 498 2453 0 0
1867 T 258 2431 1792 0 0
1867 T 1794 1850 1784 0 0
1867 T 1786 3302 256 0 0
1867 T 3302 1848 2431 0 0
1867 T 253 3220 1779 0 0
1867 T 1789 2509 251 0 0
1867 T 1781 1851 1787 0 0
1867 T 2509 1853 3220 0 0
1867 T 922 1086 912 0 0
1867 T 914 2733 4232 0 0
1867 T 684 2731 1086 0 0
1867 T 909 1079 915 0 0
1867 T 4170 2795 907 0 0
1867 T 1079 2797 689 0 0
1867 T 1738 2011 2747 0 0
1867 T 2749 45 1744 0 0
1867 T 1741 45 2684 0 0
1867 T 2686 1946 1731 0 0
1867 T 394 517 384 0 0
1867 T 386 1166 4155 0 0
1867 T 4157 3316 392 0 0
1867 T 389 3238 4219 0 0
1867 T 381 512 387 0 0
1867 T 4221 1159 379 0 0
1867 T 798 500 2431 0 0
1867 T 2509 497 791 0 0
1867 T 426 4658 1636 0 0
1867 T 4348 311 4658 0 0
1867 T 1633 4544 419 0 0
1867 T 4544 318 4434 0 0
1867 T 566 4617 3623 0 0
1867 T 1434 797 4617 0 0
1867 T 3769 4503 559 0 0
1867 T 4503 792 1435 0 0
1867 T 462 2738 1004 0 0
1867 T 1006 1067 996 0 0
1867 T 998 3871 460 0 0
1867 T 3871 1069 2738 0 0
1867 T 457 3729 995 0 0
1867 T 1001 2800 455 0 0
1867 T 997 1074 999 0 0
1867 T 2800 1072 3729 0 0
1867 T 338 1509 2319 0 0
1867 T 2321 1302 3927 0 0
1867 T 1292 1300 1509 0 0
1867 T 2242 1512 331 0 0
1867 T 4017 1295 2240 0 0
1867 T 1512 1297 1293 0 0
1867 T 744 736 740 0 0
1867 T 742 4401 880 0 0
1867 T 878 4316 736 0 0
1867 T 4316 473 4401 0 0
1867 T 1674 2522 452 0 0
1867 T 1666 1689 1672 0 0
1867 T 2522 1687 3963 0 0
1867 T 449 2444 1667 0 0
1867 T 1669 1684 1659 0 0
1867 T 4053 1686 2444 0 0
1867 T 2542 2116 2459 0 0
1867 T 2385 2214 2536 0 0
1867 T 482 3579 4315 -1 0
1867 T 472 476 480 0 0
1867 T 476 4400 3579 0 0
1867 T 690 2742 1476 0 0
1867 T 4256 1517 2742 0 0
1867 T 1473 2804 683 0 0
1867 T 2804 1517 4194 0 0
1867 T 4434 4134 308 0 0
1867 T 320 4132 4544 0 0
1867 T 305 4134 4348 0 0
1867 T 4658 4132 320 0 0
1867 T 1310 1419 1300 0 0
1867 T 1302 2441 4228 0 0
1867 T 573 2439 1419 0 0
1867 T 1297 1426 1303 0 0
1867 T 4166 2515 1295 0 0
1867 T 1426 2517 573 0 0
1867 T 158 2267 1324 0 0
1867 T 1334 3154 156 0 0
1867 T 1326 1491 1332 0 0
1867 T 3154 1493 2267 0 0
1867 T 153 3080 1327 0 0
1867 T 1329 1490 1319 0 0
1867 T 1321 2349 151 0 0
1867 T 2349 1488 3080 0 0
1867 T 2642 6 2443 0 0
1867 T 2631 2623 2640 0 0
1867 T 2445 1942 2633 0 0
1867 T 2623 1940 6 0 0
1867 T 2637 2630 2631 0 0
1867 T 2633 2007 2519 0 0
1867 T 2521 6 2635 0 0
1867 T 6 2009 2630 0 0
1867 T 1130 1164 1120 0 0
1867 T 1122 3234 2467 0 0
1867 T 2469 287 1128 0 0
1867 T 287 3232 1164 0 0
1867 T 1125 287 2392 0 0
1867 T 1117 1161 1123 0 0
1867 T 2394 3312 1115 0 0
1867 T 1161 3314 287 0 0
1867 T 1400 3683 3828 0 0
1867 T 1398 1394 1402 0 0
1867 T 358 953 2943 0 0
1867 T 2945 959 3055 0 0
1867 T 3057 1047 356 0 0
1867 T 1047 961 953 0 0
1867 T 353 1046 3127 0 0
1867 T 2838 956 351 0 0
1867 T 3129 966 2836 0 0
1867 T 956 964 1046 0 0
1867 T 550 973 4151 0 0
1867 T 4153 3147 556 0 0
1867 T 553 3077 4215 0 0
1867 T 4217 968 543 0 0
1867 T 1270 4181 2927 0 0
1867 T 2929 768 1260 0 0
1867 T 1257 765 2820 0 0
1867 T 2822 4243 1263 0 0
1867 T 1578 3944 2135 0 0
1867 T 1570 1661 1576 0 0
1867 T 2137 319 1568 0 0
1867 T 1573 1664 1563 0 0
1867 T 1565 319 2040 0 0
1867 T 2042 4034 1571 0 0
1867 T 2619 2622 2618 -1 0
1867 T 2616 2415 2491 0 0
1867 T 2493 101 2621 0 0
1867 T 101 2417 2622 0 0
1867 T 2009 1688 176 0 0
1867 T 173 1685 1940 0 0
1867 T 815 2740 508 0 0
1867 T 505 2806 815 0 0
1867 T 3113 684 4447 0 0
1867 T 4449 701 1268 0 0
1867 T 1265 696 4559 0 0
1867 T 4561 689 3040 0 0
1867 T 742 2718 872 0 0
1867 T 874 979 880 0 0
1867 T 4399 981 2718 0 0
1867 T 877 978 867 0 0
1867 T 869 2780 735 0 0
1867 T 2780 976 4317 0 0
1867 T 770 4251 1808 0 0
1867 T 766 803 768 0 0
1867 T 1810 4190 764 0 0
1867 T 803 4188 4251 0 0
1867 T 882 2888 1140 0 0
1867 T 1142 1204 1148 0 0
1867 T 4405 1206 2888 0 0
1867 T 1145 1201 1135 0 0
1867 T 1137 2998 875 0 0
1867 T 2998 1199 4319 0 0
1867 T 286 1502 3955 0 0
1867 T 276 280 284 0 0
1867 T 3957 4046 278 1 0
1867 T 280 4044 1502 0 0
1867 T 558 4647 3635 0 0
1867 T 1085 1550 4647 0 0
1867 T 3781 4537 551 0 0
1867 T 4537 1550 1080 0 0
1867 T 1626 1054 3995 0 0
1867 T 3997 966 4147 0 0
1867 T 4149 972 1624 0 0
1867 T 1621 969 4211 0 0
1867 T 3910 1055 1619 0 0
1867 T 4213 959 3908 0 0
1867 T 2213 2680 2115 0 0
1867 T 3929 200 3380 0 0
1867 T 3378 198 4016 0 0
1867 T 458 519 460 0 0
1867 T 519 3730 3873 0 0
1867 T 2009 1680 3699 0 0
1867 T 3701 1710 176 0 0
1867 T 1710 1682 1690 0 0
1867 T 173 1710 3843 0 0
1867 T 3845 1677 1940 0 0
1867 T 1683 1675 1710 0 0
1867 T 38 4479 4592 -1 0
1867 T 166 162 38 1 0
1867 T 4594 4712 164 0 0
1867 T 162 4714 4479 0 0
1867 T 494 1880 3168 -1 0
1867 T 3170 1890 3095 0 0
1867 T 3097 1886 492 0 0
1867 T 1886 1888 1880 0 0
1867 T 779 783 776 0 0
1867 T 778 3980 4392 0 0
1867 T 4394 1817 781 0 0
1867 T 1817 3982 783 0 0
1867 T 781 1820 4308 0 0
1867 T 773 790 779 0 0
1867 T 4310 4070 771 0 0
1867 T 790 4068 1820 0 0
1867 T 630 677 620 0 0
1867 T 618 671 624 0 0
1867 T 3701 305 4868 0 0
1867 T 4870 4344 176 0 0
1867 T 4344 303 1708 0 0
1867 T 173 4430 4784 0 0
1867 T 4786 308 3843 0 0
1867 T 1708 310 4430 0 0
1867 T 1562 84 1967 0 0
1867 T 1969 3549 2131 0 0
1867 T 3213 3547 84 0 0
1867 T 1902 89 1555 0 0
1867 T 2038 3544 1900 0 0
1867 T 89 3546 3291 0 0
1867 T 2598 3156 88 0 0
1867 T 2588 2592 2596 0 0
1867 T 2592 84 3083 0 0
1867 T 102 103 96 0 0
1867 T 94 104 100 0 0
1867 T 3073 1547 920 0 0
1867 T 4238 1383 3071 0 0
1867 T 917 1547 3143 0 0
1867 T 3145 1390 4172 0 0
1867 T 358 360 348 0 0
1867 T 3193 4411 356 0 0
1867 T 4411 1459 360 0 0
1867 T 353 4329 3271 0 0
1867 T 345 360 351 0 0
1867 T 360 1458 4329 0 0
1867 T 1562 1628 1556 0 0
1867 T 1901 3604 1967 0 0
1867 T 3442 65 3203 0 0
1867 T 1997 2377 3440 0 0
1867 T 3437 2295 1928 0 0
1867 T 3285 64 3435 0 0
1867 T 2998 2108 1852 0 0
1867 T 2108 1199 526 0 0
1867 T 1849 2205 2888 0 0
1867 T 526 1206 2205 0 0
1867 T 350 945 2763 0 0
1867 T 2765 935 3195 0 0
1867 T 3197 983 348 0 0
1867 T 983 937 945 0 0
1867 T 345 990 3275 0 0
1867 T 2702 948 343 0 0
1867 T 3277 942 2700 0 0
1867 T 948 940 990 0 0
1867 T 1658 998 3824 0 0
1867 T 3826 1004 4299 0 0
1867 T 4301 1067 1656 0 0
1867 T 1653 1074 4383 0 0
1867 T 3682 995 1651 0 0
1867 T 4385 1001 3680 0 0
1867 T 1570 4186 2303 0 0
1867 T 2305 441 1576 0 0
1867 T 1573 444 2224 0 0
1867 T 2226 4248 1563 0 0
1867 T 178 192 168 0 0
1867 T 170 4887 3524 0 0
1867 T 3526 3981 176 0 0
1867 T 3981 4889 192 0 0
1867 T 173 4067 3519 0 0
1867 T 169 192 171 0 0
1867 T 3521 4805 167 0 0
1867 T 192 4803 4067 0 0
1867 T 1270 4631 1140 0 0
1867 T 1137 4521 1263 0 0
1867 T 622 2712 740 0 0
1867 T 2615 2775 2712 0 0
1867 T 738 2777 616 0 0
1867 T 250 4059 3380 0 0
1867 T 3382 470 4828 0 0
1867 T 4830 3703 248 0 0
1867 T 245 3849 4744 0 0
1867 T 3377 3973 243 0 0
1867 T 4746 463 3375 0 0
1867 T 1614 1084 4447 0 0
1867 T 4561 1081 1607 0 0
1867 T 203 1311 2155 0 0
1867 T 2157 1418 3659 0 0
1867 T 1305 1416 1311 0 0
1867 T 2062 1318 203 0 0
1867 T 3805 1411 2060 0 0
1867 T 1318 1413 1308 0 0
1867 T 576 578 576 1 0
1867 T 69 67 69 1 0
1867 T 2321 1953 3380 0 0
1867 T 1953 1302 202 0 0
1867 T 3377 2020 2240 0 0
1867 T 195 1295 2020 0 0
1867 T 286 1493 2179 0 0
1867 T 2181 1498 3955 0 0
1867 T 2086 1488 279 0 0
1867 T 4045 1498 2084 0 0
1867 T 2558 2637 2548 0 0
1867 T 2550 2519 3099 0 0
1867 T 3101 6 2556 0 0
1867 T 2553 6 3028 0 0
1867 T 2545 2640 2551 0 0
1867 T 3030 2445 2543 0 0
1867 T 2616 2608 2612 0 0
1867 T 2614 168 2711 0 0
1867 T 2778 170 2608 0 0
1867 T 1774 1920 3995 0 0
1867 T 1770 1777 1772 0 0
1867 T 1777 200 1920 0 0
1867 T 1773 1777 1763 0 0
1867 T 3910 1989 1771 0 0
1867 T 1989 197 1777 0 0
1867 T 874 4611 1140 0 0
1867 T 2890 4613 981 0 0
1867 T 1137 4501 867 0 0
1867 T 976 4499 2996 0 0
1867 T 2558 2441 2919 0 0
1867 T 2921 181 2548 0 0
1867 T 2635 179 2441 0 0
1867 T 2545 181 2812 0 0
1867 T 2814 2515 2551 0 0
1867 T 2515 179 2642 0 0
1867 T 874 4153 2471 0 0
1867 T 866 973 872 0 0
1867 T 2473 548 864 0 0
1867 T 869 968 859 0 0
1867 T 861 545 2396 0 0
1867 T 2398 4215 867 0 0
1867 T 2574 663 3991 0 0
1867 T 3993 601 4439 0 0
1867 T 4441 607 2572 0 0
1867 T 607 599 663 0 0
1867 T 2569 606 4551 0 0
1867 T 3906 670 2567 0 0
1867 T 4553 596 3904 0 0
1867 T 670 598 606 0 0
1867 T 2583 2587 2584 0 0
1867 T 2586 87 3207 0 0
1867 T 3290 85 2585 0 0
1867 T 1254 4334 2467 0 0
1867 T 2469 679 1244 0 0
1867 T 1241 679 2392 0 0
1867 T 2394 4416 1247 0 0
1867 T 3073 4650 912 0 0
1867 T 909 4536 3143 0 0
1867 T 118 3743 3448 0 0
1867 T 3450 2123 1995 0 0
1867 T 1874 2125 3743 0 0
1867 T 3445 3889 111 0 0
1867 T 1930 2221 3443 0 0
1867 T 3889 2219 1875 0 0
1867 T 250 1199 2151 0 0
1867 T 2153 2453 3380 0 0
1867 T 3377 2527 2056 0 0
1867 T 2058 1206 243 0 0
1867 T 2941 768 408 0 0
1867 T 3637 1810 2939 0 0
1867 T 405 765 2832 0 0
1867 T 2834 1807 3779 0 0
1867 T 1130 4157 2311 0 0
1867 T 2313 384 1120 0 0
1867 T 1117 381 2232 0 0
1867 T 2234 4219 1123 0 0
1867 T 1834 515 3304 0 0
1867 T 3225 513 1828 0 0
1867 T 519 511 515 0 0
1867 T 1922 966 235 0 0
1867 T 242 959 1987 0 0
1867 T 1150 4374 1276 0 0
1867 T 1274 4287 1144 0 0
1867 T 4870 4715 168 0 0
1867 T 194 4717 4346 0 0
1867 T 169 4722 4784 0 0
1867 T 4428 4720 194 0 0
1867 T 3834 4753 254 0 0
1867 T 4753 1022 1780 0 0
1867 T 1018 4838 1786 0 0
1867 T 3687 258 4838 0 0
1867 T 1278 1316 1284 0 0
1867 T 1282 1314 1272 0 0
1867 T 1446 1530 1452 0 0
1867 T 1450 1532 1440 0 0
1867 T 678 1042 2491 0 0
1867 T 1100 1038 1042 0 0
1867 T 2417 1036 672 0 0
1867 T 1953 2441 3542 0 0
1867 T 3535 2515 2020 0 0
1867 T 4594 3 4763 0 0
1867 T 4765 4643 164 0 0
1867 T 161 4533 4847 0 0
1867 T 4849 3 4480 0 0
1867 T 190 2102 2653 0 0
1867 T 2651 2655 2648 0 0
1867 T 2650 3324 188 0 0
1867 T 3324 2657 2102 0 0
1867 T 185 3246 2643 0 0
1867 T 2653 2195 183 0 0
1867 T 2645 2662 2651 0 0
1867 T 2195 2660 3246 0 0
1867 T 126 1494 2159 0 0
1867 T 3458 3151 124 0 0
1867 T 2161 2270 3456 0 0
1867 T 121 3081 3451 0 0
1867 T 3453 2348 2064 0 0
1867 T 2066 1487 119 0 0
1867 T 2941 776 3187 0 0
1867 T 3189 813 408 0 0
1867 T 405 808 3267 0 0
1867 T 3269 773 2832 0 0
1867 T 482 819 2195 0 0
1867 T 2102 826 475 0 0
1867 T 4449 1065 3259 0 0
1867 T 2278 1063 699 0 0
1867 T 3182 1060 4559 0 0
1867 T 698 1062 2356 0 0
1867 T 426 4653 1364 0 0
1867 T 418 483 424 0 0
1867 T 483 3084 4653 0 0
1867 T 421 490 415 0 0
1867 T 1361 4539 419 0 0
1867 T 4539 3158 490 0 0
1867 T 1614 1057 3259 0 0
1867 T 3182 1052 1607 0 0
1867 T 138 136 138 0 0
1867 T 4613 4502 277 -1 0
1867 T 2133 3539 2303 0 0
1867 T 2226 3538 2036 0 0
1867 T 1615 1271 4271 0 0
1867 T 3997 3182 1617 0 0
1867 T 1617 3259 3908 0 0
1867 T 4357 1278 1615 0 0
1867 T 2465 3555 2303 0 0
1867 T 3229 3557 45 0 0
1867 T 2226 3562 2388 0 0
1867 T 45 3560 3307 0 0
1867 T 4177 2030 1672 0 0
1867 T 2030 307 1687 0 0
1867 T 1669 1959 4239 0 0
1867 T 1686 306 1959 0 0
1867 T 742 725 733 0 0
1867 T 731 4563 872 0 0
1867 T 2716 4565 725 0 0
1867 T 733 728 735 0 0
1867 T 869 4453 731 0 0
1867 T 728 4451 2782 0 0
1867 T 126 122 130 1 0
1867 T 3459 3940 124 0 0
1867 T 122 4029 3460 0 0
1867 T 731 611 2471 0 0
1867 T 4565 4153 611 0 0
1867 T 2398 611 731 0 0
1867 T 611 4215 4451 0 0
1867 T 3459 2967 2159 0 0
1867 T 2066 2861 3459 0 0
1867 T 1658 1654 1650 0 0
1867 T 1648 3679 3824 0 0
1867 T 2933 516 628 0 0
1867 T 3625 1831 2931 0 0
1867 T 625 513 2824 0 0
1867 T 2826 1830 3767 0 0
1867 T 2662 3858 2271 0 0
1867 T 2273 700 488 0 0
1867 T 485 697 2351 0 0
1867 T 2353 3712 2655 0 0
1867 T 1150 3090 1268 0 0
1867 T 4372 1324 3090 0 0
1867 T 1265 3160 1143 0 0
1867 T 3160 1321 4290 0 0
1867 T 1626 1609 1617 0 0
1867 T 1617 1612 1619 0 0
1867 T 4614 4707 284 0 0
1867 T 4707 4501 282 1 0
1867 T 674 704 676 0 0
1867 T 678 4426 3472 0 0
1867 T 3474 4339 672 0 0
1867 T 4339 4424 704 0 0
1867 T 3398 4 3643 0 0
1867 T 2321 3007 3396 0 0
1867 T 3645 2673 2319 0 0
1867 T 3007 2671 4 0 0
1867 T 3393 2901 2240 0 0
1867 T 2242 2673 3787 0 0
1867 T 3789 4 3391 0 0
1867 T 4 2671 2901 0 0
1867 T 3088 4631 1206 0 0
1867 T 1199 4521 3162 0 0
1867 T 1262 4879 1604 0 0
1867 T 3711 296 4879 0 0
1867 T 1601 4797 1255 0 0
1867 T 4797 301 3857 0 0
1867 T 534 3520 4739 0 0
1867 T 530 570 532 0 0
1867 T 4826 3526 528 0 0
1867 T 4741 1 4824 0 -1
1867 T 2177 478 980 0 0
1867 T 2717 3581 2175 0 0
1867 T 977 479 2080 0 0
1867 T 2082 3580 2779 1 0
1867 T 386 1858 2315 0 0
1867 T 2317 1864 4159 0 0
1867 T 1867 1866 1858 0 0
1867 T 2238 1859 379 0 0
1867 T 4225 1864 2236 0 0
1867 T 1859 1866 1870 0 0
1867 T 1230 1376 1220 0 0
1867 T 1222 4347 2135 0 0
1867 T 2137 434 1228 0 0
1867 T 1225 435 2040 0 0
1867 T 1217 1381 1223 0 0
1867 T 2042 4433 1215 0 0
1867 T 611 615 608 0 0
1867 T 610 3464 4451 0 0
1867 T 4217 3466 615 0 0
1867 T 605 622 611 0 0
1867 T 4565 3469 603 0 0
1867 T 622 3467 4151 0 0
1867 T 1770 1987 4207 0 0
1867 T 4146 1922 1763 0 0
1867 T 1622 1693 1624 0 0
1867 T 602 1496 4731 0 0
1867 T 4733 2970 608 0 0
1867 T 605 2860 4815 0 0
1867 T 4817 1496 595 0 0
1867 T 2437 1424 796 0 0
1867 T 4618 1427 2435 0 0
1867 T 1424 1429 1433 0 0
1867 T 793 1421 2511 0 0
1867 T 2513 1427 4504 0 0
1867 T 1436 1429 1421 0 0
1867 T 4305 46 4692 0 0
1867 T 4690 45 4388 0 0
1867 T 274 2891 952 -1 0
1867 T 958 3002 272 0 0
1867 T 954 1087 956 0 0
1867 T 3002 1089 2891 0 0
1867 T 3407 251 3195 0 0
1867 T 2765 2406 3409 0 0
1867 T 2406 935 251 0 0
1867 T 3409 2479 2700 0 0
1867 T 3277 258 3407 0 0
1867 T 258 942 2479 0 0
1867 T 3757 2254 2572 0 0
1867 T 4441 539 3755 0 0
1867 T 2254 541 609 0 0
1867 T 2569 2331 3612 0 0
1867 T 3614 538 4551 0 0
1867 T 604 536 2331 0 0
1867 T 1042 1533 4787 0 0
1867 T 4874 1527 1036 0 0
1867 T 4789 137 4872 0 0
1867 T 86 3733 2980 0 0
1867 T 2982 3012 2976 0 0
1867 T 16 3014 3733 0 0
1867 T 2982 3735 2075 0 0
1867 T 3735 3012 10 0 0
1867 T 2994 3003 2988 0 0
1867 T 2990 85 3674 0 0
1867 T 3672 2072 2992 0 0
1867 T 2994 93 3678 0 0
1867 T 3676 2076 2988 0 0
1867 T 2870 2906 2872 0 0
1867 T 2874 3875 87 0 0
1867 T 3875 2904 17 0 0
1867 T 2174 3881 2872 0 0
1867 T 10 2906 3881 -1 0
1867 T 2882 2897 2884 0 0
1867 T 2886 2169 3818 0 0
1867 T 3816 88 2880 0 0
1867 T 2882 2173 3822 0 0
1867 T 3820 96 2884 0 0
1867 T 814 3892 508 0 0
1867 T 3892 821 2742 0 0
1867 T 505 3750 807 0 0
1867 T 2804 824 3750 0 0
1867 T 611 4359 740 0 0
1867 T 2714 4361 605 0 0
1867 T 737 4277 611 0 0
1867 T 608 4275 2776 0 0
1867 T 4269 959 4207 0 0
1867 T 4146 966 4351 0 0
1867 T 2749 3534 2919 0 0
1867 T 2921 3695 1744 0 0
1867 T 3695 3532 43 0 0
1867 T 1741 3841 2812 0 0
1867 T 2814 3527 2684 0 0
1867 T 43 3529 3841 0 0
1867 T 126 142 116 0 0
1867 T 118 4325 4024 0 0
1867 T 4026 1852 124 0 0
1867 T 1852 4323 142 0 0
1867 T 121 1849 3936 0 0
1867 T 113 142 119 0 0
1867 T 3938 4407 111 0 0
1867 T 142 4409 1849 0 0
1867 T 1590 4299 2923 0 0
1867 T 2925 1067 1596 0 0
1867 T 1593 1074 2816 0 0
1867 T 2818 4385 1583 0 0
1867 T 2269 3088 3552 0 0
1867 T 3553 3162 2347 0 0
1867 T 350 333 341 0 0
1867 T 339 3391 3639 0 0
1867 T 3641 5084 348 0 0
1867 T 5084 3393 333 0 0
1867 T 345 4990 3783 0 0
1867 T 341 336 343 0 0
1867 T 3785 3398 339 0 0
1867 T 336 3396 4990 0 0
1867 T 1222 1536 1216 0 0
1867 T 1218 308 1903 0 0
1867 T 1973 306 1220 0 0
1867 T 1905 4128 1971 0 0
1867 T 226 2735 1804 0 0
1867 T 1806 3874 2847 0 0
1867 T 2849 1070 224 0 0
1867 T 221 1071 2955 0 0
1867 T 1801 2801 219 0 0
1867 T 2957 3728 1799 0 0
1867 T 730 4277 2471 0 0
1867 T 2398 4359 723 0 0
1867 T 3761 2157 1768 0 0
1867 T 4273 1311 3759 0 0
1867 T 1765 2060 3616 0 0
1867 T 3618 1318 4355 0 0
1867 T 622 2708 556 0 0
1867 T 2708 3467 3149 0 0
1867 T 553 2774 615 0 0
1867 T 3075 3466 2774 0 0
1867 T 2582 1049 4207 0 0
1867 T 4269 951 2580 0 0
1867 T 2577 958 4351 0 0
1867 T 4146 1044 2575 0 0
1867 T 610 2247 728 0 0
1867 T 3466 2780 2247 0 0
1867 T 725 2330 603 0 0
1867 T 2330 2718 3467 0 0
1867 T 534 2879 2143 0 0
1867 T 2149 3819 532 0 0
1867 T 2145 2174 2147 0 0
1867 T 542 2874 2147 0 0
1867 T 2145 3881 540 0 0
1867 T 2165 2191 2167 0 0
1867 T 3818 571 2163 0 0
1867 T 2191 573 2886 0 0
1867 T 2165 562 2829 0 0
1867 T 2827 3772 2167 0 0
1867 T 3772 560 2193 0 0
1867 T 537 3735 2048 0 0
1867 T 2050 2077 2052 0 0
1867 T 2054 2980 535 0 0
1867 T 529 3677 2052 0 0
1867 T 2050 2989 527 0 0
1867 T 2070 2096 2072 0 0
1867 T 2074 3630 2938 0 0
1867 T 2936 563 2068 0 0
1867 T 563 3628 2096 0 0
1867 T 2070 571 3672 0 0
1867 T 2098 2994 571 0 0
1867 T 3338 508 3751 0 0
1867 T 3753 485 4911 0 0
1867 T 4913 475 3336 0 0
1867 T 3333 482 5007 0 0
1867 T 3610 505 3331 0 0
1867 T 5009 488 3608 0 0
1867 T 2650 4986 480 0 0
1867 T 4986 7 5079 -1 0
1867 T 5081 2646 478 0 0
1867 T 1762 3982 3107 0 0
1867 T 1754 1815 1760 0 0
1867 T 3109 785 1752 0 0
1867 T 1757 1822 1747 0 0
1867 T 1749 788 3036 0 0
1867 T 3038 4068 1755 0 0
1867 T 858 1069 848 0 0
1867 T 850 4281 2311 0 0
1867 T 2313 540 856 0 0
1867 T 540 4279 1069 0 0
1867 T 853 537 2232 0 0
1867 T 845 1072 851 0 0
1867 T 2234 4363 843 0 0
1867 T 1072 4365 537 0 0
1867 T 2550 2643 2540 0 0
1867 T 2538 2649 2544 0 0
1867 T 1762 1533 4727 0 0
1867 T 3757 2907 1760 0 0
1867 T 4729 11 3755 0 0
1867 T 1757 3017 3612 0 0
1867 T 3614 11 4811 0 0
1867 T 4813 1528 1755 0 0
1867 T 3374 3160 2151 0 0
1867 T 2058 3090 3367 0 0
1867 T 2309 4115 2135 0 0
1867 T 3946 4117 91 0 0
1867 T 2042 4122 2228 0 0
1867 T 98 4120 4032 0 0
1867 T 866 2449 1128 0 0
1867 T 1130 1126 1134 0 0
1867 T 1126 2524 860 0 0
1867 T 942 3500 4763 0 0
1867 T 4594 3953 940 0 0
1867 T 3953 3 3500 0 0
1867 T 937 4039 4480 0 0
1867 T 4849 3497 935 0 0
1867 T 3497 3 4039 0 0
1867 T 1032 1024 1028 0 0
1867 T 1030 2380 488 0 0
1867 T 2380 2299 4129 0 0
1867 T 486 2301 1024 0 0
1867 T 3061 4607 348 0 0
1867 T 362 4609 1361 0 0
1867 T 345 4497 3131 0 0
1867 T 1364 4495 362 0 0
1867 T 402 5043 3919 0 0
1867 T 1389 1066 5043 0 0
1867 T 4009 4949 395 0 0
1867 T 4949 1059 1384 0 0
1867 T 143 1924 1300 0 0
1867 T 1310 3809 145 0 0
1867 T 3809 1419 1924 0 0
1867 T 145 3663 1303 0 0
1867 T 1297 1993 143 0 0
1867 T 1993 1426 3663 0 0
1867 T 1973 4133 2135 0 0
1867 T 2042 4133 1904 0 0
1867 T 602 2086 720 0 0
1867 T 722 4043 4731 0 0
1867 T 717 2179 595 0 0
1867 T 4817 3957 715 0 0
1867 T 650 5037 2585 0 0
1867 T 4333 85 5037 0 0
1867 T 2585 4939 643 0 0
1867 T 4939 88 4415 0 0
1867 T 1286 4265 1624 0 0
1867 T 1626 3950 1288 0 0
1867 T 3950 4263 1407 0 0
1867 T 1289 4036 1619 0 0
1867 T 1621 4199 1279 0 0
1867 T 1406 4201 4036 0 0
1867 T 4594 2664 948 0 0
1867 T 2664 3953 990 0 0
1867 T 945 2669 4480 0 0
1867 T 983 4039 2669 0 0
1867 T 414 509 408 0 0
1867 T 3189 3891 412 0 0
1867 T 413 3749 3267 0 0
1867 T 405 504 411 0 0
1867 T 3590 831 4644 0 0
1867 T 4533 832 3584 0 0
1867 T 829 834 831 0 0
1867 T 4329 1089 4412 0 0
1867 T 98 4125 4299 0 0
1867 T 3826 4515 96 0 0
1867 T 4515 1004 4125 0 0
1867 T 93 4629 3680 0 0
1867 T 4385 4125 91 0 0
1867 T 4125 1001 4629 0 0
1867 T 2100 2643 4198 0 0
1867 T 4260 2650 2197 0 0
1867 T 1254 5070 1128 0 0
1867 T 5070 4334 289 0 0
1867 T 1125 4972 1247 0 0
1867 T 289 4416 4972 0 0
1867 T 90 3570 4771 0 0
1867 T 86 110 88 0 0
1867 T 4858 3564 84 0 0
1867 T 4773 50 4856 0 0
1867 T 1410 10 2423 0 0
1867 T 1400 1404 1408 0 0
1867 T 2425 2502 1402 1 0
1867 T 1404 2500 10 0 0
1867 T 2029 4428 1680 0 0
1867 T 1677 4346 1960 0 0
1867 T 1615 1279 3759 0 0
1867 T 3618 1286 1615 0 0
1867 T 3993 2892 2580 0 0
1867 T 2577 3002 3904 0 0
1867 T 376 372 373 0 0
1867 T 371 4659 4455 0 0
1867 T 4457 4570 378 0 0
1867 T 4570 4661 372 0 0
1867 T 0 5004 4907 0 0
1867 T 4909 220 3336 0 0
1867 T 3334 226 5004 0 0
1867 T 220 224 234 1 0
1867 T 58 2665 3959 0 0
1867 T 3961 1438 4396 0 0
1867 T 4507 1436 2665 0 0
1867 T 4049 2668 51 0 0
1867 T 4314 1431 4047 0 0
1867 T 2668 1433 4621 0 0
1867 T 1570 4543 1971 0 0
1867 T 1973 422 1560 0 0
1867 T 1557 423 1904 0 0
1867 T 1906 4657 1563 0 0
1867 T 228 4872 4787 0 0
1867 T 394 4122 3919 0 0
1867 T 5045 4120 435 0 0
1867 T 4009 4115 387 0 0
1867 T 434 4117 4947 0 0
1867 T 242 771 1983 0 0
1867 T 1985 3709 3372 0 0
1867 T 3369 3851 1916 0 0
1867 T 1918 778 235 0 0
1867 T 246 4899 4463 0 0
1867 T 3802 4768 244 0 0
1867 T 4465 89 3800 0 0
1867 T 4768 87 4899 0 0
1867 T 249 4854 3656 0 0
1867 T 3658 84 4575 0 0
1867 T 4577 4898 247 0 0
1867 T 4898 86 4854 0 0
1867 T 3109 730 4915 0 0
1867 T 4917 720 1752 0 0
1867 T 720 728 783 0 0
1867 T 1749 717 5011 0 0
1867 T 5013 723 3036 0 0
1867 T 790 725 717 0 0
1867 T 126 4954 4236 0 0
1867 T 4173 5047 120 0 0
1867 T 5047 77 4954 0 0
1867 T 1598 5083 1252 0 0
1867 T 1249 4989 1591 0 0
1867 T 730 4886 864 0 0
1867 T 4275 548 4886 0 0
1867 T 861 4800 723 0 0
1867 T 4800 545 4361 0 0
1867 T 1254 1513 1260 0 0
1867 T 1258 1507 1248 0 0
1867 T 158 2262 928 0 0
1867 T 3069 2596 156 0 0
1867 T 2596 3812 2262 0 0
1867 T 153 2593 3139 0 0
1867 T 925 2339 151 0 0
1867 T 2339 3670 2593 0 0
1867 T 3097 5093 500 0 0
1867 T 5093 1886 523 0 0
1867 T 497 4995 3167 0 0
1867 T 523 1879 4995 0 0
1867 T 4037 1693 3948 0 0
1867 T 1762 4890 1604 0 0
1867 T 1601 4804 1755 0 0
1867 T 338 1026 2315 0 0
1867 T 2317 982 3923 0 0
1867 T 3925 988 336 0 0
1867 T 988 980 1026 0 0
1867 T 333 985 4011 0 0
1867 T 2238 1027 331 0 0
1867 T 4013 975 2236 0 0
1867 T 1027 977 985 0 0
1867 T 2477 676 392 0 0
1867 T 3641 3474 2475 0 0
1867 T 389 673 2400 0 0
1867 T 2402 3471 3783 -1 0
1867 T 3193 3477 2943 0 0
1867 T 951 3475 4413 0 0
1867 T 2838 3476 3271 0 0
1867 T 4327 3478 958 0 0
1867 T 374 4284 4824 0 0
1867 T 4741 4369 373 0 0
1867 T 730 3569 4731 0 0
1867 T 783 4043 3569 0 0
1867 T 4817 3564 723 0 0
1867 T 3564 3957 790 0 0
1867 T 1598 858 4915 0 0
1867 T 2286 730 858 0 0
1867 T 5013 851 1591 0 0
1867 T 851 723 2364 0 0
1867 T 1614 4199 3759 0 0
1867 T 3618 4265 1607 0 0
1867 T 1813 1819 1815 0 0
1867 T 690 3894 4967 0 0
1867 T 4969 821 1476 0 0
1867 T 1473 824 5063 0 0
1867 T 5065 3748 683 0 0
1867 T 2249 3569 2968 0 0
1867 T 2862 3564 2328 0 0
1867 T 3925 3277 341 0 0
1867 T 341 3195 4011 0 0
1867 T 1823 3835 2183 0 0
1867 T 2185 4090 2435 0 0
1867 T 2437 61 1825 0 0
1867 T 61 4088 3835 0 0
1867 T 1825 61 2511 0 0
1867 T 2090 3693 1823 0 0
1867 T 2513 4083 2088 0 0
1867 T 3693 4085 61 0 0
1867 T 338 5061 4159 0 0
1867 T 1024 1864 5061 0 0
1867 T 4225 4963 331 0 0
1867 T 4963 1864 1029 0 0
1867 T 650 5064 3448 0 0
1867 T 3450 3747 656 0 0
1867 T 653 3893 3443 0 0
1867 T 3445 4970 643 0 0
1867 T 2912 3591 3021 0 0
1867 T 2925 850 4915 0 0
1867 T 5013 843 2816 0 0
1867 T 426 1938 1372 0 0
1867 T 4651 1413 1938 0 0
1867 T 1369 2003 419 0 0
1867 T 2003 1416 4541 0 0
1867 T 1130 5072 856 0 0
1867 T 5072 4157 542 0 0
1867 T 853 4978 1123 0 0
1867 T 535 4219 4978 0 0
1867 T 2493 4098 2415 0 0
1867 T 3358 4070 1983 0 0
1867 T 1918 3980 3355 0 0
1867 T 2133 4469 1728 0 0
1867 T 1725 4579 2036 0 0
1867 T 5059 49 4966 0 0
1867 T 98 5076 4175 0 0
1867 T 4122 317 5076 0 0
1867 T 4241 4982 91 0 0
1867 T 4982 312 4115 0 0
1867 T 2925 2090 1752 0 0
1867 T 2090 850 722 0 0
1867 T 1749 2183 2816 0 0
1867 T 715 843 2183 0 0
1867 T 126 1883 3071 0 0
1867 T 4952 1383 1883 0 0
1867 T 3145 1882 119 0 0
1867 T 1882 1390 5050 0 0
1867 T 1230 3201 1975 0 0
1867 T 1977 116 1220 0 0
1867 T 1378 118 3201 0 0
1867 T 1217 113 1908 0 0
1867 T 1910 3279 1223 0 0
1867 T 3279 111 1379 0 0
1867 T 1350 419 4844 0 0
1867 T 4846 438 2851 0 0
1867 T 2961 431 4760 0 0
1867 T 4762 426 1343 0 0
1867 T 630 4065 556 0 0
1867 T 4065 677 2710 0 0
1867 T 553 3975 623 0 0
1867 T 2772 672 3975 0 0
1867 T 215 219 212 0 0
1867 T 1786 4758 217 0 0
1867 T 4758 3308 219 0 0
1867 T 217 4840 1779 0 0
1867 T 209 226 215 0 0
1867 T 226 3230 4840 0 0
1867 T 2753 4125 2923 0 0
1867 T 2818 4125 2688 0 0
1867 T 3426 73 3059 0 0
1867 T 2949 2001 3424 0 0
1867 T 2001 1369 73 0 0
1867 T 3421 1932 2840 0 0
1867 T 3133 73 3419 0 0
1867 T 73 1372 1932 0 0
1867 T 102 4695 4175 0 0
1867 T 105 5076 4695 0 0
1867 T 4241 4702 99 0 0
1867 T 4702 4982 105 0 0
1867 T 858 1078 864 0 0
1867 T 4884 1076 2286 0 0
1867 T 861 1078 851 0 0
1867 T 2364 1076 4802 0 0
1867 T 1812 4048 3959 0 0
1867 T 2663 2667 2675 0 0
1867 T 2566 1025 4911 0 0
1867 T 3753 2302 2564 0 0
1867 T 2561 2380 3608 0 0
1867 T 5009 1028 2559 0 0
1867 T 3101 3501 3251 0 0
1867 T 3253 3952 2556 0 0
1867 T 2553 4042 3172 0 0
1867 T 3174 3496 3028 0 0
1867 T 4973 108 5068 0 0
1867 T 1822 1446 4396 0 0
1867 T 3961 1503 1820 0 0
1867 T 1817 1506 4047 0 0
1867 T 4314 1439 1815 0 0
1867 T 3949 3584 2423 0 0
1867 T 9 3586 4266 0 0
1867 T 2501 3589 4035 0 0
1867 T 4200 3587 9 0 0
1867 T 2447 5072 1076 0 0
1867 T 1076 4978 2525 0 0
1867 T 2574 2599 2580 0 0
1867 T 2599 663 2894 0 0
1867 T 2577 2606 2567 0 0
1867 T 3000 670 2606 0 0
1867 T 550 580 540 0 0
1867 T 542 4719 4275 0 0
1867 T 4886 4721 580 0 0
1867 T 537 580 543 0 0
1867 T 4361 4718 535 0 0
1867 T 580 4716 4800 0 0
1867 T 534 1935 592 0 0
1867 T 594 4654 4735 0 0
1867 T 4737 1414 532 0 0
1867 T 529 1415 4819 0 0
1867 T 589 2006 527 0 0
1867 T 4821 4540 587 0 0
1867 T 2877 3481 73 0 0
1867 T 3481 2785 1932 0 0
1867 T 73 3484 2983 0 0
1867 T 2001 2719 3484 0 0
1867 T 178 3854 3532 0 0
1867 T 3534 4962 181 0 0
1867 T 4962 3852 183 0 0
1867 T 181 5056 3527 0 0
1867 T 3529 3708 171 0 0
1867 T 190 3710 5056 0 0
1867 T 1614 3588 4443 0 0
1867 T 4445 9 3759 -1 0
1867 T 3618 9 4555 0 0
1867 T 4557 3585 1607 0 0
1867 T 287 291 288 0 0
1867 T 3233 3594 3312 0 0
1867 T 3346 1186 4723 0 0
1867 T 3753 2746 3344 0 0
1867 T 4725 300 3751 0 0
1867 T 3341 2808 3608 0 0
1867 T 3610 297 4807 0 0
1867 T 4809 1179 3339 0 0
1867 T 258 4860 3643 0 0
1867 T 3398 4957 256 0 0
1867 T 4957 4 4860 0 0
1867 T 253 5051 3391 0 0
1867 T 3789 4778 251 0 0
1867 T 4778 4 5051 0 0
1867 T 2566 989 3251 0 0
1867 T 3253 979 4911 0 0
1867 T 3174 984 2559 0 0
1867 T 5009 978 3172 0 0
1867 T 1770 2142 4439 0 0
1867 T 250 601 2142 0 0
1867 T 4553 2043 1763 0 0
1867 T 2043 596 243 0 0
1867 T 534 3840 4455 0 0
1867 T 4457 46 5024 0 0
1867 T 5026 3530 532 0 0
1867 T 529 3531 4928 0 0
1867 T 4569 3698 527 0 0
1867 T 4930 46 4567 0 0
1867 T 414 653 3123 0 0
1867 T 3125 659 3051 0 0
1867 T 3053 655 412 0 0
1867 T 2029 4720 2283 0 0
1867 T 2365 4717 1960 0 0
1867 T 4682 6 4380 0 0
1867 T 4297 5 4676 0 0
1867 T 3253 2176 3336 0 0
1867 T 3333 2081 3172 0 0
1867 T 1238 1386 1228 0 0
1867 T 1230 4947 2307 0 0
1867 T 2309 1059 1236 0 0
1867 T 1233 1066 2228 0 0
1867 T 1225 1387 1231 0 0
1867 T 2230 5045 1223 0 0
1867 T 79 3515 3828 0 0
1867 T 3513 3518 3515 0 0
1867 T 3685 3516 80 0 0
1867 T 3346 3578 3336 0 0
1867 T 3338 2786 3983 0 0
1867 T 3985 52 3344 0 0
1867 T 52 2784 3578 0 0
1867 T 3341 57 3896 0 0
1867 T 3333 3571 3339 0 0
1867 T 3898 2720 3331 0 0
1867 T 3571 2722 57 0 0
1867 T 79 3503 2423 0 0
1867 T 3949 3497 81 0 0
1867 T 3497 3584 3503 0 0
1867 T 81 3500 4035 0 0
1867 T 2501 3510 79 0 0
1867 T 3510 3589 3500 0 0
1867 T 2530 3600 3095 0 0
1867 T 3170 3598 2451 0 0
1867 T 3366 3528 3372 0 0
1867 T 1985 174 3364 0 0
1867 T 3369 3533 3359 0 0
1867 T 3361 175 1916 0 0
1867 T 3406 3413 3409 0 0
1867 T 2481 133 3404 0 0
1867 T 3413 131 2700 0 0
1867 T 3409 3416 3399 0 0
1867 T 3401 133 2404 0 0
1867 T 2765 131 3416 0 0
1867 T 4281 225 5180 0 0
1867 T 5182 2848 540 0 0
1867 T 537 2958 5112 0 0
1867 T 5114 220 4363 0 0
1867 T 410 3561 3191 0 0
1867 T 3193 5197 400 0 0
1867 T 443 5195 3561 0 0
1867 T 397 5127 3271 0 0
1867 T 3273 3556 403 0 0
1867 T 3556 5129 442 0 0
1867 T 4846 5002 164 0 0
1867 T 5002 438 1646 0 0
1867 T 161 5096 4760 0 0
1867 T 1639 431 5096 0 0
1867 T 4625 1951 2635 0 0
1867 T 2642 2022 4511 0 0
1867 T 821 4262 4984 0 0
1867 T 5082 4196 824 0 0
1867 T 914 1700 5119 0 0
1867 T 5121 298 4232 0 0
1867 T 4170 299 5187 0 0
1867 T 5189 1697 907 0 0
1867 T 1262 2900 1596 0 0
1867 T 4881 1681 2900 0 0
1867 T 1593 3010 1255 0 0
1867 T 3010 1676 4795 0 0
1867 T 270 2914 3432 -1 0
1867 T 3430 3019 268 0 0
1867 T 3434 3591 3428 0 0
1867 T 2020 465 2625 0 0
1867 T 2628 468 1953 0 0
1867 T 3358 3522 3364 0 0
1867 T 3361 3523 3355 0 0
1867 T 2650 1473 5056 0 0
1867 T 4962 1476 2643 0 0
1867 T 5038 291 4939 0 0
1867 T 266 2709 3416 0 0
1867 T 3426 3148 264 0 0
1867 T 3418 3468 3424 0 0
1867 T 261 3078 3419 0 0
1867 T 3421 3465 3411 0 0
1867 T 3413 2771 259 0 0
1867 T 371 4460 5024 0 0
1867 T 4930 4574 371 0 0
1867 T 1762 1441 3255 0 0
1867 T 3257 1447 4727 0 0
1867 T 3178 1444 1755 0 0
1867 T 4813 1454 3176 0 0
1867 T 550 4702 4155 0 0
1867 T 582 5074 4702 0 0
1867 T 4221 4695 543 0 0
1867 T 4695 4976 582 0 0
1867 T 1122 5214 1244 0 0
1867 T 3232 679 5214 0 0
1867 T 1241 5144 1115 0 0
1867 T 5144 679 3314 0 0
1867 T 1470 1521 1476 0 0
1867 T 4969 2220 1468 0 0
1867 T 1521 2222 819 0 0
1867 T 1473 1524 1463 0 0
1867 T 1465 2126 5063 0 0
1867 T 826 2124 1524 0 0
1867 T 1246 5198 1588 0 0
1867 T 1585 5128 1239 0 0
1867 T 354 366 356 0 0
1867 T 3057 4097 3128 0 0
1867 T 3189 3445 3123 0 0
1867 T 3054 3448 3267 0 0
1867 T 1507 3007 4990 0 0
1867 T 5084 2901 1514 0 0
1867 T 143 3932 1292 0 0
1867 T 1926 1507 3932 0 0
1867 T 1293 4022 143 0 0
1867 T 4022 1514 1991 0 0
1867 T 642 3311 3440 0 0
1867 T 3442 5145 648 0 0
1867 T 645 5211 3435 0 0
1867 T 3437 3233 639 0 0
1867 T 4721 2778 2253 0 0
1867 T 2332 2712 4716 0 0
1867 T 2933 5166 556 0 0
1867 T 5166 516 4063 0 0
1867 T 553 5232 2824 0 0
1867 T 3977 513 5232 0 0
1867 T 1213 3600 5091 0 0
1867 T 4997 3597 1213 0 0
1867 T 2608 92 2727 0 0
1867 T 3850 2257 2610 0 0
1867 T 2257 1190 92 0 0
1867 T 96 2612 2794 0 0
1867 T 1187 2337 98 0 0
1867 T 2337 3705 2612 0 0
1867 T 534 1914 373 0 0
1867 T 1914 3520 4367 0 0
1867 T 373 1979 527 0 0
1867 T 4285 3525 1979 0 0
1867 T 650 1464 1995 0 0
1867 T 1930 1469 643 0 0
1867 T 2725 3248 3524 0 0
1867 T 4889 3250 1701 0 0
1867 T 3521 3330 2787 0 0
1867 T 1696 3328 4803 0 0
1867 T 4497 1088 4608 0 0
1867 T 2205 1880 3864 0 0
1867 T 3866 4998 1204 0 0
1867 T 1201 5092 3720 0 0
1867 T 3722 1885 2108 0 0
1867 T 258 284 264 0 0
1867 T 3065 4584 256 0 0
1867 T 284 4586 1334 0 0
1867 T 261 281 251 0 0
1867 T 253 4474 3135 0 0
1867 T 1327 4472 281 0 0
1867 T 4670 286 3923 0 0
1867 T 2317 2103 4668 0 0
1867 T 2103 982 286 0 0
1867 T 4665 2202 2236 0 0
1867 T 4013 279 4663 0 0
1867 T 279 975 2202 0 0
1867 T 4238 79 4935 0 0
1867 T 4937 5034 130 -1 0
1867 T 5034 80 4171 0 0
1867 T 80 81 77 1 0
1867 T 3434 58 2947 0 0
1867 T 2949 4082 2839 0 0
1867 T 2841 52 3428 0 0
1867 T 2103 2887 4709 0 0
1867 T 4708 2997 2202 -1 0
1867 T 1730 4751 2459 0 0
1867 T 2461 1022 1736 0 0
1867 T 1733 1015 2384 0 0
1867 T 2386 4837 1723 0 0
1867 T 339 3399 2475 0 0
1867 T 3393 3474 3399 0 0
1867 T 2402 3406 339 0 0
1867 T 3406 3471 3396 -1 0
1867 T 566 3544 3187 0 0
1867 T 2941 5131 564 0 0
1867 T 5131 776 3544 0 0
1867 T 561 5201 2832 0 0
1867 T 3269 3549 559 0 0
1867 T 3549 773 5201 0 0
1867 T 3925 258 5184 0 0
1867 T 5186 3409 341 0 0
1867 T 341 3409 5116 0 0
1867 T 5118 251 4011 0 0
1867 T 4697 2030 2523 0 0
1867 T 2449 1959 4700 0 0
1867 T 530 1358 4923 0 0
1867 T 5022 1352 532 0 0
1867 T 4925 38 5020 0 0
1867 T 1754 4312 3255 0 0
1867 T 3178 4398 1747 0 0
1867 T 2029 581 1077 0 0
1867 T 1077 581 1960 0 0
1867 T 2566 2665 2556 0 0
1867 T 2553 2668 2559 0 0
1867 T 1754 59 3103 0 0
1867 T 3105 4093 3255 0 0
1867 T 3034 59 1747 0 0
1867 T 3178 4093 3032 0 0
1867 T 4670 266 5184 0 0
1867 T 5118 259 4663 0 0
1867 T 4234 5137 156 0 0
1867 T 5137 650 2598 0 0
1867 T 153 5203 4168 0 0
1867 T 2591 643 5203 0 0
1867 T 4704 2729 2794 0 0
1867 T 410 3481 2943 0 0
1867 T 3559 3477 3481 0 0
1867 T 2838 3484 403 0 0
1867 T 3484 3476 3558 0 0
1867 T 3346 1193 3987 0 0
1867 T 3989 1187 4723 0 0
1867 T 3902 1196 3339 0 0
1867 T 4809 1187 3900 0 0
1867 T 930 3515 4935 0 0
1867 T 5033 3515 923 0 0
1867 T 2582 2680 2576 0 0
1867 T 1050 1091 1040 0 0
1867 T 1038 1097 1044 0 0
1867 T 2481 4380 3396 0 0
1867 T 3393 4298 2404 0 0
1867 T 3576 508 2744 0 0
1867 T 2810 505 3573 0 0
1867 T 394 4066 4668 0 0
1867 T 4670 5163 384 0 0
1867 T 381 5233 4663 0 0
1867 T 4665 3976 387 0 0
1867 T 126 2121 912 0 0
1867 T 1885 4650 2121 0 0
1867 T 909 2215 119 0 0
1867 T 2215 4536 1880 0 0
1867 T 1795 4932 256 0 0
1867 T 4932 215 4586 0 0
1867 T 253 5030 1795 0 0
1867 T 4472 215 5030 0 0
1867 T 394 2457 548 0 0
1867 T 4120 3320 2457 0 0
1867 T 545 2531 387 0 0
1867 T 2531 3242 4117 0 0
1867 T 3505 3509 3511 1 0
1867 T 942 4955 4380 0 0
1867 T 4682 4862 940 0 0
1867 T 937 4776 4675 0 0
1867 T 4298 5053 935 0 0
1867 T 1358 2003 4844 0 0
1867 T 4762 1938 1351 0 0
1867 T 2566 65 3255 0 0
1867 T 3105 4507 2564 0 0
1867 T 2561 4621 3032 0 0
1867 T 3178 64 2559 0 0
1867 T 566 3453 3123 0 0
1867 T 3546 3445 3453 0 0
1867 T 3054 3456 559 0 0
1867 T 3456 3448 3547 0 0
1867 T 850 5223 1120 0 0
1867 T 4279 384 5223 0 0
1867 T 1117 5157 843 0 0
1867 T 5157 381 4365 0 0
1867 T 2485 4410 1784 0 0
1867 T 1781 4324 2408 0 0
1867 T 4378 4778 928 0 0
1867 T 2260 4776 2660 0 0
1867 T 925 4860 4292 0 0
1867 T 2657 4862 2341 0 0
1867 T 2877 3561 4303 0 0
1867 T 4389 3556 2983 0 0
1867 T 4618 2094 1825 0 0
1867 T 2094 1427 59 0 0
1867 T 1825 2187 4504 0 0
1867 T 59 1427 2187 0 0
1867 T 2477 2707 4668 0 0
1867 T 4665 2773 2400 0 0
1867 T 4462 3530 1912 0 0
1867 T 1981 3531 4572 0 0
1867 T 2321 2630 4828 0 0
1867 T 4746 2623 2240 0 0
1867 T 722 791 712 0 0
1867 T 714 1421 5103 0 0
1867 T 5105 2513 720 0 0
1867 T 717 2435 5171 0 0
1867 T 709 798 715 0 0
1867 T 5173 1424 707 0 0
1867 T 1122 2296 1236 0 0
1867 T 1238 1470 1244 0 0
1867 T 5212 1468 2296 0 0
1867 T 1241 1463 1231 0 0
1867 T 1233 2378 1115 0 0
1867 T 2378 1465 5146 0 0
1867 T 126 5087 3448 0 0
1867 T 140 3743 5087 0 0
1867 T 3445 4993 119 0 0
1867 T 4993 3889 140 0 0
1867 T 323 3359 1979 0 0
1867 T 1914 3366 323 0 0
1867 T 1977 4674 1907 0 0
1867 T 3061 4685 2763 0 0
1867 T 943 4683 4609 -1 0
1867 T 2702 4684 3131 0 0
1867 T 4495 4686 950 0 0
1867 T 2558 1421 5099 0 0
1867 T 5101 571 2919 0 0
1867 T 2814 571 5167 0 0
1867 T 5169 1424 2551 0 0
1867 T 3866 3598 1196 0 0
1867 T 1193 3599 3720 0 0
1867 T 1762 3249 1612 0 0
1867 T 1609 3327 1755 0 0
1867 T 96 2829 3778 0 0
1867 T 3776 3772 3868 0 0
1867 T 3632 2936 93 0 0
1867 T 3726 3630 3634 0 0
1867 T 4909 1352 3983 0 0
1867 T 3898 1357 5003 0 0
1867 T 3434 3494 3424 0 0
1867 T 56 2001 3494 0 0
1867 T 3421 3487 3427 0 0
1867 T 3487 1932 53 0 0
1867 T 1522 1098 2115 0 0
1867 T 1526 1553 1520 0 0
1867 T 2213 1092 1524 0 0
1867 T 228 230 228 0 0
1867 T 2614 4868 2331 0 0
1867 T 2254 4786 2607 0 0
1867 T 714 1926 840 0 0
1867 T 842 3807 5103 0 0
1867 T 837 1991 707 0 0
1867 T 5173 3665 835 0 0
1867 T 3438 3593 3440 0 0
1867 T 5121 5190 150 0 0
1867 T 302 298 294 0 0
1867 T 822 827 824 0 0
1867 T 2574 91 3987 0 0
1867 T 3354 4601 2572 0 0
1867 T 3989 3720 3352 0 0
1867 T 4601 3722 91 0 0
1867 T 96 2569 3902 0 0
1867 T 3866 4489 98 0 0
1867 T 3900 3347 3864 0 0
1867 T 4489 3349 2569 0 0
1867 T 143 147 144 0 0
1867 T 3934 4021 147 0 0
1867 T 2765 4595 3424 0 0
1867 T 3421 4485 2700 0 0
1867 T 5022 4759 592 0 0
1867 T 589 4845 4924 0 0
1867 T 3092 4705 3165 0 0
1867 T 2598 488 5192 0 0
1867 T 5194 4541 88 0 0
1867 T 85 4651 5124 0 0
1867 T 5126 485 2591 0 0
1867 T 1112 1116 1120 0 0
1867 T 5225 5158 231 0 0
1867 T 2574 2256 4723 0 0
1867 T 4809 2337 2567 0 0
1867 T 2574 2971 4203 0 0
1867 T 4205 55 2580 0 0
1867 T 2577 54 4140 0 0
1867 T 4142 2865 2567 0 0
1867 T 2877 3310 4692 0 0
1867 T 4689 3228 2983 0 0
1867 T 942 2427 164 0 0
1867 T 2427 3500 4645 0 0
1867 T 161 2505 935 0 0
1867 T 4531 3497 2505 0 0
1867 T 2465 5130 1576 0 0
1867 T 1573 5196 2388 0 0
1867 T 602 4896 4735 0 0
1867 T 594 698 600 0 0
1867 T 698 4654 4896 0 0
1867 T 597 699 587 0 0
1867 T 4821 4901 595 0 0
1867 T 4901 4540 699 0 0
1867 T 2465 1241 1581 0 0
1867 T 1581 1244 2388 0 0
1867 T 950 1088 944 0 0
1867 T 5030 5243 224 0 0
1867 T 5243 4474 209 0 0
1867 T 221 5250 4932 0 0
1867 T 212 4584 5250 0 0
1867 T 3494 3574 3484 0 0
1867 T 3481 3575 3487 0 0
1867 T 90 3890 4491 0 0
1867 T 5242 4992 88 0 0
1867 T 4493 141 5240 0 0
1867 T 85 5090 5235 0 0
1867 T 5237 141 4603 0 0
1867 T 4605 3744 83 0 0
1867 T 5105 4083 848 0 0
1867 T 845 4090 5171 0 0
1867 T 5206 294 5135 0 0
1867 T 931 935 928 0 0
1867 T 4378 4677 933 0 0
1867 T 933 4680 4292 0 0
1867 T 925 942 931 0 0
1867 T 470 4641 1004 0 0
1867 T 498 2738 4641 0 0
1867 T 1001 4527 463 0 0
1867 T 4527 2800 499 0 0
1867 T 842 899 848 0 0
1867 T 899 3807 4085 0 0
1867 T 845 902 835 0 0
1867 T 4088 3665 902 0 0
1867 T 703 5097 5002 0 0
1867 T 3661 2988 4576 0 0
1867 T 3657 3672 3659 0 0
1867 T 3805 3818 3799 0 0
1867 T 4466 2882 3803 0 0
1867 T 3755 4443 2903 0 0
1867 T 3882 3761 3757 0 0
1867 T 3013 4557 3614 0 0
1867 T 3612 3616 3736 0 0
1867 T 3782 4489 2827 0 0
1867 T 3778 3864 3780 0 0
1867 T 3826 3841 3820 0 0
1867 T 2884 3839 4517 0 0
1867 T 3878 3890 3872 0 0
1867 T 3874 4493 2873 0 0
1867 T 2938 4599 3636 0 0
1867 T 3638 3722 3632 0 0
1867 T 3678 3695 3680 0 0
1867 T 4627 3697 2994 0 0
1867 T 2979 4603 3728 0 0
1867 T 3730 3744 3732 0 0
1867 T 1746 999 2751 0 0
1867 T 2753 1064 5255 0 0
1867 T 5257 1009 1744 0 0
1867 T 1009 1066 999 0 0
1867 T 1741 1012 5271 0 0
1867 T 2690 1006 1739 0 0
1867 T 5273 1061 2688 0 0
1867 T 1006 1059 1012 0 0
1867 T 3564 3568 3606 1 0
1867 T 1337 4410 4756 0 0
1867 T 4842 4324 1340 0 0
1867 T 1579 1231 5255 0 0
1867 T 5273 1238 1579 0 0
1867 T 5194 702 4767 0 0
1867 T 4853 695 5124 0 0
1867 T 2598 2271 4767 0 0
1867 T 4853 2353 2591 0 0
1867 T 1746 4627 2923 0 0
1867 T 2818 4517 1739 0 0
1867 T 3249 2918 3588 0 0
1867 T 3586 3023 3328 0 0
1867 T 2558 1438 3103 0 0
1867 T 3105 1429 5099 0 0
1867 T 3034 1431 2551 0 0
1867 T 5169 1429 3032 0 0
1867 T 158 3214 4588 0 0
1867 T 4590 1631 164 0 0
1867 T 161 1638 4476 0 0
1867 T 4478 3292 151 0 0
1867 T 1350 4687 4840 0 0
1867 T 4758 4694 1343 0 0
1867 T 3666 4081 3807 0 0
1867 T 2455 4702 3318 0 0
1867 T 3236 4695 2533 0 0
1867 T 1326 2181 4584 0 0
1867 T 4474 2084 1319 0 0
1867 T 4441 2144 3759 0 0
1867 T 3618 2049 4551 0 0
1867 T 3799 4468 2163 0 0
1867 T 2070 4582 3657 0 0
1867 T 3753 3886 3755 0 0
1867 T 4729 2288 3751 0 0
1867 T 4725 2279 3755 0 0
1867 T 3770 3835 3772 0 0
1867 T 2193 3837 4506 0 0
1867 T 3778 2207 552 0 0
1867 T 2207 3864 4536 0 0
1867 T 3794 3855 3788 0 0
1867 T 3790 4795 2243 0 0
1867 T 2265 3855 4775 0 0
1867 T 3802 3811 3796 0 0
1867 T 2263 3813 4770 0 0
1867 T 3826 4458 2150 0 0
1867 T 3850 3859 3844 0 0
1867 T 4785 2282 3848 0 0
1867 T 4743 2243 3844 0 0
1867 T 3610 3742 3612 0 0
1867 T 3614 2361 4807 0 0
1867 T 3610 2370 4811 0 0
1867 T 3630 3693 3624 0 0
1867 T 4616 3691 2096 0 0
1867 T 557 2114 3632 0 0
1867 T 4650 3722 2114 0 0
1867 T 2326 4881 3644 0 0
1867 T 3646 3713 3648 0 0
1867 T 4861 3713 2344 0 0
1867 T 3654 3669 3656 0 0
1867 T 4852 3667 2346 0 0
1867 T 2051 4568 3680 0 0
1867 T 3702 3717 3704 0 0
1867 T 3706 2360 4867 0 0
1867 T 3702 2326 4829 0 0
1867 T 5257 1465 2463 0 0
1867 T 1946 1463 1007 0 0
1867 T 2390 1468 5271 0 0
1867 T 1014 1470 2011 0 0
1867 T 1722 5199 2131 0 0
1867 T 1969 773 1720 0 0
1867 T 1717 776 1900 0 0
1867 T 2038 5133 1715 0 0
1867 T 103 4107 3316 0 0
1867 T 1174 1950 105 0 0
1867 T 1950 2911 4107 0 0
1867 T 105 2015 1167 0 0
1867 T 3238 4114 103 0 0
1867 T 4114 3021 2015 0 0
1867 T 3510 832 2427 0 0
1867 T 2505 832 3503 0 0
1867 T 4026 5139 912 0 0
1867 T 2119 5141 1854 0 0
1867 T 909 5209 3936 0 0
1867 T 1847 5207 2217 0 0
1867 T 2749 4962 2548 0 0
1867 T 2545 5056 2684 0 0
1867 T 1856 2103 5165 0 0
1867 T 5231 2202 1861 0 0
1867 T 470 1955 1012 0 0
1867 T 4639 1059 1955 0 0
1867 T 1009 2026 463 0 0
1867 T 2026 1066 4529 0 0
1867 T 1754 2092 5099 0 0
1867 T 5169 2189 1747 0 0
1867 T 904 908 912 0 0
1867 T 5208 48 5141 0 0
1867 T 594 1062 4919 0 0
1867 T 4921 2358 600 0 0
1867 T 597 2276 5015 0 0
1867 T 5017 1063 587 0 0
1867 T 2566 2294 4727 0 0
1867 T 63 1447 2294 1 0
1867 T 4813 2372 2559 0 0
1867 T 2372 1454 66 0 0
1867 T 3390 6 2319 0 0
1867 T 3645 2899 3388 0 0
1867 T 3385 3009 3787 0 0
1867 T 2242 6 3383 0 0
1867 T 1762 2918 4443 0 0
1867 T 4557 3024 1755 0 0
1867 T 3346 3599 3352 0 0
1867 T 3349 3598 3339 0 0
1867 T 376 5111 5180 0 0
1867 T 4205 4141 42 0 0
1867 T 70 53 57 0 0
1867 T 3093 4101 105 0 0
1867 T 4101 2810 1948 0 0
1867 T 105 4104 3163 0 0
1867 T 2017 2744 4104 0 0
1867 T 2133 2166 2127 0 0
1867 T 2129 3802 1728 0 0
1867 T 2145 2158 2139 0 0
1867 T 2189 2191 2183 0 0
1867 T 2205 2217 2207 0 0
1867 T 1725 3656 2032 0 0
1867 T 2034 2067 2036 0 0
1867 T 2046 2059 2048 0 0
1867 T 2090 2098 2092 0 0
1867 T 2114 2119 2108 0 0
1867 T 2925 2994 2919 0 0
1867 T 5101 2096 2923 0 0
1867 T 2941 2974 2935 0 0
1867 T 2067 2972 5133 0 0
1867 T 2954 2980 2956 0 0
1867 T 5112 2052 2952 0 0
1867 T 2814 2884 2816 0 0
1867 T 2818 2193 5167 0 0
1867 T 2830 2864 2832 0 0
1867 T 5199 2866 2166 0 0
1867 T 2846 2149 5182 0 0
1867 T 2850 2874 2844 0 0
1867 T 2749 1476 2540 0 0
1867 T 2537 1473 2684 0 0
1867 T 0 5268 5251 0 0
1867 T 5253 451 2548 0 0
1867 T 2546 449 5268 0 0
1867 T 594 1958 712 0 0
1867 T 714 4642 4919 0 0
1867 T 709 2023 587 0 0
1867 T 5017 4528 707 0 0
1867 T 2433 1801 4934 0 0
1867 T 5028 1804 2507 0 0
1867 T 3390 2009 4828 0 0
1867 T 4746 1940 3383 0 0
1867 T 270 318 264 -1 0
1867 T 266 3241 5280 0 0
1867 T 5282 4108 268 0 0
1867 T 4108 3239 318 0 0
1867 T 269 4113 5264 0 0
1867 T 261 311 267 0 0
1867 T 5266 3319 259 0 0
1867 T 311 3321 4113 0 0
1867 T 1628 4856 4771 0 0
1867 T 3426 964 5280 0 0
1867 T 5266 961 3419 0 0
1867 T 4114 4135 4120 0 0
1867 T 4135 314 2457 0 0
1867 T 4117 4135 4107 0 0
1867 T 2531 315 4135 0 0
1867 T 414 4101 3128 0 0
1867 T 3057 4103 412 0 0
1867 T 4103 4097 4101 0 0
1867 T 714 803 708 0 0
1867 T 710 1511 5259 0 0
1867 T 5278 1509 712 0 0
1867 T 5261 110 5276 0 0
1867 T 5278 3934 840 0 0
1867 T 837 4020 5260 0 0
1867 T 3201 4688 4024 0 0
1867 T 4323 4690 1378 0 0
1867 T 3938 4693 3279 0 0
1867 T 1379 4691 4409 0 0
1867 T 822 2916 5312 0 0
1867 T 5314 2 5295 0 0
1867 T 5297 3025 824 0 0
1867 T 5253 1671 3099 0 0
1867 T 3030 1670 5267 0 0
1867 T 5297 1892 1524 0 0
1867 T 2126 1894 3023 0 0
1867 T 1521 1892 5311 0 0
1867 T 2917 1894 2220 0 0
1867 T 2276 2181 5250 0 0
1867 T 5243 2084 2358 0 0
1867 T 2845 5040 264 0 0
1867 T 316 5042 1646 0 0
1867 T 261 4946 2951 0 0
1867 T 1639 4944 313 0 0
1867 T 798 4530 5248 0 0
1867 T 5250 2799 2431 0 0
1867 T 5245 4640 791 0 0
1867 T 2509 2737 5243 0 0
1867 T 2461 1095 5283 0 0
1867 T 5285 1014 1736 0 0
1867 T 1014 1097 1020 0 0
1867 T 1733 1007 5299 0 0
1867 T 5301 1094 2384 0 0
1867 T 1017 1092 1007 0 0
1867 T 1107 1111 1108 0 0
1867 T 1110 839 1907 0 0
1867 T 1977 837 1109 0 0
1867 T 3286 4893 3203 0 0
1867 T 5186 3416 2475 0 0
1867 T 2402 3413 5116 0 0
1867 T 2542 1519 5283 0 0
1867 T 5301 1526 2535 0 0
1867 T 802 800 802 -1 0
1867 T 800 4779 4864 0 0
1867 T 4866 68 4779 0 0
1867 T 931 2963 164 0 0
1867 T 2963 923 2429 0 0
1867 T 161 2857 931 0 0
1867 T 2503 930 2857 0 0
1867 T 2972 4600 1808 0 0
1867 T 2954 4604 1800 0 0
1867 T 3014 3023 3016 0 0
1867 T 2866 1807 4488 0 0
1867 T 1805 4494 2844 0 0
1867 T 2910 2917 2904 0 0
1867 T 3774 5216 552 0 0
1867 T 5216 3870 2209 0 0
1867 T 557 5150 3628 0 0
1867 T 2112 3724 5150 0 0
1867 T 4921 5245 720 0 0
1867 T 717 5248 5015 0 0
1867 T 2325 1682 3388 0 0
1867 T 3385 1675 2244 0 0
1867 T 5285 1470 2747 0 0
1867 T 2686 1463 5299 0 0
1867 T 4109 2457 4980 0 0
1867 T 5078 2531 4112 0 0
1867 T 2333 2361 2335 0 0
1867 T 2341 2351 2343 0 0
1867 T 2374 2380 2368 0 0
1867 T 2254 2281 2256 0 0
1867 T 2262 2271 2264 0 0
1867 T 2290 2302 2292 0 0
1867 T 2888 5207 2207 0 0
1867 T 2114 5141 2998 0 0
1867 T 2209 4526 25 0 0
1867 T 5216 14 4526 0 0
1867 T 28 4636 2112 0 0
1867 T 4636 14 5150 1 0
1867 T 1230 5305 1109 0 0
1867 T 5305 3201 835 0 0
1867 T 1109 5287 1223 0 0
1867 T 842 3279 5287 0 0
1867 T 5089 3549 3153 0 0
1867 T 3079 3544 4991 0 0
1867 T 5290 78 5303 0 0
1867 T 4590 1639 2487 0 0
1867 T 2414 1646 4476 0 0
1867 T 3693 3838 4894 -1 0
1867 T 4081 4087 4083 0 0
1867 T 3354 1809 4203 0 0
1867 T 4142 1808 3347 0 0
1867 T 2141 4575 4735 0 0
1867 T 4821 4465 2044 0 0
1867 T 838 905 840 0 0
1867 T 3057 5307 408 0 0
1867 T 507 5309 4105 0 0
1867 T 405 5293 3127 0 0
1867 T 4100 5291 506 0 0
1867 T 3479 959 5309 0 0
1867 T 5291 966 3486 0 0
1867 T 2769 5242 2843 0 0
1867 T 2953 5235 2704 0 0
1867 T 114 138 116 0 0
1867 T 4196 4677 2965 0 0
1867 T 2855 4680 4262 0 0
1867 T 5282 1947 3432 0 0
1867 T 3429 2018 5264 0 0
1867 T 1334 5237 4588 0 0
1867 T 3212 5235 3152 0 0
1867 T 4478 5240 1327 0 0
1867 T 3082 5242 3294 0 0
1867 T 3985 3897 4074 0 0
1867 T 3354 3350 42 0 0
1867 T 3492 964 1949 0 0
1867 T 2016 961 3489 0 0
1867 T 4590 4944 1340 0 0
1867 T 1337 5042 4476 0 0
1867 T 2421 4878 444 0 0
1867 T 466 4876 1016 0 0
1867 T 441 4792 2495 0 0
1867 T 1021 4794 467 0 0
1867 T 590 705 592 0 0
1867 T 1539 5242 5042 0 0
1867 T 4944 5235 1539 0 0
1867 T 2157 4904 4576 0 0
1867 T 1416 2988 4904 0 0
1867 T 4466 4904 2060 0 0
1867 T 4904 2882 1413 0 0
1867 T 1410 5161 444 0 0
1867 T 5161 369 4876 0 0
1867 T 441 5227 1403 0 0
1867 T 4794 369 5227 0 0
1867 T 2017 3578 5308 0 0
1867 T 5294 3571 1948 0 0
1867 T 1957 1097 4791 0 0
1867 T 4877 1092 2024 0 0
1867 T 804 5228 5159 0 0
1867 T 590 1094 5107 0 0
1867 T 5178 1096 592 0 0
1867 T 5109 364 5176 0 0
1867 T 4737 4905 2143 0 0
1867 T 2050 4905 4819 0 0
1867 T 2825 5222 3772 0 0
1867 T 1827 3835 5222 0 0
1867 T 3630 5152 2932 0 0
1867 T 5152 3693 1834 0 0
1867 T 5178 4794 712 0 0
1867 T 709 4876 5108 0 0
1867 T 49 47 49 1 0
1867 T 1704 1706 1704 1 0
1867 T 4672 4674 4672 0 0
1867 T 1454 1536 1448 0 0
1867 T 4437 3349 4077 0 0
1867 T 4078 3351 4548 0 0
1867 T 3831 20 4781 0 0
1867 T 4864 21 3690 0 0
1867 T 34 3731 3011 0 0
1867 T 34 2903 3875 0 0
1867 T 2372 1536 2293 0 0
1867 T 4075 4078 4074 -1 0
1867 T 3018 1892 5344 0 0
1867 T 5346 2 5327 1 -1
1867 T 5329 1891 2907 0 0
1867 T 2857 832 5336 0 0
1867 T 5338 3505 928 0 0
1867 T 925 3508 5320 0 0
1867 T 5322 832 2963 0 0
1867 T 3014 2124 5344 0 0
1867 T 5330 2222 2904 0 0
1867 T 128 5319 5336 0 0
1867 T 3811 2129 5317 0 0
1867 T 5332 2031 3670 0 0
1867 T 5315 0 5334 0 0
1867 T 1728 5315 3796 0 0
1867 T 3654 5333 1725 0 0
1867 T 4637 35 2112 0 0
1867 T 2210 36 4524 1 0
1867 T 5222 136 5151 0 0
1867 T 4838 4865 4832 0 0
1867 T 4750 4779 4752 0 0
1867 T 3014 5349 2903 0 0
1867 T 3733 5350 3876 0 0
1867 T 5218 5231 5220 0 0
1867 T 5154 5165 5148 0 0
1867 T 3878 2220 5364 0 0
1867 T 5366 1878 3872 0 0
1867 T 3730 1871 5356 0 0
1867 T 5358 2126 3732 0 0
1867 T 5366 1 5355 0 0
1867 T 13 5362 5325 0 0
1867 T 5340 5351 14 0 0
1867 T 5323 50 5342 0 0
1867 T 5351 48 5362 0 0
1867 T 5222 1861 5361 0 0
1867 T 5352 1855 5151 0 0
1867 T 2201 5217 5360 0 0
1867 T 5325 4523 2199 0 0
1867 T 2106 4637 5339 0 0
1867 T 5354 5147 2104 0 0
1867 T 2208 5373 2114 0 0
1867 T 3796 5368 3653 0 0
1867 T 4524 5373 4637 0 0
1867 T 4866 2386 5382 0 0
1867 T 5383 2460 4779 0 0
1867 T 5380 0 5385 0 0
1867 T 1730 4747 5384 0 0
1867 T 1724 5379 4832 0 0
1867 T 4747 5368 4834 0 0
1867 T 5325 5377 2996 0 0
1867 T 4707 5375 4525 1 0
1867 T 2890 5377 5339 0 0
1867 T 4635 5375 4710 0 0
1867 T 4523 2890 5390 0 0
1867 T 5391 2995 4638 0 0
1867 T 5388 47 5393 0 0
1867 T 5394 4710 5323 1 0
1867 T 5342 4708 5387 1 0
1867 U 2071 1 3 0 0
1867 U 86 5 1 0 0
1867 U 3004 3 5 0 0
1867 U 2978 6 1 0 0
1867 U 15 5 6 0 0
1867 U 2077 5 1 0 0
1867 U 9 6 5 0 0
1867 U 94 3 1 0 0
1867 U 3723 3 3 0 0
1867 U 13 4 3 1 0
1867 U 28 3 4 0 0
1867 U 2171 7 11 0 0
1867 U 2869 12 7 0 0
1867 U 10 11 12 -1 0
1867 U 90 11 7 0 0
1867 U 17 12 11 0 0
1867 U 2169 9 7 0 0
1867 U 2897 11 9 0 0
1867 U 98 9 7 0 0
1867 U 3870 9 9 0 0
1867 U 26 10 9 0 0
1867 U 14 9 10 0 0
1867 U 3792 13 18 0 0
1867 U 2245 22 13 0 0
1867 U 299 18 22 0 0
1867 U 246 18 13 0 0
1867 U 3861 22 18 0 0
1867 U 3798 15 13 0 0
1867 U 2265 18 15 0 0
1867 U 4749 16 13 0 0
1867 U 24 15 16 -1 0
1867 U 254 15 13 0 0
1867 U 20 16 15 0 0
1867 U 2281 19 17 0 0
1867 U 310 21 19 0 0
1867 U 3884 19 21 0 0
1867 U 12 19 20 0 0
1867 U 2288 20 21 0 0
1867 U 31 20 19 0 0
1867 U 3651 23 25 0 0
1867 U 250 28 23 0 0
1867 U 2343 25 28 0 0
1867 U 2325 32 23 0 0
1867 U 3716 28 32 0 0
1867 U 3649 28 23 0 0
1867 U 297 32 28 0 0
1867 U 258 25 23 0 0
1867 U 4834 26 23 0 0
1867 U 21 25 26 0 0
1867 U 23 26 25 0 0
1867 U 2360 27 29 0 0
1867 U 304 29 31 0 0
1867 U 3741 31 29 0 0
1867 U 11 30 29 0 0
1867 U 2369 31 30 0 0
1867 U 30 30 29 0 0
1867 Q 570 40 570 40 0 0 0 0 0 0
1867 Q 234 3582 108 3580 0 0 1 0 0 0
1867 Q 418 1031 416 1628 0 0 0 0 -1 0
1867 Q 0 2538 8 2540 1 0 0 0 0 0
1867 Q 8 2214 69 2116 0 0 0 0 -1 0
1867 Q 70 2680 70 2680 0 0 0 0 0 0
1867 Q 578 3554 67 3552 -1 0 1 0 0 0
1867 Q 1316 148 1314 365 0 0 0 0 0 0
1867 Q 1454 138 1448 578 0 0 0 0 0 0
1867 Q 1034 1870 136 1868 0 0 1 0 0 0
1867 Q 128 2249 109 2327 0 0 0 0 0 0
1867 Q 2861 49 2968 130 0 0 0 0 0 0
1867 Q 228 2453 70 2528 0 0 0 0 0 0
1867 Q 3097 2 3168 230 0 0 0 0 0 0
1867 Q 3598 1 3600 68 0 0 0 0 0 0
1867 Q 3253 75 3171 0 0 0 0 0 0 0
1867 Q 232 2080 77 2178 0 0 0 0 0 0
1867 Q 800 1838 1 1840 1 -1 0 0 0 0
1867 Q 76 2782 109 2715 0 0 0 0 0 0
1867 Q 292 1170 520 1172 0 0 0 0 0 0
1867 Q 328 2057 68 2151 0 0 0 0 0 0
1867 Q 3087 48 3162 70 0 0 0 0 0 0
1867 Q 2725 8 2788 570 0 0 0 0 1 0
1867 Q 1 3327 8 3250 0 0 -1 1 0 1
1867 Q 2269 47 2348 578 0 0 0 0 0 0
1867 Q 2160 659 2066 49 0 0 0 0 0 0
1867 Q 233 899 4671 901 0 0 -1 0 0 0
1867 Q 2676 1090 2676 1090 0 0 0 0 0 0
1867 Q 1965 1088 1895 0 0 0 0 0 0 0
1867 Q 0 4074 0 4074 0 0 0 0 0 0
1867 Q 1536 30 1537 32 0 0 0 0 0 0
