286 A 5 0 0 -2 0 2
286 A 7 0 0 -1 0 1
286 A 10 0 5 -2 -5 2
286 A 10 0 5 -3 -5 3
286 A 14 0 7 -1 -7 1
286 A 14 0 7 -6 -7 6
286 A 0 1 -131 0 131 0
286 A -1 1 -83 0 83 0
286 A 1 1 -83 0 83 0
286 A -2 1 -59 0 59 0
286 A 2 1 -59 0 59 0
286 A -3 1 -116 -1 116 1
286 A 3 1 116 -1 -116 1
286 A -6 1 -121 -3 121 3
286 A 6 1 121 -3 -121 3
286 A 20 0 -5 -2 5 2
286 A 20 0 5 -2 -5 2
286 A 23 0 0 -4 0 4
286 A 28 0 -7 -6 7 6
286 A 28 0 7 -6 -7 6
286 A 29 0 0 -14 0 14
286 A 0 2 -131 0 131 0
286 A 0 2 -155 0 155 0
286 A 0 2 -285 0 285 0
286 A -2 2 -203 -1 203 1
286 A 2 2 203 -1 -203 1
286 A -4 2 -59 0 59 0
286 A 4 2 -59 0 59 0
286 A -6 2 -173 -1 173 1
286 A 6 2 173 -1 -173 1
286 A -12 2 -127 -2 127 2
286 A 12 2 127 -2 -127 2
286 A 5 0 0 -1 0 -1
286 A 6 0 3 -1 3 -1
286 A 9 0 0 -2 0 -2
286 A 10 0 5 -1 5 -1
286 A 15 0 0 -1 0 -1
286 A 15 0 0 -4 0 -4
286 A 18 0 9 -7 9 -7
286 A 25 0 0 -4 0 -4
286 A 27 0 0 -7 0 -7
286 A 31 0 0 -3 0 -3
286 A 37 0 0 -14 0 -14
286 A 45 0 0 -11 0 -11
286 A 45 0 0 -16 0 -16
286 A 47 0 0 -23 0 -23
286 A 71 0 0 -6 0 -6
286 A 93 0 0 -28 0 -28
286 A 111 0 0 -14 0 -14
286 A 125 0 0 -21 0 -21
286 A 135 0 0 -34 0 -34
286 A 141 0 0 -70 0 -70
286 A 4 0 -1 -1 -1 1
286 A 5 0 -1 -1 -2 2
286 A 5 0 1 -1 2 2
286 A 6 0 -1 -1 -1 1
286 A 7 0 -2 -1 3 2
286 A 7 0 2 -1 -3 2
286 A 7 0 -3 -1 3 -1
286 A 7 0 0 -2 0 -3
286 A 7 0 -1 -2 2 3
286 A 7 0 1 -2 -2 3
286 A 7 0 -1 -3 -1 3
286 A 8 0 -1 -1 -1 1
286 A 8 0 -3 -1 -3 1
286 A 8 0 -1 -3 -1 3
286 A 8 0 -3 -3 -3 3
286 A 9 0 0 -1 0 -4
286 A 9 0 -1 -1 -1 1
286 A 9 0 -2 -1 1 4
286 A 9 0 2 -1 -1 4
286 A 9 0 -3 -1 3 -4
286 A 9 0 3 -1 -3 -4
286 A 9 0 -4 -1 -1 -2
286 A 9 0 4 -1 1 -2
286 A 9 0 -2 -2 4 -4
286 A 9 0 2 -2 -4 -4
286 A 9 0 -3 -2 3 -2
286 A 9 0 -4 -2 -4 2
286 A 9 0 -2 -4 -2 4
286 A 10 0 -1 -1 3 -3
286 A 10 0 1 -1 -3 -3
286 A 11 0 -1 -1 1 -1
286 A 11 0 -2 -1 -5 -3
286 A 11 0 2 -1 5 -3
286 A 11 0 -3 -1 4 -5
286 A 11 0 3 -1 -4 -5
286 A 11 0 -4 -1 3 2
286 A 11 0 4 -1 -3 2
286 A 11 0 -5 -1 -2 -4
286 A 11 0 5 -1 2 -4
286 A 11 0 -1 -2 1 -2
286 A 11 0 -2 -2 -5 5
286 A 11 0 2 -2 5 5
286 A 11 0 -4 -2 3 4
286 A 11 0 4 -2 -3 4
286 A 11 0 -5 -2 -2 3
286 A 11 0 5 -2 2 3
286 A 11 0 -1 -3 1 -3
286 A 11 0 -3 -3 4 -4
286 A 11 0 3 -3 -4 -4
286 A 11 0 -4 -3 3 -5
286 A 11 0 4 -3 -3 -5
286 A 11 0 -1 -4 1 -4
286 A 11 0 -5 -4 -2 -5
286 A 11 0 5 -4 2 -5
286 A 11 0 -1 -5 1 -5
286 A 12 0 -1 -1 -1 1
286 A 12 0 -3 -1 -3 5
286 A 12 0 3 -1 3 5
286 A 12 0 -5 -1 -5 1
286 A 12 0 -1 -5 -1 5
286 A 12 0 -5 -5 -5 5
286 A 13 0 -1 -1 1 -1
286 A 13 0 -2 -1 -6 3
286 A 13 0 2 -1 6 3
286 A 13 0 -3 -1 -4 -3
286 A 13 0 3 -1 4 -3
286 A 13 0 -4 -1 -3 4
286 A 13 0 4 -1 3 4
286 A 13 0 -5 -1 -5 1
286 A 13 0 -6 -1 -2 -4
286 A 13 0 6 -1 2 -4
286 A 13 0 -1 -2 1 -2
286 A 13 0 -2 -2 -6 6
286 A 13 0 2 -2 6 6
286 A 13 0 -3 -2 -4 -6
286 A 13 0 3 -2 4 -6
286 A 13 0 -4 -2 -3 -5
286 A 13 0 4 -2 3 -5
286 A 13 0 -5 -2 -5 2
286 A 13 0 -6 -2 -2 5
286 A 13 0 6 -2 2 5
286 A 13 0 -1 -3 1 -3
286 A 13 0 -2 -3 -6 -4
286 A 13 0 2 -3 6 -4
286 A 13 0 -3 -3 -4 4
286 A 13 0 3 -3 4 4
286 A 13 0 -5 -3 -5 3
286 A 13 0 -1 -4 1 -4
286 A 13 0 -5 -4 -5 4
286 A 13 0 -1 -5 1 -5
286 A 13 0 -4 -5 -3 -6
286 A 13 0 4 -5 3 -6
286 A 13 0 -5 -5 -5 5
286 A 13 0 -6 -5 -2 6
286 A 13 0 6 -5 2 6
286 A 13 0 -1 -6 1 -6
286 A 13 0 -5 -6 -5 6
286 A 14 0 -3 -1 3 -1
286 A 14 0 -5 -1 -3 -5
286 A 14 0 5 -1 3 -5
286 A 14 0 -1 -3 -1 3
286 A 14 0 -5 -3 -1 -5
286 A 14 0 5 -3 1 -5
286 A 14 0 7 -3 7 5
286 A 15 0 -1 -1 -7 7
286 A 15 0 1 -1 7 7
286 A 15 0 -4 -1 2 7
286 A 15 0 4 -1 -2 7
286 A 15 0 -5 -1 -5 4
286 A 15 0 5 -1 5 4
286 A 15 0 -6 -1 3 2
286 A 15 0 6 -1 -3 2
286 A 15 0 0 -2 0 7
286 A 15 0 -2 -2 4 -4
286 A 15 0 2 -2 -4 -4
286 A 15 0 -5 -2 -5 2
286 A 15 0 -7 -2 -1 -4
286 A 15 0 7 -2 1 -4
286 A 15 0 -6 -4 3 -7
286 A 15 0 6 -4 -3 -7
286 A 15 0 -5 -7 -5 7
286 A 16 0 -1 -1 -1 1
286 A 16 0 -3 -1 5 -7
286 A 16 0 3 -1 -5 -7
286 A 16 0 -5 -1 3 -7
286 A 16 0 5 -1 -3 -7
286 A 16 0 -7 -1 -7 1
286 A 16 0 -1 -3 -1 3
286 A 16 0 -3 -3 5 -5
286 A 16 0 3 -3 -5 -5
286 A 16 0 -5 -3 3 -5
286 A 16 0 5 -3 -3 -5
286 A 16 0 -7 -3 -7 3
286 A 16 0 -1 -5 -1 5
286 A 16 0 -7 -5 -7 5
286 A 16 0 -1 -7 -1 7
286 A 16 0 -7 -7 -7 7
286 A 0 1 -17 0 101 0
286 A 0 1 -21 0 109 0
286 A 0 1 -23 0 -87 0
286 A 0 1 -25 0 103 0
286 A 0 1 -27 0 53 0
286 A 0 1 -29 0 -69 0
286 A 0 1 -35 0 -49 0
286 A 0 1 -37 0 -85 0
286 A 0 1 -43 0 -133 0
286 A 0 1 -45 0 89 0
286 A 0 1 -47 0 -73 0
286 A 0 1 -51 0 129 0
286 A 0 1 -61 0 -75 0
286 A 0 1 -67 0 111 0
286 A 0 1 -71 0 141 0
286 A 0 1 -79 0 105 0
286 A 0 1 -107 0 139 0
286 A 0 1 -119 0 137 0
286 A 0 1 -125 0 135 0
286 A -1 1 -17 0 -135 0
286 A -1 1 -20 0 -43 0
286 A -1 1 -30 0 67 0
286 A -1 1 -34 0 76 0
286 A -1 1 -39 0 -103 0
286 A -1 1 -40 0 122 0
286 A -1 1 -45 0 -51 0
286 A -1 1 -61 0 80 0
286 A -1 1 -62 0 125 0
286 A -1 1 -81 0 -124 0
286 A -1 1 -89 0 129 0
286 A -1 1 -90 0 118 0
286 A -1 1 -102 0 121 0
286 A -1 1 -106 0 -111 0
286 A 1 1 -17 0 -135 0
286 A 1 1 -20 0 -43 0
286 A 1 1 -30 0 67 0
286 A 1 1 -34 0 76 0
286 A 1 1 -39 0 -103 0
286 A 1 1 -40 0 122 0
286 A 1 1 -45 0 -51 0
286 A 1 1 -61 0 80 0
286 A 1 1 -62 0 125 0
286 A 1 1 -81 0 -124 0
286 A 1 1 -89 0 129 0
286 A 1 1 -90 0 118 0
286 A 1 1 -102 0 121 0
286 A 1 1 -106 0 -111 0
286 A 17 0 -2 -1 2 -1
286 A 17 0 -3 -1 -8 -3
286 A 17 0 3 -1 8 -3
286 A 17 0 -4 -1 -1 -4
286 A 17 0 4 -1 1 -4
286 A 17 0 -5 -1 1 -7
286 A 17 0 5 -1 -1 -7
286 A 17 0 -6 -1 -6 1
286 A 17 0 -7 -1 2 7
286 A 17 0 7 -1 -2 7
286 A 17 0 -8 -1 -6 5
286 A 17 0 8 -1 6 5
286 A 17 0 0 -2 0 3
286 A 17 0 -1 -2 3 -6
286 A 17 0 1 -2 -3 -6
286 A 17 0 -2 -2 4 -4
286 A 17 0 2 -2 -4 -4
286 A 17 0 -3 -2 -1 -5
286 A 17 0 3 -2 1 -5
286 A 17 0 -4 -2 1 8
286 A 17 0 4 -2 -1 8
286 A 17 0 -5 -2 3 -8
286 A 17 0 5 -2 -3 -8
286 A 17 0 -6 -2 -4 7
286 A 17 0 6 -2 4 7
286 A 17 0 -7 -2 8 5
286 A 17 0 7 -2 -8 5
286 A 17 0 -8 -2 8 -2
286 A 17 0 -1 -3 -2 6
286 A 17 0 1 -3 2 6
286 A 17 0 -2 -3 -6 -8
286 A 17 0 2 -3 6 -8
286 A 17 0 -3 -3 -3 3
286 A 17 0 -4 -3 -5 8
286 A 17 0 4 -3 5 8
286 A 17 0 -5 -3 6 -7
286 A 17 0 5 -3 -6 -7
286 A 17 0 -6 -3 -5 -6
286 A 17 0 6 -3 5 -6
286 A 17 0 -7 -3 -2 -4
286 A 17 0 7 -3 2 -4
286 A 17 0 0 -4 0 -7
286 A 17 0 -3 -4 -4 -6
286 A 17 0 3 -4 4 -6
286 A 17 0 -5 -4 2 -5
286 A 17 0 5 -4 -2 -5
286 A 17 0 -6 -4 8 6
286 A 17 0 6 -4 -8 6
286 A 17 0 -7 -4 7 -4
286 A 17 0 -8 -4 -8 4
286 A 17 0 0 -5 0 8
286 A 17 0 -3 -5 -7 6
286 A 17 0 3 -5 7 6
286 A 17 0 -4 -5 8 7
286 A 17 0 4 -5 -8 7
286 A 17 0 -5 -5 5 -5
286 A 17 0 -7 -5 3 -7
286 A 17 0 7 -5 -3 -7
286 A 17 0 -1 -6 -7 8
286 A 17 0 1 -6 7 8
286 A 17 0 -6 -6 7 -7
286 A 17 0 6 -6 -7 -7
286 A 17 0 -5 -7 4 8
286 A 17 0 5 -7 -4 8
286 A 17 0 -2 -8 -2 8
286 A -2 1 -19 0 -61 0
286 A -2 1 -21 0 -69 0
286 A -2 1 -23 0 -63 0
286 A -2 1 -37 0 -47 0
286 A -2 1 -39 0 117 1
286 A -2 1 -49 0 -71 0
286 A -2 1 -51 0 89 1
286 A -2 1 -57 0 -115 -1
286 A -2 1 -71 -1 -141 -1
286 A -2 1 -75 -1 111 1
286 A -2 1 -79 -1 109 1
286 A -2 1 -101 -1 105 1
286 A -2 1 -107 -1 -139 -1
286 A -2 1 -119 -1 -137 -1
286 A -2 1 -125 -1 -135 -1
286 A 2 1 -19 0 -61 0
286 A 2 1 -21 0 -69 0
286 A 2 1 -23 0 -63 0
286 A 2 1 -37 0 -47 0
286 A 2 1 -39 0 117 -1
286 A 2 1 -49 0 -71 0
286 A 2 1 -51 0 89 -1
286 A 2 1 -57 0 -115 1
286 A 2 1 71 -1 141 -1
286 A 2 1 75 -1 -111 1
286 A 2 1 79 -1 -109 1
286 A 2 1 101 -1 -105 1
286 A 2 1 107 -1 139 -1
286 A 2 1 119 -1 137 -1
286 A 2 1 125 -1 135 -1
286 A -3 1 -18 0 79 1
286 A -3 1 -19 0 -31 0
286 A -3 1 -28 0 134 1
286 A -3 1 -29 0 -58 -1
286 A -3 1 -39 0 -118 -1
286 A -3 1 -46 0 -106 -1
286 A -3 1 -53 -1 -76 -1
286 A -3 1 -54 -1 85 1
286 A -3 1 -55 -1 114 1
286 A -3 1 -59 -1 135 1
286 A -3 1 -66 -1 121 1
286 A -3 1 -75 -1 84 1
286 A -3 1 -86 -1 -113 -1
286 A -3 1 -119 -1 130 1
286 A 3 1 -18 0 79 -1
286 A 3 1 -19 0 -31 0
286 A 3 1 -28 0 134 -1
286 A 3 1 -29 0 -58 1
286 A 3 1 -39 0 -118 1
286 A 3 1 -46 0 -106 1
286 A 3 1 53 -1 76 -1
286 A 3 1 54 -1 -85 1
286 A 3 1 55 -1 -114 1
286 A 3 1 59 -1 -135 1
286 A 3 1 66 -1 -121 1
286 A 3 1 75 -1 -84 1
286 A 3 1 86 -1 113 -1
286 A 3 1 119 -1 -130 1
286 A -4 1 -19 0 -135 -2
286 A -4 1 -21 0 -107 -2
286 A -4 1 -25 0 137 2
286 A -4 1 -29 0 117 2
286 A -4 1 -31 0 35 1
286 A -4 1 -37 0 45 1
286 A -4 1 -47 -1 73 1
286 A -4 1 -49 -1 53 1
286 A -4 1 -61 -1 75 1
286 A -4 1 -69 -1 -87 -1
286 A -4 1 -85 -1 -91 -1
286 A -4 1 -103 -1 -119 -2
286 A -4 1 -105 -1 125 2
286 A -4 1 -107 -1 109 2
286 A -4 1 -109 -1 139 2
286 A 4 1 -19 0 -135 2
286 A 4 1 -21 0 -107 2
286 A 4 1 -25 0 137 -2
286 A 4 1 -29 0 117 -2
286 A 4 1 -31 0 35 -1
286 A 4 1 -37 0 45 -1
286 A 4 1 47 -1 -73 1
286 A 4 1 49 -1 -53 1
286 A 4 1 61 -1 -75 1
286 A 4 1 69 -1 87 -1
286 A 4 1 85 -1 91 -1
286 A 4 1 103 -1 119 -2
286 A 4 1 105 -1 -125 2
286 A 4 1 107 -1 -109 2
286 A 4 1 109 -1 -139 2
286 A -5 1 -18 0 111 2
286 A -5 1 -19 0 121 2
286 A -5 1 -20 0 130 2
286 A -5 1 -23 0 -27 0
286 A -5 1 -28 -1 61 1
286 A -5 1 -32 -1 -37 -1
286 A -5 1 -42 -1 -81 -1
286 A -5 1 -44 -1 136 2
286 A -5 1 -66 -1 87 1
286 A -5 1 -68 -1 88 2
286 A -5 1 -77 -1 100 2
286 A 5 1 -18 0 111 -2
286 A 5 1 -19 0 121 -2
286 A 5 1 -20 0 130 -2
286 A 5 1 -23 0 -27 0
286 A 5 1 28 -1 -61 1
286 A 5 1 32 -1 37 -1
286 A 5 1 42 -1 81 -1
286 A 5 1 44 -1 -136 2
286 A 5 1 66 -1 -87 1
286 A 5 1 68 -1 -88 2
286 A 5 1 77 -1 -100 2
286 A -6 1 -21 -1 -137 -3
286 A -6 1 -25 -1 -117 -3
286 A -6 1 -27 -1 -33 -1
286 A -6 1 -35 -1 49 1
286 A -6 1 -39 -1 -81 -2
286 A -6 1 -41 -1 -119 -3
286 A -6 1 -45 -1 -89 -2
286 A -6 1 -55 -1 -83 -2
286 A -6 1 -71 -2 85 2
286 A -6 1 -73 -2 -113 -2
286 A -6 1 -77 -2 -111 -2
286 A -6 1 -123 -3 -135 -3
286 A -6 1 -127 -3 -133 -3
286 A 6 1 21 -1 137 -3
286 A 6 1 25 -1 117 -3
286 A 6 1 27 -1 33 -1
286 A 6 1 35 -1 -49 1
286 A 6 1 39 -1 81 -2
286 A 6 1 41 -1 119 -3
286 A 6 1 45 -1 89 -2
286 A 6 1 55 -1 83 -2
286 A 6 1 71 -2 -85 2
286 A 6 1 73 -2 113 -2
286 A 6 1 77 -2 111 -2
286 A 6 1 123 -3 135 -3
286 A 6 1 127 -3 133 -3
286 A 18 0 -7 -1 -1 -5
286 A 18 0 7 -1 1 -5
286 A 18 0 9 -1 9 5
286 A 18 0 -5 -5 7 -7
286 A 18 0 5 -5 -7 -7
286 A 18 0 -7 -5 -7 5
286 A 18 0 -3 -7 3 -7
286 A 18 0 -5 -7 -5 7
286 A -7 1 -19 0 -120 -3
286 A -7 1 -22 0 -116 -3
286 A -7 1 -23 0 88 2
286 A -7 1 -22 -1 90 2
286 A -7 1 -25 -1 -136 -3
286 A -7 1 -26 -1 111 3
286 A -7 1 -27 -1 62 1
286 A -7 1 -32 -1 -125 -3
286 A -7 1 -37 -1 85 2
286 A -7 1 -46 -1 -137 -3
286 A -7 1 -57 -1 75 2
286 A -7 1 -61 -1 -112 -3
286 A -7 1 -64 -1 130 3
286 A -7 1 -62 -2 -105 -2
286 A -7 1 -74 -2 -104 -2
286 A -7 1 -87 -2 115 3
286 A -7 1 -102 -3 -107 -3
286 A -7 1 -110 -3 135 3
286 A 7 1 -19 0 -120 3
286 A 7 1 -22 0 -116 3
286 A 7 1 -23 0 88 -2
286 A 7 1 22 -1 -90 2
286 A 7 1 25 -1 136 -3
286 A 7 1 26 -1 -111 3
286 A 7 1 27 -1 -62 1
286 A 7 1 32 -1 125 -3
286 A 7 1 37 -1 -85 2
286 A 7 1 46 -1 137 -3
286 A 7 1 57 -1 -75 2
286 A 7 1 61 -1 112 -3
286 A 7 1 64 -1 -130 3
286 A 7 1 62 -2 105 -2
286 A 7 1 74 -2 104 -2
286 A 7 1 87 -2 -115 3
286 A 7 1 102 -3 107 -3
286 A 7 1 110 -3 -135 3
286 A -8 1 -19 0 105 3
286 A -8 1 -15 -1 113 3
286 A -8 1 -25 -1 -45 -1
286 A -8 1 -29 -1 99 3
286 A -8 1 -39 -1 -51 -2
286 A -8 1 -43 -1 127 3
286 A -8 1 -53 -1 -93 -2
286 A -8 1 -57 -2 -131 -4
286 A -8 1 -67 -2 81 2
286 A -8 1 -77 -2 -119 -3
286 A -8 1 -91 -2 -125 -4
286 A -8 1 -129 -3 135 4
286 A 8 1 -19 0 105 -3
286 A 8 1 15 -1 -113 3
286 A 8 1 25 -1 45 -1
286 A 8 1 29 -1 -99 3
286 A 8 1 39 -1 51 -2
286 A 8 1 43 -1 -127 3
286 A 8 1 53 -1 93 -2
286 A 8 1 57 -2 131 -4
286 A 8 1 67 -2 -81 2
286 A 8 1 77 -2 119 -3
286 A 8 1 91 -2 125 -4
286 A 8 1 129 -3 -135 4
286 A 19 0 -9 -1 -8 3
286 A 19 0 9 -1 8 3
286 A 19 0 0 -2 0 9
286 A 19 0 -1 -2 4 -8
286 A 19 0 1 -2 -4 -8
286 A 19 0 -3 -2 9 -6
286 A 19 0 3 -2 -9 -6
286 A 19 0 -4 -2 4 -2
286 A 19 0 -5 -2 -9 -4
286 A 19 0 5 -2 9 -4
286 A 19 0 -7 -2 3 -9
286 A 19 0 7 -2 -3 -9
286 A 19 0 -8 -2 -1 5
286 A 19 0 8 -2 1 5
286 A 19 0 -5 -3 -6 -4
286 A 19 0 5 -3 6 -4
286 A 19 0 -6 -3 9 5
286 A 19 0 6 -3 -9 5
286 A 19 0 -7 -3 7 -3
286 A 19 0 -2 -4 2 -4
286 A 19 0 -3 -4 -9 -7
286 A 19 0 3 -4 9 -7
286 A 19 0 -5 -4 8 5
286 A 19 0 5 -4 -8 5
286 A 19 0 -2 -5 4 9
286 A 19 0 2 -5 -4 9
286 A 19 0 -3 -5 4 6
286 A 19 0 3 -5 -4 6
286 A 19 0 -7 -5 6 -7
286 A 19 0 7 -5 -6 -7
286 A 19 0 -3 -6 -5 -9
286 A 19 0 3 -6 5 -9
286 A 19 0 0 -7 0 8
286 A 19 0 -3 -7 3 -7
286 A 19 0 -4 -7 -9 -8
286 A 19 0 4 -7 9 -8
286 A 19 0 -8 -7 -8 7
286 A 19 0 -3 -8 -1 9
286 A 19 0 3 -8 1 9
286 A 19 0 -7 -8 -7 8
286 A -9 1 -20 0 -46 -1
286 A -9 1 -12 -1 26 1
286 A -9 1 -13 -1 -41 -1
286 A -9 1 -23 -1 -136 -4
286 A -9 1 -30 -1 124 4
286 A -9 1 -39 -1 103 3
286 A -9 1 -52 -2 -137 -4
286 A -9 1 -69 -2 108 3
286 A -9 1 -79 -2 113 3
286 A -9 1 -85 -3 -118 -4
286 A -9 1 -87 -3 105 3
286 A -9 1 -102 -3 -129 -4
286 A 9 1 -20 0 -46 1
286 A 9 1 12 -1 -26 1
286 A 9 1 13 -1 41 -1
286 A 9 1 23 -1 136 -4
286 A 9 1 30 -1 -124 4
286 A 9 1 39 -1 -103 3
286 A 9 1 52 -2 137 -4
286 A 9 1 69 -2 -108 3
286 A 9 1 79 -2 -113 3
286 A 9 1 85 -3 118 -4
286 A 9 1 87 -3 -105 3
286 A 9 1 102 -3 129 -4
286 A -10 1 -11 -1 -107 -4
286 A -10 1 -13 -1 -111 -4
286 A -10 1 -15 -1 99 4
286 A -10 1 -17 -1 103 4
286 A -10 1 -19 -1 -133 -4
286 A -10 1 -21 -1 97 4
286 A -10 1 -23 -1 87 3
286 A -10 1 -27 -1 -53 -2
286 A -10 1 -31 -1 83 3
286 A -10 1 -37 -1 85 3
286 A -10 1 -47 -2 91 3
286 A -10 1 -63 -2 -73 -2
286 A -10 1 -71 -3 -77 -3
286 A -10 1 -105 -3 133 5
286 A -10 1 -127 -5 -131 -5
286 A 10 1 11 -1 107 -4
286 A 10 1 13 -1 111 -4
286 A 10 1 15 -1 -99 4
286 A 10 1 17 -1 -103 4
286 A 10 1 19 -1 133 -4
286 A 10 1 21 -1 -97 4
286 A 10 1 23 -1 -87 3
286 A 10 1 27 -1 53 -2
286 A 10 1 31 -1 -83 3
286 A 10 1 37 -1 -85 3
286 A 10 1 47 -2 -91 3
286 A 10 1 63 -2 73 -2
286 A 10 1 71 -3 77 -3
286 A 10 1 105 -3 -133 5
286 A 10 1 127 -5 131 -5
286 A 20 0 -7 -2 -1 6
286 A 20 0 7 -2 1 6
286 A -11 1 -12 -1 122 5
286 A -11 1 -24 -1 -60 -3
286 A -11 1 -28 -1 112 5
286 A -11 1 -42 -1 137 5
286 A -11 1 -42 -2 115 4
286 A -11 1 -49 -2 64 2
286 A -11 1 -64 -3 -138 -5
286 A -11 1 -86 -3 -116 -5
286 A -11 1 -91 -3 -95 -3
286 A -11 1 -96 -3 128 5
286 A -11 1 -124 -5 136 5
286 A 11 1 12 -1 -122 5
286 A 11 1 24 -1 60 -3
286 A 11 1 28 -1 -112 5
286 A 11 1 42 -1 -137 5
286 A 11 1 42 -2 -115 4
286 A 11 1 49 -2 -64 2
286 A 11 1 64 -3 138 -5
286 A 11 1 86 -3 116 -5
286 A 11 1 91 -3 95 -3
286 A 11 1 96 -3 -128 5
286 A 11 1 124 -5 -136 5
286 A -12 1 -17 -1 65 2
286 A -12 1 -25 -1 57 3
286 A -12 1 -55 -3 -129 -5
286 A -12 1 -83 -3 111 4
286 A -12 1 -79 -4 133 5
286 A -12 1 -137 -5 131 6
286 A 12 1 17 -1 -65 2
286 A 12 1 25 -1 -57 3
286 A 12 1 55 -3 129 -5
286 A 12 1 83 -3 -111 4
286 A 12 1 79 -4 -133 5
286 A 12 1 137 -5 -131 6
286 A 21 0 -4 -2 5 8
286 A 21 0 4 -2 -5 8
286 A 21 0 -8 -4 -8 4
286 A 21 0 0 -5 0 10
286 A 21 0 -1 -5 2 -10
286 A 21 0 1 -5 -2 -10
286 A 21 0 -1 -10 -1 10
286 A -13 1 -18 -1 -31 -1
286 A -13 1 -19 -1 76 4
286 A -13 1 -20 -1 -115 -6
286 A -13 1 -30 -1 75 4
286 A -13 1 -33 -1 -50 -3
286 A -13 1 -34 -1 135 6
286 A -13 1 -41 -2 98 5
286 A -13 1 -42 -2 61 2
286 A -13 1 -55 -2 126 5
286 A -13 1 -60 -2 -99 -5
286 A -13 1 -49 -3 134 6
286 A -13 1 -58 -3 -119 -6
286 A -13 1 -60 -3 -138 -6
286 A -13 1 -69 -3 -120 -6
286 A -13 1 -83 -3 86 4
286 A -13 1 -80 -4 -97 -5
286 A -13 1 -108 -5 127 5
286 A 13 1 18 -1 31 -1
286 A 13 1 19 -1 -76 4
286 A 13 1 20 -1 115 -6
286 A 13 1 30 -1 -75 4
286 A 13 1 33 -1 50 -3
286 A 13 1 34 -1 -135 6
286 A 13 1 41 -2 -98 5
286 A 13 1 42 -2 -61 2
286 A 13 1 55 -2 -126 5
286 A 13 1 60 -2 99 -5
286 A 13 1 49 -3 -134 6
286 A 13 1 58 -3 119 -6
286 A 13 1 60 -3 138 -6
286 A 13 1 69 -3 120 -6
286 A 13 1 83 -3 -86 4
286 A 13 1 80 -4 97 -5
286 A 13 1 108 -5 -127 5
286 A -14 1 -17 -1 -101 -5
286 A -14 1 -21 -1 -109 -5
286 A -14 1 -27 -1 -33 -1
286 A -14 1 -49 -3 -87 -4
286 A 14 1 17 -1 101 -5
286 A 14 1 21 -1 109 -5
286 A 14 1 27 -1 33 -1
286 A 14 1 49 -3 87 -4
286 A -15 1 -22 -1 131 6
286 A -15 1 -29 -1 91 4
286 A -15 1 -31 -2 -37 -2
286 A -15 1 -50 -3 81 5
286 A -15 1 -63 -3 104 6
286 A -15 1 -66 -3 139 7
286 A -15 1 -62 -4 117 7
286 A 15 1 22 -1 -131 6
286 A 15 1 29 -1 -91 4
286 A 15 1 31 -2 37 -2
286 A 15 1 50 -3 -81 5
286 A 15 1 63 -3 -104 6
286 A 15 1 66 -3 -139 7
286 A 15 1 62 -4 -117 7
286 A 23 0 -4 -2 5 9
286 A 23 0 4 -2 -5 9
286 A 23 0 -7 -2 -10 -7
286 A 23 0 7 -2 10 -7
286 A 23 0 -8 -2 -7 -4
286 A 23 0 8 -2 7 -4
286 A 23 0 -1 -3 -1 3
286 A 23 0 -6 -3 11 6
286 A 23 0 6 -3 -11 6
286 A 23 0 -7 -3 7 -3
286 A 23 0 -8 -4 -9 -7
286 A 23 0 8 -4 9 -7
286 A 23 0 -2 -6 11 -10
286 A 23 0 2 -6 -11 -10
286 A 23 0 -9 -6 8 10
286 A 23 0 9 -6 -8 10
286 A 23 0 -5 -7 -2 -11
286 A 23 0 5 -7 2 -11
286 A 23 0 -6 -10 6 -10
286 A -17 1 -22 -1 25 2
286 A -17 1 -26 -1 56 3
286 A -17 1 -22 -2 -69 -5
286 A -17 1 -42 -2 -89 -5
286 A -17 1 -67 -3 -132 -8
286 A -17 1 -81 -4 138 8
286 A -17 1 -86 -5 -133 -8
286 A -17 1 -119 -7 -137 -8
286 A 17 1 22 -1 -25 2
286 A 17 1 26 -1 -56 3
286 A 17 1 22 -2 69 -5
286 A 17 1 42 -2 89 -5
286 A 17 1 67 -3 132 -8
286 A 17 1 81 -4 -138 8
286 A 17 1 86 -5 133 -8
286 A 17 1 119 -7 137 -8
286 A 24 0 -11 -5 -11 5
286 A -18 1 -109 -6 127 7
286 A 18 1 109 -6 -127 7
286 A 25 0 -12 -2 -1 -4
286 A 25 0 12 -2 1 -4
286 A 25 0 -11 -6 8 7
286 A 25 0 11 -6 -8 7
286 A 25 0 -4 -9 -3 -12
286 A 25 0 4 -9 3 -12
286 A -19 1 -29 -1 -139 -9
286 A -19 1 -14 -2 55 3
286 A -19 1 -29 -2 -138 -9
286 A -19 1 -44 -4 -48 -4
286 A -19 1 -73 -5 -86 -5
286 A -19 1 -78 -6 113 7
286 A -19 1 -106 -7 -116 -8
286 A 19 1 29 -1 139 -9
286 A 19 1 14 -2 -55 3
286 A 19 1 29 -2 138 -9
286 A 19 1 44 -4 48 -4
286 A 19 1 73 -5 86 -5
286 A 19 1 78 -6 -113 7
286 A 19 1 106 -7 116 -8
286 A -21 1 -29 -1 -84 -5
286 A -21 1 -12 -2 -70 -5
286 A -21 1 -33 -2 -42 -4
286 A 21 1 29 -1 84 -5
286 A 21 1 12 -2 70 -5
286 A 21 1 33 -2 42 -4
286 A 27 0 -8 -2 -5 8
286 A 27 0 8 -2 5 8
286 A 27 0 -12 -2 12 7
286 A 27 0 12 -2 -12 7
286 A 27 0 -3 -4 -6 -10
286 A 27 0 3 -4 6 -10
286 A 27 0 -1 -7 -13 10
286 A 27 0 1 -7 13 10
286 A 27 0 -13 -7 5 -11
286 A 27 0 13 -7 -5 -11
286 A 27 0 -10 -8 -1 -10
286 A 27 0 10 -8 1 -10
286 A 27 0 -11 -8 1 -13
286 A 27 0 11 -8 -1 -13
286 A 27 0 0 -10 0 -13
286 A 27 0 -6 -11 6 -11
286 A -23 1 -33 -2 -58 -6
286 A -23 1 -49 -4 -105 -8
286 A -23 1 -73 -6 -102 -9
286 A -23 1 -76 -7 -107 -10
286 A -23 1 -81 -7 109 8
286 A 23 1 33 -2 58 -6
286 A 23 1 49 -4 105 -8
286 A 23 1 73 -6 102 -9
286 A 23 1 76 -7 107 -10
286 A 23 1 81 -7 -109 8
286 A 29 0 -12 -2 1 -5
286 A 29 0 12 -2 -1 -5
286 A 29 0 -5 -4 14 12
286 A 29 0 5 -4 -14 12
286 A 29 0 -9 -5 -2 14
286 A 29 0 9 -5 2 14
286 A 29 0 -13 -7 -8 11
286 A 29 0 13 -7 8 11
286 A -24 1 -29 -1 -93 -9
286 A -24 1 -65 -4 89 7
286 A 24 1 29 -1 93 -9
286 A 24 1 65 -4 -89 7
286 A 30 0 -5 -9 5 -9
286 A -25 1 -43 -3 -68 -5
286 A -25 1 -48 -3 -62 -7
286 A -25 1 -47 -4 -140 -12
286 A -25 1 -76 -8 139 12
286 A 25 1 43 -3 68 -5
286 A 25 1 48 -3 62 -7
286 A 25 1 47 -4 140 -12
286 A 25 1 76 -8 -139 12
286 A 31 0 -6 -3 1 15
286 A 31 0 6 -3 -1 15
286 A 31 0 -11 -6 11 -6
286 A 31 0 -1 -8 -2 -15
286 A 31 0 1 -8 2 -15
286 A -27 1 -23 -3 82 6
286 A -27 1 -54 -6 -133 -13
286 A -27 1 -57 -7 140 13
286 A 27 1 23 -3 -82 6
286 A 27 1 54 -6 133 -13
286 A 27 1 57 -7 -140 13
286 A 33 0 -12 -2 12 -2
286 A 33 0 -16 -8 -13 -10
286 A 33 0 16 -8 13 -10
286 A -29 1 -21 -2 40 6
286 A -29 1 -68 -5 99 11
286 A -29 1 -74 -9 139 14
286 A 29 1 21 -2 -40 6
286 A 29 1 68 -5 -99 11
286 A 29 1 74 -9 -139 14
286 A 0 2 -35 1 237 1
286 A 0 2 -107 1 -147 1
286 A -2 2 -39 -1 121 1
286 A -2 2 -123 -1 205 1
286 A 2 2 39 -1 -121 1
286 A 2 2 123 -1 -205 1
286 A -4 2 -57 0 169 2
286 A -4 2 -109 0 145 2
286 A 4 2 -57 0 169 -2
286 A 4 2 -109 0 145 -2
286 A -6 2 -55 -1 -175 -1
286 A 6 2 55 -1 175 -1
286 A -31 1 -35 -3 -54 -8
286 A 31 1 35 -3 54 -8
286 A -12 2 -41 0 -243 -4
286 A -12 2 -45 0 205 4
286 A -12 2 -47 0 -125 -2
286 A 12 2 -41 0 -243 4
286 A 12 2 -45 0 205 -4
286 A 12 2 -47 0 -125 2
286 A -14 2 -61 -1 167 5
286 A 14 2 61 -1 -167 5
286 A 37 0 -7 -11 18 14
286 A 37 0 7 -11 -18 14
286 A 37 0 -8 -11 8 -11
286 A -33 1 -79 -10 -115 -12
286 A 33 1 79 -10 115 -12
286 A -16 2 -35 -2 119 4
286 A 16 2 35 -2 -119 4
286 A 39 0 -19 -10 11 -14
286 A 39 0 19 -10 -11 -14
286 A 43 0 -21 -11 -11 16
286 A 43 0 21 -11 11 16
286 A 43 0 -10 -16 10 -16
286 A -41 1 -93 -10 -128 -15
286 A 41 1 93 -10 128 -15
286 A 45 0 -1 -11 -22 17
286 A 45 0 1 -11 22 17
286 A 47 0 -23 -3 23 -3
286 A 47 0 -20 -10 20 -10
286 A 47 0 -23 -12 -1 23
286 A 47 0 23 -12 1 23
286 A -45 1 -71 -11 -141 -22
286 A 45 1 71 -11 141 -22
286 A 49 0 -1 -24 -1 24
286 A 53 0 -23 -19 23 -19
286 A 73 0 -12 -6 12 -6
286 A 79 0 -26 -33 26 -33
286 A 89 0 -44 -37 44 -37
286 A 101 0 -40 -10 40 -10
286 A 113 0 -28 -14 28 -14
286 A 119 0 -59 -15 59 -15
286 A 127 0 -42 -21 42 -21
286 A 137 0 -68 -34 68 -34
286 S 2 1 5 0
286 S -1 2 5 0
286 S -2 1 5 0
286 S 1 2 5 0
286 S 1 1 7 0
286 S 2 2 7 0
286 S 3 3 7 0
286 S -1 1 7 0
286 S -2 2 7 0
286 S -3 3 7 0
286 S 2 1 10 0
286 S -4 3 10 0
286 S -2 1 10 0
286 S 4 3 10 0
286 S 0 1 11 0
286 S 0 2 11 0
286 S 0 3 11 0
286 S 0 4 11 0
286 S 0 5 11 0
286 S 0 1 13 0
286 S 0 2 13 0
286 S 0 3 13 0
286 S 0 4 13 0
286 S 0 5 13 0
286 S 0 6 13 0
286 S -6 1 14 0
286 S -4 3 14 0
286 S -2 5 14 0
286 S 6 1 14 0
286 S 4 3 14 0
286 S 2 5 14 0
286 T 1663 135 2132 -1 0
286 T 2134 139 2084 0 0
286 T 2086 129 1661 0 0
286 T 129 137 135 0 0
286 T 526 325 1804 1 0
286 T 1806 331 1733 0 0
286 T 1735 323 524 0 0
286 T 323 329 325 0 0
286 T 187 174 178 0 0
286 T 176 900 1840 0 0
286 T 1842 2176 185 0 0
286 T 2176 902 174 0 0
286 T 182 2130 1888 0 0
286 T 178 173 180 0 0
286 T 1890 907 176 0 0
286 T 173 905 2130 0 0
286 T 384 388 381 0 0
286 T 383 1698 1516 0 0
286 T 1518 346 386 0 0
286 T 346 1696 388 0 0
286 T 386 346 1473 0 0
286 T 378 395 384 0 0
286 T 1475 1768 376 0 0
286 T 395 1770 346 0 0
286 T 17 393 1765 0 0
286 T 1767 463 1693 0 0
286 T 1695 391 16 0 0
286 T 391 461 393 0 0
286 T 995 122 1368 0 0
286 T 1194 781 993 0 0
286 T 1370 628 1192 0 0
286 T 781 630 122 0 0
286 T 990 838 1133 0 0
286 T 1135 627 1428 0 0
286 T 1430 117 988 0 0
286 T 117 625 838 0 0
286 T 739 795 848 -1 0
286 T 551 584 541 0 0
286 T 543 1599 1512 0 0
286 T 1514 310 549 0 0
286 T 310 1597 584 0 0
286 T 546 313 1469 0 0
286 T 538 591 544 0 0
286 T 1471 1649 536 0 0
286 T 591 1651 313 0 0
286 T 1003 1093 993 0 0
286 T 1194 5 1001 0 0
286 T 5 781 1093 0 0
286 T 998 5 1133 0 0
286 T 990 1090 996 0 0
286 T 1090 838 5 0 0
286 T 418 1591 1528 0 0
286 T 410 474 416 0 0
286 T 1530 312 408 0 0
286 T 474 314 1591 0 0
286 T 414 310 1485 0 0
286 T 422 476 412 0 0
286 T 1487 1640 420 0 0
286 T 476 1642 310 0 0
286 T 73 117 121 0 0
286 T 794 1082 660 0 0
286 T 662 1084 736 0 0
286 T 175 653 2100 0 0
286 T 2102 1786 178 0 0
286 T 1786 655 180 0 0
286 T 178 1712 2148 0 0
286 T 2150 653 172 0 0
286 T 187 655 1712 0 0
286 T 267 286 257 0 0
286 T 259 636 1696 0 0
286 T 1698 2172 265 0 0
286 T 2172 638 286 0 0
286 T 262 2126 1768 0 0
286 T 254 281 260 0 0
286 T 1770 635 252 0 0
286 T 281 633 2126 0 0
286 T 923 1275 804 0 0
286 T 915 1025 921 0 0
286 T 806 115 913 0 0
286 T 1025 113 1275 0 0
286 T 918 1030 908 0 0
286 T 910 115 749 0 0
286 T 751 1329 916 0 0
286 T 1329 113 1030 0 0
286 T 251 315 241 0 0
286 T 243 589 2096 0 0
286 T 2098 1651 249 0 0
286 T 246 1597 2144 0 0
286 T 238 308 244 0 0
286 T 2146 586 236 0 0
286 T 383 2172 509 0 0
286 T 511 267 1516 0 0
286 T 506 2126 376 0 0
286 T 1475 260 504 0 0
286 T 1067 838 1441 0 0
286 T 1059 1088 1065 0 0
286 T 1443 7 1057 0 0
286 T 1062 1095 1052 0 0
286 T 1054 7 1381 0 0
286 T 1383 781 1060 0 0
286 T 2102 142 2273 0 0
286 T 2275 918 178 0 0
286 T 918 140 1784 0 0
286 T 178 921 2213 0 0
286 T 2215 141 2148 0 0
286 T 1714 143 921 0 0
286 T 307 321 313 0 0
286 T 1590 1823 305 0 0
286 T 321 1821 475 0 0
286 T 310 326 300 0 0
286 T 302 1749 1640 0 0
286 T 476 1751 326 0 0
286 T 1943 146 2273 0 0
286 T 2102 155 1941 0 0
286 T 155 142 146 0 0
286 T 1938 155 2148 0 0
286 T 2215 149 1936 0 0
286 T 149 141 155 0 0
286 T 327 486 1453 0 0
286 T 1455 480 1748 0 0
286 T 477 482 486 0 0
286 T 1395 489 320 0 0
286 T 1822 480 1393 0 0
286 T 489 482 474 0 0
286 T 295 300 285 0 0
286 T 287 2163 1009 0 0
286 T 1011 1860 293 0 0
286 T 1860 2161 300 0 0
286 T 290 1910 1004 0 0
286 T 282 307 288 0 0
286 T 1006 2113 280 0 0
286 T 307 2115 1910 0 0
286 T 156 564 804 0 0
286 T 923 1790 158 0 0
286 T 1790 1275 564 0 0
286 T 158 1716 916 0 0
286 T 751 571 156 0 0
286 T 571 1329 1716 0 0
286 T 859 855 851 -1 0
286 T 5 6 2 -1 0
286 T 2051 2235 7 0 0
286 T 2235 1 2292 -1 0
286 T 2294 2047 6 0 0
286 T 123 1063 1629 0 0
286 T 1631 1380 629 0 0
286 T 626 1442 1577 0 0
286 T 1579 1064 116 0 0
286 T 870 8 1461 0 0
286 T 862 1012 868 0 0
286 T 1463 715 860 0 0
286 T 1012 713 8 0 0
286 T 866 713 1505 0 0
286 T 874 1014 864 0 0
286 T 1507 9 872 0 0
286 T 907 1019 913 0 0
286 T 806 1544 905 0 0
286 T 1019 1546 113 0 0
286 T 910 1020 900 0 0
286 T 902 1502 749 0 0
286 T 113 1500 1020 0 0
286 T 447 443 439 -1 0
286 T 437 1492 1537 0 0
286 T 1539 14 445 0 0
286 T 14 1494 443 1 0
286 T 591 490 2165 0 0
286 T 1586 473 589 0 0
286 T 2167 483 1584 0 0
286 T 586 478 1636 0 0
286 T 1638 483 2117 0 0
286 T 2119 485 584 0 0
286 T 124 976 816 0 0
286 T 818 985 1488 0 0
286 T 1490 970 126 0 0
286 T 970 987 976 0 0
286 T 126 973 1532 0 0
286 T 763 976 124 0 0
286 T 1534 982 761 0 0
286 T 976 980 973 0 0
286 T 1039 1055 1029 0 0
286 T 1031 145 1268 0 0
286 T 1270 1446 1037 0 0
286 T 1446 147 1055 0 0
286 T 1034 1384 1324 0 0
286 T 1026 1056 1032 0 0
286 T 1326 150 1024 0 0
286 T 1056 148 1384 0 0
286 T 160 1245 945 0 0
286 T 947 1186 1480 0 0
286 T 1482 574 162 0 0
286 T 574 1184 1245 0 0
286 T 162 574 1524 0 0
286 T 942 1302 160 0 0
286 T 1526 1125 940 0 0
286 T 1302 1127 574 0 0
286 T 955 135 1480 0 0
286 T 947 1078 953 0 0
286 T 1078 1186 135 0 0
286 T 950 1073 940 0 0
286 T 1526 128 948 0 0
286 T 128 1125 1073 0 0
286 T 259 984 1700 0 0
286 T 251 278 257 0 0
286 T 1702 2299 249 0 0
286 T 278 2297 984 0 0
286 T 254 273 244 0 0
286 T 246 2237 1772 0 0
286 T 1774 983 252 0 0
286 T 983 2239 273 0 0
286 T 1011 1021 1001 0 0
286 T 1194 1543 1009 0 0
286 T 1543 5 1021 0 0
286 T 1006 1497 1133 0 0
286 T 998 1018 1004 0 0
286 T 1018 5 1497 0 0
286 T 251 411 1836 0 0
286 T 1838 1529 241 0 0
286 T 238 1487 1884 0 0
286 T 1886 412 244 0 0
286 T 1294 499 249 0 0
286 T 1702 593 1292 0 0
286 T 499 595 2297 0 0
286 T 246 499 1237 0 0
286 T 1239 593 1772 0 0
286 T 2239 595 499 0 0
286 T 1663 238 2137 0 0
286 T 2139 232 2088 0 0
286 T 2090 240 1661 0 0
286 T 240 234 238 0 0
286 T 1514 326 2188 0 0
286 T 2190 302 549 0 0
286 T 546 305 2248 0 0
286 T 2250 321 1469 0 0
286 T 1294 403 1836 0 0
286 T 409 401 497 0 0
286 T 1886 404 1237 0 0
286 T 497 406 414 0 0
286 T 415 594 1488 0 0
286 T 1490 2298 405 0 0
286 T 402 2236 1532 0 0
286 T 1534 594 408 0 0
286 T 343 1270 373 0 0
286 T 383 2168 341 0 0
286 T 375 453 381 0 0
286 T 2168 455 1270 0 0
286 T 338 2122 376 0 0
286 T 378 450 368 0 0
286 T 370 1324 336 0 0
286 T 1324 448 2122 0 0
286 T 957 949 953 0 0
286 T 955 1539 201 0 0
286 T 199 1492 949 0 0
286 T 551 2117 1404 0 0
286 T 1406 485 541 0 0
286 T 538 490 1345 0 0
286 T 1347 2167 544 0 0
286 T 343 1281 249 0 0
286 T 2098 1098 341 0 0
286 T 1281 1096 1649 0 0
286 T 246 1339 336 0 0
286 T 338 1101 2144 0 0
286 T 1599 1103 1339 0 0
286 T 187 1165 929 0 0
286 T 931 734 1712 0 0
286 T 653 732 1165 0 0
286 T 926 1227 180 0 0
286 T 1786 733 924 0 0
286 T 1227 735 653 0 0
286 T 931 1051 921 0 0
286 T 732 143 1051 0 0
286 T 918 1048 924 0 0
286 T 195 1283 945 0 0
286 T 947 1096 937 0 0
286 T 939 1651 193 0 0
286 T 190 1597 932 0 0
286 T 942 1337 188 0 0
286 T 934 1103 940 0 0
286 T 124 980 1793 0 0
286 T 1795 975 816 0 0
286 T 763 968 1721 0 0
286 T 1723 987 124 0 0
286 T 112 2288 1860 0 0
286 T 2163 2038 114 0 0
286 T 2038 302 2288 0 0
286 T 114 2041 2113 0 0
286 T 1910 2230 112 0 0
286 T 2230 305 2041 0 0
286 T 231 1631 2208 0 0
286 T 2210 121 2361 0 0
286 T 2363 1063 229 0 0
286 T 226 1064 2317 0 0
286 T 2270 1577 224 0 0
286 T 2319 118 2268 0 0
286 T 511 1503 549 0 0
286 T 559 2152 509 0 0
286 T 551 570 557 0 0
286 T 2152 568 1503 0 0
286 T 506 2106 552 0 0
286 T 554 565 544 0 0
286 T 546 1545 504 0 0
286 T 1545 567 2106 0 0
286 T 156 2105 905 0 0
286 T 902 2155 156 0 0
286 T 1011 445 1901 0 0
286 T 1903 1854 75 -1 0
286 T 1854 443 1005 0 0
286 T 818 277 405 0 0
286 T 402 274 761 0 0
286 T 217 1809 524 0 0
286 T 218 215 219 0 0
286 T 526 1738 216 0 0
286 T 215 1736 1809 0 0
286 T 1319 1334 1313 0 0
286 T 1315 1745 1136 0 0
286 T 1745 1332 9 0 0
286 T 1199 1819 1257 0 0
286 T 1259 1276 1261 0 0
286 T 9 1278 1819 0 0
286 T 343 1446 2200 0 0
286 T 2202 1039 373 0 0
286 T 370 1032 2260 0 0
286 T 2262 1384 336 0 0
286 T 367 1808 2200 0 0
286 T 1178 218 365 0 0
286 T 2202 527 1176 1 0
286 T 362 218 1117 0 0
286 T 1119 524 2260 -1 0
286 T 2262 1738 360 0 0
286 T 187 223 193 0 0
286 T 939 2351 185 0 0
286 T 223 2349 1649 0 0
286 T 190 223 180 0 0
286 T 182 2393 932 0 0
286 T 1599 2395 223 0 0
286 T 367 456 373 0 0
286 T 456 1808 1037 0 0
286 T 370 456 360 0 0
286 T 1034 1738 456 0 0
286 T 176 908 800 0 0
286 T 802 1020 1840 0 0
286 T 747 915 176 0 0
286 T 1890 1019 745 0 0
286 T 1659 141 1756 0 0
286 T 1758 153 2308 0 0
286 T 2310 151 1657 0 0
286 T 147 2355 1655 0 0
286 T 1653 1684 141 0 0
286 T 1684 2353 154 0 0
286 T 1394 84 1453 0 0
286 T 967 1080 973 0 0
286 T 971 1086 961 0 0
286 T 1406 1346 503 1 0
286 T 492 491 487 0 0
286 T 455 2341 1541 0 0
286 T 447 466 453 0 0
286 T 1543 648 445 0 0
286 T 466 650 2341 0 0
286 T 450 466 440 0 0
286 T 442 648 1497 0 0
286 T 1499 2387 448 0 0
286 T 2387 650 466 0 0
286 T 543 2395 613 0 0
286 T 615 221 1512 0 0
286 T 610 2349 536 0 0
286 T 1471 221 608 0 0
286 T 259 992 1412 0 0
286 T 1414 1096 1700 0 0
286 T 986 1098 992 0 0
286 T 1355 991 252 0 0
286 T 1774 1103 1353 0 0
286 T 991 1101 981 0 0
286 T 2190 811 557 0 0
286 T 811 302 568 0 0
286 T 554 752 2248 0 0
286 T 567 305 752 0 0
286 T 1039 1814 114 0 0
286 T 1814 1055 1328 0 0
286 T 114 1740 1032 0 0
286 T 1274 1056 1740 0 0
286 T 867 1860 1284 0 0
286 T 859 1009 865 0 0
286 T 1286 295 857 0 0
286 T 862 1006 852 0 0
286 T 854 288 1229 0 0
286 T 1231 1910 860 0 0
286 T 1194 648 1901 0 0
286 T 1855 648 1133 0 0
286 T 174 706 896 0 0
286 T 898 961 900 0 0
286 T 2176 963 706 0 0
286 T 906 967 896 0 0
286 T 704 965 2131 0 0
286 T 231 454 800 0 0
286 T 1943 2171 229 0 0
286 T 802 1269 1941 0 0
286 T 226 2121 1936 0 0
286 T 1938 1327 745 0 0
286 T 747 449 224 0 0
286 T 894 231 2089 0 0
286 T 890 1071 892 0 0
286 T 2138 225 888 0 0
286 T 887 870 878 0 0
286 T 876 1465 1756 0 0
286 T 1758 349 885 0 0
286 T 349 1467 870 0 0
286 T 882 349 1685 0 0
286 T 878 873 880 0 0
286 T 1687 1510 876 0 0
286 T 873 1508 349 0 0
286 T 415 1826 2324 0 0
286 T 1987 1856 413 0 0
286 T 2326 123 1985 0 0
286 T 1856 121 1826 0 0
286 T 410 1906 1980 0 0
286 T 1982 116 2368 0 0
286 T 2370 1752 408 0 0
286 T 1752 118 1906 0 0
286 T 1146 1753 589 0 0
286 T 1586 1681 1144 0 0
286 T 1753 1683 475 0 0
286 T 586 1827 1204 0 0
286 T 1206 1681 1636 0 0
286 T 476 1683 1827 0 0
286 T 287 1154 1001 0 0
286 T 2161 1021 1154 0 0
286 T 998 1212 280 0 0
286 T 1212 1018 2115 0 0
286 T 895 131 2092 0 0
286 T 887 1074 893 0 0
286 T 2094 1124 885 0 0
286 T 890 1077 880 0 0
286 T 882 1187 2140 0 0
286 T 2142 132 888 0 0
286 T 607 1645 1400 0 0
286 T 1290 193 605 0 0
286 T 1402 1971 1288 0 0
286 T 193 1969 1645 0 0
286 T 602 190 1233 0 0
286 T 1235 1964 1341 0 0
286 T 1343 1595 600 0 0
286 T 1595 1966 190 0 0
286 T 1503 1152 2036 0 0
286 T 2043 1214 1545 0 0
286 T 2370 1682 416 0 0
286 T 422 1683 2325 0 0
286 T 1034 1038 1040 1 0
286 T 279 275 271 -1 0
286 T 975 2419 277 0 0
286 T 2419 1 2440 -1 0
286 T 2442 971 275 0 0
286 T 187 1807 1961 0 0
286 T 1963 2404 193 0 0
286 T 2404 1805 221 0 0
286 T 190 2430 1956 0 0
286 T 1958 1733 180 0 0
286 T 221 1735 2430 0 0
286 T 747 1025 2213 0 0
286 T 2274 1031 801 0 0
286 T 1946 1498 745 0 0
286 T 1890 4 1944 0 0
286 T 1950 5 1841 0 0
286 T 803 1541 1948 0 0
286 T 231 2340 1949 0 0
286 T 1946 2386 224 0 0
286 T 876 608 2308 0 0
286 T 1467 153 608 0 0
286 T 2354 615 876 0 0
286 T 615 153 1508 0 0
286 T 168 480 844 0 0
286 T 2068 1820 170 0 0
286 T 846 1395 2070 0 0
286 T 170 1750 2068 0 0
286 T 2070 1453 789 0 0
286 T 791 480 168 0 0
286 T 2043 788 1584 0 0
286 T 2167 171 2041 0 0
286 T 2038 171 2117 0 0
286 T 1638 847 2036 0 0
286 T 199 77 201 0 0
286 T 203 514 1476 0 0
286 T 1523 515 197 0 0
286 T 1478 2000 1521 0 0
286 T 1931 424 2132 0 0
286 T 2134 421 2180 0 0
286 T 2182 430 1929 0 0
286 T 430 423 424 0 0
286 T 1926 433 2240 0 0
286 T 2087 424 1924 0 0
286 T 2242 418 2085 0 0
286 T 424 416 433 0 0
286 T 203 1372 1977 0 0
286 T 1979 711 1476 0 0
286 T 512 709 1372 0 0
286 T 1974 1434 196 0 0
286 T 1522 708 1972 0 0
286 T 1434 710 512 0 0
286 T 1951 2344 185 0 0
286 T 2344 4 2178 0 0
286 T 182 2390 1944 0 0
286 T 2128 4 2390 0 0
286 T 2030 1382 1328 0 0
286 T 1814 6 2028 0 0
286 T 2034 7 1741 0 0
286 T 1275 1441 2032 0 0
286 T 551 2036 2192 0 0
286 T 2194 171 1404 0 0
286 T 1347 171 2252 0 0
286 T 2254 2043 544 0 0
286 T 1795 2419 405 0 0
286 T 402 2441 1721 0 0
286 T 1987 1264 1488 0 0
286 T 592 1266 1858 0 0
286 T 1534 1322 1980 0 0
286 T 1904 1320 592 0 0
286 T 1590 169 2433 0 0
286 T 2435 2071 305 0 0
286 T 302 2071 2409 0 0
286 T 2411 169 1640 0 0
286 T 616 1689 885 0 0
286 T 2094 554 618 0 0
286 T 554 1124 1689 0 0
286 T 618 557 2140 0 0
286 T 882 1762 616 0 0
286 T 1762 1187 557 0 0
286 T 151 2083 2381 0 0
286 T 2383 787 1057 0 0
286 T 1385 785 2083 0 0
286 T 1054 840 2337 0 0
286 T 2339 2083 144 0 0
286 T 2083 842 1447 0 0
286 T 2363 2318 235 -1 0
286 T 1071 1065 1061 0 0
286 T 2383 353 1065 0 0
286 T 353 787 1090 0 0
286 T 1062 353 2337 0 0
286 T 1093 840 353 0 0
286 T 1694 1332 1881 0 0
286 T 1690 1747 1692 0 0
286 T 1883 8 1688 0 0
286 T 1298 1905 1700 0 0
286 T 1706 119 1296 0 0
286 T 1702 1755 1704 0 0
286 T 1766 1816 1760 0 0
286 T 1762 9 1832 0 0
286 T 1834 1279 1764 0 0
286 T 1243 120 1776 0 0
286 T 1774 1859 1241 0 0
286 T 1778 1825 1772 0 0
286 T 1987 2374 126 0 0
286 T 2374 1264 968 0 0
286 T 126 2328 1980 0 0
286 T 975 1322 2328 0 0
286 T 135 1149 421 0 0
286 T 1486 1673 133 0 0
286 T 1673 1641 1149 0 0
286 T 130 1673 1528 0 0
286 T 418 1211 128 0 0
286 T 1211 1591 1673 0 0
286 T 615 1225 1400 0 0
286 T 1402 2078 1508 0 0
286 T 155 2076 1225 0 0
286 T 1343 1167 608 0 0
286 T 1467 2073 1341 0 0
286 T 1167 2075 155 0 0
286 T 195 211 201 0 0
286 T 955 2413 193 0 0
286 T 211 2415 1537 0 0
286 T 198 204 188 0 0
286 T 190 2439 948 0 0
286 T 1495 2437 204 0 0
286 T 367 1044 1172 0 0
286 T 1174 1114 503 -1 0
286 T 1042 1047 1044 0 0
286 T 1114 1045 361 0 0
286 T 939 1105 929 0 0
286 T 1167 1107 2349 0 0
286 T 926 1105 932 0 0
286 T 2395 1107 1225 0 0
286 T 1878 1251 1929 0 0
286 T 2182 166 1876 0 0
286 T 1251 164 428 0 0
286 T 1926 1304 1829 0 0
286 T 1831 166 2240 0 0
286 T 435 164 1304 0 0
286 T 397 401 405 0 0
286 T 2391 328 2344 0 0
286 T 1170 2404 605 0 0
286 T 1290 1961 1168 0 0
286 T 602 2430 1109 0 0
286 T 1111 1958 1233 0 0
286 T 435 468 429 0 0
286 T 1250 2057 1304 0 0
286 T 1298 1321 1292 0 0
286 T 1315 1718 1895 0 0
286 T 1311 1329 1313 0 0
286 T 1893 569 1309 0 0
286 T 1239 1267 1241 0 0
286 T 1255 566 1847 0 0
286 T 1259 1275 1253 0 0
286 T 1845 1788 1257 0 0
286 T 543 1107 1400 0 0
286 T 1343 1107 536 0 0
286 T 967 518 2328 0 0
286 T 1320 516 1082 0 0
286 T 2374 521 960 0 0
286 T 1085 523 1266 0 0
286 T 511 1152 2192 0 0
286 T 2254 1214 504 0 0
286 T 332 2356 365 0 0
286 T 1178 2403 334 0 0
286 T 2403 218 2356 0 0
286 T 334 2425 1117 0 0
286 T 362 2314 332 0 0
286 T 2314 218 2425 0 0
286 T 357 361 365 0 0
286 T 2358 2315 232 -1 0
286 T 1663 1149 2180 -1 0
286 T 2242 1211 1660 0 0
286 T 987 2111 1368 0 0
286 T 120 2109 1097 0 0
286 T 1430 2157 980 0 0
286 T 1102 2159 119 0 0
286 T 259 2572 1552 0 0
286 T 1554 354 1412 0 0
286 T 994 352 2572 0 0
286 T 1355 354 1604 0 0
286 T 1606 2506 252 0 0
286 T 2506 352 989 0 0
286 T 211 1919 445 0 0
286 T 2413 14 1919 0 0
286 T 442 1869 204 0 0
286 T 1869 14 2439 -1 0
286 T 267 2065 1552 0 0
286 T 284 2572 2065 0 0
286 T 1606 2062 260 0 0
286 T 2062 2506 283 0 0
286 T 160 2321 937 0 0
286 T 1247 1096 2321 0 0
286 T 934 2367 160 0 0
286 T 2367 1103 1300 0 0
286 T 124 2280 1572 0 0
286 T 1574 2049 1793 0 0
286 T 982 2051 2280 0 0
286 T 1626 2222 124 0 0
286 T 1723 2046 1624 0 0
286 T 2222 2044 985 0 0
286 T 123 1587 2017 0 0
286 T 2019 2229 820 0 0
286 T 822 1668 121 0 0
286 T 1668 2231 1587 0 0
286 T 118 1667 765 0 0
286 T 2014 1637 116 0 0
286 T 767 2291 2012 0 0
286 T 1637 2289 1667 0 0
286 T 1242 28 1781 0 0
286 T 1783 1800 1777 0 0
286 T 1707 1730 1709 0 0
286 T 1711 26 1297 0 0
286 T 790 1671 307 0 0
286 T 300 1664 845 0 0
286 T 1971 2522 201 0 0
286 T 2522 1647 209 0 0
286 T 198 2588 1964 0 0
286 T 206 1593 2588 0 0
286 T 175 732 1933 0 0
286 T 1935 1167 2100 0 0
286 T 2150 1225 1932 0 0
286 T 211 779 453 0 0
286 T 1917 466 779 0 0
286 T 450 832 204 0 0
286 T 832 466 1871 0 0
286 T 1686 2054 1828 0 0
286 T 1830 722 1653 0 0
286 T 722 2052 141 0 0
286 T 722 1878 1659 0 0
286 T 1756 1876 2054 0 0
286 T 527 1448 2404 -1 0
286 T 326 223 1448 0 0
286 T 2430 1390 524 0 0
286 T 1390 223 321 0 0
286 T 1281 1078 2415 0 0
286 T 2437 1073 1339 0 0
286 T 615 1450 2188 0 0
286 T 2250 1388 608 0 0
286 T 1003 840 2573 0 0
286 T 2507 787 996 0 0
286 T 1152 840 2064 0 0
286 T 2063 787 1214 0 0
286 T 2435 1452 1669 0 0
286 T 1666 1394 2409 0 0
286 T 607 146 1284 0 0
286 T 867 2593 605 0 0
286 T 2593 1860 146 0 0
286 T 602 2527 860 0 0
286 T 1231 149 600 0 0
286 T 149 1910 2527 0 0
286 T 295 1310 642 0 0
286 T 640 2509 285 0 0
286 T 302 2511 1310 0 0
286 T 282 2579 640 0 0
286 T 642 1252 288 0 0
286 T 1252 2577 305 0 0
286 T 1953 1957 1961 0 0
286 T 1935 2075 1941 0 0
286 T 1938 2076 1932 0 0
286 T 2035 2048 2025 0 0
286 T 2027 2234 1740 0 0
286 T 2022 2047 2028 0 0
286 T 1814 2292 2020 0 0
286 T 79 1605 1552 -1 0
286 T 2067 2063 2059 -1 0
286 T 1298 1110 2543 0 0
286 T 2541 529 1292 0 0
286 T 1323 531 1110 0 0
286 T 1239 534 2475 0 0
286 T 2473 1169 1241 0 0
286 T 1265 1171 534 0 0
286 T 535 1087 2608 0 0
286 T 2610 523 1168 0 0
286 T 1111 516 2624 0 0
286 T 2626 1080 528 0 0
286 T 1039 2292 2332 0 0
286 T 2334 2022 114 0 0
286 T 114 2025 2376 0 0
286 T 2378 2234 1032 0 0
286 T 1838 129 2553 0 0
286 T 2555 1672 241 0 0
286 T 238 1672 2485 0 0
286 T 2487 134 1884 0 0
286 T 1799 1865 121 0 0
286 T 2110 2022 1797 0 0
286 T 1865 2020 1096 0 0
286 T 118 1915 1725 0 0
286 T 1727 2025 2156 0 0
286 T 1103 2027 1915 0 0
286 T 123 1455 2009 0 0
286 T 2011 2007 2003 -1 0
286 T 1394 119 2007 0 0
286 T 583 1913 1300 0 0
286 T 2367 2027 581 0 0
286 T 578 2020 2321 0 0
286 T 1247 1867 576 0 0
286 T 1971 939 1556 0 0
286 T 1418 2321 1969 0 0
286 T 1558 162 1416 0 0
286 T 1966 2367 1357 0 0
286 T 1359 162 1608 0 0
286 T 1610 932 1964 0 0
286 T 822 2432 2009 0 0
286 T 2006 2410 765 0 0
286 T 1951 1947 1955 1 0
286 T 1995 2019 1985 0 0
286 T 2326 1587 1993 0 0
286 T 1990 1637 2368 0 0
286 T 1982 2012 1988 0 0
286 T 423 1147 1993 0 0
286 T 1990 1205 416 0 0
286 T 699 646 1624 0 0
286 T 1575 647 697 0 0
286 T 596 2624 660 0 0
286 T 794 530 598 0 0
286 T 598 533 737 0 0
286 T 663 2610 596 0 0
286 T 267 319 261 0 0
286 T 2222 638 1368 0 0
286 T 2109 636 2046 0 0
286 T 1430 633 2280 0 0
286 T 2049 635 2159 0 0
286 T 1931 1996 1925 0 0
286 T 39 1240 1780 0 0
286 T 41 1708 1297 0 0
286 T 1783 12 2488 0 0
286 T 2490 1260 1777 0 0
286 T 1707 1318 2556 0 0
286 T 2558 12 1709 -1 0
286 T 616 1880 2184 0 0
286 T 2186 9 885 0 0
286 T 882 9 2244 0 0
286 T 2246 1834 616 0 0
286 T 1886 799 2475 0 0
286 T 532 797 406 0 0
286 T 2540 741 1837 0 0
286 T 400 743 530 0 0
286 T 679 622 2268 0 0
286 T 2211 623 677 0 0
286 T 543 2563 1288 0 0
286 T 1105 1971 2563 0 0
286 T 1235 2493 536 0 0
286 T 2493 1964 1105 0 0
286 T 1971 2022 1977 0 0
286 T 1374 2020 2520 0 0
286 T 1974 2025 1964 0 0
286 T 2590 2027 1432 0 0
286 T 1506 2246 878 0 0
286 T 878 2184 1461 0 0
286 T 2067 2606 166 0 0
286 T 2606 2539 468 -1 0
286 T 2061 165 2539 0 0
286 T 81 529 533 0 0
286 T 958 956 958 1 0
286 T 1418 576 1977 0 0
286 T 1974 583 1357 0 0
286 T 2579 754 1846 0 0
286 T 1892 809 2509 0 0
286 T 291 298 293 0 0
286 T 1873 656 1594 0 0
286 T 2589 768 1875 0 0
286 T 656 770 207 0 0
286 T 1644 656 1923 0 0
286 T 1921 827 2523 0 0
286 T 208 825 656 0 0
286 T 639 2030 1797 0 0
286 T 1727 2033 632 0 0
286 T 2563 931 1556 0 0
286 T 1610 924 2493 0 0
286 T 931 563 2648 0 0
286 T 2650 688 921 0 0
286 T 1049 690 563 0 0
286 T 918 691 2676 0 0
286 T 2678 560 924 0 0
286 T 1418 1358 79 -1 0
286 T 82 582 578 0 0
286 T 1727 1272 2636 0 0
286 T 2638 1440 632 0 0
286 T 638 1383 2621 0 0
286 T 2623 1331 1796 0 0
286 T 343 1078 2673 0 0
286 T 2675 2413 249 0 0
286 T 246 2439 2645 0 0
286 T 2647 1073 336 0 0
286 T 2557 2305 1313 0 0
286 T 1332 2307 1706 0 0
286 T 1259 2302 2491 0 0
286 T 1278 1778 2302 0 0
286 T 2403 521 673 0 0
286 T 675 519 2424 0 0
286 T 1997 1989 1993 0 0
286 T 1145 1204 1679 1 0
286 T 671 2206 332 0 0
286 T 333 2265 669 0 0
286 T 2206 2599 241 0 0
286 T 2530 2267 239 0 0
286 T 2599 460 2528 0 0
286 T 2090 2448 2180 0 0
286 T 1151 2450 242 0 0
286 T 2242 2447 2136 0 0
286 T 237 2445 1209 0 0
286 T 2650 2722 158 0 0
286 T 2722 688 1788 0 0
286 T 158 2722 2676 0 0
286 T 1718 691 2722 0 0
286 T 2098 1702 2633 0 0
286 T 2635 1412 341 0 0
286 T 338 1355 2617 0 0
286 T 2619 1772 2144 0 0
286 T 771 2694 2225 0 0
286 T 1434 2749 769 0 0
286 T 2227 112 1432 0 0
286 T 2749 114 2694 0 0
286 T 827 2747 1373 0 0
286 T 1375 113 2284 0 0
286 T 2286 2665 825 0 0
286 T 2665 115 2747 0 0
286 T 867 2465 1400 0 0
286 T 1647 2467 2595 0 0
286 T 1343 2462 860 0 0
286 T 2525 2460 1593 0 0
286 T 2711 1917 249 0 0
286 T 2675 14 2709 0 0
286 T 246 1871 2704 0 0
286 T 2706 14 2645 -1 0
286 T 796 2480 1568 0 0
286 T 1899 2671 798 0 0
286 T 2671 18 2480 0 0
286 T 741 2641 1849 0 0
286 T 1622 2550 743 0 0
286 T 2550 18 2641 -1 0
286 T 1873 210 2690 0 0
286 T 2688 825 1594 0 0
286 T 1644 770 2662 0 0
286 T 2660 205 1923 0 0
286 T 2455 1257 2637 0 0
286 T 1726 1255 2453 0 0
286 T 2455 2621 1313 0 0
286 T 1311 1798 2453 0 0
286 T 279 1918 2652 0 0
286 T 631 776 277 0 0
286 T 2654 467 629 0 0
286 T 274 835 624 0 0
286 T 626 467 2680 0 0
286 T 2682 1868 272 0 0
286 T 2279 691 158 0 0
286 T 2650 1716 2277 0 0
286 T 158 688 2217 0 0
286 T 2219 1790 2676 0 0
286 T 1834 1676 1881 0 0
286 T 2555 1640 2449 0 0
286 T 2446 1590 2485 0 0
286 T 2334 1922 2664 0 0
286 T 2746 1920 2020 0 0
286 T 2694 1872 2376 0 0
286 T 2027 1874 2749 0 0
286 T 243 2782 2633 0 0
286 T 591 1702 2782 0 0
286 T 2619 2812 236 0 0
286 T 2812 1772 584 0 0
286 T 359 2669 2640 0 0
286 T 2551 2482 357 1 0
286 T 1766 2818 557 0 0
286 T 2818 1816 1185 0 0
286 T 1779 1207 2813 0 0
286 T 554 2784 1693 0 0
286 T 1126 1746 2784 0 0
286 T 2783 1145 1705 0 0
286 T 1207 1279 2528 0 0
286 T 2599 1332 1144 0 0
286 T 501 2257 2196 0 0
286 T 2198 211 373 0 0
286 T 211 207 215 1 0
286 T 371 205 2257 0 0
286 T 2703 1146 241 0 0
286 T 2206 1332 2701 0 0
286 T 238 1204 2696 0 0
286 T 2698 1278 2264 0 0
286 T 2711 2655 257 0 0
286 T 254 2681 2704 0 0
286 T 1402 2802 873 0 0
286 T 2802 2078 349 0 0
286 T 870 2832 1341 0 0
286 T 349 2073 2832 0 0
286 T 931 2799 2277 0 0
286 T 561 1716 2799 0 0
286 T 2219 2829 924 0 0
286 T 2829 1790 562 0 0
286 T 378 832 2256 0 0
286 T 2199 778 380 0 0
286 T 822 1589 2685 0 0
286 T 2687 168 2009 0 0
286 T 2006 168 2657 0 0
286 T 2659 1643 765 0 0
286 T 338 1160 1349 0 0
286 T 1351 2767 376 0 0
286 T 2120 2765 1160 0 0
286 T 382 2761 1409 0 0
286 T 1411 1223 340 0 0
286 T 1223 2763 2171 0 0
286 T 1013 2465 2800 0 0
286 T 2834 2462 1014 0 0
286 T 1892 560 2580 0 0
286 T 1845 10 2571 0 0
286 T 2569 397 2502 0 0
286 T 2582 495 2513 0 0
286 T 2500 11 1894 0 0
286 T 2515 562 1847 0 0
286 T 11 692 560 0 0
286 T 2536 667 2550 0 0
286 T 2481 665 2607 0 0
286 T 2618 1777 2697 0 0
286 T 2633 2701 1704 0 0
286 T 1290 1708 2396 0 0
286 T 2398 2836 1168 0 0
286 T 2836 1710 1963 0 0
286 T 1111 2836 2420 0 0
286 T 2422 1782 1233 0 0
286 T 1956 1780 2836 0 0
286 T 2514 2830 1256 0 0
286 T 1314 2796 2580 0 0
286 T 10 2497 808 0 0
286 T 810 840 812 0 0
286 T 1571 842 2497 0 0
286 T 810 2534 1564 0 0
286 T 149 2532 842 0 0
286 T 826 831 820 0 0
286 T 822 148 2516 0 0
286 T 2518 34 824 0 0
286 T 755 785 757 0 0
286 T 1618 2600 753 0 0
286 T 2600 144 785 0 0
286 T 755 2567 10 0 0
286 T 2567 785 1621 0 0
286 T 767 772 769 0 0
286 T 771 37 2584 0 0
286 T 2586 147 765 0 0
286 T 348 1220 728 0 0
286 T 730 2468 2833 0 0
286 T 2074 2470 1220 0 0
286 T 731 1162 348 0 0
286 T 2803 2468 729 0 0
286 T 1162 2470 2077 0 0
286 T 2743 2385 1901 0 0
286 T 1194 464 2741 0 0
286 T 2738 464 1133 0 0
286 T 1855 2343 2736 0 0
286 T 543 2791 2396 0 0
286 T 2561 1708 2791 0 0
286 T 2422 2821 536 0 0
286 T 2821 1782 2495 0 0
286 T 2206 2307 2633 0 0
286 T 2619 2300 2264 0 0
286 T 2560 2556 2582 0 0
286 T 2580 12 2790 -1 0
286 T 2512 2490 2494 0 0
286 T 2820 12 2514 0 0
286 T 2790 495 2821 0 0
286 T 259 1370 2717 0 0
286 T 2719 2220 1696 0 0
286 T 2714 1428 252 0 0
286 T 1770 2282 2712 0 0
286 T 1874 1 1921 0 -1
286 T 2665 1042 2694 0 0
286 T 2467 2469 2457 0 0
286 T 2459 730 1013 0 0
286 T 2458 2469 2460 0 0
286 T 2550 2062 2613 0 0
286 T 2615 164 665 0 0
286 T 667 165 2628 0 0
286 T 2630 2064 2481 0 0
286 T 2534 1445 2381 0 0
286 T 2339 1387 2600 0 0
286 T 798 133 2476 0 0
286 T 2478 829 2669 0 0
286 T 2546 130 741 0 0
286 T 2643 774 2544 0 0
286 T 2397 502 2422 0 0
286 T 1556 2305 2277 0 0
286 T 2797 2307 2563 0 0
286 T 2300 1608 2219 0 0
286 T 2831 2495 2302 0 0
286 T 2398 1958 2805 0 0
286 T 2807 1780 1168 0 0
286 T 1111 1710 2773 0 0
286 T 2775 1961 2420 0 0
286 T 2807 38 2472 0 0
286 T 2542 40 2773 0 0
286 T 1943 1221 2880 0 0
286 T 2882 2763 229 0 0
286 T 226 2764 2908 0 0
286 T 2910 1163 1936 0 0
286 T 682 1376 229 0 0
286 T 2882 2467 680 0 0
286 T 1376 2465 2761 0 0
286 T 226 1438 681 0 0
286 T 683 2460 2908 0 0
286 T 2766 2462 1438 0 0
286 T 2287 2861 820 0 0
286 T 829 2863 2666 0 0
286 T 2859 773 2693 0 0
286 T 2224 764 2857 0 0
286 T 395 2282 2876 0 0
286 T 2878 2714 346 0 0
286 T 346 2717 2904 0 0
286 T 2906 2220 388 0 0
286 T 1935 2471 2880 0 0
286 T 2910 2471 1932 0 0
286 T 2668 1173 2667 0 0
286 T 2860 1175 2479 0 0
286 T 2693 1114 2642 0 0
286 T 2545 1112 2859 0 0
286 T 1935 2459 680 0 0
286 T 1370 2653 2741 0 0
286 T 2738 2683 1428 0 0
286 T 2850 1624 388 0 0
286 T 2906 126 2848 0 0
286 T 394 1575 2852 0 0
286 T 2854 127 2877 0 0
286 T 138 136 138 1 0
286 T 895 2920 2180 0 0
286 T 228 2448 2920 0 0
286 T 2242 2894 888 0 0
286 T 2894 2447 227 0 0
286 T 2534 2845 1065 0 0
286 T 2845 1445 355 0 0
286 T 1062 2843 2600 0 0
286 T 355 1387 2843 0 0
286 T 2711 2743 2717 0 0
286 T 2714 2736 2704 0 0
286 T 2631 2975 796 0 0
286 T 2975 2065 1568 0 0
286 T 743 2968 2613 0 0
286 T 1622 2062 2968 0 0
286 T 2975 1155 2496 0 0
286 T 2566 1213 2968 0 0
286 T 1878 2897 885 0 0
286 T 2897 2052 351 0 0
286 T 882 2927 1829 0 0
286 T 351 2055 2927 0 0
286 T 556 2940 2729 0 0
286 T 2731 1581 2817 0 0
286 T 1767 1583 2940 0 0
286 T 2726 2930 555 0 0
286 T 2787 1635 2724 0 0
286 T 2930 1633 1692 0 0
286 T 2724 1125 2985 0 0
286 T 2987 1747 1633 0 0
286 T 2989 1580 1818 0 0
286 T 1185 2728 2991 0 0
286 T 1422 1123 162 0 0
286 T 163 1181 1360 0 0
286 T 1831 2999 888 0 0
286 T 2999 166 2892 0 0
286 T 894 2993 1877 0 0
286 T 2923 167 2993 0 0
286 T 2733 2725 2729 0 0
286 T 2731 1995 1180 0 0
286 T 1122 1989 2725 0 0
286 T 231 2739 2949 0 0
286 T 2951 1852 1949 0 0
286 T 1946 1902 2937 0 0
286 T 2939 2740 224 0 0
286 T 1518 1548 2901 0 0
286 T 2903 1351 386 0 0
286 T 1351 1550 344 0 0
286 T 386 1408 2873 0 0
286 T 2875 1602 1473 0 0
286 T 344 1600 1408 0 0
286 T 45 768 2584 0 0
286 T 47 2516 825 0 0
286 T 2903 2767 393 0 0
286 T 390 2760 2873 0 0
286 T 1374 2916 820 0 0
286 T 2916 112 2863 0 0
286 T 767 2890 1432 0 0
286 T 2856 112 2890 0 0
286 T 2198 278 2809 0 0
286 T 2811 628 381 0 0
286 T 378 627 2777 0 0
286 T 2779 273 2256 0 0
286 T 2994 2897 1072 0 0
286 T 1079 2927 2997 0 0
286 T 511 2869 2901 0 0
286 T 265 1548 2869 0 0
286 T 2875 2866 504 0 0
286 T 2866 1602 262 0 0
286 T 1374 2976 2009 0 0
286 T 2687 3046 1372 0 0
286 T 2976 3044 170 0 0
286 T 2006 2983 1432 0 0
286 T 1434 3024 2657 0 0
286 T 170 3026 2983 0 0
286 T 1362 74 1420 0 0
286 T 112 2752 2593 0 0
286 T 2290 144 2752 0 0
286 T 2527 2759 112 0 0
286 T 2759 151 2228 0 0
286 T 295 1799 2884 0 0
286 T 2886 2454 642 0 0
286 T 642 2454 2912 0 0
286 T 2914 1725 288 0 0
286 T 1591 3046 2918 0 0
286 T 2888 3024 1641 0 0
286 T 2851 87 2853 0 0
286 T 2863 1589 3085 0 0
286 T 3087 3046 114 0 0
286 T 114 3024 3080 0 0
286 T 3082 1643 2856 0 0
286 T 2019 2756 2516 0 0
286 T 2586 2755 2012 0 0
286 T 2547 2555 2541 0 0
286 T 2571 2576 2565 0 0
286 T 2475 2485 2477 0 0
286 T 2499 2510 2501 0 0
286 T 2647 3001 1349 0 0
286 T 1162 3003 1075 0 0
286 T 1411 3007 2672 0 0
286 T 1077 3005 1221 0 0
286 T 1603 3078 2905 0 0
286 T 2718 3076 1409 0 0
286 T 1350 3075 2713 0 0
286 T 2879 3073 1549 0 0
286 T 1114 3039 2541 0 0
286 T 2859 2555 3039 0 0
286 T 2475 3017 1173 0 0
286 T 3017 2485 2860 0 0
286 T 2886 1256 3101 0 0
286 T 3103 2638 642 0 0
286 T 642 2620 3093 0 0
286 T 3095 1314 2912 0 0
286 T 3011 731 2053 0 0
286 T 2927 1221 3009 0 0
286 T 3010 1163 2897 0 0
286 T 2855 3133 1548 0 0
286 T 124 3072 3133 0 0
286 T 1602 3119 2848 0 0
286 T 3119 3079 124 0 0
286 T 1410 3122 2709 0 0
286 T 3122 3006 15 0 0
286 T 2706 3136 1349 0 0
286 T 15 3001 3136 -1 0
286 T 3083 2451 3039 0 0
286 T 3084 3019 2446 0 0
286 T 2980 88 2978 0 0
286 T 572 3113 2729 0 0
286 T 138 3128 3113 0 0
286 T 2727 3130 573 0 0
286 T 907 3022 684 0 0
286 T 686 43 897 0 0
286 T 964 42 3022 0 0
286 T 687 3040 900 0 0
286 T 3040 42 963 0 0
286 T 3115 2988 1245 0 0
286 T 1302 2987 3129 0 0
286 T 3071 1067 1564 0 0
286 T 810 2845 3069 0 0
286 T 3066 2843 753 0 0
286 T 1618 1060 3064 0 0
286 T 25 1064 3028 0 0
286 T 3030 3051 1071 -1 0
286 T 3051 1062 22 0 0
286 T 2983 1397 3157 0 0
286 T 3159 1158 3024 0 0
286 T 170 1156 1397 0 0
286 T 3154 1459 2976 0 0
286 T 3046 1216 3152 0 0
286 T 1459 1218 170 0 0
286 T 16 2964 2941 0 0
286 T 394 1582 2964 0 0
286 T 2931 2963 16 0 0
286 T 2963 1632 389 0 0
286 T 3015 2987 2991 0 0
286 T 131 3048 3065 0 0
286 T 3028 134 3070 0 0
286 T 124 1424 700 0 0
286 T 702 3157 3133 0 0
286 T 3074 3159 1424 0 0
286 T 703 1366 124 0 0
286 T 3119 3154 701 0 0
286 T 1366 3152 3077 0 0
286 T 3007 3011 2997 0 0
286 T 2994 3008 3000 0 0
286 T 156 1612 684 0 0
286 T 2107 3022 1612 0 0
286 T 687 1562 156 0 0
286 T 1562 3040 2153 0 0
286 T 1190 3168 3077 0 0
286 T 1366 112 1188 0 0
286 T 3168 114 3154 0 0
286 T 3087 1216 3168 0 0
286 T 112 3180 3157 0 0
286 T 1424 1129 114 0 0
286 T 1129 3072 3180 0 0
286 T 3182 1158 3080 0 0
286 T 287 3055 2620 0 0
286 T 2173 1382 3055 0 0
286 T 2638 3033 280 0 0
286 T 3033 1440 2127 0 0
286 T 395 1439 2932 0 0
286 T 2934 113 2965 0 0
286 T 1581 115 1439 0 0
286 T 2962 113 2944 0 0
286 T 2946 1377 388 0 0
286 T 1377 115 1635 0 0
286 T 3079 3122 2741 0 0
286 T 2738 3136 3072 0 0
286 T 2903 2463 2932 0 0
286 T 2946 2464 2873 0 0
286 T 2190 3091 618 0 0
286 T 2140 3089 809 0 0
286 T 618 3097 2248 0 0
286 T 754 3099 2094 0 0
286 T 1551 1 1600 0 -1
286 T 2731 2019 3125 0 0
286 T 3127 1987 1180 0 0
286 T 1123 1980 3109 0 0
286 T 3111 2012 2724 0 0
286 T 2807 3172 1172 0 0
286 T 3172 38 3018 0 0
286 T 1115 3162 2773 0 0
286 T 3036 40 3162 0 0
286 T 383 1383 2957 0 0
286 T 2959 3052 509 0 0
286 T 506 3034 2952 0 0
286 T 2954 1441 376 0 0
286 T 3161 1954 3174 0 0
286 T 1123 124 1612 0 0
286 T 1614 2328 3109 0 0
286 T 1563 125 1181 0 0
286 T 3126 2375 1561 0 0
286 T 891 3029 3220 0 0
286 T 3222 3050 893 1 0
286 T 962 56 3040 0 0
286 T 3023 58 964 0 0
286 T 2943 2018 3228 0 0
286 T 3230 3126 557 0 0
286 T 554 3108 3236 0 0
286 T 3238 2013 2929 0 0
286 T 2903 2826 2965 0 0
286 T 2826 2463 115 0 0
286 T 2962 2792 2873 0 0
286 T 115 2464 2792 0 0
286 T 1647 2795 2754 0 0
286 T 2757 2825 1593 0 0
286 T 3103 3106 3092 0 0
286 T 3094 1635 3224 0 0
286 T 3226 1580 3101 1 0
286 T 1580 1633 3106 -1 0
286 T 227 3204 3141 0 0
286 T 3143 1218 2445 0 0
286 T 2894 1216 3204 0 0
286 T 3144 2448 1158 0 0
286 T 1156 2922 3218 0 0
286 T 3216 230 3146 0 0
286 T 2915 3149 2884 0 0
286 T 2999 724 3204 0 0
286 T 164 1216 724 0 0
286 T 3218 727 2992 0 0
286 T 727 1158 164 0 0
286 T 3222 3067 2092 1 0
286 T 2142 3068 3221 0 0
286 T 507 3022 3057 0 0
286 T 3059 1614 553 0 0
286 T 3061 557 1563 0 0
286 T 3043 511 3063 0 0
286 T 1647 3179 2587 0 0
286 T 2013 3177 2793 0 0
286 T 2517 3165 1593 0 0
286 T 2827 3167 2018 0 0
286 T 1399 1 1456 -1 0
286 T 3230 2375 3061 0 0
286 T 3058 2329 3236 0 0
286 T 3007 49 3204 0 0
286 T 3009 724 49 0 0
286 T 3218 49 3000 0 0
286 T 3222 2842 3097 1 0
286 T 3091 2844 3221 0 0
286 T 2691 2870 3232 0 0
286 T 3243 2864 2660 0 0
286 T 2811 1628 2957 0 0
286 T 2954 1578 2777 0 0
286 T 3294 963 3061 0 0
286 T 3058 964 3281 0 0
286 T 3166 2690 47 0 0
286 T 45 2660 3176 0 0
286 T 231 3191 3273 0 0
286 T 3275 1130 2949 0 0
286 T 2737 1128 3191 0 0
286 T 2939 1189 3269 0 0
286 T 3271 3192 224 0 0
286 T 3192 1191 2742 0 0
286 T 3143 3170 3016 0 0
286 T 3183 3147 3039 0 0
286 T 2966 2018 3297 0 0
286 T 3286 2013 2961 0 0
286 T 3147 3139 3260 0 0
286 T 3254 3000 3145 0 0
286 T 3142 3007 3245 0 0
286 T 3266 3121 3140 0 0
286 T 65 3000 3217 0 0
286 T 3207 3007 66 0 0
286 T 1128 75 1190 1 0
286 T 3268 1953 3275 0 0
286 T 3286 3177 2872 0 0
286 T 3297 2900 3165 0 0
286 T 2874 2663 3333 0 0
286 T 2901 3328 2690 0 0
286 T 3193 3168 3120 0 0
286 T 3139 3183 3191 0 0
286 T 3039 3189 3260 0 0
286 T 3266 3194 3017 0 0
286 T 2959 3324 2192 0 0
286 T 1154 3326 3054 0 0
286 T 2254 3322 2952 0 0
286 T 3032 3320 1212 0 0
286 T 3163 3189 3304 0 0
286 T 3302 3194 3173 0 0
286 T 63 3161 3273 0 0
286 T 60 3268 3172 0 0
286 T 1214 3214 2578 0 0
286 T 2969 2569 3214 0 0
286 T 2509 3201 1153 0 0
286 T 3201 2502 2975 0 0
286 T 2959 3308 1404 0 0
286 T 3326 171 3308 0 0
286 T 1347 3315 2952 0 0
286 T 3315 171 3320 0 0
286 T 2568 743 3199 0 0
286 T 3208 797 2503 0 0
286 T 3197 80 3210 0 0
286 T 3215 2615 3199 0 0
286 T 3209 2629 3201 0 0
286 T 2622 1634 3256 0 0
286 T 3258 3227 642 0 0
286 T 642 3224 3249 -1 0
286 T 3251 1580 2636 0 0
286 T 287 3338 3256 0 0
286 T 3053 1634 3338 0 0
286 T 3251 3341 280 0 0
286 T 3341 1580 3035 0 0
286 T 2577 3224 3343 -1 0
286 T 3337 3226 2510 0 0
286 T 3351 1215 3341 0 0
286 T 1582 3321 3349 0 0
286 T 3338 1153 3344 0 0
286 T 3346 3327 1632 0 0
286 T 3215 3352 3200 0 0
286 T 3310 3314 3316 1 0
286 T 3203 3346 3225 0 0
286 T 3227 3348 3212 -1 0
286 T 1582 3312 3361 0 0
286 T 3363 170 3349 0 0
286 T 3346 170 3357 0 0
286 T 3359 3311 1632 0 0
286 T 112 3357 3369 0 0
286 T 3371 3311 1376 0 0
286 T 3366 3363 112 0 0
286 T 1438 3312 3364 0 0
286 T 3346 1156 3380 0 0
286 T 3382 1399 3357 0 0
286 T 3386 1219 3348 0 0
286 T 3362 1456 3384 0 0
286 T 112 3380 3393 0 0
286 T 3395 1399 3369 0 0
286 T 3366 1457 3389 0 0
286 T 3391 3387 112 0 0
286 T 3354 3347 3351 0 0
286 T 112 1200 716 0 0
286 T 718 3396 3393 0 0
286 T 3382 3398 1200 0 0
286 T 719 1142 112 0 0
286 T 3391 3396 717 0 0
286 T 1142 3398 3385 0 0
286 T 3371 3367 95 -1 0
286 T 3387 98 3381 0 0
286 T 1142 1 1201 -1 0
286 T 3372 3374 3372 -1 0
286 T 2190 2844 3288 0 0
286 T 3290 3223 618 0 0
286 T 618 3220 3277 -1 0
286 T 3279 2842 2248 0 0
286 T 3414 3412 3414 1 0
286 T 3424 3426 3424 -1 0
286 T 3435 3433 3435 -1 0
286 U 54 1 1 0 0
286 U 1 1 1 0 0
286 U 117 2 5 0 0
286 U 27 3 2 0 0
286 U 1731 5 3 0 0
286 U 12 3 2 1 0
286 U 1318 4 3 0 0
286 U 1138 4 2 0 0
286 U 8 5 4 0 0
286 U 33 4 5 0 0
286 U 1196 6 8 0 0
286 U 1262 9 6 0 0
286 U 9 8 9 0 0
286 U 12 7 6 0 0
286 U 1802 9 7 0 0
286 U 29 7 6 0 0
286 U 122 8 7 0 0
286 U 31 9 8 0 0
286 U 1617 10 12 0 0
286 U 758 15 10 0 0
286 U 145 12 15 0 0
286 U 10 11 10 0 0
286 U 1622 15 11 0 0
286 U 1850 15 10 0 0
286 U 19 14 15 -1 0
286 U 131 13 10 0 0
286 U 775 15 13 0 0
286 U 23 13 12 0 0
286 U 37 14 15 0 0
286 U 1568 16 20 0 0
286 U 10 17 16 0 0
286 U 815 20 17 0 0
286 U 1566 18 16 0 0
286 U 151 21 18 0 0
286 U 135 19 16 0 0
286 U 24 18 19 0 0
286 U 1899 21 16 0 0
286 U 829 19 21 0 0
286 U 18 21 20 0 0
286 U 35 21 20 0 0
286 U 225 22 24 0 0
286 U 61 23 22 0 0
286 U 3303 24 23 0 0
286 U 38 23 22 0 0
286 U 3266 25 23 0 0
286 U 3246 25 22 0 0
286 U 15 24 25 0 0
286 U 66 25 24 0 0
286 U 3252 26 29 0 0
286 U 3262 28 26 0 0
286 U 14 29 28 1 0
286 U 40 27 26 0 0
286 U 3306 28 27 0 0
286 U 63 27 26 0 0
286 U 230 29 27 0 0
286 U 64 28 29 0 0
286 U 676 30 33 0 0
286 U 235 30 30 0 0
286 U 270 33 33 0 0
286 U 674 37 30 0 0
286 U 316 37 37 0 0
286 U 706 39 32 0 0
286 U 328 39 39 0 0
286 U 720 34 37 0 0
286 U 299 34 34 0 0
286 U 53 35 34 0 0
286 U 21 39 38 0 0
286 U 668 40 46 0 0
286 U 359 40 40 0 0
286 U 461 46 46 0 0
286 U 666 49 40 0 0
286 U 468 49 49 0 0
286 U 696 42 47 0 0
286 U 399 42 42 0 0
286 U 694 50 42 0 0
286 U 495 50 50 0 0
286 U 712 44 49 0 0
286 U 439 44 44 0 0
286 U 51 45 44 0 0
286 U 21 51 50 0 0
286 U 3292 52 57 0 0
286 U 3230 55 52 0 0
286 U 522 57 55 0 0
286 U 16 53 52 0 0
286 U 3299 55 53 0 0
286 U 3330 55 52 0 0
286 U 47 54 55 0 0
286 U 511 56 52 0 0
286 U 3233 55 56 0 0
286 U 56 56 57 0 0
286 U 70 55 54 0 0
286 U 3284 58 60 0 0
286 U 16 59 58 1 0
286 U 3238 60 59 0 0
286 U 3282 63 58 0 0
286 U 516 61 63 0 0
286 U 507 62 58 0 0
286 U 58 63 62 0 0
286 U 3335 61 58 0 0
286 U 3242 62 61 0 0
286 U 44 61 60 0 0
286 U 69 61 60 0 0
286 Q 0 795 1 737 0 -1 0 0 0 0
286 Q 850 0 850 0 0 0 0 0 0 0
286 Q 2001 73 2001 73 0 0 0 0 0 0
286 Q 662 3 660 0 0 0 0 0 0 0
286 Q 1084 3 1082 1 0 0 0 0 0 0
286 Q 0 855 75 857 1 0 0 0 0 0
286 Q 269 963 3 965 0 0 0 0 0 0
286 Q 492 330 492 330 0 0 0 0 0 0
286 Q 0 863 439 865 0 0 0 0 0 0
286 Q 78 1479 73 1520 0 0 1 0 0 0
286 Q 0 1927 74 1929 0 0 0 0 0 0
286 Q 1878 318 1828 0 0 0 0 0 0 0
286 Q 74 1307 316 1249 0 0 1 0 0 0
286 Q 1463 469 1505 0 0 0 0 0 0 0
286 Q 0 1658 296 1652 0 0 0 0 0 0
286 Q 1626 3 1573 396 0 0 0 0 0 0
286 Q 3 646 461 647 0 0 0 0 0 0
286 Q 319 2057 319 2057 0 0 0 0 0 0
286 Q 72 622 269 623 0 0 0 0 0 0
286 Q 430 1677 432 136 0 0 0 0 0 0
286 Q 519 319 521 213 0 0 0 0 0 0
286 Q 957 163 2732 162 0 0 0 0 0 0
286 Q 711 82 709 72 0 0 0 0 0 0
286 Q 136 578 298 580 0 0 0 0 0 0
286 Q 957 1362 1996 1420 0 0 0 0 0 0
286 Q 699 2 697 86 0 0 0 0 0 0
286 Q 1915 3013 1864 299 0 0 0 0 0 0
286 Q 711 88 709 76 0 0 0 0 0 0
286 Q 3149 119 3012 121 0 0 0 0 0 0
286 Q 850 606 2770 600 0 0 0 0 0 0
286 Q 2768 145 299 151 0 0 0 0 0 0
286 Q 90 2211 268 2268 0 0 0 0 0 0
286 Q 679 73 677 90 0 0 0 0 0 0
286 Q 0 2311 2769 2352 0 0 0 0 0 0
286 Q 3149 1138 3013 1196 0 0 0 0 0 0
286 Q 30 3015 32 3012 0 0 0 0 0 0
286 Q 3234 316 3241 215 0 0 0 0 0 0
286 Q 702 89 700 87 0 0 0 0 0 0
286 Q 213 69 214 71 0 0 0 0 0 0
286 Q 231 3319 225 91 0 0 0 0 0 0
286 Q 1629 269 1578 3317 0 0 0 0 0 0
286 Q 76 50 77 51 0 0 0 0 0 0
286 Q 82 52 83 53 0 0 0 0 0 0
286 Q 80 667 93 665 0 0 0 0 0 0
286 Q 167 3352 166 93 0 0 0 0 0 0
286 Q 682 95 680 91 0 0 0 0 0 0
286 Q 727 99 725 92 0 0 0 0 0 0
286 Q 0 877 3187 876 0 0 0 0 0 0
286 Q 3185 611 2769 613 0 0 0 0 0 0
286 Q 2186 469 2245 3187 0 0 0 0 0 0
286 Q 718 98 716 95 0 0 0 0 0 0
286 Q 849 2627 97 2608 0 0 0 0 0 0
286 Q 663 97 661 80 0 0 0 0 0 0
286 Q 1111 3378 1169 848 0 0 0 0 0 0
286 Q 3376 518 96 520 0 0 0 0 0 0
286 Q 2428 3378 2407 2770 0 0 0 0 0 0
286 Q 616 3374 617 3187 0 0 0 0 0 0
286 Q 1882 469 1833 3372 0 0 0 0 0 0
286 Q 3378 526 3401 524 1 0 -1 0 0 0
286 Q 3403 1451 2770 1388 0 0 0 0 0 0
286 Q 2250 3403 2189 3184 0 0 0 0 0 0
286 Q 100 675 97 673 0 0 0 0 0 0
286 Q 2403 3377 2424 100 0 0 0 0 0 0
286 Q 334 101 335 3404 0 0 0 0 0 0
286 Q 3406 1179 3376 1117 0 0 0 0 0 0
286 Q 3406 2203 3401 2260 0 0 0 0 0 0
286 Q 343 3410 337 3407 0 0 0 0 0 0
286 Q 1444 3400 1387 3408 0 0 0 0 0 0
286 Q 3278 3415 3288 3185 0 0 0 0 0 0
286 Q 3413 2841 3402 2846 0 0 0 0 0 0
286 Q 3222 3414 3220 3375 0 0 1 0 1 0
286 Q 3409 355 3412 354 0 0 0 0 0 0
286 Q 2266 103 2205 3404 0 0 0 0 0 0
286 Q 101 670 103 668 0 0 0 0 0 0
286 Q 2635 3417 2616 3407 0 0 0 0 0 0
286 Q 3410 1352 3419 1414 0 0 0 0 0 0
286 Q 2218 102 2277 3421 0 0 0 0 0 0
286 Q 3423 1556 3417 1611 0 0 0 0 0 0
286 Q 3421 159 104 158 0 0 0 0 0 0
286 Q 104 691 102 689 0 0 0 0 0 0
286 Q 1554 3413 1605 3419 0 0 0 0 0 0
286 Q 3421 1615 106 1560 0 0 0 0 0 0
286 Q 687 106 685 104 0 0 0 0 0 0
286 Q 3421 1122 3431 1180 0 0 0 0 0 0
286 Q 127 106 126 3429 0 0 0 0 0 0
286 Q 3417 1358 3424 1416 0 0 0 0 0 0
286 Q 161 3423 160 3426 0 0 0 0 0 0
286 Q 3429 1427 108 1364 0 0 0 0 0 0
286 Q 703 108 701 106 0 0 0 0 0 0
286 Q 3426 1423 3431 1361 0 0 0 0 0 0
286 Q 3429 1130 3435 1188 0 0 0 0 0 0
286 Q 115 108 114 3433 0 0 0 0 0 0
286 Q 3433 1203 111 1140 0 0 0 0 0 0
286 Q 719 111 717 108 0 0 0 0 0 0
286 Q 110 54 111 55 0 0 0 0 0 0
