1227 A 11 0 8 -5 -8 5
1227 A -2 1 -102 -1 102 1
1227 A 1 1 103 -1 -103 1
1227 A -4 1 -136 -2 136 2
1227 A 3 1 138 -2 -138 2
1227 A 22 0 3 -6 -3 6
1227 A -15 1 -82 -4 82 4
1227 A 14 1 86 -4 -86 4
1227 A -1 2 -204 1 204 -1
1227 A 7 0 5 -3 5 -3
1227 A 19 0 11 -3 11 -3
1227 A 4 0 0 -1 -1 1
1227 A 4 0 -1 -1 2 -1
1227 A 5 0 0 -1 -2 2
1227 A 5 0 1 -1 0 2
1227 A 5 0 -1 -1 -2 1
1227 A 5 0 3 -1 1 -2
1227 A 5 0 -1 -2 3 -2
1227 A 6 0 0 -1 1 -1
1227 A 6 0 -2 -1 3 -1
1227 A 7 0 0 -1 -1 1
1227 A 7 0 -1 -1 2 -1
1227 A 7 0 -2 -1 2 -3
1227 A 7 0 3 -1 1 -3
1227 A 7 0 4 -1 1 -2
1227 A 7 0 0 -2 3 -3
1227 A 7 0 2 -2 0 -3
1227 A 7 0 -1 -2 -3 2
1227 A 7 0 -2 -2 1 3
1227 A 7 0 4 -2 -4 3
1227 A 8 0 0 -1 3 -3
1227 A 8 0 1 -1 0 -3
1227 A 8 0 -1 -1 2 3
1227 A 8 0 2 -1 -5 3
1227 A 8 0 -2 -1 3 -1
1227 A 8 0 -3 -1 -4 1
1227 A 8 0 1 -3 2 -3
1227 A 8 0 -1 -3 -4 3
1227 A 9 0 0 -1 1 -1
1227 A 9 0 -2 -1 3 -4
1227 A 9 0 3 -1 1 -4
1227 A 9 0 -3 -1 1 2
1227 A 9 0 4 -1 -3 2
1227 A 9 0 0 -2 -4 4
1227 A 9 0 2 -2 0 4
1227 A 9 0 -3 -2 5 -2
1227 A 9 0 -2 -4 6 -4
1227 A 10 0 0 -1 3 -3
1227 A 10 0 1 -1 0 -3
1227 A 10 0 -1 -1 -2 1
1227 A 10 0 -2 -1 1 3
1227 A 10 0 3 -1 -4 3
1227 A 10 0 -3 -1 -4 1
1227 A 10 0 -4 -1 5 -3
1227 A 10 0 5 -1 -2 -3
1227 A 10 0 1 -3 2 -3
1227 A 10 0 -3 -3 6 -3
1227 A 11 0 0 -1 -1 1
1227 A 11 0 -1 -1 2 -1
1227 A 11 0 -2 -1 -6 2
1227 A 11 0 3 -1 4 2
1227 A 11 0 -4 -1 2 4
1227 A 11 0 5 -1 -6 4
1227 A 11 0 6 -1 4 3
1227 A 11 0 1 -2 2 -4
1227 A 11 0 0 -2 5 -5
1227 A 11 0 2 -2 0 -5
1227 A 11 0 -1 -2 -3 2
1227 A 11 0 -2 -2 1 5
1227 A 11 0 4 -2 -6 5
1227 A 11 0 0 -3 -4 4
1227 A 11 0 3 -3 0 4
1227 A 11 0 -1 -3 -3 5
1227 A 11 0 4 -3 -2 5
1227 A 11 0 -2 -3 5 -3
1227 A 11 0 -3 -3 -3 -4
1227 A 11 0 6 -3 7 -4
1227 A 11 0 1 -4 1 -5
1227 A 11 0 3 -4 4 -5
1227 A 12 0 0 -1 -5 5
1227 A 12 0 1 -1 0 5
1227 A 12 0 -2 -1 3 -1
1227 A 12 0 -3 -1 -8 5
1227 A 12 0 4 -1 3 5
1227 A 12 0 -5 -1 6 -1
1227 A 12 0 2 -5 3 -5
1227 A 12 0 -1 -5 6 -5
1227 A 13 0 0 -1 5 -5
1227 A 13 0 1 -1 0 -5
1227 A 13 0 -1 -1 8 -4
1227 A 13 0 2 -1 -4 -4
1227 A 13 0 -2 -1 3 -1
1227 A 13 0 -3 -1 -5 -2
1227 A 13 0 4 -1 7 -2
1227 A 13 0 -4 -1 -4 6
1227 A 13 0 5 -1 -2 6
1227 A 13 0 -5 -1 -6 1
1227 A 13 0 7 -1 3 -6
1227 A 13 0 1 -2 8 -3
1227 A 13 0 0 -2 -4 4
1227 A 13 0 2 -2 0 4
1227 A 13 0 -1 -2 9 -6
1227 A 13 0 3 -2 -3 -6
1227 A 13 0 -2 -2 4 -2
1227 A 13 0 -3 -2 -1 3
1227 A 13 0 5 -2 -2 3
1227 A 13 0 -4 -2 -5 6
1227 A 13 0 6 -2 -1 6
1227 A 13 0 0 -3 6 -6
1227 A 13 0 3 -3 0 -6
1227 A 13 0 -1 -3 -2 -5
1227 A 13 0 4 -3 7 -5
1227 A 13 0 -2 -3 -2 -4
1227 A 13 0 5 -3 6 -4
1227 A 13 0 -3 -3 -6 3
1227 A 13 0 -4 -3 -5 4
1227 A 13 0 7 -3 1 4
1227 A 13 0 2 -4 4 5
1227 A 13 0 1 -4 2 6
1227 A 13 0 3 -4 -8 6
1227 A 13 0 -3 -4 -1 -5
1227 A 13 0 7 -4 6 -5
1227 A 13 0 2 -5 -3 5
1227 A 13 0 1 -5 4 -5
1227 A 13 0 -3 -5 7 -6
1227 A 13 0 8 -5 -1 -6
1227 A 14 0 0 -1 -1 1
1227 A 14 0 -1 -1 2 -1
1227 A 14 0 -2 -1 -5 -3
1227 A 14 0 3 -1 8 -3
1227 A 14 0 -3 -1 -6 5
1227 A 14 0 4 -1 1 5
1227 A 14 0 -4 -1 1 -3
1227 A 14 0 5 -1 2 -3
1227 A 14 0 -5 -1 6 -1
1227 A 14 0 -6 -1 -7 1
1227 A 14 0 0 -3 -5 5
1227 A 14 0 3 -3 0 5
1227 A 14 0 -1 -3 2 -5
1227 A 14 0 4 -3 3 -5
1227 A 14 0 -2 -3 5 -3
1227 A 14 0 -3 -3 -4 -5
1227 A 14 0 6 -3 9 -5
1227 A 14 0 -4 -3 -7 5
1227 A 14 0 7 -3 2 5
1227 A 14 0 1 -5 -4 5
1227 A 14 0 -3 -5 -8 5
1227 A 15 0 0 -1 -2 2
1227 A 15 0 1 -1 0 2
1227 A 15 0 -2 -1 6 -7
1227 A 15 0 3 -1 1 -7
1227 A 15 0 -3 -1 1 -4
1227 A 15 0 4 -1 3 -4
1227 A 15 0 -5 -1 3 2
1227 A 15 0 6 -1 -5 2
1227 A 15 0 -6 -1 -2 -4
1227 A 15 0 7 -1 6 -4
1227 A 15 0 -1 -2 3 -2
1227 A 15 0 -4 -2 3 4
1227 A 15 0 6 -2 -7 4
1227 A 15 0 -6 -2 8 -2
1227 A 15 0 0 -4 7 -7
1227 A 15 0 4 -4 0 -7
1227 A 15 0 -5 -4 -3 -7
1227 A 15 0 9 -4 10 -7
1227 A 15 0 3 -7 4 -7
1227 A 15 0 -2 -7 9 -7
1227 A 16 0 0 -1 -5 5
1227 A 16 0 1 -1 0 5
1227 A 16 0 -1 -1 -6 3
1227 A 16 0 2 -1 3 3
1227 A 16 0 -2 -1 -5 7
1227 A 16 0 3 -1 -2 7
1227 A 16 0 -3 -1 -4 1
1227 A 16 0 -4 -1 3 -7
1227 A 16 0 5 -1 4 -7
1227 A 16 0 -5 -1 6 -1
1227 A 16 0 -6 -1 3 -5
1227 A 16 0 7 -1 2 -5
1227 A 16 0 -7 -1 8 -3
1227 A 16 0 8 -1 -5 -3
1227 A 16 0 1 -3 2 5
1227 A 16 0 2 -3 -7 5
1227 A 16 0 0 -3 -7 7
1227 A 16 0 3 -3 0 7
1227 A 16 0 -1 -3 -4 3
1227 A 16 0 -2 -3 1 -7
1227 A 16 0 5 -3 6 -7
1227 A 16 0 -4 -3 1 -5
1227 A 16 0 7 -3 4 -5
1227 A 16 0 -6 -3 9 -3
1227 A 16 0 -1 -5 6 -5
1227 A 16 0 -3 -5 8 -7
1227 A 16 0 8 -5 -1 -7
1227 A 16 0 -4 -5 -9 5
1227 A 16 0 -5 -5 2 7
1227 A 16 0 10 -5 -9 7
1227 A 16 0 -3 -7 10 -7
1227 A 16 0 -4 -7 -11 7
1227 A 17 0 0 -1 1 -1
1227 A 17 0 -1 -1 -5 -6
1227 A 17 0 2 -1 11 -6
1227 A 17 0 -2 -1 -2 -5
1227 A 17 0 3 -1 7 -5
1227 A 17 0 -3 -1 -1 -4
1227 A 17 0 4 -1 5 -4
1227 A 17 0 -4 -1 -3 4
1227 A 17 0 5 -1 -1 4
1227 A 17 0 -5 -1 -2 6
1227 A 17 0 6 -1 -4 6
1227 A 17 0 -6 -1 -3 -2
1227 A 17 0 7 -1 5 -2
1227 A 17 0 -7 -1 7 -3
1227 A 17 0 8 -1 -4 -3
1227 A 17 0 9 -1 12 -7
1227 A 17 0 1 -2 6 5
1227 A 17 0 0 -2 -8 8
1227 A 17 0 2 -2 0 8
1227 A 17 0 -1 -2 -2 7
1227 A 17 0 3 -2 -5 7
1227 A 17 0 -2 -2 6 -3
1227 A 17 0 4 -2 -3 -3
1227 A 17 0 -4 -2 -1 6
1227 A 17 0 6 -2 -5 6
1227 A 17 0 -5 -2 -2 3
1227 A 17 0 7 -2 -1 3
1227 A 17 0 -6 -2 8 -2
1227 A 17 0 -7 -2 -9 2
1227 A 17 0 0 -3 6 -6
1227 A 17 0 3 -3 0 -6
1227 A 17 0 -1 -3 -1 5
1227 A 17 0 4 -3 -4 5
1227 A 17 0 -2 -3 -6 7
1227 A 17 0 5 -3 -1 7
1227 A 17 0 -5 -3 -4 -7
1227 A 17 0 8 -3 11 -7
1227 A 17 0 -6 -3 5 4
1227 A 17 0 9 -3 -9 4
1227 A 17 0 10 -3 4 -8
1227 A 17 0 2 -4 3 -6
1227 A 17 0 0 -4 -4 4
1227 A 17 0 -2 -4 -1 -5
1227 A 17 0 6 -4 6 -5
1227 A 17 0 -3 -4 8 -7
1227 A 17 0 7 -4 -1 -7
1227 A 17 0 -4 -4 3 7
1227 A 17 0 8 -4 -10 7
1227 A 17 0 -6 -4 -3 8
1227 A 17 0 10 -4 -5 8
1227 A 17 0 2 -5 -7 6
1227 A 17 0 3 -5 1 6
1227 A 17 0 0 -5 7 -7
1227 A 17 0 5 -5 0 -7
1227 A 17 0 -3 -5 -4 -6
1227 A 17 0 8 -5 10 -6
1227 A 17 0 -4 -5 -11 8
1227 A 17 0 9 -5 3 8
1227 A 17 0 -5 -5 -1 -8
1227 A 17 0 10 -5 9 -8
1227 A 17 0 -2 -6 8 -6
1227 A 17 0 -3 -6 -12 8
1227 A 17 0 9 -6 4 8
1227 A 17 0 3 -7 7 -8
1227 A 17 0 4 -7 1 -8
1227 A 17 0 -2 -7 -9 7
1227 A 17 0 2 -8 6 -8
1227 A 17 0 -2 -8 -10 8
1227 A -1 1 -20 0 -46 0
1227 A -1 1 -21 0 117 0
1227 A -1 1 -29 0 -127 0
1227 A -1 1 -32 0 48 0
1227 A -1 1 -57 0 -70 0
1227 A -1 1 -58 0 90 0
1227 A -1 1 -65 0 -85 0
1227 A -1 1 -72 0 -81 0
1227 A -1 1 -109 0 -138 0
1227 A -1 1 -113 0 144 0
1227 A -1 1 -119 0 129 0
1227 A 0 1 -20 0 -46 0
1227 A 0 1 -21 0 117 0
1227 A 0 1 -29 0 -127 0
1227 A 0 1 -32 0 48 0
1227 A 0 1 -57 0 -70 0
1227 A 0 1 -58 0 90 0
1227 A 0 1 -65 0 -85 0
1227 A 0 1 -72 0 -81 0
1227 A 0 1 -109 0 -138 0
1227 A 0 1 -113 0 144 0
1227 A 0 1 -119 0 129 0
1227 A -2 1 -19 0 -65 0
1227 A -2 1 -20 0 -137 -1
1227 A -2 1 -25 0 134 1
1227 A -2 1 -26 0 105 1
1227 A -2 1 -34 0 100 0
1227 A -2 1 -35 0 53 0
1227 A -2 1 -41 0 98 0
1227 A -2 1 -49 0 82 0
1227 A -2 1 -50 0 68 0
1227 A -2 1 -52 0 -101 0
1227 A -2 1 -55 0 116 1
1227 A -2 1 -67 0 -83 0
1227 A -2 1 -70 0 -126 -1
1227 A -2 1 -86 0 -97 0
1227 A -2 1 -104 -1 -135 -1
1227 A -2 1 -128 -1 143 1
1227 A 1 1 -19 0 -65 0
1227 A 1 1 -20 0 -138 1
1227 A 1 1 -25 0 135 -1
1227 A 1 1 -26 0 106 -1
1227 A 1 1 -34 0 100 0
1227 A 1 1 -35 0 53 0
1227 A 1 1 -41 0 98 0
1227 A 1 1 -49 0 82 0
1227 A 1 1 -50 0 68 0
1227 A 1 1 -52 0 -101 0
1227 A 1 1 -55 0 117 -1
1227 A 1 1 -67 0 -83 0
1227 A 1 1 -70 0 -127 1
1227 A 1 1 -86 0 -97 0
1227 A 1 1 105 -1 136 -1
1227 A 1 1 129 -1 -144 1
1227 A -3 1 -18 0 84 1
1227 A -3 1 -19 0 33 0
1227 A -3 1 -20 0 47 0
1227 A -3 1 -30 0 -70 -1
1227 A -3 1 -49 0 112 1
1227 A -3 1 -63 -1 -144 -1
1227 A -3 1 -80 -1 129 1
1227 A -3 1 -108 -1 138 1
1227 A 2 1 -18 0 85 -1
1227 A 2 1 -19 0 33 0
1227 A 2 1 -20 0 47 0
1227 A 2 1 -30 0 -71 1
1227 A 2 1 -49 0 113 -1
1227 A 2 1 64 -1 145 -1
1227 A 2 1 81 -1 -130 1
1227 A 2 1 109 -1 -139 1
1227 A -4 1 -18 0 -120 -1
1227 A -4 1 -19 0 80 1
1227 A -4 1 -28 0 53 1
1227 A -4 1 -30 0 113 1
1227 A -4 1 -34 0 118 1
1227 A -4 1 -44 -1 109 1
1227 A -4 1 -46 -1 130 1
1227 A -4 1 -55 -1 138 2
1227 A -4 1 -63 -1 96 1
1227 A -4 1 -82 -1 111 1
1227 A 3 1 -18 0 -121 1
1227 A 3 1 -19 0 81 -1
1227 A 3 1 -28 0 54 -1
1227 A 3 1 -30 0 114 -1
1227 A 3 1 -34 0 119 -1
1227 A 3 1 45 -1 -110 1
1227 A 3 1 47 -1 -131 1
1227 A 3 1 56 -1 -140 2
1227 A 3 1 64 -1 -97 1
1227 A 3 1 83 -1 -112 1
1227 A 18 0 -5 -1 6 -7
1227 A 18 0 6 -1 1 -7
1227 A 18 0 -6 -1 1 5
1227 A 18 0 7 -1 -6 5
1227 A 18 0 -8 -1 9 -1
1227 A 18 0 2 -5 3 -5
1227 A 18 0 0 -5 -7 7
1227 A 18 0 5 -5 0 7
1227 A 18 0 -4 -5 -9 7
1227 A 18 0 9 -5 2 7
1227 A 18 0 -6 -5 11 -5
1227 A 18 0 3 -7 4 -7
1227 A 18 0 -5 -7 12 -7
1227 A -5 1 -19 0 -81 -1
1227 A -5 1 -20 0 -44 -1
1227 A -5 1 -22 0 -99 -1
1227 A -5 1 -26 0 -83 -1
1227 A -5 1 -28 0 -35 0
1227 A -5 1 -31 0 -106 -2
1227 A -5 1 -34 0 -115 -2
1227 A -5 1 -32 -1 -48 -1
1227 A -5 1 -33 -1 -38 -1
1227 A -5 1 -39 -1 -47 -1
1227 A -5 1 -51 -1 136 2
1227 A -5 1 -53 -1 -57 -1
1227 A -5 1 -66 -1 142 2
1227 A -5 1 -68 -1 102 2
1227 A -5 1 -69 -1 127 2
1227 A -5 1 -86 -1 105 2
1227 A -5 1 -98 -1 117 2
1227 A -5 1 -101 -1 135 2
1227 A -5 1 -103 -2 -126 -2
1227 A 4 1 -19 0 -82 1
1227 A 4 1 -20 0 -45 1
1227 A 4 1 -22 0 -100 1
1227 A 4 1 -26 0 -84 1
1227 A 4 1 -28 0 -35 0
1227 A 4 1 -31 0 -108 2
1227 A 4 1 -34 0 -117 2
1227 A 4 1 33 -1 49 -1
1227 A 4 1 34 -1 39 -1
1227 A 4 1 40 -1 48 -1
1227 A 4 1 52 -1 -138 2
1227 A 4 1 54 -1 58 -1
1227 A 4 1 67 -1 -144 2
1227 A 4 1 69 -1 -104 2
1227 A 4 1 70 -1 -129 2
1227 A 4 1 87 -1 -107 2
1227 A 4 1 99 -1 -119 2
1227 A 4 1 102 -1 -137 2
1227 A 4 1 105 -2 128 -2
1227 A -6 1 -19 0 65 1
1227 A -6 1 -26 -1 140 3
1227 A -6 1 -29 -1 -71 -1
1227 A -6 1 -45 -1 140 2
1227 A -6 1 -47 -1 -83 -1
1227 A -6 1 -54 -1 -67 -1
1227 A -6 1 -58 -1 73 1
1227 A -6 1 -94 -2 112 2
1227 A -6 1 -130 -2 -141 -3
1227 A 5 1 -19 0 66 -1
1227 A 5 1 27 -1 -143 3
1227 A 5 1 30 -1 72 -1
1227 A 5 1 46 -1 -142 2
1227 A 5 1 48 -1 84 -1
1227 A 5 1 55 -1 68 -1
1227 A 5 1 59 -1 -74 1
1227 A 5 1 96 -2 -114 2
1227 A 5 1 132 -2 144 -3
1227 A -7 1 -19 0 126 3
1227 A -7 1 -20 0 -136 -3
1227 A -7 1 -21 0 119 2
1227 A -7 1 -24 0 139 3
1227 A -7 1 -26 -1 -67 -1
1227 A -7 1 -30 -1 -59 -1
1227 A -7 1 -48 -1 144 3
1227 A -7 1 -55 -1 131 3
1227 A -7 1 -78 -2 -96 -2
1227 A 6 1 -19 0 129 -3
1227 A 6 1 -20 0 -139 3
1227 A 6 1 -21 0 121 -2
1227 A 6 1 -24 0 142 -3
1227 A 6 1 27 -1 68 -1
1227 A 6 1 31 -1 60 -1
1227 A 6 1 49 -1 -147 3
1227 A 6 1 56 -1 -134 3
1227 A 6 1 80 -2 98 -2
1227 A 19 0 -7 -1 4 9
1227 A 19 0 8 -1 -13 9
1227 A 19 0 -8 -1 -9 1
1227 A 19 0 10 -1 14 -9
1227 A 19 0 1 -2 7 5
1227 A 19 0 -1 -2 4 -9
1227 A 19 0 3 -2 5 -9
1227 A 19 0 -2 -2 4 -2
1227 A 19 0 -3 -2 3 -5
1227 A 19 0 5 -2 2 -5
1227 A 19 0 -5 -2 5 4
1227 A 19 0 7 -2 -9 4
1227 A 19 0 -6 -2 9 -7
1227 A 19 0 8 -2 -2 -7
1227 A 19 0 -7 -2 -9 2
1227 A 19 0 -8 -2 3 7
1227 A 19 0 10 -2 -10 7
1227 A 19 0 -2 -3 -5 3
1227 A 19 0 -4 -3 6 -8
1227 A 19 0 7 -3 2 -8
1227 A 19 0 -5 -3 -3 -6
1227 A 19 0 8 -3 9 -6
1227 A 19 0 2 -4 13 -7
1227 A 19 0 1 -4 -5 -6
1227 A 19 0 3 -4 11 -6
1227 A 19 0 -2 -4 2 5
1227 A 19 0 6 -4 -7 5
1227 A 19 0 -6 -4 -8 7
1227 A 19 0 10 -4 1 7
1227 A 19 0 3 -6 -4 8
1227 A 19 0 -4 -6 7 -8
1227 A 19 0 10 -6 1 -8
1227 A 19 0 -6 -6 -5 -7
1227 A 19 0 12 -6 12 -7
1227 A 19 0 1 -7 -4 -8
1227 A 19 0 6 -7 12 -8
1227 A 19 0 -4 -7 11 -7
1227 A -8 1 -20 0 -103 -3
1227 A -8 1 -23 0 -118 -3
1227 A -8 1 -17 -1 -21 -1
1227 A -8 1 -23 -1 66 2
1227 A -8 1 -24 -1 -26 -1
1227 A -8 1 -27 -1 67 2
1227 A -8 1 -30 -1 70 2
1227 A -8 1 -41 -1 139 3
1227 A -8 1 -50 -1 145 3
1227 A -8 1 -57 -1 -59 -1
1227 A -8 1 -63 -2 -138 -4
1227 A -8 1 -69 -2 -134 -3
1227 A -8 1 -81 -2 -100 -2
1227 A -8 1 -82 -2 -84 -2
1227 A -8 1 -85 -2 -99 -2
1227 A -8 1 -107 -3 -109 -3
1227 A -8 1 -110 -3 125 3
1227 A -8 1 -128 -3 -136 -3
1227 A -8 1 -140 -3 -142 -3
1227 A 7 1 -20 0 -106 3
1227 A 7 1 -23 0 -121 3
1227 A 7 1 18 -1 22 -1
1227 A 7 1 24 -1 -68 2
1227 A 7 1 25 -1 27 -1
1227 A 7 1 28 -1 -69 2
1227 A 7 1 31 -1 -72 2
1227 A 7 1 42 -1 -142 3
1227 A 7 1 51 -1 -148 3
1227 A 7 1 58 -1 60 -1
1227 A 7 1 65 -2 142 -4
1227 A 7 1 71 -2 137 -3
1227 A 7 1 83 -2 102 -2
1227 A 7 1 84 -2 86 -2
1227 A 7 1 87 -2 101 -2
1227 A 7 1 110 -3 112 -3
1227 A 7 1 113 -3 -128 3
1227 A 7 1 131 -3 139 -3
1227 A 7 1 143 -3 145 -3
1227 A -9 1 -14 -1 24 1
1227 A -9 1 -27 -1 143 4
1227 A -9 1 -48 -1 106 3
1227 A -9 1 -54 -2 -82 -2
1227 A -9 1 -62 -2 -72 -2
1227 A -9 1 -64 -2 -135 -4
1227 A -9 1 -68 -2 92 3
1227 A -9 1 -93 -2 113 3
1227 A -9 1 -120 -3 -129 -4
1227 A -9 1 -123 -4 -138 -4
1227 A 8 1 15 -1 -25 1
1227 A 8 1 28 -1 -147 4
1227 A 8 1 49 -1 -109 3
1227 A 8 1 56 -2 84 -2
1227 A 8 1 64 -2 74 -2
1227 A 8 1 66 -2 139 -4
1227 A 8 1 70 -2 -95 3
1227 A 8 1 95 -2 -116 3
1227 A 8 1 123 -3 133 -4
1227 A 8 1 127 -4 142 -4
1227 A -10 1 -20 0 109 3
1227 A -10 1 -14 -1 142 4
1227 A -10 1 -28 -1 -74 -2
1227 A -10 1 -42 -1 64 2
1227 A -10 1 -44 -1 95 3
1227 A -10 1 -50 -1 -66 -2
1227 A -10 1 -55 -2 70 2
1227 A -10 1 -75 -3 91 3
1227 A -10 1 -86 -3 -114 -4
1227 A -10 1 -113 -3 -146 -4
1227 A -10 1 -116 -3 115 4
1227 A -10 1 -111 -4 -123 -4
1227 A -10 1 -133 -4 139 4
1227 A 9 1 -20 0 112 -3
1227 A 9 1 15 -1 -146 4
1227 A 9 1 29 -1 76 -2
1227 A 9 1 43 -1 -66 2
1227 A 9 1 45 -1 -98 3
1227 A 9 1 51 -1 68 -2
1227 A 9 1 57 -2 -72 2
1227 A 9 1 78 -3 -94 3
1227 A 9 1 89 -3 118 -4
1227 A 9 1 116 -3 150 -4
1227 A 9 1 119 -3 -119 4
1227 A 9 1 115 -4 127 -4
1227 A 9 1 137 -4 -143 4
1227 A 20 0 1 -3 2 -3
1227 A 20 0 -1 -3 12 -9
1227 A 20 0 4 -3 -3 -9
1227 A 20 0 -7 -3 -10 9
1227 A 20 0 10 -3 1 9
1227 A 20 0 -5 -7 4 -9
1227 A 20 0 12 -7 5 -9
1227 A 20 0 -6 -7 13 -7
1227 A 20 0 1 -9 -8 9
1227 A -11 1 -18 -1 -82 -3
1227 A -11 1 -29 -1 51 2
1227 A -11 1 -44 -1 69 2
1227 A -11 1 -57 -2 -73 -2
1227 A -11 1 -77 -3 -119 -4
1227 A -11 1 -79 -3 131 4
1227 A -11 1 -89 -3 133 5
1227 A -11 1 -94 -3 -142 -5
1227 A -11 1 -98 -3 136 5
1227 A -11 1 -132 -5 -139 -5
1227 A 10 1 19 -1 85 -3
1227 A 10 1 30 -1 -53 2
1227 A 10 1 45 -1 -71 2
1227 A 10 1 59 -2 75 -2
1227 A 10 1 80 -3 123 -4
1227 A 10 1 82 -3 -135 4
1227 A 10 1 92 -3 -138 5
1227 A 10 1 97 -3 147 -5
1227 A 10 1 101 -3 -141 5
1227 A 10 1 137 -5 144 -5
1227 A -12 1 -12 -1 -92 -3
1227 A -12 1 -13 -1 -110 -4
1227 A -12 1 -23 -1 90 4
1227 A -12 1 -26 -1 68 3
1227 A -12 1 -30 -1 79 3
1227 A -12 1 -39 -1 138 5
1227 A -12 1 -45 -1 -53 -2
1227 A -12 1 -36 -2 -91 -4
1227 A -12 1 -59 -2 141 5
1227 A -12 1 -68 -2 -119 -4
1227 A -12 1 -69 -2 -82 -3
1227 A -12 1 -71 -2 -86 -4
1227 A -12 1 -64 -3 120 5
1227 A -12 1 -80 -3 -133 -5
1227 A -12 1 -106 -4 131 5
1227 A 11 1 13 -1 95 -3
1227 A 11 1 14 -1 114 -4
1227 A 11 1 24 -1 -94 4
1227 A 11 1 27 -1 -71 3
1227 A 11 1 31 -1 -82 3
1227 A 11 1 40 -1 -143 5
1227 A 11 1 46 -1 55 -2
1227 A 11 1 38 -2 95 -4
1227 A 11 1 61 -2 -146 5
1227 A 11 1 70 -2 123 -4
1227 A 11 1 71 -2 85 -3
1227 A 11 1 73 -2 90 -4
1227 A 11 1 67 -3 -125 5
1227 A 11 1 83 -3 138 -5
1227 A 11 1 110 -4 -136 5
1227 A 21 0 -2 -4 -12 8
1227 A 21 0 6 -4 4 8
1227 A 21 0 -1 -8 9 -8
1227 A -13 1 -12 -1 -24 -1
1227 A -13 1 -15 -1 137 6
1227 A -13 1 -27 -1 -55 -2
1227 A -13 1 -42 -1 -62 -3
1227 A -13 1 -35 -2 102 5
1227 A -13 1 -44 -2 60 2
1227 A -13 1 -58 -3 -66 -3
1227 A -13 1 -59 -3 -85 -4
1227 A -13 1 -125 -5 -134 -6
1227 A 12 1 13 -1 25 -1
1227 A 12 1 16 -1 -143 6
1227 A 12 1 28 -1 57 -2
1227 A 12 1 43 -1 65 -3
1227 A 12 1 37 -2 -107 5
1227 A 12 1 46 -2 -62 2
1227 A 12 1 61 -3 69 -3
1227 A 12 1 62 -3 89 -4
1227 A 12 1 130 -5 140 -6
1227 A -14 1 -14 -1 -143 -6
1227 A -14 1 -32 -1 118 6
1227 A -14 1 -33 -1 -38 -1
1227 A 13 1 15 -1 149 -6
1227 A 13 1 33 -1 -124 6
1227 A 13 1 34 -1 39 -1
1227 A 23 0 1 -3 2 -3
1227 A 23 0 -3 -4 -14 8
1227 A 23 0 7 -4 6 8
1227 A 23 0 -4 -4 -8 4
1227 A 23 0 -5 -4 -5 -8
1227 A 23 0 9 -4 13 -8
1227 A -16 1 -31 -2 -111 -5
1227 A -16 1 -92 -5 114 5
1227 A 15 1 33 -2 116 -5
1227 A 15 1 97 -5 -119 5
1227 A 25 0 -7 -8 5 -11
1227 A 25 0 15 -8 6 -11
1227 A 25 0 -8 -8 16 -8
1227 A -19 1 -37 -2 111 6
1227 A 18 1 39 -2 -117 6
1227 A -21 1 -36 -2 -86 -7
1227 A 20 1 38 -2 93 -7
1227 A 28 0 -8 -9 -17 9
1227 A 28 0 -2 -13 15 -13
1227 A 34 0 -2 -9 11 -9
1227 A 38 0 -4 -17 21 -17
1227 A 41 0 4 -9 5 -9
1227 A 46 0 -21 -3 24 -3
1227 A 50 0 -16 -17 33 -17
1227 A 55 0 -9 -23 32 -23
1227 A 61 0 -20 -5 25 -5
1227 A 76 0 -17 -17 34 -17
1227 A 82 0 -36 -9 45 -9
1227 A 91 0 -15 -15 30 -15
1227 A 100 0 -33 -33 66 -33
1227 S 3 1 11 0
1227 S -5 2 11 0
1227 S -2 3 11 0
1227 S 1 4 11 0
1227 S -7 5 11 0
1227 S -4 1 11 0
1227 S 3 2 11 0
1227 S -1 3 11 0
1227 S -5 4 11 0
1227 S 2 5 11 0
1227 T 64 62 64 -1 0
1227 T 52 1034 1322 0 0
1227 T 1324 1048 1289 0 0
1227 T 1291 1040 50 0 0
1227 T 1040 1046 1034 0 0
1227 T 240 637 1658 0 0
1227 T 1660 649 1621 0 0
1227 T 1623 643 238 0 0
1227 T 643 651 637 0 0
1227 T 140 138 140 0 0
1227 T 211 209 211 1 0
1227 T 525 373 1737 -1 0
1227 T 1739 368 1917 0 0
1227 T 1919 371 527 0 0
1227 T 371 366 373 0 0
1227 T 527 371 1993 0 0
1227 T 1704 376 525 0 0
1227 T 1995 361 1702 0 0
1227 T 376 363 371 0 0
1227 T 525 528 524 -1 0
1227 T 522 1701 1737 0 0
1227 T 80 76 72 0 0
1227 T 70 2157 2210 0 0
1227 T 2212 1877 78 0 0
1227 T 1877 2159 76 0 0
1227 T 936 969 926 0 0
1227 T 924 967 930 0 0
1227 T 44 2236 1850 0 0
1227 T 40 55 42 0 0
1227 T 1852 2181 38 -1 0
1227 T 55 2183 2236 0 0
1227 T 780 775 779 0 0
1227 T 244 544 1674 0 0
1227 T 1676 548 1637 0 0
1227 T 1639 538 242 0 0
1227 T 538 546 544 0 0
1227 T 1919 324 1994 0 0
1227 T 84 982 1394 0 0
1227 T 1396 1023 1353 0 0
1227 T 1355 988 82 0 0
1227 T 988 1021 982 0 0
1227 T 228 937 2065 -1 0
1227 T 218 222 226 0 0
1227 T 2067 2108 220 0 0
1227 T 222 2106 937 0 0
1227 T 104 87 95 0 0
1227 T 93 2225 1450 0 0
1227 T 1452 2094 102 0 0
1227 T 2094 2227 87 0 0
1227 T 99 2136 1445 0 0
1227 T 95 90 97 0 0
1227 T 1447 2175 93 0 0
1227 T 90 2173 2136 0 0
1227 T 688 671 679 0 0
1227 T 677 1278 1545 0 0
1227 T 1547 74 686 0 0
1227 T 74 1280 671 0 0
1227 T 683 79 1470 0 0
1227 T 679 674 681 0 0
1227 T 1472 1311 677 0 0
1227 T 674 1309 79 0 0
1227 T 181 185 178 0 0
1227 T 180 952 2149 0 0
1227 T 2151 2011 183 0 0
1227 T 2011 950 185 0 0
1227 T 183 1933 2201 0 0
1227 T 175 192 181 0 0
1227 T 2203 953 173 0 0
1227 T 192 955 1933 0 0
1227 T 800 1002 790 0 0
1227 T 792 1528 1301 0 0
1227 T 1303 93 798 0 0
1227 T 93 1526 1002 0 0
1227 T 795 93 1270 0 0
1227 T 787 999 793 0 0
1227 T 1272 1602 785 0 0
1227 T 999 1604 93 0 0
1227 T 236 572 1561 0 0
1227 T 1563 552 1705 0 0
1227 T 1707 558 234 0 0
1227 T 558 550 572 0 0
1227 T 231 563 1741 0 0
1227 T 1488 572 229 0 0
1227 T 1743 553 1486 0 0
1227 T 572 555 563 0 0
1227 T 122 2153 2206 0 0
1227 T 120 116 124 1 0
1227 T 2208 1849 118 0 0
1227 T 116 1851 2153 -1 0
1227 T 112 130 106 0 0
1227 T 108 2131 846 0 0
1227 T 848 2090 110 0 0
1227 T 2090 2129 130 -1 0
1227 T 612 278 1737 0 0
1227 T 1703 276 606 0 0
1227 T 282 274 278 0 0
1227 T 816 1082 1377 0 0
1227 T 808 947 814 0 0
1227 T 1379 29 806 0 0
1227 T 947 31 1082 0 0
1227 T 811 947 801 0 0
1227 T 803 29 1338 0 0
1227 T 1340 1127 809 0 0
1227 T 1127 31 947 0 0
1227 T 1996 1477 606 0 0
1227 T 1477 362 274 0 0
1227 T 280 368 1555 0 0
1227 T 1553 1919 612 0 0
1227 T 920 44 1509 0 0
1227 T 912 993 918 0 0
1227 T 1511 1117 910 0 0
1227 T 993 1119 44 0 0
1227 T 915 992 905 0 0
1227 T 907 1076 1585 0 0
1227 T 1587 37 913 0 0
1227 T 37 1074 992 0 0
1227 T 676 731 666 0 0
1227 T 668 1712 1305 0 0
1227 T 1307 145 674 0 0
1227 T 145 1710 731 0 0
1227 T 671 144 1274 0 0
1227 T 663 734 669 0 0
1227 T 1276 1746 661 0 0
1227 T 734 1748 144 0 0
1227 T 896 891 895 0 0
1227 T 893 125 1497 0 0
1227 T 1576 126 894 0 0
1227 T 1499 628 1574 0 0
1227 T 244 1648 714 0 0
1227 T 716 751 710 0 0
1227 T 712 1681 242 0 0
1227 T 1681 749 1648 0 0
1227 T 324 322 324 -1 0
1227 T 646 648 646 0 0
1227 T 253 257 250 0 0
1227 T 252 2192 1754 0 0
1227 T 1756 731 255 0 0
1227 T 731 2190 257 0 0
1227 T 255 734 1718 0 0
1227 T 247 264 253 0 0
1227 T 1720 2242 245 0 0
1227 T 264 2244 734 0 0
1227 T 104 1202 1018 0 0
1227 T 1020 1051 1010 0 0
1227 T 1012 1687 102 0 0
1227 T 1687 1049 1202 0 0
1227 T 99 1649 1005 0 0
1227 T 1015 1268 97 0 0
1227 T 1007 1051 1013 0 0
1227 T 1268 1049 1649 0 0
1227 T 1511 727 255 0 0
1227 T 1756 724 1509 0 0
1227 T 727 722 729 0 0
1227 T 255 727 1585 0 0
1227 T 1587 717 1718 0 0
1227 T 736 719 727 0 0
1227 T 368 1515 518 0 0
1227 T 520 516 524 0 0
1227 T 647 1592 1515 0 0
1227 T 516 1590 362 0 0
1227 T 880 899 886 0 0
1227 T 884 901 874 0 0
1227 T 33 35 33 -1 0
1227 T 100 1899 2089 0 0
1227 T 104 25 98 0 0
1227 T 2132 1901 102 0 0
1227 T 844 315 2102 0 0
1227 T 2104 309 2061 0 0
1227 T 2063 317 842 0 0
1227 T 317 311 315 0 0
1227 T 1756 91 910 0 0
1227 T 91 724 1119 0 0
1227 T 907 86 1718 0 0
1227 T 1074 717 86 0 0
1227 T 440 758 1953 0 0
1227 T 432 472 438 0 0
1227 T 1955 2136 430 0 0
1227 T 472 2134 758 0 0
1227 T 435 465 425 0 0
1227 T 427 2094 2029 0 0
1227 T 2031 755 433 0 0
1227 T 755 2096 465 0 0
1227 T 104 772 1257 0 0
1227 T 1259 1195 1456 -1 0
1227 T 773 768 772 0 0
1227 T 1195 766 98 0 0
1227 T 956 2173 430 0 0
1227 T 1955 92 954 0 0
1227 T 427 2227 949 0 0
1227 T 951 85 2029 0 0
1227 T 890 882 886 0 0
1227 T 888 1673 154 0 0
1227 T 152 1640 882 0 0
1227 T 120 136 110 0 0
1227 T 112 2050 862 0 0
1227 T 864 2188 118 0 0
1227 T 2188 2052 136 0 0
1227 T 115 2238 857 0 0
1227 T 107 136 113 0 0
1227 T 859 1976 105 0 0
1227 T 136 1974 2238 0 0
1227 T 292 2234 1450 0 0
1227 T 282 286 290 0 0
1227 T 286 1446 2181 0 0
1227 T 396 640 1633 0 0
1227 T 388 457 394 0 0
1227 T 1635 2222 386 0 0
1227 T 457 2224 640 0 0
1227 T 391 464 381 0 0
1227 T 383 2172 1669 0 0
1227 T 1671 641 389 0 0
1227 T 641 2170 464 0 0
1227 T 252 2347 910 0 0
1227 T 2190 91 2347 0 0
1227 T 907 2305 245 0 0
1227 T 2305 86 2244 0 0
1227 T 808 1125 1541 0 0
1227 T 1543 31 814 0 0
1227 T 811 31 1466 0 0
1227 T 1468 1084 801 0 0
1227 T 840 1181 1733 0 0
1227 T 832 870 838 0 0
1227 T 1735 120 830 0 0
1227 T 870 118 1181 0 0
1227 T 835 867 825 0 0
1227 T 827 113 1698 0 0
1227 T 1700 1248 833 0 0
1227 T 1248 115 867 0 0
1227 T 44 963 1678 0 0
1227 T 1680 953 1117 0 0
1227 T 993 955 963 0 0
1227 T 1076 952 1642 0 0
1227 T 1644 958 37 0 0
1227 T 958 950 992 0 0
1227 T 700 454 1733 0 0
1227 T 1735 485 2145 0 0
1227 T 2147 460 698 0 0
1227 T 460 487 454 0 0
1227 T 695 461 2197 0 0
1227 T 1700 455 693 0 0
1227 T 2199 484 1698 0 0
1227 T 455 482 461 0 0
1227 T 84 2346 2262 0 0
1227 T 80 92 82 0 0
1227 T 2264 2191 78 0 0
1227 T 83 85 73 0 0
1227 T 75 2241 2257 0 0
1227 T 2259 2308 81 0 0
1227 T 832 878 822 0 0
1227 T 824 1298 1729 0 0
1227 T 1731 148 830 0 0
1227 T 148 1300 878 0 0
1227 T 827 141 1694 0 0
1227 T 819 875 825 0 0
1227 T 1696 1332 817 0 0
1227 T 875 1330 141 0 0
1227 T 398 390 394 0 0
1227 T 396 8 1629 1 0
1227 T 1631 1668 400 -1 0
1227 T 1668 7 390 0 0
1227 T 368 416 358 0 0
1227 T 360 2214 518 0 0
1227 T 1513 2216 416 0 0
1227 T 355 409 361 0 0
1227 T 515 2164 353 0 0
1227 T 409 2162 1591 0 0
1227 T 180 2223 1778 0 0
1227 T 176 208 178 0 0
1227 T 1780 2170 174 -1 0
1227 T 208 2172 2223 0 0
1227 T 204 998 1561 0 0
1227 T 1563 1026 1621 0 0
1227 T 1623 1008 202 0 0
1227 T 1008 1028 998 0 0
1227 T 199 1009 1657 0 0
1227 T 1488 1003 197 0 0
1227 T 1659 1031 1486 0 0
1227 T 1003 1029 1009 0 0
1227 T 236 291 238 0 0
1227 T 1623 2231 234 0 0
1227 T 291 2229 641 0 0
1227 T 239 286 229 0 0
1227 T 231 2177 1657 0 0
1227 T 640 2179 286 0 0
1227 T 604 621 610 0 0
1227 T 608 619 598 0 0
1227 T 176 911 2285 0 0
1227 T 2328 905 178 0 0
1227 T 2287 59 2326 0 0
1227 T 252 296 242 0 0
1227 T 1639 2122 250 0 0
1227 T 2122 538 296 0 0
1227 T 247 2084 1673 0 0
1227 T 243 297 245 0 0
1227 T 297 543 2084 0 0
1227 T 520 2207 602 0 0
1227 T 600 2154 514 0 0
1227 T 408 404 400 0 0
1227 T 398 2069 2110 0 0
1227 T 2112 943 406 0 0
1227 T 943 2071 404 0 0
1227 T 912 985 902 0 0
1227 T 900 983 906 0 0
1227 T 700 696 692 0 0
1227 T 690 1697 1733 0 0
1227 T 52 39 47 0 0
1227 T 45 1861 2073 0 0
1227 T 2075 2338 50 0 0
1227 T 2338 1863 39 0 0
1227 T 51 2300 2113 0 0
1227 T 47 42 49 0 0
1227 T 2115 1868 45 0 0
1227 T 42 1866 2300 0 0
1227 T 704 748 706 0 0
1227 T 708 227 2061 0 0
1227 T 2104 221 702 0 0
1227 T 1680 1954 722 0 0
1227 T 719 2032 1642 0 0
1227 T 360 1353 510 0 0
1227 T 512 536 518 0 0
1227 T 2216 534 1353 0 0
1227 T 515 529 505 0 0
1227 T 507 1395 353 0 0
1227 T 1395 531 2162 0 0
1227 T 181 1781 2065 0 0
1227 T 2067 2351 190 0 0
1227 T 2351 1783 175 0 0
1227 T 187 2309 2105 0 0
1227 T 2107 1788 181 0 0
1227 T 178 1786 2309 0 0
1227 T 716 757 722 0 0
1227 T 1680 437 714 0 0
1227 T 719 756 709 0 0
1227 T 711 436 1642 0 0
1227 T 112 1089 854 0 0
1227 T 856 1039 862 0 0
1227 T 2052 1037 1089 0 0
1227 T 859 1034 849 0 0
1227 T 851 1136 105 0 0
1227 T 1136 1036 1974 0 0
1227 T 156 161 146 0 0
1227 T 1711 2218 154 0 0
1227 T 2218 730 161 0 0
1227 T 151 2168 1745 0 0
1227 T 143 160 149 0 0
1227 T 160 735 2168 0 0
1227 T 840 258 2145 0 0
1227 T 1183 485 258 0 0
1227 T 2199 263 833 0 0
1227 T 263 484 1246 0 0
1227 T 808 1936 1305 0 0
1227 T 800 956 806 0 0
1227 T 1307 189 798 0 0
1227 T 803 949 793 0 0
1227 T 795 188 1274 0 0
1227 T 1276 2010 801 0 0
1227 T 252 2355 714 0 0
1227 T 294 1648 2355 0 0
1227 T 711 2313 245 0 0
1227 T 2313 1682 299 0 0
1227 T 148 1508 1225 0 0
1227 T 1227 1242 1221 0 0
1227 T 1223 1609 146 0 0
1227 T 1609 1244 1508 0 0
1227 T 142 1161 1583 0 0
1227 T 1581 1178 1536 0 0
1227 T 1534 1159 144 0 0
1227 T 1159 1180 1161 0 0
1227 T 570 1026 2229 0 0
1227 T 2179 1031 570 0 0
1227 T 746 748 746 1 0
1227 T 1460 1458 1460 0 0
1227 T 320 1359 358 0 0
1227 T 368 2139 318 0 0
1227 T 2139 416 1359 0 0
1227 T 315 2097 361 0 0
1227 T 355 1397 313 0 0
1227 T 1397 409 2097 0 0
1227 T 1680 444 2293 0 0
1227 T 2295 446 714 0 0
1227 T 446 442 439 0 0
1227 T 711 451 2333 0 0
1227 T 2335 444 1642 0 0
1227 T 434 442 451 0 0
1227 T 472 1532 763 0 0
1227 T 761 765 758 0 0
1227 T 2136 767 1532 0 0
1227 T 763 1606 465 0 0
1227 T 755 772 761 0 0
1227 T 1606 770 2094 0 0
1227 T 1555 2301 318 0 0
1227 T 2301 278 2137 0 0
1227 T 315 2343 1478 0 0
1227 T 2099 275 2343 0 0
1227 T 536 565 542 0 0
1227 T 2083 1331 534 0 0
1227 T 565 1329 298 0 0
1227 T 539 565 529 0 0
1227 T 531 1297 2121 0 0
1227 T 295 1299 565 0 0
1227 T 1428 1124 1653 0 0
1227 T 1420 1443 1426 0 0
1227 T 1655 41 1418 0 0
1227 T 1443 43 1124 0 0
1227 T 1423 1438 1413 0 0
1227 T 1415 40 1618 0 0
1227 T 1620 1077 1421 0 0
1227 T 1077 38 1438 0 0
1227 T 1452 1608 1257 0 0
1227 T 1196 1530 1445 0 0
1227 T 668 737 658 0 0
1227 T 660 1367 1205 0 0
1227 T 1207 47 666 0 0
1227 T 47 1365 737 0 0
1227 T 663 47 1142 0 0
1227 T 655 744 661 0 0
1227 T 1144 1405 653 0 0
1227 T 744 1407 47 0 0
1227 T 626 628 626 1 0
1227 T 1436 1434 1436 0 0
1227 T 388 2310 1750 0 0
1227 T 380 450 386 0 0
1227 T 1752 980 378 0 0
1227 T 450 978 2310 0 0
1227 T 383 447 377 0 0
1227 T 379 973 1714 1 0
1227 T 1716 2352 381 0 0
1227 T 2352 975 447 0 0
1227 T 280 295 270 0 0
1227 T 272 1897 2301 0 0
1227 T 2137 1899 295 0 0
1227 T 267 298 273 0 0
1227 T 2343 1904 265 0 0
1227 T 298 1902 2099 0 0
1227 T 716 2087 1113 0 0
1227 T 1115 162 722 0 0
1227 T 162 2085 759 0 0
1227 T 719 159 1070 0 0
1227 T 1072 2125 709 0 0
1227 T 754 2127 159 0 0
1227 T 1581 57 1508 0 0
1227 T 1609 6 1536 0 0
1227 T 1876 2049 50 0 0
1227 T 1291 1092 1874 0 0
1227 T 51 1975 1869 0 0
1227 T 1871 1133 1321 0 0
1227 T 856 1015 846 0 0
1227 T 848 1017 850 -1 0
1227 T 964 1042 970 0 0
1227 T 968 1041 958 0 0
1227 T 544 944 2077 0 0
1227 T 2079 2120 548 0 0
1227 T 2120 942 538 0 0
1227 T 552 288 1185 0 0
1227 T 1187 638 2026 0 0
1227 T 2028 2179 550 0 0
1227 T 292 556 1251 0 0
1227 T 1249 1949 642 0 0
1227 T 2232 1951 556 0 0
1227 T 1222 139 1160 0 0
1227 T 1177 62 1243 0 0
1227 T 676 2190 1209 0 0
1227 T 1211 259 666 0 0
1227 T 663 262 1146 0 0
1227 T 1148 2244 669 0 0
1227 T 708 738 698 0 0
1227 T 2147 1404 706 0 0
1227 T 1404 460 738 0 0
1227 T 703 1362 2197 0 0
1227 T 695 743 701 0 0
1227 T 743 461 1362 0 0
1227 T 564 1025 1949 0 0
1227 T 2027 1032 557 0 0
1227 T 228 929 1313 0 0
1227 T 1315 974 2065 0 0
1227 T 939 976 929 0 0
1227 T 1284 936 221 0 0
1227 T 2107 979 1282 0 0
1227 T 936 977 938 0 0
1227 T 1420 1093 1725 0 0
1227 T 1727 91 1426 0 0
1227 T 91 1095 1441 0 0
1227 T 1423 86 1690 0 0
1227 T 1692 1140 1413 0 0
1227 T 1440 1138 86 0 0
1227 T 44 2472 2293 0 0
1227 T 961 444 2472 0 0
1227 T 2335 2410 37 0 0
1227 T 2410 444 960 0 0
1227 T 1091 1015 2092 0 0
1227 T 2130 1018 1134 0 0
1227 T 360 356 352 -1 0
1227 T 80 2420 2110 0 0
1227 T 74 2069 2479 0 0
1227 T 2477 6 2420 0 0
1227 T 1428 277 1729 0 0
1227 T 1731 296 2365 0 0
1227 T 2367 271 1426 0 0
1227 T 1423 266 2425 0 0
1227 T 1696 276 1421 0 0
1227 T 2427 297 1694 0 0
1227 T 888 245 2442 0 0
1227 T 2444 2084 154 0 0
1227 T 151 2122 2382 0 0
1227 T 2384 252 881 0 0
1227 T 3 5 3 0 0
1227 T 327 325 327 0 0
1227 T 1315 446 190 0 0
1227 T 187 451 1282 0 0
1227 T 1204 1136 1903 0 0
1227 T 1898 1089 1266 0 0
1227 T 1319 293 414 0 0
1227 T 1359 1899 1317 0 0
1227 T 411 300 1286 0 0
1227 T 1288 1902 1397 0 0
1227 T 1379 1799 1305 0 0
1227 T 1934 1797 31 0 0
1227 T 1276 1794 1338 0 0
1227 T 31 1796 2012 0 0
1227 T 604 2209 698 0 0
1227 T 700 1723 610 0 0
1227 T 1723 2211 623 0 0
1227 T 607 1757 693 0 0
1227 T 695 2159 597 0 0
1227 T 618 2157 1757 0 0
1227 T 840 922 842 0 0
1227 T 2063 1382 838 0 0
1227 T 922 1384 319 0 0
1227 T 843 927 833 0 0
1227 T 835 1343 2101 0 0
1227 T 314 1341 927 0 0
1227 T 308 963 2373 0 0
1227 T 304 331 306 0 0
1227 T 2436 957 302 0 0
1227 T 2375 35 2434 0 0
1227 T 840 1945 706 0 0
1227 T 701 833 2023 0 0
1227 T 1207 1807 1305 0 0
1227 T 1710 1805 45 0 0
1227 T 1276 1802 1142 0 0
1227 T 45 1804 1748 0 0
1227 T 204 466 1565 0 0
1227 T 1567 428 1625 0 0
1227 T 1627 434 202 0 0
1227 T 199 439 1661 0 0
1227 T 1492 471 197 0 0
1227 T 1663 429 1490 0 0
1227 T 1752 1047 1713 0 0
1227 T 976 1045 978 0 0
1227 T 2444 2280 146 0 0
1227 T 163 2278 2082 0 0
1227 T 143 2280 2382 0 0
1227 T 2124 2278 158 0 0
1227 T 504 562 510 0 0
1227 T 508 560 498 0 0
1227 T 708 2114 610 0 0
1227 T 2114 738 1721 0 0
1227 T 607 2076 701 0 0
1227 T 1759 743 2076 0 0
1227 T 80 1888 2389 0 0
1227 T 2391 2044 82 0 0
1227 T 2044 1886 90 0 0
1227 T 83 1966 2449 0 0
1227 T 2451 1881 73 0 0
1227 T 87 1883 1966 0 0
1227 T 1876 133 2458 0 0
1227 T 2460 2185 50 0 0
1227 T 51 2239 2398 0 0
1227 T 2400 133 1869 0 0
1227 T 252 424 1113 0 0
1227 T 2353 2087 424 0 0
1227 T 1072 417 245 0 0
1227 T 417 2125 2315 0 0
1227 T 180 990 1105 0 0
1227 T 1107 960 2149 0 0
1227 T 1064 995 173 0 0
1227 T 2203 961 1062 0 0
1227 T 348 762 2369 0 0
1227 T 340 468 346 0 0
1227 T 2371 1605 338 0 0
1227 T 343 469 333 0 0
1227 T 335 1531 2429 0 0
1227 T 2431 762 341 0 0
1227 T 180 387 1109 0 0
1227 T 1111 1634 1778 0 0
1227 T 1779 1672 1066 1 0
1227 T 1068 382 173 0 0
1227 T 2079 30 1866 0 0
1227 T 1864 29 2118 0 0
1227 T 30 31 35 0 0
1227 T 824 2071 1545 0 0
1227 T 816 941 822 0 0
1227 T 1547 402 814 0 0
1227 T 819 944 809 0 0
1227 T 811 407 1470 0 0
1227 T 1472 2109 817 0 0
1227 T 824 568 2365 0 0
1227 T 2427 568 817 0 0
1227 T 200 212 202 0 0
1227 T 1357 28 1400 0 0
1227 T 2295 166 2334 0 0
1227 T 80 1296 622 0 0
1227 T 624 1235 1501 0 0
1227 T 1503 1838 78 0 0
1227 T 1838 1233 1296 0 0
1227 T 75 1835 1577 0 0
1227 T 619 1326 73 0 0
1227 T 1579 1170 617 0 0
1227 T 1326 1172 1835 0 0
1227 T 164 1980 1598 0 0
1227 T 1600 1615 1594 0 0
1227 T 1596 1261 162 0 0
1227 T 1261 1613 1980 0 0
1227 T 157 1522 2056 0 0
1227 T 1197 1520 159 0 0
1227 T 2054 1539 1199 0 0
1227 T 1520 1537 1522 0 0
1227 T 2151 30 2438 0 0
1227 T 2440 1795 183 0 0
1227 T 183 1798 2378 0 0
1227 T 2380 30 2201 0 0
1227 T 308 1978 1213 0 0
1227 T 1219 1613 306 0 0
1227 T 1215 1263 1217 0 0
1227 T 301 1150 2054 0 0
1227 T 1537 1156 303 0 0
1227 T 1156 1197 1150 0 0
1227 T 1303 1445 1373 0 0
1227 T 1375 2175 798 0 0
1227 T 795 2225 1334 0 0
1227 T 1336 1452 1270 0 0
1227 T 504 2462 594 0 0
1227 T 596 1369 510 0 0
1227 T 1369 2464 564 0 0
1227 T 507 1411 589 0 0
1227 T 591 2404 497 0 0
1227 T 557 2402 1411 0 0
1227 T 272 1090 634 0 0
1227 T 636 1267 2301 0 0
1227 T 631 1135 265 0 0
1227 T 2343 1201 629 0 0
1227 T 166 2026 1949 0 0
1227 T 1027 1031 1021 -1 0
1227 T 2044 1606 1442 0 0
1227 T 1094 1608 1888 0 0
1227 T 1439 1532 1966 0 0
1227 T 1881 1530 1139 0 0
1227 T 1455 1453 1455 1 0
1227 T 1375 432 806 0 0
1227 T 803 425 1334 0 0
1227 T 1788 1751 1109 0 0
1227 T 1068 1713 1781 0 0
1227 T 396 1944 1831 0 0
1227 T 1829 1170 1633 0 0
1227 T 638 1172 1944 0 0
1227 T 1831 2018 389 0 0
1227 T 1671 1235 1829 0 0
1227 T 2018 1233 643 0 0
1227 T 416 2356 1846 0 0
1227 T 408 421 414 0 0
1227 T 1848 2088 406 0 0
1227 T 411 420 401 0 0
1227 T 403 2126 1841 0 0
1227 T 1843 2314 409 0 0
1227 T 1115 2219 727 0 0
1227 T 727 2165 1070 0 0
1227 T 824 543 1653 0 0
1227 T 1655 533 2365 0 0
1227 T 1620 538 817 0 0
1227 T 2427 532 1618 0 0
1227 T 1511 2454 262 0 0
1227 T 2454 727 247 0 0
1227 T 259 2396 1585 0 0
1227 T 250 727 2396 0 0
1227 T 1319 1647 1846 0 0
1227 T 1843 1681 1286 0 0
1227 T 1294 1722 1879 0 0
1227 T 1878 1760 1328 0 0
1227 T 816 2080 1653 0 0
1227 T 1620 2118 809 0 0
1227 T 1543 1867 1653 0 0
1227 T 1620 1862 1466 0 0
1227 T 1122 533 269 0 0
1227 T 268 532 1079 0 0
1227 T 864 916 870 0 0
1227 T 1181 914 2186 0 0
1227 T 867 917 857 0 0
1227 T 2240 919 1248 0 0
1227 T 213 2201 2373 0 0
1227 T 308 1064 215 0 0
1227 T 215 1105 301 0 0
1227 T 2435 2151 213 0 0
1227 T 416 2359 2262 0 0
1227 T 2264 164 2214 0 0
1227 T 1513 162 2359 0 0
1227 T 2259 2317 409 0 0
1227 T 2164 157 2257 0 0
1227 T 2317 159 1591 0 0
1227 T 504 1289 586 0 0
1227 T 588 636 594 0 0
1227 T 2464 634 1289 0 0
1227 T 591 629 581 0 0
1227 T 583 1323 497 0 0
1227 T 1323 631 2402 0 0
1227 T 824 2477 686 0 0
1227 T 683 2419 817 0 0
1227 T 1347 1876 1742 0 0
1227 T 562 1874 2045 0 0
1227 T 560 1970 1870 0 0
1227 T 1872 1387 1707 0 0
1227 T 2403 266 1870 0 0
1227 T 2462 1874 270 0 0
1227 T 1311 2261 1209 0 0
1227 T 1148 2260 1278 0 0
1227 T 164 1088 534 0 0
1227 T 2279 1331 1088 0 0
1227 T 531 1129 157 0 0
1227 T 1129 1297 2279 0 0
1227 T 252 1087 902 0 0
1227 T 2345 985 1087 0 0
1227 T 899 1130 245 0 0
1227 T 1130 984 2307 0 0
1227 T 47 2458 2481 0 0
1227 T 2483 2185 37 0 0
1227 T 43 2240 2485 0 0
1227 T 2487 2399 48 0 0
1227 T 1860 1606 42 0 0
1227 T 1123 2042 1858 0 0
1227 T 39 1532 1853 0 0
1227 T 1855 1968 1078 0 0
1227 T 1863 1758 1405 0 0
1227 T 1367 1724 1866 0 0
1227 T 2264 1088 1353 0 0
1227 T 1395 1129 2257 0 0
1227 T 308 1095 338 0 0
1227 T 2371 1885 306 0 0
1227 T 303 1884 2429 0 0
1227 T 335 1138 301 0 0
1227 T 2328 913 1105 0 0
1227 T 1064 920 2286 0 0
1227 T 1942 57 2019 0 0
1227 T 348 766 1213 0 0
1227 T 1215 759 2369 0 0
1227 T 1152 771 341 0 0
1227 T 2431 754 1150 0 0
1227 T 204 187 195 0 0
1227 T 193 1801 1705 0 0
1227 T 1707 2558 202 0 0
1227 T 2558 1803 187 0 0
1227 T 199 2524 1741 0 0
1227 T 195 190 197 0 0
1227 T 1743 1808 193 0 0
1227 T 190 1806 2524 0 0
1227 T 1000 552 2560 0 0
1227 T 2522 553 1001 0 0
1227 T 580 65 1097 0 0
1227 T 1099 2254 1209 0 0
1227 T 1211 1940 578 0 0
1227 T 1940 2256 65 0 0
1227 T 575 2014 1146 0 0
1227 T 1056 65 573 0 0
1227 T 1148 2251 1054 0 0
1227 T 65 2249 2014 0 0
1227 T 1600 325 1521 0 0
1227 T 1519 6 1594 0 0
1227 T 350 342 346 0 0
1227 T 348 2468 502 0 0
1227 T 500 2405 342 0 0
1227 T 2405 166 2468 0 0
1227 T 1547 410 2497 0 0
1227 T 2499 419 814 0 0
1227 T 811 422 2533 0 0
1227 T 2535 415 1470 0 0
1227 T 676 2416 1377 0 0
1227 T 1379 591 679 0 0
1227 T 591 2414 681 0 0
1227 T 679 594 1338 0 0
1227 T 1340 2474 669 0 0
1227 T 688 2476 594 0 0
1227 T 156 429 1389 0 0
1227 T 1817 1661 154 0 0
1227 T 1391 1492 1819 0 0
1227 T 151 1627 1817 0 0
1227 T 1819 1565 1350 0 0
1227 T 1352 428 149 0 0
1227 T 677 581 2497 0 0
1227 T 1280 410 581 0 0
1227 T 2535 588 677 0 0
1227 T 588 415 1309 0 0
1227 T 2414 1799 147 0 0
1227 T 142 1794 2476 0 0
1227 T 0 2530 2493 0 0
1227 T 2495 338 1418 0 0
1227 T 1416 336 2530 0 0
1227 T 338 334 478 0 0
1227 T 1727 308 2493 0 0
1227 T 2532 302 1689 0 0
1227 T 1218 311 1156 0 0
1227 T 1199 172 1262 0 0
1227 T 208 206 208 0 0
1227 T 1463 1461 1463 1 0
1227 T 580 613 574 0 0
1227 T 1055 2246 1097 0 0
1227 T 494 498 502 0 0
1227 T 2466 2405 210 -1 0
1227 T 422 2219 2396 0 0
1227 T 2454 2165 419 0 0
1227 T 388 739 2513 0 0
1227 T 2515 1401 394 0 0
1227 T 391 1363 2549 0 0
1227 T 2551 742 381 0 0
1227 T 1315 442 1929 0 0
1227 T 1931 437 190 0 0
1227 T 187 436 2005 0 0
1227 T 2007 442 1282 0 0
1227 T 218 2377 2438 0 0
1227 T 441 965 1253 0 0
1227 T 1255 1042 2409 0 0
1227 T 1192 972 441 0 0
1227 T 2471 1042 1190 0 0
1227 T 152 2291 1574 0 0
1227 T 1576 1578 1570 0 0
1227 T 1572 1173 150 0 0
1227 T 1173 1580 2291 0 0
1227 T 153 1498 2331 0 0
1227 T 1238 1496 155 0 0
1227 T 2329 1502 1240 0 0
1227 T 1496 1504 1498 0 0
1227 T 1727 100 2361 0 0
1227 T 2363 94 1426 0 0
1227 T 1423 94 2421 0 0
1227 T 2423 101 1690 0 0
1227 T 1379 629 2497 0 0
1227 T 2535 636 1338 0 0
1227 T 1084 629 417 0 0
1227 T 424 636 1125 0 0
1227 T 880 1130 2442 0 0
1227 T 2384 1087 873 0 0
1227 T 213 217 214 0 0
1227 T 396 1983 2254 0 0
1227 T 2256 16 1629 0 0
1227 T 2515 257 2254 0 0
1227 T 2549 2249 262 0 0
1227 T 2249 389 2057 0 0
1227 T 2250 1666 13 0 0
1227 T 1931 1663 195 0 0
1227 T 195 1625 2005 0 0
1227 T 1239 1950 2018 0 0
1227 T 1235 1252 1237 0 0
1227 T 2026 1176 1944 0 0
1227 T 1170 1174 1187 0 0
1227 T 1980 759 1887 0 0
1227 T 1882 754 2054 0 0
1227 T 2087 1885 1598 0 0
1227 T 1524 1884 2125 0 0
1227 T 920 2526 262 0 0
1227 T 2526 44 2456 0 0
1227 T 259 2564 913 0 0
1227 T 2394 37 2564 0 0
1227 T 588 2360 1209 0 0
1227 T 1148 2318 581 0 0
1227 T 308 920 2538 0 0
1227 T 2540 2288 215 0 0
1227 T 215 2326 2502 0 0
1227 T 2504 913 301 0 0
1227 T 520 1858 1549 0 0
1227 T 1551 1232 602 0 0
1227 T 2205 1230 1858 0 0
1227 T 599 1165 1474 0 0
1227 T 1476 1855 513 0 0
1227 T 1855 1167 2155 0 0
1227 T 690 682 686 0 0
1227 T 65 69 66 0 0
1227 T 1939 169 2014 0 0
1227 T 615 1230 1166 0 0
1227 T 1168 1890 113 0 0
1227 T 1890 1894 1906 1 0
1227 T 119 1896 1230 0 0
1227 T 1816 1823 1819 0 0
1227 T 1391 136 1814 0 0
1227 T 1823 134 1490 0 0
1227 T 1819 1826 1809 0 0
1227 T 1811 136 1350 0 0
1227 T 1567 134 1826 0 0
1227 T 1543 2297 1418 0 0
1227 T 1415 2339 1466 0 0
1227 T 668 2515 1097 0 0
1227 T 1099 386 658 0 0
1227 T 655 383 1054 0 0
1227 T 1056 2549 661 0 0
1227 T 481 2237 2528 0 0
1227 T 2562 2187 488 0 0
1227 T 292 1896 1257 0 0
1227 T 2236 1608 1896 0 0
1227 T 1196 1889 285 0 0
1227 T 1889 1530 2182 0 0
1227 T 2291 1186 618 0 0
1227 T 2330 622 1250 0 0
1227 T 193 1809 1385 0 0
1227 T 1803 1870 1809 0 0
1227 T 1348 1816 193 0 0
1227 T 1816 1875 1806 0 0
1227 T 512 272 2281 0 0
1227 T 2283 1123 518 0 0
1227 T 515 1078 2321 0 0
1227 T 2323 265 505 0 0
1227 T 2324 1963 590 0 0
1227 T 2040 2283 596 0 0
1227 T 1860 1894 1850 0 0
1227 T 1851 1891 1853 1 0
1227 T 580 105 1101 0 0
1227 T 1103 2491 1057 0 0
1227 T 1059 111 574 0 0
1227 T 1783 1787 1789 0 0
1227 T 236 1828 1557 0 0
1227 T 1559 1483 324 -1 0
1227 T 1905 1824 1828 0 0
1227 T 1483 1822 230 0 0
1227 T 1207 2521 798 0 0
1227 T 795 2559 1142 0 0
1227 T 1207 554 790 0 0
1227 T 787 551 1142 0 0
1227 T 2456 483 2486 0 0
1227 T 2483 486 2394 0 0
1227 T 125 128 124 -1 0
1227 T 888 2388 127 0 0
1227 T 2388 57 2445 0 0
1227 T 2447 884 128 0 0
1227 T 1375 486 2565 0 0
1227 T 2567 424 806 0 0
1227 T 424 488 430 0 0
1227 T 803 417 2577 0 0
1227 T 2579 483 1334 0 0
1227 T 427 481 417 0 0
1227 T 1768 1652 1725 0 0
1227 T 1691 1685 1762 0 0
1227 T 1768 1008 2361 0 0
1227 T 2423 1009 1761 0 0
1227 T 2167 425 2486 0 0
1227 T 2483 432 2217 0 0
1227 T 1495 64 1570 0 0
1227 T 1428 1601 1985 0 0
1227 T 1987 2266 1729 0 0
1227 T 279 2268 1601 0 0
1227 T 1421 1910 1525 0 0
1227 T 1527 2269 274 0 0
1227 T 2269 1912 1696 0 0
1227 T 2567 636 1541 0 0
1227 T 1468 629 2577 0 0
1227 T 1491 2492 1565 0 0
1227 T 1848 1886 1838 0 0
1227 T 1840 1599 406 0 0
1227 T 403 1521 1833 0 0
1227 T 1835 1883 1841 0 0
1227 T 1808 2518 154 0 0
1227 T 2518 48 2220 0 0
1227 T 151 2556 1801 0 0
1227 T 2166 48 2556 0 0
1227 T 1391 2459 1806 0 0
1227 T 1803 2397 1350 0 0
1227 T 2555 425 2398 0 0
1227 T 2460 432 2517 0 0
1227 T 1791 1797 1793 0 0
1227 T 489 493 490 0 0
1227 T 492 337 1057 0 0
1227 T 1103 335 491 0 0
1227 T 2363 998 1985 0 0
1227 T 1912 1003 2421 0 0
1227 T 2283 2042 1549 0 0
1227 T 1476 1968 2321 0 0
1227 T 1503 1846 2389 0 0
1227 T 2451 1843 1577 0 0
1227 T 1931 156 2586 0 0
1227 T 2588 1819 195 0 0
1227 T 195 1819 2574 0 0
1227 T 2576 149 2005 0 0
1227 T 1430 1432 1430 1 0
1227 T 54 56 54 1 0
1227 T 656 751 658 0 0
1227 T 2004 2569 314 0 0
1227 T 2569 222 927 0 0
1227 T 922 227 2583 0 0
1227 T 2581 1928 319 0 0
1227 T 1776 1031 2193 -1 0
1227 T 2195 1023 2141 0 0
1227 T 2143 1025 1774 0 0
1227 T 627 2445 2386 0 0
1227 T 893 2506 154 0 0
1227 T 2506 125 2332 0 0
1227 T 151 2544 893 0 0
1227 T 2290 125 2544 0 0
1227 T 1768 1028 1985 0 0
1227 T 1912 1029 1761 0 0
1227 T 1475 1959 590 0 0
1227 T 1959 1967 1961 0 0
1227 T 2040 2042 2034 0 0
1227 T 2036 1551 596 0 0
1227 T 2584 968 1313 0 0
1227 T 1284 969 2570 0 0
1227 T 708 50 1989 1 0
1227 T 1991 2299 610 0 0
1227 T 607 2337 1914 0 0
1227 T 1916 51 701 0 0
1227 T 2584 1256 1929 0 0
1227 T 2007 1189 2570 0 0
1227 T 168 166 168 -1 0
1227 T 545 2543 2508 0 0
1227 T 122 2546 2509 0 0
1227 T 2511 291 622 0 0
1227 T 620 285 2546 0 0
1227 T 2004 2006 1998 0 0
1227 T 2000 1190 314 0 0
1227 T 1253 1924 319 0 0
1227 T 1924 1932 1926 0 0
1227 T 2588 1826 1385 0 0
1227 T 1348 1823 2574 0 0
1227 T 2511 555 2330 0 0
1227 T 2292 550 2545 0 0
1227 T 1776 1763 1771 -1 0
1227 T 1769 1910 2193 0 0
1227 T 1771 1766 1773 0 0
1227 T 2144 1987 1769 0 0
1227 T 2 1 2 -1 0
1227 T 1483 150 1998 0 0
1227 T 2004 2573 1481 0 0
1227 T 1557 1921 154 0 0
1227 T 2586 1927 1559 0 0
1227 T 2248 2246 2248 0 0
1227 T 58 60 58 0 0
1227 T 129 131 129 0 0
1227 T 660 2625 790 0 0
1227 T 1365 554 2625 0 0
1227 T 787 2619 653 0 0
1227 T 2619 551 1407 0 0
1227 T 556 552 548 -1 0
1227 T 2625 4 2620 0 0
1227 T 2040 1436 1961 0 0
1227 T 1959 3 2034 0 0
1227 T 782 786 790 0 0
1227 T 1915 1460 1989 0 0
1227 T 478 474 475 0 0
1227 T 169 171 169 -1 0
1227 T 1987 2615 830 0 0
1227 T 2615 2266 146 0 0
1227 T 827 2621 1910 0 0
1227 T 143 2271 2621 0 0
1227 T 784 782 784 0 0
1227 T 2265 2273 2271 0 0
1227 T 1219 2600 2538 0 0
1227 T 918 2598 1615 0 0
1227 T 2504 2593 1154 0 0
1227 T 1537 2595 915 0 0
1227 T 840 2606 1985 0 0
1227 T 1911 2612 834 0 0
1227 T 2608 2615 872 0 0
1227 T 865 2621 2609 0 0
1227 T 2615 2599 1225 0 0
1227 T 1506 2597 2268 0 0
1227 T 1164 2594 2621 0 0
1227 T 2269 2596 1584 0 0
1227 T 2274 2276 2274 1 0
1227 T 19 1436 21 0 0
1227 T 688 2636 1549 0 0
1227 T 2036 2634 2474 0 0
1227 T 1476 2629 681 0 0
1227 T 2416 2631 1958 0 0
1227 T 2648 1538 862 0 0
1227 T 860 1615 2641 0 0
1227 T 2648 2596 870 0 0
1227 T 867 2597 2642 0 0
1227 T 872 2602 1225 0 0
1227 T 2608 2599 2602 0 0
1227 T 1164 2602 865 0 0
1227 T 2602 2594 2609 0 0
1227 T 1227 2609 2646 0 0
1227 T 2643 2607 1161 0 0
1227 T 2590 2592 2590 0 0
1227 T 148 2632 2654 0 0
1227 T 2656 1959 1798 0 0
1227 T 1795 2033 2650 0 0
1227 T 2652 2633 141 0 0
1227 T 2634 2640 2632 0 0
1227 T 1223 2660 2654 0 0
1227 T 2630 2658 1611 0 0
1227 T 2652 2660 1158 0 0
1227 T 1533 2658 2635 0 0
1227 T 2639 2637 2639 1 0
1227 T 2674 2676 2674 0 0
1227 T 2682 2684 2682 1 0
1227 T 2680 2678 2680 -1 0
1227 T 2700 2698 2700 -1 0
1227 T 2708 2706 2708 -1 0
1227 U 3 1 1 0 0
1227 U 11 2 1 0 0
1227 U 9 1 2 -1 0
1227 U 24 2 1 0 0
1227 U 1341 3 6 0 0
1227 U 224 6 3 0 0
1227 U 2021 6 6 0 0
1227 U 2002 3 3 0 0
1227 U 1347 10 3 0 0
1227 U 230 3 10 0 0
1227 U 2047 10 10 0 0
1227 U 1363 12 5 0 0
1227 U 262 5 12 0 0
1227 U 2059 12 12 0 0
1227 U 270 7 10 0 0
1227 U 2038 7 7 0 0
1227 U 1371 10 7 0 0
1227 U 20 8 7 0 0
1227 U 18 7 8 0 0
1227 U 14 12 11 0 0
1227 U 8 11 12 0 0
1227 U 1385 13 20 0 0
1227 U 1925 13 13 0 0
1227 U 236 20 13 0 0
1227 U 228 16 13 0 0
1227 U 1381 13 16 0 0
1227 U 1948 16 16 0 0
1227 U 1970 20 20 0 0
1227 U 1402 15 22 0 0
1227 U 260 22 15 0 0
1227 U 1982 22 22 0 0
1227 U 1410 17 20 0 0
1227 U 1963 17 17 0 0
1227 U 268 20 17 0 0
1227 U 17 18 17 0 0
1227 U 22 17 18 0 0
1227 U 7 22 21 1 0
1227 U 16 21 22 0 0
1227 Q 62 28 62 28 0 0 0 0 1 0
1227 Q 138 848 209 846 -1 0 0 0 0 0
1227 Q 62 932 35 934 0 0 0 0 0 0
1227 Q 928 54 922 64 0 0 0 0 0 0
1227 Q 33 967 56 969 0 0 0 0 0 0
1227 Q 26 777 171 778 0 0 -1 0 0 0
1227 Q 169 775 169 775 0 0 0 0 0 0
1227 Q 323 375 645 373 0 0 -1 0 0 0
1227 Q 122 876 6 878 0 0 0 0 0 0
1227 Q 899 4 901 57 0 0 0 0 0 0
1227 Q 140 1780 35 1778 0 0 0 0 0 0
1227 Q 205 983 3 985 0 0 0 0 0 0
1227 Q 84 1434 82 628 0 0 0 0 0 0
1227 Q 138 852 1 854 1 -1 0 0 0 0
1227 Q 2 1017 209 1015 0 0 0 1 -1 1
1227 Q 1042 332 1041 55 0 0 0 0 0 0
1227 Q 5 1880 325 1878 0 0 0 0 0 0
1227 Q 138 860 327 862 0 0 0 0 0 0
1227 Q 325 1035 1 1037 1 -1 0 0 0 0
1227 Q 64 940 646 938 0 0 1 0 0 0
1227 Q 310 352 310 352 0 0 0 0 0 0
1227 Q 456 1463 454 208 1 0 0 0 0 0
1227 Q 649 485 1461 483 0 0 0 0 0 0
1227 Q 240 1453 238 324 0 0 0 0 -1 0
1227 Q 0 1335 56 1373 0 0 0 0 0 0
1227 Q 1303 283 1269 0 0 0 0 0 0 0
1227 Q 646 973 35 979 0 0 0 0 0 0
1227 Q 1049 651 1050 2 0 0 0 0 0 0
1227 Q 62 1844 5 1846 0 0 0 0 0 0
1227 Q 1319 131 1285 64 0 0 0 0 0 0
1227 Q 129 1645 3 1684 0 0 0 0 0 0
1227 Q 138 1067 59 1109 0 0 0 0 0 0
1227 Q 1788 1 1782 140 0 0 0 0 0 0
1227 Q 1749 57 1716 2 0 0 0 0 0 0
1227 Q 62 1400 25 1357 0 0 0 0 0 0
1227 Q 59 1636 35 1669 0 0 0 0 0 0
1227 Q 0 1764 2 1766 0 -1 0 0 0 0
1227 Q 1 1685 329 1652 0 0 -1 1 0 1
1227 Q 34 1328 325 1293 0 0 0 0 0 0
1227 Q 1723 5 1758 36 0 0 0 0 0 0
1227 Q 840 64 834 1432 0 0 0 0 0 0
1227 Q 1430 844 54 842 0 0 0 0 1 0
1227 Q 380 166 378 2248 1 0 0 0 0 0
1227 Q 398 1171 35 1233 0 0 0 0 0 0
1227 Q 330 1268 651 1201 0 0 0 0 0 0
1227 Q 628 2391 3 2450 0 0 0 0 0 0
1227 Q 1430 1776 1 1774 0 0 0 0 1 0
1227 Q 1255 332 1189 168 0 0 0 0 0 0
1227 Q 70 1668 169 1629 0 0 0 0 0 0
1227 Q 13 170 15 171 0 0 0 0 0 0
1227 Q 0 1772 1429 1771 0 0 0 0 0 0
1227 Q 0 2143 6 2193 0 0 0 0 0 0
1227 Q 1912 4 1986 1429 0 0 0 0 0 0
1227 Q 473 1459 474 132 0 0 0 0 0 0
1227 Q 792 2274 786 0 0 0 0 0 0 0
1227 Q 64 2612 3 2606 0 0 0 0 0 0
1227 Q 54 1464 54 1464 0 0 0 0 0 0
1227 Q 580 2591 574 496 0 0 0 0 0 0
1227 Q 107 477 109 2589 0 0 0 0 0 0
1227 Q 138 2643 6 2646 0 0 0 0 0 0
1227 Q 1219 2275 1153 220 0 0 0 0 0 0
1227 Q 69 1168 2640 1230 0 0 0 0 0 0
1227 Q 1223 2637 1157 1792 0 0 0 0 0 0
1227 Q 54 484 2662 486 0 0 0 0 0 0
1227 Q 2664 650 2664 650 0 0 0 0 0 0
1227 Q 0 2580 2662 2565 0 0 0 0 0 0
1227 Q 494 1147 2670 1209 0 0 0 0 0 0
1227 Q 2358 2672 2319 1046 0 0 0 0 0 0
1227 Q 2591 2015 2670 1938 0 0 0 0 0 0
1227 Q 164 2671 158 2676 0 0 0 0 0 0
1227 Q 2674 1592 1045 1513 0 0 0 0 0 0
1227 Q 0 1467 2668 1541 0 0 0 0 0 0
1227 Q 632 2662 634 2666 0 0 0 0 0 0
1227 Q 480 2338 2668 2299 0 0 0 0 0 0
1227 Q 1596 2683 1517 2676 0 0 0 0 0 0
1227 Q 2671 1198 2681 1263 0 0 0 0 0 0
1227 Q 10 2681 12 2684 0 0 0 0 0 0
1227 Q 2678 608 2668 610 0 0 0 0 0 0
1227 Q 1991 480 1913 2680 0 0 0 0 0 0
1227 Q 330 2688 330 2688 0 0 0 0 0 0
1227 Q 2686 1268 2663 1201 0 0 0 0 0 0
1227 Q 2666 2344 2685 2301 0 0 0 0 0 0
1227 Q 2690 316 2685 318 0 0 0 0 0 0
1227 Q 1555 2666 1477 2692 0 0 0 0 0 0
1227 Q 2678 1996 2692 1917 0 0 0 0 0 0
1227 Q 2694 168 2694 168 0 0 0 0 0 0
1227 Q 1255 2688 1189 2696 0 0 0 0 0 0
1227 Q 2690 2000 2695 1921 0 0 0 0 0 0
1227 Q 2690 1483 2700 1557 0 0 0 0 0 0
1227 Q 152 2695 154 2698 0 0 0 0 0 0
1227 Q 2702 60 2702 60 0 0 0 0 0 0
1227 Q 1239 2693 1173 2704 0 0 0 0 0 0
1227 Q 2698 1572 2704 1493 0 0 0 0 0 0
1227 Q 2702 1179 2708 1241 0 0 0 0 0 0
1227 Q 5 2706 5 2706 0 0 0 0 0 0
1227 Q 23 2706 24 2705 0 0 0 0 1 0
