1483 A 7 0 1 -2 -1 2
1483 A 13 0 8 -3 -8 3
1483 A 14 0 1 -2 -1 2
1483 A 17 0 2 -4 -2 4
1483 A -1 1 -160 0 160 0
1483 A 0 1 -160 0 160 0
1483 A -3 1 -141 -1 141 1
1483 A 2 1 142 -1 -142 1
1483 A -5 1 -127 -2 127 2
1483 A 4 1 129 -2 -129 2
1483 A -7 1 -155 -3 155 3
1483 A 6 1 158 -3 -158 3
1483 A -11 1 -27 -1 27 1
1483 A 10 1 28 -1 -28 1
1483 A -13 1 -102 -4 102 4
1483 A 12 1 106 -4 -106 4
1483 A 23 0 5 -10 -5 10
1483 A 26 0 5 -10 -5 10
1483 A 28 0 1 -2 -1 2
1483 A 28 0 15 -2 -15 2
1483 A 34 0 19 -4 -19 4
1483 A 9 0 2 -4 2 -4
1483 A 11 0 7 -3 7 -3
1483 A 13 0 1 -2 1 -2
1483 A 17 0 9 -1 9 -1
1483 A 19 0 1 -2 1 -2
1483 A 4 0 0 -1 -1 1
1483 A 4 0 -1 -1 2 -1
1483 A 5 0 0 -1 1 -1
1483 A 5 0 -1 -1 -1 -2
1483 A 5 0 2 -1 3 -2
1483 A 5 0 3 -1 -1 2
1483 A 5 0 0 -2 -2 2
1483 A 6 0 0 -1 -1 1
1483 A 6 0 -1 -1 2 -1
1483 A 6 0 -2 -1 -3 1
1483 A 7 0 -1 -1 1 3
1483 A 7 0 2 -1 -4 3
1483 A 7 0 -2 -1 -3 1
1483 A 7 0 4 -1 5 -3
1483 A 7 0 -1 -2 1 -3
1483 A 7 0 3 -2 2 -3
1483 A 7 0 -2 -2 4 -2
1483 A 8 0 0 -1 3 -3
1483 A 8 0 1 -1 0 -3
1483 A 8 0 -1 -1 2 3
1483 A 8 0 2 -1 -5 3
1483 A 8 0 -2 -1 3 -1
1483 A 8 0 -3 -1 -4 1
1483 A 8 0 1 -3 2 -3
1483 A 8 0 -1 -3 -4 3
1483 A 9 0 0 -1 -4 4
1483 A 9 0 1 -1 0 4
1483 A 9 0 -1 -1 -4 2
1483 A 9 0 2 -1 2 2
1483 A 9 0 -2 -1 -3 1
1483 A 9 0 -3 -1 -1 -2
1483 A 9 0 4 -1 3 -2
1483 A 9 0 5 -1 -1 2
1483 A 9 0 0 -2 -2 2
1483 A 9 0 -3 -2 1 -4
1483 A 9 0 5 -2 3 -4
1483 A 9 0 -1 -4 5 -4
1483 A 9 0 -2 -4 -6 4
1483 A 10 0 0 -1 1 -1
1483 A 10 0 -1 -1 -6 3
1483 A 10 0 2 -1 3 3
1483 A 10 0 -2 -1 -1 -3
1483 A 10 0 3 -1 4 -3
1483 A 10 0 -3 -1 -2 3
1483 A 10 0 4 -1 -1 3
1483 A 10 0 -4 -1 5 -1
1483 A 10 0 0 -3 -3 3
1483 A 10 0 -2 -3 -5 3
1483 A 11 0 0 -1 -4 4
1483 A 11 0 1 -1 0 4
1483 A 11 0 -1 -1 -2 1
1483 A 11 0 -2 -1 1 -4
1483 A 11 0 3 -1 3 -4
1483 A 11 0 -3 -1 -2 -5
1483 A 11 0 4 -1 7 -5
1483 A 11 0 -4 -1 -1 -2
1483 A 11 0 5 -1 3 -2
1483 A 11 0 6 -1 -1 2
1483 A 11 0 0 -2 -2 2
1483 A 11 0 -2 -2 -1 -5
1483 A 11 0 4 -2 6 -5
1483 A 11 0 -3 -2 -2 3
1483 A 11 0 5 -2 -1 3
1483 A 11 0 -4 -2 6 -2
1483 A 11 0 0 -3 -5 5
1483 A 11 0 3 -3 0 5
1483 A 11 0 -1 -3 -4 3
1483 A 11 0 -2 -3 1 -5
1483 A 11 0 5 -3 4 -5
1483 A 11 0 -3 -3 3 4
1483 A 11 0 6 -3 -7 4
1483 A 11 0 2 -4 8 -5
1483 A 11 0 -1 -4 5 -4
1483 A 11 0 -2 -4 -2 5
1483 A 11 0 6 -4 -3 5
1483 A 12 0 0 -1 -1 1
1483 A 12 0 -1 -1 2 -1
1483 A 12 0 -2 -1 3 -5
1483 A 12 0 3 -1 2 -5
1483 A 12 0 -3 -1 -4 1
1483 A 12 0 -4 -1 -1 5
1483 A 12 0 5 -1 -4 5
1483 A 12 0 -5 -1 6 -5
1483 A 12 0 6 -1 -1 -5
1483 A 12 0 0 -5 -5 5
1483 A 12 0 -2 -5 7 -5
1483 A 12 0 -3 -5 -8 5
1483 A 13 0 0 -1 2 -2
1483 A 13 0 1 -1 0 -2
1483 A 13 0 -1 -1 6 -3
1483 A 13 0 2 -1 -3 -3
1483 A 13 0 -3 -1 5 2
1483 A 13 0 4 -1 -7 2
1483 A 13 0 -4 -1 5 -1
1483 A 13 0 -5 -1 -3 -6
1483 A 13 0 6 -1 9 -6
1483 A 13 0 7 -1 2 -4
1483 A 13 0 -1 -2 -2 -3
1483 A 13 0 3 -2 5 -3
1483 A 13 0 -2 -2 3 5
1483 A 13 0 4 -2 -8 5
1483 A 13 0 -3 -2 -2 6
1483 A 13 0 5 -2 -4 6
1483 A 13 0 1 -3 -7 4
1483 A 13 0 2 -3 3 4
1483 A 13 0 0 -3 5 -5
1483 A 13 0 3 -3 0 -5
1483 A 13 0 -1 -3 2 5
1483 A 13 0 4 -3 -7 5
1483 A 13 0 1 -4 -2 -6
1483 A 13 0 3 -4 8 -6
1483 A 13 0 0 -4 -6 6
1483 A 13 0 4 -4 0 6
1483 A 13 0 -2 -4 -1 5
1483 A 13 0 6 -4 -4 5
1483 A 13 0 -4 -4 8 -4
1483 A 13 0 -1 -5 -6 5
1483 A 13 0 9 -5 3 -6
1483 A 13 0 -1 -6 -7 6
1483 A 14 0 -1 -1 -6 3
1483 A 14 0 2 -1 3 3
1483 A 14 0 -2 -1 -3 1
1483 A 14 0 -3 -1 -2 -3
1483 A 14 0 4 -1 5 -3
1483 A 14 0 -4 -1 -5 1
1483 A 14 0 -5 -1 -4 3
1483 A 14 0 6 -1 1 3
1483 A 14 0 1 -3 -8 5
1483 A 14 0 2 -3 3 5
1483 A 14 0 -5 -3 -4 5
1483 A 14 0 8 -3 -1 5
1483 A 14 0 2 -5 3 -5
1483 A 14 0 -1 -5 -6 5
1483 A 14 0 -4 -5 9 -5
1483 A 15 0 0 -1 -4 4
1483 A 15 0 1 -1 0 4
1483 A 15 0 -1 -1 -1 -7
1483 A 15 0 2 -1 8 -7
1483 A 15 0 -2 -1 -6 7
1483 A 15 0 3 -1 -1 7
1483 A 15 0 -3 -1 8 -2
1483 A 15 0 4 -1 -6 -2
1483 A 15 0 -4 -1 5 -1
1483 A 15 0 -5 -1 -9 4
1483 A 15 0 6 -1 5 4
1483 A 15 0 -6 -1 -1 -2
1483 A 15 0 7 -1 3 -2
1483 A 15 0 8 -1 -1 2
1483 A 15 0 0 -2 -2 2
1483 A 15 0 -2 -2 -8 4
1483 A 15 0 4 -2 4 4
1483 A 15 0 -3 -2 -5 2
1483 A 15 0 -4 -2 -3 -4
1483 A 15 0 6 -2 7 -4
1483 A 15 0 -5 -2 -2 7
1483 A 15 0 7 -2 -5 7
1483 A 15 0 2 -4 11 -7
1483 A 15 0 1 -4 -9 7
1483 A 15 0 3 -4 2 7
1483 A 15 0 -1 -4 5 -4
1483 A 15 0 -2 -4 -3 7
1483 A 15 0 6 -4 -4 7
1483 A 15 0 0 -7 -7 7
1483 A 15 0 -3 -7 -10 7
1483 A 16 0 0 -1 -5 5
1483 A 16 0 1 -1 0 5
1483 A 16 0 -1 -1 -6 3
1483 A 16 0 2 -1 3 3
1483 A 16 0 -2 -1 -5 7
1483 A 16 0 3 -1 -2 7
1483 A 16 0 -3 -1 -4 1
1483 A 16 0 -4 -1 3 -7
1483 A 16 0 5 -1 4 -7
1483 A 16 0 -5 -1 6 -1
1483 A 16 0 -6 -1 3 -5
1483 A 16 0 7 -1 2 -5
1483 A 16 0 -7 -1 8 -3
1483 A 16 0 8 -1 -5 -3
1483 A 16 0 1 -3 2 5
1483 A 16 0 2 -3 -7 5
1483 A 16 0 0 -3 -7 7
1483 A 16 0 3 -3 0 7
1483 A 16 0 -1 -3 -4 3
1483 A 16 0 -2 -3 1 -7
1483 A 16 0 5 -3 6 -7
1483 A 16 0 -4 -3 1 -5
1483 A 16 0 7 -3 4 -5
1483 A 16 0 -6 -3 9 -3
1483 A 16 0 -1 -5 6 -5
1483 A 16 0 -3 -5 8 -7
1483 A 16 0 8 -5 -1 -7
1483 A 16 0 -4 -5 -9 5
1483 A 16 0 -5 -5 2 7
1483 A 16 0 10 -5 -9 7
1483 A 16 0 -3 -7 10 -7
1483 A 16 0 -4 -7 -11 7
1483 A 17 0 0 -1 -6 6
1483 A 17 0 1 -1 0 6
1483 A 17 0 -1 -1 -2 1
1483 A 17 0 -2 -1 1 -6
1483 A 17 0 3 -1 5 -6
1483 A 17 0 -3 -1 8 -2
1483 A 17 0 4 -1 -6 -2
1483 A 17 0 -5 -1 4 5
1483 A 17 0 6 -1 -9 5
1483 A 17 0 -6 -1 -2 -7
1483 A 17 0 7 -1 9 -7
1483 A 17 0 -7 -1 4 8
1483 A 17 0 8 -1 -12 8
1483 A 17 0 1 -2 -4 8
1483 A 17 0 0 -2 -3 3
1483 A 17 0 2 -2 0 3
1483 A 17 0 -1 -2 -6 4
1483 A 17 0 3 -2 2 4
1483 A 17 0 -2 -2 -1 -8
1483 A 17 0 4 -2 9 -8
1483 A 17 0 -3 -2 -4 5
1483 A 17 0 5 -2 -1 5
1483 A 17 0 -4 -2 9 -3
1483 A 17 0 6 -2 -6 -3
1483 A 17 0 -5 -2 4 -6
1483 A 17 0 7 -2 2 -6
1483 A 17 0 1 -3 -3 -4
1483 A 17 0 2 -3 7 -4
1483 A 17 0 -1 -3 5 -8
1483 A 17 0 4 -3 3 -8
1483 A 17 0 -3 -3 5 6
1483 A 17 0 6 -3 -11 6
1483 A 17 0 -4 -3 7 -3
1483 A 17 0 -5 -3 -2 5
1483 A 17 0 8 -3 -3 5
1483 A 17 0 10 -3 3 -6
1483 A 17 0 0 -4 7 -7
1483 A 17 0 4 -4 0 -7
1483 A 17 0 -1 -4 -10 8
1483 A 17 0 5 -4 2 8
1483 A 17 0 -4 -4 8 -4
1483 A 17 0 -5 -4 -3 7
1483 A 17 0 9 -4 -4 7
1483 A 17 0 -6 -4 -2 -6
1483 A 17 0 10 -4 8 -6
1483 A 17 0 0 -5 -8 8
1483 A 17 0 5 -5 0 8
1483 A 17 0 -1 -5 -6 5
1483 A 17 0 -2 -5 1 -8
1483 A 17 0 7 -5 7 -8
1483 A 17 0 -5 -5 3 7
1483 A 17 0 10 -5 -10 7
1483 A 17 0 11 -5 12 -7
1483 A 17 0 -1 -6 7 -6
1483 A 17 0 -3 -6 -2 7
1483 A 17 0 9 -6 -5 7
1483 A 17 0 -1 -7 3 8
1483 A 17 0 8 -7 -11 8
1483 A 17 0 -4 -7 -11 7
1483 A 18 0 0 -1 5 -5
1483 A 18 0 1 -1 0 -5
1483 A 18 0 -1 -1 -4 -7
1483 A 18 0 2 -1 11 -7
1483 A 18 0 -2 -1 -3 1
1483 A 18 0 -3 -1 -10 7
1483 A 18 0 4 -1 3 7
1483 A 18 0 -4 -1 -1 -7
1483 A 18 0 5 -1 8 -7
1483 A 18 0 -5 -1 -6 7
1483 A 18 0 6 -1 -1 7
1483 A 18 0 -6 -1 -7 1
1483 A 18 0 -7 -1 2 -7
1483 A 18 0 8 -1 5 -7
1483 A 18 0 -8 -1 9 -5
1483 A 18 0 9 -1 -4 -5
1483 A 18 0 2 -5 -3 5
1483 A 18 0 1 -5 4 -5
1483 A 18 0 -1 -5 12 -7
1483 A 18 0 6 -5 -5 -7
1483 A 18 0 -2 -5 7 -5
1483 A 18 0 -3 -5 4 -7
1483 A 18 0 8 -5 3 -7
1483 A 18 0 -5 -5 10 -5
1483 A 18 0 -6 -5 -11 5
1483 A 18 0 0 -7 -7 7
1483 A 18 0 -2 -7 -9 7
1483 A 19 0 0 -1 2 -2
1483 A 19 0 1 -1 0 -2
1483 A 19 0 -1 -1 -3 -8
1483 A 19 0 2 -1 11 -8
1483 A 19 0 -2 -1 -1 -6
1483 A 19 0 3 -1 7 -6
1483 A 19 0 -3 -1 -5 6
1483 A 19 0 4 -1 -1 6
1483 A 19 0 -4 -1 -3 -7
1483 A 19 0 5 -1 10 -7
1483 A 19 0 -5 -1 3 9
1483 A 19 0 6 -1 -12 9
1483 A 19 0 -6 -1 -9 4
1483 A 19 0 7 -1 5 4
1483 A 19 0 -7 -1 3 2
1483 A 19 0 8 -1 -5 2
1483 A 19 0 -8 -1 -8 3
1483 A 19 0 9 -1 5 3
1483 A 19 0 10 -1 2 -4
1483 A 19 0 -1 -2 12 -8
1483 A 19 0 3 -2 -4 -8
1483 A 19 0 -2 -2 8 -4
1483 A 19 0 4 -2 -4 -4
1483 A 19 0 -4 -2 9 -3
1483 A 19 0 6 -2 -6 -3
1483 A 19 0 -5 -2 -7 2
1483 A 19 0 -6 -2 7 3
1483 A 19 0 8 -2 -10 3
1483 A 19 0 -7 -2 -6 -5
1483 A 19 0 9 -2 11 -5
1483 A 19 0 -8 -2 -11 6
1483 A 19 0 10 -2 5 6
1483 A 19 0 1 -3 -3 -5
1483 A 19 0 2 -3 8 -5
1483 A 19 0 0 -3 7 -7
1483 A 19 0 3 -3 0 -7
1483 A 19 0 -1 -3 -4 3
1483 A 19 0 -2 -3 1 7
1483 A 19 0 5 -3 -8 7
1483 A 19 0 -3 -3 -1 -9
1483 A 19 0 6 -3 10 -9
1483 A 19 0 -4 -3 -3 4
1483 A 19 0 7 -3 -1 4
1483 A 19 0 11 -3 7 5
1483 A 19 0 0 -4 -9 9
1483 A 19 0 4 -4 0 9
1483 A 19 0 -1 -4 -4 7
1483 A 19 0 5 -4 -3 7
1483 A 19 0 -2 -4 6 -4
1483 A 19 0 -3 -4 -5 -8
1483 A 19 0 7 -4 13 -8
1483 A 19 0 -6 -4 13 -9
1483 A 19 0 10 -4 -4 -9
1483 A 19 0 -7 -4 -3 8
1483 A 19 0 11 -4 -5 8
1483 A 19 0 2 -5 -1 8
1483 A 19 0 3 -5 -7 8
1483 A 19 0 1 -5 -4 5
1483 A 19 0 0 -5 8 -8
1483 A 19 0 5 -5 0 -8
1483 A 19 0 -1 -5 7 -9
1483 A 19 0 6 -5 2 -9
1483 A 19 0 -2 -5 6 -7
1483 A 19 0 7 -5 1 -7
1483 A 19 0 -4 -5 9 -5
1483 A 19 0 -5 -5 -12 6
1483 A 19 0 10 -5 6 6
1483 A 19 0 3 -6 13 -7
1483 A 19 0 2 -6 -11 7
1483 A 19 0 4 -6 4 7
1483 A 19 0 0 -6 -6 6
1483 A 19 0 -2 -6 -2 -8
1483 A 19 0 8 -6 10 -8
1483 A 19 0 -3 -6 4 -9
1483 A 19 0 9 -6 5 -9
1483 A 19 0 -4 -6 10 -6
1483 A 19 0 2 -7 1 -9
1483 A 19 0 5 -7 8 -9
1483 A 19 0 -2 -7 2 9
1483 A 19 0 9 -7 -11 9
1483 A 19 0 -5 -7 -12 7
1483 A 19 0 4 -8 5 9
1483 A 19 0 2 -8 6 -8
1483 A 19 0 -1 -8 3 -9
1483 A 19 0 9 -8 6 -9
1483 A -1 1 -20 0 167 0
1483 A -1 1 -24 0 -170 0
1483 A -1 1 -26 0 157 0
1483 A -1 1 -27 0 55 0
1483 A -1 1 -32 0 58 0
1483 A -1 1 -50 0 141 0
1483 A -1 1 -51 0 -80 0
1483 A -1 1 -52 0 -107 0
1483 A -1 1 -54 0 -158 0
1483 A -1 1 -65 0 137 0
1483 A -1 1 -66 0 -163 0
1483 A -1 1 -79 0 -108 0
1483 A -1 1 -88 0 156 0
1483 A -1 1 -104 0 132 0
1483 A -1 1 -113 0 -174 0
1483 A -1 1 -117 0 -130 0
1483 A -1 1 -144 0 -152 0
1483 A 0 1 -20 0 167 0
1483 A 0 1 -24 0 -170 0
1483 A 0 1 -26 0 157 0
1483 A 0 1 -27 0 55 0
1483 A 0 1 -32 0 58 0
1483 A 0 1 -50 0 141 0
1483 A 0 1 -51 0 -80 0
1483 A 0 1 -52 0 -107 0
1483 A 0 1 -54 0 -158 0
1483 A 0 1 -65 0 137 0
1483 A 0 1 -66 0 -163 0
1483 A 0 1 -79 0 -108 0
1483 A 0 1 -88 0 156 0
1483 A 0 1 -104 0 132 0
1483 A 0 1 -113 0 -174 0
1483 A 0 1 -117 0 -130 0
1483 A 0 1 -144 0 -152 0
1483 A -2 1 -20 0 56 0
1483 A -2 1 -21 0 -71 0
1483 A -2 1 -24 0 169 1
1483 A -2 1 -39 0 -151 -1
1483 A -2 1 -49 0 -135 -1
1483 A -2 1 -51 0 -117 0
1483 A -2 1 -79 0 85 0
1483 A -2 1 -81 0 173 1
1483 A -2 1 -129 -1 166 1
1483 A -2 1 -140 -1 174 1
1483 A 1 1 -20 0 56 0
1483 A 1 1 -21 0 -71 0
1483 A 1 1 -24 0 170 -1
1483 A 1 1 -39 0 -152 1
1483 A 1 1 -49 0 -136 1
1483 A 1 1 -51 0 -117 0
1483 A 1 1 -79 0 85 0
1483 A 1 1 -81 0 174 -1
1483 A 1 1 130 -1 -167 1
1483 A 1 1 141 -1 -175 1
1483 A -3 1 -20 0 129 1
1483 A -3 1 -23 0 79 1
1483 A -3 1 -28 0 -172 -1
1483 A -3 1 -30 0 85 1
1483 A -3 1 -33 0 77 1
1483 A -3 1 -36 0 -175 -1
1483 A -3 1 -40 0 66 0
1483 A -3 1 -51 0 -167 -1
1483 A -3 1 -57 0 83 1
1483 A -3 1 -59 0 -112 -1
1483 A -3 1 -72 0 -86 -1
1483 A -3 1 -143 -1 -170 -1
1483 A -3 1 -144 -1 -156 -1
1483 A -3 1 -161 -1 -174 -1
1483 A 2 1 -20 0 130 -1
1483 A 2 1 -23 0 80 -1
1483 A 2 1 -28 0 -173 1
1483 A 2 1 -30 0 86 -1
1483 A 2 1 -33 0 78 -1
1483 A 2 1 -36 0 -176 1
1483 A 2 1 -40 0 66 0
1483 A 2 1 -51 0 -168 1
1483 A 2 1 -57 0 84 -1
1483 A 2 1 -59 0 -113 1
1483 A 2 1 -72 0 -87 1
1483 A 2 1 144 -1 171 -1
1483 A 2 1 145 -1 157 -1
1483 A 2 1 162 -1 175 -1
1483 A -4 1 -20 0 -130 -1
1483 A -4 1 -21 0 69 1
1483 A -4 1 -22 0 -83 -1
1483 A -4 1 -23 0 50 0
1483 A -4 1 -33 0 -54 -1
1483 A -4 1 -36 0 -113 -1
1483 A -4 1 -40 0 -63 -1
1483 A -4 1 -52 0 -77 -1
1483 A -4 1 -56 -1 79 1
1483 A -4 1 -87 -1 -97 -1
1483 A -4 1 -99 -1 115 1
1483 A -4 1 -102 -1 -108 -1
1483 A -4 1 -142 -1 -173 -2
1483 A -4 1 -153 -1 -157 -1
1483 A -4 1 -159 -2 -164 -2
1483 A 3 1 -20 0 -131 1
1483 A 3 1 -21 0 70 -1
1483 A 3 1 -22 0 -84 1
1483 A 3 1 -23 0 50 0
1483 A 3 1 -33 0 -55 1
1483 A 3 1 -36 0 -114 1
1483 A 3 1 -40 0 -64 1
1483 A 3 1 -52 0 -78 1
1483 A 3 1 57 -1 -80 1
1483 A 3 1 88 -1 98 -1
1483 A 3 1 100 -1 -116 1
1483 A 3 1 103 -1 109 -1
1483 A 3 1 143 -1 175 -2
1483 A 3 1 154 -1 158 -1
1483 A 3 1 161 -2 166 -2
1483 A -5 1 -20 0 166 2
1483 A -5 1 -21 0 139 2
1483 A -5 1 -22 0 150 2
1483 A -5 1 -24 0 -109 -1
1483 A -5 1 -37 0 69 1
1483 A -5 1 -40 -1 -129 -2
1483 A -5 1 -42 -1 -173 -2
1483 A -5 1 -48 -1 -54 -1
1483 A -5 1 -65 -1 152 2
1483 A -5 1 -78 -1 -169 -2
1483 A -5 1 -84 -1 -118 -1
1483 A -5 1 -86 -1 -111 -1
1483 A -5 1 -88 -1 175 2
1483 A 4 1 -20 0 168 -2
1483 A 4 1 -21 0 141 -2
1483 A 4 1 -22 0 152 -2
1483 A 4 1 -24 0 -110 1
1483 A 4 1 -37 0 70 -1
1483 A 4 1 41 -1 131 -2
1483 A 4 1 43 -1 175 -2
1483 A 4 1 49 -1 55 -1
1483 A 4 1 66 -1 -154 2
1483 A 4 1 79 -1 171 -2
1483 A 4 1 85 -1 119 -1
1483 A 4 1 87 -1 112 -1
1483 A 4 1 89 -1 -177 2
1483 A 20 0 -5 -1 6 -1
1483 A 20 0 -6 -1 -1 3
1483 A 20 0 7 -1 -2 3
1483 A 20 0 -7 -1 4 -3
1483 A 20 0 8 -1 -1 -3
1483 A 20 0 -8 -1 3 -7
1483 A 20 0 9 -1 4 -7
1483 A 20 0 -9 -1 10 -1
1483 A 20 0 0 -3 -3 3
1483 A 20 0 -2 -3 5 -7
1483 A 20 0 5 -3 2 -7
1483 A 20 0 -4 -3 1 -9
1483 A 20 0 7 -3 8 -9
1483 A 20 0 -5 -3 -8 3
1483 A 20 0 -6 -3 -7 9
1483 A 20 0 9 -3 -2 9
1483 A 20 0 -7 -3 10 -7
1483 A 20 0 10 -3 -3 -7
1483 A 20 0 -8 -3 13 -9
1483 A 20 0 11 -3 -4 -9
1483 A 20 0 -2 -7 -3 9
1483 A 20 0 9 -7 -6 9
1483 A 20 0 -4 -7 -3 -9
1483 A 20 0 11 -7 12 -9
1483 A 20 0 -1 -9 10 -9
1483 A 20 0 -5 -9 14 -9
1483 A -6 1 -22 0 -152 -2
1483 A -6 1 -23 0 -110 -2
1483 A -6 1 -32 0 170 3
1483 A -6 1 -35 0 -114 -2
1483 A -6 1 -32 -1 89 1
1483 A -6 1 -54 -1 115 2
1483 A -6 1 -57 -1 -64 -1
1483 A -6 1 -70 -1 -141 -2
1483 A -6 1 -79 -1 166 3
1483 A -6 1 -81 -1 -100 -1
1483 A -6 1 -85 -1 -129 -2
1483 A 5 1 -22 0 -154 2
1483 A 5 1 -23 0 -112 2
1483 A 5 1 -32 0 173 -3
1483 A 5 1 -35 0 -116 2
1483 A 5 1 33 -1 -90 1
1483 A 5 1 55 -1 -117 2
1483 A 5 1 58 -1 65 -1
1483 A 5 1 71 -1 143 -2
1483 A 5 1 80 -1 -169 3
1483 A 5 1 82 -1 101 -1
1483 A 5 1 86 -1 131 -2
1483 A -7 1 -22 0 148 3
1483 A -7 1 -25 0 -26 -1
1483 A -7 1 -29 0 50 1
1483 A -7 1 -30 0 158 3
1483 A -7 1 -29 -1 -174 -3
1483 A -7 1 -32 -1 -159 -3
1483 A -7 1 -36 -1 -41 -1
1483 A -7 1 -47 -1 -116 -2
1483 A -7 1 -51 -1 -157 -3
1483 A -7 1 -53 -1 -103 -2
1483 A -7 1 -54 -1 -81 -1
1483 A -7 1 -65 -1 95 2
1483 A -7 1 -71 -1 -83 -1
1483 A -7 1 -72 -1 -101 -2
1483 A -7 1 -82 -1 -102 -2
1483 A -7 1 -87 -1 131 2
1483 A -7 1 -97 -2 139 3
1483 A -7 1 -106 -2 134 2
1483 A -7 1 -107 -2 -143 -2
1483 A -7 1 -117 -2 -165 -3
1483 A -7 1 -135 -2 144 2
1483 A 6 1 -22 0 151 -3
1483 A 6 1 -25 0 -27 1
1483 A 6 1 -29 0 51 -1
1483 A 6 1 -30 0 161 -3
1483 A 6 1 30 -1 177 -3
1483 A 6 1 33 -1 162 -3
1483 A 6 1 37 -1 42 -1
1483 A 6 1 48 -1 118 -2
1483 A 6 1 52 -1 160 -3
1483 A 6 1 54 -1 105 -2
1483 A 6 1 55 -1 82 -1
1483 A 6 1 66 -1 -97 2
1483 A 6 1 72 -1 84 -1
1483 A 6 1 73 -1 103 -2
1483 A 6 1 83 -1 104 -2
1483 A 6 1 88 -1 -133 2
1483 A 6 1 99 -2 -142 3
1483 A 6 1 108 -2 -136 2
1483 A 6 1 109 -2 145 -2
1483 A 6 1 119 -2 168 -3
1483 A 6 1 137 -2 -146 2
1483 A -8 1 -22 0 -81 -2
1483 A -8 1 -23 0 114 2
1483 A -8 1 -26 0 99 2
1483 A -8 1 -22 -1 -161 -3
1483 A -8 1 -23 -1 108 2
1483 A -8 1 -24 -1 -32 -1
1483 A -8 1 -26 -1 -97 -2
1483 A -8 1 -29 -1 -126 -3
1483 A -8 1 -33 -1 109 2
1483 A -8 1 -43 -1 59 1
1483 A -8 1 -50 -1 73 1
1483 A -8 1 -51 -1 128 3
1483 A -8 1 -52 -1 105 2
1483 A -8 1 -76 -2 -157 -3
1483 A -8 1 -77 -2 -85 -2
1483 A -8 1 -86 -2 -156 -3
1483 A -8 1 -104 -2 -129 -3
1483 A -8 1 -139 -3 162 3
1483 A -8 1 -143 -3 170 4
1483 A 7 1 -22 0 -83 2
1483 A 7 1 -23 0 116 -2
1483 A 7 1 -26 0 101 -2
1483 A 7 1 23 -1 164 -3
1483 A 7 1 24 -1 -110 2
1483 A 7 1 25 -1 33 -1
1483 A 7 1 27 -1 99 -2
1483 A 7 1 30 -1 129 -3
1483 A 7 1 34 -1 -111 2
1483 A 7 1 44 -1 -60 1
1483 A 7 1 51 -1 -74 1
1483 A 7 1 52 -1 -131 3
1483 A 7 1 53 -1 -107 2
1483 A 7 1 78 -2 160 -3
1483 A 7 1 79 -2 87 -2
1483 A 7 1 88 -2 159 -3
1483 A 7 1 106 -2 132 -3
1483 A 7 1 142 -3 -165 3
1483 A 7 1 146 -3 -174 4
1483 A 21 0 -8 -1 -6 10
1483 A 21 0 9 -1 -4 10
1483 A 21 0 -9 -1 -10 1
1483 A 21 0 11 -1 5 -10
1483 A 21 0 1 -2 13 -5
1483 A 21 0 -1 -2 15 -10
1483 A 21 0 3 -2 -5 -10
1483 A 21 0 -2 -2 4 -2
1483 A 21 0 -3 -2 -2 5
1483 A 21 0 5 -2 -3 5
1483 A 21 0 -6 -2 -8 2
1483 A 21 0 2 -4 -4 8
1483 A 21 0 -2 -4 -3 -5
1483 A 21 0 6 -4 8 -5
1483 A 21 0 -6 -4 -1 -8
1483 A 21 0 10 -4 9 -8
1483 A 21 0 -4 -8 -12 8
1483 A -9 1 -22 0 114 3
1483 A -9 1 -23 0 -68 -1
1483 A -9 1 -24 0 -167 -4
1483 A -9 1 -33 -1 -98 -2
1483 A -9 1 -44 -1 -99 -2
1483 A -9 1 -49 -1 -66 -2
1483 A -9 1 -51 -1 78 2
1483 A -9 1 -58 -1 -101 -2
1483 A -9 1 -83 -2 157 4
1483 A -9 1 -87 -2 -108 -3
1483 A -9 1 -104 -3 150 4
1483 A -9 1 -142 -3 -146 -3
1483 A -9 1 -151 -4 163 4
1483 A -9 1 -159 -4 -173 -4
1483 A 8 1 -22 0 117 -3
1483 A 8 1 -23 0 -69 1
1483 A 8 1 -24 0 -171 4
1483 A 8 1 34 -1 100 -2
1483 A 8 1 45 -1 101 -2
1483 A 8 1 50 -1 68 -2
1483 A 8 1 52 -1 -80 2
1483 A 8 1 59 -1 103 -2
1483 A 8 1 85 -2 -161 4
1483 A 8 1 89 -2 111 -3
1483 A 8 1 107 -3 -154 4
1483 A 8 1 145 -3 149 -3
1483 A 8 1 155 -4 -167 4
1483 A 8 1 163 -4 177 -4
1483 A -10 1 -15 -1 136 3
1483 A -10 1 -18 -1 -174 -4
1483 A -10 1 -24 -1 -92 -3
1483 A -10 1 -27 -1 132 3
1483 A -10 1 -30 -1 169 5
1483 A -10 1 -45 -1 -136 -4
1483 A -10 1 -50 -1 116 3
1483 A -10 1 -53 -1 131 3
1483 A -10 1 -60 -2 -101 -2
1483 A -10 1 -80 -2 -149 -4
1483 A -10 1 -85 -2 -140 -4
1483 A -10 1 -89 -2 -163 -4
1483 A -10 1 -94 -3 115 3
1483 A -10 1 -99 -3 178 4
1483 A -10 1 -105 -3 -110 -3
1483 A -10 1 -161 -4 -171 -4
1483 A 9 1 16 -1 -139 3
1483 A 9 1 19 -1 178 -4
1483 A 9 1 25 -1 95 -3
1483 A 9 1 28 -1 -135 3
1483 A 9 1 31 -1 -174 5
1483 A 9 1 46 -1 140 -4
1483 A 9 1 51 -1 -119 3
1483 A 9 1 54 -1 -134 3
1483 A 9 1 62 -2 103 -2
1483 A 9 1 82 -2 153 -4
1483 A 9 1 87 -2 144 -4
1483 A 9 1 91 -2 167 -4
1483 A 9 1 97 -3 -118 3
1483 A 9 1 102 -3 -182 4
1483 A 9 1 108 -3 113 -3
1483 A 9 1 165 -4 175 -4
1483 A -11 1 -22 0 -120 -3
1483 A -11 1 -25 -1 114 3
1483 A -11 1 -31 -1 93 3
1483 A -11 1 -45 -1 -113 -3
1483 A -11 1 -52 -1 62 2
1483 A -11 1 -51 -2 -90 -2
1483 A -11 1 -53 -2 142 4
1483 A -11 1 -67 -2 172 5
1483 A -11 1 -87 -2 159 4
1483 A -11 1 -88 -2 -168 -5
1483 A -11 1 -92 -2 129 4
1483 A -11 1 -116 -3 -140 -4
1483 A -11 1 -124 -4 -154 -5
1483 A -11 1 -144 -4 -153 -4
1483 A 10 1 -22 0 -123 3
1483 A 10 1 26 -1 -117 3
1483 A 10 1 32 -1 -96 3
1483 A 10 1 46 -1 116 -3
1483 A 10 1 53 -1 -64 2
1483 A 10 1 53 -2 92 -2
1483 A 10 1 55 -2 -146 4
1483 A 10 1 69 -2 -177 5
1483 A 10 1 89 -2 -163 4
1483 A 10 1 90 -2 173 -5
1483 A 10 1 94 -2 -133 4
1483 A 10 1 119 -3 144 -4
1483 A 10 1 128 -4 159 -5
1483 A 10 1 148 -4 157 -4
1483 A 22 0 1 -3 6 -9
1483 A 22 0 2 -3 3 -9
1483 A 22 0 0 -3 -5 5
1483 A 22 0 3 -3 0 5
1483 A 22 0 -1 -3 -4 3
1483 A 22 0 -2 -3 1 -5
1483 A 22 0 5 -3 4 -5
1483 A 22 0 -4 -3 7 -3
1483 A 22 0 -5 -3 4 -7
1483 A 22 0 8 -3 3 -7
1483 A 22 0 -8 -3 -11 5
1483 A 22 0 11 -3 6 5
1483 A 22 0 -1 -5 -2 9
1483 A 22 0 6 -5 -7 9
1483 A 22 0 -2 -9 -11 9
1483 A 22 0 -6 -9 15 -9
1483 A -12 1 -11 -1 127 4
1483 A -12 1 -14 -1 -46 -1
1483 A -12 1 -15 -1 -113 -3
1483 A -12 1 -25 -1 44 2
1483 A -12 1 -28 -1 -64 -2
1483 A -12 1 -32 -1 -56 -2
1483 A -12 1 -48 -1 85 2
1483 A -12 1 -42 -2 -161 -5
1483 A -12 1 -51 -2 -78 -3
1483 A -12 1 -52 -2 103 3
1483 A -12 1 -69 -2 83 3
1483 A -12 1 -81 -2 146 5
1483 A -12 1 -84 -3 -137 -5
1483 A -12 1 -96 -3 105 3
1483 A -12 1 -97 -3 -148 -5
1483 A -12 1 -99 -3 -171 -5
1483 A -12 1 -111 -3 159 5
1483 A -12 1 -117 -3 180 5
1483 A -12 1 -133 -4 179 5
1483 A -12 1 -138 -4 -144 -4
1483 A 11 1 12 -1 -131 4
1483 A 11 1 15 -1 47 -1
1483 A 11 1 16 -1 116 -3
1483 A 11 1 26 -1 -46 2
1483 A 11 1 29 -1 66 -2
1483 A 11 1 33 -1 58 -2
1483 A 11 1 49 -1 -87 2
1483 A 11 1 44 -2 166 -5
1483 A 11 1 53 -2 81 -3
1483 A 11 1 54 -2 -106 3
1483 A 11 1 71 -2 -86 3
1483 A 11 1 83 -2 -151 5
1483 A 11 1 87 -3 142 -5
1483 A 11 1 99 -3 -108 3
1483 A 11 1 100 -3 153 -5
1483 A 11 1 102 -3 176 -5
1483 A 11 1 114 -3 -164 5
1483 A 11 1 120 -3 -185 5
1483 A 11 1 137 -4 -184 5
1483 A 11 1 142 -4 148 -4
1483 A -13 1 -13 -1 158 5
1483 A -13 1 -14 -1 -26 -1
1483 A -13 1 -17 -1 84 3
1483 A -13 1 -19 -1 -169 -6
1483 A -13 1 -29 -1 -99 -3
1483 A -13 1 -33 -1 -87 -3
1483 A -13 1 -43 -1 108 4
1483 A -13 1 -48 -1 151 5
1483 A -13 1 -50 -1 -66 -2
1483 A -13 1 -43 -2 -58 -2
1483 A -13 1 -68 -2 -133 -4
1483 A -13 1 -72 -2 164 6
1483 A -13 1 -74 -2 130 5
1483 A -13 1 -75 -2 -81 -3
1483 A -13 1 -71 -3 -141 -5
1483 A -13 1 -75 -3 -167 -6
1483 A -13 1 -86 -3 104 4
1483 A -13 1 -103 -3 -115 -4
1483 A -13 1 -108 -3 -125 -5
1483 A -13 1 -116 -4 164 5
1483 A -13 1 -132 -4 154 6
1483 A -13 1 -153 -5 171 6
1483 A 12 1 14 -1 -163 5
1483 A 12 1 15 -1 27 -1
1483 A 12 1 18 -1 -87 3
1483 A 12 1 20 -1 175 -6
1483 A 12 1 30 -1 102 -3
1483 A 12 1 34 -1 90 -3
1483 A 12 1 44 -1 -112 4
1483 A 12 1 49 -1 -156 5
1483 A 12 1 51 -1 68 -2
1483 A 12 1 45 -2 60 -2
1483 A 12 1 70 -2 137 -4
1483 A 12 1 74 -2 -170 6
1483 A 12 1 76 -2 -135 5
1483 A 12 1 77 -2 84 -3
1483 A 12 1 74 -3 146 -5
1483 A 12 1 78 -3 173 -6
1483 A 12 1 89 -3 -108 4
1483 A 12 1 106 -3 119 -4
1483 A 12 1 111 -3 130 -5
1483 A 12 1 120 -4 -169 5
1483 A 12 1 136 -4 -160 6
1483 A 12 1 158 -5 -177 6
1483 A 23 0 1 -2 -2 4
1483 A 23 0 -5 -2 7 -2
1483 A 23 0 1 -3 1 10
1483 A 23 0 2 -3 -11 10
1483 A 23 0 13 -3 14 -5
1483 A 23 0 -4 -5 -8 7
1483 A 23 0 9 -5 1 7
1483 A 23 0 3 -6 7 9
1483 A 23 0 3 -7 -9 10
1483 A 23 0 4 -7 -1 10
1483 A 23 0 1 -7 2 -10
1483 A 23 0 6 -7 8 -10
1483 A 23 0 0 -10 10 -10
1483 A -14 1 -13 -1 27 1
1483 A -14 1 -16 -1 -87 -3
1483 A -14 1 -24 -1 89 3
1483 A -14 1 -26 -1 -151 -6
1483 A -14 1 -30 -1 60 2
1483 A -14 1 -38 -1 75 3
1483 A -14 1 -39 -1 156 6
1483 A -14 1 -45 -1 47 2
1483 A -14 1 -36 -2 -146 -5
1483 A -14 1 -38 -2 159 6
1483 A -14 1 -48 -2 -141 -5
1483 A -14 1 -53 -2 128 5
1483 A -14 1 -54 -2 -179 -6
1483 A -14 1 -64 -3 78 3
1483 A -14 1 -90 -3 -99 -4
1483 A -14 1 -89 -4 108 4
1483 A -14 1 -157 -6 173 6
1483 A 13 1 14 -1 -28 1
1483 A 13 1 17 -1 90 -3
1483 A 13 1 25 -1 -92 3
1483 A 13 1 27 -1 157 -6
1483 A 13 1 31 -1 -62 2
1483 A 13 1 39 -1 -78 3
1483 A 13 1 40 -1 -162 6
1483 A 13 1 46 -1 -49 2
1483 A 13 1 38 -2 151 -5
1483 A 13 1 40 -2 -165 6
1483 A 13 1 50 -2 146 -5
1483 A 13 1 55 -2 -133 5
1483 A 13 1 56 -2 185 -6
1483 A 13 1 67 -3 -81 3
1483 A 13 1 93 -3 103 -4
1483 A 13 1 93 -4 -112 4
1483 A 13 1 163 -6 -179 6
1483 A 24 0 2 -7 5 -7
1483 A 24 0 1 -11 10 -11
1483 A 24 0 -1 -11 -12 11
1483 A -15 1 -25 -1 171 7
1483 A -15 1 -31 -1 150 6
1483 A -15 1 -50 -2 93 3
1483 A -15 1 -51 -2 -133 -5
1483 A -15 1 -65 -3 131 5
1483 A -15 1 -78 -3 -132 -6
1483 A -15 1 -103 -4 131 6
1483 A -15 1 -110 -4 165 7
1483 A -15 1 -129 -5 135 6
1483 A 14 1 26 -1 -178 7
1483 A 14 1 32 -1 -156 6
1483 A 14 1 52 -2 -96 3
1483 A 14 1 53 -2 138 -5
1483 A 14 1 68 -3 -136 5
1483 A 14 1 81 -3 138 -6
1483 A 14 1 107 -4 -137 6
1483 A 14 1 114 -4 -172 7
1483 A 14 1 134 -5 -141 6
1483 A -16 1 -17 -1 -21 -1
1483 A -16 1 -48 -2 -52 -2
1483 A -16 1 -109 -5 140 6
1483 A 15 1 18 -1 22 -1
1483 A 15 1 50 -2 54 -2
1483 A 15 1 114 -5 -146 6
1483 A 25 0 0 -9 9 -9
1483 A -17 1 -16 -1 22 1
1483 A 16 1 17 -1 -23 1
1483 A 26 0 -1 -11 12 -11
1483 A 27 0 -1 -4 5 -4
1483 A -22 1 -31 -3 58 4
1483 A 21 1 34 -3 -62 4
1483 S 0 1 7 0
1483 S 0 2 7 0
1483 S 0 3 7 0
1483 S -1 1 7 0
1483 S -2 2 7 0
1483 S -3 3 7 0
1483 S 2 1 13 0
1483 S 4 2 13 0
1483 S -7 3 13 0
1483 S -5 4 13 0
1483 S -3 5 13 0
1483 S -1 6 13 0
1483 S -3 1 13 0
1483 S -6 2 13 0
1483 S 4 3 13 0
1483 S 1 4 13 0
1483 S -2 5 13 0
1483 S -5 6 13 0
1483 S 4 1 17 0
1483 S -9 2 17 0
1483 S -5 3 17 0
1483 S -1 4 17 0
1483 S 3 5 17 0
1483 S -10 6 17 0
1483 S -6 7 17 0
1483 S -2 8 17 0
1483 S -5 1 17 0
1483 S 7 2 17 0
1483 S 2 3 17 0
1483 S -3 4 17 0
1483 S -8 5 17 0
1483 S 4 6 17 0
1483 S -1 7 17 0
1483 S -6 8 17 0
1483 T 216 214 216 0 0
1483 T 292 953 2246 0 0
1483 T 2248 1007 2201 0 0
1483 T 2203 951 290 0 0
1483 T 951 1005 953 0 0
1483 T 1056 407 2758 0 0
1483 T 2760 401 2701 0 0
1483 T 2703 408 1054 0 0
1483 T 408 403 407 0 0
1483 T 1456 1452 1448 -1 0
1483 T 764 760 756 0 0
1483 T 754 2277 2361 0 0
1483 T 2363 446 762 1 0
1483 T 446 2279 760 0 0
1483 T 480 2755 16 0 0
1483 T 476 523 478 0 0
1483 T 15 2698 474 0 0
1483 T 523 2700 2755 0 0
1483 T 1150 1146 1147 0 0
1483 T 1145 9 1901 0 0
1483 T 1903 1964 1152 0 0
1483 T 1964 10 1146 0 0
1483 T 488 515 478 0 0
1483 T 480 817 2693 0 0
1483 T 2695 2588 486 0 0
1483 T 2588 819 515 0 0
1483 T 483 2510 2749 0 0
1483 T 475 518 481 0 0
1483 T 2751 824 473 0 0
1483 T 518 822 2510 0 0
1483 T 1144 330 2725 0 0
1483 T 2727 355 2773 0 0
1483 T 2775 340 1142 0 0
1483 T 340 353 330 0 0
1483 T 1139 341 2837 0 0
1483 T 2672 335 1137 0 0
1483 T 2839 358 2670 0 0
1483 T 335 360 341 0 0
1483 T 84 1794 1402 0 0
1483 T 1404 1517 1406 0 0
1483 T 1408 1851 82 0 0
1483 T 1851 1519 1794 0 0
1483 T 708 531 2337 0 0
1483 T 698 702 706 0 0
1483 T 2339 2424 700 1 0
1483 T 702 2422 531 0 0
1483 T 54 338 342 -1 0
1483 T 344 1459 2821 0 0
1483 T 2823 2888 54 0 0
1483 T 2888 1457 338 0 0
1483 T 168 205 162 0 0
1483 T 1220 1590 1801 0 0
1483 T 1212 1471 1218 0 0
1483 T 1803 4 1210 0 0
1483 T 1471 6 1590 0 0
1483 T 1215 1471 1205 0 0
1483 T 1207 4 1746 0 0
1483 T 1748 1659 1213 0 0
1483 T 1659 6 1471 0 0
1483 T 788 2511 2258 0 0
1483 T 780 821 786 0 0
1483 T 2260 519 778 0 0
1483 T 783 820 773 0 0
1483 T 775 514 2214 0 0
1483 T 2216 2585 781 0 0
1483 T 1280 1386 1270 0 0
1483 T 1272 1911 1717 0 0
1483 T 1719 76 1278 0 0
1483 T 76 1909 1386 0 0
1483 T 1275 77 1678 0 0
1483 T 1267 1391 1273 0 0
1483 T 1680 1969 1265 0 0
1483 T 1391 1971 77 0 0
1483 T 1172 1850 122 0 0
1483 T 1162 1166 1170 0 0
1483 T 1166 118 1793 0 0
1483 T 292 773 2241 0 0
1483 T 2243 814 2197 0 0
1483 T 2199 779 290 0 0
1483 T 779 816 773 0 0
1483 T 61 1421 1645 0 0
1483 T 1647 1416 1893 0 0
1483 T 1895 1419 63 0 0
1483 T 1419 1414 1421 0 0
1483 T 63 1419 1953 0 0
1483 T 1580 1428 61 0 0
1483 T 1955 1409 1578 0 0
1483 T 1428 1411 1419 0 0
1483 T 896 2195 2361 0 0
1483 T 888 1074 894 0 0
1483 T 2363 390 886 0 0
1483 T 1074 392 2195 0 0
1483 T 891 1071 881 0 0
1483 T 883 395 2278 0 0
1483 T 2280 2238 889 0 0
1483 T 2238 393 1071 0 0
1483 T 70 72 70 0 0
1483 T 155 153 155 0 0
1483 T 916 489 2858 0 0
1483 T 2479 449 914 0 0
1483 T 2860 459 2477 0 0
1483 T 449 457 489 0 0
1483 T 911 456 2553 0 0
1483 T 2555 462 2794 0 0
1483 T 2796 496 909 0 0
1483 T 496 464 456 0 0
1483 T 377 381 374 0 0
1483 T 376 1063 2785 0 0
1483 T 2787 2547 379 0 0
1483 T 2547 1061 381 0 0
1483 T 379 2469 2849 0 0
1483 T 371 388 377 0 0
1483 T 2851 1066 369 0 0
1483 T 388 1068 2469 0 0
1483 T 444 715 2237 0 0
1483 T 2239 696 2465 0 0
1483 T 2467 686 442 0 0
1483 T 686 694 715 0 0
1483 T 439 687 2541 -1 0
1483 T 2196 715 437 0 0
1483 T 2543 689 2194 0 0
1483 T 715 691 687 0 0
1483 T 1300 1283 1291 0 0
1483 T 1289 1770 1941 0 0
1483 T 1943 98 1298 0 0
1483 T 98 1772 1283 0 0
1483 T 1295 98 1882 0 0
1483 T 1291 1286 1293 0 0
1483 T 1884 1827 1289 0 0
1483 T 1286 1825 98 0 0
1483 T 240 980 1941 0 0
1483 T 1943 940 2297 0 0
1483 T 2299 930 238 0 0
1483 T 930 938 980 0 0
1483 T 235 927 2381 0 0
1483 T 1884 981 233 0 0
1483 T 2383 933 1882 0 0
1483 T 981 935 927 0 0
1483 T 434 438 442 0 0
1483 T 2467 2544 436 0 0
1483 T 568 2222 638 0 0
1483 T 648 2742 566 0 0
1483 T 640 664 646 0 0
1483 T 2742 662 2222 0 0
1483 T 563 2688 641 0 0
1483 T 643 657 633 0 0
1483 T 635 2268 561 0 0
1483 T 2268 659 2688 0 0
1483 T 224 2757 1270 0 0
1483 T 214 218 222 0 0
1483 T 218 1266 2702 0 0
1483 T 872 942 862 0 0
1483 T 864 2227 1925 0 0
1483 T 1927 184 870 0 0
1483 T 184 2225 942 0 0
1483 T 867 185 1866 0 0
1483 T 859 947 865 0 0
1483 T 1868 2269 857 0 0
1483 T 947 2271 185 0 0
1483 T 316 314 316 -1 0
1483 T 586 588 586 0 0
1483 T 288 791 2045 0 0
1483 T 2047 781 2293 0 0
1483 T 2295 800 286 0 0
1483 T 800 783 791 0 0
1483 T 283 793 2377 0 0
1483 T 1996 791 281 0 0
1483 T 2379 788 1994 0 0
1483 T 791 786 793 0 0
1483 T 261 265 258 0 0
1483 T 260 1443 2909 0 0
1483 T 2911 2731 263 0 0
1483 T 2731 1441 265 0 0
1483 T 263 2673 2965 0 0
1483 T 255 272 261 0 0
1483 T 2967 1438 253 0 0
1483 T 272 1440 2673 0 0
1483 T 496 528 486 0 0
1483 T 488 2705 2878 0 0
1483 T 2880 1186 494 0 0
1483 T 1186 2707 528 0 0
1483 T 491 1186 2814 0 0
1483 T 483 528 489 0 0
1483 T 2816 2763 481 0 0
1483 T 528 2761 1186 0 0
1483 T 1352 1367 1358 0 0
1483 T 1356 1369 1346 0 0
1483 T 376 1514 2789 0 0
1483 T 366 370 374 0 0
1483 T 2791 2856 368 1 0
1483 T 370 2854 1514 0 0
1483 T 109 113 106 -1 0
1483 T 108 2952 2866 0 0
1483 T 2868 2147 111 0 0
1483 T 2147 2950 113 0 0
1483 T 111 2150 2802 0 0
1483 T 103 116 109 1 0
1483 T 2804 3006 101 0 0
1483 T 116 3008 2150 -1 0
1483 T 652 653 646 0 0
1483 T 648 2738 770 0 0
1483 T 772 2484 650 0 0
1483 T 2484 2740 653 0 0
1483 T 651 2558 765 0 0
1483 T 643 653 649 0 0
1483 T 767 2684 641 0 0
1483 T 653 2682 2558 0 0
1483 T 116 1388 1945 -1 0
1483 T 1947 1382 1885 0 0
1483 T 1887 1390 114 0 0
1483 T 1390 1384 1388 0 0
1483 T 11 1021 2418 0 0
1483 T 2420 1059 2333 0 0
1483 T 2335 1019 12 0 0
1483 T 1019 1057 1021 0 0
1483 T 1289 177 2297 0 0
1483 T 1772 940 177 0 0
1483 T 2383 177 1289 0 0
1483 T 177 933 1825 0 0
1483 T 984 1963 310 0 0
1483 T 974 978 982 0 0
1483 T 978 306 1904 0 0
1483 T 2363 438 2777 0 0
1483 T 2779 500 762 0 0
1483 T 500 440 448 0 0
1483 T 759 501 2841 0 0
1483 T 2843 443 2278 0 0
1483 T 445 441 501 0 0
1483 T 472 531 462 0 0
1483 T 464 2339 2746 0 0
1483 T 2748 706 470 0 0
1483 T 467 703 2690 0 0
1483 T 459 530 465 1 0
1483 T 2692 2421 457 0 0
1483 T 1212 1657 1917 0 0
1483 T 1919 6 1218 0 0
1483 T 1215 6 1858 0 0
1483 T 1860 1592 1205 0 0
1483 T 480 825 2070 0 0
1483 T 2072 834 2693 0 0
1483 T 819 836 825 0 0
1483 T 2020 825 473 0 0
1483 T 2751 831 2018 0 0
1483 T 825 829 822 0 0
1483 T 1180 1175 1179 0 0
1483 T 908 949 914 0 0
1483 T 2479 2253 906 0 0
1483 T 949 2255 451 0 0
1483 T 911 956 901 0 0
1483 T 903 2211 2553 0 0
1483 T 454 2209 956 0 0
1483 T 772 810 766 0 0
1483 T 2559 812 2482 0 0
1483 T 176 197 166 0 0
1483 T 168 2768 1270 0 0
1483 T 1272 2936 174 0 0
1483 T 2936 2766 197 0 0
1483 T 171 2990 1265 0 0
1483 T 163 204 169 0 0
1483 T 1267 2710 161 0 0
1483 T 204 2712 2990 0 0
1483 T 84 2954 3202 0 0
1483 T 80 87 82 0 0
1483 T 3204 3069 78 0 0
1483 T 87 3071 2954 0 0
1483 T 83 87 73 0 0
1483 T 75 3069 3122 0 0
1483 T 3124 3012 81 0 0
1483 T 3012 3071 87 0 0
1483 T 61 1429 2078 0 0
1483 T 2080 1527 1645 0 0
1483 T 1423 1525 1429 0 0
1483 T 1580 1522 2026 0 0
1483 T 2028 1436 61 0 0
1483 T 1436 1524 1426 0 0
1483 T 146 2797 2862 0 0
1483 T 144 140 148 1 0
1483 T 2864 1457 142 0 0
1483 T 140 1459 2797 -1 0
1483 T 2339 1155 327 0 0
1483 T 1155 1159 1161 1 0
1483 T 328 1157 2422 0 0
1483 T 312 317 302 0 0
1483 T 300 323 306 0 0
1483 T 648 2301 762 0 0
1483 T 764 804 770 0 0
1483 T 2740 802 2301 0 0
1483 T 767 805 757 0 0
1483 T 759 2387 641 0 0
1483 T 2387 807 2682 0 0
1483 T 1344 1327 1335 0 0
1483 T 1333 89 2209 0 0
1483 T 2211 1633 1342 0 0
1483 T 1633 91 1327 0 0
1483 T 1339 1568 2253 0 0
1483 T 1335 1330 1337 0 0
1483 T 2255 89 1333 0 0
1483 T 1330 91 1568 0 0
1483 T 1212 2208 1705 0 0
1483 T 1204 1480 1210 0 0
1483 T 1707 105 1202 0 0
1483 T 1480 107 2208 0 0
1483 T 1207 1473 1197 0 0
1483 T 1199 104 1666 0 0
1483 T 1668 2250 1205 0 0
1483 T 2250 102 1473 0 0
1483 T 568 551 559 0 0
1483 T 557 2845 638 0 0
1483 T 2224 2847 551 0 0
1483 T 559 554 561 0 0
1483 T 635 2783 557 0 0
1483 T 554 2781 2266 0 0
1483 T 640 2885 762 0 0
1483 T 2303 2887 662 0 0
1483 T 759 2823 633 0 0
1483 T 659 2821 2385 0 0
1483 T 896 716 2777 0 0
1483 T 2843 716 889 0 0
1483 T 1236 1908 2033 0 0
1483 T 1228 1506 1234 0 0
1483 T 2035 157 1226 0 0
1483 T 1506 159 1908 0 0
1483 T 1231 1503 1221 0 0
1483 T 1223 157 1982 0 0
1483 T 1984 1966 1229 0 0
1483 T 1966 159 1503 0 0
1483 T 144 160 134 0 0
1483 T 136 3153 2858 0 0
1483 T 2860 2658 142 0 0
1483 T 2658 3155 160 0 0
1483 T 139 2658 2794 0 0
1483 T 131 160 137 0 0
1483 T 2796 3235 129 0 0
1483 T 160 3233 2658 0 0
1483 T 684 472 2005 0 0
1483 T 676 706 682 0 0
1483 T 2007 2746 674 0 0
1483 T 679 703 669 0 0
1483 T 671 2692 2057 0 0
1483 T 2059 465 677 0 0
1483 T 232 1042 1821 0 0
1483 T 1823 1027 2473 0 0
1483 T 2475 1033 230 0 0
1483 T 1033 1025 1042 0 0
1483 T 227 1033 2549 0 0
1483 T 1768 1039 225 0 0
1483 T 2551 1030 1766 0 0
1483 T 1039 1032 1033 0 0
1483 T 764 1900 2525 0 0
1483 T 2527 308 770 0 0
1483 T 308 1898 802 0 0
1483 T 767 309 2450 0 0
1483 T 2452 1958 757 0 0
1483 T 807 1960 309 0 0
1483 T 1052 1080 1054 0 0
1483 T 2703 1971 1050 0 0
1483 T 1080 1969 406 0 0
1483 T 1055 1080 1045 0 0
1483 T 1047 1909 2757 0 0
1483 T 406 1911 1080 0 0
1483 T 1380 1493 1370 0 0
1483 T 1368 1499 1374 0 0
1483 T 108 2992 3109 0 0
1483 T 2132 2712 106 0 0
1483 T 3111 202 2130 0 0
1483 T 103 2766 2125 0 0
1483 T 2127 199 3189 0 0
1483 T 3191 2934 101 0 0
1483 T 900 708 2734 0 0
1483 T 2736 700 2677 0 0
1483 T 2679 702 898 0 0
1483 T 434 426 430 0 0
1483 T 432 1361 2781 0 0
1483 T 2783 2848 436 -1 0
1483 T 2848 1363 426 0 0
1483 T 68 66 68 -1 0
1483 T 136 1568 906 0 0
1483 T 2479 1337 134 0 0
1483 T 131 1344 2553 0 0
1483 T 903 1633 129 0 0
1483 T 2959 6 3077 0 0
1483 T 3079 3160 0 0 0
1483 T 3160 5 2901 0 0
1483 T 5 4 7 0 0
1483 T 630 634 638 0 0
1483 T 109 3189 3058 0 0
1483 T 3060 2934 114 0 0
1483 T 115 2992 3053 0 0
1483 T 3055 3111 109 0 0
1483 T 402 396 392 0 0
1483 T 896 687 2525 0 0
1483 T 2527 693 2777 0 0
1483 T 2452 686 889 0 0
1483 T 2843 692 2450 0 0
1483 T 192 2018 1314 0 0
1483 T 1312 2071 190 0 0
1483 T 1316 1489 1310 0 0
1483 T 2071 1491 2018 0 0
1483 T 3155 459 1339 0 0
1483 T 1342 462 3233 0 0
1483 T 224 1045 1717 0 0
1483 T 1680 1052 217 0 0
1483 T 1898 693 498 0 0
1483 T 503 692 1960 0 0
1483 T 940 986 946 1 0
1483 T 944 988 934 0 0
1483 T 188 1892 1298 0 0
1483 T 1308 2268 186 0 0
1483 T 1300 1361 1306 0 0
1483 T 2268 1363 1892 -1 0
1483 T 183 2222 1301 0 0
1483 T 1303 1364 1293 0 0
1483 T 1295 1950 181 0 0
1483 T 1950 1362 2222 1 0
1483 T 144 1512 1721 0 0
1483 T 1723 1460 2301 1 0
1483 T 2303 1462 142 0 0
1483 T 1462 1458 1512 0 0
1483 T 139 1467 2385 0 0
1483 T 1684 1512 137 0 0
1483 T 2387 1457 1682 0 0
1483 T 1512 1459 1467 0 0
1483 T 1803 2123 1705 0 0
1483 T 2206 2121 6 0 0
1483 T 1668 2118 1746 0 0
1483 T 6 2120 2252 0 0
1483 T 2132 336 2746 0 0
1483 T 2748 327 3113 0 0
1483 T 3115 317 2130 0 0
1483 T 317 325 336 0 0
1483 T 2127 324 3193 0 0
1483 T 2692 329 2125 0 0
1483 T 3195 327 2690 0 0
1483 T 329 325 324 0 0
1483 T 89 2318 1322 0 0
1483 T 1324 1442 1330 0 0
1483 T 1568 1444 2318 0 0
1483 T 1327 1439 1317 0 0
1483 T 1319 2404 89 0 0
1483 T 2404 1437 1633 0 0
1483 T 260 349 254 0 0
1483 T 256 1344 3097 0 0
1483 T 3180 1338 258 0 0
1483 T 3099 96 3178 0 0
1483 T 136 154 130 0 0
1483 T 132 1440 2677 0 0
1483 T 2736 1442 134 0 0
1483 T 464 1155 3113 0 0
1483 T 3195 1158 457 0 0
1483 T 2620 3148 222 0 0
1483 T 3148 1 3225 0 0
1483 T 3227 2616 220 0 0
1483 T 1108 1091 1099 0 0
1483 T 1097 1670 1921 0 0
1483 T 1923 73 1106 0 0
1483 T 73 1672 1091 0 0
1483 T 1103 80 1862 0 0
1483 T 1099 1094 1101 0 0
1483 T 1864 1711 1097 0 0
1483 T 1094 1709 80 0 0
1483 T 396 398 386 0 0
1483 T 388 1416 2465 0 0
1483 T 2467 3214 394 0 0
1483 T 3214 1414 398 0 0
1483 T 391 3136 2541 0 0
1483 T 383 398 389 0 0
1483 T 2543 1409 381 0 0
1483 T 398 1411 3136 0 0
1483 T 1144 1166 1134 0 0
1483 T 1136 1789 2725 0 0
1483 T 332 1791 1166 0 0
1483 T 1131 1171 1137 0 0
1483 T 2672 1847 1129 0 0
1483 T 1171 1845 333 0 0
1483 T 2527 2451 58 0 0
1483 T 316 310 306 0 0
1483 T 896 892 58 1 0
1483 T 1316 1456 1306 0 0
1483 T 1304 1450 1310 0 0
1483 T 924 1907 2858 0 0
1483 T 916 997 922 0 0
1483 T 997 489 1907 0 0
1483 T 919 1004 909 0 0
1483 T 2796 1965 917 0 0
1483 T 1965 496 1004 0 0
1483 T 432 1890 554 0 0
1483 T 551 1952 425 0 0
1483 T 1252 229 2521 0 0
1483 T 2523 252 3085 0 0
1483 T 3087 223 1250 0 0
1483 T 223 250 229 0 0
1483 T 1247 218 3165 0 0
1483 T 2448 228 1245 0 0
1483 T 3167 252 2446 0 0
1483 T 228 250 218 0 0
1483 T 676 2320 2974 0 0
1483 T 2976 957 682 0 0
1483 T 957 2318 708 0 0
1483 T 679 964 2918 0 0
1483 T 2920 2402 669 0 0
1483 T 701 2404 964 0 0
1483 T 260 3000 2610 0 0
1483 T 2612 2941 254 -1 0
1483 T 351 2943 3000 0 0
1483 T 1136 1119 1127 0 0
1483 T 1125 2190 2521 0 0
1483 T 2523 517 1134 0 0
1483 T 517 2192 1119 0 0
1483 T 1131 516 2446 0 0
1483 T 1127 1122 1129 0 0
1483 T 2448 2235 1125 0 0
1483 T 1122 2233 516 0 0
1483 T 908 2318 2734 0 0
1483 T 900 959 906 0 0
1483 T 903 962 897 0 0
1483 T 2680 2404 901 0 0
1483 T 1072 696 3216 0 0
1483 T 3134 689 1073 0 0
1483 T 1723 339 662 0 0
1483 T 659 342 1682 0 0
1483 T 1264 570 2838 0 0
1483 T 2840 595 2773 0 0
1483 T 2775 576 1262 0 0
1483 T 576 593 570 0 0
1483 T 376 1011 1813 0 0
1483 T 1815 1017 2785 0 0
1483 T 1061 1019 1011 0 0
1483 T 1760 1014 369 0 0
1483 T 2851 1024 1758 0 0
1483 T 1014 1022 1068 0 0
1483 T 176 1694 922 0 0
1483 T 916 2575 174 0 0
1483 T 2575 997 1694 0 0
1483 T 171 2497 909 0 0
1483 T 919 1735 169 0 0
1483 T 1735 1004 2497 0 0
1483 T 240 245 230 0 0
1483 T 2475 2893 238 0 0
1483 T 2893 1033 245 0 0
1483 T 235 2831 2549 0 0
1483 T 227 245 233 0 0
1483 T 245 1033 2831 0 0
1483 T 1252 1277 1242 0 0
1483 T 1244 1690 2517 0 0
1483 T 2519 175 1250 0 0
1483 T 175 1692 1277 0 0
1483 T 1247 170 2442 0 0
1483 T 1239 1276 1245 0 0
1483 T 2444 1731 1237 0 0
1483 T 1276 1729 170 0 0
1483 T 568 2218 442 0 0
1483 T 2218 1381 2263 0 0
1483 T 2261 564 440 0 0
1483 T 292 293 286 0 0
1483 T 288 962 2289 0 0
1483 T 2291 2987 290 0 0
1483 T 2987 964 293 0 0
1483 T 291 2929 2373 0 0
1483 T 283 293 289 0 0
1483 T 2375 959 281 0 0
1483 T 293 957 2929 0 0
1483 T 1252 1718 2357 0 0
1483 T 2359 75 1242 0 0
1483 T 1239 78 2274 0 0
1483 T 2276 1679 1245 0 0
1483 T 752 748 756 0 0
1483 T 1116 1187 1106 0 0
1483 T 1108 2708 2033 0 0
1483 T 2035 525 1114 0 0
1483 T 1111 525 1982 0 0
1483 T 1103 1187 1109 0 0
1483 T 1984 2762 1101 0 0
1483 T 80 76 72 -1 0
1483 T 2648 3125 78 0 0
1483 T 3125 68 3208 0 0
1483 T 3206 2644 76 0 0
1483 T 261 2613 2789 0 0
1483 T 2791 3232 270 0 0
1483 T 3232 2615 255 0 0
1483 T 267 3150 2853 0 0
1483 T 2855 2620 261 0 0
1483 T 258 2618 3150 0 0
1483 T 1831 336 674 0 0
1483 T 2007 2130 1829 0 0
1483 T 671 329 1774 0 0
1483 T 1776 2127 2057 0 0
1483 T 126 118 122 0 0
1483 T 124 1514 2825 0 0
1483 T 2827 2892 128 -1 0
1483 T 2892 1516 118 1 0
1483 T 1260 1782 2521 0 0
1483 T 1252 1285 1258 0 0
1483 T 1285 229 1782 0 0
1483 T 1255 1284 1245 0 0
1483 T 2448 1839 1253 0 0
1483 T 1839 228 1284 0 0
1483 T 1380 1376 1384 0 0
1483 T 2264 347 1378 -1 0
1483 T 1376 345 2217 0 0
1483 T 144 1702 922 0 0
1483 T 932 2429 142 0 0
1483 T 924 1027 930 0 0
1483 T 2429 1025 1702 0 0
1483 T 139 2347 925 0 0
1483 T 927 1030 917 0 0
1483 T 919 1744 137 0 0
1483 T 1744 1032 2347 0 0
1483 T 1228 1463 1218 0 0
1483 T 1220 2350 2029 0 0
1483 T 2031 360 1226 0 0
1483 T 360 2352 1463 0 0
1483 T 1223 353 1978 0 0
1483 T 1215 1466 1221 0 0
1483 T 1980 2436 1213 0 0
1483 T 1466 2434 353 0 0
1483 T 948 583 3182 0 0
1483 T 3184 3103 148 1 0
1483 T 3103 577 942 0 0
1483 T 588 579 583 0 0
1483 T 844 839 843 0 0
1483 T 841 209 1913 0 0
1483 T 1976 210 842 0 0
1483 T 1915 2184 1974 0 0
1483 T 1919 2166 2029 0 0
1483 T 2352 2168 4 0 0
1483 T 1980 2163 1858 0 0
1483 T 4 2161 2434 0 0
1483 T 424 952 3093 0 0
1483 T 416 450 422 0 0
1483 T 3095 2256 414 0 0
1483 T 419 455 409 0 0
1483 T 411 2210 3173 0 0
1483 T 3175 953 417 0 0
1483 T 1124 1594 2037 0 0
1483 T 1116 1183 1122 0 0
1483 T 2039 85 1114 0 0
1483 T 1183 87 1594 0 0
1483 T 1119 1183 1109 0 0
1483 T 1111 85 1986 0 0
1483 T 1988 1663 1117 0 0
1483 T 1663 87 1183 0 0
1483 T 556 1887 626 0 0
1483 T 628 624 632 1 0
1483 T 624 1945 550 0 0
1483 T 2519 184 3081 0 0
1483 T 3083 178 1250 0 0
1483 T 178 182 173 0 0
1483 T 1247 178 3161 0 0
1483 T 3163 185 2442 0 0
1483 T 172 187 178 0 0
1483 T 304 1700 970 0 0
1483 T 972 968 976 1 0
1483 T 2178 1739 1700 0 0
1483 T 968 1737 298 0 0
1483 T 1140 1176 1142 0 0
1483 T 1344 1505 1350 0 0
1483 T 1348 1503 1338 0 0
1483 T 280 304 286 0 0
1483 T 2295 2898 278 0 0
1483 T 304 2900 798 0 0
1483 T 283 297 273 0 0
1483 T 275 2836 2377 0 0
1483 T 795 2834 297 0 0
1483 T 1204 2709 1597 0 0
1483 T 1196 1266 1202 0 0
1483 T 1599 164 1194 0 0
1483 T 1199 1271 1189 0 0
1483 T 1191 165 1530 0 0
1483 T 1532 2767 1197 0 0
1483 T 1116 2815 1925 0 0
1483 T 1927 490 1106 0 0
1483 T 1103 495 1866 0 0
1483 T 1868 2877 1109 0 0
1483 T 1020 590 2941 0 0
1483 T 3000 589 1022 0 0
1483 T 1707 2129 1597 0 0
1483 T 1532 2128 1666 0 0
1483 T 628 3186 750 0 0
1483 T 748 3107 622 0 0
1483 T 3107 52 3186 0 0
1483 T 396 1476 2241 0 0
1483 T 2243 1482 2289 0 0
1483 T 2291 1524 394 0 0
1483 T 1524 1484 1476 0 0
1483 T 391 1525 2373 0 0
1483 T 2200 1477 389 0 0
1483 T 2375 1487 2198 0 0
1483 T 1477 1485 1525 0 0
1483 T 224 2755 2630 0 0
1483 T 2632 3302 230 0 0
1483 T 3302 2753 251 0 0
1483 T 227 3392 2625 0 0
1483 T 2627 2697 217 0 0
1483 T 251 2699 3392 0 0
1483 T 272 1498 1821 0 0
1483 T 1823 1432 2673 0 0
1483 T 1438 1430 1498 0 0
1483 T 1768 1495 265 0 0
1483 T 2731 1433 1766 0 0
1483 T 1495 1435 1443 0 0
1483 T 280 2176 2469 0 0
1483 T 2471 3368 286 0 0
1483 T 3368 2174 302 0 0
1483 T 283 3278 2545 0 0
1483 T 2547 2169 273 0 0
1483 T 299 2171 3278 0 0
1483 T 775 1482 2985 0 0
1483 T 2931 1487 778 0 0
1483 T 1414 1410 1519 0 0
1483 T 1125 873 3085 0 0
1483 T 2192 252 873 0 0
1483 T 3167 880 1125 0 0
1483 T 880 252 2233 0 0
1483 T 144 3287 2738 0 0
1483 T 2740 2650 134 0 0
1483 T 158 2652 3287 0 0
1483 T 131 2655 2682 0 0
1483 T 2684 3373 137 0 0
1483 T 3373 2653 158 0 0
1483 T 3416 92 3178 0 0
1483 T 3099 91 3414 0 0
1483 T 91 96 92 0 0
1483 T 66 62 63 0 0
1483 T 61 3441 3125 0 0
1483 T 3208 3443 62 0 0
1483 T 740 795 730 0 0
1483 T 732 2322 1805 0 0
1483 T 1807 197 738 0 0
1483 T 197 2324 795 0 0
1483 T 735 204 1750 0 0
1483 T 727 798 733 0 0
1483 T 1752 2408 725 0 0
1483 T 798 2406 204 0 0
1483 T 2291 3411 386 0 0
1483 T 400 3409 1522 0 0
1483 T 383 3321 2373 0 0
1483 T 1527 3323 400 0 0
1483 T 880 1049 886 0 0
1483 T 884 1047 874 0 0
1483 T 192 2810 3354 0 0
1483 T 188 195 190 0 0
1483 T 3356 3068 186 0 0
1483 T 195 3066 2810 0 0
1483 T 191 195 181 0 0
1483 T 183 3061 3266 0 0
1483 T 3268 2876 189 0 0
1483 T 2876 3063 195 0 0
1483 T 741 745 738 0 0
1483 T 740 3108 1929 0 0
1483 T 1931 623 743 0 0
1483 T 743 626 1870 0 0
1483 T 735 752 741 0 0
1483 T 1872 3186 733 0 0
1483 T 676 1324 3273 0 0
1483 T 3275 91 2974 0 0
1483 T 2920 91 3361 0 0
1483 T 3363 1317 669 0 0
1483 T 126 3141 3222 0 0
1483 T 3224 41 122 0 0
1483 T 120 42 3141 0 0
1483 T 416 1318 3253 0 0
1483 T 412 56 414 0 0
1483 T 3344 1324 410 0 0
1483 T 3255 66 3342 0 0
1483 T 3204 85 3293 0 0
1483 T 3295 3010 78 0 0
1483 T 75 2956 3381 0 0
1483 T 3383 85 3122 0 0
1483 T 116 1913 2154 0 0
1483 T 2156 2184 2158 0 0
1483 T 2160 1976 114 0 0
1483 T 752 3223 878 0 0
1483 T 876 3142 746 0 0
1483 T 2727 2015 1262 0 0
1483 T 2015 355 574 0 0
1483 T 1263 2065 2670 0 0
1483 T 571 358 2065 0 0
1483 T 109 2137 1829 0 0
1483 T 2007 2135 111 0 0
1483 T 2135 2130 2137 0 0
1483 T 111 2135 2057 0 0
1483 T 1776 2144 109 0 0
1483 T 2144 2127 2135 0 0
1483 T 1704 1907 2660 0 0
1483 T 2660 1965 1742 0 0
1483 T 1196 60 1190 0 0
1483 T 1324 1448 1318 0 0
1483 T 168 1572 906 0 0
1483 T 900 2771 166 0 0
1483 T 2771 959 1572 0 0
1483 T 163 2713 897 0 0
1483 T 903 1637 161 0 0
1483 T 1637 962 2713 0 0
1483 T 336 2351 3394 0 0
1483 T 3396 1462 342 0 0
1483 T 339 1467 3306 0 0
1483 T 3308 2433 329 0 0
1483 T 207 2714 2769 0 0
1483 T 1599 2179 1529 0 0
1483 T 2176 211 3406 0 0
1483 T 3408 3319 7 -1 0
1483 T 3319 212 2170 0 0
1483 T 206 210 211 0 0
1483 T 2235 479 3245 0 0
1483 T 3247 485 1122 0 0
1483 T 1119 484 3333 0 0
1483 T 3335 474 2190 0 0
1483 T 2831 1653 1042 0 0
1483 T 1653 247 1027 0 0
1483 T 1039 1588 2893 0 0
1483 T 1030 247 1588 0 0
1483 T 1408 1513 1398 0 0
1483 T 1400 2591 82 0 0
1483 T 2591 1515 1849 0 0
1483 T 83 2513 1393 0 0
1483 T 1395 1516 1401 1 0
1483 T 1795 1514 2513 0 0
1483 T 2100 450 2517 0 0
1483 T 2519 424 3241 0 0
1483 T 3243 414 2098 0 0
1483 T 2095 411 3329 0 0
1483 T 2444 455 2093 0 0
1483 T 3331 417 2442 0 0
1483 T 2299 2970 230 0 0
1483 T 247 2972 932 0 0
1483 T 227 2916 2381 0 0
1483 T 925 2914 247 0 0
1483 T 740 2834 1713 0 0
1483 T 1715 299 730 0 0
1483 T 727 302 1674 0 0
1483 T 1676 2900 733 0 0
1483 T 149 152 148 -1 0
1483 T 3184 3431 151 0 0
1483 T 3431 3103 152 1 0
1483 T 1088 1150 1082 0 0
1483 T 1084 322 1529 0 0
1483 T 1599 320 1086 0 0
1483 T 1260 1353 1262 0 0
1483 T 2727 467 1258 0 0
1483 T 1353 465 2013 0 0
1483 T 1263 1360 1253 0 0
1483 T 1255 470 2670 0 0
1483 T 2067 472 1360 0 0
1483 T 1004 696 1893 0 0
1483 T 996 1070 1002 0 0
1483 T 1895 3214 994 0 0
1483 T 999 1075 989 0 0
1483 T 991 3136 1953 0 0
1483 T 1955 689 997 0 0
1483 T 376 1403 1817 0 0
1483 T 1819 1393 2789 0 0
1483 T 1764 1406 369 0 0
1483 T 2855 1400 1762 0 0
1483 T 872 3101 1805 0 0
1483 T 1807 577 862 0 0
1483 T 859 584 1750 0 0
1483 T 1752 3183 865 0 0
1483 T 1819 577 270 0 0
1483 T 577 1393 3230 0 0
1483 T 267 584 1762 0 0
1483 T 3152 1400 584 0 0
1483 T 3285 802 1464 0 0
1483 T 1465 807 3375 0 0
1483 T 432 1876 379 0 0
1483 T 2787 2151 430 0 0
1483 T 1876 2149 2545 0 0
1483 T 379 1933 425 0 0
1483 T 427 2146 2849 0 0
1483 T 2471 2148 1933 0 0
1483 T 2632 64 2673 0 0
1483 T 1823 2079 2630 0 0
1483 T 2627 2025 1766 0 0
1483 T 2731 64 2625 0 0
1483 T 1647 400 994 0 0
1483 T 991 400 1578 0 0
1483 T 2082 1977 2029 0 0
1483 T 1116 1661 2229 0 0
1483 T 2231 87 1122 0 0
1483 T 1119 87 2186 0 0
1483 T 2188 1596 1109 0 0
1483 T 293 781 1637 0 0
1483 T 2987 2715 781 0 0
1483 T 1572 788 293 0 0
1483 T 788 2769 2929 0 0
1483 T 119 3143 39 0 0
1483 T 3223 124 38 0 0
1483 T 2864 1465 1721 0 0
1483 T 1684 1464 2798 0 0
1483 T 556 539 547 0 0
1483 T 545 3169 626 0 0
1483 T 1885 3171 539 0 0
1483 T 547 542 549 0 0
1483 T 623 3091 545 0 0
1483 T 542 3089 1948 0 0
1483 T 2152 2336 1833 0 0
1483 T 2144 2164 2150 0 0
1483 T 1835 197 2142 0 0
1483 T 2164 199 2336 0 0
1483 T 2147 2165 2137 0 0
1483 T 2139 204 1778 0 0
1483 T 1780 2418 2145 0 0
1483 T 2418 202 2165 0 0
1483 T 1400 1071 3202 0 0
1483 T 2956 1069 2589 0 0
1483 T 3124 1074 1393 0 0
1483 T 2515 1076 3010 0 0
1483 T 1252 1826 2721 0 0
1483 T 2723 99 1258 0 0
1483 T 1255 99 2666 0 0
1483 T 2668 1771 1245 0 0
1483 T 1244 544 3241 0 0
1483 T 1692 424 544 0 0
1483 T 3331 537 1237 0 0
1483 T 537 417 1729 0 0
1483 T 3432 202 3186 0 0
1483 T 3107 200 3430 0 0
1483 T 200 52 202 0 0
1483 T 366 3174 3093 0 0
1483 T 2911 64 3346 0 0
1483 T 3348 2627 263 0 0
1483 T 263 2630 3258 0 0
1483 T 3260 64 2965 0 0
1483 T 26 1698 2174 0 0
1483 T 2172 1739 28 0 0
1483 T 1289 3262 230 0 0
1483 T 3262 177 2972 0 0
1483 T 227 3352 1289 0 0
1483 T 2914 177 3352 0 0
1483 T 916 2818 166 0 0
1483 T 199 2820 2573 0 0
1483 T 163 2884 909 0 0
1483 T 2499 2882 202 0 0
1483 T 2771 1487 823 0 0
1483 T 818 1482 2713 0 0
1483 T 2203 3200 286 0 0
1483 T 295 3198 949 0 0
1483 T 283 3118 2245 0 0
1483 T 956 3120 295 0 0
1483 T 1923 2649 2033 0 0
1483 T 2706 2651 75 0 0
1483 T 1984 2656 1862 0 0
1483 T 78 2654 2764 0 0
1483 T 545 1754 618 0 0
1483 T 620 680 626 0 0
1483 T 3171 678 1754 0 0
1483 T 623 681 613 0 0
1483 T 615 1811 545 0 0
1483 T 1811 683 3089 0 0
1483 T 1260 2981 1134 0 0
1483 T 1131 2927 1253 0 0
1483 T 3275 3364 148 0 0
1483 T 896 2892 1142 0 0
1483 T 1140 2825 890 0 0
1483 T 260 1331 1613 0 0
1483 T 1615 1321 2909 0 0
1483 T 1548 1326 253 0 0
1483 T 2967 1320 1546 0 0
1483 T 149 2918 3358 0 0
1483 T 3360 96 3269 0 0
1483 T 3271 2975 150 0 0
1483 T 1172 2590 2825 0 0
1483 T 2891 2516 1165 0 0
1483 T 1931 681 3249 0 0
1483 T 3251 615 743 0 0
1483 T 743 618 3337 0 0
1483 T 3339 680 1870 0 0
1483 T 1096 1156 1086 0 0
1483 T 1088 3116 1705 0 0
1483 T 1707 461 1094 0 0
1483 T 1091 460 1666 0 0
1483 T 1083 1157 1089 0 0
1483 T 1668 3194 1081 0 0
1483 T 80 2815 3378 0 0
1483 T 3380 3062 82 0 0
1483 T 3062 2813 85 0 0
1483 T 83 3067 3290 0 0
1483 T 3292 2877 73 0 0
1483 T 85 2879 3067 0 0
1483 T 888 3012 1134 0 0
1483 T 1136 2513 894 0 0
1483 T 891 2591 1129 0 0
1483 T 1131 2954 881 0 0
1483 T 2924 1017 2149 0 0
1483 T 2148 1024 2978 0 0
1483 T 3087 1046 2357 0 0
1483 T 2276 1051 3165 0 0
1483 T 2182 2184 2182 1 0
1483 T 544 2316 1609 0 0
1483 T 1611 1630 1605 0 0
1483 T 1607 2571 542 0 0
1483 T 2571 1632 2316 0 0
1483 T 1627 2341 2562 0 0
1483 T 1623 1641 1625 0 0
1483 T 2564 576 1621 0 0
1483 T 1641 574 2341 0 0
1483 T 1623 563 2284 0 0
1483 T 2282 2533 1625 0 0
1483 T 2533 561 1643 0 0
1483 T 539 2493 1538 0 0
1483 T 1540 1563 1542 0 0
1483 T 1544 2398 537 0 0
1483 T 2398 1561 2493 0 0
1483 T 1556 1574 1558 0 0
1483 T 1560 2459 2367 0 0
1483 T 2365 566 1554 0 0
1483 T 566 2457 1574 0 0
1483 T 1556 569 2486 0 0
1483 T 2488 2427 1558 0 0
1483 T 1576 2425 569 0 0
1483 T 3352 3440 186 0 0
1483 T 3440 2916 171 0 0
1483 T 183 3433 3262 0 0
1483 T 174 2970 3433 0 0
1483 T 2656 484 3378 0 0
1483 T 3292 485 2649 0 0
1483 T 1689 1386 2934 0 0
1483 T 2992 1391 1732 0 0
1483 T 3251 1856 750 0 0
1483 T 1856 615 735 0 0
1483 T 747 1798 3337 0 0
1483 T 738 618 1798 0 0
1483 T 280 2156 1933 0 0
1483 T 2174 2148 2156 0 0
1483 T 1876 2157 273 0 0
1483 T 2157 2149 2171 0 0
1483 T 2371 119 2457 0 0
1483 T 2367 2389 2369 0 0
1483 T 2367 101 2453 0 0
1483 T 2455 17 2369 0 0
1483 T 2396 2416 2398 0 0
1483 T 2493 2414 120 0 0
1483 T 2284 2305 2286 0 0
1483 T 2288 19 2529 0 0
1483 T 2531 108 2282 0 0
1483 T 2535 122 2286 0 0
1483 T 2316 2330 2310 0 0
1483 T 121 2332 2571 0 0
1483 T 1177 3310 342 0 0
1483 T 340 3399 1178 0 0
1483 T 3310 125 3399 0 0
1483 T 100 95 99 0 0
1483 T 97 2869 1362 0 0
1483 T 1364 2808 98 0 0
1483 T 2808 2871 95 -1 0
1483 T 2108 944 3081 0 0
1483 T 2519 2225 2106 0 0
1483 T 2103 2271 2442 0 0
1483 T 3163 945 2101 0 0
1483 T 2868 2165 1829 0 0
1483 T 1776 2164 2802 0 0
1483 T 361 2965 3253 0 0
1483 T 416 1548 363 0 0
1483 T 363 1613 409 0 0
1483 T 3343 2911 361 0 0
1483 T 1125 881 2357 0 0
1483 T 2276 888 1125 0 0
1483 T 3356 88 3497 0 0
1483 T 3499 2880 186 0 0
1483 T 183 2814 3565 0 0
1483 T 3567 88 3266 0 0
1483 T 740 3572 870 0 0
1483 T 872 150 1929 0 0
1483 T 3106 152 3572 0 0
1483 T 867 3502 733 0 0
1483 T 1872 150 865 0 0
1483 T 3502 152 3188 0 0
1483 T 2640 3003 778 0 0
1483 T 2260 21 2638 0 0
1483 T 775 2945 2637 0 0
1483 T 2639 24 2214 0 0
1483 T 0 3534 3465 0 0
1483 T 3467 409 2090 0 0
1483 T 2088 415 3534 0 0
1483 T 1124 2954 2357 0 0
1483 T 2276 3012 1117 0 0
1483 T 1596 995 487 0 0
1483 T 482 990 1661 0 0
1483 T 3570 3101 199 0 0
1483 T 202 3183 3504 0 0
1483 T 1308 659 3562 0 0
1483 T 3564 2686 186 0 0
1483 T 183 2744 3494 0 0
1483 T 3496 662 1301 0 0
1483 T 1124 3383 1242 0 0
1483 T 1239 3293 1117 0 0
1483 T 1116 3568 870 0 0
1483 T 867 3498 1109 0 0
1483 T 3095 90 3550 0 0
1483 T 3552 1336 414 0 0
1483 T 411 1336 3482 0 0
1483 T 3484 90 3173 0 0
1483 T 2203 2643 2045 0 0
1483 T 789 2641 3198 0 0
1483 T 1996 2646 2245 0 0
1483 T 3120 2648 789 0 0
1483 T 3180 1334 1613 0 0
1483 T 1548 1334 3098 0 0
1483 T 3060 1691 1945 0 0
1483 T 1888 1730 3053 0 0
1483 T 3564 3033 190 0 0
1483 T 3033 2686 193 0 0
1483 T 191 3040 3494 0 0
1483 T 193 2744 3040 0 0
1483 T 464 1702 1350 0 0
1483 T 3233 1505 1702 0 0
1483 T 1347 1744 457 0 0
1483 T 1744 1504 3155 0 0
1483 T 696 533 3218 0 0
1483 T 3220 507 1897 0 0
1483 T 497 505 533 0 0
1483 T 1959 510 3138 0 0
1483 T 3140 533 689 0 0
1483 T 533 512 504 0 0
1483 T 1570 949 2820 0 0
1483 T 2882 956 1639 0 0
1483 T 2864 3308 662 0 0
1483 T 659 3394 2798 0 0
1483 T 3091 3057 422 0 0
1483 T 419 3056 3169 0 0
1483 T 2092 2088 2084 0 0
1483 T 1490 1482 1486 0 0
1483 T 544 2573 3473 0 0
1483 T 612 1696 542 0 0
1483 T 3475 997 610 0 0
1483 T 539 1733 605 0 0
1483 T 607 1004 3541 0 0
1483 T 3543 2499 537 0 0
1483 T 924 1655 2970 0 0
1483 T 2916 1586 917 0 0
1483 T 3083 934 2721 0 0
1483 T 2668 939 3161 0 0
1483 T 2100 2118 2106 0 0
1483 T 2118 450 2227 0 0
1483 T 2103 2123 2093 0 0
1483 T 2269 455 2123 0 0
1483 T 604 689 610 0 0
1483 T 3475 1953 602 0 0
1483 T 607 696 597 0 0
1483 T 599 1895 3541 0 0
1483 T 2035 492 3469 0 0
1483 T 3471 482 1114 0 0
1483 T 1111 487 3537 0 0
1483 T 3539 493 1982 0 0
1483 T 752 124 2041 0 0
1483 T 1992 117 745 0 0
1483 T 122 1042 1854 0 0
1483 T 1800 1039 119 0 0
1483 T 808 510 3370 0 0
1483 T 3372 3140 310 0 0
1483 T 307 3218 3282 0 0
1483 T 3284 507 801 0 0
1483 T 2939 683 3059 0 0
1483 T 3054 678 2993 0 0
1483 T 3060 1835 2005 0 0
1483 T 2059 1778 3053 0 0
1483 T 366 362 363 0 0
1483 T 361 3413 3093 0 0
1483 T 3176 3415 362 0 0
1483 T 3074 1909 1970 0 0
1483 T 3006 2170 1974 0 0
1483 T 1916 2175 2952 0 0
1483 T 783 2884 3118 0 0
1483 T 3200 2818 786 0 0
1483 T 604 3138 1713 0 0
1483 T 1715 533 610 0 0
1483 T 607 533 1674 0 0
1483 T 1676 3220 597 0 0
1483 T 1236 1000 3469 0 0
1483 T 3539 1001 1229 0 0
1483 T 366 3257 3346 0 0
1483 T 1895 1426 2501 0 0
1483 T 2503 1411 63 0 0
1483 T 63 1414 2577 0 0
1483 T 2579 1423 1953 0 0
1483 T 1711 2410 1086 0 0
1483 T 1154 2412 80 0 0
1483 T 1083 2328 1670 0 0
1483 T 73 2326 1159 0 0
1483 T 2231 3124 1242 0 0
1483 T 1239 3202 2186 0 0
1483 T 740 3597 610 0 0
1483 T 3597 2834 535 0 0
1483 T 607 3531 733 0 0
1483 T 535 2900 3531 0 0
1483 T 653 1550 134 0 0
1483 T 1550 2482 2652 0 0
1483 T 131 1619 653 0 0
1483 T 2653 2560 1619 0 0
1483 T 280 2220 3554 0 0
1483 T 272 346 278 0 0
1483 T 3556 1373 270 0 0
1483 T 275 347 265 -1 0
1483 T 267 1380 3486 0 0
1483 T 3488 2262 273 0 0
1483 T 1943 2870 1306 0 0
1483 T 1303 2808 1882 0 0
1483 T 2568 2581 2562 0 0
1483 T 2343 2583 10 0 0
1483 T 2488 2507 2490 0 0
1483 T 10 2505 2425 0 0
1483 T 361 3098 3550 0 0
1483 T 3484 3180 361 0 0
1483 T 544 3385 618 0 0
1483 T 1756 3387 549 0 0
1483 T 615 3299 537 0 0
1483 T 556 3297 1809 0 0
1483 T 620 709 610 0 0
1483 T 1798 3597 709 0 0
1483 T 607 709 613 0 0
1483 T 709 3531 1856 0 0
1483 T 2723 2667 2112 -1 0
1483 T 813 2946 3001 0 0
1483 T 2100 2250 2717 0 0
1483 T 2719 4 2106 0 0
1483 T 2103 4 2662 0 0
1483 T 2664 2208 2093 0 0
1483 T 2648 2882 798 0 0
1483 T 2408 2497 2646 0 0
1483 T 795 2820 2641 0 0
1483 T 2643 2575 2322 0 0
1483 T 3111 1780 2135 0 0
1483 T 2135 1833 3189 0 0
1483 T 152 681 2054 0 0
1483 T 2004 680 152 0 0
1483 T 3387 709 1694 0 0
1483 T 1735 709 3297 0 0
1483 T 524 522 524 -1 0
1483 T 522 3145 3226 0 0
1483 T 2 1 2 0 0
1483 T 1923 3286 1226 0 0
1483 T 1223 3376 1862 0 0
1483 T 2108 988 2721 0 0
1483 T 2668 985 2101 -1 0
1483 T 1696 1655 3433 0 0
1483 T 3440 1586 1733 0 0
1483 T 3052 3396 674 0 0
1483 T 2868 5 3050 0 0
1483 T 671 3306 3045 0 0
1483 T 3047 5 2802 0 0
1483 T 732 3282 1601 0 0
1483 T 724 803 730 0 0
1483 T 1603 507 722 0 0
1483 T 727 806 717 0 0
1483 T 719 510 1534 0 0
1483 T 1536 3372 725 0 0
1483 T 2951 843 3406 0 0
1483 T 3320 843 3005 0 0
1483 T 3471 990 2229 0 0
1483 T 2188 995 3537 0 0
1483 T 648 3031 2365 0 0
1483 T 1554 3029 2744 0 0
1483 T 2284 3031 641 0 0
1483 T 2686 3029 1623 0 0
1483 T 2124 3645 462 0 0
1483 T 3645 2272 496 0 0
1483 T 459 3683 2117 0 0
1483 T 489 2226 3683 0 0
1483 T 1236 1395 1242 0 0
1483 T 2231 1074 1234 0 0
1483 T 1239 1398 1229 0 0
1483 T 1231 1071 2186 0 0
1483 T 1923 801 1218 0 0
1483 T 1215 808 1862 0 0
1483 T 593 3399 3312 0 0
1483 T 665 669 662 0 0
1483 T 2864 3047 667 0 0
1483 T 667 3050 2798 0 0
1483 T 659 676 665 0 0
1483 T 864 3682 1106 0 0
1483 T 1103 3648 857 0 0
1483 T 604 1429 3613 0 0
1483 T 600 699 602 0 0
1483 T 3652 1435 598 0 0
1483 T 3615 2 3650 1 -1
1483 T 108 3404 3050 0 0
1483 T 2950 5 3404 0 0
1483 T 3047 3314 101 0 0
1483 T 3314 5 3008 0 0
1483 T 556 3438 2905 0 0
1483 T 3299 507 3438 0 0
1483 T 2963 3435 549 0 0
1483 T 3435 510 3385 0 0
1483 T 1892 3438 1838 0 0
1483 T 1783 3435 1950 0 0
1483 T 732 3665 862 0 0
1483 T 2324 577 3665 0 0
1483 T 859 3631 725 0 0
1483 T 3631 584 2406 0 0
1483 T 192 569 1997 0 0
1483 T 2812 1068 569 0 0
1483 T 2051 576 189 0 0
1483 T 576 1061 2874 0 0
1483 T 1781 1295 3264 0 0
1483 T 3350 1298 1840 0 0
1483 T 108 2695 3038 0 0
1483 T 3040 2070 1725 0 0
1483 T 1727 834 106 0 0
1483 T 103 831 1686 0 0
1483 T 3035 2749 101 0 0
1483 T 1688 2020 3033 0 0
1483 T 1588 709 505 0 0
1483 T 512 709 1653 0 0
1483 T 1360 3634 462 0 0
1483 T 529 3636 2067 0 0
1483 T 459 3672 1353 0 0
1483 T 2013 3670 532 0 0
1483 T 504 2900 3458 0 0
1483 T 3460 3529 510 0 0
1483 T 507 3599 3453 0 0
1483 T 3455 2834 497 0 0
1483 T 1244 2316 2090 0 0
1483 T 2092 1611 3241 0 0
1483 T 2087 2398 1237 0 0
1483 T 3331 1542 2085 0 0
1483 T 3372 3609 302 0 0
1483 T 319 3611 3138 0 0
1483 T 299 3609 3282 0 0
1483 T 3220 3611 322 0 0
1483 T 2092 2116 2098 0 0
1483 T 2116 1611 416 0 0
1483 T 2095 2116 2085 0 0
1483 T 409 1542 2116 0 0
1483 T 3020 2876 1621 0 0
1483 T 2564 1061 3018 0 0
1483 T 3015 1068 2486 0 0
1483 T 1556 2810 3013 0 0
1483 T 2622 2626 2630 0 0
1483 T 1316 1688 3562 0 0
1483 T 1454 659 1688 0 0
1483 T 3496 1725 1309 0 0
1483 T 1725 662 1451 0 0
1483 T 240 236 244 0 0
1483 T 1308 3525 238 0 0
1483 T 236 3596 1302 0 0
1483 T 3525 68 3596 0 0
1483 T 1044 711 3678 0 0
1483 T 3680 3531 122 0 0
1483 T 119 3597 3642 0 0
1483 T 3644 711 1037 0 0
1483 T 250 479 2075 0 0
1483 T 2021 474 250 0 0
1483 T 2831 510 3678 0 0
1483 T 3644 507 2893 0 0
1483 T 853 857 850 0 0
1483 T 852 3631 1709 0 0
1483 T 1711 727 855 0 0
1483 T 855 730 1670 0 0
1483 T 847 864 853 0 0
1483 T 1672 3665 845 0 0
1483 T 1819 1763 3420 -1 0
1483 T 2615 2619 2621 1 0
1483 T 2831 3458 122 0 0
1483 T 119 3455 2893 0 0
1483 T 288 2009 386 0 0
1483 T 383 2063 281 0 0
1483 T 2503 120 3590 0 0
1483 T 3592 3132 63 0 0
1483 T 3132 118 1409 0 0
1483 T 63 3210 3522 0 0
1483 T 3524 121 2577 0 0
1483 T 1416 123 3210 0 0
1483 T 3672 2356 574 0 0
1483 T 2356 530 353 1 0
1483 T 571 2438 3634 0 0
1483 T 360 531 2438 0 0
1483 T 3419 1934 1874 0 0
1483 T 1803 3646 1094 0 0
1483 T 1091 3684 1746 0 0
1483 T 2475 117 3558 0 0
1483 T 3560 3455 238 0 0
1483 T 235 3458 3490 0 0
1483 T 3492 124 2549 0 0
1483 T 2108 2104 2112 0 0
1483 T 1803 859 1099 0 0
1483 T 1099 862 1746 0 0
1483 T 108 2588 3505 0 0
1483 T 3507 488 3038 0 0
1483 T 3035 481 3573 0 0
1483 T 3575 2510 101 0 0
1483 T 3467 1542 2098 0 0
1483 T 2095 1611 3533 0 0
1483 T 3556 1365 1821 0 0
1483 T 1768 1372 3486 0 0
1483 T 84 1012 1841 0 0
1483 T 1843 1006 1785 0 0
1483 T 1787 1014 82 0 0
1483 T 1014 1008 1012 0 0
1483 T 604 1421 1605 0 0
1483 T 1607 1525 3613 0 0
1483 T 1540 1428 597 0 0
1483 T 3651 1524 1538 0 0
1483 T 604 317 1601 0 0
1483 T 1536 324 597 0 0
1483 T 568 3556 2461 0 0
1483 T 2463 278 442 0 0
1483 T 439 275 2537 0 0
1483 T 2539 3486 561 0 0
1483 T 2601 2101 3077 0 0
1483 T 2959 2664 2603 0 0
1483 T 2603 2717 2902 0 0
1483 T 3159 2108 2601 0 0
1483 T 978 2870 3527 0 0
1483 T 3593 2808 983 0 0
1483 T 1535 3606 1601 0 0
1483 T 2396 1581 3578 0 0
1483 T 3580 584 2398 0 0
1483 T 584 1583 2414 0 0
1483 T 2316 577 3510 0 0
1483 T 3512 1652 2310 0 0
1483 T 1652 579 2332 0 0
1483 T 3404 839 3313 0 0
1483 T 3475 2577 1605 0 0
1483 T 1540 2503 3541 0 0
1483 T 1923 732 3685 0 0
1483 T 3687 722 1218 0 0
1483 T 1215 719 3697 0 0
1483 T 3699 725 1862 0 0
1483 T 1704 1367 3636 0 0
1483 T 3670 1370 1742 0 0
1483 T 1097 853 3685 0 0
1483 T 3699 853 1097 0 0
1483 T 3380 194 3517 0 0
1483 T 3519 2873 82 0 0
1483 T 83 2811 3585 0 0
1483 T 3587 194 3290 0 0
1483 T 1727 1687 3044 -1 0
1483 T 837 832 836 0 0
1483 T 2100 102 3237 0 0
1483 T 3239 1475 2717 0 0
1483 T 2664 1478 3325 0 0
1483 T 3327 107 2093 0 0
1483 T 1939 502 278 0 0
1483 T 2295 3460 1937 0 0
1483 T 275 499 1878 0 0
1483 T 1880 3453 2377 0 0
1483 T 1803 852 3685 0 0
1483 T 3699 845 1746 0 0
1483 T 1592 852 724 0 0
1483 T 717 845 1657 0 0
1483 T 652 3421 2453 0 0
1483 T 2367 3692 650 0 0
1483 T 3692 101 3421 0 0
1483 T 651 3702 2282 0 0
1483 T 2531 3428 649 0 0
1483 T 3428 108 3702 0 0
1483 T 3606 1791 1848 0 0
1483 T 720 815 722 0 0
1483 T 2540 2550 2534 0 0
1483 T 1644 2552 3487 0 0
1483 T 2576 2578 2570 0 0
1483 T 2460 2476 2462 0 0
1483 T 3553 2474 1573 0 0
1483 T 2496 2504 2498 0 0
1483 T 3131 1161 3210 0 0
1483 T 1025 1576 1367 0 0
1483 T 1370 1641 1032 0 0
1483 T 3020 83 2558 0 0
1483 T 2560 3518 1621 0 0
1483 T 1556 3588 2482 0 0
1483 T 2484 82 3013 1 0
1483 T 136 3507 3702 0 0
1483 T 3428 2588 134 0 0
1483 T 131 2510 3421 0 0
1483 T 3692 3573 129 0 0
1483 T 350 354 358 0 0
1483 T 2110 2112 2110 1 0
1483 T 655 3031 3690 0 0
1483 T 3704 3031 655 0 0
1483 T 852 1583 1086 0 0
1483 T 3629 2410 1583 0 0
1483 T 1083 1650 845 0 0
1483 T 1650 2328 3667 0 0
1483 T 2412 2416 2406 0 0
1483 T 2432 3635 1575 0 0
1483 T 2428 2437 2430 0 0
1483 T 2324 2330 2326 0 0
1483 T 1642 3669 2346 0 0
1483 T 2348 2355 2342 0 0
1483 T 3592 1154 3125 0 0
1483 T 3443 1156 3130 1 0
1483 T 3207 1159 3522 0 0
1483 T 3212 1157 3442 0 0
1483 T 1236 3583 2090 0 0
1483 T 2314 3581 1393 0 0
1483 T 2087 3513 1229 0 0
1483 T 1400 3515 2400 0 0
1483 T 2564 1019 3621 0 0
1483 T 3623 1009 3018 0 0
1483 T 3015 1016 3657 0 0
1483 T 3659 1022 2486 0 0
1483 T 2608 1488 2957 0 0
1483 T 2959 1492 2901 0 0
1483 T 2903 1482 2606 0 0
1483 T 3623 1844 2558 0 0
1483 T 2484 1785 3657 0 0
1483 T 34 373 3654 0 0
1483 T 3656 1012 422 0 0
1483 T 419 1013 3618 0 0
1483 T 3620 372 35 0 0
1483 T 2568 1650 3662 0 0
1483 T 3664 591 2562 0 0
1483 T 2583 589 1650 0 0
1483 T 2488 591 3626 0 0
1483 T 3628 1583 2490 0 0
1483 T 2505 1581 591 0 0
1483 T 2648 3590 2410 0 0
1483 T 2328 3524 2641 0 0
1483 T 2633 233 1937 0 0
1483 T 2295 3492 2635 0 0
1483 T 2635 3558 2377 0 0
1483 T 1880 240 2633 0 0
1483 T 3505 3031 1552 0 0
1483 T 1617 3031 3575 0 0
1483 T 2600 1483 2717 0 0
1483 T 3239 1521 2598 0 0
1483 T 2595 1528 3325 0 0
1483 T 2664 1486 2593 0 0
1483 T 2346 3603 2431 0 0
1483 T 3656 3619 368 0 0
1483 T 1964 3604 1901 0 0
1483 T 3581 3514 2 0 0
1483 T 3028 3379 2558 0 0
1483 T 1619 483 3026 0 0
1483 T 3023 486 1550 0 0
1483 T 2484 3289 3021 0 0
1483 T 3028 193 1621 0 0
1483 T 1556 193 3021 0 0
1483 T 0 3718 3713 0 0
1483 T 3715 717 1210 0 0
1483 T 1208 723 3718 0 0
1483 T 3715 845 1917 0 0
1483 T 1860 852 3717 0 0
1483 T 3042 3046 3050 0 0
1483 T 2540 3489 2285 0 0
1483 T 2576 3521 2329 0 0
1483 T 2372 3559 2462 0 0
1483 T 2415 3591 2498 0 0
1483 T 128 126 128 -1 0
1483 T 594 596 594 1 0
1483 T 849 845 1058 0 0
1483 T 2463 1937 446 0 0
1483 T 447 1880 2537 0 0
1483 T 13 3510 3662 0 0
1483 T 3628 3580 13 0 0
1483 T 2608 2595 2603 0 0
1483 T 2603 2598 2605 0 0
1483 T 3028 3035 3031 0 0
1483 T 3031 3038 3021 0 0
1483 T 350 2353 2438 0 0
1483 T 3560 3452 1937 0 0
1483 T 235 3450 2377 0 0
1483 T 1880 3445 3490 0 0
1483 T 2295 3447 238 0 0
1483 T 2371 3452 446 0 0
1483 T 447 3445 2286 0 0
1483 T 3623 65 3658 0 0
1483 T 3076 3074 3076 -1 0
1483 T 242 244 242 1 0
1483 T 2052 594 1997 0 0
1483 T 3705 813 3696 0 0
1483 T 1607 3723 1537 0 0
1483 T 2532 3464 2453 0 0
1483 T 3423 3462 3425 0 0
1483 T 2345 10 3675 0 0
1483 T 3673 1151 3640 0 0
1483 T 3638 9 2432 0 0
1483 T 2371 3461 2285 0 0
1483 T 3448 3463 3450 0 0
1483 T 3584 3231 3509 0 0
1483 T 3579 3149 3514 0 0
1483 T 810 812 810 1 0
1483 T 2508 2437 3638 0 0
1483 T 3676 2355 2582 0 0
1483 T 1543 3725 1609 0 0
1483 T 1611 105 3477 0 0
1483 T 3479 29 1605 0 0
1483 T 1540 32 3545 0 0
1483 T 3547 104 1542 0 0
1483 T 3664 2944 3621 0 0
1483 T 3659 2998 3626 0 0
1483 T 48 2285 2529 -1 0
1483 T 48 2453 2370 0 0
1483 T 3548 3722 3477 0 0
1483 T 3627 3710 3662 0 0
1483 T 3512 3712 3577 0 0
1483 T 46 1537 3545 0 0
1483 T 46 3477 1606 0 0
1483 T 3736 93 3729 0 0
1483 U 1557 1 3 0 0
1483 U 2491 4 1 0 0
1483 U 10 3 4 0 0
1483 U 13 2 1 0 0
1483 U 2395 4 2 0 0
1483 U 1563 5 1 0 0
1483 U 118 3 5 0 0
1483 U 104 6 1 0 0
1483 U 32 5 6 0 0
1483 U 2392 5 1 0 0
1483 U 18 6 5 0 0
1483 U 1629 7 11 0 0
1483 U 2311 9 7 0 0
1483 U 124 11 9 0 0
1483 U 13 8 7 0 0
1483 U 2567 9 8 0 0
1483 U 1627 9 7 0 0
1483 U 9 10 9 0 0
1483 U 2307 11 7 0 0
1483 U 108 12 7 0 0
1483 U 19 11 12 0 0
1483 U 30 12 11 0 0
1483 U 2962 13 20 0 0
1483 U 1755 23 13 0 0
1483 U 509 20 23 0 0
1483 U 420 17 13 0 0
1483 U 2996 23 17 0 0
1483 U 35 14 13 0 0
1483 U 1760 17 14 0 0
1483 U 428 16 13 0 0
1483 U 2979 18 16 0 0
1483 U 1782 16 20 0 0
1483 U 2982 15 22 0 0
1483 U 520 22 19 0 0
1483 U 1779 18 15 0 0
1483 U 12 17 18 0 0
1483 U 468 24 15 0 0
1483 U 1792 24 22 0 0
1483 U 3693 19 22 0 0
1483 U 3004 21 19 0 0
1483 U 22 22 21 0 0
1483 U 44 21 22 0 0
1483 U 2905 25 32 0 0
1483 U 432 28 25 0 0
1483 U 1840 32 28 0 0
1483 U 1815 30 25 0 0
1483 U 2922 28 30 0 0
1483 U 34 26 25 0 0
1483 U 423 30 26 0 0
1483 U 1811 35 25 0 0
1483 U 2937 29 35 0 0
1483 U 507 35 32 0 0
1483 U 1833 27 30 0 0
1483 U 11 30 29 1 0
1483 U 2927 34 27 0 0
1483 U 514 31 34 0 0
1483 U 472 36 27 0 0
1483 U 1845 34 36 0 0
1483 U 3708 34 31 0 0
1483 U 2947 33 31 0 0
1483 U 43 34 33 0 0
1483 U 24 33 34 0 0
1483 U 1985 37 50 0 0
1483 U 868 39 37 0 0
1483 U 3356 50 39 0 0
1483 U 3340 51 37 0 0
1483 U 2001 39 51 0 0
1483 U 1991 45 37 0 0
1483 U 1040 51 45 0 0
1483 U 876 46 37 0 0
1483 U 40 45 46 0 0
1483 U 3336 44 37 0 0
1483 U 2024 46 44 0 0
1483 U 989 44 50 0 0
1483 U 1997 39 47 0 0
1483 U 3731 42 39 0 0
1483 U 971 47 42 0 0
1483 U 49 40 39 0 0
1483 U 3359 42 40 0 0
1483 U 962 41 51 0 0
1483 U 1068 50 47 0 0
1483 U 3366 41 47 0 0
1483 U 2011 50 41 0 0
1483 U 3409 50 51 0 0
1483 U 26 48 47 0 0
1483 U 15 44 43 0 0
1483 U 3391 45 44 0 0
1483 U 2027 52 43 0 0
1483 U 2041 53 61 0 0
1483 U 3251 67 53 0 0
1483 U 1042 61 67 0 0
1483 U 872 55 53 0 0
1483 U 2056 67 55 0 0
1483 U 2039 66 53 0 0
1483 U 3265 55 66 0 0
1483 U 3247 60 53 0 0
1483 U 995 66 60 0 0
1483 U 880 62 53 0 0
1483 U 2073 60 62 0 0
1483 U 38 62 61 0 0
1483 U 3271 57 55 0 0
1483 U 960 67 57 0 0
1483 U 49 56 55 1 0
1483 U 3735 57 56 0 0
1483 U 2052 63 55 0 0
1483 U 965 58 63 0 0
1483 U 1062 63 66 0 0
1483 U 2064 66 57 0 0
1483 U 3324 67 66 0 0
1483 U 3279 63 57 0 0
1483 U 28 63 64 0 0
1483 U 2078 59 68 0 0
1483 U 3303 62 59 0 0
1483 U 15 60 59 0 0
1483 Q 214 60 214 60 0 0 0 0 0 0
1483 Q 66 1452 8 1454 1 0 0 0 0 0
1483 Q 1446 68 1446 68 0 0 0 0 0 0
1483 Q 2179 205 2179 205 0 0 0 0 0 0
1483 Q 72 2640 153 2638 0 0 0 0 0 0
1483 Q 314 988 588 986 0 0 0 0 1 0
1483 Q 94 1348 2 1350 0 0 0 0 0 0
1483 Q 1360 71 1354 96 0 0 0 0 0 0
1483 Q 1367 1 1369 69 0 0 0 0 0 0
1483 Q 125 1175 125 1175 0 0 0 0 0 0
1483 Q 70 1376 153 1378 0 0 0 0 0 0
1483 Q 155 1499 1 1493 1 -1 0 0 0 0
1483 Q 216 2612 66 2610 0 0 0 0 0 0
1483 Q 146 936 314 938 0 0 0 0 0 0
1483 Q 630 756 630 756 0 0 0 0 0 0
1483 Q 242 1312 8 1314 1 0 0 0 0 0
1483 Q 314 812 314 812 0 0 0 0 0 0
1483 Q 1505 349 1503 2 0 0 0 0 0 0
1483 Q 1049 125 1047 404 0 0 0 0 0 0
1483 Q 0 1192 214 1194 0 0 0 0 0 0
1483 Q 0 2084 0 2084 0 0 0 0 0 0
1483 Q 2031 51 1977 0 0 0 0 0 0 0
1483 Q 7 27 8 25 0 0 1 0 0 0
1483 Q 1739 208 1698 8 0 0 0 0 0 0
1483 Q 0 1200 404 1202 0 0 0 0 0 0
1483 Q 522 832 207 834 0 0 0 0 0 0
1483 Q 348 2184 346 586 0 0 0 0 -1 0
1483 Q 242 1995 69 2045 0 0 0 0 0 0
1483 Q 2203 67 2246 244 0 0 0 0 0 0
1483 Q 2260 154 2213 72 0 0 0 0 0 0
1483 Q 156 22 153 24 0 0 0 0 0 0
1483 Q 2110 1264 72 1262 0 0 0 0 1 0
1483 Q 126 1056 3074 1054 0 0 0 0 1 0
1483 Q 2110 2608 2 2606 0 0 0 0 1 0
1483 Q 2600 2 2594 0 -1 1 0 0 0 -1
1483 Q 788 3463 782 72 0 0 0 0 0 0
1483 Q 3239 3723 3326 0 0 0 0 0 0 0
1483 Q 260 3711 254 216 0 0 0 0 0 0
