301 A 5 0 0 -2 0 2
301 A 10 0 5 -2 -5 2
301 A 10 0 0 -3 0 3
301 A 0 1 -85 0 85 0
301 A -2 1 -119 -1 119 1
301 A 2 1 119 -1 -119 1
301 A -3 1 -58 -1 58 1
301 A 3 1 58 -1 -58 1
301 A 20 0 -5 -2 5 2
301 A 20 0 5 -2 -5 2
301 A -28 1 -134 -14 134 14
301 A 28 1 134 -14 -134 14
301 A 0 2 -85 0 85 0
301 A 0 2 -216 1 216 -1
301 A 0 2 -300 1 300 -1
301 A -4 2 -182 -1 182 1
301 A 4 2 182 -1 -182 1
301 A -6 2 -61 0 61 0
301 A 6 2 -61 0 61 0
301 A 0 4 -85 2 85 -2
301 A 4 0 0 -1 0 -1
301 A 4 0 2 -1 2 -1
301 A 5 0 0 -1 0 -1
301 A 6 0 0 -1 0 -1
301 A 9 0 0 -4 0 -4
301 A 10 0 0 -1 0 -1
301 A 11 0 0 -5 0 -5
301 A 12 0 0 -1 0 -1
301 A 12 0 6 -1 6 -1
301 A 12 0 0 -5 0 -5
301 A 12 0 6 -5 6 -5
301 A 15 0 0 -1 0 -1
301 A 15 0 0 -4 0 -4
301 A 18 0 0 -5 0 -5
301 A 20 0 10 -1 10 -1
301 A 20 0 10 -9 10 -9
301 A 36 0 0 -5 0 -5
301 A 5 0 -1 -1 -2 2
301 A 5 0 1 -1 2 2
301 A 6 0 -2 -1 -2 1
301 A 7 0 -1 -1 1 -1
301 A 7 0 -2 -1 -3 -2
301 A 7 0 2 -1 3 -2
301 A 7 0 -3 -1 -2 3
301 A 7 0 3 -1 2 3
301 A 7 0 -1 -2 1 -2
301 A 7 0 -2 -2 -3 3
301 A 7 0 2 -2 3 3
301 A 7 0 -1 -3 1 -3
301 A 8 0 0 -1 0 3
301 A 8 0 -2 -1 2 -1
301 A 8 0 4 -1 4 3
301 A 8 0 -2 -3 2 -3
301 A 9 0 0 -1 0 2
301 A 9 0 -1 -1 2 -2
301 A 9 0 1 -1 -2 -2
301 A 9 0 -2 -1 -2 1
301 A 9 0 -3 -1 3 2
301 A 9 0 3 -1 -3 2
301 A 9 0 -4 -1 2 4
301 A 9 0 4 -1 -2 4
301 A 9 0 -1 -2 -1 2
301 A 9 0 -4 -2 -1 -4
301 A 9 0 4 -2 1 -4
301 A 9 0 -3 -4 3 -4
301 A 9 0 -4 -4 -4 4
301 A 10 0 -4 -1 2 -3
301 A 10 0 4 -1 -2 -3
301 A 11 0 0 -1 0 -3
301 A 11 0 -1 -1 -2 2
301 A 11 0 1 -1 2 2
301 A 11 0 -2 -1 3 4
301 A 11 0 2 -1 -3 4
301 A 11 0 -3 -1 -4 5
301 A 11 0 3 -1 4 5
301 A 11 0 -4 -1 -2 -5
301 A 11 0 4 -1 2 -5
301 A 11 0 -5 -1 -4 3
301 A 11 0 5 -1 4 3
301 A 11 0 0 -2 0 4
301 A 11 0 -1 -2 2 -4
301 A 11 0 1 -2 -2 -4
301 A 11 0 -3 -2 1 3
301 A 11 0 3 -2 -1 3
301 A 11 0 -4 -2 -4 2
301 A 11 0 -5 -2 2 -3
301 A 11 0 5 -2 -2 -3
301 A 11 0 -3 -3 3 -3
301 A 11 0 -5 -3 -1 5
301 A 11 0 5 -3 1 5
301 A 11 0 -1 -4 -1 4
301 A 11 0 -4 -4 5 -5
301 A 11 0 4 -4 -5 -5
301 A 11 0 -5 -4 5 -4
301 A 11 0 -3 -5 -3 5
301 A 12 0 -2 -1 -2 -5
301 A 12 0 2 -1 2 -5
301 A 12 0 -4 -1 -4 -5
301 A 12 0 4 -1 4 -5
301 A 13 0 0 -1 0 6
301 A 13 0 -1 -1 -4 4
301 A 13 0 1 -1 4 4
301 A 13 0 -2 -1 -4 2
301 A 13 0 2 -1 4 2
301 A 13 0 -3 -1 5 -6
301 A 13 0 3 -1 -5 -6
301 A 13 0 -4 -1 6 5
301 A 13 0 4 -1 -6 5
301 A 13 0 -5 -1 5 -1
301 A 13 0 -6 -1 -6 1
301 A 13 0 0 -2 0 3
301 A 13 0 -1 -2 3 -6
301 A 13 0 1 -2 -3 -6
301 A 13 0 -2 -2 -2 2
301 A 13 0 -3 -2 4 6
301 A 13 0 3 -2 -4 6
301 A 13 0 -5 -2 -3 -4
301 A 13 0 5 -2 3 -4
301 A 13 0 -6 -2 -4 -3
301 A 13 0 6 -2 4 -3
301 A 13 0 -1 -3 -2 6
301 A 13 0 1 -3 2 6
301 A 13 0 -2 -3 6 4
301 A 13 0 2 -3 -6 4
301 A 13 0 -3 -3 3 -3
301 A 13 0 -5 -3 -2 -4
301 A 13 0 5 -3 2 -4
301 A 13 0 -6 -3 3 5
301 A 13 0 6 -3 -3 5
301 A 13 0 0 -4 0 -5
301 A 13 0 -1 -4 2 5
301 A 13 0 1 -4 -2 5
301 A 13 0 -5 -4 1 -6
301 A 13 0 5 -4 -1 -6
301 A 13 0 -1 -5 -1 5
301 A 13 0 -4 -5 4 -5
301 A 13 0 -5 -5 -6 6
301 A 13 0 5 -5 6 6
301 A 14 0 -2 -1 4 5
301 A 14 0 2 -1 -4 5
301 A 14 0 -4 -1 2 3
301 A 14 0 4 -1 -2 3
301 A 14 0 -6 -1 6 -1
301 A 14 0 -4 -3 2 -5
301 A 14 0 4 -3 -2 -5
301 A 14 0 -6 -3 6 -3
301 A 14 0 -6 -5 6 -5
301 A 15 0 -1 -1 -7 7
301 A 15 0 1 -1 7 7
301 A 15 0 -4 -1 2 7
301 A 15 0 4 -1 -2 7
301 A 15 0 -5 -1 -5 4
301 A 15 0 5 -1 5 4
301 A 15 0 -6 -1 3 2
301 A 15 0 6 -1 -3 2
301 A 15 0 0 -2 0 7
301 A 15 0 -2 -2 4 -4
301 A 15 0 2 -2 -4 -4
301 A 15 0 -5 -2 -5 2
301 A 15 0 -7 -2 -1 -4
301 A 15 0 7 -2 1 -4
301 A 15 0 -6 -4 3 -7
301 A 15 0 6 -4 -3 -7
301 A 15 0 -5 -7 -5 7
301 A 16 0 0 -1 0 -5
301 A 16 0 -2 -1 2 -1
301 A 16 0 -4 -1 4 -5
301 A 16 0 4 -1 -4 -5
301 A 16 0 -6 -1 6 -1
301 A 16 0 8 -1 8 -5
301 A 16 0 0 -3 0 -7
301 A 16 0 -2 -3 2 5
301 A 16 0 2 -3 -2 5
301 A 16 0 -4 -3 4 -7
301 A 16 0 4 -3 -4 -7
301 A 16 0 -6 -3 6 5
301 A 16 0 6 -3 -6 5
301 A 16 0 8 -3 8 -7
301 A 16 0 -2 -7 2 -7
301 A 16 0 -6 -7 6 -7
301 A 17 0 0 -1 0 7
301 A 17 0 -1 -1 4 -4
301 A 17 0 1 -1 -4 -4
301 A 17 0 -2 -1 -2 1
301 A 17 0 -3 -1 5 4
301 A 17 0 3 -1 -5 4
301 A 17 0 -4 -1 5 3
301 A 17 0 4 -1 -5 3
301 A 17 0 -5 -1 -4 -6
301 A 17 0 5 -1 4 -6
301 A 17 0 -6 -1 -2 6
301 A 17 0 6 -1 2 6
301 A 17 0 -7 -1 -1 5
301 A 17 0 7 -1 1 5
301 A 17 0 -8 -1 1 2
301 A 17 0 8 -1 -1 2
301 A 17 0 0 -2 0 -5
301 A 17 0 -2 -2 2 -2
301 A 17 0 -3 -2 -8 -6
301 A 17 0 3 -2 8 -6
301 A 17 0 -4 -2 -1 -8
301 A 17 0 4 -2 1 -8
301 A 17 0 -5 -2 1 3
301 A 17 0 5 -2 -1 3
301 A 17 0 -6 -2 -6 2
301 A 17 0 -7 -2 2 -3
301 A 17 0 7 -2 -2 -3
301 A 17 0 -8 -2 -6 -7
301 A 17 0 8 -2 6 -7
301 A 17 0 0 -3 0 8
301 A 17 0 -3 -3 7 -7
301 A 17 0 3 -3 -7 -7
301 A 17 0 -4 -3 -6 -4
301 A 17 0 4 -3 6 -4
301 A 17 0 -6 -3 5 6
301 A 17 0 6 -3 -5 6
301 A 17 0 -7 -3 6 -5
301 A 17 0 7 -3 -6 -5
301 A 17 0 -8 -3 4 7
301 A 17 0 8 -3 -4 7
301 A 17 0 0 -4 0 6
301 A 17 0 -1 -4 3 5
301 A 17 0 1 -4 -3 5
301 A 17 0 -2 -4 4 -8
301 A 17 0 2 -4 -4 -8
301 A 17 0 -3 -4 -1 7
301 A 17 0 3 -4 1 7
301 A 17 0 -7 -4 8 -7
301 A 17 0 7 -4 -8 -7
301 A 17 0 -8 -4 8 -4
301 A 17 0 -2 -5 -1 -6
301 A 17 0 2 -5 1 -6
301 A 17 0 -4 -5 -3 8
301 A 17 0 4 -5 3 8
301 A 17 0 -5 -5 -6 6
301 A 17 0 5 -5 6 6
301 A 17 0 -7 -5 -3 7
301 A 17 0 7 -5 3 7
301 A 17 0 -8 -5 6 -8
301 A 17 0 8 -5 -6 -8
301 A 17 0 -3 -6 -3 6
301 A 17 0 -7 -6 -2 -8
301 A 17 0 7 -6 2 -8
301 A 17 0 -2 -7 5 8
301 A 17 0 2 -7 -5 8
301 A 17 0 -5 -7 5 -7
301 A 17 0 -7 -8 7 -8
301 A 17 0 -8 -8 -8 8
301 A 0 1 -18 0 -117 0
301 A 0 1 -22 0 -41 0
301 A 0 1 -32 0 -47 0
301 A 0 1 -44 0 130 0
301 A 0 1 -45 0 -107 0
301 A 0 1 -64 0 127 0
301 A 0 1 -65 0 88 0
301 A 0 1 -87 0 -128 0
301 A 0 1 -89 0 115 0
301 A 0 1 -108 0 131 0
301 A 0 1 -111 0 -141 0
301 A -1 1 -19 0 -143 0
301 A -1 1 -21 0 -115 0
301 A -1 1 -25 0 145 0
301 A -1 1 -29 0 125 0
301 A -1 1 -31 0 39 0
301 A -1 1 -37 0 49 0
301 A -1 1 -51 0 77 0
301 A -1 1 -53 0 57 0
301 A -1 1 -65 0 79 0
301 A -1 1 -73 0 -91 0
301 A -1 1 -75 0 149 0
301 A -1 1 -89 0 -95 0
301 A -1 1 -107 0 -127 0
301 A -1 1 -109 0 133 0
301 A -1 1 -111 0 117 0
301 A -1 1 -113 0 147 0
301 A 1 1 -19 0 -143 0
301 A 1 1 -21 0 -115 0
301 A 1 1 -25 0 145 0
301 A 1 1 -29 0 125 0
301 A 1 1 -31 0 39 0
301 A 1 1 -37 0 49 0
301 A 1 1 -51 0 77 0
301 A 1 1 -53 0 57 0
301 A 1 1 -65 0 79 0
301 A 1 1 -73 0 -91 0
301 A 1 1 -75 0 149 0
301 A 1 1 -89 0 -95 0
301 A 1 1 -107 0 -127 0
301 A 1 1 -109 0 133 0
301 A 1 1 -111 0 117 0
301 A 1 1 -113 0 147 0
301 A -2 1 -21 0 -29 0
301 A -2 1 -31 0 -59 0
301 A -2 1 -32 0 141 1
301 A -2 1 -41 0 -117 -1
301 A -2 1 -46 0 124 1
301 A -2 1 -48 0 -106 -1
301 A -2 1 -54 0 -94 -1
301 A -2 1 -58 0 140 1
301 A -2 1 -62 0 121 1
301 A -2 1 -63 0 90 1
301 A -2 1 -64 0 -79 -1
301 A -2 1 -80 -1 91 1
301 A -2 1 -89 -1 -122 -1
301 A -2 1 -110 -1 126 1
301 A -2 1 -116 -1 135 1
301 A 2 1 -21 0 -29 0
301 A 2 1 -31 0 -59 0
301 A 2 1 -32 0 141 -1
301 A 2 1 -41 0 -117 1
301 A 2 1 -46 0 124 -1
301 A 2 1 -48 0 -106 1
301 A 2 1 -54 0 -94 1
301 A 2 1 -58 0 140 -1
301 A 2 1 -62 0 121 -1
301 A 2 1 -63 0 90 -1
301 A 2 1 -64 0 -79 1
301 A 2 1 80 -1 -91 1
301 A 2 1 89 -1 122 -1
301 A 2 1 110 -1 -126 1
301 A 2 1 116 -1 -135 1
301 A -3 1 -19 0 49 0
301 A -3 1 -21 0 -56 -1
301 A -3 1 -23 0 27 0
301 A -3 1 -33 0 47 0
301 A -3 1 -37 0 -64 -1
301 A -3 1 -39 0 -148 -1
301 A -3 1 -41 0 118 1
301 A -3 1 -51 0 -76 -1
301 A -3 1 -50 -1 114 1
301 A -3 1 -60 -1 -120 -1
301 A -3 1 -78 -1 108 1
301 A -3 1 -80 -1 124 1
301 A -3 1 -94 -1 -144 -1
301 A -3 1 -126 -1 146 1
301 A 3 1 -19 0 49 0
301 A 3 1 -21 0 -56 1
301 A 3 1 -23 0 27 0
301 A 3 1 -33 0 47 0
301 A 3 1 -37 0 -64 1
301 A 3 1 -39 0 -148 1
301 A 3 1 -41 0 118 -1
301 A 3 1 -51 0 -76 1
301 A 3 1 50 -1 -114 1
301 A 3 1 60 -1 120 -1
301 A 3 1 78 -1 -108 1
301 A 3 1 80 -1 -124 1
301 A 3 1 94 -1 144 -1
301 A 3 1 126 -1 -146 1
301 A -4 1 -18 0 -84 -1
301 A -4 1 -19 0 -46 -1
301 A -4 1 -22 0 -68 -1
301 A -4 1 -30 0 70 1
301 A -4 1 -33 0 -44 -1
301 A -4 1 -37 0 56 1
301 A -4 1 -39 -1 55 1
301 A -4 1 -63 -1 -115 -2
301 A -4 1 -80 -1 113 1
301 A -4 1 -96 -1 141 2
301 A -4 1 -113 -2 123 2
301 A -4 1 -125 -2 -135 -2
301 A 4 1 -18 0 -84 1
301 A 4 1 -19 0 -46 1
301 A 4 1 -22 0 -68 1
301 A 4 1 -30 0 70 -1
301 A 4 1 -33 0 -44 1
301 A 4 1 -37 0 56 -1
301 A 4 1 39 -1 -55 1
301 A 4 1 63 -1 115 -2
301 A 4 1 80 -1 -113 1
301 A 4 1 96 -1 -141 2
301 A 4 1 113 -2 -123 2
301 A 4 1 125 -2 135 -2
301 A 18 0 -6 -1 6 -7
301 A 18 0 6 -1 -6 -7
301 A 18 0 -8 -1 -2 7
301 A 18 0 8 -1 2 7
301 A 18 0 -4 -5 -4 5
301 A 18 0 -6 -5 6 -5
301 A 18 0 -8 -5 4 -7
301 A 18 0 8 -5 -4 -7
301 A 18 0 -8 -7 -8 7
301 A -5 1 -19 0 93 2
301 A -5 1 -21 0 -31 0
301 A -5 1 -23 0 -80 -1
301 A -5 1 -27 0 147 2
301 A -5 1 -28 -1 -74 -1
301 A -5 1 -34 -1 -107 -2
301 A -5 1 -38 -1 86 1
301 A -5 1 -44 -1 -143 -2
301 A -5 1 -46 -1 -137 -2
301 A -5 1 -48 -1 -113 -2
301 A -5 1 -52 -1 133 2
301 A -5 1 -56 -1 145 2
301 A -5 1 -64 -1 -127 -2
301 A -5 1 -66 -1 -91 -2
301 A -5 1 -72 -1 -117 -2
301 A -5 1 -92 -1 111 2
301 A -5 1 -89 -2 -125 -2
301 A 5 1 -19 0 93 -2
301 A 5 1 -21 0 -31 0
301 A 5 1 -23 0 -80 1
301 A 5 1 -27 0 147 -2
301 A 5 1 28 -1 74 -1
301 A 5 1 34 -1 107 -2
301 A 5 1 38 -1 -86 1
301 A 5 1 44 -1 143 -2
301 A 5 1 46 -1 137 -2
301 A 5 1 48 -1 113 -2
301 A 5 1 52 -1 -133 2
301 A 5 1 56 -1 -145 2
301 A 5 1 64 -1 127 -2
301 A 5 1 66 -1 91 -2
301 A 5 1 72 -1 117 -2
301 A 5 1 92 -1 -111 2
301 A 5 1 89 -2 125 -2
301 A -6 1 -19 0 65 1
301 A -6 1 -26 -1 140 3
301 A -6 1 -29 -1 -71 -1
301 A -6 1 -45 -1 134 3
301 A -6 1 -47 -1 -77 -2
301 A -6 1 -54 -1 -67 -1
301 A -6 1 -58 -1 73 1
301 A -6 1 -94 -2 112 2
301 A -6 1 -124 -3 -141 -3
301 A 6 1 -19 0 65 -1
301 A 6 1 26 -1 -140 3
301 A 6 1 29 -1 71 -1
301 A 6 1 45 -1 -134 3
301 A 6 1 47 -1 77 -2
301 A 6 1 54 -1 67 -1
301 A 6 1 58 -1 -73 1
301 A 6 1 94 -2 -112 2
301 A 6 1 124 -3 141 -3
301 A -7 1 -19 0 108 3
301 A -7 1 -23 0 116 3
301 A -7 1 -26 -1 -46 -1
301 A -7 1 -30 -1 109 2
301 A -7 1 -40 -1 -60 -1
301 A -7 1 -54 -1 -95 -2
301 A -7 1 -62 -1 -64 -1
301 A -7 1 -66 -1 -142 -3
301 A -7 1 -69 -2 83 2
301 A -7 1 -79 -2 -122 -3
301 A -7 1 -93 -2 -136 -3
301 A -7 1 -132 -3 146 3
301 A 7 1 -19 0 108 -3
301 A 7 1 -23 0 116 -3
301 A 7 1 26 -1 46 -1
301 A 7 1 30 -1 -109 2
301 A 7 1 40 -1 60 -1
301 A 7 1 54 -1 95 -2
301 A 7 1 62 -1 64 -1
301 A 7 1 66 -1 142 -3
301 A 7 1 69 -2 -83 2
301 A 7 1 79 -2 122 -3
301 A 7 1 93 -2 136 -3
301 A 7 1 132 -3 -146 3
301 A 19 0 -8 -1 2 -5
301 A 19 0 8 -1 -2 -5
301 A 19 0 -9 -1 -5 9
301 A 19 0 9 -1 5 9
301 A 19 0 -1 -2 -7 -5
301 A 19 0 1 -2 7 -5
301 A 19 0 -2 -2 -5 5
301 A 19 0 2 -2 5 5
301 A 19 0 -3 -2 -1 7
301 A 19 0 3 -2 1 7
301 A 19 0 -5 -2 -4 -6
301 A 19 0 5 -2 4 -6
301 A 19 0 -6 -2 5 -8
301 A 19 0 6 -2 -5 -8
301 A 19 0 -7 -2 -7 2
301 A 19 0 -8 -2 6 8
301 A 19 0 8 -2 -6 8
301 A 19 0 -9 -2 -4 3
301 A 19 0 9 -2 4 3
301 A 19 0 -2 -3 9 -4
301 A 19 0 2 -3 -9 -4
301 A 19 0 -3 -3 3 -3
301 A 19 0 -5 -3 7 -8
301 A 19 0 5 -3 -7 -8
301 A 19 0 -8 -3 -8 3
301 A 19 0 -2 -4 6 7
301 A 19 0 2 -4 -6 7
301 A 19 0 -4 -4 7 -7
301 A 19 0 4 -4 -7 -7
301 A 19 0 -6 -4 9 -6
301 A 19 0 6 -4 -9 -6
301 A 19 0 -7 -4 7 -4
301 A 19 0 -3 -5 6 9
301 A 19 0 3 -5 -6 9
301 A 19 0 -4 -5 -2 -7
301 A 19 0 4 -5 2 -7
301 A 19 0 -6 -5 -6 5
301 A 19 0 -3 -6 4 -8
301 A 19 0 3 -6 -4 -8
301 A 19 0 -3 -7 7 9
301 A 19 0 3 -7 -7 9
301 A 19 0 -1 -8 -1 8
301 A 19 0 -4 -9 4 -9
301 A -8 1 -21 0 -115 -3
301 A -8 1 -22 0 67 2
301 A -8 1 -16 -1 -60 -2
301 A -8 1 -24 -1 -49 -1
301 A -8 1 -28 -1 55 2
301 A -8 1 -29 -1 124 3
301 A -8 1 -30 -1 -40 -1
301 A -8 1 -41 -1 125 3
301 A -8 1 -56 -1 130 3
301 A -8 1 -53 -2 132 4
301 A -8 1 -61 -2 104 3
301 A -8 1 -63 -2 110 3
301 A -8 1 -81 -2 119 3
301 A -8 1 -82 -2 -92 -2
301 A -8 1 -85 -2 -135 -3
301 A -8 1 -93 -2 120 3
301 A -8 1 -95 -2 139 4
301 A 8 1 -21 0 -115 3
301 A 8 1 -22 0 67 -2
301 A 8 1 16 -1 60 -2
301 A 8 1 24 -1 49 -1
301 A 8 1 28 -1 -55 2
301 A 8 1 29 -1 -124 3
301 A 8 1 30 -1 40 -1
301 A 8 1 41 -1 -125 3
301 A 8 1 56 -1 -130 3
301 A 8 1 53 -2 -132 4
301 A 8 1 61 -2 -104 3
301 A 8 1 63 -2 -110 3
301 A 8 1 81 -2 -119 3
301 A 8 1 82 -2 92 -2
301 A 8 1 85 -2 135 -3
301 A 8 1 93 -2 -120 3
301 A 8 1 95 -2 -139 4
301 A -9 1 -21 0 73 2
301 A -9 1 -14 -1 -65 -2
301 A -9 1 -16 -1 80 3
301 A -9 1 -22 -1 28 1
301 A -9 1 -24 -1 -63 -2
301 A -9 1 -48 -1 -49 -2
301 A -9 1 -52 -1 92 3
301 A -9 1 -53 -2 86 3
301 A -9 1 -69 -2 83 2
301 A -9 1 -110 -3 118 3
301 A -9 1 -114 -3 -113 -4
301 A -9 1 -139 -4 143 4
301 A 9 1 -21 0 73 -2
301 A 9 1 14 -1 65 -2
301 A 9 1 16 -1 -80 3
301 A 9 1 22 -1 -28 1
301 A 9 1 24 -1 63 -2
301 A 9 1 48 -1 49 -2
301 A 9 1 52 -1 -92 3
301 A 9 1 53 -2 -86 3
301 A 9 1 69 -2 -83 2
301 A 9 1 110 -3 -118 3
301 A 9 1 114 -3 113 -4
301 A 9 1 139 -4 -143 4
301 A 20 0 -3 -2 -9 6
301 A 20 0 3 -2 9 6
301 A 20 0 10 -3 10 -7
301 A -10 1 -12 -1 -124 -4
301 A -10 1 -13 -1 -92 -3
301 A -10 1 -22 -1 138 5
301 A -10 1 -25 -1 -96 -3
301 A -10 1 -28 -1 75 2
301 A -10 1 -50 -1 97 3
301 A -10 1 -43 -2 -50 -2
301 A -10 1 -56 -2 -113 -4
301 A -10 1 -65 -2 134 5
301 A -10 1 -67 -2 -76 -3
301 A -10 1 -71 -2 -101 -4
301 A 10 1 12 -1 124 -4
301 A 10 1 13 -1 92 -3
301 A 10 1 22 -1 -138 5
301 A 10 1 25 -1 96 -3
301 A 10 1 28 -1 -75 2
301 A 10 1 50 -1 -97 3
301 A 10 1 43 -2 50 -2
301 A 10 1 56 -2 113 -4
301 A 10 1 65 -2 -134 5
301 A 10 1 67 -2 76 -3
301 A 10 1 71 -2 101 -4
301 A -11 1 -12 -1 -44 -1
301 A -11 1 -16 -1 -92 -3
301 A -11 1 -18 -1 98 3
301 A -11 1 -20 -1 122 5
301 A -11 1 -26 -1 -46 -1
301 A -11 1 -32 -1 -113 -4
301 A -11 1 -38 -1 -111 -4
301 A -11 1 -41 -2 45 2
301 A -11 1 -100 -3 121 4
301 A -11 1 -117 -4 118 5
301 A 11 1 12 -1 44 -1
301 A 11 1 16 -1 92 -3
301 A 11 1 18 -1 -98 3
301 A 11 1 20 -1 -122 5
301 A 11 1 26 -1 46 -1
301 A 11 1 32 -1 113 -4
301 A 11 1 38 -1 111 -4
301 A 11 1 41 -2 -45 2
301 A 11 1 100 -3 -121 4
301 A 11 1 117 -4 -118 5
301 A 21 0 -3 -2 -9 -8
301 A 21 0 3 -2 9 -8
301 A 21 0 -5 -2 10 -4
301 A 21 0 5 -2 -10 -4
301 A 21 0 -6 -2 6 -2
301 A 21 0 -6 -4 6 -4
301 A 21 0 -4 -5 2 8
301 A 21 0 4 -5 -2 8
301 A 21 0 -5 -5 10 -10
301 A 21 0 5 -5 -10 -10
301 A 21 0 -6 -5 6 -5
301 A 21 0 -3 -8 -9 10
301 A 21 0 3 -8 9 10
301 A 21 0 -6 -10 6 -10
301 A -12 1 -12 -1 132 6
301 A -12 1 -15 -1 21 1
301 A -12 1 -17 -1 -34 -1
301 A -12 1 -27 -1 134 5
301 A -12 1 -30 -1 41 1
301 A -12 1 -31 -1 135 6
301 A -12 1 -32 -1 -67 -2
301 A -12 1 -43 -2 57 3
301 A -12 1 -54 -2 61 3
301 A -12 1 -68 -2 136 6
301 A -12 1 -82 -3 84 4
301 A -12 1 -86 -4 -116 -5
301 A 12 1 12 -1 -132 6
301 A 12 1 15 -1 -21 1
301 A 12 1 17 -1 34 -1
301 A 12 1 27 -1 -134 5
301 A 12 1 30 -1 -41 1
301 A 12 1 31 -1 -135 6
301 A 12 1 32 -1 67 -2
301 A 12 1 43 -2 -57 3
301 A 12 1 54 -2 -61 3
301 A 12 1 68 -2 -136 6
301 A 12 1 82 -3 -84 4
301 A 12 1 86 -4 116 -5
301 A -13 1 -14 -1 -61 -2
301 A -13 1 -18 -1 52 3
301 A -13 1 -36 -1 -133 -6
301 A -13 1 -45 -2 -87 -4
301 A -13 1 -63 -2 104 5
301 A 13 1 14 -1 61 -2
301 A 13 1 18 -1 -52 3
301 A 13 1 36 -1 133 -6
301 A 13 1 45 -2 87 -4
301 A 13 1 63 -2 -104 5
301 A 22 0 -8 -3 8 -3
301 A 22 0 -4 -9 -4 9
301 A -14 1 -23 -1 -52 -3
301 A -14 1 -26 -1 59 2
301 A -14 1 -34 -1 -106 -5
301 A -14 1 -39 -1 -47 -2
301 A -14 1 -37 -2 74 4
301 A -14 1 -51 -2 95 4
301 A -14 1 -109 -5 -138 -7
301 A 14 1 23 -1 52 -3
301 A 14 1 26 -1 -59 2
301 A 14 1 34 -1 106 -5
301 A 14 1 39 -1 47 -2
301 A 14 1 37 -2 -74 4
301 A 14 1 51 -2 -95 4
301 A 14 1 109 -5 138 -7
301 A -15 1 -28 -1 -84 -5
301 A 15 1 28 -1 84 -5
301 A 23 0 -2 -2 4 -4
301 A 23 0 2 -2 -4 -4
301 A 23 0 -9 -2 -3 -7
301 A 23 0 9 -2 3 -7
301 A 23 0 -10 -2 -8 -3
301 A 23 0 10 -2 8 -3
301 A 23 0 -2 -3 -2 3
301 A 23 0 -9 -3 -2 -7
301 A 23 0 9 -3 2 -7
301 A 23 0 -10 -4 6 -7
301 A 23 0 10 -4 -6 -7
301 A 23 0 -11 -4 -10 -11
301 A 23 0 11 -4 10 -11
301 A 23 0 -11 -5 8 11
301 A 23 0 11 -5 -8 11
301 A 23 0 -4 -6 -1 -10
301 A 23 0 4 -6 1 -10
301 A 23 0 -7 -7 11 -11
301 A 23 0 7 -7 -11 -11
301 A 23 0 -8 -7 8 -7
301 A 23 0 -4 -9 7 -10
301 A 23 0 4 -9 -7 -10
301 A 23 0 -10 -10 10 -10
301 A 23 0 -9 -11 9 -11
301 A -16 1 -32 -1 -26 -2
301 A -16 1 -35 -2 -69 -4
301 A -16 1 -41 -2 -110 -6
301 A -16 1 -68 -4 -93 -5
301 A -16 1 -90 -4 90 5
301 A 16 1 32 -1 26 -2
301 A 16 1 35 -2 69 -4
301 A 16 1 41 -2 110 -6
301 A 16 1 68 -4 93 -5
301 A 16 1 90 -4 -90 5
301 A -17 1 -22 -1 -70 -3
301 A 17 1 22 -1 70 -3
301 A 25 0 -5 -4 5 6
301 A 25 0 5 -4 -5 6
301 A -18 1 -23 -1 25 2
301 A -18 1 -28 -1 105 7
301 A -18 1 -28 -2 -76 -5
301 A -18 1 -48 -2 -96 -5
301 A -18 1 -99 -5 -147 -8
301 A 18 1 23 -1 -25 2
301 A 18 1 28 -1 -105 7
301 A 18 1 28 -2 76 -5
301 A 18 1 48 -2 96 -5
301 A 18 1 99 -5 147 -8
301 A -19 1 -83 -6 137 8
301 A 19 1 83 -6 -137 8
301 A 26 0 -12 -5 -12 5
301 A -20 1 -32 -1 -137 -10
301 A -20 1 -31 -3 88 6
301 A -20 1 -44 -3 82 5
301 A -20 1 -61 -3 -68 -5
301 A -20 1 -109 -7 -119 -7
301 A 20 1 32 -1 137 -10
301 A 20 1 31 -3 -88 6
301 A 20 1 44 -3 -82 5
301 A 20 1 61 -3 68 -5
301 A 20 1 109 -7 119 -7
301 A 27 0 -2 -2 -8 8
301 A 27 0 2 -2 8 8
301 A 27 0 -12 -5 12 -5
301 A 27 0 -6 -7 -3 8
301 A 27 0 6 -7 3 8
301 A 27 0 -7 -7 -10 10
301 A 27 0 7 -7 10 10
301 A 27 0 -2 -8 -11 -10
301 A 27 0 2 -8 11 -10
301 A 28 0 -1 -2 1 -2
301 A 28 0 -1 -6 1 -6
301 A 28 0 -6 -11 6 -11
301 A -22 1 -31 -1 83 7
301 A -22 1 -10 -2 79 5
301 A -22 1 -37 -2 38 4
301 A -22 1 -48 -4 -131 -9
301 A 22 1 31 -1 -83 7
301 A 22 1 10 -2 -79 5
301 A 22 1 37 -2 -38 4
301 A 22 1 48 -4 131 -9
301 A 29 0 -8 -3 -6 -5
301 A 29 0 8 -3 6 -5
301 A 29 0 -9 -3 -13 14
301 A 29 0 9 -3 13 14
301 A 29 0 -4 -5 4 -5
301 A 29 0 -5 -5 -14 14
301 A 29 0 5 -5 14 14
301 A 29 0 -11 -6 -8 7
301 A 29 0 11 -6 8 7
301 A 29 0 -14 -8 14 -8
301 A -24 1 -37 -2 83 6
301 A -24 1 -45 -4 95 9
301 A 24 1 37 -2 -83 6
301 A 24 1 45 -4 -95 9
301 A 30 0 -10 -9 10 -9
301 A 31 0 -15 -3 -7 -11
301 A 31 0 15 -3 7 -11
301 A 31 0 -11 -4 13 15
301 A 31 0 11 -4 -13 15
301 A 31 0 -8 -8 15 -15
301 A 31 0 8 -8 -15 -15
301 A 31 0 -9 -8 9 -8
301 A 31 0 -6 -11 6 -11
301 A -26 1 -80 -6 -125 -10
301 A -26 1 -82 -8 -113 -9
301 A -26 1 -88 -8 134 13
301 A 26 1 80 -6 125 -10
301 A 26 1 82 -8 113 -9
301 A 26 1 88 -8 -134 13
301 A -28 1 -22 -3 -62 -4
301 A 28 1 22 -3 62 -4
301 A 33 0 -3 -10 -15 -16
301 A 33 0 3 -10 15 -16
301 A -30 1 -47 -6 -125 -11
301 A -30 1 -87 -9 132 15
301 A 30 1 47 -6 125 -11
301 A 30 1 87 -9 -132 15
301 A 0 2 -44 1 130 1
301 A 0 2 -128 1 214 1
301 A -4 2 -60 -1 -180 -1
301 A 4 2 60 -1 180 -1
301 A 35 0 -15 -11 15 -11
301 A -6 2 -63 0 181 2
301 A -6 2 -145 -2 265 2
301 A 6 2 -63 0 181 -2
301 A 6 2 145 -2 -265 2
301 A -32 1 -40 -3 85 8
301 A 32 1 40 -3 -85 8
301 A 37 0 -18 -6 4 11
301 A 37 0 18 -6 -4 11
301 A 37 0 -11 -11 -14 14
301 A 37 0 11 -11 14 14
301 A -14 2 -55 -2 -57 -2
301 A 14 2 55 -2 57 -2
301 A -34 1 -40 -3 32 6
301 A 34 1 40 -3 -32 6
301 A -36 1 -3 -3 -86 -10
301 A -36 1 -12 -4 100 14
301 A 36 1 3 -3 86 -10
301 A 36 1 12 -4 -100 14
301 A 41 0 -20 -4 -16 -5
301 A 41 0 20 -4 16 -5
301 A 41 0 -15 -5 15 -5
301 A 45 0 -11 -11 -17 17
301 A 45 0 11 -11 17 17
301 A 47 0 -21 -3 21 -3
301 A 47 0 -15 -14 15 -14
301 A -44 1 -54 -5 -63 -11
301 A 44 1 54 -5 63 -11
301 A 49 0 -12 -12 24 -24
301 A 49 0 12 -12 -24 -24
301 A 49 0 -13 -12 13 -12
301 A 51 0 -24 -25 24 -25
301 A 51 0 -25 -25 -25 25
301 A 53 0 -19 -19 19 -19
301 A 57 0 -12 -4 12 -4
301 A 65 0 -5 -14 5 -14
301 A 79 0 -33 -33 33 -33
301 A 83 0 -21 -7 21 -7
301 A 91 0 -8 -38 8 -38
301 A 101 0 -10 -10 10 -10
301 A 113 0 -56 -34 56 -34
301 A 119 0 -15 -15 15 -15
301 A 123 0 -15 -46 15 -46
301 A 133 0 -22 -22 22 -22
301 A 137 0 -68 -23 68 -23
301 A 143 0 -36 -36 36 -36
301 A 149 0 -74 -74 74 -74
301 S 2 1 5 0
301 S -1 2 5 0
301 S -2 1 5 0
301 S 1 2 5 0
301 S 0 1 7 0
301 S 0 2 7 0
301 S 0 3 7 0
301 S -3 1 10 0
301 S 1 3 10 0
301 S 3 1 10 0
301 S -1 3 10 0
301 S 7 1 14 0
301 S 7 3 14 0
301 S 7 5 14 0
301 T 851 853 851 1 0
301 T 277 2063 643 0 0
301 T 281 283 275 0 0
301 T 645 1996 279 -1 0
301 T 283 1994 2063 0 0
301 T 717 154 2010 0 0
301 T 2012 178 2078 0 0
301 T 2080 148 715 0 0
301 T 148 180 154 0 0
301 T 712 147 2126 0 0
301 T 1945 153 710 0 0
301 T 2128 178 1943 0 0
301 T 153 180 147 0 0
301 T 545 578 535 0 0
301 T 537 1604 1534 0 0
301 T 1536 247 543 0 0
301 T 247 1602 578 0 0
301 T 540 244 1467 0 0
301 T 532 585 538 0 0
301 T 1469 1638 530 0 0
301 T 585 1640 244 0 0
301 T 805 1014 1182 0 0
301 T 797 873 803 0 0
301 T 1184 4 795 0 0
301 T 873 6 1014 0 0
301 T 800 874 790 0 0
301 T 792 4 1123 0 0
301 T 1125 1081 798 0 0
301 T 1081 6 874 0 0
301 T 2181 4 2247 -1 0
301 T 2249 3 2202 0 0
301 T 2204 5 2179 0 0
301 T 5 3 4 0 0
301 T 370 373 369 -1 0
301 T 769 777 759 0 0
301 T 761 998 1398 0 0
301 T 1400 82 767 0 0
301 T 82 1000 777 0 0
301 T 764 89 1351 0 0
301 T 756 778 762 0 0
301 T 1353 1065 754 0 0
301 T 778 1063 89 0 0
301 T 693 1120 1382 0 0
301 T 685 794 691 0 0
301 T 1384 91 683 0 0
301 T 794 93 1120 0 0
301 T 688 793 678 0 0
301 T 680 91 1335 0 0
301 T 1337 1179 686 0 0
301 T 1179 93 793 0 0
301 T 89 2164 1871 0 0
301 T 53 83 87 0 0
301 T 83 1867 2117 0 0
301 T 2115 142 2164 0 0
301 T 109 1916 2202 0 0
301 T 113 126 107 0 0
301 T 2249 1918 111 0 0
301 T 645 196 2043 0 0
301 T 2045 190 1974 0 0
301 T 1976 197 643 0 0
301 T 197 192 196 0 0
301 T 281 264 272 0 0
301 T 270 2150 803 0 0
301 T 805 1992 279 0 0
301 T 1992 2152 264 0 0
301 T 276 2058 798 0 0
301 T 272 267 274 0 0
301 T 800 2104 270 0 0
301 T 267 2102 2058 0 0
301 T 817 860 823 0 0
301 T 821 854 815 0 0
301 T 177 628 1398 0 0
301 T 761 1571 175 0 0
301 T 1571 998 628 0 0
301 T 172 1505 754 0 0
301 T 1353 631 170 0 0
301 T 631 1065 1505 0 0
301 T 141 1364 571 0 0
301 T 573 73 575 0 0
301 T 577 1411 139 0 0
301 T 1411 73 1364 0 0
301 T 105 883 1174 0 0
301 T 1176 906 1490 0 0
301 T 1492 893 103 0 0
301 T 893 908 883 0 0
301 T 100 886 1558 0 0
301 T 1117 880 98 0 0
301 T 1560 913 1115 0 0
301 T 880 911 886 0 0
301 T 241 288 247 0 0
301 T 1604 2169 239 0 0
301 T 288 2167 578 0 0
301 T 244 291 234 0 0
301 T 236 2119 1638 0 0
301 T 585 2121 291 0 0
301 T 665 1518 926 0 0
301 T 657 837 663 0 0
301 T 928 9 655 0 0
301 T 837 8 1518 0 0
301 T 660 838 654 0 0
301 T 929 1588 658 0 0
301 T 1588 8 838 0 0
301 T 1442 118 2063 0 0
301 T 1996 124 1443 0 0
301 T 116 122 118 0 0
301 T 141 1371 767 -1 0
301 T 765 1420 139 0 0
301 T 769 917 763 0 0
301 T 1420 915 1371 0 0
301 T 385 585 1614 0 0
301 T 377 418 383 0 0
301 T 1616 2156 375 0 0
301 T 418 2154 585 0 0
301 T 380 417 374 0 0
301 T 376 2106 1650 0 0
301 T 1652 578 378 0 0
301 T 578 2108 417 0 0
301 T 261 295 251 0 0
301 T 253 1984 1655 0 0
301 T 1657 511 259 0 0
301 T 511 1982 295 0 0
301 T 256 508 1619 0 0
301 T 252 295 254 0 0
301 T 1621 2050 250 0 0
301 T 295 2052 508 0 0
301 T 613 424 2010 -1 0
301 T 2012 430 1942 0 0
301 T 1944 426 611 0 0
301 T 426 432 424 0 0
301 T 169 152 160 0 0
301 T 158 726 1682 0 0
301 T 1684 2268 167 0 0
301 T 2268 728 152 0 0
301 T 164 2222 1730 0 0
301 T 160 155 162 0 0
301 T 1732 733 158 0 0
301 T 155 731 2222 0 0
301 T 386 390 383 0 0
301 T 385 311 1610 0 0
301 T 1612 1564 388 0 0
301 T 1564 313 390 0 0
301 T 388 1494 1646 0 0
301 T 380 397 386 0 0
301 T 1648 311 378 0 0
301 T 397 313 1494 0 0
301 T 125 1021 875 0 0
301 T 877 898 867 0 0
301 T 869 1668 123 0 0
301 T 1668 900 1021 0 0
301 T 120 1630 862 0 0
301 T 872 1082 118 0 0
301 T 864 905 870 0 0
301 T 1082 903 1630 0 0
301 T 217 782 2198 0 0
301 T 209 264 215 0 0
301 T 2200 1750 207 0 0
301 T 264 1752 782 0 0
301 T 212 267 206 0 0
301 T 208 1704 2242 0 0
301 T 2244 789 210 0 0
301 T 789 1702 267 0 0
301 T 149 2154 1787 0 0
301 T 1789 2220 155 0 0
301 T 2220 2156 179 0 0
301 T 152 2262 1782 0 0
301 T 1784 2108 146 0 0
301 T 179 2106 2262 0 0
301 T 741 772 747 0 0
301 T 745 770 735 0 0
301 T 225 256 215 0 0
301 T 217 618 2194 0 0
301 T 2196 1663 223 0 0
301 T 1663 620 256 0 0
301 T 220 1629 2238 0 0
301 T 212 259 218 0 0
301 T 2240 625 210 0 0
301 T 259 623 1629 0 0
301 T 329 1373 363 0 0
301 T 365 361 369 1 0
301 T 361 1418 323 0 0
301 T 113 1972 2143 0 0
301 T 105 123 111 0 0
301 T 2145 799 103 0 0
301 T 123 801 1972 0 0
301 T 108 120 98 0 0
301 T 100 804 2095 0 0
301 T 2097 2038 106 0 0
301 T 2038 802 120 0 0
301 T 761 255 1482 0 0
301 T 1292 1620 759 0 0
301 T 1484 509 1290 0 0
301 T 756 1654 1235 0 0
301 T 1237 510 1550 0 0
301 T 1552 260 754 0 0
301 T 169 1237 752 0 0
301 T 750 754 747 0 0
301 T 749 1654 167 0 0
301 T 164 1620 742 0 0
301 T 752 1290 162 0 0
301 T 744 761 750 0 0
301 T 1080 1415 867 0 0
301 T 900 1417 5 0 0
301 T 864 1369 1015 0 0
301 T 5 1367 903 0 0
301 T 784 1624 999 0 0
301 T 776 844 782 0 0
301 T 844 85 1624 0 0
301 T 788 846 778 0 0
301 T 1065 1659 786 0 0
301 T 846 1661 89 0 0
301 T 241 416 1390 0 0
301 T 1392 377 1678 0 0
301 T 1680 379 239 0 0
301 T 236 384 1726 0 0
301 T 1345 419 234 0 0
301 T 1728 374 1343 0 0
301 T 545 2108 1386 0 0
301 T 1388 415 535 0 0
301 T 532 420 1339 0 0
301 T 1341 2154 538 0 0
301 T 357 587 2190 0 0
301 T 349 390 355 0 0
301 T 2192 1560 347 0 0
301 T 390 1558 587 0 0
301 T 352 397 342 0 0
301 T 344 1490 2234 0 0
301 T 2236 587 350 0 0
301 T 587 1492 397 0 0
301 T 158 734 1166 0 0
301 T 1168 900 1682 0 0
301 T 728 898 734 0 0
301 T 1109 741 158 0 0
301 T 1732 903 1107 0 0
301 T 741 905 731 0 0
301 T 205 820 1390 0 0
301 T 1392 826 1602 0 0
301 T 1604 865 203 0 0
301 T 865 828 820 0 0
301 T 200 866 1638 0 0
301 T 1345 823 198 0 0
301 T 1640 833 1343 0 0
301 T 823 831 866 0 0
301 T 625 440 1659 0 0
301 T 1661 446 2210 0 0
301 T 2212 460 623 0 0
301 T 460 448 440 0 0
301 T 620 455 2254 0 0
301 T 1625 435 618 0 0
301 T 2256 445 1623 0 0
301 T 435 443 455 0 0
301 T 289 464 1203 0 0
301 T 1205 2003 579 0 0
301 T 2168 2005 464 0 0
301 T 290 1143 469 0 0
301 T 467 2071 2118 0 0
301 T 584 2073 1143 0 0
301 T 233 310 239 0 0
301 T 1680 1647 231 0 0
301 T 236 310 226 0 0
301 T 228 1613 1726 0 0
301 T 429 2070 831 0 0
301 T 421 468 427 0 0
301 T 833 2121 419 0 0
301 T 424 463 414 0 0
301 T 416 2167 826 0 0
301 T 828 2004 422 0 0
301 T 501 181 1386 0 0
301 T 545 2264 499 0 0
301 T 496 2218 538 0 0
301 T 1341 181 494 0 0
301 T 113 1860 2298 0 0
301 T 2300 93 2143 0 0
301 T 1970 91 1860 0 0
301 T 2097 93 2338 0 0
301 T 2340 1855 106 0 0
301 T 1855 91 2040 0 0
301 T 749 250 2335 0 0
301 T 2337 1985 167 0 0
301 T 164 2051 2295 0 0
301 T 2297 253 742 0 0
301 T 365 482 355 0 0
301 T 357 2260 499 0 0
301 T 501 1359 363 0 0
301 T 1359 2258 482 0 0
301 T 360 1409 494 0 0
301 T 352 481 358 0 0
301 T 496 2214 350 0 0
301 T 481 2216 1409 0 0
301 T 157 2051 1803 0 0
301 T 1805 2297 160 0 0
301 T 160 2335 1798 0 0
301 T 1800 1985 150 0 0
301 T 1536 1468 609 -1 0
301 T 284 245 249 0 0
301 T 357 232 1282 0 0
301 T 1284 2091 499 0 0
301 T 2258 2093 232 0 0
301 T 496 2141 1227 0 0
301 T 1229 227 350 0 0
301 T 227 2139 2216 0 0
301 T 321 1117 347 0 0
301 T 2192 913 319 0 0
301 T 316 906 2234 0 0
301 T 344 1174 314 0 0
301 T 413 789 2206 0 0
301 T 405 441 411 0 0
301 T 2208 1739 403 0 0
301 T 441 1741 789 0 0
301 T 408 434 398 0 0
301 T 400 1693 2250 0 0
301 T 2252 782 406 0 0
301 T 782 1691 434 0 0
301 T 89 2349 2210 0 0
301 T 846 446 2349 0 0
301 T 2256 2307 82 0 0
301 T 2307 445 845 0 0
301 T 717 724 711 0 0
301 T 717 718 707 0 0
301 T 709 959 2006 0 0
301 T 2008 132 715 0 0
301 T 132 961 718 0 0
301 T 712 131 1939 0 0
301 T 704 721 710 0 0
301 T 1941 960 702 0 0
301 T 685 786 675 0 0
301 T 677 1703 1378 0 0
301 T 1380 268 683 0 0
301 T 680 263 1331 0 0
301 T 672 785 678 0 0
301 T 1333 1753 670 0 0
301 T 270 634 1182 0 0
301 T 2152 1014 634 0 0
301 T 1125 641 270 0 0
301 T 641 1081 2102 0 0
301 T 1862 2099 403 0 0
301 T 2208 92 1864 0 0
301 T 2099 90 1741 0 0
301 T 400 2149 1862 0 0
301 T 1864 92 2250 0 0
301 T 1691 90 2149 0 0
301 T 233 304 223 0 0
301 T 225 1873 2090 0 0
301 T 2259 1871 304 0 0
301 T 220 299 226 0 0
301 T 2140 1866 218 0 0
301 T 299 1868 2217 0 0
301 T 233 393 1950 0 0
301 T 1952 1563 239 0 0
301 T 236 1497 2018 0 0
301 T 2020 394 226 0 0
301 T 1805 133 1962 0 0
301 T 1168 969 1803 0 0
301 T 1964 555 1166 0 0
301 T 969 557 133 0 0
301 T 1798 2030 132 0 0
301 T 968 1109 1800 0 0
301 T 2030 1107 554 0 0
301 T 797 1083 2039 0 0
301 T 1973 1020 790 0 0
301 T 1064 622 1739 0 0
301 T 1693 621 999 0 0
301 T 813 1321 279 0 0
301 T 805 879 811 0 0
301 T 1321 881 1990 0 0
301 T 276 1263 806 0 0
301 T 808 884 798 0 0
301 T 2060 882 1263 0 0
301 T 205 401 1394 0 0
301 T 1396 407 1606 0 0
301 T 1608 435 203 0 0
301 T 200 440 1642 0 0
301 T 1349 402 198 0 0
301 T 1644 412 1347 0 0
301 T 349 1953 1282 0 0
301 T 1229 2019 342 0 0
301 T 849 845 853 1 0
301 T 1861 1020 1178 0 0
301 T 1121 1083 1854 0 0
301 T 1388 423 2278 0 0
301 T 2280 462 535 0 0
301 T 532 469 2318 0 0
301 T 2320 428 1339 0 0
301 T 709 12 2186 0 0
301 T 2188 451 2006 0 0
301 T 961 453 12 0 0
301 T 1941 452 2230 0 0
301 T 2232 12 702 0 0
301 T 1441 470 2006 0 0
301 T 2188 455 1439 0 0
301 T 455 451 470 0 0
301 T 1436 460 2230 0 0
301 T 1941 470 1434 0 0
301 T 470 452 460 0 0
301 T 685 1183 1530 0 0
301 T 1532 5 691 0 0
301 T 688 5 1463 0 0
301 T 1465 1124 678 0 0
301 T 2080 950 707 0 0
301 T 720 952 146 0 0
301 T 704 953 2126 0 0
301 T 537 865 2274 0 0
301 T 2276 205 1534 0 0
301 T 1469 198 2314 0 0
301 T 2316 866 530 0 0
301 T 613 1585 2078 -1 0
301 T 422 178 1585 0 0
301 T 2128 1515 610 0 0
301 T 1515 178 429 0 0
301 T 553 562 543 0 0
301 T 541 560 547 0 0
301 T 501 1582 2278 0 0
301 T 2320 1516 494 0 0
301 T 1873 1091 1358 0 0
301 T 304 485 1091 0 0
301 T 1408 1028 1866 0 0
301 T 1028 478 299 0 0
301 T 225 1151 319 0 0
301 T 321 1581 2090 0 0
301 T 1871 1579 1151 0 0
301 T 316 1213 218 0 0
301 T 2140 1511 314 0 0
301 T 1213 1513 1868 0 0
301 T 566 98 1486 0 0
301 T 1300 1113 568 0 0
301 T 1488 1450 1298 0 0
301 T 1113 1452 98 0 0
301 T 568 1170 1243 0 0
301 T 1245 1457 1554 0 0
301 T 1556 105 566 0 0
301 T 105 1455 1170 0 0
301 T 429 1527 839 0 0
301 T 841 906 831 0 0
301 T 2072 908 1527 0 0
301 T 836 1597 422 0 0
301 T 828 913 834 0 0
301 T 1597 911 2002 0 0
301 T 307 299 303 0 0
301 T 2347 145 2308 0 0
301 T 149 377 934 0 0
301 T 936 1614 1787 0 0
301 T 1784 1652 935 0 0
301 T 1196 1999 1254 0 0
301 T 1192 1208 1194 0 0
301 T 1208 8 1999 0 0
301 T 1137 1146 1131 0 0
301 T 1312 2069 1135 0 0
301 T 1146 2067 9 0 0
301 T 217 774 1046 0 0
301 T 1048 844 2198 0 0
301 T 985 781 210 0 0
301 T 2244 847 983 0 0
301 T 2196 1915 319 0 0
301 T 1153 1917 1665 0 0
301 T 316 1920 2238 0 0
301 T 1627 1918 1211 0 0
301 T 1813 7 1682 0 0
301 T 1168 1417 1811 0 0
301 T 1808 1367 1107 0 0
301 T 1732 7 1806 0 0
301 T 329 1374 239 0 0
301 T 1952 1855 327 0 0
301 T 1374 1857 1565 0 0
301 T 236 1424 322 0 0
301 T 324 1860 2018 0 0
301 T 1495 1858 1424 0 0
301 T 2145 807 1174 0 0
301 T 1117 812 2095 0 0
301 T 1720 298 2406 0 0
301 T 2408 2457 0 1 0
301 T 2457 304 1670 0 0
301 T 625 1267 1506 0 0
301 T 1508 1925 259 0 0
301 T 1925 1269 1629 0 0
301 T 256 1926 1574 0 0
301 T 1576 1325 618 0 0
301 T 1663 1323 1926 0 0
301 T 349 1854 2282 0 0
301 T 2284 328 1282 0 0
301 T 1229 323 2322 0 0
301 T 2324 1861 342 0 0
301 T 225 1485 2471 0 0
301 T 2473 758 215 0 0
301 T 212 757 2423 0 0
301 T 2425 1551 218 0 0
301 T 209 573 2286 0 0
301 T 2288 1403 215 0 0
301 T 1403 571 262 0 0
301 T 212 1357 2326 0 0
301 T 2328 574 206 0 0
301 T 269 576 1357 0 0
301 T 1529 66 1594 0 0
301 T 701 894 691 0 0
301 T 693 1981 1634 0 0
301 T 1636 510 699 0 0
301 T 510 1979 894 0 0
301 T 696 509 1599 0 0
301 T 688 894 694 0 0
301 T 1601 2047 686 0 0
301 T 894 2049 509 0 0
301 T 89 1458 1358 0 0
301 T 2162 1091 1458 0 0
301 T 1408 1458 82 0 0
301 T 1458 1028 2116 0 0
301 T 733 729 725 -1 0
301 T 433 2267 2222 0 0
301 T 605 401 1382 0 0
301 T 1384 348 2410 0 0
301 T 2412 338 603 0 0
301 T 338 346 401 0 0
301 T 600 337 2458 0 0
301 T 1337 402 598 0 0
301 T 2460 343 1335 0 0
301 T 402 345 337 0 0
301 T 1276 2207 683 0 0
301 T 1384 1863 1274 0 0
301 T 680 2253 1219 0 0
301 T 1221 1863 1335 0 0
301 T 385 1700 1847 0 0
301 T 1849 1138 1614 0 0
301 T 583 1140 1700 0 0
301 T 1844 1746 378 0 0
301 T 1652 1201 1842 0 0
301 T 1746 1199 580 0 0
301 T 1280 1126 535 0 0
301 T 2280 637 1278 0 0
301 T 1126 635 464 0 0
301 T 532 1189 1223 0 0
301 T 1225 638 2318 0 0
301 T 467 640 1189 0 0
301 T 169 412 1286 0 0
301 T 1822 1642 167 0 0
301 T 1288 1349 1824 0 0
301 T 164 1608 1822 0 0
301 T 1824 1394 1231 0 0
301 T 1233 407 162 0 0
301 T 1276 410 675 0 0
301 T 672 409 1219 0 0
301 T 693 492 2410 0 0
301 T 1118 348 492 0 0
301 T 2460 487 686 0 0
301 T 487 343 1181 0 0
301 T 2408 481 1431 0 0
301 T 1429 483 2455 0 0
301 T 481 485 475 1 0
301 T 1720 1027 1431 0 0
301 T 1428 1092 1671 0 0
301 T 493 1083 2282 0 0
301 T 2324 1020 486 0 0
301 T 605 2148 1274 0 0
301 T 1221 2098 598 0 0
301 T 741 968 2335 0 0
301 T 252 966 770 0 0
301 T 2297 967 734 0 0
301 T 225 2158 2355 0 0
301 T 2357 140 2471 -1 0
301 T 1483 138 2158 0 0
301 T 2352 2112 218 0 0
301 T 2425 139 2350 1 0
301 T 2112 141 1553 0 0
301 T 2288 107 2467 0 0
301 T 2469 628 215 0 0
301 T 628 109 1405 0 0
301 T 212 631 2419 0 0
301 T 2421 112 2326 0 0
301 T 1355 110 631 0 0
301 T 537 1368 603 0 0
301 T 605 1016 2274 0 0
301 T 600 1414 530 0 0
301 T 2316 1079 598 0 0
301 T 1532 1888 1634 0 0
301 T 1979 1886 7 0 0
301 T 1601 1883 1463 0 0
301 T 7 1885 2049 0 0
301 T 386 1842 2434 0 0
301 T 2436 1746 395 0 0
301 T 392 1700 2482 0 0
301 T 2484 1849 386 0 0
301 T 1773 573 2270 0 0
301 T 1720 1364 1771 0 0
301 T 2272 139 1718 1 0
301 T 1768 1410 1671 0 0
301 T 1673 140 2310 -1 0
301 T 2312 574 1766 0 0
301 T 63 2327 2286 0 0
301 T 409 431 411 0 0
301 T 413 2267 2179 0 0
301 T 2181 2224 407 0 0
301 T 1068 1259 511 0 0
301 T 1984 1908 1066 0 0
301 T 1259 1906 295 0 0
301 T 508 1317 1003 0 0
301 T 1005 1903 2050 0 0
301 T 295 1905 1317 0 0
301 T 613 1889 1946 -1 0
301 T 1724 2304 611 0 0
301 T 1948 87 1722 0 0
301 T 2304 89 1889 0 0
301 T 612 2342 1675 0 0
301 T 1677 84 2014 0 0
301 T 2016 1882 610 0 0
301 T 1882 82 2342 0 0
301 T 1164 1186 1166 0 0
301 T 1964 1735 1162 0 0
301 T 1186 1737 557 0 0
301 T 1200 1203 1194 0 0
301 T 1196 2003 1747 0 0
301 T 1105 1689 2030 0 0
301 T 1109 1129 1103 0 0
301 T 1129 556 1689 0 0
301 T 1137 1145 1139 0 0
301 T 1701 2073 1135 0 0
301 T 205 2537 1678 0 0
301 T 818 377 2537 0 0
301 T 1728 2515 198 0 0
301 T 2515 374 825 0 0
301 T 701 856 707 0 0
301 T 705 858 695 0 0
301 T 169 186 175 0 0
301 T 761 2438 167 0 0
301 T 186 2440 1573 0 0
301 T 172 185 162 0 0
301 T 164 2488 754 0 0
301 T 1503 2486 185 0 0
301 T 1684 2180 1286 -1 0
301 T 1233 2179 1730 1 0
301 T 545 1910 1538 0 0
301 T 1540 1069 499 0 0
301 T 1069 1912 2262 0 0
301 T 496 1002 1471 0 0
301 T 1473 1910 538 0 0
301 T 2220 1912 1002 0 0
301 T 493 2158 1038 0 0
301 T 1040 2357 1158 0 0
301 T 1160 223 491 0 0
301 T 488 220 1099 0 0
301 T 977 2112 486 0 0
301 T 1101 2350 975 0 0
301 T 2473 766 1046 0 0
301 T 985 765 2423 0 0
301 T 1636 86 1431 0 0
301 T 1720 1880 1634 0 0
301 T 86 1878 1029 0 0
301 T 1428 85 1599 0 0
301 T 1601 1875 1671 0 0
301 T 1090 1877 85 0 0
301 T 1813 2248 1286 0 0
301 T 1233 2202 1806 0 0
301 T 1881 2114 1358 0 0
301 T 1408 2164 1874 0 0
301 T 329 1049 2086 0 0
301 T 2088 2354 363 0 0
301 T 1371 2356 1049 0 0
301 T 360 2353 2134 0 0
301 T 2136 982 322 0 0
301 T 982 2351 1421 0 0
301 T 177 1377 1831 0 0
301 T 1841 1562 175 0 0
301 T 1833 1856 1839 0 0
301 T 172 1496 1834 0 0
301 T 1836 1859 1826 0 0
301 T 1828 1423 170 0 0
301 T 1633 1936 1666 0 0
301 T 157 1002 1795 0 0
301 T 1797 1902 1803 0 0
301 T 1800 1909 1790 0 0
301 T 1792 1069 150 0 0
301 T 1822 170 2531 0 0
301 T 2533 185 1606 0 0
301 T 1644 186 2511 0 0
301 T 2513 177 1822 0 0
301 T 1380 277 2502 0 0
301 T 2504 271 683 0 0
301 T 680 271 2522 0 0
301 T 2524 278 1331 0 0
301 T 1821 112 1286 0 0
301 T 1813 1919 1819 0 0
301 T 1816 1916 1806 0 0
301 T 1233 107 1814 0 0
301 T 1532 2303 1431 0 0
301 T 1428 2345 1463 0 0
301 T 2533 1712 203 0 0
301 T 1712 185 437 0 0
301 T 200 1758 2511 0 0
301 T 438 186 1758 0 0
301 T 1821 1828 1824 0 0
301 T 1828 112 1347 0 0
301 T 1824 1831 1814 0 0
301 T 1396 107 1831 0 0
301 T 1789 1912 1795 0 0
301 T 1792 1912 1782 0 0
301 T 1441 8 2182 0 0
301 T 2124 1586 1439 0 0
301 T 2184 840 2122 0 0
301 T 1436 1520 2075 0 0
301 T 2077 835 2226 0 0
301 T 2228 8 1434 0 0
301 T 1164 1224 2465 0 0
301 T 2463 531 1166 0 0
301 T 1109 536 2417 0 0
301 T 2415 1279 1103 0 0
301 T 377 814 942 0 0
301 T 944 861 2514 0 0
301 T 2536 854 943 0 0
301 T 233 2045 2363 0 0
301 T 2365 2518 223 0 0
301 T 302 2520 2045 0 0
301 T 220 2540 2358 0 0
301 T 2360 1975 226 0 0
301 T 1975 2538 301 0 0
301 T 189 1157 447 0 0
301 T 1759 459 1157 0 0
301 T 444 1215 182 0 0
301 T 1215 456 1713 0 0
301 T 2416 1807 603 0 0
301 T 600 1812 2462 0 0
301 T 2088 2474 355 0 0
301 T 484 2476 2356 0 0
301 T 352 2428 2134 0 0
301 T 2351 2426 479 0 0
301 T 1396 2339 1839 0 0
301 T 1836 2301 1347 0 0
301 T 2504 635 1530 0 0
301 T 1465 640 2522 0 0
301 T 1160 2363 1278 0 0
301 T 1280 2518 491 0 0
301 T 488 2540 1223 0 0
301 T 1225 2360 1099 0 0
301 T 1164 1743 2479 0 0
301 T 1956 21 1162 0 0
301 T 2481 11 1954 0 0
301 T 1105 22 2022 0 0
301 T 2024 11 2431 1 0
301 T 2433 1697 1103 0 0
301 T 529 2477 1158 0 0
301 T 1040 483 527 0 0
301 T 524 480 975 0 0
301 T 1101 2427 522 0 0
301 T 2486 749 1292 0 0
301 T 1234 743 2441 0 0
301 T 1104 83 2027 0 0
301 T 2029 2037 2031 0 0
301 T 1686 2035 83 0 0
301 T 1708 1148 2059 0 0
301 T 2061 2067 2055 0 0
301 T 2057 8 1706 0 0
301 T 1961 88 1163 0 0
301 T 1965 1967 1959 0 0
301 T 88 1969 1736 0 0
301 T 1756 8 1987 0 0
301 T 1989 2001 1991 0 0
301 T 1993 1206 1754 0 0
301 T 1276 1220 597 1 0
301 T 1960 1192 2479 0 0
301 T 2433 1131 2026 0 0
301 T 1400 2370 1350 0 0
301 T 1508 2604 251 0 0
301 T 297 2602 1923 0 0
301 T 252 2574 1574 0 0
301 T 1928 2576 297 0 0
301 T 2541 1023 643 0 0
301 T 1023 298 195 0 0
301 T 644 1088 2519 0 0
301 T 195 305 1088 0 0
301 T 1441 1244 2270 0 0
301 T 1773 1986 1439 0 0
301 T 1986 573 1244 0 0
301 T 1436 2056 1766 0 0
301 T 2312 1299 1434 0 0
301 T 1299 574 2056 0 0
301 T 1773 1755 2182 0 0
301 T 1767 2227 1706 0 0
301 T 1581 1932 946 0 0
301 T 948 1933 1510 0 0
301 T 529 922 1034 0 0
301 T 1036 972 597 -1 0
301 T 920 925 922 0 0
301 T 972 923 523 0 0
301 T 321 812 2583 0 0
301 T 2585 2097 347 0 0
301 T 344 2143 2555 0 0
301 T 2557 807 314 0 0
301 T 1781 832 2122 0 0
301 T 2184 907 1779 0 0
301 T 1776 912 2226 0 0
301 T 2077 827 1774 0 0
301 T 553 2567 1538 0 0
301 T 564 1910 2567 0 0
301 T 1473 2597 546 0 0
301 T 2597 1910 559 0 0
301 T 341 462 331 0 0
301 T 333 1128 2579 0 0
301 T 2581 635 339 0 0
301 T 336 640 2551 0 0
301 T 332 469 334 0 0
301 T 2553 1187 330 0 0
301 T 205 2573 1839 0 0
301 T 399 2339 2573 0 0
301 T 1836 2599 198 0 0
301 T 2599 2301 404 0 0
301 T 95 2483 2434 0 0
301 T 1844 1848 1850 1 0
301 T 666 670 663 0 0
301 T 661 676 667 0 0
301 T 25 1102 2022 0 0
301 T 27 1954 1163 0 0
301 T 1901 888 2495 0 0
301 T 1708 911 1899 0 0
301 T 2497 878 1706 0 0
301 T 1896 908 1754 0 0
301 T 1756 885 2447 0 0
301 T 2449 891 1894 0 0
301 T 1821 1423 2531 0 0
301 T 2513 1377 1814 0 0
301 T 177 192 171 0 0
301 T 2017 1891 1946 0 0
301 T 1887 1893 1885 0 0
301 T 2212 2399 1506 0 0
301 T 1269 2401 458 0 0
301 T 1576 2396 2254 0 0
301 T 457 2394 1323 0 0
301 T 1841 386 2591 0 0
301 T 2593 1610 175 0 0
301 T 172 1648 2563 0 0
301 T 2565 386 1834 0 0
301 T 2593 97 2562 0 0
301 T 2124 2378 2006 0 0
301 T 472 2380 1588 0 0
301 T 1941 2377 2075 0 0
301 T 1518 2375 472 0 0
301 T 405 2653 2143 0 0
301 T 2598 93 2653 0 0
301 T 2097 2654 398 0 0
301 T 2654 93 2572 0 0
301 T 1781 1934 1775 0 0
301 T 2076 48 2122 0 0
301 T 1773 1895 1779 0 0
301 T 1776 1900 1766 0 0
301 T 1909 1927 1899 0 0
301 T 1901 2577 1258 0 0
301 T 1896 1924 1902 0 0
301 T 1316 2603 1894 0 0
301 T 1841 1850 1835 0 0
301 T 333 557 930 0 0
301 T 932 1686 2579 0 0
301 T 930 2550 1735 0 0
301 T 71 523 527 0 0
301 T 813 916 807 0 0
301 T 1708 2548 1262 0 0
301 T 2548 1148 885 0 0
301 T 1320 2548 1754 0 0
301 T 878 1206 2548 0 0
301 T 889 1928 1522 0 0
301 T 893 919 887 0 0
301 T 1593 1922 891 0 0
301 T 1524 144 1591 0 0
301 T 289 60 291 0 0
301 T 1144 2692 1203 0 0
301 T 617 965 251 0 0
301 T 1508 1716 615 0 0
301 T 965 1714 2602 0 0
301 T 616 1762 1574 0 0
301 T 2576 1764 962 0 0
301 T 1909 1525 2495 0 0
301 T 2449 1591 1902 0 0
301 T 2479 2175 1194 0 0
301 T 2175 1958 1206 0 0
301 T 1137 2172 2433 0 0
301 T 2026 2170 1148 0 0
301 T 1789 2569 1050 0 0
301 T 1052 562 1795 0 0
301 T 1792 561 987 0 0
301 T 989 2595 1782 0 0
301 T 449 476 443 0 0
301 T 1749 588 2491 0 0
301 T 2493 1493 2437 0 0
301 T 2483 1559 2443 0 0
301 T 2445 588 1699 0 0
301 T 607 2131 2082 0 0
301 T 2084 104 551 0 0
301 T 104 100 96 1 0
301 T 549 98 2131 0 0
301 T 2497 1206 1262 0 0
301 T 1320 1148 2447 0 0
301 T 306 308 306 -1 0
301 T 2585 2654 339 0 0
301 T 336 2653 2555 0 0
301 T 561 1262 1966 0 0
301 T 2037 1321 563 0 0
301 T 593 1323 1034 0 0
301 T 972 1268 591 0 0
301 T 329 1817 2731 0 0
301 T 2733 2510 239 0 0
301 T 236 2532 2711 0 0
301 T 2713 1818 322 0 0
301 T 1729 942 2558 0 0
301 T 2560 861 199 0 0
301 T 942 1680 2589 0 0
301 T 2587 203 857 0 0
301 T 593 451 926 0 0
301 T 665 2743 591 0 0
301 T 2743 1518 451 0 0
301 T 592 2725 658 0 0
301 T 452 1588 2725 0 0
301 T 2629 1759 239 0 0
301 T 2733 199 2627 0 0
301 T 236 1713 2622 0 0
301 T 2624 204 2711 0 0
301 T 1724 1173 551 0 0
301 T 2084 1454 1722 0 0
301 T 2130 1675 1451 0 0
301 T 1112 1677 548 0 0
301 T 1891 1138 1198 0 0
301 T 1052 2738 1803 0 0
301 T 2738 562 1904 0 0
301 T 1800 2720 987 0 0
301 T 1907 561 2720 0 0
301 T 1052 2641 1962 0 0
301 T 131 2639 2740 0 0
301 T 2032 2641 987 0 0
301 T 2718 2639 132 0 0
301 T 2124 2717 715 0 0
301 T 2717 2378 130 0 0
301 T 712 2735 2075 0 0
301 T 133 2377 2735 0 0
301 T 2724 459 2379 0 0
301 T 2376 456 2742 0 0
301 T 1901 1765 2679 0 0
301 T 2681 965 1258 0 0
301 T 2676 1715 1894 0 0
301 T 1316 962 2674 0 0
301 T 2360 2364 2366 1 0
301 T 665 2383 1034 0 0
301 T 1325 2385 2745 0 0
301 T 973 2388 658 0 0
301 T 2723 2386 1267 0 0
301 T 2192 2004 2611 0 0
301 T 2613 1595 319 0 0
301 T 316 1529 2607 0 0
301 T 2609 2070 2234 0 0
301 T 2493 918 2442 0 0
301 T 2389 2400 2379 0 0
301 T 2376 2395 2382 0 0
301 T 1052 130 2331 0 0
301 T 2333 2720 1962 0 0
301 T 2032 2738 2291 0 0
301 T 2293 133 987 0 0
301 T 2673 1765 187 0 0
301 T 185 1714 2667 0 0
301 T 293 1217 1455 0 0
301 T 1457 456 2747 0 0
301 T 2749 1711 291 0 0
301 T 288 1761 2727 0 0
301 T 1452 1155 286 0 0
301 T 2729 459 1450 0 0
301 T 1160 2479 2755 0 0
301 T 2508 1956 1158 0 0
301 T 2757 11 2506 0 0
301 T 1101 2022 2526 0 0
301 T 2528 11 2751 1 0
301 T 2753 2433 1099 0 0
301 T 2188 2645 2270 0 0
301 T 1242 2643 457 0 0
301 T 2312 2646 2230 0 0
301 T 458 2648 1301 0 0
301 T 321 1327 1042 0 0
301 T 1044 2664 2583 0 0
301 T 810 2662 1327 0 0
301 T 981 1273 314 0 0
301 T 2557 2659 979 0 0
301 T 1273 2661 809 0 0
301 T 1244 2000 2778 0 0
301 T 2780 1992 571 0 0
301 T 1264 1960 2776 0 0
301 T 2774 1962 561 0 0
301 T 2069 1300 2801 0 0
301 T 2799 575 2061 0 0
301 T 1318 2796 2028 0 0
301 T 562 2032 2796 0 0
301 T 249 1488 2635 0 0
301 T 2633 1555 243 0 0
301 T 2608 2803 351 0 0
301 T 2803 2071 588 0 0
301 T 2611 355 2782 0 0
301 T 2784 587 2002 0 0
301 T 2481 2491 2475 0 0
301 T 529 2493 2755 0 0
301 T 2429 2445 2431 0 0
301 T 2753 2443 522 0 0
301 T 2629 2729 247 0 0
301 T 244 2747 2622 0 0
301 T 1196 2783 2491 0 0
301 T 2445 2805 1135 0 0
301 T 1356 2103 2799 0 0
301 T 2781 2153 1402 0 0
301 T 2333 1909 2774 0 0
301 T 2796 1902 2291 0 0
301 T 2385 2389 2391 -1 0
301 T 113 2808 2799 0 0
301 T 630 2103 2808 0 0
301 T 2781 2810 106 0 0
301 T 2810 2153 629 0 0
301 T 217 1000 2619 0 0
301 T 2621 1690 2194 0 0
301 T 2616 1063 210 0 0
301 T 2240 1740 2614 0 0
301 T 2507 596 2528 0 0
301 T 2751 594 2756 0 0
301 T 2447 2796 2172 0 0
301 T 2175 2774 2497 0 0
301 T 1280 2024 2787 0 0
301 T 2789 24 2414 0 0
301 T 2464 26 2767 0 0
301 T 2769 1954 1223 0 0
301 T 501 1878 2791 0 0
301 T 2793 2115 363 0 0
301 T 360 2165 2771 0 0
301 T 2773 1877 494 0 0
301 T 205 1008 1478 0 0
301 T 1480 2760 1839 0 0
301 T 2571 2758 1008 0 0
301 T 1836 2763 1546 0 0
301 T 1548 1071 198 0 0
301 T 1071 2765 2601 0 0
301 T 2088 2174 2611 0 0
301 T 2782 2176 2476 0 0
301 T 2609 2173 2134 0 0
301 T 2426 2171 2804 0 0
301 T 2333 1525 2175 0 0
301 T 2172 1591 2291 0 0
301 T 1488 2727 2647 0 0
301 T 2644 2749 1554 0 0
301 T 1056 1499 131 0 0
301 T 2716 2764 1054 0 0
301 T 1499 2762 2381 0 0
301 T 132 1569 991 0 0
301 T 993 2759 2734 0 0
301 T 2374 2761 1569 0 0
301 T 2616 1503 2419 0 0
301 T 2468 1572 2618 0 0
301 T 2508 2817 1278 0 0
301 T 2365 2815 1954 0 0
301 T 1225 2817 2526 0 0
301 T 2024 2815 2358 0 0
301 T 2629 2649 2635 0 0
301 T 2632 2642 2622 0 0
301 T 1044 2684 339 0 0
301 T 2684 2664 2656 0 0
301 T 336 2687 979 0 0
301 T 2651 2659 2687 0 0
301 T 90 1306 1498 0 0
301 T 2765 2833 92 0 0
301 T 2833 2378 1306 0 0
301 T 92 2851 2758 0 0
301 T 1568 1252 90 0 0
301 T 1252 2377 2851 0 0
301 T 185 57 187 0 0
301 T 2673 2708 2667 0 0
301 T 709 2845 2270 0 0
301 T 13 2645 2845 0 0
301 T 2312 2823 702 0 0
301 T 2823 2646 13 0 0
301 T 1544 1329 327 0 0
301 T 325 1270 1474 0 0
301 T 2508 2360 2787 0 0
301 T 2769 2363 2526 0 0
301 T 1044 980 63 1 0
301 T 2692 2686 2682 0 0
301 T 2652 1073 2831 0 0
301 T 2853 1006 2655 0 0
301 T 941 965 943 0 0
301 T 945 1260 2846 0 0
301 T 2848 2679 939 0 0
301 T 941 2677 2827 0 0
301 T 2829 1315 943 0 0
301 T 709 2886 1718 0 0
301 T 2843 139 2886 1 0
301 T 1673 2893 702 0 0
301 T 2893 140 2825 -1 0
301 T 2665 2709 2659 0 0
301 T 2665 2396 1250 0 0
301 T 1309 2398 2659 0 0
301 T 1252 142 1307 0 0
301 T 2665 2385 2851 0 0
301 T 2833 2386 2658 0 0
301 T 2383 1006 2685 0 0
301 T 2686 1073 2388 0 0
301 T 1480 49 1547 0 0
301 T 957 948 952 0 0
301 T 2416 2914 1274 0 0
301 T 2146 2916 1809 0 0
301 T 1221 2932 2462 0 0
301 T 1810 2930 2100 0 0
301 T 1720 2837 699 0 0
301 T 2837 1880 512 0 0
301 T 696 2855 1671 0 0
301 T 507 1875 2855 0 0
301 T 1196 2498 87 0 0
301 T 2498 1999 18 0 0
301 T 84 2452 1135 0 0
301 T 17 2069 2452 0 0
301 T 1540 2883 2791 0 0
301 T 1880 2885 1067 0 0
301 T 2773 2880 1471 0 0
301 T 1004 2878 1875 0 0
301 T 2621 2935 319 0 0
301 T 2935 1690 1917 0 0
301 T 316 2921 2614 0 0
301 T 1918 1740 2921 0 0
301 T 2888 2837 854 0 0
301 T 861 2855 2891 0 0
301 T 2945 1739 1811 0 0
301 T 2933 90 2943 0 0
301 T 1808 1693 2938 0 0
301 T 2940 90 2915 0 0
301 T 2560 1316 2978 0 0
301 T 2980 2870 199 0 0
301 T 2870 1314 859 0 0
301 T 2877 854 1258 0 0
301 T 1260 2588 2988 0 0
301 T 2986 202 2875 0 0
301 T 2841 1477 372 0 0
301 T 373 1543 2818 0 0
301 T 2836 2884 1261 0 0
301 T 1315 2879 2854 0 0
301 T 1729 2826 2978 0 0
301 T 2846 1681 2988 0 0
301 T 2017 1134 2906 0 0
301 T 2925 1196 1946 0 0
301 T 2908 2692 2923 0 0
301 T 2841 2707 2818 0 0
301 T 1544 2949 2731 0 0
301 T 1815 2947 1327 0 0
301 T 2713 2950 1475 0 0
301 T 1273 2952 1820 0 0
301 T 2621 2959 1042 0 0
301 T 1329 2961 2937 0 0
301 T 981 2964 2614 0 0
301 T 2919 2962 1271 0 0
301 T 2637 3011 1542 0 0
301 T 1476 3009 2631 0 0
301 T 2877 2886 2883 0 0
301 T 2880 2893 2870 0 0
301 T 2945 2918 1819 0 0
301 T 1816 2936 2938 0 0
301 T 1544 3040 2627 0 0
301 T 3040 2949 201 0 0
301 T 2624 3050 1475 0 0
301 T 202 2950 3050 0 0
301 T 2929 2392 2910 0 0
301 T 2912 1007 2923 0 0
301 T 2908 1073 2927 0 0
301 T 2912 2973 1946 0 0
301 T 2973 1007 1194 0 0
301 T 2016 2966 2926 0 0
301 T 1137 1072 2966 0 0
301 T 113 2700 1298 0 0
301 T 2806 2067 2700 0 0
301 T 1245 2695 106 0 0
301 T 2695 2001 2812 0 0
301 T 2961 2965 2955 1 0
301 T 3009 30 1238 0 0
301 T 1296 28 3011 0 0
301 T 2789 3058 1274 0 0
301 T 3058 24 2916 0 0
301 T 1221 3056 2767 0 0
301 T 2930 26 3056 0 0
301 T 2973 3031 87 0 0
301 T 3031 1007 2500 0 0
301 T 84 3045 2966 0 0
301 T 2450 1072 3045 0 0
301 T 2912 3031 1722 0 0
301 T 1677 3045 2926 0 0
301 T 733 2985 1054 0 0
301 T 727 990 2992 0 0
301 T 2990 1850 2985 0 0
301 T 2412 2862 2274 0 0
301 T 1014 2864 340 0 0
301 T 2316 2861 2458 0 0
301 T 335 2859 1081 0 0
301 T 2945 2963 2951 0 0
301 T 2948 2960 2938 0 0
301 T 2581 2151 2863 0 0
301 T 2860 2105 2551 0 0
301 T 2840 2669 3087 0 0
301 T 3089 2671 2819 0 0
301 T 1844 3091 2990 1 0
301 T 2985 3093 1846 0 0
301 T 3054 2369 3061 0 0
301 T 3013 3040 2647 0 0
301 T 2644 3050 3006 0 0
301 T 1296 1097 139 0 0
301 T 2824 3075 1294 0 0
301 T 1097 3077 2892 0 0
301 T 140 1030 1239 0 0
301 T 1241 3085 2842 0 0
301 T 2887 3083 1030 0 0
301 T 1240 3065 2643 0 0
301 T 3065 3084 13 0 0
301 T 3076 3068 13 0 0
301 T 3068 1297 2648 0 0
301 T 3024 3018 3014 0 0
301 T 3016 1096 2878 0 0
301 T 1096 1032 145 1 0
301 T 2884 1030 3018 0 0
301 T 693 3049 2274 0 0
301 T 490 2862 3049 0 0
301 T 2316 3035 686 0 0
301 T 3035 2861 489 0 0
301 T 1060 3018 2963 0 0
301 T 3014 996 2961 0 0
301 T 3112 2808 1070 0 0
301 T 1008 2811 3119 0 0
301 T 2877 3082 3019 0 0
301 T 3016 3076 2870 0 0
301 T 2933 1247 3127 0 0
301 T 3129 1060 2943 0 0
301 T 1060 1249 92 0 0
301 T 2940 995 3123 0 0
301 T 3125 1304 2915 0 0
301 T 92 1302 995 0 0
301 T 693 3005 1534 0 0
301 T 3047 205 3005 0 0
301 T 1469 2998 686 0 0
301 T 2998 198 3037 0 0
301 T 2949 3068 3106 0 0
301 T 3101 3074 2947 0 0
301 T 3040 3068 41 0 0
301 T 2950 3115 3065 0 0
301 T 3082 3097 2952 0 0
301 T 3050 39 3065 0 0
301 T 3129 3018 2951 0 0
301 T 2948 3017 3123 0 0
301 T 3053 30 3063 0 0
301 T 3069 28 3038 0 0
301 T 2933 3130 3094 0 0
301 T 3096 2876 3127 0 0
301 T 1249 2874 3130 0 0
301 T 3125 2871 3098 0 0
301 T 3100 3137 2915 0 0
301 T 3137 2873 1302 0 0
301 T 2980 1305 3154 0 0
301 T 3156 3134 199 0 0
301 T 1248 2988 3160 0 0
301 T 3158 202 3131 0 0
301 T 1040 3081 2579 0 0
301 T 2552 3070 974 0 0
301 T 2865 3138 1038 0 0
301 T 2160 3140 3048 0 0
301 T 977 3145 2858 0 0
301 T 3034 3143 2110 0 0
301 T 2933 3161 3148 0 0
301 T 3150 3155 2915 0 0
301 T 1248 49 1302 0 0
301 T 3155 2366 3160 0 0
301 T 3057 3161 45 0 0
301 T 43 3155 3059 0 0
301 T 3003 2999 3029 -1 0
301 T 3005 2159 3166 0 0
301 T 3168 3141 203 0 0
301 T 200 3142 3174 0 0
301 T 3176 2113 2998 0 0
301 T 3140 3081 2153 0 0
301 T 2103 3071 3143 0 0
301 T 3005 1484 3183 0 0
301 T 3185 139 3166 0 0
301 T 3180 1550 2998 0 0
301 T 3176 140 3178 0 0
301 T 2929 1703 3171 0 0
301 T 3173 117 3162 0 0
301 T 3164 1752 2910 0 0
301 T 3168 3193 1478 0 0
301 T 1006 3191 3139 0 0
301 T 1548 3194 3174 0 0
301 T 3144 3196 1073 0 0
301 T 2977 2975 2977 -1 0
301 T 3181 3187 3183 0 0
301 T 3185 3211 1478 0 0
301 T 141 3193 3211 -1 0
301 T 1548 3209 3178 0 0
301 T 3209 3194 138 0 0
301 T 1296 3217 3211 0 0
301 T 3191 3215 1095 0 0
301 T 3209 3218 1239 0 0
301 T 1032 3220 3196 0 0
301 T 3223 3215 3219 0 0
301 T 3221 3231 1074 0 0
301 T 1076 1012 49 1 0
301 T 1012 3230 3215 0 0
301 T 3229 3232 3231 0 0
301 T 3263 3265 3263 1 0
301 T 3279 3281 3279 1 0
301 T 3288 3286 3288 1 0
301 U 36 1 1 0 0
301 U 1 1 1 -1 0
301 U 1311 2 4 0 0
301 U 1132 5 2 0 0
301 U 9 4 5 0 0
301 U 1694 2 2 0 0
301 U 85 5 2 0 0
301 U 10 3 2 1 0
301 U 23 2 3 0 0
301 U 17 5 4 0 0
301 U 87 6 9 0 0
301 U 1745 6 6 0 0
301 U 1192 9 6 0 0
301 U 21 7 6 0 0
301 U 11 6 7 0 0
301 U 1256 8 6 0 0
301 U 8 9 8 0 0
301 U 19 8 9 0 0
301 U 938 10 15 0 0
301 U 97 10 10 0 0
301 U 128 15 15 0 0
301 U 33 11 10 0 0
301 U 954 12 14 0 0
301 U 117 12 12 0 0
301 U 15 13 12 0 0
301 U 3114 16 19 0 0
301 U 3096 18 16 0 0
301 U 12 19 18 0 0
301 U 3146 16 16 0 0
301 U 205 18 16 0 0
301 U 26 17 16 0 0
301 U 44 16 17 0 0
301 U 38 18 19 0 0
301 U 199 20 22 0 0
301 U 3153 20 20 0 0
301 U 3101 22 20 0 0
301 U 43 21 20 0 0
301 U 25 20 21 0 0
301 U 3108 23 20 0 0
301 U 13 22 23 0 0
301 U 40 23 22 0 0
301 U 3086 24 27 0 0
301 U 503 24 24 0 0
301 U 514 27 27 0 0
301 U 47 25 24 0 0
301 U 3090 26 29 0 0
301 U 520 29 29 1 0
301 U 35 29 28 0 0
301 Q 0 77 0 77 -1 0 1 0 0 0
301 Q 51 853 51 853 0 0 0 0 -1 0
301 Q 367 505 367 505 0 0 0 0 0 0
301 Q 503 373 64 372 0 0 0 0 0 0
301 Q 49 817 3 815 0 0 0 0 0 0
301 Q 825 114 819 49 0 0 0 0 0 0
301 Q 860 3 854 116 0 0 0 0 0 0
301 Q 135 737 1 739 0 0 0 0 0 0
301 Q 749 54 743 137 0 0 0 0 0 0
301 Q 772 1 770 54 0 0 0 0 0 0
301 Q 191 653 191 653 0 0 0 0 0 0
301 Q 651 197 78 196 0 0 0 0 0 0
301 Q 51 845 69 847 0 0 0 0 -1 0
301 Q 94 560 282 562 0 0 0 0 0 0
301 Q 249 1448 243 65 0 0 0 0 0 0
301 Q 1446 284 1446 284 0 0 0 0 0 0
301 Q 305 79 299 521 0 0 0 0 1 0
301 Q 519 309 519 309 0 0 0 0 0 0
301 Q 135 729 521 731 0 0 0 0 0 0
301 Q 903 519 901 1 0 0 0 0 0 0
301 Q 0 661 431 663 0 0 0 0 0 0
301 Q 657 66 655 0 0 0 0 0 0 0
301 Q 607 697 3 699 0 0 0 0 0 0
301 Q 709 116 703 609 0 0 0 0 0 0
301 Q 2 1665 142 1626 0 0 0 0 0 0
301 Q 1210 144 1153 127 0 0 0 0 0 0
301 Q 0 1769 49 1771 0 0 0 0 0 0
301 Q 49 1413 306 1362 0 0 0 0 0 0
301 Q 1581 127 1510 53 0 0 0 0 0 0
301 Q 59 1785 51 1787 1 0 0 0 0 0
301 Q 936 55 934 59 0 0 0 0 0 0
301 Q 51 1651 55 1616 0 0 0 0 -1 0
301 Q 69 1632 1 1667 0 0 -1 0 0 0
301 Q 1935 1 1935 1 0 0 0 0 0 0
301 Q 105 1447 99 2545 0 0 0 0 0 0
301 Q 2543 109 650 111 0 0 0 0 0 0
301 Q 652 119 1449 125 0 0 0 0 0 0
301 Q 948 66 946 53 0 0 0 0 0 0
301 Q 1933 66 1932 127 0 0 0 0 0 0
301 Q 59 209 75 207 0 0 0 0 0 0
301 Q 2200 50 2243 59 0 0 0 0 -1 0
301 Q 75 1703 50 1752 0 0 0 0 0 0
301 Q 519 1020 69 1082 1 0 0 0 0 0
301 Q 0 669 594 668 0 0 0 0 0 0
301 Q 1849 517 1843 55 0 0 0 0 0 0
301 Q 1140 51 1198 515 -1 0 0 0 0 0
301 Q 1048 68 982 59 1 0 0 0 0 0
301 Q 135 1557 1446 1486 0 0 0 0 0 0
301 Q 566 2544 567 137 0 0 0 0 0 0
301 Q 1088 650 1022 521 0 0 0 0 0 0
301 Q 63 333 60 331 0 0 0 0 0 0
301 Q 55 1573 646 1502 0 0 0 0 0 0
301 Q 2489 516 2438 55 0 0 0 0 0 0
301 Q 514 184 648 186 0 0 0 0 0 0
301 Q 503 1472 51 1538 1 0 0 0 0 0
301 Q 553 134 547 505 0 0 0 0 0 0
301 Q 2569 51 2594 136 -1 0 0 0 0 0
301 Q 2 1325 919 1266 0 0 0 0 0 0
301 Q 1968 916 2035 95 0 0 0 0 0 0
301 Q 71 593 2 591 0 0 0 0 0 0
301 Q 1781 1 1775 77 0 1 0 0 0 -1
301 Q 515 1893 515 1893 0 0 0 0 0 0
301 Q 1292 517 1234 137 0 0 0 0 0 0
301 Q 59 988 136 1050 0 0 0 0 0 0
301 Q 0 1332 117 1378 0 0 0 0 0 0
301 Q 677 2390 671 0 0 0 0 0 0 0
301 Q 1680 97 1727 2369 0 0 0 0 0 0
301 Q 95 1737 2371 1686 0 0 0 0 0 0
301 Q 0 1777 2402 1779 0 0 0 0 0 0
301 Q 2404 1899 49 1897 0 0 0 0 0 0
301 Q 1 2402 1 2402 0 -1 0 1 0 1
301 Q 515 2669 1 2671 0 -1 0 0 0 0
301 Q 1765 1 1714 649 0 1 0 0 0 -1
301 Q 2637 135 2631 65 0 0 0 0 0 0
301 Q 127 649 127 649 0 0 0 0 0 0
301 Q 1765 2402 1714 129 0 0 0 0 0 0
301 Q 53 617 57 615 0 0 0 0 0 0
301 Q 1508 2708 1575 53 0 0 0 0 0 0
301 Q 49 2677 129 2679 0 0 0 0 0 0
301 Q 2848 49 2827 94 0 0 0 0 0 0
301 Q 950 2899 952 114 0 0 0 0 0 0
301 Q 128 946 2901 948 0 0 0 0 0 0
301 Q 1581 67 1510 2901 0 0 0 0 0 0
301 Q 1724 2904 1674 505 0 0 0 0 0 0
301 Q 134 1113 2902 1171 0 0 0 0 0 0
301 Q 55 2957 55 2957 0 0 0 0 0 0
301 Q 2955 1573 126 1502 0 0 0 0 0 0
301 Q 503 2820 1 2839 0 0 0 0 0 0
301 Q 1477 1 1543 64 0 0 -1 0 0 0
301 Q 2080 2899 2127 609 0 0 0 0 0 0
301 Q 135 3009 1 3011 0 -1 0 0 0 0
301 Q 367 1472 3025 1538 0 0 0 0 0 0
301 Q 51 3023 51 3023 1 0 -1 0 0 0
301 Q 2544 1301 2903 1243 0 0 0 0 0 0
301 Q 1240 1 1294 135 0 0 0 0 0 0
301 Q 1 28 1 30 0 0 0 1 0 1
301 Q 1891 509 3027 511 0 0 0 0 0 0
301 Q 3029 894 3 895 0 0 0 0 0 0
301 Q 115 1996 2705 2063 0 0 0 0 0 0
301 Q 120 2703 122 282 0 0 0 0 0 0
301 Q 55 996 50 1058 -1 0 0 0 0 0
301 Q 652 2702 652 2702 0 0 0 0 0 0
301 Q 2698 2902 2696 650 0 0 0 0 0 0
301 Q 2912 50 2927 505 0 0 0 0 -1 0
301 Q 50 3033 2904 3042 0 0 0 0 1 0
301 Q 135 992 54 1054 0 0 0 0 0 0
301 Q 2983 54 2992 521 0 0 0 0 0 0
301 Q 2579 2895 2552 2371 0 0 0 0 0 0
301 Q 95 930 2897 932 0 0 0 0 0 0
301 Q 51 1008 2997 1070 0 0 0 0 -1 0
301 Q 2905 2450 2995 2501 0 0 0 0 0 0
301 Q 2995 2813 650 2806 0 0 0 0 0 0
301 Q 2069 2902 1998 2997 0 0 0 0 0 0
301 Q 2902 19 2905 17 0 0 0 0 0 0
301 Q 306 34 307 35 1 0 1 0 0 0
301 Q 51 3121 650 3110 0 0 0 0 -1 0
301 Q 2895 976 145 1038 0 0 0 0 0 0
301 Q 143 3070 2371 3081 0 0 0 0 0 0
301 Q 3187 137 3187 137 0 0 0 0 0 0
301 Q 1292 1893 1234 3189 0 0 0 0 0 0
301 Q 645 2705 643 2869 0 0 0 0 -1 0
301 Q 2867 277 115 279 0 0 0 0 0 0
301 Q 0 2525 2867 2502 0 0 0 0 0 0
301 Q 932 81 930 71 0 0 0 0 0 0
301 Q 293 56 287 2977 0 0 0 0 0 0
301 Q 2975 1453 475 1455 0 0 0 0 0 0
301 Q 2104 3202 2151 2373 0 0 0 0 0 0
301 Q 193 2810 3204 2809 0 0 0 0 0 0
301 Q 51 3225 51 3225 0 0 0 0 -1 0
301 Q 3223 3121 190 3110 0 0 0 0 0 0
301 Q 3187 1240 3229 1294 0 0 0 0 0 0
301 Q 1 3227 1 3227 0 0 0 0 0 0
301 Q 3223 1008 3205 1070 0 0 0 0 0 0
301 Q 143 3142 3202 3140 0 0 0 0 0 0
301 Q 51 1012 1 1074 0 -1 0 0 -1 0
301 Q 3164 75 3171 505 0 0 0 0 0 0
301 Q 0 1464 3102 1530 0 0 0 0 0 0
301 Q 639 2867 637 3104 0 0 0 0 0 0
301 Q 80 32 81 33 0 0 0 0 0 0
301 Q 477 2342 3102 2305 0 0 0 0 0 0
301 Q 3172 14 3162 47 0 0 0 0 0 0
301 Q 74 14 75 15 0 0 0 0 0 0
301 Q 3199 613 3103 611 0 0 0 0 1 0
301 Q 1724 476 1674 3201 0 0 0 0 0 0
301 Q 2084 2974 2131 3201 0 0 0 0 0 0
301 Q 3235 521 3235 521 0 0 0 0 0 0
301 Q 1088 2702 1022 3237 0 0 0 0 0 0
301 Q 2541 3236 2518 2869 0 0 0 0 0 0
301 Q 3239 489 3236 491 0 0 0 0 0 0
301 Q 1280 2869 1222 3241 0 0 0 0 0 0
301 Q 2280 3104 2319 3241 0 0 0 0 0 0
301 Q 501 3242 495 3241 0 0 0 0 0 0
301 Q 1584 3104 1515 3244 0 0 0 0 0 0
301 Q 3199 2129 3245 2078 0 0 0 0 0 0
301 Q 3235 1020 3249 1082 0 0 0 0 0 0
301 Q 69 3247 69 3247 1 0 -1 0 0 0
301 Q 3239 2325 3248 2282 0 0 0 0 0 0
301 Q 3239 1228 3252 1282 0 0 0 0 0 0
301 Q 324 3248 326 3250 0 0 0 0 0 0
301 Q 3242 2138 3252 2093 0 0 0 0 0 0
301 Q 321 3255 315 3253 0 0 0 0 0 0
301 Q 1579 3243 1512 3257 0 0 0 0 0 0
301 Q 3259 59 3259 59 0 0 0 0 0 0
301 Q 1048 3246 982 3261 0 0 0 0 0 0
301 Q 3251 2137 3260 2086 0 0 0 0 0 0
301 Q 3259 988 3268 1050 0 0 0 0 0 0
301 Q 136 3266 136 3266 0 0 0 0 0 0
301 Q 2613 3265 2606 3253 0 0 0 0 0 0
301 Q 3255 1526 3263 1597 0 0 0 0 0 0
301 Q 1522 3265 1593 3272 0 0 0 0 0 0
301 Q 3270 2291 3260 2332 0 0 0 0 0 0
301 Q 3268 132 3271 130 0 0 0 0 0 0
301 Q 3267 992 3276 1054 0 0 0 0 0 0
301 Q 54 3274 54 3274 0 0 0 0 0 0
301 Q 3270 1566 3276 1501 0 0 0 0 0 0
301 Q 3275 996 3284 1058 0 0 0 0 0 0
301 Q 50 3282 50 3282 -1 0 1 0 0 0
301 Q 3283 1012 3288 1074 0 0 0 0 0 0
301 Q 1 3286 1 3286 0 -1 0 1 0 1
301 Q 90 3280 91 3277 0 0 0 0 0 0
301 Q 1308 3271 1251 3278 0 0 0 0 0 0
301 Q 36 3287 37 3286 0 0 0 0 1 0
301 Q 3280 1305 3284 1247 0 0 0 0 0 0
301 H 81 97 95 81 81 97 0 0 0 0 0 0 0 0 0 0
