1015 A 4 0 -1 2 1 -2
1015 A 8 0 -1 2 1 -2
1015 A 8 0 3 2 -3 -2
1015 A 8 0 1 2 -1 -2
1015 A 8 0 3 -2 -3 2
1015 A 13 0 5 3 -5 -3
1015 A 16 0 3 2 -3 -2
1015 A 16 0 5 6 -5 -6
1015 A 16 0 -3 6 3 -6
1015 A 16 0 -5 2 5 -2
1015 A -2 1 125 1 -125 -1
1015 A 1 1 -126 1 126 -1
1015 A -3 1 76 1 -76 -1
1015 A -3 1 51 0 -51 0
1015 A -3 1 126 1 -126 -1
1015 A 2 1 51 0 -51 0
1015 A 2 1 -127 1 127 -1
1015 A 2 1 77 -1 -77 1
1015 A -4 1 109 1 -109 -1
1015 A 3 1 110 -1 -110 1
1015 A -7 1 61 2 -61 -2
1015 A -7 1 59 2 -59 -2
1015 A 6 1 -61 2 61 -2
1015 A 6 1 -63 2 63 -2
1015 A 19 0 11 -3 -11 3
1015 A -11 1 -16 -1 16 1
1015 A 10 1 17 -1 -17 1
1015 A -15 1 27 2 -27 -2
1015 A -15 1 100 5 -100 -5
1015 A 14 1 -105 5 105 -5
1015 A 14 1 29 -2 -29 2
1015 A -18 1 23 1 -23 -1
1015 A -18 1 -79 -5 79 5
1015 A 17 1 -84 5 84 -5
1015 A 17 1 -24 1 24 -1
1015 A 26 0 5 -10 -5 10
1015 A 31 0 -2 4 2 -4
1015 A -1 2 -159 1 159 -1
1015 A -1 2 -204 0 204 0
1015 A -1 2 146 0 -146 0
1015 A 32 0 -5 10 5 -10
1015 A 32 0 5 6 -5 -6
1015 A 32 0 -11 6 11 -6
1015 A -6 2 51 0 -51 0
1015 A 4 2 51 0 -51 0
1015 A -8 2 105 2 -105 -2
1015 A 6 2 107 -2 -107 2
1015 A -16 2 -45 -2 45 2
1015 A 14 2 -47 2 47 -2
1015 A -22 2 -111 -4 111 4
1015 A 20 2 115 -4 -115 4
1015 A 9 0 -2 4 -2 4
1015 A 11 0 -2 4 -2 4
1015 A 13 0 -1 2 -1 2
1015 A 23 0 10 3 10 3
1015 A 27 0 20 -13 20 -13
1015 A 33 0 20 -7 20 -7
1015 A 5 0 1 -1 0 1
1015 A 5 0 0 -2 2 -2
1015 A 5 0 1 2 3 -2
1015 A 5 0 1 1 -2 1
1015 A 7 0 -1 -3 4 -3
1015 A 7 0 0 -2 2 -2
1015 A 7 0 -1 -2 -1 3
1015 A 7 0 -1 -1 4 -2
1015 A 7 0 0 -3 -1 1
1015 A 7 0 2 2 -2 1
1015 A 7 0 2 1 -3 1
1015 A 7 0 0 1 3 -3
1015 A 7 0 3 -2 -2 3
1015 A 9 0 1 2 3 1
1015 A 9 0 3 -4 5 -2
1015 A 9 0 3 -2 4 -1
1015 A 9 0 -6 4 -2 -4
1015 A 9 0 -1 4 3 2
1015 A 9 0 -1 2 5 -1
1015 A 9 0 2 2 2 -1
1015 A 9 0 2 1 3 -1
1015 A 9 0 1 4 -5 4
1015 A 9 0 0 -2 -2 2
1015 A 9 0 1 1 4 -2
1015 A 9 0 0 4 1 -1
1015 A 9 0 0 1 4 -4
1015 A 11 0 0 -1 1 -1
1015 A 11 0 0 -2 -5 5
1015 A 11 0 1 -4 -4 -2
1015 A 11 0 1 -5 -4 5
1015 A 11 0 0 -3 4 -4
1015 A 11 0 0 -4 3 -3
1015 A 11 0 0 -5 -2 2
1015 A 11 0 -1 -1 -3 -4
1015 A 11 0 1 -2 4 3
1015 A 11 0 3 3 1 5
1015 A 11 0 3 5 5 1
1015 A 11 0 4 1 5 -1
1015 A 11 0 3 2 -2 3
1015 A 11 0 -2 5 1 2
1015 A 11 0 -1 3 -5 2
1015 A 11 0 1 3 -2 -4
1015 A 11 0 1 4 5 -4
1015 A 11 0 2 1 -2 -3
1015 A 11 0 2 2 -4 2
1015 A 11 0 2 5 -3 -1
1015 A 11 0 6 -5 6 -3
1015 A 11 0 5 -3 -3 1
1015 A 11 0 6 -4 -4 3
1015 A 11 0 6 -2 3 -4
1015 A 11 0 -4 1 7 -5
1015 A 11 0 3 -5 3 -2
1015 A 11 0 -7 4 -2 1
1015 A 12 0 1 2 3 -2
1015 A 12 0 3 2 5 -2
1015 A 12 0 5 2 -1 2
1015 A 13 0 3 4 2 -3
1015 A 13 0 -1 5 -2 -4
1015 A 13 0 3 5 -2 -2
1015 A 13 0 3 6 5 1
1015 A 13 0 4 1 -5 1
1015 A 13 0 4 4 -8 4
1015 A 13 0 -3 3 0 5
1015 A 13 0 4 5 -3 6
1015 A 13 0 5 2 -3 -1
1015 A 13 0 6 1 -2 4
1015 A 13 0 -2 6 -3 -2
1015 A 13 0 -1 3 7 -4
1015 A 13 0 -1 4 2 6
1015 A 13 0 1 5 6 -5
1015 A 13 0 0 1 -2 2
1015 A 13 0 0 2 -1 1
1015 A 13 0 0 3 -5 5
1015 A 13 0 0 4 6 -6
1015 A 13 0 0 6 4 -4
1015 A 13 0 1 1 -6 3
1015 A 13 0 1 2 2 3
1015 A 13 0 1 3 -2 -5
1015 A 13 0 3 3 -2 1
1015 A 13 0 1 6 7 -6
1015 A 13 0 8 -5 -4 2
1015 A 13 0 7 -5 -4 3
1015 A 13 0 7 -2 -4 1
1015 A 13 0 -5 2 4 -6
1015 A 13 0 -5 3 -3 2
1015 A 13 0 8 -6 3 -4
1015 A 13 0 -6 4 4 -5
1015 A 13 0 9 -6 6 -1
1015 A 15 0 -1 -2 -3 2
1015 A 15 0 3 2 -10 7
1015 A 15 0 0 1 1 -1
1015 A 15 0 3 1 1 -4
1015 A 15 0 2 7 9 -7
1015 A 15 0 2 4 -6 -1
1015 A 15 0 2 2 -1 -7
1015 A 15 0 1 4 -5 1
1015 A 15 0 1 1 -2 1
1015 A 15 0 0 7 -2 2
1015 A 15 0 0 4 4 -4
1015 A 15 0 0 2 -7 7
1015 A 15 0 3 7 -5 2
1015 A 15 0 4 1 -5 4
1015 A 15 0 4 4 -8 4
1015 A 15 0 5 1 6 -1
1015 A 15 0 5 2 -7 2
1015 A 15 0 5 4 9 -4
1015 A 15 0 6 2 8 -2
1015 A 15 0 -3 7 4 -7
1015 A 15 0 -2 7 -5 7
1015 A 15 0 -6 4 7 -1
1015 A 15 0 8 -7 -4 2
1015 A 15 0 -3 4 4 -1
1015 A -1 1 -65 0 43 0
1015 A -1 1 -63 0 125 0
1015 A -1 1 -61 0 25 0
1015 A -1 1 -55 0 97 0
1015 A -1 1 -47 0 -27 0
1015 A -1 1 -45 0 -79 0
1015 A -1 1 -41 0 31 0
1015 A -1 1 -33 0 77 0
1015 A -1 1 -21 0 121 0
1015 A -1 1 -19 0 107 0
1015 A -1 1 -67 0 91 0
1015 A -1 1 -75 0 105 0
1015 A -1 1 -95 0 123 0
1015 A -1 1 -111 0 119 0
1015 A 0 1 -111 0 119 0
1015 A 0 1 -25 0 61 0
1015 A 0 1 -21 0 121 0
1015 A 0 1 -19 0 107 0
1015 A 0 1 -123 0 95 0
1015 A 0 1 -125 0 63 0
1015 A 0 1 -27 0 -47 0
1015 A 0 1 105 0 -75 0
1015 A 0 1 97 0 -55 0
1015 A 0 1 91 0 -67 0
1015 A 0 1 79 0 45 0
1015 A 0 1 77 0 -33 0
1015 A 0 1 -65 0 43 0
1015 A 0 1 -41 0 31 0
1015 A 16 0 3 6 -3 2
1015 A 16 0 5 2 -5 6
1015 A 16 0 7 2 1 -2
1015 A 16 0 -1 6 -7 2
1015 A 16 0 1 6 7 -6
1015 A 16 0 1 2 -9 6
1015 A -2 1 -43 0 -123 -1
1015 A -2 1 -77 0 -121 -1
1015 A -2 1 -75 0 97 1
1015 A -2 1 -71 0 117 1
1015 A -2 1 -67 0 105 1
1015 A -2 1 -65 0 -63 0
1015 A -2 1 -61 0 21 0
1015 A -2 1 -55 0 -119 -1
1015 A -2 1 -45 0 -89 -1
1015 A -2 1 -41 0 25 0
1015 A -2 1 -33 0 -31 0
1015 A -2 1 -27 0 19 0
1015 A -2 1 95 1 93 1
1015 A 1 1 -124 1 -43 0
1015 A 1 1 -122 1 -77 0
1015 A 1 1 -120 1 -55 0
1015 A 1 1 -118 1 71 0
1015 A 1 1 -106 1 67 0
1015 A 1 1 -98 1 75 0
1015 A 1 1 -96 1 -94 1
1015 A 1 1 -90 1 -45 0
1015 A 1 1 31 0 33 0
1015 A 1 1 65 0 63 0
1015 A 1 1 61 0 -21 0
1015 A 1 1 41 0 -25 0
1015 A 1 1 27 0 -19 0
1015 A -3 1 -50 -1 -100 -1
1015 A -3 1 -56 -1 116 1
1015 A -3 1 -58 -1 78 1
1015 A -3 1 -60 -1 -33 0
1015 A -3 1 49 0 -66 -1
1015 A -3 1 74 1 27 0
1015 A -3 1 64 1 94 1
1015 A -3 1 90 1 120 1
1015 A -3 1 43 0 -124 -1
1015 A -3 1 41 0 19 0
1015 A -3 1 31 0 106 1
1015 A -3 1 23 0 110 1
1015 A -3 1 21 0 96 1
1015 A -3 1 17 0 104 1
1015 A -3 1 -98 -1 118 1
1015 A 2 1 67 -1 -49 0
1015 A 2 1 65 -1 95 -1
1015 A 2 1 61 -1 33 0
1015 A 2 1 59 -1 -79 1
1015 A 2 1 57 -1 -117 1
1015 A 2 1 51 -1 101 -1
1015 A 2 1 43 0 -125 1
1015 A 2 1 41 0 19 0
1015 A 2 1 31 0 107 -1
1015 A 2 1 27 0 75 -1
1015 A 2 1 23 0 111 -1
1015 A 2 1 21 0 97 -1
1015 A 2 1 17 0 105 -1
1015 A 2 1 -119 1 99 -1
1015 A 2 1 -121 1 -91 1
1015 A -4 1 -63 -1 -123 -2
1015 A -4 1 107 2 37 0
1015 A -4 1 109 2 25 0
1015 A -4 1 117 2 -79 -1
1015 A -4 1 119 2 107 1
1015 A -4 1 121 2 -33 0
1015 A -4 1 -71 -1 -35 -1
1015 A -4 1 -65 -1 27 0
1015 A -4 1 -61 -1 -41 -1
1015 A -4 1 -43 -1 17 0
1015 A -4 1 -39 -1 95 1
1015 A -4 1 -23 0 77 1
1015 A -4 1 -31 0 99 1
1015 A -4 1 -75 -1 -97 -1
1015 A 3 1 96 -1 -40 1
1015 A 3 1 98 -1 76 -1
1015 A 3 1 80 -1 -119 2
1015 A 3 1 78 -1 -23 0
1015 A 3 1 72 -1 36 -1
1015 A 3 1 66 -1 -27 0
1015 A 3 1 64 -1 125 -2
1015 A 3 1 62 -1 42 -1
1015 A 3 1 44 -1 -17 0
1015 A 3 1 100 -1 -31 0
1015 A 3 1 108 -1 121 -2
1015 A 3 1 109 -2 37 0
1015 A 3 1 111 -2 25 0
1015 A 3 1 123 -2 -33 0
1015 A -5 1 -23 0 -121 -2
1015 A -5 1 -125 -2 -64 -1
1015 A -5 1 -123 -2 -93 -2
1015 A -5 1 -119 -2 17 0
1015 A -5 1 -80 -1 -29 0
1015 A -5 1 -78 -1 -28 -1
1015 A -5 1 -76 -1 -105 -2
1015 A -5 1 -66 -1 -27 0
1015 A -5 1 -62 -1 40 1
1015 A -5 1 -60 -1 -54 -1
1015 A -5 1 -19 0 91 2
1015 A -5 1 -103 -2 87 2
1015 A -5 1 -46 -1 38 1
1015 A -5 1 -42 -1 30 1
1015 A 4 1 -65 1 -127 2
1015 A 4 1 -29 1 -79 1
1015 A 4 1 -107 2 -77 1
1015 A 4 1 -105 2 89 -2
1015 A 4 1 -95 2 -125 2
1015 A 4 1 -93 2 19 0
1015 A 4 1 -55 1 -61 1
1015 A 4 1 -47 1 39 -1
1015 A 4 1 -43 1 31 -1
1015 A 4 1 -41 1 63 -1
1015 A 4 1 17 0 -121 2
1015 A 4 1 23 0 123 -2
1015 A 4 1 27 0 67 -1
1015 A 4 1 29 0 81 -1
1015 A -6 1 29 1 67 1
1015 A -6 1 31 1 23 0
1015 A -6 1 27 1 37 1
1015 A -6 1 23 1 -43 -1
1015 A -6 1 21 1 21 0
1015 A -6 1 67 2 115 3
1015 A -6 1 117 3 55 1
1015 A -6 1 113 2 -25 0
1015 A -6 1 107 2 93 2
1015 A -6 1 105 2 -17 0
1015 A -6 1 95 2 63 1
1015 A -6 1 89 2 -39 -1
1015 A -6 1 77 2 61 1
1015 A -6 1 73 2 -119 -3
1015 A -6 1 69 1 47 1
1015 A -6 1 41 1 -121 -3
1015 A 5 1 48 -1 70 -1
1015 A 5 1 -23 0 -32 1
1015 A 5 1 -21 0 -22 1
1015 A 5 1 -17 0 107 -2
1015 A 5 1 75 -2 -122 3
1015 A 5 1 69 -2 118 -3
1015 A 5 1 68 -1 30 -1
1015 A 5 1 64 -1 97 -2
1015 A 5 1 62 -1 79 -2
1015 A 5 1 56 -1 120 -3
1015 A 5 1 -25 0 115 -2
1015 A 5 1 44 -1 -24 1
1015 A 5 1 42 -1 -124 3
1015 A 5 1 40 -1 -91 2
1015 A 5 1 38 -1 28 -1
1015 A 5 1 95 -2 109 -2
1015 A 17 0 8 1 -3 6
1015 A 17 0 7 3 -1 2
1015 A 17 0 7 2 1 -4
1015 A 17 0 7 1 -2 -4
1015 A 17 0 6 5 -4 8
1015 A 17 0 6 4 -1 -3
1015 A 17 0 6 3 -7 8
1015 A 17 0 6 2 -11 7
1015 A 17 0 6 1 -1 5
1015 A 17 0 5 7 2 -4
1015 A 17 0 5 5 3 7
1015 A 17 0 5 4 -5 6
1015 A 17 0 5 2 -9 5
1015 A 17 0 4 8 -12 8
1015 A 17 0 -3 8 2 7
1015 A 17 0 -2 5 -1 -4
1015 A 17 0 -2 6 -3 -4
1015 A 17 0 -2 7 7 -3
1015 A 17 0 -1 3 11 -8
1015 A 17 0 -1 6 -9 4
1015 A 17 0 -1 8 -9 3
1015 A 17 0 -5 4 3 -5
1015 A 17 0 2 5 -4 -2
1015 A 17 0 0 2 -8 8
1015 A 17 0 0 3 6 -6
1015 A 17 0 0 4 -4 4
1015 A 17 0 0 6 3 -3
1015 A 17 0 0 8 -2 2
1015 A 17 0 1 2 3 -2
1015 A 17 0 1 5 3 6
1015 A 17 0 1 6 2 8
1015 A 17 0 1 8 -2 -2
1015 A 17 0 2 3 -5 3
1015 A 17 0 4 7 -8 2
1015 A 17 0 2 6 -3 -2
1015 A 17 0 3 5 8 -5
1015 A 17 0 3 8 2 -3
1015 A 17 0 4 3 5 -7
1015 A 17 0 4 4 8 -4
1015 A 17 0 4 5 -7 2
1015 A 17 0 -5 2 8 -6
1015 A 17 0 -6 5 -9 6
1015 A 17 0 -6 4 8 -1
1015 A 17 0 -5 8 -9 7
1015 A 17 0 9 -2 -3 4
1015 A 17 0 -7 1 -4 5
1015 A 17 0 -7 4 4 -6
1015 A 17 0 -7 5 6 -2
1015 A 17 0 -7 6 -10 8
1015 A 17 0 10 -7 10 -5
1015 A 17 0 10 -4 -4 3
1015 A 17 0 -4 2 9 -8
1015 A -7 1 28 1 79 2
1015 A -7 1 24 1 91 2
1015 A -7 1 22 1 44 1
1015 A -7 1 18 1 57 2
1015 A -7 1 21 0 -120 -3
1015 A -7 1 19 0 95 2
1015 A -7 1 32 1 108 3
1015 A -7 1 -124 -3 42 1
1015 A -7 1 -40 -1 56 1
1015 A -7 1 -48 -1 -99 -2
1015 A -7 1 -118 -3 94 3
1015 A -7 1 -122 -3 -75 -2
1015 A -7 1 112 3 -55 -2
1015 A -7 1 102 3 63 2
1015 A 6 1 21 0 -123 3
1015 A 6 1 -115 3 57 -2
1015 A 6 1 -19 1 -59 2
1015 A 6 1 -23 1 -45 1
1015 A 6 1 -25 1 -93 2
1015 A 6 1 -29 1 -81 2
1015 A 6 1 -33 1 -111 3
1015 A 6 1 -65 2 -105 3
1015 A 6 1 -77 2 -125 3
1015 A 6 1 -97 3 121 -3
1015 A 6 1 101 -2 49 -1
1015 A 6 1 97 -2 19 0
1015 A 6 1 57 -1 -41 1
1015 A 6 1 43 -1 -127 3
1015 A -8 1 -19 0 41 1
1015 A -8 1 -39 -1 25 1
1015 A -8 1 -43 -1 -63 -2
1015 A -8 1 -45 -1 93 3
1015 A -8 1 -51 -1 -13 -1
1015 A -8 1 -67 -2 103 3
1015 A -8 1 -81 -2 -115 -4
1015 A -8 1 -105 -3 117 4
1015 A -8 1 -15 -1 19 1
1015 A -8 1 87 3 -65 -2
1015 A -8 1 51 2 29 1
1015 A -8 1 33 1 -97 -3
1015 A -8 1 31 1 119 4
1015 A 7 1 -96 3 46 -1
1015 A 7 1 -90 3 67 -2
1015 A 7 1 -65 2 -44 1
1015 A 7 1 -53 2 -30 1
1015 A 7 1 -34 1 100 -3
1015 A 7 1 -32 1 -123 4
1015 A 7 1 -26 1 40 -1
1015 A 7 1 -20 1 16 -1
1015 A 7 1 -14 1 -52 1
1015 A 7 1 -119 4 -83 2
1015 A 7 1 -121 4 108 -3
1015 A 7 1 69 -2 -106 3
1015 A 7 1 42 -1 -19 0
1015 A -9 1 -19 0 76 3
1015 A -9 1 -30 -1 -90 -3
1015 A -9 1 -61 -2 -24 -1
1015 A -9 1 -121 -4 18 1
1015 A -9 1 -119 -4 43 2
1015 A -9 1 -100 -3 -59 -2
1015 A -9 1 -96 -3 -44 -1
1015 A -9 1 -94 -3 70 3
1015 A -9 1 -73 -2 34 1
1015 A -9 1 -67 -2 -14 -1
1015 A -9 1 -65 -2 46 1
1015 A -9 1 -123 -4 -32 -1
1015 A -9 1 -48 -1 107 4
1015 A -9 1 -42 -1 -111 -4
1015 A -9 1 -40 -1 -117 -4
1015 A -9 1 72 3 99 4
1015 A -9 1 74 3 53 2
1015 A -9 1 101 4 51 2
1015 A -9 1 12 1 22 1
1015 A 8 1 -123 4 45 -2
1015 A 8 1 -103 3 -61 2
1015 A 8 1 -99 3 -45 1
1015 A 8 1 -97 3 73 -3
1015 A 8 1 -93 3 -31 1
1015 A 8 1 -75 2 35 -1
1015 A 8 1 -69 2 -15 1
1015 A 8 1 -67 2 47 -1
1015 A 8 1 -63 2 -25 1
1015 A 8 1 -49 1 111 -4
1015 A 8 1 -43 1 -115 4
1015 A 8 1 -41 1 -121 4
1015 A 8 1 -33 1 -127 4
1015 A 8 1 -19 0 79 -3
1015 A 8 1 103 -4 75 -3
1015 A 8 1 77 -3 55 -2
1015 A 8 1 -125 4 19 -1
1015 A 8 1 105 -4 53 -2
1015 A 8 1 -23 1 -13 1
1015 A -10 1 -63 -2 -19 -1
1015 A -10 1 -31 -1 -111 -4
1015 A -10 1 -35 -1 -77 -3
1015 A -10 1 -53 -2 23 1
1015 A -10 1 -55 -2 -93 -4
1015 A -10 1 -69 -2 -103 -4
1015 A -10 1 -115 -4 61 3
1015 A -10 1 -105 -4 91 3
1015 A -10 1 -93 -3 -115 -5
1015 A -10 1 -35 -2 -15 -1
1015 A -10 1 -113 -5 9 1
1015 A -10 1 -91 -4 -11 -1
1015 A -10 1 -87 -4 -45 -2
1015 A -10 1 -75 -3 -65 -3
1015 A -10 1 -73 -3 117 5
1015 A -10 1 -39 -2 25 1
1015 A 9 1 -122 5 76 -3
1015 A 9 1 -10 1 118 -5
1015 A 9 1 -64 3 119 -4
1015 A 9 1 -36 1 -80 3
1015 A 9 1 -12 1 -95 4
1015 A 9 1 -16 1 -37 2
1015 A 9 1 -20 1 -65 2
1015 A 9 1 -24 1 55 -2
1015 A 9 1 -26 1 41 -2
1015 A 9 1 -47 2 -91 4
1015 A 9 1 -120 5 -96 3
1015 A 9 1 -68 3 -78 3
1015 A 9 1 -97 4 -57 2
1015 A 9 1 -107 4 -71 2
1015 A 9 1 115 -4 32 -1
1015 A 9 1 -94 3 109 -4
1015 A 19 0 -6 -5 -5 4
1015 A 19 0 -6 -4 10 -4
1015 A 19 0 -5 2 -7 8
1015 A 19 0 -5 7 -4 -5
1015 A 19 0 -5 9 1 -7
1015 A 19 0 -5 -7 3 3
1015 A 19 0 -5 -3 1 2
1015 A 19 0 -4 4 0 -2
1015 A 19 0 -4 -3 3 -4
1015 A 19 0 -3 2 8 -3
1015 A 19 0 -3 3 0 -9
1015 A 19 0 -3 5 1 7
1015 A 19 0 4 -9 -6 7
1015 A 19 0 13 -7 -2 4
1015 A 19 0 -6 9 -8 5
1015 A 19 0 -6 5 2 -9
1015 A 19 0 -6 3 12 -7
1015 A 19 0 -7 -2 12 -9
1015 A 19 0 -7 -4 -11 4
1015 A 19 0 12 -5 1 -2
1015 A 19 0 -7 9 -1 -5
1015 A 19 0 -7 7 0 7
1015 A 19 0 -7 5 -2 -5
1015 A 19 0 -7 3 -1 4
1015 A 19 0 4 -8 3 -6
1015 A 19 0 9 -2 -3 -9
1015 A 19 0 11 -5 1 4
1015 A 19 0 -8 7 -2 5
1015 A 19 0 -9 9 0 -3
1015 A 19 0 -9 8 1 8
1015 A 19 0 -9 5 2 -7
1015 A 19 0 0 4 2 -2
1015 A 19 0 -3 9 3 5
1015 A 19 0 3 2 -1 8
1015 A -11 1 -62 -3 12 1
1015 A -11 1 -85 -4 -57 -2
1015 A -11 1 -14 -1 -87 -4
1015 A -11 1 -56 -3 34 1
1015 A -11 1 -68 -3 118 5
1015 A -11 1 -60 -3 93 4
1015 A -11 1 -54 -3 104 5
1015 A -11 1 -47 -2 109 4
1015 A -11 1 -37 -2 -26 -1
1015 A -11 1 -35 -2 -61 -2
1015 A -11 1 -33 -2 95 4
1015 A -11 1 -20 -1 36 1
1015 A -11 1 -18 -1 80 3
1015 A -11 1 97 4 78 3
1015 A -11 1 107 4 -91 -4
1015 A -11 1 112 5 63 2
1015 A -11 1 122 5 -76 -3
1015 A 10 1 27 -1 39 -2
1015 A 10 1 13 -1 -65 3
1015 A 10 1 15 -1 91 -4
1015 A 10 1 19 -1 -83 3
1015 A 10 1 21 -1 -37 1
1015 A 10 1 35 -1 -59 3
1015 A 10 1 35 -2 -99 4
1015 A 10 1 37 -2 63 -2
1015 A 10 1 49 -2 -113 4
1015 A 10 1 59 -2 89 -4
1015 A 10 1 65 -2 117 -5
1015 A 10 1 57 -3 -109 5
1015 A 10 1 -79 3 127 -5
1015 A 10 1 123 -5 -71 3
1015 A 10 1 -81 3 -101 4
1015 A 10 1 -111 4 95 -4
1015 A 10 1 63 -3 -97 4
1015 A -12 1 -113 -6 -109 -5
1015 A -12 1 79 3 -35 -1
1015 A -12 1 -115 -6 -101 -5
1015 A -12 1 121 5 117 5
1015 A -12 1 95 4 -15 -1
1015 A -12 1 91 4 -13 -1
1015 A -12 1 89 4 -19 -1
1015 A -12 1 73 4 -43 -2
1015 A -12 1 81 3 -21 -1
1015 A -12 1 -63 -3 27 1
1015 A -12 1 -57 -3 -59 -2
1015 A -12 1 -39 -2 -37 -1
1015 A -12 1 -77 -3 29 1
1015 A -12 1 -71 -3 -65 -3
1015 A -12 1 25 1 49 2
1015 A 11 1 26 -1 51 -2
1015 A 11 1 14 -1 -95 4
1015 A 11 1 16 -1 -99 4
1015 A 11 1 20 -1 -93 4
1015 A 11 1 22 -1 -84 3
1015 A 11 1 -82 3 36 -1
1015 A 11 1 -80 3 30 -1
1015 A 11 1 -74 3 -68 3
1015 A 11 1 -61 2 -60 3
1015 A 11 1 -38 1 -41 2
1015 A 11 1 -28 1 66 -3
1015 A 11 1 -121 6 -106 5
1015 A 11 1 -119 6 -114 5
1015 A 11 1 -77 4 45 -2
1015 A 11 1 122 -5 126 -5
1015 A 20 0 1 -6 -5 6
1015 A 20 0 7 2 9 -2
1015 A 20 0 5 6 11 -6
1015 A 20 0 5 2 3 2
1015 A 20 0 3 6 1 6
1015 A 20 0 1 2 3 -2
1015 A 20 0 5 -2 7 -2
1015 A 20 0 7 -6 9 -6
1015 A -13 1 114 5 45 2
1015 A -13 1 -121 -6 -106 -5
1015 A -13 1 -119 -6 -51 -2
1015 A -13 1 -95 -4 27 2
1015 A -13 1 -60 -3 16 1
1015 A -13 1 -41 -2 88 5
1015 A -13 1 -36 -1 94 5
1015 A -13 1 -20 -1 48 3
1015 A 12 1 -99 5 37 -1
1015 A 12 1 -93 5 43 -2
1015 A 12 1 -51 3 21 -1
1015 A 12 1 -29 2 99 -4
1015 A 12 1 -17 1 63 -3
1015 A 12 1 127 -6 111 -5
1015 A 12 1 125 -6 53 -2
1015 A 12 1 119 -5 47 -2
1015 A -14 1 -47 -2 -51 -3
1015 A -14 1 -43 -2 29 1
1015 A -14 1 -125 -6 65 4
1015 A -14 1 -99 -5 73 4
1015 A -14 1 -95 -5 23 1
1015 A -14 1 -71 -3 -13 -1
1015 A -14 1 -63 -3 -107 -6
1015 A -14 1 -31 -1 -85 -5
1015 A -14 1 -39 -3 -99 -6
1015 A -14 1 -25 -2 97 6
1015 A -14 1 -17 -1 113 7
1015 A 13 1 -100 5 24 -1
1015 A 13 1 -74 3 -14 1
1015 A 13 1 -66 3 -113 6
1015 A 13 1 -49 2 -54 3
1015 A 13 1 -45 2 30 -1
1015 A 13 1 -32 1 -90 5
1015 A 13 1 -18 1 120 -7
1015 A 13 1 -27 2 103 -6
1015 A 13 1 -42 3 -105 6
1015 A 13 1 -69 4 131 -6
1015 A 13 1 -77 4 104 -5
1015 A 21 0 -8 5 -15 10
1015 A 21 0 -4 -5 -6 8
1015 A 21 0 -8 -2 -8 10
1015 A 21 0 10 -8 -2 -8
1015 A 21 0 10 -2 -2 10
1015 A 21 0 11 -10 -1 -10
1015 A 21 0 11 -5 9 -10
1015 A 21 0 -9 2 -7 -5
1015 A 21 0 -9 5 2 -8
1015 A 21 0 -9 8 2 -5
1015 A 21 0 12 -5 7 2
1015 A 21 0 12 -4 -4 -2
1015 A 21 0 -8 -4 6 -2
1015 A 21 0 -7 2 5 2
1015 A 21 0 -7 5 2 5
1015 A 21 0 -7 8 -4 -10
1015 A 21 0 14 -10 -1 8
1015 A 21 0 -6 -5 1 -10
1015 A 21 0 -5 -10 -3 -5
1015 A 21 0 -3 5 -1 -8
1015 A -15 1 18 1 -120 -7
1015 A -15 1 69 4 118 7
1015 A -15 1 24 1 -59 -4
1015 A -15 1 30 1 -90 -5
1015 A -15 1 32 1 -49 -2
1015 A -15 1 29 2 98 5
1015 A -15 1 33 2 36 3
1015 A -15 1 45 2 -54 -3
1015 A -15 1 53 4 -103 -6
1015 A 14 1 109 -6 -57 4
1015 A 14 1 125 -7 73 -4
1015 A 14 1 127 -7 -19 1
1015 A 14 1 -103 5 -31 2
1015 A 14 1 -95 5 31 -1
1015 A 14 1 -57 3 47 -2
1015 A 14 1 -51 2 33 -1
1015 A 14 1 -25 1 63 -4
1015 A 14 1 39 -3 35 -2
1015 A -16 1 81 6 -91 -6
1015 A -16 1 43 2 95 6
1015 A -16 1 127 7 15 1
1015 A -16 1 111 6 57 3
1015 A -16 1 109 6 -67 -5
1015 A -16 1 19 1 63 4
1015 A -16 1 17 2 -57 -4
1015 A -16 1 31 2 -69 -5
1015 A -16 1 37 3 -45 -3
1015 A 15 1 101 -6 45 -2
1015 A 15 1 97 -6 -87 6
1015 A 15 1 117 -6 60 -3
1015 A 15 1 115 -6 -72 5
1015 A 15 1 67 -4 20 -1
1015 A 15 1 74 -5 -33 2
1015 A 15 1 61 -4 -19 2
1015 A 15 1 134 -7 16 -1
1015 A 15 1 48 -3 -40 3
1015 A -17 1 -16 -1 -119 -8
1015 A -17 1 -97 -6 -20 -1
1015 A -17 1 -67 -4 45 4
1015 A -17 1 -48 -3 -34 -3
1015 A -17 1 -45 -2 -117 -8
1015 A -17 1 -33 -2 -72 -5
1015 A -17 1 -28 -1 -85 -6
1015 A -17 1 -26 -1 -74 -5
1015 A 16 1 -51 3 -37 3
1015 A 16 1 -47 2 -125 8
1015 A 16 1 -35 2 -77 5
1015 A 16 1 -29 1 -91 6
1015 A 16 1 -27 1 -79 5
1015 A 16 1 -21 1 -103 6
1015 A 16 1 -17 1 -127 8
1015 A 16 1 -49 4 71 -4
1015 A 23 0 9 -4 15 -11
1015 A 23 0 -14 11 13 -6
1015 A 23 0 -14 6 10 -4
1015 A 23 0 8 -5 -1 6
1015 A 23 0 8 -11 -4 7
1015 A 23 0 7 -2 4 -3
1015 A 23 0 7 -11 4 -11
1015 A 23 0 -16 11 3 2
1015 A 23 0 -16 10 12 -3
1015 A 23 0 9 -3 1 -11
1015 A 23 0 10 -11 -6 -3
1015 A 23 0 10 -7 2 -3
1015 A 23 0 -12 4 5 -9
1015 A 23 0 11 -7 -4 -7
1015 A 23 0 11 -6 5 6
1015 A 23 0 11 -4 -7 -4
1015 A 23 0 0 -6 4 -4
1015 A 23 0 0 -4 6 -6
1015 A 23 0 1 -3 -3 -7
1015 A 23 0 3 -11 -3 7
1015 A 23 0 3 -6 -5 10
1015 A 23 0 4 -9 8 4
1015 A 23 0 5 -11 -6 11
1015 A 23 0 5 -6 3 5
1015 A 23 0 5 -2 -5 -11
1015 A 23 0 5 4 4 11
1015 A 23 0 5 2 1 3
1015 A 23 0 3 11 -7 -6
1015 A 23 0 9 5 6 11
1015 A 23 0 9 3 -6 -10
1015 A 23 0 8 6 -6 -4
1015 A -18 1 21 1 93 6
1015 A -18 1 -77 -5 -21 -2
1015 A -18 1 -91 -6 -49 -4
1015 A 17 1 97 -6 53 -4
1015 A 17 1 -23 2 -82 5
1015 A 17 1 99 -6 22 -1
1015 A 24 0 -1 -10 -7 2
1015 A 24 0 -3 -2 -5 2
1015 A 24 0 5 2 11 -10
1015 A 24 0 -1 10 9 -10
1015 A 24 0 -3 10 -5 -10
1015 A 24 0 -5 10 13 -2
1015 A 24 0 7 2 9 -2
1015 A 24 0 7 -10 -15 10
1015 A -19 1 -109 -8 58 5
1015 A -19 1 -46 -3 -24 -3
1015 A -19 1 -40 -3 -24 -1
1015 A -19 1 -35 -2 11 2
1015 A -19 1 -18 -1 50 5
1015 A -19 1 51 4 23 2
1015 A -19 1 -92 -7 97 8
1015 A 18 1 -19 1 55 -5
1015 A 18 1 -25 1 -43 3
1015 A 18 1 -37 2 13 -2
1015 A 18 1 25 -2 55 -4
1015 A 18 1 -49 3 -27 3
1015 A 18 1 -105 8 99 -7
1015 A 18 1 -63 5 117 -8
1015 A 25 0 8 3 11 -3
1015 A 25 0 7 4 4 -6
1015 A 25 0 6 4 10 -4
1015 A 25 0 5 3 -8 3
1015 A 25 0 5 2 -7 2
1015 A 25 0 2 4 -6 4
1015 A 25 0 1 6 -7 6
1015 A 25 0 0 12 -12 12
1015 A 25 0 -11 4 2 -6
1015 A -20 1 -99 -8 95 7
1015 A -20 1 -19 -1 -25 -2
1015 A -20 1 -41 -2 87 7
1015 A -20 1 -43 -3 97 9
1015 A -20 1 -55 -4 103 8
1015 A -20 1 -105 -8 -69 -6
1015 A 19 1 -27 2 -20 1
1015 A 19 1 -75 6 -113 8
1015 A 19 1 -94 7 43 -2
1015 A 19 1 -107 8 102 -7
1015 A 19 1 -106 9 46 -3
1015 A 19 1 59 -4 -111 8
1015 A -21 1 -15 -2 -75 -6
1015 A -21 1 -28 -1 -13 -2
1015 A -21 1 -52 -3 85 6
1015 A -21 1 -61 -4 -83 -8
1015 A -21 1 -23 -2 -71 -6
1015 A -21 1 103 10 113 10
1015 A 20 1 -15 2 -29 1
1015 A 20 1 -17 2 -81 6
1015 A 20 1 -25 2 -77 6
1015 A 20 1 -91 8 -65 4
1015 A 20 1 -113 10 -123 10
1015 A 20 1 -91 6 55 -3
1015 A -22 1 -63 -5 61 4
1015 A -22 1 -29 -2 -79 -8
1015 A 21 1 -31 2 -87 8
1015 A 21 1 -65 4 68 -5
1015 A 27 0 -19 13 3 -7
1015 A 27 0 -6 -13 -4 7
1015 A 27 0 -3 -7 5 10
1015 A 27 0 -4 -7 -1 8
1015 A 27 0 1 -13 6 -11
1015 A 27 0 2 -13 11 -13
1015 A 27 0 5 -11 12 -13
1015 A 27 0 7 -8 -11 7
1015 A 27 0 10 -7 -15 10
1015 A -23 1 76 7 -24 -3
1015 A -23 1 -28 -3 -24 -1
1015 A -23 1 -46 -5 91 10
1015 A -23 1 -103 -10 -99 -8
1015 A -23 1 103 8 -51 -4
1015 A 22 1 27 -3 -83 7
1015 A 22 1 25 -1 31 -3
1015 A 22 1 55 -4 -111 8
1015 A 22 1 51 -5 -101 10
1015 A 22 1 107 -8 113 -10
1015 A 28 0 -13 10 -11 10
1015 A 28 0 -5 -6 -3 -6
1015 A 28 0 9 6 -9 -2
1015 A 28 0 15 -6 -11 2
1015 A 28 0 -11 6 -9 6
1015 A 28 0 -9 2 -7 2
1015 A 28 0 -1 -2 -15 10
1015 A 28 0 -1 -10 -3 -10
1015 A 28 0 -3 2 -5 -10
1015 A 28 0 -5 -2 -7 -2
1015 A -24 1 -27 -1 -31 -2
1015 A -24 1 95 8 97 10
1015 A 23 1 28 -1 33 -2
1015 A 23 1 103 -8 107 -10
1015 A 29 0 -9 14 6 -11
1015 A 29 0 -8 14 -6 14
1015 A 29 0 -5 14 5 -11
1015 A 29 0 11 6 -10 -5
1015 A 29 0 11 5 -16 5
1015 A 29 0 -15 5 17 -6
1015 A -25 1 -37 -2 -98 -11
1015 A -25 1 -99 -10 -98 -9
1015 A 24 1 -109 11 -39 2
1015 A 24 1 107 -9 109 -10
1015 A -26 1 95 10 -63 -6
1015 A -26 1 -11 -3 63 5
1015 A 25 1 -14 3 68 -5
1015 A 25 1 69 -6 -105 10
1015 A -27 1 -95 -12 -100 -11
1015 A 26 1 -107 12 -111 11
1015 A 31 0 -12 8 -2 -4
1015 A 31 0 4 8 6 -4
1015 A 31 0 5 3 -8 3
1015 A 31 0 -4 9 -5 9
1015 A -1 2 105 1 50 1
1015 A -1 2 -237 1 -206 0
1015 A -1 2 -50 1 -82 0
1015 A -1 2 -207 0 -152 0
1015 A -1 2 192 0 37 0
1015 A -3 2 32 0 94 1
1015 A 1 2 32 0 95 -1
1015 A 32 0 9 10 -17 14
1015 A 32 0 5 14 -5 2
1015 A 32 0 3 14 -19 10
1015 A 32 0 3 2 -19 14
1015 A -6 2 69 0 205 2
1015 A 4 2 -207 2 -69 0
1015 A -29 1 -17 -2 54 5
1015 A 28 1 -59 5 19 -2
1015 A -11 2 45 2 197 4
1015 A 9 2 -201 4 -47 2
1015 A 47 0 -9 19 -10 19
1015 S -2 1 4 0
1015 S 1 1 4 0
1015 S 2 1 5 0
1015 S -1 2 5 0
1015 S 3 1 7 0
1015 S -1 2 7 0
1015 S 2 3 7 0
1015 S -2 1 8 0
1015 S 2 3 8 0
1015 S 1 1 8 0
1015 S -5 3 8 0
1015 S 2 1 10 0
1015 S -4 3 10 0
1015 S -3 1 10 0
1015 S 1 3 10 0
1015 S 2 1 13 0
1015 S 4 2 13 0
1015 S -7 3 13 0
1015 S -5 4 13 0
1015 S -3 5 13 0
1015 S -1 6 13 0
1015 S -3 1 13 0
1015 S -6 2 13 0
1015 S 4 3 13 0
1015 S 1 4 13 0
1015 S -2 5 13 0
1015 S -5 6 13 0
1015 S -4 1 14 0
1015 S 2 3 14 0
1015 S -6 5 14 0
1015 S 3 1 14 0
1015 S -5 3 14 0
1015 S 1 5 14 0
1015 S -16 0 1 1
1015 S -48 0 1 1
1015 S -80 0 1 1
1015 S -111 1 1 1
1015 S 1 1 16 0
1015 S 3 3 16 0
1015 S 5 5 16 0
1015 S -9 7 16 0
1015 T 0 1900 1925 0 0
1015 T 1927 1334 1900 0 0
1015 T 1334 1336 1334 -1 0
1015 T 966 1364 1056 0 0
1015 T 1140 1308 1019 0 0
1015 T 0 3147 3125 0 0
1015 T 3127 1920 968 0 0
1015 T 1017 1955 3147 0 0
1015 T 2909 1918 1955 0 0
1015 T 1054 1338 1191 0 0
1015 T 1231 1456 1138 0 0
1015 T 1189 615 1313 0 0
1015 T 1463 655 1229 0 0
1015 T 1315 1341 1293 0 0
1015 T 1450 1366 1461 0 0
1015 T 1295 2635 1925 0 0
1015 T 1898 2564 1452 0 0
1015 T 2618 2562 2635 0 0
1015 T 0 3057 3045 0 0
1015 T 2521 2493 0 -1 0
1015 T 3047 12 2523 1 0
1015 T 2493 11 3057 0 0
1015 T 2521 2062 3125 0 0
1015 T 3145 2064 2495 0 0
1015 T 0 2780 2724 0 0
1015 T 2722 118 2780 1 0
1015 T 2778 8 2785 -1 1
1015 T 2787 2843 0 0 0
1015 T 2843 7 2724 0 0
1015 T 2787 2466 3466 0 0
1015 T 3472 2419 2841 0 0
1015 T 135 2468 2419 0 0
1015 T 3487 2148 3045 0 0
1015 T 3059 2233 3479 0 0
1015 T 138 2235 2148 0 0
1015 T 2 1835 1283 0 0
1015 T 3 6 4 1 0
1015 T 1281 1705 1 0 0
1015 T 6 1707 1835 -1 0
1015 T 3 1982 2084 0 0
1015 T 2082 1885 4 0 0
1015 T 1885 1984 6 0 0
1015 T 3 1328 883 0 0
1015 T 589 1377 1 0 0
1015 T 881 1302 591 0 0
1015 T 1377 1304 1328 0 0
1015 T 1 1385 665 0 0
1015 T 667 1484 819 0 0
1015 T 817 1359 3 0 0
1015 T 1359 1482 1385 0 0
1015 T 589 1353 943 0 0
1015 T 941 1476 1 0 0
1015 T 1476 1355 1379 0 0
1015 T 1 1401 993 0 0
1015 T 995 1425 665 0 0
1015 T 1387 1427 1401 0 0
1015 T 3 1467 1252 0 0
1015 T 1250 1436 883 0 0
1015 T 1326 1434 1467 0 0
1015 T 817 1436 1201 0 0
1015 T 1203 1347 3 0 0
1015 T 1347 1434 1357 0 0
1015 T 941 1487 1492 0 0
1015 T 1490 1441 1 0 0
1015 T 1441 1485 1474 0 0
1015 T 1 1417 1568 0 0
1015 T 1566 1407 993 0 0
1015 T 1403 1405 1417 0 0
1015 T 1834 1451 1252 0 0
1015 T 1465 1449 1284 0 0
1015 T 1203 1295 1707 0 0
1015 T 1281 1293 1345 0 0
1015 T 1419 849 1888 0 0
1015 T 2081 851 1568 0 0
1015 T 1984 904 1443 0 0
1015 T 1490 902 2084 0 0
1015 T 787 1411 739 0 0
1015 T 1110 1350 785 0 0
1015 T 737 1429 1088 0 0
1015 T 1397 613 1112 0 0
1015 T 1086 653 1447 0 0
1015 T 1886 148 1399 0 0
1015 T 1445 170 1981 0 0
1015 T 148 172 142 0 0
1015 T 1627 1897 1836 0 0
1015 T 1706 1926 1691 0 0
1015 T 5 2286 2369 1 0
1015 T 2371 1354 1625 0 0
1015 T 1689 1425 2286 0 0
1015 T 1335 1356 1425 0 0
1015 T 5 3213 3180 1 0
1015 T 3178 342 2369 0 0
1015 T 2288 344 3213 0 0
1015 T 3475 1756 3180 0 0
1015 T 3215 1818 3483 0 0
1015 T 205 1820 1756 0 0
1015 T 35 575 1045 0 0
1015 T 1047 1010 7 0 0
1015 T 1010 573 29 0 0
1015 T 7 932 1100 -1 1
1015 T 1098 647 40 0 0
1015 T 28 645 932 0 0
1015 T 1047 569 1517 0 0
1015 T 1519 1265 7 0 0
1015 T 1265 571 1012 0 0
1015 T 7 1216 1600 -1 1
1015 T 1598 676 1100 0 0
1015 T 930 674 1216 0 0
1015 T 1519 594 1749 0 0
1015 T 1751 1673 7 0 0
1015 T 1673 596 1267 0 0
1015 T 7 1651 1832 -1 1
1015 T 1830 679 1600 0 0
1015 T 1214 677 1651 0 0
1015 T 1751 597 2186 0 0
1015 T 2188 1923 7 0 0
1015 T 1923 599 1675 0 0
1015 T 7 1915 2239 -1 1
1015 T 2237 670 1832 0 0
1015 T 1649 672 1915 0 0
1015 T 2188 614 2413 0 0
1015 T 2415 2363 7 0 0
1015 T 2363 616 1921 0 0
1015 T 7 2266 2461 -1 1
1015 T 2463 653 2239 0 0
1015 T 1913 655 2266 0 0
1015 T 2415 608 2643 0 0
1015 T 2641 2542 7 0 0
1015 T 2542 606 2361 0 0
1015 T 7 2515 2685 -1 1
1015 T 2687 637 2461 0 0
1015 T 2268 639 2515 0 0
1015 T 2641 482 2843 0 0
1015 T 2724 484 2544 0 0
1015 T 2786 482 2685 0 0
1015 T 2513 484 2777 0 0
1015 T 10 574 1010 0 0
1015 T 9 929 647 0 0
1015 T 575 758 1073 0 0
1015 T 1075 1664 9 0 0
1015 T 1664 760 1009 0 0
1015 T 9 1611 1135 0 0
1015 T 1133 705 647 0 0
1015 T 931 707 1611 0 0
1015 T 1075 801 1713 0 0
1015 T 1715 2357 9 0 0
1015 T 2357 803 1662 0 0
1015 T 9 2293 1814 0 0
1015 T 1816 743 1135 0 0
1015 T 1609 741 2293 0 0
1015 T 1715 806 2425 0 0
1015 T 2427 2767 9 0 0
1015 T 2767 808 2359 0 0
1015 T 9 2736 2459 0 0
1015 T 2457 752 1814 0 0
1015 T 2295 750 2736 0 0
1015 T 2427 508 2460 0 0
1015 T 2733 506 2765 0 0
1015 T 12 1155 2211 0 0
1015 T 2209 879 51 0 0
1015 T 728 877 1155 0 0
1015 T 50 821 2134 0 0
1015 T 2136 1244 12 0 0
1015 T 1244 823 794 0 0
1015 T 1154 902 1877 0 0
1015 T 1879 2678 11 0 0
1015 T 2678 904 2212 0 0
1015 T 11 2674 1976 1 0
1015 T 1974 851 1241 0 0
1015 T 2135 849 2674 0 0
1015 T 1879 920 2493 0 0
1015 T 3057 918 2680 0 0
1015 T 2524 861 1976 0 0
1015 T 2676 863 3048 0 0
1015 T 14 1195 2254 0 0
1015 T 2256 875 53 0 0
1015 T 726 873 1195 0 0
1015 T 48 834 2142 0 0
1015 T 2144 1248 15 0 0
1015 T 1248 836 796 0 0
1015 T 14 1746 1014 0 0
1015 T 575 1046 13 0 0
1015 T 1016 842 573 0 0
1015 T 1046 844 1746 0 0
1015 T 16 1097 647 0 0
1015 T 645 895 962 0 0
1015 T 964 1811 15 0 0
1015 T 1811 893 1097 0 0
1015 T 14 1070 2774 0 0
1015 T 2776 2657 1014 0 0
1015 T 1748 2659 1070 0 0
1015 T 964 2702 2740 0 0
1015 T 2738 1146 15 0 0
1015 T 1146 2704 1809 0 0
1015 T 1071 3413 2793 0 0
1015 T 2795 2350 13 0 0
1015 T 2350 3415 2773 0 0
1015 T 16 2297 2847 0 0
1015 T 2845 3412 1147 0 0
1015 T 2737 3410 2297 0 0
1015 T 1194 916 1857 0 0
1015 T 1859 2705 13 0 0
1015 T 2705 914 2253 0 0
1015 T 16 2651 1948 0 0
1015 T 1946 857 1245 0 0
1015 T 2143 859 2651 0 0
1015 T 1859 910 2497 0 0
1015 T 2499 3084 13 0 0
1015 T 3084 912 2707 0 0
1015 T 16 3032 2526 0 0
1015 T 2528 855 1948 0 0
1015 T 2649 853 3032 0 0
1015 T 2499 178 2351 0 0
1015 T 2796 180 3082 0 0
1015 T 2300 192 2526 0 0
1015 T 3030 190 2848 0 0
1015 T 189 1549 17 0 0
1015 T 178 109 191 0 0
1015 T 18 1540 180 -1 0
1015 T 109 1538 1549 0 0
1015 T 189 238 886 0 0
1015 T 1551 2183 238 0 0
1015 T 816 238 179 0 0
1015 T 238 2232 1537 0 0
1015 T 20 1866 3290 0 0
1015 T 3292 1568 68 0 0
1015 T 748 1566 1866 0 0
1015 T 62 1490 3272 0 0
1015 T 3270 1935 26 0 0
1015 T 1935 1492 792 0 0
1015 T 20 3042 1223 0 0
1015 T 821 2133 19 0 0
1015 T 1221 1502 823 0 0
1015 T 2133 1504 3042 0 0
1015 T 25 2210 879 0 0
1015 T 877 1556 1157 0 0
1015 T 1159 3067 26 0 0
1015 T 3067 1554 2210 0 0
1015 T 1867 383 1223 0 0
1015 T 3044 381 3289 -1 0
1015 T 1159 382 1934 0 0
1015 T 3269 384 3065 0 0
1015 T 63 1528 3286 0 0
1015 T 3288 1958 21 0 0
1015 T 1958 1526 784 0 0
1015 T 21 1905 3300 1 0
1015 T 3298 1588 66 0 0
1015 T 754 1586 1905 0 0
1015 T 1907 135 1959 0 0
1015 T 3287 133 3300 0 0
1015 T 24 2256 876 0 0
1015 T 874 1573 1188 0 0
1015 T 1186 3077 23 0 0
1015 T 3077 1575 2256 0 0
1015 T 23 3053 1277 0 0
1015 T 833 2142 24 0 0
1015 T 1279 1541 835 0 0
1015 T 2142 1543 3053 0 0
1015 T 1186 2103 1278 0 0
1015 T 3056 2101 3079 0 0
1015 T 2608 2615 2610 0 0
1015 T 2922 2771 71 0 0
1015 T 41 599 2924 0 0
1015 T 599 2396 2771 0 0
1015 T 2895 672 31 0 0
1015 T 73 2743 2893 0 0
1015 T 2743 2408 672 0 0
1015 T 350 1671 2924 0 0
1015 T 2175 599 1671 0 0
1015 T 2895 1645 466 0 0
1015 T 1645 672 2247 0 0
1015 T 45 1773 3280 0 0
1015 T 3301 1851 44 0 0
1015 T 3278 136 3303 0 0
1015 T 3301 106 1850 0 0
1015 T 1775 107 3279 0 0
1015 T 379 1942 56 0 0
1015 T 452 364 377 0 0
1015 T 55 1894 450 0 0
1015 T 364 1896 1942 0 0
1015 T 379 69 1943 0 0
1015 T 1896 76 449 0 0
1015 T 847 3345 1944 0 0
1015 T 1895 3329 898 0 0
1015 T 1525 89 3286 0 0
1015 T 3298 91 1585 0 0
1015 T 3292 88 1565 0 0
1015 T 1491 88 3272 0 0
1015 T 2922 79 2770 0 0
1015 T 2742 79 2893 0 0
1015 T 2162 164 2215 0 0
1015 T 2717 162 2749 0 0
1015 T 2769 2903 2742 0 0
1015 T 2893 2901 2921 0 0
1015 T 365 367 365 1 0
1015 T 3513 3515 3513 0 0
1015 T 3441 3443 3441 0 0
1015 T 1565 3097 1492 0 0
1015 T 3271 3099 3292 0 0
1015 T 300 1587 1526 0 0
1015 T 99 2727 3302 0 0
1015 T 2727 3313 1849 0 0
1015 T 3280 2758 97 0 0
1015 T 1776 3327 2758 0 0
1015 T 2726 2758 133 1 0
1015 T 191 2961 2259 0 0
1015 T 2257 2365 109 -1 0
1015 T 2365 2963 178 0 0
1015 T 328 299 277 0 0
1015 T 279 1304 1549 0 0
1015 T 1540 1481 326 0 0
1015 T 1411 1483 1304 0 0
1015 T 2257 118 2367 0 0
1015 T 236 318 111 1 0
1015 T 1186 2551 234 0 0
1015 T 318 2505 1278 0 0
1015 T 2551 138 2505 0 0
1015 T 236 1285 1711 0 0
1015 T 1709 1799 111 0 0
1015 T 1799 1287 320 0 0
1015 T 1709 692 3153 0 0
1015 T 3155 3130 111 1 0
1015 T 3130 690 1797 0 0
1015 T 3155 116 3132 1 0
1015 T 167 139 155 0 0
1015 T 113 403 405 0 0
1015 T 407 637 165 0 0
1015 T 637 605 2102 0 0
1015 T 153 607 403 0 0
1015 T 1523 2450 405 0 0
1015 T 401 2437 1595 0 0
1015 T 2450 134 2437 0 0
1015 T 1593 1991 1521 0 0
1015 T 547 540 548 0 0
1015 T 2967 1029 545 0 0
1015 T 115 2884 2965 1 0
1015 T 2884 548 933 0 0
1015 T 2301 3164 2965 0 0
1015 T 3133 2355 2882 0 0
1015 T 3164 3107 3135 0 0
1015 T 3131 1197 2303 0 0
1015 T 2355 1270 3156 0 0
1015 T 3107 1199 1270 0 0
1015 T 3240 3235 118 0 0
1015 T 2367 2931 3238 0 0
1015 T 2931 2259 3235 0 0
1015 T 481 484 508 0 0
1015 T 3240 2735 2544 0 0
1015 T 3233 2516 2765 0 0
1015 T 2057 1989 2058 0 0
1015 T 2060 3230 2299 0 0
1015 T 2351 3217 2059 0 0
1015 T 2297 2617 2349 0 0
1015 T 124 1958 2039 0 0
1015 T 121 136 122 0 0
1015 T 2037 1906 123 0 0
1015 T 121 1775 2222 0 0
1015 T 2224 139 2149 0 0
1015 T 2151 1849 122 0 0
1015 T 121 2014 585 0 0
1015 T 587 1953 2782 0 0
1015 T 2784 2474 123 0 0
1015 T 2474 1955 2014 0 0
1015 T 123 2531 2748 0 0
1015 T 650 2111 121 0 0
1015 T 2746 1917 652 0 0
1015 T 2111 1919 2531 0 0
1015 T 121 2698 2797 0 0
1015 T 2799 2153 585 0 0
1015 T 2016 2155 2698 0 0
1015 T 650 2189 2818 0 0
1015 T 2820 2669 121 0 0
1015 T 2669 2191 2109 0 0
1015 T 121 1951 2316 0 0
1015 T 1127 2017 123 0 0
1015 T 2314 744 1125 0 0
1015 T 2017 742 1951 0 0
1015 T 123 2079 1090 0 0
1015 T 1092 802 2319 0 0
1015 T 2317 1871 121 0 0
1015 T 1871 804 2079 0 0
1015 T 1127 3094 2797 0 0
1015 T 2700 3096 2019 0 0
1015 T 2820 3094 1090 0 0
1015 T 2077 3096 2671 0 0
1015 T 121 1988 1212 0 0
1015 T 1210 721 2222 0 0
1015 T 1773 723 1988 0 0
1015 T 1219 2089 121 0 0
1015 T 2152 773 1217 0 0
1015 T 2089 775 1852 0 0
1015 T 2784 2971 1212 0 0
1015 T 1986 2969 2476 0 0
1015 T 1219 2858 2748 0 0
1015 T 2529 2860 2091 0 0
1015 T 2037 330 1869 0 0
1015 T 2317 332 1908 0 0
1015 T 1949 254 2040 0 0
1015 T 1959 256 2316 0 0
1015 T 131 130 126 1 0
1015 T 1337 1529 129 0 0
1015 T 130 1582 1455 0 0
1015 T 1529 553 1582 0 0
1015 T 131 1318 1725 1 0
1015 T 1727 1787 126 0 0
1015 T 1787 1320 132 0 0
1015 T 1670 1645 126 0 0
1015 T 128 2436 2441 0 0
1015 T 2443 1064 349 0 0
1015 T 466 1104 2436 0 0
1015 T 1064 1102 2903 1 0
1015 T 369 1459 2441 0 0
1015 T 2434 1290 411 0 0
1015 T 1381 1292 1459 0 0
1015 T 128 2560 2485 0 0
1015 T 2487 1367 371 0 0
1015 T 409 1344 2560 0 0
1015 T 1367 1342 1383 0 0
1015 T 1727 2600 397 0 0
1015 T 398 2639 1785 0 0
1015 T 2600 2637 2573 0 0
1015 T 399 989 2485 0 0
1015 T 2558 982 400 0 0
1015 T 2575 984 989 0 0
1015 T 128 3508 3509 0 0
1015 T 3511 3448 892 1 0
1015 T 809 3446 3508 0 0
1015 T 128 1699 1624 0 0
1015 T 1622 282 1349 0 0
1015 T 1430 274 1699 0 0
1015 T 282 276 300 0 0
1015 T 3159 2094 1624 0 0
1015 T 1697 2030 3121 0 0
1015 T 2030 2096 2072 0 0
1015 T 1670 2711 2934 0 0
1015 T 2898 2667 1647 0 0
1015 T 2711 2665 3382 0 0
1015 T 2936 2660 3509 0 0
1015 T 3506 2704 2900 0 0
1015 T 3384 2702 2660 0 0
1015 T 3260 641 3157 0 0
1015 T 3123 618 3252 0 0
1015 T 3490 2892 3258 0 0
1015 T 3250 2888 3493 0 0
1015 T 131 1477 777 0 0
1015 T 779 1332 980 0 0
1015 T 978 1310 129 0 0
1015 T 1310 1330 1477 0 0
1015 T 129 1413 1021 0 0
1015 T 713 1321 131 0 0
1015 T 1023 1439 715 0 0
1015 T 1321 1437 1413 0 0
1015 T 1583 1300 777 0 0
1015 T 1479 1298 1456 1 0
1015 T 713 1297 1531 0 0
1015 T 1337 1299 1323 0 0
1015 T 978 1290 1725 0 0
1015 T 1320 1292 1312 0 0
1015 T 1788 1460 1021 0 0
1015 T 1415 1458 1317 0 0
1015 T 735 636 2449 0 0
1015 T 2438 602 767 0 0
1015 T 602 634 2584 0 0
1015 T 2726 948 733 0 0
1015 T 765 1028 2760 0 0
1015 T 2582 946 1028 0 0
1015 T 3218 3408 890 0 0
1015 T 811 3419 3229 0 0
1015 T 3419 3406 3112 0 0
1015 T 135 1687 1617 0 0
1015 T 1619 1546 1784 0 0
1015 T 1722 1508 1687 0 0
1015 T 2873 1548 1508 0 0
1015 T 2612 1780 1617 0 0
1015 T 1685 1855 2606 0 0
1015 T 3437 1853 1780 0 0
1015 T 1782 2940 2419 0 0
1015 T 2466 2939 1724 0 0
1015 T 2939 2938 2875 0 0
1015 T 156 2665 1820 0 0
1015 T 168 1756 2711 0 0
1015 T 532 1219 1209 0 0
1015 T 775 828 2551 0 0
1015 T 2505 871 724 0 0
1015 T 871 826 530 -1 0
1015 T 2412 3033 1030 0 0
1015 T 936 3075 2470 0 0
1015 T 3075 3035 1411 1 0
1015 T 1818 2702 3397 0 0
1015 T 3399 3389 138 -1 0
1015 T 3389 2658 1756 0 0
1015 T 2233 1302 2410 0 0
1015 T 2472 1483 2148 0 0
1015 T 3399 1150 3481 0 0
1015 T 3473 1057 3391 0 0
1015 T 1150 1059 367 -1 0
1015 T 148 2932 2309 0 0
1015 T 2311 2347 142 0 0
1015 T 2347 2930 170 0 0
1015 T 244 2035 2243 0 0
1015 T 2241 2139 142 0 0
1015 T 2139 2002 248 0 0
1015 T 2071 2004 2035 0 0
1015 T 2311 2095 242 0 0
1015 T 246 2031 2345 0 0
1015 T 2648 2803 1002 0 0
1015 T 955 2821 2684 0 0
1015 T 2821 2801 2876 -1 0
1015 T 2241 2937 2646 0 0
1015 T 2682 2938 2137 0 0
1015 T 148 153 157 0 0
1015 T 159 475 1737 0 0
1015 T 1739 1570 146 0 0
1015 T 1570 473 153 0 0
1015 T 171 1516 1802 0 0
1015 T 149 166 169 0 0
1015 T 1804 475 151 0 0
1015 T 166 473 1516 0 0
1015 T 148 2120 2305 0 0
1015 T 2307 1678 157 0 0
1015 T 155 1680 2120 0 0
1015 T 149 1606 2342 0 0
1015 T 2344 1993 169 0 0
1015 T 1993 1608 168 0 0
1015 T 294 853 146 0 0
1015 T 1739 2956 296 0 0
1015 T 853 2954 1572 0 0
1015 T 171 912 309 0 0
1015 T 311 2870 1802 0 0
1015 T 1514 2872 912 0 0
1015 T 294 2880 2553 0 0
1015 T 2555 2258 146 0 0
1015 T 2258 2878 855 0 0
1015 T 171 2367 2483 0 0
1015 T 2481 2948 309 0 0
1015 T 910 2946 2367 0 0
1015 T 1399 1417 1369 0 0
1015 T 1371 849 146 0 0
1015 T 171 904 1470 0 0
1015 T 1472 1441 1446 0 0
1015 T 1371 1330 1421 0 0
1015 T 1423 1108 146 0 0
1015 T 1108 1332 851 0 0
1015 T 171 1067 1423 0 0
1015 T 1421 1437 1470 0 0
1015 T 902 1439 1067 0 0
1015 T 1423 829 2305 0 0
1015 T 2118 831 1106 0 0
1015 T 2344 906 1423 0 0
1015 T 1065 908 1995 0 0
1015 T 2555 3234 2309 0 0
1015 T 2348 3240 2483 0 0
1015 T 152 157 161 -1 0
1015 T 479 1176 150 0 0
1015 T 1176 1335 1238 0 0
1015 T 1240 521 157 0 0
1015 T 152 1297 1761 -1 0
1015 T 1763 1827 161 0 0
1015 T 159 1825 1297 0 0
1015 T 152 1331 1274 0 0
1015 T 354 778 150 0 0
1015 T 1276 977 356 0 0
1015 T 158 714 444 0 0
1015 T 442 1022 1163 0 0
1015 T 1161 1440 160 0 0
1015 T 354 1582 1761 0 0
1015 T 1828 1530 444 0 0
1015 T 152 772 497 0 0
1015 T 499 510 474 0 0
1015 T 1803 512 772 0 0
1015 T 474 517 564 0 0
1015 T 562 720 160 0 0
1015 T 720 519 1738 0 0
1015 T 479 492 497 0 0
1015 T 770 490 1174 0 0
1015 T 562 492 524 0 0
1015 T 1239 490 718 0 0
1015 T 1607 203 1274 0 0
1015 T 1329 201 2341 0 0
1015 T 1161 203 1679 0 0
1015 T 2308 201 1438 0 0
1015 T 606 751 2119 0 0
1015 T 1677 749 404 0 0
1015 T 1994 805 639 0 0
1015 T 407 807 1605 0 0
1015 T 623 510 154 0 0
1015 T 1569 497 621 0 0
1015 T 165 517 626 0 0
1015 T 628 562 1515 0 0
1015 T 623 1362 1820 0 0
1015 T 2667 1364 512 0 0
1015 T 1753 1305 626 0 0
1015 T 519 1307 2712 0 0
1015 T 859 915 3102 0 0
1015 T 379 1847 2801 0 0
1015 T 2823 1717 450 0 0
1015 T 1763 552 388 0 0
1015 T 455 551 1825 0 0
1015 T 552 549 554 0 0
1015 T 556 922 867 0 0
1015 T 3492 3451 477 0 0
1015 T 521 3449 3495 0 0
1015 T 2684 2646 3371 0 0
1015 T 175 1276 427 0 0
1015 T 199 203 173 0 0
1015 T 425 1605 197 0 0
1015 T 183 203 215 0 0
1015 T 213 1677 458 0 0
1015 T 460 1163 181 0 0
1015 T 199 1442 2127 0 0
1015 T 2125 1563 173 0 0
1015 T 1563 1444 201 0 0
1015 T 183 1493 2225 0 0
1015 T 2227 1418 215 0 0
1015 T 201 1420 1493 0 0
1015 T 212 1972 429 0 0
1015 T 175 196 210 1 0
1015 T 431 979 173 0 0
1015 T 196 977 1972 -1 0
1015 T 210 193 181 0 0
1015 T 183 1024 448 0 0
1015 T 446 1875 212 0 0
1015 T 1875 1022 193 0 0
1015 T 175 1059 1844 0 0
1015 T 1842 345 210 0 0
1015 T 345 1057 194 0 0
1015 T 210 389 1771 0 0
1015 T 1769 1151 181 0 0
1015 T 195 1149 389 0 0
1015 T 431 354 427 0 0
1015 T 460 444 448 0 0
1015 T 175 2054 1180 0 0
1015 T 1178 1627 1844 0 0
1015 T 1057 1625 2054 0 0
1015 T 1255 2087 181 0 0
1015 T 1769 1692 1253 0 0
1015 T 2087 1690 1149 0 0
1015 T 175 2501 2988 0 0
1015 T 2986 1473 1180 0 0
1015 T 2056 1475 2501 0 0
1015 T 1255 1404 2984 0 0
1015 T 2982 2540 181 0 0
1015 T 2540 1402 2085 0 0
1015 T 2941 958 173 0 0
1015 T 2125 1638 2943 0 0
1015 T 958 1640 1561 0 0
1015 T 183 1008 2861 0 0
1015 T 2863 1660 2225 0 0
1015 T 1495 1658 1008 0 0
1015 T 2941 664 2988 0 0
1015 T 2503 662 960 0 0
1015 T 2982 611 2861 0 0
1015 T 1006 609 2538 0 0
1015 T 186 1259 265 0 0
1015 T 187 206 188 0 0
1015 T 267 1183 185 0 0
1015 T 206 1181 1259 0 0
1015 T 187 302 938 0 0
1015 T 1036 321 188 0 0
1015 T 940 2615 1034 0 0
1015 T 303 270 265 0 0
1015 T 1257 272 937 0 0
1015 T 268 270 323 0 0
1015 T 1036 272 1182 0 0
1015 T 191 2159 1823 0 0
1015 T 219 199 189 0 0
1015 T 1821 2024 217 0 0
1015 T 199 2022 2159 0 0
1015 T 179 215 223 0 0
1015 T 221 2011 1760 0 0
1015 T 1758 2217 177 0 0
1015 T 2217 2009 215 0 0
1015 T 219 1395 1863 0 0
1015 T 1861 1667 189 0 0
1015 T 1667 1393 197 0 0
1015 T 179 1641 1977 0 0
1015 T 1979 1395 223 0 0
1015 T 213 1393 1641 0 0
1015 T 240 455 1823 0 0
1015 T 1758 387 240 0 0
1015 T 1861 701 3308 0 0
1015 T 3306 3183 189 0 0
1015 T 3183 703 1665 0 0
1015 T 179 3208 3282 0 0
1015 T 3284 682 1977 0 0
1015 T 1643 684 3208 0 0
1015 T 2525 2561 2259 0 0
1015 T 2963 2563 2299 1 0
1015 T 2366 2633 2500 0 0
1015 T 2352 2635 2962 0 0
1015 T 3306 3267 3029 0 0
1015 T 2847 3265 3181 0 0
1015 T 3081 3242 3282 0 0
1015 T 3206 3244 2795 0 0
1015 T 346 366 389 0 0
1015 T 195 1457 1121 0 0
1015 T 1123 1383 1079 0 0
1015 T 1077 1292 193 0 0
1015 T 1875 1785 1121 0 0
1015 T 1078 1728 1972 0 0
1015 T 425 405 433 0 0
1015 T 435 807 197 0 0
1015 T 213 749 424 0 0
1015 T 422 402 458 0 0
1015 T 2024 898 805 0 0
1015 T 751 847 2011 0 0
1015 T 735 1488 197 0 0
1015 T 1667 1373 733 0 0
1015 T 1488 1375 1395 0 0
1015 T 213 1408 768 0 0
1015 T 766 1390 1641 0 0
1015 T 1395 1392 1408 0 0
1015 T 735 1475 2127 0 0
1015 T 2227 1402 768 0 0
1015 T 830 1469 201 0 0
1015 T 1563 1447 832 0 0
1015 T 201 1372 905 0 0
1015 T 907 1398 1493 0 0
1015 T 219 222 205 0 0
1015 T 1818 1286 217 1 0
1015 T 1286 1754 222 0 0
1015 T 219 2063 1881 0 0
1015 T 1883 1930 205 1 0
1015 T 224 1932 2063 0 0
1015 T 261 296 301 0 0
1015 T 322 312 306 0 0
1015 T 1883 543 263 0 0
1015 T 308 544 1932 0 0
1015 T 543 542 529 1 0
1015 T 1184 3019 3425 -1 0
1015 T 3427 3423 205 0 0
1015 T 3423 3017 1260 0 0
1015 T 3427 920 3477 0 0
1015 T 3485 862 3421 0 0
1015 T 920 864 507 0 0
1015 T 391 466 409 0 0
1015 T 411 658 210 0 0
1015 T 658 468 1771 0 0
1015 T 210 581 370 0 0
1015 T 372 350 347 0 0
1015 T 1842 352 581 0 0
1015 T 411 400 429 0 0
1015 T 1970 398 660 0 0
1015 T 446 400 370 0 0
1015 T 583 398 1873 0 0
1015 T 252 652 217 0 0
1015 T 1821 1092 250 0 0
1015 T 652 1090 2022 0 0
1015 T 221 587 232 0 0
1015 T 230 1125 1760 0 0
1015 T 2009 1127 587 0 0
1015 T 252 1217 1881 0 0
1015 T 2061 1219 650 0 0
1015 T 1929 1210 232 0 0
1015 T 585 1212 2064 0 0
1015 T 623 1390 217 0 0
1015 T 1390 1362 1288 0 0
1015 T 221 1373 626 0 0
1015 T 1285 1305 1373 0 0
1015 T 623 1406 1863 0 0
1015 T 1979 1486 626 0 0
1015 T 226 228 226 0 0
1015 T 228 2291 2334 0 0
1015 T 2336 368 2291 0 0
1015 T 226 3201 3185 0 0
1015 T 3187 3443 3201 0 0
1015 T 228 1872 1949 0 0
1015 T 256 329 226 1 0
1015 T 256 2421 2206 0 0
1015 T 2167 2454 331 0 0
1015 T 2454 538 2421 0 0
1015 T 578 1078 1949 0 0
1015 T 1870 1122 629 0 0
1015 T 3203 1341 580 0 0
1015 T 631 1366 3185 0 0
1015 T 2208 2885 601 0 0
1015 T 635 2889 2165 0 0
1015 T 603 762 2334 0 0
1015 T 2289 710 633 0 0
1015 T 710 764 3116 -1 0
1015 T 260 543 1212 -1 0
1015 T 232 305 258 0 0
1015 T 259 261 252 0 0
1015 T 1219 543 257 0 0
1015 T 232 2373 1353 0 0
1015 T 1355 1175 258 0 0
1015 T 1175 2375 307 0 0
1015 T 259 1238 1427 0 0
1015 T 1425 2270 252 0 0
1015 T 263 2272 1238 0 0
1015 T 277 238 230 0 0
1015 T 1127 387 279 0 0
1015 T 250 238 327 0 0
1015 T 325 455 1090 0 0
1015 T 1302 2183 230 0 0
1015 T 250 2232 1484 0 0
1015 T 591 413 230 0 0
1015 T 250 417 667 0 0
1015 T 2375 941 415 0 0
1015 T 419 993 2272 0 0
1015 T 236 1784 2004 0 0
1015 T 248 275 234 0 0
1015 T 275 2137 1784 0 0
1015 T 317 284 243 0 0
1015 T 2034 1721 319 0 0
1015 T 1721 2242 284 0 0
1015 T 248 565 2278 0 0
1015 T 2280 1020 234 0 0
1015 T 1020 567 273 0 0
1015 T 317 966 2324 0 0
1015 T 2322 485 243 0 0
1015 T 282 487 966 0 0
1015 T 236 1305 927 0 0
1015 T 925 1375 1711 0 0
1015 T 839 1362 319 0 0
1015 T 1800 1392 837 0 0
1015 T 2280 1137 927 0 0
1015 T 839 1054 2324 0 0
1015 T 2106 828 234 0 0
1015 T 1186 773 2108 0 0
1015 T 317 872 1998 0 0
1015 T 2000 721 1277 0 0
1015 T 2106 2044 2004 0 0
1015 T 1782 2042 826 0 0
1015 T 2034 2113 1998 0 0
1015 T 870 2115 1723 0 0
1015 T 244 292 285 0 0
1015 T 287 1118 501 0 0
1015 T 503 2129 242 0 0
1015 T 2129 1120 292 0 0
1015 T 245 2199 528 0 0
1015 T 314 292 247 0 0
1015 T 526 1082 316 0 0
1015 T 292 1084 2199 0 0
1015 T 2311 1660 285 0 0
1015 T 290 1658 2093 0 0
1015 T 314 1638 2346 0 0
1015 T 2030 1640 290 0 0
1015 T 244 662 513 0 0
1015 T 515 528 488 0 0
1015 T 2321 526 662 0 0
1015 T 568 503 515 0 0
1015 T 513 609 247 0 0
1015 T 609 501 2277 0 0
1015 T 664 566 2131 0 0
1015 T 2197 486 611 0 0
1015 T 256 1512 1853 0 0
1015 T 295 286 254 0 0
1015 T 1855 496 293 0 0
1015 T 286 494 1512 0 0
1015 T 330 313 312 0 0
1015 T 310 557 1779 0 0
1015 T 1777 1591 332 0 0
1015 T 1591 559 313 0 0
1015 T 2877 1891 254 0 0
1015 T 1891 2556 288 0 0
1015 T 330 1964 2945 0 0
1015 T 315 2484 1964 0 0
1015 T 256 2006 744 0 0
1015 T 742 1603 1853 0 0
1015 T 1510 1601 2006 0 0
1015 T 802 2049 332 0 0
1015 T 1777 1704 804 0 0
1015 T 2049 1702 1589 0 0
1015 T 2008 1127 1959 0 0
1015 T 1908 1090 2051 0 0
1015 T 256 2755 2492 0 0
1015 T 2490 694 2206 0 0
1015 T 2423 696 2755 0 0
1015 T 2168 685 2519 0 0
1015 T 2517 2715 332 0 0
1015 T 2715 687 2455 0 0
1015 T 2877 2626 2492 0 0
1015 T 2753 2628 1889 0 0
1015 T 2517 2621 2945 0 0
1015 T 1962 2623 2713 0 0
1015 T 294 974 1965 0 0
1015 T 1967 393 261 0 0
1015 T 301 395 974 0 0
1015 T 305 461 1912 0 0
1015 T 1910 997 309 0 0
1015 T 997 463 321 0 0
1015 T 263 437 717 0 0
1015 T 2270 489 437 0 0
1015 T 769 437 307 0 0
1015 T 437 489 2373 0 0
1015 T 1967 413 717 0 0
1015 T 439 415 395 0 0
1015 T 769 417 1912 0 0
1015 T 463 419 439 0 0
1015 T 303 1682 357 0 0
1015 T 359 1172 265 0 0
1015 T 272 1170 1682 0 0
1015 T 268 1228 469 0 0
1015 T 471 1634 323 0 0
1015 T 1634 1226 272 0 0
1015 T 359 361 470 0 0
1015 T 1225 363 1170 0 0
1015 T 2601 1503 269 0 0
1015 T 938 2148 2603 0 0
1015 T 1503 2146 1258 0 0
1015 T 269 1553 2590 0 0
1015 T 2592 2234 1035 0 0
1015 T 1181 2236 1553 0 0
1015 T 271 2577 1041 0 0
1015 T 1043 1507 1681 0 0
1015 T 1171 1505 2577 0 0
1015 T 1143 2572 271 0 0
1015 T 1633 1546 1141 0 0
1015 T 2572 1548 1227 0 0
1015 T 271 2695 2809 0 0
1015 T 2811 838 1041 0 0
1015 T 2579 840 2695 0 0
1015 T 1143 926 2830 0 0
1015 T 2832 2656 271 0 0
1015 T 2656 928 2570 0 0
1015 T 1555 1325 2809 0 0
1015 T 2693 1327 2590 0 0
1015 T 2832 1358 1501 0 0
1015 T 2601 1360 2654 0 0
1015 T 2417 2682 273 0 0
1015 T 281 2646 2468 0 0
1015 T 1020 917 1429 0 0
1015 T 1700 919 565 0 0
1015 T 1349 864 966 0 0
1015 T 485 862 1622 0 0
1015 T 328 1588 375 0 0
1015 T 373 1527 277 0 0
1015 T 373 353 385 0 0
1015 T 1127 355 1525 0 0
1015 T 453 443 376 0 0
1015 T 1585 441 1090 0 0
1015 T 495 534 501 0 0
1015 T 1120 536 1511 0 0
1015 T 526 534 558 0 0
1015 T 1592 536 1084 0 0
1015 T 1892 3234 1658 0 0
1015 T 1640 3240 1963 0 0
1015 T 291 2993 2274 0 0
1015 T 2276 3332 1117 0 0
1015 T 1081 3348 2328 0 0
1015 T 2326 2974 291 0 0
1015 T 1659 487 2976 0 0
1015 T 2326 485 2094 0 0
1015 T 2995 567 1637 0 0
1015 T 2029 565 2274 0 0
1015 T 975 599 2953 0 0
1015 T 1740 597 1966 0 0
1015 T 2871 672 1000 0 0
1015 T 1909 670 1801 0 0
1015 T 2606 871 293 0 0
1015 T 871 1687 494 0 0
1015 T 310 827 2611 0 0
1015 T 559 1620 827 0 0
1015 T 299 3501 3500 0 0
1015 T 3498 2641 2419 0 0
1015 T 2466 2686 3501 0 0
1015 T 3371 2643 2686 0 0
1015 T 3470 484 3500 0 0
1015 T 3503 483 3468 0 0
1015 T 393 383 357 0 0
1015 T 1684 381 974 0 0
1015 T 471 382 461 1 0
1015 T 997 384 1636 0 0
1015 T 335 760 1266 0 0
1015 T 570 1662 333 0 0
1015 T 333 1609 675 0 0
1015 T 1215 707 335 0 0
1015 T 570 1005 1500 0 0
1015 T 1498 2536 333 0 0
1015 T 2536 1007 1664 0 0
1015 T 333 2477 1560 0 0
1015 T 1558 959 675 0 0
1015 T 1611 957 2477 0 0
1015 T 335 2302 1129 0 0
1015 T 1131 952 705 0 0
1015 T 1215 950 2302 0 0
1015 T 758 1037 1094 0 0
1015 T 1096 2353 335 0 0
1015 T 2353 1039 1266 0 0
1015 T 335 3163 2412 0 0
1015 T 2410 2968 1129 0 0
1015 T 1096 2884 2471 0 0
1015 T 2469 3135 335 0 0
1015 T 1498 1036 2412 0 0
1015 T 3161 1034 2534 0 0
1015 T 2469 937 1560 0 0
1015 T 2479 939 3133 0 0
1015 T 339 964 1133 0 0
1015 T 707 895 337 0 0
1015 T 337 842 760 0 0
1015 T 1073 1014 339 0 0
1015 T 707 641 1613 0 0
1015 T 1615 1790 337 0 0
1015 T 1790 643 893 0 0
1015 T 337 1731 1655 0 0
1015 T 1653 617 760 0 0
1015 T 844 619 1731 0 0
1015 T 339 2154 1956 0 0
1015 T 1954 579 1016 0 0
1015 T 1073 577 2154 0 0
1015 T 962 631 1918 0 0
1015 T 1920 2190 339 0 0
1015 T 2190 629 1133 0 0
1015 T 1615 657 2473 0 0
1015 T 2475 2697 337 0 0
1015 T 2697 659 1792 0 0
1015 T 337 2670 2530 0 0
1015 T 2532 582 1655 0 0
1015 T 1729 584 2670 0 0
1015 T 343 2429 987 0 0
1015 T 844 1518 341 0 0
1015 T 985 1052 842 0 0
1015 T 1518 1050 2429 0 0
1015 T 344 1597 893 0 0
1015 T 895 1115 970 0 0
1015 T 972 2445 342 0 0
1015 T 2445 1113 1597 0 0
1015 T 1746 570 341 0 0
1015 T 344 675 1811 0 0
1015 T 343 3037 1943 0 0
1015 T 1941 1081 987 0 0
1015 T 2431 1083 3037 0 0
1015 T 972 1117 1894 0 0
1015 T 1896 3062 342 0 0
1015 T 3062 1119 2447 0 0
1015 T 2657 1264 341 0 0
1015 T 1264 1072 572 0 0
1015 T 344 1168 2702 0 0
1015 T 673 1148 1168 0 0
1015 T 3039 361 3063 0 0
1015 T 2657 1060 3177 0 0
1015 T 2370 1058 1262 0 0
1015 T 3213 1152 2702 0 0
1015 T 1166 1150 2288 0 0
1015 T 347 1460 1061 0 0
1015 T 1102 1290 391 0 0
1015 T 367 1766 1840 0 0
1015 T 1838 1317 345 0 0
1015 T 1317 1768 390 1 0
1015 T 1838 1413 1061 0 0
1015 T 1102 1310 1765 0 0
1015 T 2625 1628 349 0 0
1015 T 582 1179 2627 0 0
1015 T 465 1691 2622 0 0
1015 T 2624 1256 657 0 0
1015 T 351 1251 2596 0 0
1015 T 2594 797 916 0 0
1015 T 2169 799 1251 0 0
1015 T 2566 1204 467 0 0
1015 T 857 731 2568 0 0
1015 T 1204 729 2203 0 0
1015 T 2625 2564 2596 0 0
1015 T 1249 2562 1626 0 0
1015 T 2566 2636 2622 0 0
1015 T 1689 2634 1202 0 0
1015 T 1583 551 373 0 0
1015 T 376 551 1531 0 0
1015 T 355 1603 1939 0 0
1015 T 1937 1293 432 0 0
1015 T 1293 1601 428 0 0
1015 T 447 1449 1902 0 0
1015 T 1904 1704 441 0 0
1015 T 459 1702 1449 0 0
1015 T 783 2006 353 0 0
1015 T 443 2049 753 0 0
1015 T 783 1512 1939 0 0
1015 T 1904 1591 753 0 0
1015 T 359 1041 3209 0 0
1015 T 3211 3254 3190 0 0
1015 T 3192 1144 470 0 0
1015 T 393 1935 521 0 0
1015 T 523 1158 357 0 0
1015 T 471 1222 480 0 0
1015 T 478 1866 461 0 0
1015 T 523 2886 3209 0 0
1015 T 1043 2888 1160 0 0
1015 T 3191 2889 480 0 0
1015 T 1224 2891 1141 0 0
1015 T 363 2833 2813 0 0
1015 T 2815 1535 1041 0 0
1015 T 1144 1579 2833 0 0
1015 T 3254 1533 1579 0 0
1015 T 1170 3453 3039 -1 0
1015 T 3063 3455 1225 0 0
1015 T 1846 1548 3193 0 0
1015 T 3195 3173 361 -1 0
1015 T 3173 1506 1720 0 0
1015 T 3195 381 2813 -1 0
1015 T 2835 383 3175 0 0
1015 T 711 946 1840 0 0
1015 T 1768 1026 763 0 0
1015 T 445 989 1365 0 0
1015 T 1341 981 430 0 0
1015 T 383 2927 1506 0 0
1015 T 974 1042 2927 0 0
1015 T 1547 2866 382 0 0
1015 T 2866 1144 997 0 0
1015 T 2925 1718 2835 0 0
1015 T 2814 1847 2868 0 0
1015 T 3066 3100 3044 0 0
1015 T 395 489 943 0 0
1015 T 995 489 463 0 0
1015 T 1933 563 943 0 0
1015 T 995 500 1868 0 0
1015 T 2638 1124 584 0 0
1015 T 659 1079 2598 0 0
1015 T 403 1199 2330 0 0
1015 T 2332 1467 421 0 0
1015 T 457 1465 1199 0 0
1015 T 434 1347 2284 0 0
1015 T 2282 1271 408 0 0
1015 T 1271 1345 426 0 0
1015 T 403 2025 601 0 0
1015 T 603 839 2330 0 0
1015 T 1197 837 2025 0 0
1015 T 636 2097 408 0 0
1015 T 2282 927 634 0 0
1015 T 2097 925 1269 0 0
1015 T 2027 766 1595 0 0
1015 T 1524 733 2099 0 0
1015 T 415 520 600 0 0
1015 T 671 511 419 0 0
1015 T 518 1670 922 0 0
1015 T 866 1648 509 0 0
1015 T 423 1436 732 0 0
1015 T 798 1436 436 0 0
1015 T 2332 1328 732 0 0
1015 T 798 1359 2284 0 0
1015 T 1272 1284 1604 0 0
1015 T 1703 1281 1200 -1 0
1015 T 1938 1314 984 0 0
1015 T 992 1463 1901 0 0
1015 T 3192 3260 3449 0 0
1015 T 3452 3251 3210 0 0
1015 T 864 3157 2326 0 0
1015 T 2274 3124 917 0 0
1015 T 612 3338 1659 0 0
1015 T 1637 3310 663 0 0
1015 T 495 1808 2076 0 0
1015 T 2074 2122 501 0 0
1015 T 2122 1806 536 0 0
1015 T 526 2193 2074 0 0
1015 T 2076 1741 558 0 0
1015 T 536 1743 2193 0 0
1015 T 2113 1507 493 0 0
1015 T 560 1546 2044 0 0
1015 T 2113 2048 2076 0 0
1015 T 1806 2046 1505 0 0
1015 T 2076 2068 2044 0 0
1015 T 1548 2066 1743 0 0
1015 T 499 1406 745 0 0
1015 T 747 1861 1569 0 0
1015 T 789 1486 564 0 0
1015 T 1515 1977 791 0 0
1015 T 503 1138 2068 0 0
1015 T 2066 926 609 0 0
1015 T 2048 1053 528 0 0
1015 T 662 838 2046 0 0
1015 T 1140 2042 2124 0 0
1015 T 2195 2115 1055 0 0
1015 T 2789 3395 862 0 0
1015 T 920 3404 2837 0 0
1015 T 3404 3393 2574 0 0
1015 T 2459 2638 2791 0 0
1015 T 2839 2597 2428 0 0
1015 T 866 2899 1361 0 0
1015 T 1306 2936 922 0 0
1015 T 1083 3268 1807 0 0
1015 T 2121 3266 1591 0 0
1015 T 1742 3241 1119 0 0
1015 T 1512 3243 2194 0 0
1015 T 547 3036 1132 0 0
1015 T 1094 3074 548 0 0
1015 T 1130 738 2453 0 0
1015 T 2422 786 1096 0 0
1015 T 2912 2935 2897 0 0
1015 T 1008 2383 1069 0 0
1015 T 1263 2381 1499 0 0
1015 T 1145 2383 958 0 0
1015 T 1557 2381 1167 0 0
1015 T 3111 632 577 0 0
1015 T 579 2398 1713 0 0
1015 T 2154 801 2398 0 0
1015 T 1816 2398 631 0 0
1015 T 2398 743 2190 0 0
1015 T 1079 3050 1713 0 0
1015 T 2400 3052 1950 0 0
1015 T 1816 3069 1124 0 0
1015 T 1870 3071 2400 0 0
1015 T 2669 3090 1121 0 0
1015 T 2637 3092 1730 0 0
1015 T 1078 3119 2698 0 0
1015 T 1791 3117 2597 0 0
1015 T 1178 2852 2531 0 0
1015 T 1656 2850 2628 0 0
1015 T 2474 2950 1253 0 0
1015 T 2623 2952 1616 0 0
1015 T 2009 3094 2155 0 0
1015 T 2191 3094 2022 0 0
1015 T 1955 2971 2064 0 0
1015 T 2061 2858 1919 0 0
1015 T 2353 689 593 -1 0
1015 T 689 1039 1674 1 0
1015 T 680 692 2302 0 0
1015 T 1652 950 692 0 0
1015 T 2098 1376 593 0 0
1015 T 595 1710 1270 0 0
1015 T 680 1391 2026 0 0
1015 T 1198 1797 678 0 0
1015 T 595 702 2429 0 0
1015 T 1750 1050 702 0 0
1015 T 2445 681 678 0 0
1015 T 681 1113 1829 0 0
1015 T 1523 1666 593 0 0
1015 T 680 1644 1596 0 0
1015 T 1523 3182 2429 0 0
1015 T 2445 3205 1596 0 0
1015 T 1675 1235 2771 0 0
1015 T 2394 1233 1923 0 0
1015 T 2743 1206 1649 0 0
1015 T 1915 1208 2406 0 0
1015 T 599 2377 2805 0 0
1015 T 2807 1535 1751 0 0
1015 T 2186 1533 2377 0 0
1015 T 1832 1580 2826 0 0
1015 T 2828 2377 672 0 0
1015 T 2377 1578 2237 0 0
1015 T 2953 3197 2805 0 0
1015 T 975 2377 3197 0 0
1015 T 2828 3172 2871 0 0
1015 T 3172 2377 1000 0 0
1015 T 730 2629 601 0 0
1015 T 2208 879 732 0 0
1015 T 2629 877 2887 0 0
1015 T 636 2588 800 0 0
1015 T 798 821 2166 0 0
1015 T 2892 823 2588 0 0
1015 T 837 1328 2631 0 0
1015 T 2586 1359 925 0 0
1015 T 607 3078 3464 0 0
1015 T 3462 3053 637 0 0
1015 T 3336 3361 605 0 0
1015 T 750 3222 3334 0 0
1015 T 3222 2118 3361 0 0
1015 T 3344 3227 808 0 0
1015 T 640 3356 3342 0 0
1015 T 3356 1995 3227 0 0
1015 T 3336 1964 2541 0 0
1015 T 3363 2364 1964 0 0
1015 T 2516 1891 3342 0 0
1015 T 1891 2265 3354 0 0
1015 T 2644 3374 3464 0 0
1015 T 3080 3376 2416 0 0
1015 T 3461 3367 2688 0 0
1015 T 2462 3365 3056 0 0
1015 T 2916 1167 1006 0 0
1015 T 611 1386 2914 0 0
1015 T 1386 2540 1167 0 0
1015 T 2917 1378 664 0 0
1015 T 960 1263 2919 0 0
1015 T 1263 2501 1378 0 0
1015 T 2066 2572 1069 0 0
1015 T 1071 2654 609 0 0
1015 T 662 2693 1147 0 0
1015 T 1145 2577 2046 0 0
1015 T 1071 1557 2914 0 0
1015 T 1557 2654 1388 0 0
1015 T 2917 1499 1147 0 0
1015 T 1380 2693 1499 0 0
1015 T 1313 2194 3247 0 0
1015 T 3245 1574 613 0 0
1015 T 1189 1576 2194 0 0
1015 T 3263 2121 1464 0 0
1015 T 654 1542 3261 0 0
1015 T 2121 1544 1230 0 0
1015 T 615 3010 3149 0 0
1015 T 3151 3356 1397 0 0
1015 T 3356 3012 1112 0 0
1015 T 1448 3361 3144 0 0
1015 T 3142 3010 656 0 0
1015 T 1085 3012 3361 0 0
1015 T 1922 1694 3149 0 0
1015 T 3012 1696 2364 0 0
1015 T 3142 1630 1914 0 0
1015 T 2265 1632 3012 0 0
1015 T 615 2997 3171 0 0
1015 T 3169 1720 2187 0 0
1015 T 2414 1718 2997 0 0
1015 T 2240 1845 3200 0 0
1015 T 3198 3006 656 0 0
1015 T 3006 1847 2464 0 0
1015 T 3245 2707 3171 0 0
1015 T 1576 2997 2707 0 0
1015 T 3198 2649 3261 0 0
1015 T 2649 3006 1544 0 0
1015 T 695 1096 1653 0 0
1015 T 619 1037 693 0 0
1015 T 686 952 643 0 0
1015 T 1613 1129 688 0 0
1015 T 619 762 1733 0 0
1015 T 1735 2338 693 0 0
1015 T 2338 764 1039 0 0
1015 T 686 2264 1794 0 0
1015 T 1796 709 643 0 0
1015 T 950 711 2264 0 0
1015 T 699 1052 617 0 0
1015 T 1731 987 697 0 0
1015 T 697 972 1790 0 0
1015 T 641 1115 699 0 0
1015 T 699 3401 3124 0 0
1015 T 1050 3249 3401 0 0
1015 T 3157 3393 699 0 0
1015 T 3393 3258 1113 0 0
1015 T 2069 1793 1733 0 0
1015 T 683 3273 1939 0 0
1015 T 2664 1512 3273 0 0
1015 T 1904 3293 704 0 0
1015 T 3293 1591 2692 0 0
1015 T 981 2827 681 0 0
1015 T 1115 1579 983 0 0
1015 T 702 2806 989 0 0
1015 T 991 1536 1052 0 0
1015 T 3275 1313 2825 0 0
1015 T 2808 1464 3295 0 0
1015 T 2662 1514 3283 0 0
1015 T 3307 1572 2690 0 0
1015 T 687 836 1244 0 0
1015 T 821 1246 685 0 0
1015 T 694 1193 879 0 0
1015 T 1155 873 696 0 0
1015 T 2519 800 1248 0 0
1015 T 1195 730 2490 0 0
1015 T 1614 738 2715 0 0
1015 T 2755 785 1654 0 0
1015 T 687 2179 2545 0 0
1015 T 2547 774 1244 0 0
1015 T 834 776 2179 0 0
1015 T 1155 722 2510 0 0
1015 T 2512 2249 696 0 0
1015 T 2249 724 875 0 0
1015 T 2261 1322 2545 0 0
1015 T 2177 1324 1793 0 0
1015 T 2512 1478 2339 0 0
1015 T 1736 1480 2251 0 0
1015 T 691 2741 1101 0 0
1015 T 1103 1206 951 0 0
1015 T 1038 1235 1064 0 0
1015 T 1062 2769 690 0 0
1015 T 970 897 2274 0 0
1015 T 2276 2838 697 0 0
1015 T 2838 899 1790 0 0
1015 T 697 2789 2328 0 0
1015 T 2326 848 985 0 0
1015 T 1731 846 2789 0 0
1015 T 2387 2732 1840 0 0
1015 T 711 1207 2385 0 0
1015 T 1207 946 2732 0 0
1015 T 2385 1234 764 0 0
1015 T 1767 2761 2387 0 0
1015 T 2761 1025 1234 0 0
1015 T 2264 1102 2385 0 0
1015 T 2385 1061 2338 0 0
1015 T 2905 1543 721 0 0
1015 T 876 2108 2907 0 0
1015 T 2108 2252 1543 0 0
1015 T 2907 2000 833 0 0
1015 T 773 1575 2905 0 0
1015 T 1575 2178 2000 0 0
1015 T 723 3028 1877 0 0
1015 T 2509 902 3028 0 0
1015 T 1974 3014 775 0 0
1015 T 3014 851 2548 0 0
1015 T 2958 1694 1877 0 0
1015 T 723 1025 2960 0 0
1015 T 1025 3028 1694 0 0
1015 T 2853 946 775 0 0
1015 T 1974 1630 2855 0 0
1015 T 1630 3014 946 0 0
1015 T 1988 1253 2960 0 0
1015 T 1773 1025 1253 0 0
1015 T 2853 1178 2089 0 0
1015 T 1178 946 1852 0 0
1015 T 731 3001 1857 0 0
1015 T 2489 916 3001 0 0
1015 T 1946 3001 797 0 0
1015 T 3001 857 2520 0 0
1015 T 2568 2518 1857 0 0
1015 T 1946 2491 2594 0 0
1015 T 735 1178 3314 0 0
1015 T 3328 1253 768 0 0
1015 T 1431 1695 2949 0 0
1015 T 2951 1961 737 0 0
1015 T 1088 1963 1695 0 0
1015 T 2851 1631 1351 0 0
1015 T 786 1890 2849 0 0
1015 T 1631 1892 1109 0 0
1015 T 1602 3350 2477 0 0
1015 T 2479 2390 741 0 0
1015 T 2390 3352 1854 0 0
1015 T 803 2402 2534 0 0
1015 T 2536 3360 1701 0 0
1015 T 1778 3358 2402 0 0
1015 T 2293 957 2392 0 0
1015 T 2404 1007 2357 0 0
1015 T 2190 3052 2018 0 0
1015 T 2080 3071 2154 0 0
1015 T 1813 3092 2011 0 0
1015 T 3092 2460 845 0 0
1015 T 2024 3117 1716 0 0
1015 T 900 2428 3117 0 0
1015 T 3223 1638 2296 0 0
1015 T 2735 1640 3333 0 0
1015 T 2360 1660 3226 0 0
1015 T 3343 1658 2768 0 0
1015 T 1142 1502 2588 0 0
1015 T 2629 1556 1044 0 0
1015 T 1563 3223 2389 0 0
1015 T 3223 1447 2989 0 0
1015 T 2401 3226 1493 0 0
1015 T 2978 1398 3226 0 0
1015 T 2991 3143 2117 0 0
1015 T 3143 2406 1105 0 0
1015 T 1996 3152 2980 0 0
1015 T 1066 2394 3152 0 0
1015 T 2547 2729 1329 0 0
1015 T 2729 3015 1107 0 0
1015 T 1438 2764 2510 0 0
1015 T 1068 3025 2764 0 0
1015 T 3099 902 850 0 0
1015 T 852 3017 3041 0 0
1015 T 2673 1503 3017 0 0
1015 T 3068 3020 901 1 0
1015 T 3020 1553 2677 -1 0
1015 T 1947 2561 2879 0 0
1015 T 2947 2633 1860 0 0
1015 T 2955 3432 2650 0 0
1015 T 1571 3029 3432 0 0
1015 T 2708 3433 2869 0 0
1015 T 3433 3081 1513 0 0
1015 T 860 3053 3005 0 0
1015 T 1846 3366 858 0 0
1015 T 2998 3077 913 0 0
1015 T 915 3375 1719 0 0
1015 T 3374 3372 3368 0 0
1015 T 966 2859 2523 0 0
1015 T 1975 2857 1349 0 0
1015 T 2494 2970 1020 0 0
1015 T 1429 2972 1880 0 0
1015 T 2146 2673 3421 0 0
1015 T 3428 2677 2236 0 0
1015 T 3379 2936 890 0 0
1015 T 3218 1013 3377 0 0
1015 T 1013 3408 2936 0 0
1015 T 3385 963 3230 0 0
1015 T 812 2899 3387 0 0
1015 T 2899 3420 963 0 0
1015 T 3379 2660 3446 0 0
1015 T 3447 2703 3387 0 0
1015 T 1559 1483 2603 0 0
1015 T 2592 1301 1497 0 0
1015 T 1108 1205 1630 0 0
1015 T 1694 1236 1067 0 0
1015 T 3023 2834 973 0 0
1015 T 1043 1717 3021 0 0
1015 T 3021 1848 1141 0 0
1015 T 998 2815 3023 0 0
1015 T 1846 1580 973 0 0
1015 T 998 1535 1719 0 0
1015 T 990 3402 3459 0 0
1015 T 3457 3393 981 0 0
1015 T 3457 3258 1577 0 0
1015 T 1534 3249 3460 0 0
1015 T 2776 3447 3217 -1 0
1015 T 3229 3446 2740 0 0
1015 T 1339 1575 2113 0 0
1015 T 2044 1543 1454 0 0
1015 T 1261 1354 2054 0 0
1015 T 2087 1426 1165 0 0
1015 T 2730 1413 2338 0 0
1015 T 2264 1310 2763 0 0
1015 T 1743 1225 1069 0 0
1015 T 1145 1169 1806 0 0
1015 T 1743 3323 2793 0 0
1015 T 3415 3321 1227 0 0
1015 T 2845 3317 1806 0 0
1015 T 1171 3319 3410 0 0
1015 T 2697 3050 2023 0 0
1015 T 2012 3069 2670 0 0
1015 T 1083 3184 3320 0 0
1015 T 3322 3207 1119 0 0
1015 T 3037 1521 3320 0 0
1015 T 3322 1594 3062 0 0
1015 T 3409 3453 1523 -1 0
1015 T 1596 3456 3416 0 0
1015 T 2089 1976 3137 0 0
1015 T 3139 1630 1180 0 0
1015 T 1255 1694 3165 0 0
1015 T 3167 1879 1988 0 0
1015 T 3139 1350 2531 0 0
1015 T 2474 1430 3165 0 0
1015 T 3107 1702 1604 0 0
1015 T 1794 2036 1297 0 0
1015 T 1337 2034 2178 0 0
1015 T 1300 2002 1735 0 0
1015 T 2252 2004 1456 0 0
1015 T 1331 2337 3085 0 0
1015 T 3087 2510 1309 0 0
1015 T 1414 2547 3087 0 0
1015 T 3085 2263 1440 0 0
1015 T 2196 3434 3275 0 0
1015 T 2825 3436 3247 0 0
1015 T 3295 3431 2123 0 0
1015 T 3263 3429 2808 0 0
1015 T 3241 3434 2664 0 0
1015 T 2692 3431 3268 0 0
1015 T 1989 3411 3415 0 0
1015 T 3252 3258 3254 0 0
1015 T 3351 2615 3358 0 0
1015 T 3410 3447 2058 0 0
1015 T 2057 3445 3416 -1 0
1015 U 29 1 1 0 0
1015 U 35 1 1 0 -1
1015 U 7 1 1 0 0
1015 U 40 2 2 0 0
1015 U 28 2 2 -1 1
1015 U 7 2 2 -1 1
1015 U 796 3 3 0 0
1015 U 49 4 3 0 0
1015 U 11 3 4 1 0
1015 U 47 4 3 0 0
1015 U 16 3 4 0 0
1015 U 53 5 6 0 0
1015 U 727 5 5 0 0
1015 U 14 6 5 0 0
1015 U 12 6 5 0 0
1015 U 51 5 6 0 0
1015 U 890 7 9 0 0
1015 U 811 9 7 0 0
1015 U 126 9 9 0 0
1015 U 133 7 7 0 0
1015 U 37 8 7 1 0
1015 U 34 7 8 0 0
1015 U 84 10 9 0 0
1015 U 1032 11 15 -1 0
1015 U 934 15 11 -1 0
1015 U 138 15 15 0 0
1015 U 163 11 11 -1 0
1015 U 1002 13 11 0 0
1015 U 955 11 13 -1 0
1015 U 142 13 13 0 0
1015 U 85 14 13 0 0
1015 U 45 16 15 1 0
1015 U 44 15 16 0 0
1015 U 2662 17 19 0 0
1015 U 681 19 17 0 0
1015 U 783 19 19 0 0
1015 U 792 17 17 0 0
1015 U 61 18 17 0 0
1015 U 25 17 18 0 0
1015 U 63 20 19 0 0
1015 U 21 19 20 0 0
1015 U 2691 21 23 0 0
1015 U 747 21 21 0 0
1015 U 703 23 21 0 0
1015 U 20 22 21 0 0
1015 U 68 21 22 0 0
1015 U 754 23 23 0 0
1015 U 22 24 23 -1 0
1015 U 65 23 24 0 0
1015 U 832 25 27 0 0
1015 U 2391 25 25 0 0
1015 U 2991 27 25 0 0
1015 U 104 26 25 0 0
1015 U 94 25 26 0 0
1015 U 2406 27 27 0 0
1015 U 74 28 27 0 0
1015 U 32 27 28 0 0
1015 U 2979 29 31 0 0
1015 U 2404 29 29 0 0
1015 U 908 31 29 0 0
1015 U 95 30 29 0 0
1015 U 101 29 30 0 0
1015 U 2393 31 31 0 0
1015 U 41 32 31 0 0
1015 U 71 31 32 0 0
1015 U 2202 33 40 0 0
1015 U 860 41 33 0 0
1015 U 466 40 41 0 0
1015 U 378 36 33 0 0
1015 U 2215 41 36 0 0
1015 U 59 34 33 0 0
1015 U 845 36 34 0 0
1015 U 423 37 33 0 0
1015 U 2218 35 37 0 0
1015 U 817 37 40 0 0
1015 U 2720 41 35 0 0
1015 U 77 42 41 0 0
1015 U 386 44 35 0 0
1015 U 865 41 44 0 0
1015 U 815 44 37 0 0
1015 U 18 38 37 -1 0
1015 U 2231 44 38 0 0
1015 U 417 43 40 0 0
1015 U 2247 41 39 0 0
1015 U 31 40 39 0 0
1015 U 2169 45 52 0 0
1015 U 433 49 45 0 0
1015 U 884 52 49 0 0
1015 U 898 47 45 0 0
1015 U 2159 49 47 0 0
1015 U 58 46 45 0 0
1015 U 450 47 46 0 0
1015 U 916 53 45 0 0
1015 U 2162 48 53 0 0
1015 U 349 53 52 0 0
1015 U 455 56 47 0 0
1015 U 886 49 56 0 0
1015 U 2750 53 47 0 0
1015 U 922 56 53 0 0
1015 U 78 53 54 0 0
1015 U 2182 55 49 0 0
1015 U 414 52 55 0 0
1015 U 18 50 49 0 0
1015 U 41 52 51 0 0
1015 U 2173 54 52 0 0
1015 U 2129 57 61 0 0
1015 U 3331 57 57 0 0
1015 U 2994 61 57 0 0
1015 U 76 58 57 0 0
1015 U 57 57 58 0 0
1015 U 3309 61 61 0 0
1015 U 2127 59 61 0 0
1015 U 3316 59 59 0 0
1015 U 2986 61 59 0 0
1015 U 99 60 59 0 0
1015 U 105 59 60 0 0
1015 U 2974 63 67 0 0
1015 U 3348 63 63 0 0
1015 U 2200 67 63 0 0
1015 U 59 64 63 0 0
1015 U 70 63 64 0 0
1015 U 3338 67 67 0 0
1015 U 2983 65 67 0 0
1015 U 3325 65 65 0 0
1015 U 2228 67 65 0 0
1015 U 107 66 65 0 0
1015 U 98 65 66 0 0
1015 U 0 69 77 0 0
1015 U 3477 75 69 0 0
1015 U 3485 77 83 0 0
1015 U 140 83 75 0 0
1015 U 505 77 69 0 0
1015 U 205 75 83 0 0
1015 U 3472 79 69 0 0
1015 U 3466 77 71 0 0
1015 U 299 71 79 0 0
1015 U 133 79 71 0 0
1015 U 92 72 71 0 0
1015 U 89 79 80 0 0
1015 U 5 73 81 1 0
1015 U 3481 75 73 0 0
1015 U 3473 81 83 0 0
1015 U 365 81 73 0 0
1015 U 82 82 73 0 0
1015 Q 1054 556 1138 0 0 0 0 0 0 0
1015 Q 1189 127 1229 0 0 0 0 0 0 0
1015 Q 1315 144 1461 0 0 0 0 0 0 0
1015 Q 655 142 615 127 0 0 0 0 0 0
1015 Q 144 1366 2620 1341 0 0 0 0 0 0
1015 Q 5 737 299 785 0 0 0 0 1 0
1015 Q 1411 297 1411 297 0 0 0 0 0 0
1015 Q 5 1086 125 1112 0 0 0 0 1 0
1015 Q 2612 95 2609 34 0 0 0 0 0 0
1015 Q 37 2607 94 2606 0 0 0 0 0 0
1015 Q 2615 93 3440 96 0 0 0 0 0 0
1015 Q 3515 126 3515 126 0 0 0 0 0 0
1015 Q 84 3514 83 3513 0 0 0 0 0 0
1015 Q 3443 142 3443 142 0 0 0 0 0 0
1015 Q 85 3442 86 3441 0 0 0 0 0 0
1015 Q 104 2614 101 2615 0 0 0 0 0 0
1015 Q 2101 138 2101 138 0 0 0 0 0 0
1015 Q 1991 134 1991 134 0 0 0 0 0 0
1015 Q 162 540 162 540 0 0 0 0 0 0
1015 Q 2060 134 2059 120 0 0 1 0 0 0
1015 Q 2297 3109 2349 120 0 0 1 0 0 0
1015 Q 2617 3109 2617 3109 0 0 0 0 0 0
1015 Q 128 3250 3115 3258 0 0 0 0 0 0
1015 Q 128 3495 537 3492 0 0 0 0 0 0
1015 Q 2892 539 2888 3115 0 0 0 0 0 0
1015 Q 3515 3495 161 3492 0 0 0 0 0 0
1015 Q 3451 3515 3449 1335 0 0 1 0 0 0
