0
0 d=515
0
515 A 6 0 -1 2 1 -2
515 A 9 0 -2 4 2 -4
515 A -1 1 44 0 -44 0
515 A 0 1 44 0 -44 0
515 A -3 1 26 0 -26 0
515 A 2 1 26 0 -26 0
515 A -4 1 42 1 -42 -1
515 A 3 1 -43 1 43 -1
515 A 12 0 5 2 -5 -2
515 A 12 0 -1 2 1 -2
515 A -7 1 30 1 -30 -1
515 A 6 1 -31 1 31 -1
515 A 18 0 7 4 -7 -4
515 A 19 0 -3 6 3 -6
515 A -16 1 51 7 -51 -7
515 A 15 1 -58 7 58 -7
515 A -1 2 104 0 -104 0
515 A 7 0 3 1 3 1
515 A 11 0 4 3 4 3
515 A 4 0 1 1 2 -1
515 A 4 0 -1 1 0 1
515 A 5 0 -3 2 -1 -2
515 A 5 0 -2 1 1 1
515 A 5 0 -2 2 0 2
515 A 5 0 -1 1 0 -1
515 A 6 0 -2 1 -1 -1
515 A 7 0 -4 3 -2 1
515 A 7 0 -4 2 -2 -2
515 A 7 0 -3 1 1 -3
515 A 7 0 -3 2 1 2
515 A 7 0 -3 3 0 -3
515 A 7 0 2 3 1 -2
515 A 7 0 2 1 2 -3
515 A 7 0 -2 2 0 -1
515 A 7 0 1 3 1 1
515 A 7 0 -1 1 0 -2
515 A 8 0 -5 3 -2 1
515 A 8 0 3 1 4 -3
515 A 8 0 -3 1 -2 -1
515 A 8 0 -3 3 0 3
515 A 8 0 2 3 1 1
515 A 8 0 -2 3 1 -3
515 A 8 0 1 3 4 -1
515 A 8 0 -1 1 0 1
515 A 9 0 -5 4 -1 -4
515 A 9 0 4 1 -1 2
515 A 9 0 -4 2 1 1
515 A 9 0 2 2 -2 1
515 A 10 0 -6 3 -3 -3
515 A 10 0 4 1 5 -1
515 A 10 0 -4 1 3 1
515 A 10 0 -3 3 0 3
515 A 10 0 2 3 -5 3
515 A 10 0 -2 1 1 1
515 A 10 0 -2 3 1 -3
515 A 10 0 -1 1 0 -1
515 A 11 0 -6 5 -4 2
515 A 11 0 -6 4 3 -5
515 A 11 0 -6 3 7 -4
515 A 11 0 -6 2 4 2
515 A 11 0 5 1 1 -2
515 A 11 0 -5 1 -3 2
515 A 11 0 -5 2 1 -3
515 A 11 0 -5 3 -4 5
515 A 11 0 -5 4 1 4
515 A 11 0 -5 5 0 -3
515 A 11 0 -7 5 -4 1
515 A 11 0 4 1 1 2
515 A 11 0 -4 3 -1 -3
515 A 11 0 -4 4 0 -1
515 A 11 0 3 5 -2 4
515 A 11 0 3 4 -3 -3
515 A 11 0 3 2 2 -3
515 A 11 0 3 1 2 5
515 A 11 0 -3 1 -3 4
515 A 11 0 -3 3 0 -5
515 A 11 0 2 4 2 -5
515 A 11 0 2 3 -1 5
515 A 11 0 2 2 1 5
515 A 11 0 2 1 -1 4
515 A 11 0 -2 1 -1 -1
515 A 11 0 -2 2 0 -2
515 A 11 0 -1 1 0 -4
515 A -1 1 58 0 20 0
515 A -1 1 46 0 14 0
515 A -1 1 41 0 22 0
515 A -1 1 40 0 29 0
515 A -1 1 28 0 23 0
515 A 0 1 58 0 20 0
515 A 0 1 46 0 14 0
515 A 0 1 41 0 22 0
515 A 0 1 40 0 29 0
515 A 0 1 28 0 23 0
515 A -2 1 53 1 48 1
515 A -2 1 57 1 -20 0
515 A -2 1 46 1 30 0
515 A -2 1 40 0 36 0
515 A 1 1 40 0 36 0
515 A 1 1 30 0 47 -1
515 A 1 1 20 0 -58 1
515 A 1 1 -49 1 -54 1
515 A -3 1 58 1 -28 -1
515 A -3 1 49 1 -13 0
515 A -3 1 43 1 41 1
515 A -3 1 40 1 -22 0
515 A -3 1 25 1 50 1
515 A -3 1 16 0 56 1
515 A -3 1 26 1 -14 0
515 A -3 1 38 1 -53 -1
515 A -3 1 44 1 -23 0
515 A 2 1 13 0 -50 1
515 A 2 1 23 0 -45 1
515 A 2 1 -27 1 14 0
515 A 2 1 -29 1 59 -1
515 A 2 1 -39 1 54 -1
515 A 2 1 -41 1 22 0
515 A 2 1 -51 1 -26 1
515 A 2 1 -57 1 -16 0
515 A 2 1 -42 1 -44 1
515 A -4 1 18 1 28 1
515 A -4 1 54 2 21 1
515 A -4 1 55 1 39 1
515 A -4 1 27 1 46 1
515 A -4 1 19 1 45 1
515 A -4 1 40 1 16 0
515 A 3 1 -56 1 -40 1
515 A 3 1 -47 1 -28 1
515 A 3 1 -41 1 -16 0
515 A 3 1 -19 1 -29 1
515 A 3 1 -22 1 -56 2
515 A 3 1 -46 1 -20 1
515 A 12 0 -7 5 -2 -5
515 A 12 0 -5 1 -4 5
515 A 12 0 4 1 -1 5
515 A -5 1 57 2 15 1
515 A -5 1 47 2 -29 -1
515 A -5 1 27 1 -14 0
515 A -5 1 18 1 -13 0
515 A -5 1 41 1 58 2
515 A 4 1 14 0 -28 1
515 A 4 1 -30 1 49 -2
515 A 4 1 -42 1 -60 2
515 A 4 1 -59 2 -16 1
515 A 4 1 13 0 -19 1
515 A -6 1 20 1 43 2
515 A -6 1 38 2 -29 -1
515 A -6 1 44 2 -59 -2
515 A -6 1 55 3 -49 -2
515 A -6 1 55 2 -13 -1
515 A -6 1 37 2 -13 0
515 A -6 1 19 1 -58 -2
515 A -6 1 11 1 22 1
515 A -6 1 28 1 14 0
515 A 5 1 -57 2 14 -1
515 A 5 1 13 0 -39 2
515 A 5 1 -23 1 -12 1
515 A 5 1 -58 3 51 -2
515 A 5 1 -61 2 46 -2
515 A 5 1 14 0 29 -1
515 A 5 1 -60 2 20 -1
515 A 5 1 -30 1 40 -2
515 A 5 1 -45 2 -21 1
515 A 13 0 -7 5 1 -4
515 A 13 0 6 1 3 -6
515 A 13 0 -6 2 -5 4
515 A 13 0 5 3 1 -2
515 A 13 0 -5 3 2 3
515 A 13 0 4 5 -2 4
515 A 13 0 4 2 1 4
515 A 13 0 -3 2 -1 -2
515 A 13 0 -3 4 -2 -5
515 A -7 1 47 2 7 1
515 A -7 1 19 1 32 2
515 A -7 1 16 1 38 2
515 A -7 1 50 3 -39 -2
515 A -7 1 13 1 -56 -3
515 A -7 1 21 1 -41 -2
515 A 6 1 -22 1 43 -2
515 A 6 1 -34 2 -20 1
515 A 6 1 -40 2 -17 1
515 A 6 1 -41 2 53 -3
515 A 6 1 -49 2 -8 1
515 A 6 1 -14 1 59 -3
515 A -8 1 8 1 -57 -3
515 A -8 1 25 1 20 1
515 A 7 1 -26 1 -21 1
515 A 7 1 -9 1 60 -3
515 A 14 0 -4 5 -1 5
515 A 14 0 -3 5 2 -5
515 A -9 1 43 3 53 4
515 A -9 1 47 4 28 2
515 A -9 1 56 4 -41 -2
515 A -9 1 8 1 -44 -3
515 A -9 1 26 2 -23 -1
515 A -9 1 14 1 -26 -1
515 A 8 1 -28 2 24 -1
515 A 8 1 -60 4 43 -2
515 A 8 1 -27 1 15 -1
515 A 8 1 -51 4 -30 2
515 A 8 1 -47 3 9 -1
515 A 8 1 -57 4 -46 3
515 A -10 1 15 2 15 1
515 A -10 1 13 1 9 1
515 A -10 1 52 4 -30 -2
515 A -10 1 40 3 -57 -4
515 A 9 1 -32 2 56 -4
515 A 9 1 -10 1 -14 1
515 A 9 1 -16 1 -17 2
515 A 9 1 -43 3 61 -4
515 A 16 0 -6 5 -1 -5
515 A 16 0 -6 7 -3 5
515 A 16 0 -1 7 -2 5
515 A -12 1 49 5 -43 -4
515 A 11 1 -54 5 47 -4
515 A -13 1 20 2 -18 -1
515 A -13 1 39 4 54 5
515 A 12 1 -19 1 22 -2
515 A 12 1 -43 4 -59 5
515 A 18 0 -7 2 7 -8
515 A 18 0 5 2 1 -8
515 A -16 1 8 2 35 3
515 A 15 1 -10 2 -38 3
515 A 22 0 -5 9 -4 9
515 S -5 2 9 0
515 S 2 1 9 0
515 S -1 4 9 0
515 S 2 1 5 0
515 S -1 2 5 0
515 S 3 2 9 0
515 S -3 1 9 0
515 S -3 4 9 0
515 T 260 518 366 0 0
515 T 143 714 262 0 0
515 T 364 73 145 0 0
515 T 714 71 518 0 0
515 T 139 113 129 0 0
515 T 119 138 130 0 0
515 T 133 126 134 0 0
515 T 135 125 116 0 0
515 T 142 140 142 0 0
515 T 116 121 111 0 0
515 T 127 362 153 0 0
515 T 155 350 113 0 0
515 T 631 360 350 0 0
515 T 150 335 571 0 0
515 T 320 143 568 0 0
515 T 573 329 478 0 0
515 T 476 331 148 0 0
515 T 326 157 471 0 0
515 T 331 327 335 0 0
515 T 110 186 659 0 0
515 T 94 110 72 0 0
515 T 98 82 40 0 0
515 T 75 83 76 0 0
515 T 74 80 88 0 0
515 T 99 83 108 0 0
515 T 98 87 106 0 0
515 T 105 102 91 0 0
515 T 661 470 74 0 0
515 T 470 184 92 0 0
515 T 412 755 303 0 0
515 T 749 429 314 0 0
515 T 305 325 718 0 0
515 T 205 745 755 0 0
515 T 403 323 745 0 0
515 T 385 741 331 0 0
515 T 539 212 70 0 0
515 T 68 337 741 0 0
515 T 739 601 541 0 0
515 T 601 335 212 0 0
515 T 159 177 160 0 0
515 T 187 179 188 0 0
515 T 163 169 164 0 0
515 T 183 171 184 0 0
515 T 522 751 162 0 0
515 T 732 533 161 0 0
515 T 751 1 734 0 0
515 T 547 626 747 0 0
515 T 312 806 549 0 0
515 T 806 427 626 0 0
515 T 453 174 468 0 0
515 T 762 313 451 0 0
515 T 470 331 727 0 0
515 T 729 48 760 0 0
515 T 568 643 104 0 0
515 T 106 705 486 0 0
515 T 484 69 570 0 0
515 T 69 703 643 0 0
515 T 479 639 314 0 0
515 T 547 383 481 0 0
515 T 403 551 483 0 0
515 T 639 385 806 0 0
515 T 354 78 162 0 0
515 T 522 277 352 0 0
515 T 78 275 753 0 0
515 T 601 64 208 0 0
515 T 64 335 294 0 0
515 T 292 214 210 0 0
515 T 298 285 288 0 0
515 T 287 263 245 0 0
515 T 42 253 200 0 0
515 T 233 263 247 0 0
515 T 268 240 277 0 0
515 T 291 210 238 0 0
515 T 245 296 223 0 0
515 T 259 235 281 0 0
515 T 203 205 203 -1 0
515 T 285 249 259 0 0
515 T 239 219 229 0 0
515 T 232 192 212 0 0
515 T 271 251 278 0 0
515 T 274 198 226 0 0
515 T 197 222 202 0 0
515 T 255 205 217 0 0
515 T 281 270 255 0 0
515 T 216 194 230 0 0
515 T 503 536 40 0 0
515 T 536 8 96 0 0
515 T 82 7 505 0 0
515 T 804 331 610 0 0
515 T 608 739 641 0 0
515 T 350 43 202 0 0
515 T 253 44 362 0 0
515 T 59 51 54 0 0
515 T 55 63 66 0 0
515 T 52 727 530 0 0
515 T 510 762 51 0 0
515 T 111 342 73 0 0
515 T 662 637 113 0 0
515 T 637 469 342 0 0
515 T 320 422 630 0 0
515 T 628 44 656 0 0
515 T 658 219 322 0 0
515 T 219 46 422 0 0
515 T 621 521 584 0 0
515 T 534 621 563 0 0
515 T 249 719 595 0 0
515 T 597 738 231 0 0
515 T 738 721 263 0 0
515 T 799 475 841 0 0
515 T 34 807 801 0 0
515 T 807 435 475 0 0
515 T 301 629 371 0 0
515 T 843 825 299 0 0
515 T 629 823 853 0 0
515 T 464 665 582 0 0
515 T 455 601 651 0 0
515 T 117 616 466 0 0
515 T 580 339 115 0 0
515 T 616 341 665 0 0
515 T 275 679 300 0 0
515 T 302 102 270 0 0
515 T 240 100 679 0 0
515 T 236 577 317 0 0
515 T 315 65 293 0 0
515 T 210 63 577 0 0
515 T 354 41 356 0 0
515 T 358 199 3 0 0
515 T 352 3 254 0 0
515 T 468 52 648 0 0
515 T 650 367 688 0 0
515 T 690 494 470 0 0
515 T 494 369 52 0 0
515 T 122 695 505 0 0
515 T 82 394 120 0 0
515 T 588 317 148 0 0
515 T 606 302 144 0 0
515 T 463 307 590 0 0
515 T 150 313 465 0 0
515 T 152 455 305 0 0
515 T 307 311 317 0 0
515 T 528 150 135 0 0
515 T 648 331 530 0 0
515 T 137 478 650 0 0
515 T 328 384 67 0 0
515 T 326 187 243 0 0
515 T 296 188 304 0 0
515 T 642 424 96 0 0
515 T 98 780 480 0 0
515 T 780 426 313 0 0
515 T 79 444 789 0 0
515 T 787 47 779 0 0
515 T 623 444 332 0 0
515 T 428 609 444 0 0
515 T 412 450 597 0 0
515 T 732 221 77 0 0
515 T 106 130 370 0 0
515 T 368 136 559 0 0
515 T 561 119 104 0 0
515 T 51 664 636 0 0
515 T 638 688 52 0 0
515 T 61 690 664 0 0
515 T 36 812 785 0 0
515 T 783 463 846 0 0
515 T 391 465 812 0 0
515 T 249 134 591 0 0
515 T 593 124 556 0 0
515 T 558 133 247 0 0
515 T 414 442 430 0 0
515 T 408 418 432 0 0
515 T 462 10 412 0 0
515 T 428 4 460 0 0
515 T 90 394 580 0 0
515 T 582 122 72 0 0
515 T 74 644 604 0 0
515 T 644 363 302 0 0
515 T 546 404 67 0 0
515 T 328 382 544 0 0
515 T 404 380 386 0 0
515 T 387 395 375 0 0
515 T 365 281 68 0 0
515 T 70 237 515 0 0
515 T 674 6 613 0 0
515 T 611 441 310 0 0
515 T 308 18 672 0 0
515 T 423 585 498 0 0
515 T 402 502 564 0 0
515 T 558 410 231 0 0
515 T 263 408 131 0 0
515 T 552 719 248 0 0
515 T 598 717 554 0 0
515 T 717 722 719 0 0
515 T 659 140 684 0 0
515 T 686 130 638 0 0
515 T 725 144 551 0 0
515 T 766 711 723 0 0
515 T 553 261 764 0 0
515 T 583 599 610 0 0
515 T 598 611 604 0 0
515 T 639 541 585 0 0
515 T 452 54 618 0 0
515 T 663 492 454 0 0
515 T 492 339 54 0 0
515 T 104 702 542 0 0
515 T 540 495 96 0 0
515 T 87 497 702 0 0
515 T 673 464 823 0 0
515 T 825 589 24 0 0
515 T 23 310 671 0 0
515 T 88 838 785 0 0
515 T 813 665 90 0 0
515 T 783 32 811 0 0
515 T 665 31 838 0 0
515 T 306 793 285 0 0
515 T 793 776 0 0 0
515 T 324 265 776 0 0
515 T 565 693 4 0 0
515 T 621 197 693 0 0
515 T 197 534 3 0 0
515 T 701 767 735 0 0
515 T 737 817 496 0 0
515 T 88 815 767 0 0
515 T 280 703 299 0 0
515 T 93 257 485 0 0
515 T 257 100 704 0 0
515 T 2 1 2 0 0
515 T 724 546 320 0 0
515 T 800 6 726 0 0
515 T 322 675 802 0 0
515 T 6 677 546 0 0
515 T 189 289 776 0 0
515 T 657 240 108 0 0
515 T 680 50 655 0 0
515 T 376 594 260 0 0
515 T 344 143 106 0 0
515 T 540 233 346 0 0
515 T 143 231 702 0 0
515 T 828 31 690 0 0
515 T 59 837 830 0 0
515 T 386 490 3 0 0
515 T 11 488 404 0 0
515 T 4 651 585 0 0
515 T 522 274 3 0 0
515 T 274 622 651 0 0
515 T 758 141 746 0 0
515 T 372 277 45 0 0
515 T 43 679 628 0 0
515 T 722 285 764 0 0
515 T 526 315 207 0 0
515 T 164 148 524 0 0
515 T 209 588 166 0 0
515 T 764 738 0 0 0
515 T 561 437 89 0 0
515 T 437 119 98 0 0
515 T 550 474 3 0 0
515 T 474 482 488 0 0
515 T 696 130 274 0 0
515 T 272 136 504 0 0
515 T 538 121 670 0 0
515 T 450 203 485 0 0
515 T 833 629 848 0 0
515 T 169 825 831 0 0
515 T 851 169 850 0 0
515 T 330 675 19 0 0
515 T 444 772 151 0 0
515 T 633 481 446 0 0
515 T 481 155 797 0 0
515 T 795 139 772 0 0
515 T 21 489 406 0 0
515 T 501 819 766 0 0
515 T 59 816 819 0 0
515 T 3 610 457 0 0
515 T 67 707 645 0 0
515 T 603 448 69 0 0
515 T 448 71 707 0 0
515 T 602 55 578 0 0
515 T 32 810 799 0 0
515 T 669 198 114 0 0
515 T 420 349 198 0 0
515 T 345 70 192 0 0
515 T 524 167 511 0 0
515 T 513 163 150 0 0
515 T 224 692 651 0 0
515 T 134 285 375 0 0
515 T 377 181 410 0 0
515 T 418 167 395 0 0
515 T 401 426 172 0 0
515 T 527 509 126 0 0
515 T 49 47 49 0 0
515 T 47 46 43 0 0
515 T 320 842 834 0 0
515 T 88 808 690 0 0
515 T 828 799 90 0 0
515 T 792 289 189 0 0
515 T 687 475 559 0 0
515 T 692 472 577 0 0
515 T 511 335 207 0 0
515 T 209 573 163 0 0
515 T 357 220 532 0 0
515 T 215 450 93 0 0
515 T 5 822 827 0 0
515 T 89 820 726 0 0
515 T 598 769 144 0 0
515 T 783 6 767 0 0
515 T 769 611 300 0 0
515 T 302 672 785 0 0
515 T 108 321 230 0 0
515 T 167 572 589 0 0
515 T 69 317 750 0 0
515 T 428 307 67 0 0
515 T 575 550 566 0 0
515 T 570 554 544 0 0
515 T 516 750 577 0 0
515 T 564 625 518 0 0
515 T 833 676 477 0 0
515 T 452 369 637 0 0
515 T 412 67 612 0 0
515 T 838 815 6 0 0
515 T 536 197 116 0 0
515 T 64 511 237 0 0
515 T 273 371 362 0 0
515 T 22 746 797 0 0
515 T 774 758 21 0 0
515 T 402 81 625 0 0
515 T 334 787 400 0 0
515 T 517 499 80 0 0
515 T 855 857 855 0 0
515 T 711 499 88 0 0
515 T 571 832 24 0 0
515 T 676 24 328 0 0
515 T 509 314 616 0 0
515 T 303 461 773 0 0
515 T 461 457 443 0 0
515 T 186 454 93 0 0
515 T 461 414 22 0 0
515 T 358 75 159 0 0
515 T 326 795 487 0 0
515 T 644 321 345 0 0
515 T 192 319 708 0 0
515 T 103 452 685 0 0
515 T 684 185 101 0 0
515 T 109 217 709 0 0
515 T 214 64 523 0 0
515 T 510 150 118 0 0
515 U 6 4 3 0 0
515 U 380 3 3 0 0
515 U 19 3 4 0 0
515 U 12 3 4 0 0
515 U 4 4 3 -1 0
515 U 7 9 10 0 0
515 U 393 10 8 0 0
515 U 696 8 9 0 0
515 U 854 6 8 0 0
515 U 398 8 5 0 0
515 U 29 5 6 1 0
515 U 28 6 5 0 0
515 U 151 5 7 0 0
515 U 844 8 9 0 0
515 U 35 9 10 0 0
515 U 372 9 6 0 0
515 U 15 12 11 1 0
515 U 14 11 12 0 0
515 U 55 11 11 -1 0
515 U 60 14 14 0 0
515 U 387 12 14 1 0
515 U 432 14 12 0 0
515 U 38 13 14 0 0
515 U 438 18 20 0 0
515 U 669 19 18 0 0
515 U 8 20 19 0 0
515 U 25 16 15 0 0
515 U 418 17 16 0 0
515 U 155 15 17 0 0
515 U 421 20 15 0 0
515 U 29 15 16 0 0
515 U 848 17 15 0 0
515 U 839 17 20 0 0
515 U 33 20 19 0 0
515 U 441 1 1 0 0
515 U 9 2 1 0 0
515 U 3 1 2 0 0
515 U 5 1 2 0 0
515 U 17 2 1 0 0
515 Q 0 243 125 296 0 0 0 0 0 0
515 Q 586 178 565 0 0 0 0 0 0 0
515 Q 0 621 1 619 1 -1 -1 0 0 0
515 Q 62 400 175 425 0 0 0 0 0 0
515 Q 155 55 153 179 0 0 0 0 0 0
515 Q 27 57 25 56 0 0 0 0 0 0
515 Q 175 83 175 83 0 0 0 0 0 0
515 Q 223 125 223 125 0 0 0 0 0 0
515 Q 594 61 555 1 0 0 0 -1 0 0
515 Q 262 2 234 170 -1 1 0 0 0 -1
515 Q 206 14 203 15 0 0 0 0 0 0
515 Q 50 227 1 268 0 0 0 0 0 0
515 Q 631 49 631 49 0 0 0 0 0 0
515 Q 1 280 56 192 0 0 -1 1 0 1
515 Q 83 402 856 423 0 0 0 0 0 0
515 Q 858 60 858 60 0 0 0 0 0 0
515 Q 56 218 47 256 0 0 0 0 0 0
515 Q 37 858 38 857 0 0 0 0 0 0
