263 A 4 0 -1 2 1 -2
263 A 6 0 -1 2 1 -2
263 A 8 0 3 2 -3 -2
263 A 8 0 -3 2 3 -2
263 A 8 0 1 2 -1 -2
263 A 8 0 -1 2 1 -2
263 A -1 1 23 0 -23 0
263 A 0 1 23 0 -23 0
263 A -2 1 31 1 -31 -1
263 A 1 1 -32 1 32 -1
263 A -3 1 16 1 -16 -1
263 A -3 1 14 1 -14 -1
263 A -3 1 32 1 -32 -1
263 A 2 1 -33 1 33 -1
263 A 2 1 -15 1 15 -1
263 A 2 1 -17 1 17 -1
263 A -4 1 21 1 -21 -1
263 A 3 1 -22 1 22 -1
263 A 9 0 -2 4 2 -4
263 A -6 1 11 1 -11 -1
263 A 5 1 -12 1 12 -1
263 A 12 0 5 2 -5 -2
263 A 12 0 -1 2 1 -2
263 A -10 1 5 2 -5 -2
263 A 9 1 -7 2 7 -2
263 A 13 0 -2 4 2 -4
263 A -11 1 21 4 -21 -4
263 A -11 1 12 1 -12 -1
263 A 10 1 -25 4 25 -4
263 A 10 1 -13 1 13 -1
263 A 16 0 -5 2 5 -2
263 A 16 0 -3 6 3 -6
263 A 16 0 3 2 -3 -2
263 A -18 1 7 3 -7 -3
263 A 17 1 -10 3 10 -3
263 A -12 2 19 2 -19 -2
263 A 10 2 -21 2 21 -2
263 A -22 1 1 4 -1 -4
263 A 21 1 -5 4 5 -4
263 A 24 0 7 4 -7 -4
263 A 24 0 -11 4 11 -4
263 A 7 0 3 1 3 1
263 A 13 0 -3 6 -3 6
263 A 5 0 -3 2 -2 1
263 A 5 0 2 1 1 -2
263 A 5 0 -2 2 0 -2
263 A 5 0 1 2 1 1
263 A 5 0 -1 1 0 1
263 A 7 0 -4 3 -2 1
263 A 7 0 -4 2 -2 -2
263 A 7 0 -3 1 1 -3
263 A 7 0 -3 2 1 2
263 A 7 0 -3 3 0 -3
263 A 7 0 2 3 1 -2
263 A 7 0 2 1 2 -3
263 A 7 0 -2 2 0 -1
263 A 7 0 1 3 1 1
263 A 7 0 -1 1 0 -2
263 A -1 1 31 0 17 0
263 A -1 1 29 0 25 0
263 A 0 1 31 0 17 0
263 A 0 1 29 0 25 0
263 A -2 1 29 1 -11 0
263 A -2 1 23 1 19 0
263 A -2 1 15 0 9 0
263 A 1 1 19 0 24 -1
263 A 1 1 15 0 9 0
263 A 1 1 11 0 -30 1
263 A -3 1 22 1 20 1
263 A -3 1 13 0 11 0
263 A 2 1 13 0 11 0
263 A 2 1 -21 1 -23 1
263 A -4 1 15 1 -29 -2
263 A -4 1 27 2 -25 -1
263 A -4 1 19 1 -13 -1
263 A 3 1 -26 1 29 -2
263 A 3 1 -20 1 14 -1
263 A 3 1 -16 1 31 -2
263 A 9 0 -5 4 -1 -4
263 A 9 0 -1 2 4 1
263 A -5 1 23 2 8 1
263 A -5 1 18 1 -10 -1
263 A -5 1 29 2 6 1
263 A -5 1 31 2 -16 -1
263 A 4 1 -9 1 -25 2
263 A 4 1 -17 1 33 -2
263 A 4 1 -7 1 -31 2
263 A 4 1 -11 1 19 -1
263 A -6 1 31 2 17 2
263 A -6 1 25 2 -7 -1
263 A -6 1 19 1 17 1
263 A -6 1 5 1 -23 -2
263 A 5 1 -33 2 -19 2
263 A 5 1 -18 1 -20 1
263 A 5 1 -27 2 8 -1
263 A 5 1 -6 1 25 -2
263 A -7 1 15 2 -27 -2
263 A -7 1 6 1 -11 -2
263 A -7 1 10 1 12 1
263 A 6 1 -29 2 17 -2
263 A 6 1 -11 1 -13 1
263 A 6 1 -7 1 13 -2
263 A 11 0 -6 3 2 2
263 A 11 0 -5 2 -2 -5
263 A 11 0 -5 4 -2 3
263 A 11 0 -7 5 -3 -2
263 A 11 0 -4 2 3 3
263 A 11 0 -4 5 3 -4
263 A 11 0 -1 3 1 4
263 A 11 0 -1 4 1 -5
263 A 11 0 3 5 -4 -3
263 A -8 1 13 2 13 1
263 A -8 1 21 3 -11 -1
263 A -8 1 21 2 -17 -2
263 A -8 1 7 1 -25 -4
263 A 7 1 -19 2 23 -2
263 A 7 1 -12 1 24 -3
263 A 7 1 -14 1 -15 2
263 A 7 1 -8 1 29 -4
263 A -9 1 22 3 -13 -2
263 A -9 1 8 1 -29 -4
263 A 8 1 -9 1 33 -4
263 A 8 1 -25 3 15 -2
263 A -10 1 17 3 33 4
263 A -10 1 17 2 19 4
263 A -10 1 19 3 15 2
263 A -10 1 21 2 9 1
263 A 9 1 -23 2 -10 1
263 A 9 1 -22 3 -17 2
263 A 9 1 -19 2 -23 4
263 A 9 1 -37 4 -20 3
263 A 13 0 -6 6 0 -2
263 A 13 0 -5 3 9 -6
263 A 13 0 -5 4 5 -6
263 A 13 0 -4 4 0 -3
263 A 13 0 -4 6 -1 3
263 A 13 0 -3 3 0 -4
263 A 13 0 -2 2 0 -6
263 A 13 0 -2 3 -2 6
263 A 13 0 -1 6 -1 -4
263 A 13 0 2 3 -3 -6
263 A -11 1 28 5 20 3
263 A -11 1 26 5 19 4
263 A -11 1 23 4 10 1
263 A 10 1 -11 1 -27 4
263 A 10 1 -31 5 -23 4
263 A 10 1 -23 3 -33 5
263 A -13 1 15 4 14 3
263 A 12 1 -19 4 -17 3
263 A 15 0 -5 7 2 -7
263 A -14 1 11 2 19 5
263 A -14 1 19 4 -15 -2
263 A 13 1 -17 2 23 -4
263 A 13 1 -13 2 -24 5
263 A 16 0 -7 2 -1 6
263 A 16 0 -5 6 5 2
263 A -1 2 17 0 -31 0
263 A -3 2 22 0 47 1
263 A 1 2 -48 1 -22 0
263 A -5 2 40 1 -23 0
263 A 3 2 -41 1 23 0
263 A -11 2 25 1 40 3
263 A 9 2 -43 3 -26 1
263 S 1 1 4 0
263 S -3 1 8 0
263 S -1 3 8 0
263 S 0 1 6 0
263 S -3 1 6 0
263 S 2 1 6 0
263 S -1 1 6 0
263 S 2 1 8 0
263 S -2 3 8 0
263 S -2 1 4 0
263 T 522 554 193 0 0
263 T 79 562 524 0 0
263 T 562 81 554 0 0
263 T 289 362 325 0 0
263 T 180 435 291 0 0
263 T 290 181 426 0 0
263 T 327 103 178 0 0
263 T 435 101 362 0 0
263 T 104 339 212 0 0
263 T 210 448 436 0 0
263 T 463 440 206 0 0
263 T 439 214 448 0 0
263 T 431 215 53 0 0
263 T 463 35 431 0 0
263 T 361 446 339 0 0
263 T 119 99 240 0 0
263 T 95 119 198 0 0
263 T 238 89 200 0 0
263 T 89 97 93 0 0
263 T 104 94 99 0 0
263 T 91 105 101 0 0
263 T 108 106 108 0 0
263 T 378 372 121 0 0
263 T 123 287 272 0 0
263 T 270 129 380 0 0
263 T 287 370 129 0 0
263 T 14 159 257 0 0
263 T 259 30 160 0 0
263 T 365 487 444 0 0
263 T 442 157 140 0 0
263 T 138 336 367 0 0
263 T 336 159 487 0 0
263 T 164 56 345 0 0
263 T 346 485 18 0 0
263 T 61 117 247 0 0
263 T 245 153 534 0 0
263 T 153 119 273 0 0
263 T 550 60 382 0 0
263 T 70 381 552 0 0
263 T 171 115 2 0 0
263 T 177 122 169 0 0
263 T 122 114 115 0 0
263 T 134 86 120 0 0
263 T 142 127 134 0 0
263 T 119 127 111 0 0
263 T 148 123 139 0 0
263 T 142 130 139 0 0
263 T 112 146 130 0 0
263 T 114 177 1 0 0
263 T 202 475 354 0 0
263 T 395 461 204 0 0
263 T 356 471 393 0 0
263 T 461 469 475 0 0
263 T 457 87 469 0 0
263 T 457 452 456 0 0
263 T 199 185 330 0 0
263 T 332 220 92 0 0
263 T 237 218 185 0 0
263 T 529 381 16 0 0
263 T 355 467 531 0 0
263 T 15 500 353 0 0
263 T 154 356 59 0 0
263 T 149 498 350 0 0
263 T 467 498 381 0 0
263 T 391 358 424 0 0
263 T 422 278 176 0 0
263 T 416 170 280 0 0
263 T 174 477 389 0 0
263 T 477 280 358 0 0
263 T 456 420 38 0 0
263 T 54 222 418 0 0
263 T 220 480 415 0 0
263 T 412 228 453 0 0
263 T 477 224 411 0 0
263 T 37 565 558 0 0
263 T 560 385 454 0 0
263 T 385 567 420 0 0
263 T 364 555 461 0 0
263 T 208 165 362 0 0
263 T 555 167 440 0 0
263 T 440 483 3 0 0
263 T 4 403 376 0 0
263 T 374 145 438 0 0
263 T 145 401 483 0 0
263 T 1 287 212 0 0
263 T 350 372 2 0 0
263 T 131 350 210 0 0
263 T 14 372 511 0 0
263 T 509 476 251 0 0
263 T 249 149 13 0 0
263 T 149 474 372 0 0
263 T 39 120 245 0 0
263 T 86 262 247 0 0
263 T 262 134 40 0 0
263 T 422 7 321 0 0
263 T 323 32 176 0 0
263 T 171 34 314 0 0
263 T 263 345 297 0 0
263 T 537 164 261 0 0
263 T 95 273 182 0 0
263 T 184 111 91 0 0
263 T 97 109 273 0 0
263 T 297 235 406 0 0
263 T 282 0 299 0 0
263 T 395 233 284 0 0
263 T 408 107 393 0 0
263 T 116 360 271 0 0
263 T 115 288 360 0 0
263 T 249 27 152 0 0
263 T 339 524 437 0 0
263 T 361 216 524 0 0
263 T 254 134 99 0 0
263 T 97 125 155 0 0
263 T 153 142 256 0 0
263 T 87 399 404 0 0
263 T 402 0 399 0 0
263 T 182 307 63 0 0
263 T 308 25 184 0 0
263 T 304 179 24 0 0
263 T 387 280 341 0 0
263 T 343 172 91 0 0
263 T 89 416 385 0 0
263 T 233 469 248 0 0
263 T 263 457 235 0 0
263 T 246 87 261 0 0
263 T 57 134 261 0 0
263 T 427 0 422 0 0
263 T 306 427 8 0 0
263 T 321 0 308 0 0
263 T 420 107 429 0 0
263 T 215 105 222 0 0
263 T 93 324 489 0 0
263 T 491 0 496 0 0
263 T 494 305 95 0 0
263 T 284 354 248 0 0
263 T 295 134 164 0 0
263 T 162 125 97 0 0
263 T 99 142 293 0 0
263 T 544 470 398 0 0
263 T 403 458 542 0 0
263 T 475 2 497 0 0
263 T 327 265 24 0 0
263 T 10 267 362 0 0
263 T 454 502 251 0 0
263 T 249 515 459 0 0
263 T 452 513 502 0 0
263 T 240 111 164 0 0
263 T 558 409 186 0 0
263 T 198 525 560 0 0
263 T 525 329 409 0 0
263 T 543 511 146 0 0
263 T 137 506 541 0 0
263 T 511 508 123 0 0
263 T 165 157 265 0 0
263 T 157 208 10 0 0
263 T 518 444 348 0 0
263 T 546 312 520 0 0
263 T 346 165 548 0 0
263 T 312 167 444 0 0
263 T 77 568 525 0 0
263 T 527 54 567 0 0
263 T 457 482 511 0 0
263 T 482 513 476 0 0
263 T 17 365 520 0 0
263 T 356 187 550 0 0
263 T 552 320 532 0 0
263 T 466 318 187 0 0
263 T 254 168 212 0 0
263 T 210 229 155 0 0
263 T 142 231 168 0 0
263 T 84 568 560 0 0
263 T 390 397 4 0 0
263 T 410 137 392 0 0
263 T 3 503 412 0 0
263 T 137 501 397 0 0
263 T 21 228 149 0 0
263 T 3 250 228 0 0
263 T 352 383 147 0 0
263 T 145 465 151 0 0
263 T 316 242 90 0 0
263 T 242 33 342 0 0
263 T 163 365 165 0 0
263 T 232 220 161 0 0
263 T 220 141 365 0 0
263 T 145 317 241 0 0
263 T 138 267 310 0 0
263 T 312 107 317 0 0
263 T 564 429 364 0 0
263 T 521 54 562 0 0
263 T 293 96 175 0 0
263 T 173 104 144 0 0
263 T 208 19 160 0 0
263 T 462 258 484 0 0
263 T 258 205 3 0 0
263 T 67 321 175 0 0
263 T 450 379 158 0 0
263 T 258 507 452 0 0
263 T 507 14 379 0 0
263 T 171 359 218 0 0
263 T 388 226 185 0 0
263 T 469 508 503 0 0
263 T 514 259 471 0 0
263 T 486 452 1 0 0
263 T 377 335 2 0 0
263 T 196 133 93 0 0
263 T 101 255 194 0 0
263 T 428 373 359 0 0
263 T 373 183 448 0 0
263 T 446 290 357 0 0
263 T 195 168 339 0 0
263 T 368 76 520 0 0
263 T 546 71 366 0 0
263 T 381 186 155 0 0
263 T 210 109 383 0 0
263 T 109 229 186 0 0
263 T 212 179 357 0 0
263 T 269 219 2 0 0
263 T 453 192 407 0 0
263 T 405 348 460 0 0
263 T 348 190 451 0 0
263 T 35 553 564 0 0
263 T 388 478 330 0 0
263 T 374 0 391 0 0
263 T 6 393 429 0 0
263 T 420 408 5 0 0
263 T 222 131 103 0 0
263 T 131 213 89 0 0
263 T 43 107 41 0 0
263 T 335 132 217 0 0
263 T 102 304 266 0 0
263 T 381 74 532 0 0
263 T 174 224 140 0 0
263 T 121 302 316 0 0
263 T 183 146 216 0 0
263 T 196 85 198 0 0
263 T 85 51 50 0 0
263 T 243 186 151 0 0
263 T 385 525 224 0 0
263 T 548 56 367 0 0
263 T 11 152 226 0 0
263 T 386 244 12 0 0
263 U 30 2 2 0 0
263 U 3 2 2 -1 1
263 U 20 2 2 -1 1
263 U 12 8 7 0 0
263 U 33 7 8 0 0
263 U 277 8 8 0 0
263 U 32 8 7 0 0
263 U 7 7 8 0 0
263 U 536 12 10 0 0
263 U 281 10 11 0 0
263 U 59 11 12 0 0
263 U 273 12 9 0 0
263 U 61 9 10 0 0
263 U 495 11 9 0 0
263 U 66 12 11 0 0
263 U 64 10 9 0 0
263 U 48 14 13 0 0
263 U 43 13 14 0 0
263 U 311 14 14 0 0
263 U 75 13 14 0 0
263 U 72 14 13 0 0
263 U 203 3 3 0 0
263 U 15 4 3 0 0
263 U 1 3 4 0 0
263 U 5 3 4 0 0
263 U 35 4 3 0 0
263 U 84 16 15 0 0
263 U 200 15 15 0 0
263 U 78 15 16 0 0
263 U 49 16 15 0 0
263 U 45 15 16 1 0
263 U 81 17 18 0 0
263 U 195 18 18 0 0
263 U 80 18 17 0 0
263 U 51 17 18 0 0
263 U 46 18 17 0 0
263 U 6 6 5 0 0
263 U 190 5 5 0 0
263 U 37 5 6 0 0
263 U 18 5 6 0 0
263 U 2 6 5 -1 0
263 U 47 19 20 0 0
263 U 41 20 19 0 0
263 U 319 19 19 0 0
263 U 73 20 19 0 0
263 U 70 19 20 0 0
263 U 539 21 23 0 0
263 U 56 23 24 0 0
263 U 299 24 21 0 0
263 U 67 21 22 0 0
263 U 295 22 23 0 0
263 U 490 23 21 0 0
263 U 65 23 24 0 0
263 U 58 21 22 0 0
263 U 290 26 26 0 0
263 U 8 26 25 -1 0
263 U 26 25 26 0 0
263 U 9 25 26 0 0
263 U 23 26 25 0 0
263 U 22 1 1 0 -1
263 U 4 1 1 0 -1
263 U 28 1 1 0 0
