310 A 11 0 0 -4 0 4
310 A 17 0 0 -2 0 2
310 A 0 1 -61 0 61 0
310 A -3 1 -141 -1 141 1
310 A 3 1 141 -1 -141 1
310 A -8 1 -59 -1 59 1
310 A 8 1 59 -1 -59 1
310 A -9 1 -110 -3 110 3
310 A 9 1 110 -3 -110 3
310 A 22 0 11 -4 -11 4
310 A 34 0 17 -2 -17 2
310 A 0 2 -61 0 61 0
310 A 0 2 -249 0 249 0
310 A 0 2 -309 0 309 0
310 A 0 4 -371 0 371 0
310 A 6 0 3 -1 3 -1
310 A 7 0 0 -2 0 -2
310 A 9 0 0 -4 0 -4
310 A 14 0 7 -5 7 -5
310 A 17 0 0 -8 0 -8
310 A 18 0 9 -5 9 -5
310 A 19 0 0 -4 0 -4
310 A 21 0 0 -2 0 -2
310 A 21 0 0 -5 0 -5
310 A 27 0 0 -5 0 -5
310 A 41 0 0 -5 0 -5
310 A 49 0 0 -12 0 -12
310 A 51 0 0 -25 0 -25
310 A 57 0 0 -4 0 -4
310 A 57 0 0 -23 0 -23
310 A 83 0 0 -7 0 -7
310 A 123 0 0 -46 0 -46
310 A 137 0 0 -23 0 -23
310 A 147 0 0 -37 0 -37
310 A 153 0 0 -76 0 -76
310 A 4 0 -1 -1 -1 1
310 A 5 0 -1 -1 1 -1
310 A 5 0 -2 -1 -2 1
310 A 5 0 -1 -2 1 -2
310 A 5 0 -2 -2 -2 2
310 A 6 0 -1 -1 -1 1
310 A 7 0 0 -1 0 3
310 A 7 0 -1 -1 -2 2
310 A 7 0 1 -1 2 2
310 A 7 0 -2 -1 -2 1
310 A 7 0 -3 -1 -1 -2
310 A 7 0 3 -1 1 -2
310 A 7 0 -3 -2 1 -3
310 A 7 0 3 -2 -1 -3
310 A 7 0 -2 -3 2 -3
310 A 7 0 -3 -3 -3 3
310 A 8 0 -1 -1 -1 1
310 A 8 0 -3 -1 -3 1
310 A 8 0 -1 -3 -1 3
310 A 8 0 -3 -3 -3 3
310 A 9 0 0 -1 0 2
310 A 9 0 -1 -1 2 -2
310 A 9 0 1 -1 -2 -2
310 A 9 0 -2 -1 -2 1
310 A 9 0 -3 -1 3 2
310 A 9 0 3 -1 -3 2
310 A 9 0 -4 -1 2 4
310 A 9 0 4 -1 -2 4
310 A 9 0 -1 -2 -1 2
310 A 9 0 -4 -2 -1 -4
310 A 9 0 4 -2 1 -4
310 A 9 0 -3 -4 3 -4
310 A 9 0 -4 -4 -4 4
310 A 10 0 -1 -1 1 -1
310 A 10 0 -3 -1 -3 1
310 A 10 0 -1 -3 1 -3
310 A 10 0 -3 -3 -3 3
310 A 11 0 0 -1 0 5
310 A 11 0 -1 -1 4 -4
310 A 11 0 1 -1 -4 -4
310 A 11 0 -2 -1 4 -2
310 A 11 0 2 -1 -4 -2
310 A 11 0 -4 -1 -1 3
310 A 11 0 4 -1 1 3
310 A 11 0 -5 -1 1 2
310 A 11 0 5 -1 -1 2
310 A 11 0 0 -2 0 -3
310 A 11 0 -2 -2 2 -2
310 A 11 0 -3 -2 -5 -4
310 A 11 0 3 -2 5 -4
310 A 11 0 -3 -3 5 -5
310 A 11 0 3 -3 -5 -5
310 A 11 0 -4 -3 4 -3
310 A 11 0 -5 -3 -5 3
310 A 11 0 -2 -4 -3 -5
310 A 11 0 2 -4 3 -5
310 A 11 0 -3 -4 -1 5
310 A 11 0 3 -4 1 5
310 A 11 0 -2 -5 -2 5
310 A 12 0 -1 -1 -1 1
310 A 12 0 -3 -1 -3 5
310 A 12 0 3 -1 3 5
310 A 12 0 -5 -1 -5 1
310 A 12 0 -1 -5 -1 5
310 A 12 0 -5 -5 -5 5
310 A 13 0 0 -1 0 -6
310 A 13 0 -1 -1 -1 1
310 A 13 0 -2 -1 1 6
310 A 13 0 2 -1 -1 6
310 A 13 0 -3 -1 6 -2
310 A 13 0 3 -1 -6 -2
310 A 13 0 -4 -1 4 -1
310 A 13 0 -5 -1 -6 -4
310 A 13 0 5 -1 6 -4
310 A 13 0 -6 -1 4 -5
310 A 13 0 6 -1 -4 -5
310 A 13 0 0 -2 0 -3
310 A 13 0 -1 -2 -2 4
310 A 13 0 1 -2 2 4
310 A 13 0 -2 -2 6 -6
310 A 13 0 2 -2 -6 -6
310 A 13 0 -3 -2 3 -2
310 A 13 0 -4 -2 -6 3
310 A 13 0 4 -2 6 3
310 A 13 0 -5 -2 -2 6
310 A 13 0 5 -2 2 6
310 A 13 0 -1 -3 3 4
310 A 13 0 1 -3 -3 4
310 A 13 0 -2 -3 -2 3
310 A 13 0 -3 -3 4 -4
310 A 13 0 3 -3 -4 -4
310 A 13 0 -4 -3 -2 -5
310 A 13 0 4 -3 2 -5
310 A 13 0 -5 -3 -3 -6
310 A 13 0 5 -3 3 -6
310 A 13 0 0 -4 0 5
310 A 13 0 -1 -4 5 6
310 A 13 0 1 -4 -5 6
310 A 13 0 -5 -4 3 -5
310 A 13 0 5 -4 -3 -5
310 A 13 0 -1 -5 -4 -6
310 A 13 0 1 -5 4 -6
310 A 13 0 -5 -5 5 -5
310 A 13 0 -6 -5 -6 5
310 A 14 0 -1 -1 5 -5
310 A 14 0 1 -1 -5 -5
310 A 14 0 -3 -1 -1 5
310 A 14 0 3 -1 1 5
310 A 14 0 -5 -1 -5 1
310 A 14 0 7 -1 7 3
310 A 14 0 -1 -3 3 5
310 A 14 0 1 -3 -3 5
310 A 14 0 -3 -3 -3 3
310 A 14 0 -5 -3 5 -3
310 A 15 0 -1 -1 -4 4
310 A 15 0 1 -1 4 4
310 A 15 0 -2 -1 -2 1
310 A 15 0 -3 -1 -3 -4
310 A 15 0 3 -1 3 -4
310 A 15 0 -4 -1 -1 4
310 A 15 0 4 -1 1 4
310 A 15 0 -6 -1 6 -1
310 A 15 0 -7 -1 -7 1
310 A 15 0 -1 -2 -4 -7
310 A 15 0 1 -2 4 -7
310 A 15 0 -2 -2 -2 2
310 A 15 0 -3 -2 -3 7
310 A 15 0 3 -2 3 7
310 A 15 0 -4 -2 -1 -7
310 A 15 0 4 -2 1 -7
310 A 15 0 -6 -2 6 -2
310 A 15 0 -7 -2 -7 2
310 A 15 0 -2 -4 -2 4
310 A 15 0 -6 -4 6 -4
310 A 15 0 -7 -4 -7 4
310 A 15 0 -2 -7 -2 7
310 A 15 0 -6 -7 6 -7
310 A 15 0 -7 -7 -7 7
310 A 16 0 -1 -1 7 -7
310 A 16 0 1 -1 -7 -7
310 A 16 0 -3 -1 -3 1
310 A 16 0 -5 -1 -5 1
310 A 16 0 -7 -1 1 -7
310 A 16 0 7 -1 -1 -7
310 A 16 0 -1 -3 7 -5
310 A 16 0 1 -3 -7 -5
310 A 16 0 -3 -3 -3 3
310 A 16 0 -5 -3 -5 3
310 A 16 0 -7 -3 1 -5
310 A 16 0 7 -3 -1 -5
310 A 16 0 -3 -5 -3 5
310 A 16 0 -5 -5 -5 5
310 A 16 0 -3 -7 -3 7
310 A 16 0 -5 -7 -5 7
310 A 17 0 0 -1 0 4
310 A 17 0 -1 -1 7 -7
310 A 17 0 1 -1 -7 -7
310 A 17 0 -2 -1 -4 2
310 A 17 0 2 -1 4 2
310 A 17 0 -3 -1 -5 -4
310 A 17 0 3 -1 5 -4
310 A 17 0 -4 -1 7 -6
310 A 17 0 4 -1 -7 -6
310 A 17 0 -5 -1 -1 7
310 A 17 0 5 -1 1 7
310 A 17 0 -6 -1 1 -3
310 A 17 0 6 -1 -1 -3
310 A 17 0 -7 -1 -5 8
310 A 17 0 7 -1 5 8
310 A 17 0 -2 -2 -5 5
310 A 17 0 2 -2 5 5
310 A 17 0 -3 -2 -6 4
310 A 17 0 3 -2 6 4
310 A 17 0 -5 -2 8 7
310 A 17 0 5 -2 -8 7
310 A 17 0 -6 -2 6 -2
310 A 17 0 -7 -2 -8 -5
310 A 17 0 7 -2 8 -5
310 A 17 0 -8 -2 -5 -3
310 A 17 0 8 -2 5 -3
310 A 17 0 0 -3 0 7
310 A 17 0 -2 -3 6 8
310 A 17 0 2 -3 -6 8
310 A 17 0 -3 -3 8 -8
310 A 17 0 3 -3 -8 -8
310 A 17 0 -4 -3 4 -3
310 A 17 0 -6 -3 -7 -5
310 A 17 0 6 -3 7 -5
310 A 17 0 -8 -3 -4 -7
310 A 17 0 8 -3 4 -7
310 A 17 0 -1 -4 -6 7
310 A 17 0 1 -4 6 7
310 A 17 0 -3 -4 4 6
310 A 17 0 3 -4 -4 6
310 A 17 0 -4 -4 6 -6
310 A 17 0 4 -4 -6 -6
310 A 17 0 -7 -4 -4 -5
310 A 17 0 7 -4 4 -5
310 A 17 0 -8 -4 -1 -8
310 A 17 0 8 -4 1 -8
310 A 17 0 0 -5 0 -6
310 A 17 0 -1 -5 -1 5
310 A 17 0 -2 -5 1 6
310 A 17 0 2 -5 -1 6
310 A 17 0 -3 -5 -2 -8
310 A 17 0 3 -5 2 -8
310 A 17 0 -2 -6 3 8
310 A 17 0 2 -6 -3 8
310 A 17 0 -5 -6 -5 6
310 A 17 0 -8 -6 2 7
310 A 17 0 8 -6 -2 7
310 A 17 0 -3 -7 3 -7
310 A 17 0 -7 -8 -7 8
310 A 0 1 -19 0 49 0
310 A 0 1 -21 0 -59 0
310 A 0 1 -23 0 27 0
310 A 0 1 -33 0 47 0
310 A 0 1 -37 0 -67 0
310 A 0 1 -39 0 -151 0
310 A 0 1 -41 0 121 0
310 A 0 1 -51 0 -79 0
310 A 0 1 -53 0 117 0
310 A 0 1 -63 0 -123 0
310 A 0 1 -77 0 153 0
310 A 0 1 -81 0 111 0
310 A 0 1 -83 0 127 0
310 A 0 1 -97 0 -147 0
310 A 0 1 -129 0 149 0
310 A -1 1 -18 0 121 0
310 A -1 1 -19 0 131 0
310 A -1 1 -20 0 140 0
310 A -1 1 -23 0 -27 0
310 A -1 1 -33 0 66 0
310 A -1 1 -37 0 -42 0
310 A -1 1 -47 0 -86 0
310 A -1 1 -49 0 146 0
310 A -1 1 -71 0 92 0
310 A -1 1 -73 0 98 0
310 A -1 1 -82 0 110 0
310 A 1 1 -18 0 121 0
310 A 1 1 -19 0 131 0
310 A 1 1 -20 0 140 0
310 A 1 1 -23 0 -27 0
310 A 1 1 -33 0 66 0
310 A 1 1 -37 0 -42 0
310 A 1 1 -47 0 -86 0
310 A 1 1 -49 0 146 0
310 A 1 1 -71 0 92 0
310 A 1 1 -73 0 98 0
310 A 1 1 -82 0 110 0
310 A -2 1 -19 0 -33 0
310 A -2 1 -23 0 41 0
310 A -2 1 -25 0 -111 -1
310 A -2 1 -27 0 -91 -1
310 A -2 1 -31 0 -79 -1
310 A -2 1 -39 0 151 1
310 A -2 1 -47 0 145 1
310 A -2 1 -49 0 139 1
310 A -2 1 -51 0 115 1
310 A -2 1 -53 0 -77 0
310 A -2 1 -55 0 -135 -1
310 A -2 1 -59 0 -147 -1
310 A -2 1 -67 0 75 0
310 A -2 1 -77 -1 -153 -1
310 A -2 1 -81 -1 -85 -1
310 A -2 1 -93 -1 117 1
310 A -2 1 -97 -1 -109 -1
310 A -2 1 -129 -1 -149 -1
310 A 2 1 -19 0 -33 0
310 A 2 1 -23 0 41 0
310 A 2 1 -25 0 -111 1
310 A 2 1 -27 0 -91 1
310 A 2 1 -31 0 -79 1
310 A 2 1 -39 0 151 -1
310 A 2 1 -47 0 145 -1
310 A 2 1 -49 0 139 -1
310 A 2 1 -51 0 115 -1
310 A 2 1 -53 0 -77 0
310 A 2 1 -55 0 -135 1
310 A 2 1 -59 0 -147 1
310 A 2 1 -67 0 75 0
310 A 2 1 77 -1 153 -1
310 A 2 1 81 -1 85 -1
310 A 2 1 93 -1 -117 1
310 A 2 1 97 -1 109 -1
310 A 2 1 129 -1 149 -1
310 A -3 1 -18 0 -121 -1
310 A -3 1 -19 0 81 1
310 A -3 1 -28 0 54 1
310 A -3 1 -30 0 114 1
310 A -3 1 -34 0 119 1
310 A -3 1 -48 0 110 1
310 A -3 1 -50 0 131 1
310 A -3 1 -56 -1 143 1
310 A -3 1 -64 -1 97 1
310 A -3 1 -83 -1 112 1
310 A 3 1 -18 0 -121 1
310 A 3 1 -19 0 81 -1
310 A 3 1 -28 0 54 -1
310 A 3 1 -30 0 114 -1
310 A 3 1 -34 0 119 -1
310 A 3 1 -48 0 110 -1
310 A 3 1 -50 0 131 -1
310 A 3 1 56 -1 -143 1
310 A 3 1 64 -1 -97 1
310 A 3 1 83 -1 -112 1
310 A 18 0 -5 -1 7 -5
310 A 18 0 5 -1 -7 -5
310 A 18 0 -7 -1 -7 1
310 A 18 0 9 -1 9 -7
310 A 18 0 -1 -5 5 -7
310 A 18 0 1 -5 -5 -7
310 A 18 0 -3 -5 3 -5
310 A 18 0 -5 -5 -5 5
310 A 18 0 -1 -7 -1 7
310 A -4 1 -19 0 99 1
310 A -4 1 -21 0 -31 0
310 A -4 1 -23 0 -81 -1
310 A -4 1 -27 0 149 2
310 A -4 1 -33 0 -75 -1
310 A -4 1 -39 0 -113 -1
310 A -4 1 -37 -1 -151 -2
310 A -4 1 -39 -1 87 1
310 A -4 1 -45 -1 -145 -2
310 A -4 1 -47 -1 -139 -2
310 A -4 1 -49 -1 -115 -2
310 A -4 1 -51 -1 79 1
310 A -4 1 -53 -1 135 2
310 A -4 1 -57 -1 147 2
310 A -4 1 -65 -1 -129 -2
310 A -4 1 -67 -1 -97 -1
310 A -4 1 -73 -1 -119 -2
310 A -4 1 -93 -1 117 1
310 A -4 1 -95 -1 -127 -2
310 A 4 1 -19 0 99 -1
310 A 4 1 -21 0 -31 0
310 A 4 1 -23 0 -81 1
310 A 4 1 -27 0 149 -2
310 A 4 1 -33 0 -75 1
310 A 4 1 -39 0 -113 1
310 A 4 1 37 -1 151 -2
310 A 4 1 39 -1 -87 1
310 A 4 1 45 -1 145 -2
310 A 4 1 47 -1 139 -2
310 A 4 1 49 -1 115 -2
310 A 4 1 51 -1 -79 1
310 A 4 1 53 -1 -135 2
310 A 4 1 57 -1 -147 2
310 A 4 1 65 -1 129 -2
310 A 4 1 67 -1 97 -1
310 A 4 1 73 -1 119 -2
310 A 4 1 93 -1 -117 1
310 A 4 1 95 -1 127 -2
310 A -5 1 -19 0 -131 -2
310 A -5 1 -22 0 -127 -2
310 A -5 1 -23 0 92 2
310 A -5 1 -29 0 94 2
310 A -5 1 -32 0 -147 -2
310 A -5 1 -33 0 122 2
310 A -5 1 -29 -1 64 1
310 A -5 1 -34 -1 -136 -2
310 A -5 1 -39 -1 94 1
310 A -5 1 -48 -1 -148 -2
310 A -5 1 -59 -1 84 1
310 A -5 1 -66 -1 141 2
310 A -5 1 -71 -1 -109 -2
310 A -5 1 -83 -1 -108 -2
310 A -5 1 -91 -2 126 2
310 A -5 1 -113 -2 -118 -2
310 A -5 1 -121 -2 146 2
310 A 5 1 -19 0 -131 2
310 A 5 1 -22 0 -127 2
310 A 5 1 -23 0 92 -2
310 A 5 1 -29 0 94 -2
310 A 5 1 -32 0 -147 2
310 A 5 1 -33 0 122 -2
310 A 5 1 29 -1 -64 1
310 A 5 1 34 -1 136 -2
310 A 5 1 39 -1 -94 1
310 A 5 1 48 -1 148 -2
310 A 5 1 59 -1 -84 1
310 A 5 1 66 -1 -141 2
310 A 5 1 71 -1 109 -2
310 A 5 1 83 -1 108 -2
310 A 5 1 91 -2 -126 2
310 A 5 1 113 -2 118 -2
310 A 5 1 121 -2 -146 2
310 A -6 1 -19 0 -79 -2
310 A -6 1 -21 0 27 1
310 A -6 1 -25 0 -77 -1
310 A -6 1 -23 -1 -149 -3
310 A -6 1 -29 -1 77 2
310 A -6 1 -35 -1 -123 -2
310 A -6 1 -39 -1 -111 -2
310 A -6 1 -41 -1 75 1
310 A -6 1 -49 -1 133 3
310 A -6 1 -53 -1 -117 -2
310 A -6 1 -59 -1 -147 -3
310 A -6 1 -67 -1 -97 -2
310 A -6 1 -69 -1 -131 -2
310 A -6 1 -73 -1 -115 -2
310 A -6 1 -85 -2 -95 -2
310 A -6 1 -91 -2 -119 -2
310 A -6 1 -93 -2 127 3
310 A 6 1 -19 0 -79 2
310 A 6 1 -21 0 27 -1
310 A 6 1 -25 0 -77 1
310 A 6 1 23 -1 149 -3
310 A 6 1 29 -1 -77 2
310 A 6 1 35 -1 123 -2
310 A 6 1 39 -1 111 -2
310 A 6 1 41 -1 -75 1
310 A 6 1 49 -1 -133 3
310 A 6 1 53 -1 117 -2
310 A 6 1 59 -1 147 -3
310 A 6 1 67 -1 97 -2
310 A 6 1 69 -1 131 -2
310 A 6 1 73 -1 115 -2
310 A 6 1 85 -2 95 -2
310 A 6 1 91 -2 119 -2
310 A 6 1 93 -2 -127 3
310 A -7 1 -19 0 -149 -3
310 A -7 1 -22 0 42 1
310 A -7 1 -23 0 -64 -2
310 A -7 1 -24 -1 118 3
310 A -7 1 -27 -1 -81 -2
310 A -7 1 -31 -1 -71 -2
310 A -7 1 -40 -1 -70 -2
310 A -7 1 -47 -1 -99 -2
310 A -7 1 -61 -1 111 3
310 A -7 1 -69 -1 116 3
310 A -7 1 -68 -2 141 3
310 A -7 1 -112 -2 -130 -3
310 A 7 1 -19 0 -149 3
310 A 7 1 -22 0 42 -1
310 A 7 1 -23 0 -64 2
310 A 7 1 24 -1 -118 3
310 A 7 1 27 -1 81 -2
310 A 7 1 31 -1 71 -2
310 A 7 1 40 -1 70 -2
310 A 7 1 47 -1 99 -2
310 A 7 1 61 -1 -111 3
310 A 7 1 69 -1 -116 3
310 A 7 1 68 -2 -141 3
310 A 7 1 112 -2 130 -3
310 A 19 0 -8 -1 5 -3
310 A 19 0 8 -1 -5 -3
310 A 19 0 -9 -1 6 -7
310 A 19 0 9 -1 -6 -7
310 A 19 0 0 -2 0 -8
310 A 19 0 -1 -2 -3 6
310 A 19 0 1 -2 3 6
310 A 19 0 -3 -2 7 8
310 A 19 0 3 -2 -7 8
310 A 19 0 -5 -2 -3 5
310 A 19 0 5 -2 3 5
310 A 19 0 -6 -2 2 -7
310 A 19 0 6 -2 -2 -7
310 A 19 0 -7 -2 4 7
310 A 19 0 7 -2 -4 7
310 A 19 0 -8 -2 7 3
310 A 19 0 8 -2 -7 3
310 A 19 0 -9 -2 -1 -4
310 A 19 0 9 -2 1 -4
310 A 19 0 -1 -3 9 -8
310 A 19 0 1 -3 -9 -8
310 A 19 0 -2 -3 2 -3
310 A 19 0 -6 -3 -5 -7
310 A 19 0 6 -3 5 -7
310 A 19 0 -8 -3 2 4
310 A 19 0 8 -3 -2 4
310 A 19 0 -6 -4 -6 4
310 A 19 0 -8 -4 1 9
310 A 19 0 8 -4 -1 9
310 A 19 0 -9 -4 -8 -7
310 A 19 0 9 -4 8 -7
310 A 19 0 0 -5 0 -7
310 A 19 0 -1 -5 -1 5
310 A 19 0 -2 -5 1 7
310 A 19 0 2 -5 -1 7
310 A 19 0 -6 -5 8 6
310 A 19 0 6 -5 -8 6
310 A 19 0 -7 -5 5 -9
310 A 19 0 7 -5 -5 -9
310 A 19 0 -9 -5 3 -8
310 A 19 0 9 -5 -3 -8
310 A 19 0 -4 -6 1 8
310 A 19 0 4 -6 -1 8
310 A 19 0 -9 -6 -4 9
310 A 19 0 9 -6 4 9
310 A 19 0 -3 -7 -3 7
310 A 19 0 -7 -7 7 -7
310 A 19 0 -9 -7 2 9
310 A 19 0 9 -7 -2 9
310 A 19 0 -4 -8 4 -8
310 A 19 0 -3 -9 3 -9
310 A -8 1 -21 0 -73 -2
310 A -8 1 -23 0 -57 -1
310 A -8 1 -19 -1 81 2
310 A -8 1 -27 -1 139 4
310 A -8 1 -31 -1 -139 -3
310 A -8 1 -35 -1 71 2
310 A -8 1 -37 -1 109 3
310 A -8 1 -41 -1 -121 -3
310 A -8 1 -61 -1 87 2
310 A -8 1 -55 -2 -63 -2
310 A -8 1 -65 -2 133 3
310 A -8 1 -85 -2 -113 -3
310 A -8 1 -93 -2 143 4
310 A -8 1 -95 -2 131 3
310 A -8 1 -97 -2 -115 -3
310 A -8 1 -93 -3 -147 -4
310 A -8 1 -107 -3 -145 -4
310 A -8 1 -111 -3 137 4
310 A 8 1 -21 0 -73 2
310 A 8 1 -23 0 -57 1
310 A 8 1 19 -1 -81 2
310 A 8 1 27 -1 -139 4
310 A 8 1 31 -1 139 -3
310 A 8 1 35 -1 -71 2
310 A 8 1 37 -1 -109 3
310 A 8 1 41 -1 121 -3
310 A 8 1 61 -1 -87 2
310 A 8 1 55 -2 63 -2
310 A 8 1 65 -2 -133 3
310 A 8 1 85 -2 113 -3
310 A 8 1 93 -2 -143 4
310 A 8 1 95 -2 -131 3
310 A 8 1 97 -2 115 -3
310 A 8 1 93 -3 147 -4
310 A 8 1 107 -3 145 -4
310 A 8 1 111 -3 -137 4
310 A -9 1 -20 0 140 4
310 A -9 1 -21 0 122 3
310 A -9 1 -13 -1 124 4
310 A -9 1 -15 -1 -87 -3
310 A -9 1 -28 -1 56 2
310 A -9 1 -36 -1 -112 -3
310 A -9 1 -38 -1 -147 -4
310 A -9 1 -44 -1 -50 -1
310 A -9 1 -52 -2 126 4
310 A -9 1 -65 -2 -143 -4
310 A -9 1 -71 -2 -96 -3
310 A -9 1 -73 -2 -89 -3
310 A -9 1 -75 -2 149 4
310 A 9 1 -20 0 140 -4
310 A 9 1 -21 0 122 -3
310 A 9 1 13 -1 -124 4
310 A 9 1 15 -1 87 -3
310 A 9 1 28 -1 -56 2
310 A 9 1 36 -1 112 -3
310 A 9 1 38 -1 147 -4
310 A 9 1 44 -1 50 -1
310 A 9 1 52 -2 -126 4
310 A 9 1 65 -2 143 -4
310 A 9 1 71 -2 96 -3
310 A 9 1 73 -2 89 -3
310 A 9 1 75 -2 -149 4
310 A 20 0 -9 -2 9 -2
310 A 20 0 -7 -3 -7 3
310 A 20 0 -9 -6 9 -6
310 A 20 0 -3 -9 -3 9
310 A -10 1 -11 -1 -29 -1
310 A -10 1 -13 -1 77 3
310 A -10 1 -23 -1 67 2
310 A -10 1 -33 -1 -113 -3
310 A -10 1 -39 -1 119 4
310 A -10 1 -43 -1 107 4
310 A -10 1 -51 -1 91 3
310 A -10 1 -51 -2 -139 -4
310 A -10 1 -69 -2 99 3
310 A -10 1 -73 -2 77 2
310 A -10 1 -83 -3 97 3
310 A 10 1 11 -1 29 -1
310 A 10 1 13 -1 -77 3
310 A 10 1 23 -1 -67 2
310 A 10 1 33 -1 113 -3
310 A 10 1 39 -1 -119 4
310 A 10 1 43 -1 -107 4
310 A 10 1 51 -1 -91 3
310 A 10 1 51 -2 139 -4
310 A 10 1 69 -2 -99 3
310 A 10 1 73 -2 -77 2
310 A 10 1 83 -3 -97 3
310 A -11 1 -11 -1 65 3
310 A -11 1 -12 -1 53 2
310 A -11 1 -15 -1 -83 -3
310 A -11 1 -21 -1 -147 -5
310 A -11 1 -26 -1 -143 -5
310 A -11 1 -39 -1 -126 -5
310 A -11 1 -45 -1 -122 -5
310 A -11 1 -37 -2 -124 -4
310 A -11 1 -43 -2 93 3
310 A -11 1 -58 -2 -123 -4
310 A -11 1 -60 -2 150 5
310 A -11 1 -72 -2 133 5
310 A -11 1 -69 -3 98 3
310 A -11 1 -80 -3 -120 -4
310 A -11 1 -81 -3 -111 -4
310 A -11 1 -104 -3 -107 -4
310 A 11 1 11 -1 -65 3
310 A 11 1 12 -1 -53 2
310 A 11 1 15 -1 83 -3
310 A 11 1 21 -1 147 -5
310 A 11 1 26 -1 143 -5
310 A 11 1 39 -1 126 -5
310 A 11 1 45 -1 122 -5
310 A 11 1 37 -2 124 -4
310 A 11 1 43 -2 -93 3
310 A 11 1 58 -2 123 -4
310 A 11 1 60 -2 -150 5
310 A 11 1 72 -2 -133 5
310 A 11 1 69 -3 -98 3
310 A 11 1 80 -3 120 -4
310 A 11 1 81 -3 111 -4
310 A 11 1 104 -3 107 -4
310 A 21 0 -4 -2 -1 -10
310 A 21 0 4 -2 1 -10
310 A 21 0 -5 -2 1 8
310 A 21 0 5 -2 -1 8
310 A 21 0 -1 -5 -10 8
310 A 21 0 1 -5 10 8
310 A 21 0 -8 -5 4 8
310 A 21 0 8 -5 -4 8
310 A 21 0 -9 -5 6 -8
310 A 21 0 9 -5 -6 -8
310 A 21 0 0 -8 0 10
310 A 21 0 -5 -8 -5 8
310 A 21 0 -4 -10 -4 10
310 A -12 1 -17 -1 35 1
310 A -12 1 -19 -1 -145 -5
310 A -12 1 -25 -1 87 4
310 A -12 1 -27 -1 115 4
310 A -12 1 -31 -1 -59 -3
310 A -12 1 -35 -2 117 5
310 A -12 1 -63 -3 85 4
310 A -12 1 -67 -3 -83 -3
310 A -12 1 -91 -3 95 4
310 A -12 1 -93 -4 113 4
310 A 12 1 17 -1 -35 1
310 A 12 1 19 -1 145 -5
310 A 12 1 25 -1 -87 4
310 A 12 1 27 -1 -115 4
310 A 12 1 31 -1 59 -3
310 A 12 1 35 -2 -117 5
310 A 12 1 63 -3 -85 4
310 A 12 1 67 -3 83 -3
310 A 12 1 91 -3 -95 4
310 A 12 1 93 -4 -113 4
310 A -13 1 -13 -1 77 4
310 A -13 1 -16 -1 -20 -1
310 A -13 1 -25 -1 -37 -2
310 A -13 1 -29 -1 -31 -2
310 A -13 1 -33 -1 -112 -5
310 A -13 1 -38 -1 -138 -6
310 A -13 1 -49 -2 133 5
310 A -13 1 -63 -2 118 5
310 A -13 1 -94 -4 -122 -5
310 A -13 1 -107 -5 -142 -6
310 A 13 1 13 -1 -77 4
310 A 13 1 16 -1 20 -1
310 A 13 1 25 -1 37 -2
310 A 13 1 29 -1 31 -2
310 A 13 1 33 -1 112 -5
310 A 13 1 38 -1 138 -6
310 A 13 1 49 -2 -133 5
310 A 13 1 63 -2 -118 5
310 A 13 1 94 -4 122 -5
310 A 13 1 107 -5 142 -6
310 A 22 0 -7 -3 7 -3
310 A 22 0 11 -3 11 9
310 A -14 1 -15 -1 -101 -4
310 A -14 1 -21 -1 -103 -4
310 A -14 1 -49 -3 -83 -4
310 A -14 1 -137 -7 -141 -7
310 A 14 1 15 -1 101 -4
310 A 14 1 21 -1 103 -4
310 A 14 1 49 -3 83 -4
310 A 14 1 137 -7 141 -7
310 A 23 0 -1 -2 -1 2
310 A 23 0 -3 -2 7 3
310 A 23 0 3 -2 -7 3
310 A 23 0 -7 -2 7 -2
310 A 23 0 -8 -2 -11 -3
310 A 23 0 8 -2 11 -3
310 A 23 0 -11 -2 -3 11
310 A 23 0 11 -2 3 11
310 A 23 0 0 -3 0 -7
310 A 23 0 0 -4 0 -11
310 A 23 0 -1 -4 -10 -6
310 A 23 0 1 -4 10 -6
310 A 23 0 -8 -4 10 -5
310 A 23 0 8 -4 -10 -5
310 A 23 0 -2 -6 -10 7
310 A 23 0 2 -6 10 7
310 A 23 0 -11 -6 1 -11
310 A 23 0 11 -6 -1 -11
310 A 23 0 -2 -11 2 -11
310 A -15 1 -37 -1 -42 -2
310 A -15 1 -67 -4 108 6
310 A -15 1 -68 -4 -88 -5
310 A -15 1 -82 -4 -87 -5
310 A -15 1 -99 -4 144 7
310 A 15 1 37 -1 42 -2
310 A 15 1 67 -4 -108 6
310 A 15 1 68 -4 88 -5
310 A 15 1 82 -4 87 -5
310 A 15 1 99 -4 -144 7
310 A -16 1 -23 -2 135 7
310 A 16 1 23 -2 -135 7
310 A 24 0 -1 -5 -1 5
310 A -17 1 -24 -1 144 7
310 A -17 1 -27 -1 92 5
310 A -17 1 -31 -1 -151 -8
310 A -17 1 -45 -3 88 4
310 A -17 1 -75 -4 -120 -6
310 A -17 1 -89 -4 129 7
310 A 17 1 24 -1 -144 7
310 A 17 1 27 -1 -92 5
310 A 17 1 31 -1 151 -8
310 A 17 1 45 -3 -88 4
310 A 17 1 75 -4 120 -6
310 A 17 1 89 -4 -129 7
310 A 25 0 -12 -2 -7 -3
310 A 25 0 12 -2 7 -3
310 A 25 0 -6 -3 6 -3
310 A 25 0 -7 -4 -2 -6
310 A 25 0 7 -4 2 -6
310 A 25 0 -8 -4 -8 4
310 A 25 0 -9 -4 -1 6
310 A 25 0 9 -4 1 6
310 A 25 0 -6 -7 6 -7
310 A 25 0 -3 -9 12 -11
310 A 25 0 3 -9 -12 -11
310 A 25 0 -4 -9 4 -9
310 A 25 0 -3 -12 -3 12
310 A -19 1 -16 -2 49 2
310 A -19 1 -32 -2 126 8
310 A 19 1 16 -2 -49 2
310 A 19 1 32 -2 -126 8
310 A 27 0 0 -7 0 8
310 A 27 0 -12 -7 -6 -10
310 A 27 0 12 -7 6 -10
310 A -21 1 -27 -1 119 7
310 A -21 1 -31 -1 46 4
310 A -21 1 -76 -5 110 8
310 A -21 1 -90 -5 117 8
310 A 21 1 27 -1 -119 7
310 A 21 1 31 -1 -46 4
310 A 21 1 76 -5 -110 8
310 A 21 1 90 -5 -117 8
310 A 29 0 -4 -2 -6 3
310 A 29 0 4 -2 6 3
310 A 29 0 0 -3 0 14
310 A 29 0 -13 -3 13 -3
310 A 29 0 -9 -5 9 -5
310 A 29 0 -10 -5 -14 7
310 A 29 0 10 -5 14 7
310 A 29 0 -11 -9 11 -9
310 A -25 1 -31 -1 -134 -10
310 A 25 1 31 -1 134 -10
310 A 31 0 -1 -2 1 -2
310 A 31 0 -12 -3 13 -11
310 A 31 0 12 -3 -13 -11
310 A 31 0 -1 -4 1 -4
310 A 31 0 -15 -4 -2 15
310 A 31 0 15 -4 2 15
310 A 31 0 -1 -5 1 -5
310 A 31 0 -1 -6 1 -6
310 A 31 0 -1 -8 1 -8
310 A 31 0 -1 -15 1 -15
310 A -27 1 -26 -3 99 10
310 A -27 1 -45 -3 -152 -13
310 A 27 1 26 -3 -99 10
310 A 27 1 45 -3 152 -13
310 A 33 0 -15 -8 15 -8
310 A 33 0 -16 -8 -16 8
310 A 33 0 0 -10 0 -16
310 A 33 0 -2 -16 -2 16
310 A 35 0 -9 -11 9 -11
310 A 0 2 -63 0 187 0
310 A -31 1 -38 -3 -115 -11
310 A 31 1 38 -3 115 -11
310 A 37 0 0 -6 0 11
310 A 39 0 -8 -4 10 -5
310 A 39 0 8 -4 -10 -5
310 A -37 1 -16 -4 30 5
310 A 37 1 16 -4 -30 5
310 A 41 0 -16 -4 20 -5
310 A 41 0 16 -4 -20 -5
310 A 41 0 -17 -4 17 -4
310 A 45 0 -6 -14 6 -14
310 A 47 0 0 -3 0 -14
310 A 47 0 -11 -6 11 -6
310 A 47 0 -12 -6 -23 -12
310 A 47 0 12 -6 23 -12
310 A 47 0 -23 -14 23 -14
310 A -45 1 -16 -6 101 11
310 A 45 1 16 -6 -101 11
310 A 49 0 -24 -6 -1 -12
310 A 49 0 24 -6 1 -12
310 A 51 0 -25 -13 -1 25
310 A 51 0 25 -13 1 25
310 A -49 1 -77 -12 -153 -24
310 A 49 1 77 -12 153 -24
310 A 53 0 -1 -26 -1 26
310 A 57 0 0 -11 0 -17
310 A 59 0 -29 -11 29 -11
310 A 59 0 -17 -21 17 -21
310 A 65 0 -9 -14 9 -14
310 A 75 0 -21 -16 21 -16
310 A 85 0 -14 -7 14 -7
310 A 91 0 -30 -38 30 -38
310 A 101 0 -50 -42 50 -42
310 A 107 0 -43 -32 43 -32
310 A 113 0 -23 -34 23 -34
310 A 125 0 -31 -47 31 -47
310 A 131 0 -65 -49 65 -49
310 A 139 0 -46 -23 46 -23
310 A 149 0 -74 -37 74 -37
310 S 0 1 5 0
310 S 0 2 5 0
310 S 0 1 10 0
310 S 0 3 10 0
310 S 3 1 11 0
310 S -5 2 11 0
310 S -2 3 11 0
310 S 1 4 11 0
310 S 4 5 11 0
310 S -3 1 11 0
310 S 5 2 11 0
310 S 2 3 11 0
310 S -1 4 11 0
310 S -4 5 11 0
310 S 8 1 17 0
310 S -1 2 17 0
310 S 7 3 17 0
310 S -2 4 17 0
310 S 6 5 17 0
310 S -3 6 17 0
310 S 5 7 17 0
310 S -4 8 17 0
310 S -8 1 17 0
310 S 1 2 17 0
310 S -7 3 17 0
310 S 2 4 17 0
310 S -6 5 17 0
310 S 3 6 17 0
310 S -5 7 17 0
310 S 4 8 17 0
310 T 377 489 379 0 0
310 T 381 1848 515 0 0
310 T 517 1799 375 0 0
310 T 1799 1846 489 -1 0
310 T 833 923 835 0 0
310 T 125 891 1282 0 0
310 T 1284 906 1370 0 0
310 T 1372 901 123 0 0
310 T 901 908 891 0 0
310 T 120 894 1446 0 0
310 T 1245 888 118 0 0
310 T 1448 905 1243 0 0
310 T 888 903 894 0 0
310 T 129 137 131 0 0
310 T 572 452 1834 0 0
310 T 1836 442 2091 0 0
310 T 2093 478 570 0 0
310 T 478 444 452 0 0
310 T 576 484 2162 0 0
310 T 1789 454 574 0 0
310 T 2164 448 1787 0 0
310 T 454 446 484 0 0
310 T 245 667 2222 0 0
310 T 237 273 243 0 0
310 T 2224 1842 235 0 0
310 T 273 1844 667 0 0
310 T 240 274 230 0 0
310 T 232 1796 2274 0 0
310 T 2276 667 238 0 0
310 T 667 1794 274 0 0
310 T 705 844 695 0 0
310 T 697 1403 1034 0 0
310 T 1036 97 703 0 0
310 T 97 1405 844 0 0
310 T 700 97 991 0 0
310 T 696 839 698 0 0
310 T 993 1481 694 0 0
310 T 839 1479 97 0 0
310 T 561 606 551 0 0
310 T 553 1780 1418 0 0
310 T 1420 251 559 0 0
310 T 251 1778 606 0 0
310 T 556 248 1343 0 0
310 T 548 606 554 0 0
310 T 1345 1826 546 0 0
310 T 606 1828 248 0 0
310 T 729 1033 1266 0 0
310 T 721 859 727 0 0
310 T 1268 78 719 0 0
310 T 859 80 1033 0 0
310 T 724 856 714 0 0
310 T 716 78 1227 0 0
310 T 1229 1074 722 0 0
310 T 1074 80 856 0 0
310 T 797 827 787 0 0
310 T 789 131 1518 0 0
310 T 1520 1192 795 0 0
310 T 1192 133 827 0 0
310 T 792 1119 1586 0 0
310 T 784 824 790 0 0
310 T 1588 128 782 0 0
310 T 824 126 1119 0 0
310 T 98 810 1062 0 0
310 T 1064 929 1526 0 0
310 T 1528 804 100 0 0
310 T 804 927 810 0 0
310 T 100 807 1594 0 0
310 T 1021 817 98 0 0
310 T 1596 929 1019 0 0
310 T 817 927 807 0 0
310 T 189 1388 795 0 0
310 T 1520 687 187 0 0
310 T 687 1192 1388 0 0
310 T 184 687 1586 0 0
310 T 792 1462 182 0 0
310 T 1462 1119 687 0 0
310 T 789 1592 148 0 0
310 T 779 783 787 0 0
310 T 1592 1525 598 -1 0
310 T 783 147 1525 0 0
310 T 578 582 575 0 0
310 T 1788 1724 580 0 0
310 T 1724 455 582 0 0
310 T 580 1654 1834 0 0
310 T 572 589 578 0 0
310 T 589 452 1654 0 0
310 T 589 421 2287 0 0
310 T 2289 411 1654 0 0
310 T 450 413 421 0 0
310 T 1724 408 2235 0 0
310 T 2237 414 582 0 0
310 T 414 406 457 0 0
310 T 326 1503 371 0 0
310 T 381 1824 328 0 0
310 T 373 475 379 0 0
310 T 1824 477 1503 0 0
310 T 328 1774 374 0 0
310 T 376 472 366 0 0
310 T 368 1572 326 0 0
310 T 1572 470 1774 0 0
310 T 169 191 159 0 0
310 T 161 2298 1883 0 0
310 T 1885 2360 167 0 0
310 T 2360 2300 191 0 0
310 T 164 2402 1878 0 0
310 T 160 191 162 0 0
310 T 1880 2248 158 0 0
310 T 191 2246 2402 0 0
310 T 510 366 1566 0 0
310 T 1568 1500 565 -1 0
310 T 364 370 366 0 0
310 T 1500 372 511 0 0
310 T 769 1656 1054 0 0
310 T 761 864 767 0 0
310 T 1056 111 759 0 0
310 T 864 113 1656 0 0
310 T 764 867 754 0 0
310 T 756 108 1011 0 0
310 T 1013 1722 762 0 0
310 T 1722 106 867 0 0
310 T 277 273 269 -1 0
310 T 290 293 289 -1 0
310 T 393 425 383 0 0
310 T 385 2246 1839 0 0
310 T 1841 680 391 0 0
310 T 680 2248 425 0 0
310 T 388 680 1791 0 0
310 T 384 426 386 0 0
310 T 1793 2300 382 0 0
310 T 426 2298 680 0 0
310 T 145 2162 2342 0 0
310 T 765 1789 143 0 0
310 T 2344 448 763 0 0
310 T 145 2386 2090 0 0
310 T 1837 768 143 0 0
310 T 768 443 2386 0 0
310 T 142 578 1054 0 0
310 T 1013 578 142 0 0
310 T 779 771 775 0 0
310 T 777 1744 179 0 0
310 T 1744 1677 532 1 0
310 T 177 1675 771 0 0
310 T 861 911 851 0 0
310 T 853 1145 1070 0 0
310 T 1072 6 859 0 0
310 T 6 1143 911 0 0
310 T 856 6 1027 0 0
310 T 848 911 854 0 0
310 T 1029 1215 846 0 0
310 T 911 1217 6 0 0
310 T 566 569 565 -1 0
310 T 563 1770 1818 0 0
310 T 1820 516 568 0 0
310 T 516 1772 569 1 0
310 T 181 164 172 0 0
310 T 170 762 1782 0 0
310 T 1784 2408 179 0 0
310 T 2408 764 164 0 0
310 T 176 2362 1830 0 0
310 T 172 167 174 0 0
310 T 1832 769 170 0 0
310 T 167 767 2362 0 0
310 T 653 197 1818 0 0
310 T 1772 199 647 0 0
310 T 43 201 197 0 0
310 T 721 1784 1150 0 0
310 T 713 762 719 0 0
310 T 1152 172 711 0 0
310 T 716 769 706 0 0
310 T 708 172 1079 0 0
310 T 1081 1830 714 0 0
310 T 597 1372 2287 0 0
310 T 589 618 595 0 0
310 T 618 421 1372 0 0
310 T 592 618 582 0 0
310 T 2237 1446 590 0 0
310 T 1446 414 618 0 0
310 T 882 886 879 0 0
310 T 881 892 883 0 0
310 T 449 1552 1747 0 0
310 T 1749 299 455 0 0
310 T 299 1550 485 0 0
310 T 452 296 1679 0 0
310 T 1681 1618 442 0 0
310 T 478 1620 296 0 0
310 T 114 118 111 0 0
310 T 113 2448 2287 0 0
310 T 2289 2316 116 0 0
310 T 2316 2446 118 0 0
310 T 116 2316 2235 0 0
310 T 108 125 114 0 0
310 T 2237 2510 106 0 0
310 T 125 2512 2316 0 0
310 T 169 2175 1891 0 0
310 T 1893 2437 172 0 0
310 T 2437 2177 174 0 0
310 T 172 2499 1886 0 0
310 T 1888 2105 162 0 0
310 T 181 2103 2499 0 0
310 T 2436 336 771 0 0
310 T 1677 334 2174 0 0
310 T 2104 334 1743 0 0
310 T 776 336 2498 0 0
310 T 753 1509 1698 0 0
310 T 745 803 751 0 0
310 T 1700 254 743 0 0
310 T 803 256 1509 0 0
310 T 748 808 738 0 0
310 T 740 261 1631 0 0
310 T 1633 1574 746 0 0
310 T 1574 259 808 0 0
310 T 211 2151 2078 0 0
310 T 2080 139 1891 0 0
310 T 1889 138 2151 0 0
310 T 139 140 136 1 0
310 T 2446 411 864 0 0
310 T 406 2510 867 0 0
310 T 793 271 1358 0 0
310 T 797 821 791 0 0
310 T 1436 277 795 0 0
310 T 1360 45 1434 1 0
310 T 713 770 703 0 0
310 T 1036 1716 711 0 0
310 T 1716 97 770 0 0
310 T 708 1646 991 0 0
310 T 700 777 706 0 0
310 T 777 97 1646 0 0
310 T 1873 303 2258 0 0
310 T 2260 229 2326 0 0
310 T 2328 235 1871 0 0
310 T 235 227 303 0 0
310 T 1868 232 2370 0 0
310 T 2209 308 1866 0 0
310 T 2372 226 2207 0 0
310 T 308 228 232 0 0
310 T 261 262 251 0 0
310 T 253 1318 1774 0 0
310 T 1776 2516 259 0 0
310 T 2516 1320 262 0 0
310 T 256 2450 1822 0 0
310 T 248 265 254 0 0
310 T 1824 1325 246 0 0
310 T 265 1323 2450 0 0
310 T 78 1543 851 0 0
310 T 1033 911 1543 0 0
310 T 848 1613 78 0 0
310 T 1613 911 1074 0 0
310 T 617 612 616 0 0
310 T 614 290 1134 0 0
310 T 1209 291 615 0 0
310 T 1136 49 1207 0 0
310 T 1572 660 259 0 0
310 T 660 470 2514 0 0
310 T 256 655 1503 0 0
310 T 2452 477 655 0 0
310 T 1700 246 2422 0 0
310 T 2424 265 743 0 0
310 T 740 262 2486 0 0
310 T 2488 253 1631 0 0
310 T 637 1728 930 0 0
310 T 932 1934 1038 0 0
310 T 1040 141 635 0 0
310 T 141 1936 1728 0 0
310 T 632 141 995 0 0
310 T 933 1658 630 0 0
310 T 997 1941 931 0 0
310 T 1658 1939 141 0 0
310 T 421 310 1374 0 0
310 T 1376 1852 411 0 0
310 T 450 1850 310 0 0
310 T 408 1802 1450 0 0
310 T 1452 310 414 0 0
310 T 310 1804 457 0 0
310 T 1943 1018 1062 0 0
310 T 812 816 818 1 0
310 T 1040 1893 1150 0 0
310 T 1152 2078 635 0 0
310 T 632 2152 1079 0 0
310 T 1081 1886 995 0 0
310 T 737 917 727 0 0
310 T 729 1806 1558 0 0
310 T 1560 332 735 0 0
310 T 332 1808 917 0 0
310 T 732 332 1491 0 0
310 T 724 918 730 0 0
310 T 1493 1856 722 0 0
310 T 918 1854 332 0 0
310 T 2260 200 2414 0 0
310 T 2416 2481 0 1 0
310 T 2481 194 2206 0 0
310 T 525 298 1603 0 0
310 T 1605 313 2242 0 0
310 T 2244 308 523 0 0
310 T 308 311 298 0 0
310 T 520 303 2294 0 0
310 T 1537 297 518 0 0
310 T 2296 313 1535 0 0
310 T 297 311 303 0 0
310 T 1317 491 2262 -1 0
310 T 2264 488 2210 0 0
310 T 2212 490 1315 0 0
310 T 490 486 491 0 0
310 T 1749 307 1802 0 0
310 T 1852 304 1679 0 0
310 T 642 554 2422 0 0
310 T 1700 1345 644 0 0
310 T 644 1418 1631 0 0
310 T 2488 561 642 0 0
310 T 1268 1901 1150 0 0
310 T 1782 1899 80 0 0
310 T 1081 1894 1227 0 0
310 T 80 1896 1832 0 0
310 T 169 527 1050 0 0
310 T 1052 1395 1891 0 0
310 T 2177 1397 527 0 0
310 T 1888 1473 1007 0 0
310 T 1009 527 162 0 0
310 T 527 1471 2103 0 0
310 T 605 600 604 0 0
310 T 602 118 1366 0 0
310 T 1445 124 603 0 0
310 T 1368 1326 1443 0 0
310 T 1317 96 2267 0 0
310 T 2269 90 2214 0 0
310 T 2216 97 1315 0 0
310 T 97 92 96 0 0
310 T 361 415 351 0 0
310 T 353 621 2426 0 0
310 T 2428 1449 359 0 0
310 T 356 1371 2490 0 0
310 T 348 420 354 0 0
310 T 2492 621 346 0 0
310 T 1581 91 1511 0 0
310 T 1584 85 1515 0 0
310 T 1513 968 1582 0 0
310 T 1517 966 1579 0 0
310 T 721 1070 1414 0 0
310 T 1416 6 727 0 0
310 T 724 6 1339 0 0
310 T 1341 1029 714 0 0
310 T 325 1248 359 0 0
310 T 361 357 365 1 0
310 T 2056 1288 1248 0 0
310 T 357 1286 319 0 0
310 T 509 1244 359 0 0
310 T 2428 904 507 0 0
310 T 356 1283 502 0 0
310 T 504 907 2490 0 0
310 T 353 2296 2334 0 0
310 T 1160 303 351 0 0
310 T 2336 518 1158 0 0
310 T 348 308 1087 0 0
310 T 1089 525 2378 0 0
310 T 2380 2242 346 0 0
310 T 577 1624 954 0 0
310 T 956 1334 2163 0 0
310 T 483 1336 1624 0 0
310 T 957 1554 570 0 0
310 T 2093 1334 955 0 0
310 T 1554 1336 480 0 0
310 T 504 2472 554 0 0
310 T 548 1298 502 0 0
310 T 1298 606 2472 0 0
310 T 508 1261 550 0 0
310 T 560 2535 506 0 0
310 T 2535 607 1261 0 0
310 T 190 422 1398 0 0
310 T 1400 679 2403 0 0
310 T 1476 429 190 0 0
310 T 2361 679 1474 0 0
310 T 325 1472 2334 0 0
310 T 2336 1957 359 0 0
310 T 1246 1955 1472 0 0
310 T 356 1958 2378 0 0
310 T 2380 1394 318 0 0
310 T 1394 1960 1289 0 0
310 T 1885 1740 1050 0 0
310 T 529 1738 2358 0 0
310 T 1009 1670 1878 0 0
310 T 2404 1672 529 0 0
310 T 421 2245 1959 0 0
310 T 1961 1602 1374 0 0
310 T 1956 2295 414 0 0
310 T 1452 1536 1954 0 0
310 T 121 41 123 0 0
310 T 125 1323 2442 0 0
310 T 2509 1321 119 0 0
310 T 2444 91 2507 0 0
310 T 921 924 915 0 0
310 T 353 596 1154 0 0
310 T 1156 586 2426 0 0
310 T 1085 591 346 0 0
310 T 2492 585 1083 0 0
310 T 121 883 2350 0 0
310 T 2397 882 123 0 0
310 T 2352 220 2395 0 0
310 T 1156 1651 507 0 0
310 T 1651 586 902 0 0
310 T 504 1721 1083 0 0
310 T 909 585 1721 0 0
310 T 86 1294 675 0 0
310 T 677 1741 2098 0 0
310 T 2100 1964 88 0 0
310 T 1964 1739 1294 0 0
310 T 88 1964 2170 0 0
310 T 672 1256 86 0 0
310 T 2172 1671 670 0 0
310 T 1256 1673 1964 0 0
310 T 430 434 427 0 0
310 T 429 2631 1607 0 0
310 T 1609 848 432 0 0
310 T 848 2633 434 0 0
310 T 432 851 1539 0 0
310 T 424 441 430 0 0
310 T 1541 2673 422 0 0
310 T 441 2671 851 0 0
310 T 88 85 89 0 0
310 T 2101 532 2170 0 0
310 T 713 2343 1262 0 0
310 T 1264 449 719 0 0
310 T 716 442 1223 0 0
310 T 1225 2389 706 0 0
310 T 2416 409 1863 0 0
310 T 1861 411 2479 0 0
310 T 409 413 403 1 0
310 T 272 2046 1466 0 0
310 T 1468 1196 666 0 0
310 T 1843 1194 2046 0 0
310 T 667 1122 1391 0 0
310 T 1393 2052 274 0 0
310 T 2052 1124 1796 0 0
310 T 161 384 942 0 0
310 T 944 1791 1883 0 0
310 T 1880 1841 943 0 0
310 T 261 268 255 0 0
310 T 1508 623 1574 0 0
310 T 2005 1143 1074 0 0
310 T 1613 4 2003 0 0
310 T 2000 4 1543 0 0
310 T 1033 1217 1998 0 0
310 T 761 1024 167 0 0
310 T 1024 864 2362 0 0
310 T 164 1067 754 0 0
310 T 2408 867 1067 0 0
310 T 190 1539 523 0 0
310 T 525 2673 1398 0 0
310 T 520 1609 190 0 0
310 T 1476 2631 518 0 0
310 T 1236 1993 1827 0 0
310 T 607 1991 2178 0 0
310 T 606 2107 1995 0 0
310 T 1997 1276 1780 0 0
310 T 2472 9 1995 0 0
310 T 1992 9 2534 0 0
310 T 1309 1209 1694 0 0
310 T 1560 129 1307 0 0
310 T 1696 2015 1558 0 0
310 T 129 2017 1209 0 0
310 T 1304 130 1491 0 0
310 T 1493 2020 1627 0 0
310 T 1629 1135 1302 0 0
310 T 1135 2018 130 0 0
310 T 6 3 7 0 0
310 T 5 23 2539 0 0
310 T 2541 2 2474 0 0
310 T 2476 25 4 0 0
310 T 1416 2026 1558 0 0
310 T 1808 2028 4 0 0
310 T 1493 2025 1339 0 0
310 T 4 2023 1854 0 0
310 T 181 446 1278 0 0
310 T 1917 1748 179 0 0
310 T 1280 1553 1915 0 0
310 T 176 1678 1910 0 0
310 T 1912 1619 1239 0 0
310 T 1241 445 174 0 0
310 T 441 223 1066 0 0
310 T 2409 2463 439 0 0
310 T 2463 866 223 0 0
310 T 436 2529 2363 0 0
310 T 1025 223 434 0 0
310 T 223 865 2529 0 0
310 T 713 2435 1038 0 0
310 T 1040 337 703 0 0
310 T 700 337 995 0 0
310 T 997 2501 706 0 0
310 T 597 1105 116 0 0
310 T 1105 1372 2314 0 0
310 T 116 1174 590 0 0
310 T 2314 1446 1174 0 0
310 T 737 801 743 0 0
310 T 2424 978 735 0 0
310 T 801 980 263 0 0
310 T 740 798 730 0 0
310 T 732 981 2486 0 0
310 T 413 870 1174 0 0
310 T 1176 896 2446 0 0
310 T 864 894 870 0 0
310 T 1105 877 406 0 0
310 T 2512 899 1103 0 0
310 T 877 901 867 0 0
310 T 393 462 399 0 0
310 T 397 468 387 0 0
310 T 1885 5 2383 0 0
310 T 2385 2340 213 -1 0
310 T 2340 4 1879 0 0
310 T 2224 89 2651 0 0
310 T 2653 1975 235 0 0
310 T 1975 87 1844 0 0
310 T 232 1980 2611 0 0
310 T 2613 89 2274 0 0
310 T 1794 87 1980 0 0
310 T 146 2654 1646 0 0
310 T 777 2441 148 0 0
310 T 2441 97 2654 0 0
310 T 148 2503 770 0 0
310 T 1716 2616 146 0 0
310 T 2616 97 2503 0 0
310 T 642 1495 735 0 0
310 T 556 978 1495 0 0
310 T 732 1564 642 0 0
310 T 1564 981 559 0 0
310 T 113 2627 1839 0 0
310 T 105 128 111 0 0
310 T 1841 2027 103 0 0
310 T 128 2029 2627 0 0
310 T 108 131 102 0 0
310 T 104 2024 1791 0 0
310 T 1793 2669 106 0 0
310 T 2669 2022 131 0 0
310 T 441 683 1070 0 0
310 T 2673 1145 683 0 0
310 T 1029 683 434 0 0
310 T 683 1215 2631 0 0
310 T 2136 1479 1315 0 0
310 T 1402 2064 1317 0 0
310 T 2260 1108 1863 0 0
310 T 1108 200 407 0 0
310 T 1860 1179 2207 0 0
310 T 412 195 1179 0 0
310 T 753 2012 2330 0 0
310 T 2332 81 2134 0 0
310 T 2254 79 2012 0 0
310 T 2012 2200 1610 0 0
310 T 81 2306 2007 0 0
310 T 2009 748 2376 0 0
310 T 2374 2063 79 0 0
310 T 1544 2126 2007 0 0
310 T 1901 2625 179 0 0
310 T 2625 78 2406 0 0
310 T 176 2663 1894 0 0
310 T 2364 78 2663 0 0
310 T 401 627 1062 0 0
310 T 625 628 627 0 0
310 T 1020 626 395 0 0
310 T 86 1966 1194 0 0
310 T 1196 984 675 0 0
310 T 1296 982 1966 0 0
310 T 672 983 1123 0 0
310 T 1125 1973 86 0 0
310 T 1973 985 1254 0 0
310 T 553 1896 2594 0 0
310 T 2596 214 1418 0 0
310 T 1778 216 1896 0 0
310 T 1345 214 2634 0 0
310 T 2636 1899 546 0 0
310 T 1899 216 1828 0 0
310 T 469 484 459 0 0
310 T 461 1337 2706 0 0
310 T 2708 1623 467 0 0
310 T 464 1557 2746 0 0
310 T 460 479 462 0 0
310 T 2748 1337 458 0 0
310 T 393 1411 2739 0 0
310 T 2741 841 383 0 0
310 T 423 839 1411 0 0
310 T 384 842 2699 0 0
310 T 2701 1489 386 0 0
310 T 1489 844 428 0 0
310 T 1909 2039 1915 0 0
310 T 1280 153 1907 0 0
310 T 2039 151 1551 0 0
310 T 1912 2039 1902 0 0
310 T 1904 153 1239 0 0
310 T 1621 151 2039 0 0
310 T 1877 2024 1883 0 0
310 T 944 102 1875 0 0
310 T 1880 2027 1874 0 0
310 T 2013 2036 2003 0 0
310 T 2199 4 2036 0 0
310 T 2000 2031 2006 0 0
310 T 2031 4 2129 0 0
310 T 1977 155 1798 0 0
310 T 1981 2045 1975 0 0
310 T 1849 154 1979 0 0
310 T 393 1758 1939 0 0
310 T 1941 335 2739 0 0
310 T 1413 337 1758 0 0
310 T 1936 1692 386 0 0
310 T 2701 335 1934 0 0
310 T 1692 337 1487 0 0
310 T 1376 2324 1178 0 0
310 T 196 2322 1850 0 0
310 T 1109 2324 1450 0 0
310 T 1804 2322 199 0 0
310 T 189 1377 1923 0 0
310 T 1933 1603 187 0 0
310 T 1925 1958 1931 0 0
310 T 184 1537 1926 0 0
310 T 1928 1957 1918 0 0
310 T 1920 1451 182 0 0
310 T 0 2715 2674 0 0
310 T 2676 293 1307 0 0
310 T 1305 292 2715 0 0
310 T 181 198 187 0 0
310 T 1520 2524 179 0 0
310 T 198 2522 689 0 0
310 T 184 197 174 0 0
310 T 176 2458 1586 0 0
310 T 689 2460 197 0 0
310 T 2021 2055 2015 0 0
310 T 1968 2048 1974 0 0
310 T 1981 2051 1971 0 0
310 T 211 2610 2651 0 0
310 T 1869 156 2210 0 0
310 T 1873 2043 1867 0 0
310 T 2264 157 1871 0 0
310 T 214 1902 1274 0 0
310 T 1896 1995 1902 0 0
310 T 1237 1909 214 0 0
310 T 1909 1992 1899 0 0
310 T 1917 306 2735 0 0
310 T 2737 1805 179 0 0
310 T 176 1851 2695 0 0
310 T 2697 305 1910 0 0
310 T 638 546 1266 0 0
310 T 1268 541 2678 0 0
310 T 2680 544 640 0 0
310 T 544 539 546 0 0
310 T 640 544 2718 0 0
310 T 1229 553 638 0 0
310 T 2720 534 1227 0 0
310 T 553 536 544 0 0
310 T 1865 99 2418 0 0
310 T 1812 1597 1863 0 0
310 T 2420 806 1810 0 0
310 T 1860 1527 1763 0 0
310 T 1765 805 2482 0 0
310 T 2484 99 1858 0 0
310 T 653 104 1814 0 0
310 T 1816 106 2218 0 0
310 T 2220 131 651 0 0
310 T 648 128 2270 0 0
310 T 1769 103 646 0 0
310 T 2272 113 1767 0 0
310 T 2737 2323 187 0 0
310 T 184 2323 2695 0 0
310 T 729 501 2678 0 0
310 T 1031 541 501 0 0
310 T 2720 494 722 0 0
310 T 494 534 1076 0 0
310 T 677 459 2743 0 0
310 T 1252 465 675 0 0
310 T 2745 478 1250 0 0
310 T 672 466 1290 0 0
310 T 1292 485 2703 0 0
310 T 2705 460 670 0 0
310 T 449 2572 2407 0 0
310 T 2624 2531 447 0 0
310 T 2531 79 2572 0 0
310 T 444 2469 2662 0 0
310 T 2365 2567 442 0 0
310 T 2567 79 2469 0 0
310 T 2676 617 1694 0 0
310 T 1629 617 2714 0 0
310 T 1873 1949 1863 0 0
310 T 305 1108 1949 0 0
310 T 1860 1950 1866 0 0
310 T 1950 1179 306 0 0
310 T 449 473 439 0 0
310 T 2570 2463 473 0 0
310 T 436 474 442 0 0
310 T 474 2529 2569 0 0
310 T 789 2621 179 0 0
310 T 2621 131 2522 0 0
310 T 176 2659 782 0 0
310 T 2460 128 2659 0 0
310 T 2397 878 1282 0 0
310 T 1245 881 2351 0 0
310 T 561 1986 1422 0 0
310 T 1424 974 507 0 0
310 T 974 1988 2536 0 0
310 T 504 977 1347 0 0
310 T 1349 1986 554 0 0
310 T 2470 1988 977 0 0
310 T 2037 905 2539 0 0
310 T 2477 906 2030 0 0
310 T 241 2743 2551 0 0
310 T 2553 478 2147 0 0
310 T 2553 1620 1234 0 0
310 T 485 2077 2556 0 0
310 T 2554 1275 1552 0 0
310 T 2703 244 2556 0 0
310 T 2761 94 2507 0 0
310 T 2444 95 2759 0 0
310 T 638 2634 1150 0 0
310 T 1081 2596 638 0 0
310 T 237 1360 2727 0 0
310 T 2729 791 243 0 0
310 T 240 796 2687 0 0
310 T 2689 1435 230 0 0
310 T 2328 213 2371 0 0
310 T 1241 2468 1894 0 0
310 T 1900 2531 1279 0 0
310 T 1990 2530 151 0 0
310 T 151 2468 1997 0 0
310 T 1943 1935 1939 0 0
310 T 1760 1693 218 1 0
310 T 705 2701 930 0 0
310 T 932 382 695 0 0
310 T 933 2739 698 0 0
310 T 1580 1622 1574 0 0
310 T 1508 1557 1510 0 0
310 T 1617 1565 1569 0 0
310 T 1499 1495 1546 0 0
310 T 1548 90 1615 0 0
310 T 381 2581 1702 0 0
310 T 1704 1201 515 0 0
310 T 1846 1199 2581 0 0
310 T 516 1126 1635 0 0
310 T 1637 2574 374 0 0
310 T 2574 1128 1800 0 0
310 T 600 2502 2439 0 0
310 T 1986 1990 1983 0 0
310 T 1985 9 974 0 0
310 T 1984 1997 1986 0 0
310 T 353 340 344 0 0
310 T 342 2683 1154 0 0
310 T 594 2685 340 0 0
310 T 344 339 346 0 0
310 T 1085 2725 342 0 0
310 T 339 2723 593 0 0
310 T 2140 1190 651 0 0
310 T 1118 2068 649 0 0
310 T 1416 2628 1307 0 0
310 T 1304 2666 1339 0 0
310 T 1310 746 1810 0 0
310 T 2420 740 1312 0 0
310 T 1312 743 2482 0 0
310 T 1765 753 1310 0 0
310 T 401 2791 1526 0 0
310 T 629 929 2791 0 0
310 T 1596 2777 394 0 0
310 T 2777 929 629 0 0
310 T 401 397 405 1 0
310 T 2793 1 2774 0 0
310 T 602 2506 2614 0 0
310 T 2616 1320 1366 0 0
310 T 1444 1323 2654 0 0
310 T 2656 2444 602 0 0
310 T 314 2494 351 0 0
310 T 1160 2609 316 0 0
310 T 2609 303 2494 0 0
310 T 316 2647 1087 0 0
310 T 348 2432 314 0 0
310 T 2432 308 2647 0 0
310 T 1264 473 2762 0 0
310 T 2764 441 719 0 0
310 T 716 434 2778 0 0
310 T 2780 474 1223 0 0
310 T 549 279 2639 0 0
310 T 2641 2133 503 0 0
310 T 551 2598 283 0 0
310 T 2598 507 2204 0 0
310 T 341 2432 1046 0 0
310 T 1048 316 344 0 0
310 T 344 316 1003 0 0
310 T 1005 2494 338 0 0
310 T 1164 825 243 0 0
310 T 2729 783 1162 0 0
310 T 240 826 1091 0 0
310 T 1093 788 2687 0 0
310 T 530 2658 2619 0 0
310 T 1578 2313 1512 0 0
310 T 1583 2311 1516 0 0
310 T 501 1217 2766 0 0
310 T 2768 2000 539 0 0
310 T 536 2003 2782 0 0
310 T 2784 1143 494 0 0
310 T 142 582 2283 0 0
310 T 2285 577 1054 0 0
310 T 1013 570 2231 0 0
310 T 2233 589 142 0 0
310 T 1812 2009 1694 0 0
310 T 1628 2011 1762 0 0
310 T 393 2368 1058 0 0
310 T 1060 283 399 0 0
310 T 283 2366 464 0 0
310 T 396 280 1015 0 0
310 T 1017 2410 386 0 0
310 T 467 2412 280 0 0
310 T 2764 683 1414 0 0
310 T 1341 683 2778 0 0
310 T 541 278 1042 0 0
310 T 1044 2640 544 0 0
310 T 544 2598 999 0 0
310 T 1001 285 534 0 0
310 T 169 1538 2279 0 0
310 T 2281 524 159 0 0
310 T 160 519 2227 0 0
310 T 2229 1608 162 0 0
310 T 2161 1653 143 0 0
310 T 1721 2089 143 0 0
310 T 936 1530 539 0 0
310 T 2768 661 934 0 0
310 T 1530 659 1998 0 0
310 T 536 1600 935 0 0
310 T 937 654 2782 0 0
310 T 2005 656 1600 0 0
310 T 2169 2367 675 0 0
310 T 2410 2096 673 0 0
310 T 2737 1181 1923 0 0
310 T 1920 1106 2695 0 0
310 T 602 2758 2503 -1 0
310 T 2441 2761 602 1 0
310 T 1917 1952 1923 0 0
310 T 1920 1947 1910 0 0
310 T 1310 2374 1694 0 0
310 T 1629 2332 1310 0 0
310 T 214 1910 2731 0 0
310 T 2733 2039 1274 0 0
310 T 1237 2039 2691 0 0
310 T 2693 1917 214 0 0
310 T 2733 151 2555 0 0
310 T 2552 151 2691 0 0
310 T 237 2392 2803 0 0
310 T 2805 149 2727 0 0
310 T 1358 147 2392 0 0
310 T 2800 2346 230 0 0
310 T 2689 149 2798 0 0
310 T 2346 147 1437 0 0
310 T 1877 1857 2383 0 0
310 T 2341 1807 1874 0 0
310 T 341 2753 499 0 0
310 T 501 237 1046 0 0
310 T 2430 235 2753 0 0
310 T 496 2711 338 0 0
310 T 1005 230 494 0 0
310 T 2711 232 2496 0 0
310 T 661 2031 2519 0 0
310 T 2521 2008 1530 0 0
310 T 1600 2011 2455 0 0
310 T 2457 2036 654 0 0
310 T 341 228 938 0 0
310 T 940 2607 499 0 0
310 T 2751 2609 228 0 0
310 T 496 2649 939 0 0
310 T 227 2647 2713 0 0
310 T 1816 570 751 0 0
310 T 570 106 2185 0 0
310 T 161 949 11 0 0
310 T 520 2160 949 0 0
310 T 113 2111 575 0 0
310 T 1767 746 575 0 0
310 T 946 2086 523 0 0
310 T 2794 230 2647 0 0
310 T 2432 228 2796 0 0
310 T 2796 227 2494 0 0
310 T 2609 237 2794 0 0
310 T 430 2251 1066 0 0
310 T 225 2253 424 0 0
310 T 1025 2305 430 0 0
310 T 427 2303 225 0 0
310 T 245 1122 2547 0 0
310 T 2549 1393 2222 0 0
310 T 2544 1197 238 0 0
310 T 2276 1467 2542 0 0
310 T 869 1686 2579 0 0
310 T 2581 1212 2462 0 0
310 T 222 1210 1686 0 0
310 T 2576 1756 862 0 0
310 T 2528 1138 2574 0 0
310 T 1756 1140 222 0 0
310 T 373 2852 2070 0 0
310 T 1704 2878 371 0 0
310 T 2072 78 1702 0 0
310 T 2878 80 2852 0 0
310 T 368 2900 1635 0 0
310 T 1637 78 2142 0 0
310 T 2144 2855 366 0 0
310 T 2855 80 2900 0 0
310 T 2136 2559 2262 0 0
310 T 493 2561 1481 0 0
310 T 2213 2564 2063 0 0
310 T 1403 2562 493 0 0
310 T 2037 2058 2031 0 0
310 T 224 2187 1411 0 0
310 T 1489 2117 224 0 0
310 T 501 2392 1154 0 0
310 T 1156 2805 1046 0 0
310 T 1005 2798 1083 0 0
310 T 1085 2346 494 0 0
310 T 325 2293 243 0 0
310 T 1164 2114 323 0 0
310 T 837 320 1233 0 0
310 T 2239 240 320 0 0
310 T 1090 319 2187 0 0
310 T 1270 323 830 0 0
310 T 869 1483 2874 0 0
310 T 2876 157 2579 0 0
310 T 1688 155 1483 0 0
310 T 2576 157 2894 0 0
310 T 2896 1409 862 0 0
310 T 1409 155 1754 0 0
310 T 2805 1523 1162 0 0
310 T 1093 1593 2798 0 0
310 T 2685 2805 314 0 0
310 T 314 2798 2723 0 0
310 T 2579 2878 477 0 0
310 T 470 2900 2576 0 0
310 T 1568 2904 559 0 0
310 T 2904 1614 979 0 0
310 T 1580 956 2891 0 0
310 T 2893 575 1574 0 0
310 T 980 1548 2882 0 0
310 T 2884 1501 556 0 0
310 T 1509 572 2871 0 0
310 T 2873 955 1511 0 0
310 T 220 1482 1407 0 0
310 T 1409 2047 894 0 0
310 T 900 2053 1482 0 0
310 T 2047 2051 2058 1 0
310 T 510 2142 1422 0 0
310 T 1424 2855 1566 0 0
310 T 1349 2072 510 0 0
310 T 1501 2852 1347 0 0
310 T 185 202 187 0 0
310 T 1933 51 1927 0 0
310 T 872 46 874 0 0
310 T 877 2052 2874 0 0
310 T 2896 2047 870 0 0
310 T 1200 2875 1979 0 0
310 T 1976 2897 1127 0 0
310 T 661 2195 1735 0 0
310 T 1737 2591 2519 0 0
310 T 2033 2593 2195 0 0
310 T 1669 2125 654 0 0
310 T 2457 2591 1667 0 0
310 T 2125 2593 2034 0 0
310 T 98 2398 1658 0 0
310 T 1729 2357 99 0 0
310 T 169 431 2082 0 0
310 T 163 2155 432 0 0
310 T 1816 2873 1698 0 0
310 T 1633 2891 1767 0 0
310 T 2604 2906 339 0 0
310 T 2725 1591 2602 0 0
310 T 2906 1593 593 0 0
310 T 340 2888 2642 0 0
310 T 2644 1525 2683 0 0
310 T 594 1523 2888 0 0
310 T 1200 874 1971 0 0
310 T 1968 873 1127 0 0
310 T 653 2916 1698 0 0
310 T 102 2873 2916 0 0
310 T 1633 2910 646 0 0
310 T 2910 2891 105 0 0
310 T 2807 1230 1270 0 0
310 T 1196 2584 2743 0 0
310 T 461 2582 982 0 0
310 T 2705 2583 1123 0 0
310 T 314 1091 2602 0 0
310 T 2644 1164 314 0 0
310 T 1997 2121 2855 0 0
310 T 2857 1210 2466 0 0
310 T 151 1212 2121 0 0
310 T 2852 2191 1990 0 0
310 T 2532 1140 2850 0 0
310 T 2191 1138 151 0 0
310 T 2573 1140 2878 0 0
310 T 2900 1210 2566 0 0
310 T 1392 1669 664 0 0
310 T 665 1734 1467 0 0
310 T 2581 2587 2571 0 0
310 T 1210 470 2587 0 0
310 T 2568 2587 2574 0 0
310 T 2587 477 1140 0 0
310 T 2557 2582 2547 0 0
310 T 2544 2585 2550 0 0
310 T 257 1667 2819 0 0
310 T 2821 2125 1502 0 0
310 T 2197 2824 1573 0 0
310 T 258 2822 1735 0 0
310 T 2356 691 1386 0 0
310 T 1465 690 2399 0 0
310 T 2124 1 2195 -1 0
310 T 1200 1128 533 1 0
310 T 326 2818 2955 0 0
310 T 2957 2124 371 0 0
310 T 368 2194 2931 0 0
310 T 2933 2825 326 0 0
310 T 2420 2838 2330 0 0
310 T 1629 2840 738 0 0
310 T 2376 2837 2482 0 0
310 T 745 2835 1694 0 0
310 T 2789 1327 2770 0 0
310 T 1696 2942 735 0 0
310 T 2942 2015 330 0 0
310 T 732 2968 1627 0 0
310 T 330 2020 2968 0 0
310 T 1865 2959 2330 0 0
310 T 101 2838 2959 0 0
310 T 2376 2937 1858 0 0
310 T 2937 2837 101 0 0
310 T 2565 2561 55 -1 0
310 T 253 1368 2815 0 0
310 T 2817 2614 1774 0 0
310 T 2812 1442 246 0 0
310 T 1824 2656 2810 0 0
310 T 1865 2983 2134 0 0
310 T 2961 81 2983 0 0
310 T 2065 2988 1858 0 0
310 T 2988 81 2935 0 0
310 T 1988 2855 2902 0 0
310 T 2884 2852 1988 0 0
310 T 2829 2747 2163 0 0
310 T 956 461 2827 0 0
310 T 2093 2709 2826 0 0
310 T 2837 2942 799 0 0
310 T 800 2968 2838 0 0
310 T 2119 2904 1984 0 0
310 T 1983 2882 2193 0 0
310 T 2136 2938 1871 0 0
310 T 2938 2559 155 0 0
310 T 1868 2964 2063 0 0
310 T 155 2564 2964 0 0
310 T 2097 1327 2166 0 0
310 T 509 880 2951 0 0
310 T 2953 2352 359 0 0
310 T 356 2394 2927 0 0
310 T 2929 879 502 0 0
310 T 2311 2870 2891 0 0
310 T 2905 2319 2882 0 0
310 T 1546 2321 1617 0 0
310 T 2604 2320 2643 0 0
310 T 2887 2318 2908 0 0
310 T 2118 2319 2193 0 0
310 T 279 287 285 0 0
310 T 381 2656 3022 0 0
310 T 3024 2812 328 0 0
310 T 328 2815 3030 0 0
310 T 3032 2614 374 0 0
310 T 381 1648 2975 0 0
310 T 2977 148 3022 0 0
310 T 2972 1714 374 0 0
310 T 3032 148 2970 0 0
310 T 2311 2915 2910 0 0
310 T 2865 1221 2019 0 0
310 T 2969 987 2863 0 0
310 T 1221 989 331 0 0
310 T 2016 1147 2858 0 0
310 T 2860 988 2943 0 0
310 T 331 986 1147 0 0
310 T 2825 2866 2819 0 0
310 T 326 1706 1426 0 0
310 T 1428 3018 2955 0 0
310 T 2820 3020 1706 0 0
310 T 1353 1640 326 0 0
310 T 2933 3018 1351 0 0
310 T 1640 3020 2823 0 0
310 T 2807 2811 2815 0 0
310 T 801 987 2831 0 0
310 T 2833 2865 2839 0 0
310 T 2836 2858 2830 0 0
310 T 1947 2983 2940 0 0
310 T 2962 2988 1952 0 0
310 T 113 1750 391 0 0
310 T 2629 680 1750 0 0
310 T 388 1684 106 0 0
310 T 1684 680 2667 0 0
310 T 2140 2847 1818 0 0
310 T 195 2849 1192 0 0
310 T 1773 2844 2067 0 0
310 T 1119 2842 200 0 0
310 T 1933 2920 1514 0 0
310 T 1585 2921 1927 0 0
310 T 637 2925 544 0 0
310 T 1044 209 635 0 0
310 T 2925 207 2638 0 0
310 T 544 2947 630 0 0
310 T 632 209 999 0 0
310 T 2600 207 2947 0 0
310 T 214 1710 1166 0 0
310 T 1168 3043 2731 0 0
310 T 1912 3045 1710 0 0
310 T 1097 1644 214 0 0
310 T 2693 3048 1095 0 0
310 T 1644 3046 1915 0 0
310 T 113 1330 1058 0 0
310 T 1752 2368 1330 0 0
310 T 1017 1330 106 0 0
310 T 1330 2410 1682 0 0
310 T 3001 2558 1378 0 0
310 T 1184 2941 2999 0 0
310 T 1380 156 1182 0 0
310 T 2996 2963 1111 0 0
310 T 1113 156 1454 0 0
310 T 1456 2565 2994 0 0
310 T 1168 3062 2555 0 0
310 T 3062 3043 153 0 0
310 T 2552 3080 1095 0 0
310 T 153 3048 3080 0 0
310 T 1432 3058 1915 0 0
310 T 1644 81 1430 0 0
310 T 3058 79 3048 0 0
310 T 1912 3076 1355 0 0
310 T 1357 81 1710 0 0
310 T 3043 79 3076 0 0
310 T 1428 1220 323 0 0
310 T 321 1147 1350 0 0
310 T 2841 3079 962 0 0
310 T 964 150 1731 0 0
310 T 1733 3049 2839 0 0
310 T 2836 3042 1663 0 0
310 T 965 3065 2834 0 0
310 T 1665 150 963 0 0
310 T 1184 1665 100 0 0
310 T 2936 3042 1182 0 0
310 T 100 1731 1111 0 0
310 T 1113 3049 2958 0 0
310 T 2549 2861 1166 0 0
310 T 1168 1096 213 1 0
310 T 1096 2863 2543 0 0
310 T 2867 2865 2861 0 0
310 T 2989 3075 1182 0 0
310 T 1113 3061 2982 0 0
310 T 2584 2861 3064 0 0
310 T 3078 2862 2583 0 0
310 T 1877 331 3026 0 0
310 T 3028 921 2383 0 0
310 T 2341 914 3034 0 0
310 T 3036 331 1874 0 0
310 T 2833 2584 962 0 0
310 T 1388 2460 2847 0 0
310 T 2844 2522 1462 0 0
310 T 1432 3000 1923 0 0
310 T 3000 3058 1950 0 0
310 T 1920 2995 1355 0 0
310 T 1949 3076 2995 0 0
310 T 1640 1 1707 -1 0
310 T 2925 3013 502 0 0
310 T 3013 207 2130 0 0
310 T 508 3007 2946 0 0
310 T 2205 206 3007 0 0
310 T 39 1455 1378 -1 0
310 T 2140 3057 568 0 0
310 T 3057 2847 514 0 0
310 T 568 3071 2067 0 0
310 T 517 2844 3071 -1 0
310 T 1953 1113 2992 0 0
310 T 2990 2994 2987 0 0
310 T 2992 1182 1946 0 0
310 T 2984 3001 2990 0 0
310 T 2973 2979 2975 0 0
310 T 1424 3039 2951 0 0
310 T 878 3041 976 0 0
310 T 2929 3040 1347 0 0
310 T 1704 3104 3071 0 0
310 T 2842 3102 1199 0 0
310 T 3057 3107 1635 0 0
310 T 1128 3109 2849 0 0
310 T 3013 3009 3017 1 0
310 T 209 204 208 0 0
310 T 642 3051 727 0 0
310 T 1497 917 3051 0 0
310 T 724 3069 642 0 0
310 T 3069 918 1562 0 0
310 T 3024 3138 1638 0 0
310 T 1353 3140 2810 0 0
310 T 1708 3145 3030 0 0
310 T 2817 3143 1426 0 0
310 T 2977 3175 1638 0 0
310 T 146 3138 3175 0 0
310 T 1708 3169 2970 0 0
310 T 3169 3145 146 0 0
310 T 1877 986 3091 0 0
310 T 3093 1149 3026 0 0
310 T 3036 1219 3090 0 0
310 T 3099 3103 3107 0 0
310 T 2068 39 2138 1 0
310 T 3121 93 3114 0 0
310 T 146 1438 1170 0 0
310 T 1172 3190 3175 0 0
310 T 3140 3192 1438 0 0
310 T 1101 1364 146 0 0
310 T 3169 3190 1099 0 0
310 T 1364 3192 3143 0 0
310 T 1432 1356 2313 0 0
310 T 98 1458 958 0 0
310 T 960 1385 99 0 0
310 T 3145 3158 3139 0 0
310 T 1117 78 1458 0 0
310 T 1385 79 1187 0 0
310 T 2680 3087 2594 0 0
310 T 1081 3089 542 0 0
310 T 2636 3084 2718 0 0
310 T 542 3082 1150 0 0
310 T 1172 953 144 0 0
310 T 145 951 1098 0 0
310 T 729 3172 2594 0 0
310 T 499 3087 3172 0 0
310 T 2636 3162 722 0 0
310 T 3162 3084 496 0 0
310 T 3123 998 1042 0 0
310 T 3084 2078 2923 0 0
310 T 2949 2152 3087 0 0
310 T 729 3133 1418 0 0
310 T 3170 214 3133 0 0
310 T 1345 3126 722 0 0
310 T 3126 214 3164 0 0
310 T 1364 1 1439 -1 0
310 T 3109 3182 1186 0 0
310 T 1188 1116 39 -1 0
310 T 1116 3183 3103 0 0
310 T 3180 3185 3182 0 0
310 T 2829 3187 950 0 0
310 T 3053 3133 1631 0 0
310 T 1700 3126 3067 0 0
310 T 3201 3187 3090 0 0
310 T 509 3205 3087 0 0
310 T 3008 2152 3205 0 0
310 T 3084 3207 502 0 0
310 T 3207 2078 3011 0 0
310 T 3089 3214 1154 0 0
310 T 2390 3216 3172 0 0
310 T 1085 3221 3082 0 0
310 T 3162 3219 2348 0 0
310 T 960 3039 3211 0 0
310 T 3133 2392 3222 0 0
310 T 3224 3216 216 0 0
310 T 216 3219 3226 0 0
310 T 3228 2346 3126 0 0
310 T 3233 1434 3127 0 0
310 T 3229 146 3231 0 0
310 T 3223 3234 148 0 0
310 T 3234 3130 1359 0 0
310 T 3203 3214 1653 0 0
310 T 1719 3221 3209 0 0
310 T 3239 3231 3235 0 0
310 T 3224 3258 1642 0 0
310 T 1097 3260 3214 0 0
310 T 1712 3257 3226 0 0
310 T 3221 3255 1166 0 0
310 T 3237 3271 1642 0 0
310 T 149 3258 3271 0 0
310 T 1712 3269 3230 0 0
310 T 3269 3257 149 0 0
310 T 3237 3275 1430 0 0
310 T 3273 81 3275 0 0
310 T 1357 3280 3230 0 0
310 T 3280 81 3267 0 0
310 T 3268 3282 1362 0 0
310 T 1101 3284 3254 0 0
310 T 1440 3289 3270 0 0
310 T 3261 3287 1170 0 0
310 T 3281 3295 1362 0 0
310 T 78 3282 3295 0 0
310 T 1440 3293 3274 0 0
310 T 3293 3289 78 0 0
310 T 3249 3212 930 0 0
310 T 78 1202 970 0 0
310 T 972 3298 3295 0 0
310 T 3284 3300 1202 0 0
310 T 973 1132 78 0 0
310 T 3293 3298 971 0 0
310 T 1132 3300 3287 0 0
310 T 3257 3261 3251 1 0
310 T 3264 3262 3264 1 0
310 T 3277 61 3279 0 0
310 T 3289 62 3283 0 0
310 T 1132 1 1203 -1 0
310 T 936 3303 3247 0 0
310 T 3309 3307 3309 -1 0
310 T 3333 3331 3333 -1 0
310 T 3348 3346 3348 1 0
310 T 3357 3355 3357 -1 0
310 U 34 1 1 0 0
310 U 1 1 1 0 0
310 U 966 2 4 0 0
310 U 85 2 2 0 0
310 U 91 4 4 0 0
310 U 13 3 2 0 0
310 U 33 5 4 0 0
310 U 3198 6 9 0 0
310 U 213 6 6 0 0
310 U 220 9 9 0 0
310 U 31 7 6 0 0
310 U 37 9 8 0 0
310 U 1230 10 13 0 0
310 U 241 12 10 0 0
310 U 20 13 12 0 0
310 U 2149 19 10 0 0
310 U 1250 12 19 0 0
310 U 1236 17 10 0 0
310 U 296 19 17 0 0
310 U 249 15 10 0 0
310 U 2180 17 15 0 0
310 U 2773 15 13 0 0
310 U 2167 12 15 0 0
310 U 282 15 19 0 0
310 U 26 13 12 0 0
310 U 1260 17 14 0 0
310 U 9 16 17 0 0
310 U 2202 17 18 0 0
310 U 14 18 19 0 0
310 U 1274 20 27 0 0
310 U 2076 29 20 0 0
310 U 298 27 29 0 0
310 U 245 22 20 0 0
310 U 1293 29 22 0 0
310 U 1272 23 20 0 0
310 U 18 22 23 0 0
310 U 253 25 20 0 0
310 U 2786 23 25 0 0
310 U 2107 25 27 0 0
310 U 2094 22 25 0 0
310 U 26 23 22 1 0
310 U 280 29 25 0 0
310 U 1301 27 24 0 0
310 U 2133 28 27 0 0
310 U 8 27 26 0 0
310 U 16 29 28 0 0
310 U 2271 30 38 0 0
310 U 2068 34 30 0 0
310 U 825 38 34 0 0
310 U 3116 42 30 0 0
310 U 831 34 42 0 0
310 U 28 31 30 1 0
310 U 2268 42 31 0 0
310 U 2064 36 30 0 0
310 U 845 43 36 0 0
310 U 749 45 30 0 0
310 U 2307 36 45 0 0
310 U 2112 45 38 0 0
310 U 2283 32 44 0 0
310 U 2088 41 32 0 0
310 U 908 44 41 0 0
310 U 10 33 32 0 0
310 U 2280 41 33 0 0
310 U 2084 37 32 0 0
310 U 852 40 37 0 0
310 U 761 39 32 0 0
310 U 2302 37 39 0 0
310 U 2293 43 34 0 0
310 U 2114 38 43 0 0
310 U 19 35 34 0 0
310 U 2127 41 45 0 0
310 U 24 41 40 0 0
310 U 2134 46 52 0 0
310 U 2216 59 46 0 0
310 U 839 52 59 0 0
310 U 28 47 46 0 0
310 U 3120 59 47 0 0
310 U 2140 50 46 0 0
310 U 837 58 50 0 0
310 U 2220 54 46 0 0
310 U 827 50 54 0 0
310 U 753 61 46 0 0
310 U 2183 54 61 0 0
310 U 2256 61 52 0 0
310 U 2155 48 53 0 0
310 U 2228 56 48 0 0
310 U 846 53 56 0 0
310 U 10 49 48 0 0
310 U 2160 56 49 0 0
310 U 2232 60 48 0 0
310 U 902 57 60 0 0
310 U 757 55 48 0 0
310 U 2253 55 53 0 0
310 U 20 51 50 0 0
310 U 2241 58 51 0 0
310 U 2189 59 54 0 0
310 U 2200 61 57 0 0
310 U 23 57 56 0 0
310 Q 93 923 93 923 0 0 0 0 0 0
310 Q 2055 137 2055 137 0 0 0 0 0 0
310 Q 267 821 267 821 0 0 0 0 0 0
310 Q 287 613 287 613 0 0 0 0 0 0
310 Q 881 2 879 41 0 0 0 0 0 0
310 Q 220 892 2 886 0 0 0 0 0 0
310 Q 267 813 1 815 -1 0 0 0 0 0
310 Q 45 917 92 919 0 0 0 0 -1 0
310 Q 462 220 468 623 0 0 0 0 0 0
310 Q 39 1957 84 1959 0 0 0 0 -1 0
310 Q 1288 134 1246 39 0 0 0 0 0 0
310 Q 136 1395 82 1472 0 0 0 0 0 0
310 Q 211 1008 84 1050 0 0 0 0 0 0
310 Q 1673 3 1738 82 0 0 0 0 0 0
310 Q 1812 1 1762 0 0 0 0 0 -1 0
310 Q 2011 611 2009 1 0 0 0 0 0 0
310 Q 532 1257 2 1294 0 0 0 0 0 0
310 Q 220 2709 92 2746 0 0 0 0 0 0
310 Q 83 1601 610 1530 0 0 0 0 0 0
310 Q 2521 1 2454 85 1 1 0 0 0 -1
310 Q 820 2357 136 2398 0 0 0 0 0 0
310 Q 0 2373 53 2326 0 0 0 0 0 0
310 Q 42 227 53 229 0 0 0 0 0 0
310 Q 662 84 663 269 0 0 0 0 0 0
310 Q 1669 2058 1734 82 0 0 0 0 0 0
310 Q 690 204 691 137 0 0 0 0 0 0
310 Q 983 3 985 46 0 0 0 0 0 0
310 Q 0 992 488 1034 0 0 0 0 0 0
310 Q 697 54 695 0 0 0 0 0 0 0
310 Q 597 47 591 2757 0 0 0 0 0 0
310 Q 2755 117 402 116 0 0 0 0 0 0
310 Q 84 1393 2867 1466 0 0 0 0 0 0
310 Q 0 1224 93 1262 0 0 0 0 0 0
310 Q 713 2980 707 0 0 0 0 0 0 0
310 Q 2345 91 2386 2978 0 0 0 0 0 0
310 Q 363 1352 2866 1426 0 0 0 0 0 0
310 Q 525 3014 519 51 0 0 0 0 0 0
310 Q 300 202 294 3016 0 0 0 0 0 0
310 Q 1925 38 1919 3097 1 0 0 0 0 0
310 Q 3095 1929 85 1931 0 0 0 0 0 0
310 Q 15 204 17 203 0 0 0 0 0 0
310 Q 3099 1465 136 1386 0 0 0 0 0 0
310 Q 2356 205 2399 3101 0 0 0 0 0 0
310 Q 1584 51 1515 3094 0 0 0 0 0 0
310 Q 98 3100 99 3149 0 0 0 0 0 0
310 Q 3147 1729 204 1658 0 0 0 0 0 0
310 Q 2979 145 3134 144 0 0 0 0 0 0
310 Q 3136 2164 90 2091 0 0 0 0 0 0
310 Q 1432 55 1354 3097 0 0 0 0 0 0
310 Q 83 3153 83 3153 0 0 0 0 0 0
310 Q 3151 1601 286 1530 0 0 0 0 0 0
310 Q 563 2145 3154 2070 0 0 0 0 0 0
310 Q 1349 3156 1423 362 0 0 0 0 0 0
310 Q 2829 221 2827 3137 0 0 0 0 0 0
310 Q 563 1636 3181 1702 0 0 0 0 0 0
310 Q 81 3154 80 3179 0 0 0 0 0 0
310 Q 924 1149 3158 1218 0 0 0 0 0 0
310 Q 3069 44 3050 565 1 0 0 0 0 0
310 Q 3157 3041 218 3039 0 0 0 0 0 0
310 Q 960 3155 958 3149 0 0 0 0 0 0
310 Q 3100 1385 3157 1458 0 0 0 0 0 0
310 Q 3152 12 3153 13 0 0 0 0 0 0
310 Q 3093 3158 3091 213 0 0 0 0 0 0
310 Q 2979 1100 3158 1170 0 0 0 0 0 0
310 Q 953 3160 951 3134 0 0 0 0 0 0
310 Q 113 3004 107 405 0 0 0 0 0 0
310 Q 1332 287 1333 3002 0 0 0 0 0 0
310 Q 221 3189 3161 3187 0 0 0 0 0 0
310 Q 936 3151 934 3125 0 0 0 0 0 0
310 Q 3123 932 3146 930 0 0 0 0 0 0
310 Q 57 265 41 263 0 0 0 0 0 0
310 Q 2517 91 2450 57 0 0 0 0 0 0
310 Q 3213 218 3211 3149 0 0 0 0 0 0
310 Q 563 1632 3238 1698 0 0 0 0 0 0
310 Q 2914 3240 2913 43 0 0 0 0 0 0
310 Q 59 2088 3014 2159 0 0 0 0 0 0
310 Q 948 51 946 59 0 0 0 0 0 0
310 Q 661 3113 655 57 0 0 0 0 0 0
310 Q 473 91 475 3111 0 0 0 0 0 0
310 Q 0 2781 3111 2762 0 0 0 0 0 0
310 Q 52 30 53 31 0 0 0 0 0 0
310 Q 142 3252 143 59 0 0 0 0 0 0
310 Q 1720 3014 1651 3250 0 0 0 0 0 0
310 Q 1524 3264 1591 2757 0 0 0 0 0 0
310 Q 47 2906 3262 2889 0 0 0 0 0 0
310 Q 3123 3249 219 3247 0 0 0 0 0 0
310 Q 952 63 950 59 0 0 0 0 0 0
310 Q 0 1340 3196 1414 0 0 0 0 0 0
310 Q 684 3111 685 3194 0 0 0 0 0 0
310 Q 3263 1617 66 1546 0 0 0 0 0 0
310 Q 289 2669 3196 2626 0 0 0 0 0 0
310 Q 972 62 970 61 0 0 0 0 0 0
310 Q 3303 3151 3305 219 0 0 0 0 0 0
310 Q 1684 3243 1751 289 0 0 0 0 0 0
310 Q 3245 678 3196 679 0 0 0 0 0 0
310 Q 2412 3243 2367 3002 0 0 0 0 0 0
310 Q 3304 36 3303 13 0 0 0 0 0 0
310 Q 32 67 33 66 0 0 0 0 0 0
310 Q 65 936 57 934 0 0 0 0 0 0
310 Q 2768 3113 2783 65 0 0 0 0 0 0
310 Q 501 3313 495 65 0 0 0 0 0 0
310 Q 1215 3113 1144 3311 0 0 0 0 0 0
310 Q 2672 3311 2631 3194 0 0 0 0 0 0
310 Q 3307 673 3243 675 0 0 0 0 0 0
310 Q 2169 3002 2094 3309 0 0 0 0 0 0
310 Q 525 3310 519 3317 0 0 0 0 0 0
310 Q 3315 1477 3195 1398 0 0 0 0 0 0
310 Q 3315 2360 3244 2403 0 0 0 0 0 0
310 Q 3319 529 3314 528 0 0 0 0 0 0
310 Q 1741 3245 1670 3321 0 0 0 0 0 0
310 Q 940 68 938 65 0 0 0 0 0 0
310 Q 3313 2646 68 2609 0 0 0 0 0 0
310 Q 3323 317 68 316 0 0 0 0 0 0
310 Q 1160 3313 1086 3325 0 0 0 0 0 0
310 Q 3307 2173 3321 2098 0 0 0 0 0 0
310 Q 2336 3316 2379 3325 0 0 0 0 0 0
310 Q 325 3328 319 3325 0 0 0 0 0 0
310 Q 1470 3316 1397 3326 0 0 0 0 0 0
310 Q 3319 2177 3326 2102 0 0 0 0 0 0
310 Q 3323 1092 3335 1162 0 0 0 0 0 0
310 Q 2644 3337 2603 68 0 0 0 0 0 0
310 Q 3328 2187 3335 2116 0 0 0 0 0 0
310 Q 3319 1676 3333 1743 0 0 0 0 0 0
310 Q 337 3326 336 3331 0 0 0 0 0 0
310 Q 2119 3336 2192 70 0 0 0 0 0 0
310 Q 3335 225 3338 224 0 0 0 0 0 0
310 Q 3340 1488 3328 1411 0 0 0 0 0 0
310 Q 1140 3342 1211 3337 0 0 0 0 0 0
310 Q 3344 151 71 150 0 0 0 0 0 0
310 Q 1692 3330 1759 3341 0 0 0 0 0 0
310 Q 1756 3342 1687 3338 0 0 0 0 0 0
310 Q 73 1664 3345 1731 0 0 0 0 0 0
310 Q 964 70 962 73 0 0 0 0 0 0
310 Q 3351 101 72 100 0 0 0 0 0 0
310 Q 1184 3344 1110 3353 0 0 0 0 0 0
310 Q 3339 1408 3348 1483 0 0 0 0 0 0
310 Q 156 3343 157 3346 0 0 0 0 0 0
310 Q 3351 1461 74 1382 0 0 0 0 0 0
310 Q 961 74 959 72 0 0 0 0 0 0
310 Q 3351 1116 3357 1186 0 0 0 0 0 0
310 Q 81 74 80 3355 0 0 0 0 0 0
310 Q 1380 3347 1455 3353 0 0 0 0 0 0
310 Q 3355 1205 77 1130 0 0 0 0 0 0
310 Q 973 77 971 74 0 0 0 0 0 0
310 Q 76 34 77 35 0 0 0 0 0 0
