0
0 d=339
0
339 A 5 0 -1 2 1 -2
339 A 7 0 3 1 -3 -1
339 A -1 1 16 0 -16 0
339 A 0 1 16 0 -16 0
339 A -2 1 28 0 -28 0
339 A 1 1 28 0 -28 0
339 A -3 1 24 1 -24 -1
339 A 2 1 -25 1 25 -1
339 A 10 0 -1 2 1 -2
339 A -5 1 31 2 -31 -2
339 A -5 1 24 1 -24 -1
339 A 4 1 -25 1 25 -1
339 A 4 1 -33 2 33 -2
339 A 14 0 -3 6 3 -6
339 A -1 2 -58 1 58 -1
339 A 5 0 2 1 2 1
339 A 11 0 4 3 4 3
339 A 4 0 1 1 2 -1
339 A 4 0 -1 1 0 1
339 A 5 0 -3 2 2 -1
339 A 5 0 1 2 -1 -1
339 A 6 0 2 1 -3 1
339 A 6 0 -1 1 0 1
339 A 7 0 -4 3 -1 -3
339 A 7 0 -4 2 -1 -1
339 A 7 0 -3 3 0 -2
339 A 7 0 2 3 -1 2
339 A 7 0 2 2 2 -1
339 A 7 0 -2 2 0 -3
339 A 7 0 -1 1 0 1
339 A 8 0 -5 3 -2 -3
339 A 8 0 3 1 -4 1
339 A 8 0 -3 1 -2 3
339 A 8 0 -3 3 0 -1
339 A 8 0 2 1 -1 3
339 A 8 0 -2 1 -1 -1
339 A 8 0 1 3 -4 3
339 A 8 0 -1 1 0 -3
339 A 9 0 -5 2 3 -4
339 A 9 0 -4 1 -6 4
339 A 9 0 -4 4 0 4
339 A 9 0 3 2 1 -4
339 A 9 0 3 1 2 4
339 A 9 0 -3 1 2 1
339 A 9 0 -3 2 1 2
339 A 9 0 -2 2 0 -1
339 A 9 0 -1 1 0 -2
339 A -1 1 33 0 18 0
339 A 0 1 33 0 18 0
339 A -2 1 29 1 14 0
339 A -2 1 36 1 16 0
339 A -2 1 30 1 19 0
339 A -2 1 26 0 10 0
339 A -2 1 20 0 13 0
339 A 1 1 26 0 10 0
339 A 1 1 20 0 13 0
339 A 1 1 19 0 31 -1
339 A 1 1 16 0 37 -1
339 A 1 1 14 0 30 -1
339 A -3 1 35 1 -12 0
339 A -3 1 22 1 37 1
339 A 2 1 -23 1 -38 1
339 A 2 1 -36 1 12 0
339 A -4 1 14 1 -23 -1
339 A -4 1 25 1 10 0
339 A 3 1 -26 1 -10 0
339 A 3 1 -15 1 24 -1
339 A -5 1 37 2 -28 -2
339 A -5 1 27 1 -18 -1
339 A -5 1 17 1 -33 -2
339 A -5 1 36 2 -11 -1
339 A -5 1 26 1 34 2
339 A -5 1 11 0 14 1
339 A 4 1 -18 1 35 -2
339 A 4 1 -30 2 39 -2
339 A 4 1 -38 2 12 -1
339 A 4 1 -27 1 -36 2
339 A 4 1 11 0 15 -1
339 A 4 1 -28 1 19 -1
339 A -6 1 40 2 30 2
339 A -6 1 22 2 -32 -2
339 A -6 1 16 1 35 2
339 A -6 1 5 1 -15 -1
339 A -6 1 36 2 -6 -1
339 A 5 1 -38 2 7 -1
339 A 5 1 -17 1 -37 2
339 A 5 1 -32 2 -42 2
339 A 5 1 -34 2 24 -2
339 A 5 1 -6 1 16 -1
339 A -7 1 36 3 28 3
339 A -7 1 21 2 22 1
339 A 6 1 -39 3 -31 3
339 A 6 1 -23 1 -23 2
339 A 12 0 -5 5 0 5
339 A 13 0 -8 4 4 4
339 A -10 1 16 1 34 4
339 A 9 1 -38 4 -17 1
339 A 17 0 -6 3 3 3
339 A 26 0 8 9 -17 9
339 S -2 2 5 0
339 S -1 1 5 0
339 S -3 1 7 0
339 S -2 3 7 0
339 S 1 2 7 0
339 S -3 2 7 0
339 S 2 1 7 0
339 S -1 3 7 0
339 S 0 2 5 0
339 S 0 1 5 0
339 T 267 348 250 0 0
339 T 316 346 297 0 0
339 T 242 273 169 0 0
339 T 171 187 177 0 0
339 T 179 138 244 0 0
339 T 153 247 183 0 0
339 T 138 185 273 0 0
339 T 282 129 176 0 0
339 T 90 83 71 0 0
339 T 89 91 89 0 0
339 T 80 86 66 0 0
339 T 66 74 77 0 0
339 T 150 197 179 0 0
339 T 192 145 182 0 0
339 T 205 62 169 0 0
339 T 195 205 197 0 0
339 T 271 241 3 0 0
339 T 245 4 288 0 0
339 T 206 255 269 0 0
339 T 255 59 274 0 0
339 T 283 64 261 0 0
339 T 342 126 75 0 0
339 T 28 41 344 0 0
339 T 41 217 126 0 0
339 T 123 118 108 0 0
339 T 113 121 110 0 0
339 T 99 97 99 -1 0
339 T 101 99 111 0 0
339 T 101 113 105 0 0
339 T 93 119 94 0 0
339 T 4 6 4 0 0
339 T 6 318 291 0 0
339 T 318 291 2 0 0
339 T 1 2 1 0 0
339 T 68 306 132 0 0
339 T 130 236 78 0 0
339 T 86 234 306 0 0
339 T 200 269 125 0 0
339 T 158 191 288 0 0
339 T 127 253 194 0 0
339 T 262 141 202 0 0
339 T 147 232 235 0 0
339 T 286 278 265 0 0
339 T 252 259 247 0 0
339 T 328 61 301 0 0
339 T 11 283 303 0 0
339 T 163 287 296 0 0
339 T 326 261 14 0 0
339 T 245 323 168 0 0
339 T 202 226 88 0 0
339 T 174 73 237 0 0
339 T 367 365 367 -1 0
339 T 101 129 317 0 0
339 T 290 143 111 0 0
339 T 147 141 129 0 0
339 T 156 157 150 0 0
339 T 140 135 126 0 0
339 T 80 229 144 0 0
339 T 350 352 350 1 0
339 T 81 41 195 0 0
339 T 59 359 354 0 0
339 T 230 76 312 0 0
339 T 300 306 303 0 0
339 T 306 53 281 0 0
339 T 294 277 8 0 0
339 T 141 312 68 0 0
339 T 65 174 54 0 0
339 T 56 237 78 0 0
339 T 327 304 0 0 0
339 T 64 62 64 0 0
339 T 60 58 60 1 0
339 T 166 105 153 0 0
339 T 183 107 323 0 0
339 T 322 8 258 0 0
339 T 50 310 264 0 0
339 T 70 43 188 0 0
339 T 43 213 137 0 0
339 T 315 309 328 0 0
339 T 204 68 52 0 0
339 T 71 110 294 0 0
339 T 192 113 69 0 0
339 T 296 123 190 0 0
339 T 177 94 55 0 0
339 T 53 339 138 0 0
339 T 242 337 94 0 0
339 T 44 45 43 0 0
339 T 46 48 46 0 0
339 T 333 30 42 0 0
339 T 344 48 335 0 0
339 T 7 111 209 0 0
339 T 211 97 222 0 0
339 T 224 101 8 0 0
339 T 37 237 226 0 0
339 T 88 140 333 0 0
339 T 37 56 52 0 0
339 T 80 228 50 0 0
339 T 157 121 163 0 0
339 T 329 127 50 0 0
339 T 337 1 332 0 0
339 T 321 103 82 0 0
339 T 115 183 84 0 0
339 T 271 329 96 0 0
339 T 51 197 93 0 0
339 U 50 4 5 0 0
339 U 168 5 3 0 0
339 U 26 3 4 0 0
339 U 316 4 6 0 0
339 U 24 6 5 0 0
339 U 250 5 4 0 0
339 U 14 5 6 0 0
339 U 7 3 4 0 0
339 U 73 9 12 0 0
339 U 258 11 9 0 0
339 U 22 12 11 0 0
339 U 219 9 11 0 0
339 U 81 11 8 0 0
339 U 256 8 9 0 0
339 U 222 10 7 0 0
339 U 358 10 8 0 0
339 U 10 8 7 -1 0
339 U 33 9 10 0 0
339 U 27 12 11 0 0
339 U 16 1 2 0 0
339 U 4 2 2 0 0
339 U 17 2 1 1 0
339 U 36 2 1 0 0
339 U 72 15 14 0 0
339 U 274 18 15 0 0
339 U 213 14 18 0 0
339 U 353 16 18 0 0
339 U 34 18 17 0 0
339 U 86 14 17 0 0
339 U 29 13 14 0 0
339 U 278 14 18 0 0
339 U 20 13 14 0 0
339 U 211 15 18 0 0
339 U 9 15 16 0 0
339 U 32 20 19 0 0
339 U 53 19 22 0 0
339 U 163 22 20 0 0
339 U 265 21 20 0 0
339 U 8 20 19 0 0
339 U 300 19 21 0 0
339 U 23 21 22 0 0
339 U 11 22 21 0 0
339 Q 69 39 83 64 0 0 0 0 -1 0
339 Q 62 92 62 92 0 0 0 0 0 0
339 Q 133 176 59 204 0 0 0 0 0 0
339 Q 91 106 4 121 0 0 0 0 0 0
339 Q 233 3 232 0 0 0 0 0 0 0
339 Q 21 5 19 4 0 0 0 0 0 0
339 Q 74 348 85 3 0 0 0 0 0 0
339 Q 239 46 226 57 0 0 0 0 0 0
339 Q 366 205 364 169 0 0 0 0 0 0
339 Q 350 18 351 15 0 0 0 0 0 0
339 Q 0 160 45 155 0 0 0 0 0 0
339 Q 181 350 191 0 0 0 0 0 0 0
339 Q 286 352 247 47 0 0 0 0 0 0
339 Q 364 60 364 60 0 0 0 0 0 0
339 Q 203 2 175 362 -1 1 0 0 0 -1
339 Q 134 1 134 1 0 1 0 -1 1 -1
339 Q 366 6 366 6 0 0 0 0 0 0
339 Q 364 281 98 263 0 0 0 0 0 0
339 Q 35 367 36 368 -1 0 -1 0 0 0
339 Q 152 46 152 46 0 0 0 0 0 0
339 Q 43 40 44 151 0 0 0 0 1 0
339 Q 119 25 118 31 0 0 0 0 0 0
