1051 A 5 0 3 -1 -3 1
1051 A 10 0 7 -4 -7 4
1051 A 11 0 8 -5 -8 5
1051 A -2 1 -54 0 54 0
1051 A 1 1 -54 0 54 0
1051 A -4 1 -72 -1 72 1
1051 A 3 1 73 -1 -73 1
1051 A -7 1 -100 -3 100 3
1051 A 6 1 103 -3 -103 3
1051 A -8 1 -120 -3 120 3
1051 A 7 1 123 -3 -123 3
1051 A 20 0 3 -6 -3 6
1051 A 20 0 13 -6 -13 6
1051 A 22 0 3 -6 -3 6
1051 A 5 0 1 -2 1 -2
1051 A 7 0 1 -2 1 -2
1051 A 9 0 2 -4 2 -4
1051 A 15 0 1 -2 1 -2
1051 A 15 0 11 -7 11 -7
1051 A 19 0 4 -8 4 -8
1051 A 21 0 1 -2 1 -2
1051 A 4 0 0 -1 -1 1
1051 A 4 0 -1 -1 2 -1
1051 A 5 0 0 -1 2 -2
1051 A 5 0 1 -1 0 -2
1051 A 6 0 0 -1 -1 1
1051 A 6 0 -1 -1 2 -1
1051 A 6 0 -2 -1 -3 1
1051 A 7 0 0 -1 2 -2
1051 A 7 0 1 -1 0 -2
1051 A 7 0 -1 -1 -2 1
1051 A 7 0 -2 -1 1 2
1051 A 7 0 3 -1 -3 2
1051 A 7 0 4 -1 2 3
1051 A 7 0 -2 -2 -1 -3
1051 A 7 0 4 -2 4 -3
1051 A 7 0 1 -3 -2 3
1051 A 7 0 0 -3 3 -3
1051 A 8 0 0 -1 -1 1
1051 A 8 0 -1 -1 2 -1
1051 A 8 0 -2 -1 -1 3
1051 A 8 0 3 -1 -2 3
1051 A 8 0 -3 -1 4 -3
1051 A 8 0 4 -1 -1 -3
1051 A 8 0 0 -3 -3 3
1051 A 8 0 -2 -3 5 -3
1051 A 9 0 0 -1 -4 4
1051 A 9 0 1 -1 0 4
1051 A 9 0 -1 -1 -4 2
1051 A 9 0 2 -1 2 2
1051 A 9 0 -2 -1 -3 1
1051 A 9 0 -3 -1 -1 -2
1051 A 9 0 4 -1 3 -2
1051 A 9 0 5 -1 -1 2
1051 A 9 0 0 -2 -2 2
1051 A 9 0 -3 -2 1 -4
1051 A 9 0 5 -2 3 -4
1051 A 9 0 -1 -4 5 -4
1051 A 9 0 -2 -4 -6 4
1051 A 10 0 0 -1 -3 3
1051 A 10 0 1 -1 0 3
1051 A 10 0 -2 -1 -3 1
1051 A 10 0 -4 -1 -5 3
1051 A 10 0 5 -1 2 3
1051 A 10 0 -1 -3 4 -3
1051 A 11 0 0 -1 -1 1
1051 A 11 0 -1 -1 2 -1
1051 A 11 0 -2 -1 -6 2
1051 A 11 0 3 -1 4 2
1051 A 11 0 -4 -1 2 4
1051 A 11 0 5 -1 -6 4
1051 A 11 0 6 -1 4 3
1051 A 11 0 1 -2 2 -4
1051 A 11 0 0 -2 5 -5
1051 A 11 0 2 -2 0 -5
1051 A 11 0 -1 -2 -3 2
1051 A 11 0 -2 -2 1 5
1051 A 11 0 4 -2 -6 5
1051 A 11 0 0 -3 -4 4
1051 A 11 0 3 -3 0 4
1051 A 11 0 -1 -3 -3 5
1051 A 11 0 4 -3 -2 5
1051 A 11 0 -2 -3 5 -3
1051 A 11 0 -3 -3 -3 -4
1051 A 11 0 6 -3 7 -4
1051 A 11 0 1 -4 1 -5
1051 A 11 0 3 -4 4 -5
1051 A 12 0 0 -1 -1 1
1051 A 12 0 -1 -1 2 -1
1051 A 12 0 -2 -1 3 -5
1051 A 12 0 3 -1 2 -5
1051 A 12 0 -3 -1 -4 1
1051 A 12 0 -4 -1 -1 5
1051 A 12 0 5 -1 -4 5
1051 A 12 0 -5 -1 6 -5
1051 A 12 0 6 -1 -1 -5
1051 A 12 0 0 -5 -5 5
1051 A 12 0 -2 -5 7 -5
1051 A 12 0 -3 -5 -8 5
1051 A 13 0 0 -1 -4 4
1051 A 13 0 1 -1 0 4
1051 A 13 0 -1 -1 3 5
1051 A 13 0 2 -1 -8 5
1051 A 13 0 -2 -1 -4 -3
1051 A 13 0 3 -1 7 -3
1051 A 13 0 -3 -1 2 6
1051 A 13 0 4 -1 -8 6
1051 A 13 0 -4 -1 7 -4
1051 A 13 0 5 -1 -3 -4
1051 A 13 0 -5 -1 -1 -2
1051 A 13 0 6 -1 3 -2
1051 A 13 0 7 -1 -1 2
1051 A 13 0 0 -2 -2 2
1051 A 13 0 -2 -2 8 -4
1051 A 13 0 4 -2 -4 -4
1051 A 13 0 -3 -2 5 -2
1051 A 13 0 -4 -2 -2 5
1051 A 13 0 6 -2 -3 5
1051 A 13 0 -5 -2 -4 3
1051 A 13 0 7 -2 1 3
1051 A 13 0 1 -3 -2 3
1051 A 13 0 0 -3 3 -3
1051 A 13 0 -2 -3 4 -5
1051 A 13 0 5 -3 1 -5
1051 A 13 0 -3 -3 1 6
1051 A 13 0 6 -3 -7 6
1051 A 13 0 8 -3 4 5
1051 A 13 0 2 -4 3 -6
1051 A 13 0 1 -4 7 -5
1051 A 13 0 3 -4 -2 -5
1051 A 13 0 -1 -4 5 -4
1051 A 13 0 -2 -4 -9 6
1051 A 13 0 6 -4 3 6
1051 A 13 0 0 -5 -6 6
1051 A 13 0 5 -5 0 6
1051 A 13 0 -1 -5 2 -6
1051 A 13 0 6 -5 4 -6
1051 A 13 0 1 -6 -5 6
1051 A 14 0 0 -1 -5 5
1051 A 14 0 1 -1 0 5
1051 A 14 0 -1 -1 -2 1
1051 A 14 0 -2 -1 1 -5
1051 A 14 0 3 -1 4 -5
1051 A 14 0 -3 -1 2 3
1051 A 14 0 4 -1 -5 3
1051 A 14 0 -4 -1 -3 -5
1051 A 14 0 5 -1 8 -5
1051 A 14 0 -5 -1 -6 1
1051 A 14 0 -6 -1 -7 5
1051 A 14 0 7 -1 2 5
1051 A 14 0 1 -3 -2 3
1051 A 14 0 0 -3 3 -3
1051 A 14 0 -1 -3 -2 5
1051 A 14 0 4 -3 -3 5
1051 A 14 0 -3 -3 4 5
1051 A 14 0 6 -3 -9 5
1051 A 14 0 -4 -3 7 -3
1051 A 14 0 -5 -3 -8 3
1051 A 14 0 -1 -5 6 -5
1051 A 15 0 0 -1 2 -2
1051 A 15 0 1 -1 0 -2
1051 A 15 0 -2 -1 -3 1
1051 A 15 0 -4 -1 5 -7
1051 A 15 0 5 -1 2 -7
1051 A 15 0 -5 -1 -3 -2
1051 A 15 0 6 -1 5 -2
1051 A 15 0 8 -1 2 -4
1051 A 15 0 -4 -2 6 -7
1051 A 15 0 6 -2 1 -7
1051 A 15 0 -5 -2 1 4
1051 A 15 0 7 -2 -5 4
1051 A 15 0 0 -4 -7 7
1051 A 15 0 4 -4 0 7
1051 A 15 0 -3 -4 -7 4
1051 A 15 0 -5 -4 3 7
1051 A 15 0 9 -4 -10 7
1051 A 16 0 0 -1 7 -7
1051 A 16 0 1 -1 0 -7
1051 A 16 0 -1 -1 2 7
1051 A 16 0 2 -1 -9 7
1051 A 16 0 -2 -1 -1 -5
1051 A 16 0 3 -1 6 -5
1051 A 16 0 -3 -1 -4 5
1051 A 16 0 4 -1 -1 5
1051 A 16 0 -4 -1 -1 -3
1051 A 16 0 5 -1 4 -3
1051 A 16 0 -5 -1 -2 3
1051 A 16 0 6 -1 -1 3
1051 A 16 0 -6 -1 7 -1
1051 A 16 0 -7 -1 -8 1
1051 A 16 0 0 -3 -3 3
1051 A 16 0 -2 -3 -3 5
1051 A 16 0 5 -3 -2 5
1051 A 16 0 -3 -3 6 -3
1051 A 16 0 -4 -3 -11 7
1051 A 16 0 7 -3 4 7
1051 A 16 0 -5 -3 8 -5
1051 A 16 0 8 -3 -3 -5
1051 A 16 0 -6 -3 5 -7
1051 A 16 0 9 -3 2 -7
1051 A 16 0 0 -5 -5 5
1051 A 16 0 -2 -5 3 7
1051 A 16 0 7 -5 -10 7
1051 A 16 0 -4 -5 3 -7
1051 A 16 0 9 -5 4 -7
1051 A 16 0 -5 -5 10 -5
1051 A 16 0 1 -7 6 -7
1051 A 16 0 -1 -7 -8 7
1051 A -1 1 -17 0 31 0
1051 A -1 1 -18 0 -73 0
1051 A -1 1 -21 0 -25 0
1051 A -1 1 -28 0 47 0
1051 A -1 1 -41 0 77 0
1051 A -1 1 -49 0 102 0
1051 A -1 1 -62 0 -123 0
1051 A -1 1 -82 0 -93 0
1051 A -1 1 -97 0 -122 0
1051 A 0 1 -17 0 31 0
1051 A 0 1 -18 0 -73 0
1051 A 0 1 -21 0 -25 0
1051 A 0 1 -28 0 47 0
1051 A 0 1 -41 0 77 0
1051 A 0 1 -49 0 102 0
1051 A 0 1 -62 0 -123 0
1051 A 0 1 -82 0 -93 0
1051 A 0 1 -97 0 -122 0
1051 A -2 1 -17 0 78 0
1051 A -2 1 -18 0 -101 -1
1051 A -2 1 -26 0 51 0
1051 A -2 1 -27 0 106 1
1051 A -2 1 -28 0 -121 -1
1051 A -2 1 -31 0 -92 -1
1051 A -2 1 -36 0 81 0
1051 A -2 1 -47 0 -62 0
1051 A -2 1 -52 0 -105 -1
1051 A -2 1 -56 0 71 0
1051 A -2 1 -79 0 102 1
1051 A -2 1 -107 -1 122 1
1051 A 1 1 -17 0 78 0
1051 A 1 1 -18 0 -102 1
1051 A 1 1 -26 0 51 0
1051 A 1 1 -27 0 107 -1
1051 A 1 1 -28 0 -122 1
1051 A 1 1 -31 0 -93 1
1051 A 1 1 -36 0 81 0
1051 A 1 1 -47 0 -62 0
1051 A 1 1 -52 0 -106 1
1051 A 1 1 -56 0 71 0
1051 A 1 1 -79 0 103 -1
1051 A 1 1 108 -1 -123 1
1051 A -3 1 -17 0 92 1
1051 A -3 1 -20 0 -118 -1
1051 A -3 1 -28 0 -48 0
1051 A -3 1 -32 0 -42 0
1051 A -3 1 -50 0 110 1
1051 A -3 1 -54 -1 115 1
1051 A -3 1 -60 -1 -108 -1
1051 A -3 1 -72 -1 -101 -1
1051 A -3 1 -76 -1 123 1
1051 A -3 1 -96 -1 122 1
1051 A 2 1 -17 0 93 -1
1051 A 2 1 -20 0 -119 1
1051 A 2 1 -28 0 -48 0
1051 A 2 1 -32 0 -42 0
1051 A 2 1 -50 0 111 -1
1051 A 2 1 55 -1 -116 1
1051 A 2 1 61 -1 109 -1
1051 A 2 1 73 -1 102 -1
1051 A 2 1 77 -1 -124 1
1051 A 2 1 97 -1 -123 1
1051 A -4 1 -17 0 -93 -1
1051 A -4 1 -18 0 103 1
1051 A -4 1 -19 0 29 0
1051 A -4 1 -24 0 -118 -2
1051 A -4 1 -26 0 -70 -1
1051 A -4 1 -27 0 -108 -1
1051 A -4 1 -28 0 -104 -1
1051 A -4 1 -32 0 39 1
1051 A -4 1 -36 0 -80 -1
1051 A -4 1 -37 0 -48 -1
1051 A -4 1 -45 -1 -97 -1
1051 A -4 1 -47 -1 -116 -2
1051 A -4 1 -49 -1 -79 -1
1051 A -4 1 -50 -1 -52 -1
1051 A -4 1 -53 -1 -78 -1
1051 A -4 1 -54 -1 -120 -2
1051 A -4 1 -60 -1 -112 -1
1051 A -4 1 -69 -1 -109 -1
1051 A -4 1 -77 -1 -121 -2
1051 A -4 1 -105 -1 -107 -1
1051 A 3 1 -17 0 -94 1
1051 A 3 1 -18 0 104 -1
1051 A 3 1 -19 0 29 0
1051 A 3 1 -24 0 -120 2
1051 A 3 1 -26 0 -71 1
1051 A 3 1 -27 0 -109 1
1051 A 3 1 -28 0 -105 1
1051 A 3 1 -32 0 40 -1
1051 A 3 1 -36 0 -81 1
1051 A 3 1 -37 0 -49 1
1051 A 3 1 46 -1 98 -1
1051 A 3 1 48 -1 118 -2
1051 A 3 1 50 -1 80 -1
1051 A 3 1 51 -1 53 -1
1051 A 3 1 54 -1 79 -1
1051 A 3 1 55 -1 122 -2
1051 A 3 1 61 -1 113 -1
1051 A 3 1 70 -1 110 -1
1051 A 3 1 78 -1 123 -2
1051 A 3 1 106 -1 108 -1
1051 A -5 1 -17 0 45 1
1051 A -5 1 -18 0 -100 -2
1051 A -5 1 -21 0 27 0
1051 A -5 1 -30 0 -61 -1
1051 A -5 1 -28 -1 -55 -1
1051 A -5 1 -70 -1 -78 -1
1051 A -5 1 -71 -1 98 2
1051 A -5 1 -83 -1 109 2
1051 A -5 1 -90 -2 -123 -2
1051 A -5 1 -94 -2 -107 -2
1051 A 4 1 -17 0 46 -1
1051 A 4 1 -18 0 -102 2
1051 A 4 1 -21 0 27 0
1051 A 4 1 -30 0 -62 1
1051 A 4 1 29 -1 56 -1
1051 A 4 1 71 -1 79 -1
1051 A 4 1 72 -1 -100 2
1051 A 4 1 84 -1 -111 2
1051 A 4 1 92 -2 125 -2
1051 A 4 1 96 -2 109 -2
1051 A 17 0 -5 -1 -7 4
1051 A 17 0 6 -1 3 4
1051 A 17 0 -6 -1 -7 1
1051 A 17 0 -7 -1 -2 -4
1051 A 17 0 8 -1 6 -4
1051 A 17 0 9 -1 5 7
1051 A 17 0 1 -2 11 -5
1051 A 17 0 -1 -2 3 -2
1051 A 17 0 -3 -2 3 -8
1051 A 17 0 5 -2 5 -8
1051 A 17 0 -4 -2 -9 3
1051 A 17 0 6 -2 6 3
1051 A 17 0 -5 -2 -7 2
1051 A 17 0 -6 -2 -5 -3
1051 A 17 0 8 -2 8 -3
1051 A 17 0 -7 -2 6 -7
1051 A 17 0 9 -2 1 -7
1051 A 17 0 1 -3 1 7
1051 A 17 0 2 -3 -8 7
1051 A 17 0 0 -3 5 -5
1051 A 17 0 3 -3 0 -5
1051 A 17 0 -1 -3 -8 6
1051 A 17 0 4 -3 2 6
1051 A 17 0 -4 -3 5 -7
1051 A 17 0 7 -3 2 -7
1051 A 17 0 10 -3 -4 8
1051 A 17 0 2 -4 -3 6
1051 A 17 0 1 -4 -8 5
1051 A 17 0 3 -4 3 5
1051 A 17 0 -1 -4 4 7
1051 A 17 0 5 -4 -11 7
1051 A 17 0 -6 -4 10 -4
1051 A 17 0 1 -5 -9 7
1051 A 17 0 4 -5 2 7
1051 A 17 0 -1 -5 3 6
1051 A 17 0 6 -5 -9 6
1051 A 17 0 -4 -5 4 -6
1051 A 17 0 9 -5 2 -6
1051 A 17 0 0 -7 7 -7
1051 A 17 0 -3 -8 11 -8
1051 A 17 0 -4 -8 -12 8
1051 A -6 1 -18 0 102 2
1051 A -6 1 -19 0 96 2
1051 A -6 1 -20 0 38 1
1051 A -6 1 -22 -1 -118 -3
1051 A -6 1 -25 -1 92 2
1051 A -6 1 -28 -1 -100 -2
1051 A -6 1 -40 -1 -109 -2
1051 A -6 1 -46 -1 56 1
1051 A -6 1 -69 -2 111 2
1051 A -6 1 -74 -2 80 2
1051 A -6 1 -79 -2 -120 -2
1051 A 5 1 -18 0 104 -2
1051 A 5 1 -19 0 98 -2
1051 A 5 1 -20 0 39 -1
1051 A 5 1 23 -1 121 -3
1051 A 5 1 26 -1 -94 2
1051 A 5 1 29 -1 102 -2
1051 A 5 1 41 -1 111 -2
1051 A 5 1 47 -1 -57 1
1051 A 5 1 71 -2 -113 2
1051 A 5 1 76 -2 -82 2
1051 A 5 1 81 -2 122 -2
1051 A -7 1 -21 0 -22 -1
1051 A -7 1 -24 -1 -52 -1
1051 A -7 1 -25 -1 122 3
1051 A -7 1 -34 -1 -98 -3
1051 A -7 1 -39 -1 105 3
1051 A -7 1 -41 -1 -94 -2
1051 A -7 1 -47 -1 -82 -2
1051 A -7 1 -51 -1 121 3
1051 A -7 1 -56 -1 78 2
1051 A -7 1 -57 -1 -67 -2
1051 A -7 1 -68 -2 79 2
1051 A -7 1 -77 -2 -103 -3
1051 A -7 1 -98 -2 107 3
1051 A -7 1 -97 -3 116 3
1051 A 6 1 -21 0 -23 1
1051 A 6 1 25 -1 53 -1
1051 A 6 1 26 -1 -125 3
1051 A 6 1 35 -1 101 -3
1051 A 6 1 40 -1 -108 3
1051 A 6 1 42 -1 96 -2
1051 A 6 1 48 -1 84 -2
1051 A 6 1 52 -1 -124 3
1051 A 6 1 57 -1 -80 2
1051 A 6 1 58 -1 69 -2
1051 A 6 1 70 -2 -81 2
1051 A 6 1 79 -2 106 -3
1051 A 6 1 100 -2 -110 3
1051 A 6 1 100 -3 -119 3
1051 A -8 1 -18 0 -100 -3
1051 A -8 1 -19 0 68 2
1051 A -8 1 -20 -1 49 1
1051 A -8 1 -22 -1 93 3
1051 A -8 1 -26 -1 98 3
1051 A -8 1 -40 -1 89 3
1051 A -8 1 -42 -1 110 3
1051 A -8 1 -51 -1 122 3
1051 A -8 1 -51 -2 84 2
1051 A -8 1 -70 -2 91 3
1051 A 7 1 -18 0 -103 3
1051 A 7 1 -19 0 70 -2
1051 A 7 1 21 -1 -50 1
1051 A 7 1 23 -1 -96 3
1051 A 7 1 27 -1 -101 3
1051 A 7 1 41 -1 -92 3
1051 A 7 1 43 -1 -113 3
1051 A 7 1 52 -1 -125 3
1051 A 7 1 53 -2 -86 2
1051 A 7 1 72 -2 -94 3
1051 A 18 0 -8 -1 9 -5
1051 A 18 0 9 -1 -4 -5
1051 A 18 0 1 -5 4 -5
1051 A 18 0 -1 -5 12 -7
1051 A 18 0 6 -5 -5 -7
1051 A 18 0 -2 -5 7 -5
1051 A 18 0 -5 -5 10 -5
1051 A 18 0 -6 -5 -11 5
1051 A 18 0 -2 -7 -9 7
1051 A -9 1 -19 0 -105 -4
1051 A -9 1 -13 -1 -110 -3
1051 A -9 1 -14 -1 75 3
1051 A -9 1 -20 -1 77 3
1051 A -9 1 -23 -1 -121 -4
1051 A -9 1 -30 -1 -110 -4
1051 A -9 1 -35 -1 72 3
1051 A -9 1 -44 -1 -122 -4
1051 A -9 1 -46 -2 71 2
1051 A -9 1 -53 -2 115 4
1051 A -9 1 -58 -2 -92 -3
1051 A -9 1 -70 -2 -91 -3
1051 A -9 1 -74 -3 109 3
1051 A -9 1 -96 -3 -101 -3
1051 A -9 1 -104 -3 120 4
1051 A 8 1 -19 0 -109 4
1051 A 8 1 14 -1 113 -3
1051 A 8 1 15 -1 -78 3
1051 A 8 1 21 -1 -80 3
1051 A 8 1 24 -1 125 -4
1051 A 8 1 31 -1 114 -4
1051 A 8 1 36 -1 -75 3
1051 A 8 1 45 -1 126 -4
1051 A 8 1 48 -2 -73 2
1051 A 8 1 55 -2 -119 4
1051 A 8 1 60 -2 95 -3
1051 A 8 1 72 -2 94 -3
1051 A 8 1 77 -3 -112 3
1051 A 8 1 99 -3 104 -3
1051 A 8 1 107 -3 -124 4
1051 A -10 1 -9 -1 -100 -3
1051 A -10 1 -10 -1 43 1
1051 A -10 1 -24 -1 95 4
1051 A -10 1 -27 -1 -94 -3
1051 A -10 1 -38 -1 -95 -3
1051 A -10 1 -36 -2 105 4
1051 A -10 1 -47 -2 97 4
1051 A -10 1 -55 -2 -60 -2
1051 A -10 1 -63 -3 -127 -4
1051 A -10 1 -81 -3 -119 -4
1051 A -10 1 -97 -3 124 4
1051 A -10 1 -106 -4 122 4
1051 A 9 1 10 -1 103 -3
1051 A 9 1 11 -1 -44 1
1051 A 9 1 25 -1 -99 4
1051 A 9 1 28 -1 97 -3
1051 A 9 1 39 -1 98 -3
1051 A 9 1 38 -2 -109 4
1051 A 9 1 49 -2 -101 4
1051 A 9 1 57 -2 62 -2
1051 A 9 1 66 -3 131 -4
1051 A 9 1 84 -3 123 -4
1051 A 9 1 100 -3 -128 4
1051 A 9 1 110 -4 -126 4
1051 A 19 0 1 -2 -3 6
1051 A 19 0 -1 -2 6 -4
1051 A 19 0 3 -2 -2 -4
1051 A 19 0 -3 -2 8 -7
1051 A 19 0 5 -2 -1 -7
1051 A 19 0 11 -3 -2 4
1051 A 19 0 -2 -5 3 6
1051 A 19 0 7 -5 -9 6
1051 A 19 0 1 -7 -6 7
1051 A -11 1 -10 -1 -49 -2
1051 A -11 1 -13 -1 116 5
1051 A -11 1 -28 -1 -109 -4
1051 A -11 1 -38 -1 -93 -4
1051 A -11 1 -40 -1 -84 -3
1051 A -11 1 -57 -2 63 2
1051 A -11 1 -59 -2 120 5
1051 A -11 1 -87 -4 113 5
1051 A -11 1 -98 -4 121 5
1051 A 10 1 11 -1 51 -2
1051 A 10 1 14 -1 -121 5
1051 A 10 1 29 -1 113 -4
1051 A 10 1 39 -1 97 -4
1051 A 10 1 41 -1 87 -3
1051 A 10 1 59 -2 -65 2
1051 A 10 1 61 -2 -125 5
1051 A 10 1 91 -4 -118 5
1051 A 10 1 102 -4 -126 5
1051 A -12 1 -12 -1 -121 -5
1051 A -12 1 -15 -1 -81 -3
1051 A -12 1 -22 -1 -103 -4
1051 A -12 1 -26 -1 28 2
1051 A -12 1 -29 -1 70 3
1051 A -12 1 -30 -1 -35 -1
1051 A -12 1 -35 -2 106 4
1051 A -12 1 -38 -2 -112 -5
1051 A -12 1 -45 -2 -106 -5
1051 A -12 1 -50 -3 -76 -4
1051 A -12 1 -83 -3 -96 -5
1051 A -12 1 -94 -4 105 4
1051 A -12 1 -102 -5 118 5
1051 A 11 1 13 -1 126 -5
1051 A 11 1 16 -1 84 -3
1051 A 11 1 23 -1 107 -4
1051 A 11 1 27 -1 -30 2
1051 A 11 1 30 -1 -73 3
1051 A 11 1 31 -1 36 -1
1051 A 11 1 37 -2 -110 4
1051 A 11 1 40 -2 117 -5
1051 A 11 1 47 -2 111 -5
1051 A 11 1 53 -3 80 -4
1051 A 11 1 86 -3 101 -5
1051 A 11 1 98 -4 -109 4
1051 A 11 1 107 -5 -123 5
1051 A -13 1 -14 -1 -18 -1
1051 A -13 1 -37 -1 111 5
1051 A -13 1 -72 -3 86 5
1051 A -13 1 -78 -3 89 5
1051 A -13 1 -119 -5 -111 -6
1051 A 12 1 15 -1 19 -1
1051 A 12 1 38 -1 -116 5
1051 A 12 1 75 -3 -91 5
1051 A 12 1 81 -3 -94 5
1051 A 12 1 124 -5 117 -6
1051 A -14 1 -13 -1 19 1
1051 A -14 1 -31 -2 -111 -5
1051 A -14 1 -62 -4 76 4
1051 A 13 1 14 -1 -20 1
1051 A 13 1 33 -2 116 -5
1051 A 13 1 66 -4 -80 4
1051 A -15 1 -70 -4 -96 -5
1051 A 14 1 74 -4 101 -5
1051 A 22 0 -3 -9 -12 9
1051 A -16 1 -57 -3 110 6
1051 A 15 1 60 -3 -116 6
1051 A 23 0 15 -7 7 9
1051 A -17 1 -37 -2 92 7
1051 A -17 1 -74 -4 -77 -5
1051 A 16 1 39 -2 -99 7
1051 A 16 1 78 -4 82 -5
1051 A 24 0 -5 -5 10 -5
1051 A -22 1 -30 -3 -87 -6
1051 A 21 1 33 -3 93 -6
1051 A 28 0 -8 -11 -19 11
1051 S 1 1 5 0
1051 S -3 2 5 0
1051 S -2 1 5 0
1051 S 1 2 5 0
1051 S 3 1 11 0
1051 S -5 2 11 0
1051 S -2 3 11 0
1051 S 1 4 11 0
1051 S -7 5 11 0
1051 S -4 1 11 0
1051 S 3 2 11 0
1051 S -1 3 11 0
1051 S -5 4 11 0
1051 S 2 5 11 0
1051 T 788 790 788 1 0
1051 T 498 13 1491 -1 0
1051 T 488 492 496 0 0
1051 T 1493 1538 490 1 0
1051 T 492 1536 13 0 0
1051 T 1314 104 1848 -1 0
1051 T 1850 116 1787 0 0
1051 T 1789 110 1312 0 0
1051 T 110 118 104 0 0
1051 T 182 570 1264 0 0
1051 T 1266 572 1223 0 0
1051 T 1225 569 180 0 0
1051 T 569 574 570 0 0
1051 T 346 358 348 0 0
1051 T 350 1613 412 0 0
1051 T 414 1556 344 0 0
1051 T 1556 1611 358 0 0
1051 T 75 78 74 -1 0
1051 T 72 1795 1856 0 0
1051 T 1858 1389 77 0 0
1051 T 1389 1797 78 0 0
1051 T 296 288 292 0 0
1051 T 294 477 1579 0 0
1051 T 1581 1638 298 0 0
1051 T 1638 475 288 0 0
1051 T 702 828 1007 0 0
1051 T 694 769 700 0 0
1051 T 1009 4 692 0 0
1051 T 769 6 828 0 0
1051 T 697 769 687 0 0
1051 T 689 4 968 0 0
1051 T 970 865 695 0 0
1051 T 865 6 769 0 0
1051 T 350 1477 408 0 0
1051 T 410 417 412 0 0
1051 T 1611 415 1477 0 0
1051 T 413 417 403 0 0
1051 T 405 1519 343 0 0
1051 T 1519 415 1557 0 0
1051 T 98 1000 640 0 0
1051 T 650 1267 96 0 0
1051 T 642 657 648 0 0
1051 T 1267 655 1000 0 0
1051 T 93 1229 643 0 0
1051 T 645 652 635 0 0
1051 T 637 1042 91 0 0
1051 T 1042 654 1229 0 0
1051 T 158 795 1787 0 0
1051 T 154 197 156 0 0
1051 T 1850 796 152 0 0
1051 T 119 123 120 0 0
1051 T 122 1851 1312 0 0
1051 T 1314 1794 121 0 0
1051 T 1794 1853 123 -1 0
1051 T 546 579 536 0 0
1051 T 538 1470 1135 0 0
1051 T 1137 175 544 0 0
1051 T 175 1468 579 0 0
1051 T 541 174 1056 0 0
1051 T 533 578 539 0 0
1051 T 1058 1512 531 0 0
1051 T 578 1514 174 0 0
1051 T 294 509 1272 0 0
1051 T 1274 485 1579 0 0
1051 T 475 483 509 0 0
1051 T 1234 512 287 0 0
1051 T 1637 480 1232 0 0
1051 T 512 482 478 0 0
1051 T 9 988 764 0 0
1051 T 762 1029 10 0 0
1051 T 766 792 760 0 0
1051 T 1029 794 988 0 0
1051 T 350 352 340 0 0
1051 T 342 1718 408 0 0
1051 T 1475 1716 352 0 0
1051 T 337 352 343 0 0
1051 T 405 1676 335 0 0
1051 T 352 1678 1521 0 0
1051 T 258 581 1524 0 0
1051 T 1526 573 1479 0 0
1051 T 1481 575 256 0 0
1051 T 575 571 581 0 0
1051 T 402 492 392 0 0
1051 T 394 1466 1255 0 0
1051 T 1257 219 400 0 0
1051 T 219 1464 492 0 0
1051 T 397 218 1216 0 0
1051 T 389 497 395 0 0
1051 T 1218 1508 387 0 0
1051 T 497 1510 218 0 0
1051 T 630 640 620 0 0
1051 T 622 1006 1499 0 0
1051 T 1501 134 628 0 0
1051 T 134 1004 640 0 0
1051 T 625 127 1456 0 0
1051 T 617 637 623 0 0
1051 T 1458 1044 615 0 0
1051 T 637 1046 127 0 0
1051 T 566 549 557 0 0
1051 T 555 1216 1595 0 0
1051 T 1597 244 564 0 0
1051 T 244 1218 549 0 0
1051 T 561 249 1540 0 0
1051 T 557 552 559 0 0
1051 T 1542 1257 555 0 0
1051 T 552 1255 249 0 0
1051 T 254 1484 348 -1 0
1051 T 346 1529 252 0 0
1051 T 1529 358 1484 0 0
1051 T 342 1237 400 0 0
1051 T 402 426 408 0 0
1051 T 1716 424 1237 0 0
1051 T 405 419 395 0 0
1051 T 397 1275 335 0 0
1051 T 1275 421 1678 0 0
1051 T 694 863 1127 0 0
1051 T 1129 6 700 0 0
1051 T 697 6 1048 0 0
1051 T 1050 830 687 0 0
1051 T 266 310 256 0 0
1051 T 1481 1863 264 0 0
1051 T 1863 575 310 0 0
1051 T 261 1805 1523 0 0
1051 T 257 311 259 0 0
1051 T 311 582 1805 0 0
1051 T 718 820 1251 0 0
1051 T 710 729 716 0 0
1051 T 1253 66 708 0 0
1051 T 729 64 820 0 0
1051 T 713 729 703 0 0
1051 T 705 59 1212 0 0
1051 T 1214 857 711 0 0
1051 T 857 61 729 0 0
1051 T 98 81 89 0 0
1051 T 87 1672 1952 0 0
1051 T 1954 1429 96 0 0
1051 T 1429 1674 81 0 0
1051 T 93 1424 1904 0 0
1051 T 89 84 91 0 0
1051 T 1906 1714 87 0 0
1051 T 84 1712 1424 0 0
1051 T 598 593 597 0 0
1051 T 595 187 987 0 0
1051 T 1030 193 596 0 0
1051 T 1738 104 1827 0 0
1051 T 1829 101 1891 0 0
1051 T 1893 91 1736 0 0
1051 T 91 99 104 -1 0
1051 T 1733 98 1939 0 0
1051 T 1770 109 1731 0 0
1051 T 1941 100 1768 0 0
1051 T 109 102 98 1 0
1051 T 250 1244 340 0 0
1051 T 350 1645 248 0 0
1051 T 1645 352 1244 0 0
1051 T 245 1587 343 0 0
1051 T 337 1286 243 0 0
1051 T 1286 352 1587 0 0
1051 T 102 746 1163 -1 0
1051 T 1165 740 1083 0 0
1051 T 1085 748 100 0 0
1051 T 748 742 746 0 0
1051 T 254 303 248 -1 0
1051 T 1486 1645 303 0 0
1051 T 245 302 251 0 0
1051 T 302 1587 1528 0 0
1051 T 555 395 1775 0 0
1051 T 1777 218 1595 0 0
1051 T 1542 219 1835 0 0
1051 T 1837 402 555 0 0
1051 T 766 782 756 0 0
1051 T 758 1235 1023 0 0
1051 T 1025 114 764 0 0
1051 T 114 1237 782 0 0
1051 T 761 114 984 0 0
1051 T 753 783 759 0 0
1051 T 986 1277 751 0 0
1051 T 783 1275 114 0 0
1051 T 182 447 1259 0 0
1051 T 1261 454 1219 0 0
1051 T 1221 448 180 0 0
1051 T 448 452 447 0 0
1051 T 342 325 333 0 0
1051 T 331 1839 400 0 0
1051 T 1235 1841 325 0 0
1051 T 333 328 335 0 0
1051 T 397 1781 331 0 0
1051 T 328 1779 1277 0 0
1051 T 142 486 1159 0 0
1051 T 650 1271 140 0 0
1051 T 1161 1582 648 0 0
1051 T 137 1233 643 0 0
1051 T 645 1636 1080 0 0
1051 T 1082 479 135 0 0
1051 T 158 189 164 0 0
1051 T 162 191 152 0 0
1051 T 1986 4 1948 0 0
1051 T 1950 7 1899 -1 0
1051 T 1901 3 1984 0 0
1051 T 3 7 4 0 0
1051 T 410 1712 564 0 0
1051 T 566 1562 412 0 0
1051 T 1562 1714 415 0 0
1051 T 413 1616 559 0 0
1051 T 561 1674 403 0 0
1051 T 415 1672 1616 0 0
1051 T 75 1379 1907 0 0
1051 T 1958 1385 76 0 0
1051 T 1909 37 1956 0 0
1051 T 58 1919 1968 0 0
1051 T 56 58 56 1 0
1051 T 1970 2 1919 0 0
1051 T 2 1 2 -1 0
1051 T 694 1490 919 0 0
1051 T 686 778 692 0 0
1051 T 921 107 684 0 0
1051 T 778 109 1490 0 0
1051 T 689 771 679 0 0
1051 T 681 106 872 0 0
1051 T 874 1532 687 0 0
1051 T 1532 104 771 0 0
1051 T 178 441 1155 0 0
1051 T 1157 431 1471 0 0
1051 T 1473 462 176 0 0
1051 T 462 433 441 0 0
1051 T 173 455 1515 0 0
1051 T 1078 444 171 0 0
1051 T 1517 438 1076 0 0
1051 T 444 436 455 0 0
1051 T 254 663 1508 0 0
1051 T 1510 46 1463 1 0
1051 T 1465 669 252 0 0
1051 T 669 46 663 0 0
1051 T 710 855 1495 0 0
1051 T 1497 61 716 0 0
1051 T 713 64 1452 0 0
1051 T 1454 822 703 0 0
1051 T 566 599 560 0 0
1051 T 1617 601 1560 0 0
1051 T 218 225 220 0 0
1051 T 331 1060 392 0 0
1051 T 1841 492 1060 0 0
1051 T 389 1141 331 0 0
1051 T 1141 497 1779 0 0
1051 T 294 309 284 0 0
1051 T 286 1820 1272 0 0
1051 T 507 1822 309 0 0
1051 T 281 312 287 0 0
1051 T 1234 1882 279 0 0
1051 T 312 1880 514 0 0
1051 T 555 403 1503 0 0
1051 T 1505 419 1775 0 0
1051 T 1462 410 555 0 0
1051 T 1837 426 1460 0 0
1051 T 1465 1977 248 0 0
1051 T 305 1975 667 0 0
1051 T 245 1927 1507 0 0
1051 T 666 1929 300 0 0
1051 T 554 1674 1503 0 0
1051 T 1462 1712 547 0 0
1051 T 2006 63 1956 0 0
1051 T 1909 61 2004 0 0
1051 T 61 37 63 0 0
1051 T 394 1978 552 0 0
1051 T 549 1928 387 0 0
1051 T 210 1423 1899 0 0
1051 T 206 225 208 0 0
1051 T 1950 1429 204 0 0
1051 T 1009 1437 919 0 0
1051 T 1488 1435 6 0 0
1051 T 874 1432 968 0 0
1051 T 6 1434 1534 0 0
1051 T 267 271 264 0 0
1051 T 266 1925 1620 0 0
1051 T 1622 733 269 0 0
1051 T 733 1923 271 0 0
1051 T 269 736 1564 0 0
1051 T 261 278 267 0 0
1051 T 1566 1971 259 0 0
1051 T 278 1973 736 0 0
1051 T 242 984 328 0 0
1051 T 1781 753 240 0 0
1051 T 237 756 1839 0 0
1051 T 325 1025 235 0 0
1051 T 1539 632 1143 1 0
1051 T 1687 634 562 0 0
1051 T 1066 633 1598 0 0
1051 T 563 631 1729 0 0
1051 T 678 792 672 0 0
1051 T 786 782 790 0 0
1051 T 758 772 748 0 0
1051 T 750 199 1091 0 0
1051 T 1093 1538 756 0 0
1051 T 1538 201 772 0 0
1051 T 753 1492 1171 0 0
1051 T 745 777 751 0 0
1051 T 1173 199 743 0 0
1051 T 777 201 1492 0 0
1051 T 546 1804 1011 0 0
1051 T 1013 314 536 0 0
1051 T 533 307 972 0 0
1051 T 974 1866 539 0 0
1051 T 166 583 939 0 0
1051 T 941 893 1318 1 0
1051 T 593 587 583 0 0
1051 T 893 589 160 0 0
1051 T 554 1954 628 0 0
1051 T 630 89 1503 0 0
1051 T 625 1904 547 0 0
1051 T 1462 89 623 0 0
1051 T 242 1387 1783 -1 0
1051 T 232 236 240 0 0
1051 T 1785 1846 234 0 0
1051 T 236 1844 1387 0 0
1051 T 1682 497 751 0 0
1051 T 758 492 1720 0 0
1051 T 610 44 604 0 0
1051 T 606 121 799 0 0
1051 T 837 122 608 0 0
1051 T 801 1315 835 0 0
1051 T 51 1228 1400 0 0
1051 T 1402 1039 859 0 0
1051 T 861 653 53 0 0
1051 T 53 656 824 0 0
1051 T 1397 1270 51 0 0
1051 T 826 1001 1395 0 0
1051 T 1005 515 312 0 0
1051 T 1882 504 1003 0 0
1051 T 515 506 514 0 0
1051 T 309 515 1043 0 0
1051 T 1045 501 1820 0 0
1051 T 507 499 515 0 0
1051 T 182 183 176 0 0
1051 T 1469 1869 180 0 0
1051 T 1869 582 183 0 0
1051 T 181 1807 1511 0 0
1051 T 173 183 179 0 0
1051 T 183 575 1807 0 0
1051 T 386 472 376 0 0
1051 T 378 1592 1011 0 0
1051 T 1013 194 384 0 0
1051 T 194 1594 472 0 0
1051 T 381 187 972 0 0
1051 T 373 473 379 0 0
1051 T 974 1650 371 0 0
1051 T 473 1648 187 0 0
1051 T 1335 127 1471 0 0
1051 T 1157 982 1337 0 0
1051 T 982 431 127 0 0
1051 T 1337 1019 1076 0 0
1051 T 1517 134 1335 0 0
1051 T 134 438 1019 0 0
1051 T 630 943 1775 0 0
1051 T 87 419 943 0 0
1051 T 1837 898 623 0 0
1051 T 898 426 87 0 0
1051 T 1410 1197 53 0 0
1051 T 861 918 1408 0 0
1051 T 1197 916 651 0 0
1051 T 53 1115 1403 0 0
1051 T 1405 964 824 0 0
1051 T 658 966 1115 0 0
1051 T 86 40 80 0 0
1051 T 111 115 112 0 0
1051 T 330 1980 392 0 0
1051 T 1062 1982 335 0 0
1051 T 389 1934 323 0 0
1051 T 342 1932 1139 0 0
1051 T 178 161 169 0 0
1051 T 167 1319 1547 0 0
1051 T 1549 2082 176 0 0
1051 T 2082 1321 161 0 0
1051 T 173 2044 1603 0 0
1051 T 169 164 171 0 0
1051 T 1605 1326 167 0 0
1051 T 164 1324 2044 0 0
1051 T 51 55 52 0 0
1051 T 54 1871 1392 0 0
1051 T 1394 1814 53 0 0
1051 T 1814 1873 55 0 0
1051 T 134 130 126 0 0
1051 T 1326 2054 132 0 0
1051 T 2054 2 2087 0 0
1051 T 2089 1322 130 0 0
1051 T 686 798 676 0 0
1051 T 674 797 680 0 0
1051 T 1105 1640 64 0 0
1051 T 1099 1095 1103 0 0
1051 T 1640 1097 953 0 0
1051 T 61 1586 1183 0 0
1051 T 1185 1177 1181 0 0
1051 T 904 1175 1586 0 0
1051 T 1153 62 1543 0 0
1051 T 1149 1206 1151 0 0
1051 T 1545 903 1147 0 0
1051 T 9 1572 1176 1 0
1051 T 15 1184 1572 0 0
1051 T 1070 954 1599 0 0
1051 T 1074 1124 1068 0 0
1051 T 1601 63 1072 0 0
1051 T 1098 1630 9 0 0
1051 T 1630 1106 17 0 0
1051 T 837 1311 919 0 0
1051 T 921 1793 608 0 0
1051 T 605 1851 872 0 0
1051 T 874 1314 800 1 0
1051 T 650 283 2068 0 0
1051 T 2070 1819 140 0 0
1051 T 137 1881 2032 0 0
1051 T 2034 282 643 0 0
1051 T 1129 1373 1247 0 0
1051 T 1249 1564 700 0 0
1051 T 1564 1371 4 0 0
1051 T 697 1622 1208 0 0
1051 T 1210 1376 1048 0 0
1051 T 4 1378 1622 0 0
1051 T 342 1381 1659 0 0
1051 T 1934 273 1381 0 0
1051 T 1701 1384 335 0 0
1051 T 1384 276 1980 0 0
1051 T 1246 1381 1169 0 0
1051 T 1087 1384 1284 0 0
1051 T 394 1110 544 0 0
1051 T 546 587 552 0 0
1051 T 1976 589 1110 0 0
1051 T 549 586 539 0 0
1051 T 541 1188 387 0 0
1051 T 1188 584 1930 0 0
1051 T 718 255 1499 0 0
1051 T 1501 311 2023 0 0
1051 T 2025 261 716 0 0
1051 T 713 264 2059 0 0
1051 T 1458 258 711 0 0
1051 T 2061 310 1456 0 0
1051 T 330 993 384 0 0
1051 T 386 468 392 0 0
1051 T 1982 470 993 0 0
1051 T 389 465 379 0 0
1051 T 381 1031 323 0 0
1051 T 1031 463 1932 0 0
1051 T 586 301 907 0 0
1051 T 909 663 1188 0 0
1051 T 587 956 306 0 0
1051 T 956 1108 668 0 0
1051 T 266 2085 1376 0 0
1051 T 1923 6 2085 0 0
1051 T 1373 2047 259 0 0
1051 T 2047 6 1973 0 0
1051 T 194 42 188 0 0
1051 T 42 1594 1649 0 0
1051 T 0 1887 1936 0 0
1051 T 1938 150 1887 0 0
1051 T 150 148 150 -1 0
1051 T 86 818 417 0 0
1051 T 1557 1418 84 0 0
1051 T 1418 1521 818 0 0
1051 T 81 1419 1611 0 0
1051 T 417 851 79 0 0
1051 T 851 1475 1419 0 0
1051 T 720 1455 1499 0 0
1051 T 718 714 722 0 0
1051 T 1310 362 1827 -1 0
1051 T 1829 356 1767 0 0
1051 T 1769 361 1308 0 0
1051 T 361 358 362 0 0
1051 T 200 201 197 1 0
1051 T 710 736 700 0 0
1051 T 1249 267 708 0 0
1051 T 705 267 1208 0 0
1051 T 697 733 703 0 0
1051 T 546 2075 384 0 0
1051 T 2075 1804 192 0 0
1051 T 381 2041 539 0 0
1051 T 189 1866 2041 0 0
1051 T 1687 1728 601 0 0
1051 T 210 1098 927 0 0
1051 T 933 1641 208 0 0
1051 T 929 952 931 0 0
1051 T 211 1068 931 0 0
1051 T 929 1601 213 0 0
1051 T 213 1543 880 0 0
1051 T 882 903 884 0 0
1051 T 886 1149 211 0 0
1051 T 205 1583 884 0 0
1051 T 882 1176 203 0 0
1051 T 610 80 839 0 0
1051 T 841 1742 803 0 0
1051 T 805 86 604 0 0
1051 T 610 1608 923 0 0
1051 T 925 1750 839 0 0
1051 T 82 1748 1608 0 0
1051 T 806 1743 876 0 0
1051 T 878 1554 603 0 0
1051 T 1554 1745 83 0 0
1051 T 622 516 2023 0 0
1051 T 2061 516 615 0 0
1051 T 622 2081 544 0 0
1051 T 1137 1548 620 0 0
1051 T 541 2043 615 0 0
1051 T 617 1606 1056 0 0
1051 T 278 470 947 0 0
1051 T 949 991 1384 0 0
1051 T 1381 1033 900 0 0
1051 T 902 463 271 0 0
1051 T 816 1560 1424 0 0
1051 T 1429 1618 853 0 0
1051 T 738 475 1624 0 0
1051 T 1626 513 1911 0 0
1051 T 1913 481 736 0 0
1051 T 733 484 1959 0 0
1051 T 1570 478 731 0 0
1051 T 1961 508 1568 0 0
1051 T 66 1764 1911 0 0
1051 T 1626 1825 64 0 0
1051 T 1825 513 1764 0 0
1051 T 61 1883 1568 0 0
1051 T 1961 1764 59 0 0
1051 T 1764 508 1883 0 0
1051 T 686 1790 835 0 0
1051 T 837 155 676 0 0
1051 T 673 154 800 0 0
1051 T 802 1848 679 0 0
1051 T 211 1603 1783 0 0
1051 T 242 978 213 0 0
1051 T 978 1387 1603 -1 0
1051 T 213 1015 235 0 0
1051 T 1845 1549 211 0 0
1051 T 1549 1390 1015 0 0
1051 T 134 146 140 0 0
1051 T 2070 2016 132 0 0
1051 T 146 2018 1821 0 0
1051 T 137 146 127 0 0
1051 T 129 2016 2032 0 0
1051 T 1879 2018 146 0 0
1051 T 166 455 1667 0 0
1051 T 1669 1517 169 0 0
1051 T 169 1471 1707 0 0
1051 T 1709 462 159 0 0
1051 T 1889 302 1736 0 0
1051 T 1734 304 1936 0 0
1051 T 302 306 296 1 0
1051 T 1108 2075 470 0 0
1051 T 463 2041 1190 0 0
1051 T 1469 1394 1259 0 0
1051 T 449 1392 1867 0 0
1051 T 1222 1391 1511 0 0
1051 T 1809 1393 449 0 0
1051 T 154 1973 1984 0 0
1051 T 1986 1924 156 0 0
1051 T 1924 1971 195 0 0
1051 T 1693 66 2019 0 0
1051 T 2021 2058 0 0 0
1051 T 2058 60 1651 0 0
1051 T 1334 1341 1337 0 0
1051 T 1021 77 1332 0 0
1051 T 1341 75 1076 0 0
1051 T 1337 1344 1327 0 0
1051 T 1329 77 980 0 0
1051 T 1157 75 1344 0 0
1051 T 1362 61 1479 0 0
1051 T 1358 1439 1360 0 0
1051 T 1526 63 1356 0 0
1051 T 1294 902 1247 0 0
1051 T 1209 948 1288 0 0
1051 T 1350 1442 1352 0 0
1051 T 1354 66 1223 0 0
1051 T 1266 60 1348 0 0
1051 T 1901 2084 156 0 0
1051 T 153 2050 1947 0 0
1051 T 622 510 1251 0 0
1051 T 1253 500 2023 0 0
1051 T 1214 511 615 0 0
1051 T 2061 505 1212 0 0
1051 T 1869 1810 451 0 0
1051 T 67 1363 851 0 0
1051 T 1477 1357 69 0 0
1051 T 1357 1421 1363 0 0
1051 T 69 1360 1519 0 0
1051 T 818 1370 67 0 0
1051 T 1370 1416 1360 0 0
1051 T 993 1034 1414 0 0
1051 T 1202 1444 1119 0 0
1051 T 822 500 259 0 0
1051 T 266 505 855 0 0
1051 T 166 463 935 0 0
1051 T 937 505 1667 0 0
1051 T 457 503 463 0 0
1051 T 890 470 159 0 0
1051 T 1709 500 888 0 0
1051 T 470 502 460 0 0
1051 T 67 1371 1616 0 0
1051 T 1365 1427 1371 0 0
1051 T 1562 1378 67 0 0
1051 T 1378 1426 1368 0 0
1051 T 142 1089 1344 0 0
1051 T 1354 1286 140 0 0
1051 T 1346 1384 1352 0 0
1051 T 137 1244 1347 0 0
1051 T 1349 1381 1339 0 0
1051 T 1341 1167 135 0 0
1051 T 158 1866 1992 0 0
1051 T 1994 2039 164 0 0
1051 T 161 2077 1987 0 0
1051 T 1989 1804 151 0 0
1051 T 1954 1239 640 0 0
1051 T 1002 1241 1427 0 0
1051 T 637 1281 1904 0 0
1051 T 1426 1279 1040 0 0
1051 T 941 1280 1324 0 0
1051 T 1322 1241 891 0 0
1051 T 9 1684 756 0 0
1051 T 990 782 1684 0 0
1051 T 753 1726 9 0 0
1051 T 1726 783 1028 0 0
1051 T 1306 460 1691 0 0
1051 T 1693 433 1891 0 0
1051 T 1893 439 1304 0 0
1051 T 1301 446 1939 0 0
1051 T 1654 457 1299 0 0
1051 T 1941 436 1652 0 0
1051 T 554 1239 620 0 0
1051 T 617 1281 547 0 0
1051 T 1310 1197 1695 -1 0
1051 T 1306 1408 1308 0 0
1051 T 1697 51 1304 0 0
1051 T 1309 1405 1299 0 0
1051 T 1301 51 1656 0 0
1051 T 1658 1115 1307 0 0
1051 T 585 1280 2044 0 0
1051 T 2082 1242 588 0 0
1051 T 740 1567 1624 0 0
1051 T 738 734 742 0 0
1051 T 167 1327 1015 0 0
1051 T 1321 1390 1327 0 0
1051 T 978 1334 167 0 0
1051 T 1334 1387 1324 -1 0
1051 T 330 326 322 0 0
1051 T 1225 1964 176 0 0
1051 T 185 1966 567 0 0
1051 T 173 1918 1263 0 0
1051 T 567 1916 185 0 0
1051 T 222 912 1151 0 0
1051 T 1149 1877 220 0 0
1051 T 1877 1206 912 0 0
1051 T 217 1815 1068 0 0
1051 T 1074 961 215 0 0
1051 T 961 1124 1815 0 0
1051 T 1249 271 2091 0 0
1051 T 2093 266 708 0 0
1051 T 705 259 2143 0 0
1051 T 2145 278 1208 0 0
1051 T 67 71 68 0 0
1051 T 222 1402 1259 0 0
1051 T 1469 1433 220 0 0
1051 T 1433 1394 1402 0 0
1051 T 217 1436 1511 0 0
1051 T 1222 1395 215 0 0
1051 T 1395 1391 1436 0 0
1051 T 642 833 2068 0 0
1051 T 285 831 655 0 0
1051 T 2034 868 635 0 0
1051 T 654 870 280 0 0
1051 T 1021 1856 1324 0 0
1051 T 1321 1798 980 0 0
1051 T 1133 1913 708 0 0
1051 T 1253 1764 1131 0 0
1051 T 705 1959 1052 0 0
1051 T 1054 1764 1212 0 0
1051 T 378 2190 536 0 0
1051 T 1594 314 2190 0 0
1051 T 533 2136 371 0 0
1051 T 2136 307 1648 0 0
1051 T 426 780 2119 0 0
1051 T 2121 112 1716 0 0
1051 T 1678 112 2171 0 0
1051 T 2173 785 419 0 0
1051 T 1669 134 2164 0 0
1051 T 2166 1337 169 0 0
1051 T 169 1337 2112 0 0
1051 T 2114 127 1707 0 0
1051 T 526 599 520 0 0
1051 T 522 282 803 0 0
1051 T 841 284 524 0 0
1051 T 294 1650 1748 0 0
1051 T 1750 2138 284 0 0
1051 T 281 2188 1743 0 0
1051 T 1745 1592 287 0 0
1051 T 2002 142 2164 0 0
1051 T 1669 146 2000 0 0
1051 T 1997 146 1707 0 0
1051 T 2114 135 1995 0 0
1051 T 1133 481 700 0 0
1051 T 697 484 1052 0 0
1051 T 102 1114 440 0 0
1051 T 442 453 444 0 0
1051 T 446 1191 100 0 0
1051 T 1191 451 1114 0 0
1051 T 1829 1113 1304 0 0
1051 T 1301 1191 1768 0 0
1051 T 1697 1657 722 0 0
1051 T 2093 505 1495 0 0
1051 T 1454 500 2143 0 0
1051 T 2015 1043 867 0 0
1051 T 869 501 145 0 0
1051 T 145 504 832 0 0
1051 T 834 1005 2015 0 0
1051 T 2121 2174 74 0 0
1051 T 1294 463 2091 0 0
1051 T 2145 470 1287 0 0
1051 T 436 1856 2052 0 0
1051 T 2090 1798 433 0 0
1051 T 849 263 156 0 0
1051 T 1901 1377 847 0 0
1051 T 153 262 812 0 0
1051 T 814 1372 1947 0 0
1051 T 1814 5 2007 0 0
1051 T 2013 6 1871 0 0
1051 T 937 833 2000 0 0
1051 T 1997 868 888 0 0
1051 T 1553 2169 89 0 0
1051 T 2169 1746 91 0 0
1051 T 89 2115 1607 0 0
1051 T 98 1747 2115 0 0
1051 T 527 531 524 0 0
1051 T 526 2136 923 0 0
1051 T 925 373 529 0 0
1051 T 529 376 876 0 0
1051 T 521 538 527 0 0
1051 T 878 2190 519 0 0
1051 T 1693 1038 1736 0 0
1051 T 1038 433 93 0 0
1051 T 1733 996 1652 0 0
1051 T 96 436 996 0 0
1051 T 1994 1188 935 0 0
1051 T 890 1110 1987 0 0
1051 T 438 434 430 0 0
1051 T 1751 1035 996 0 0
1051 T 1025 47 983 0 0
1051 T 1294 455 1495 0 0
1051 T 1454 462 1287 0 0
1051 T 210 479 1895 0 0
1051 T 1897 137 2156 0 0
1051 T 2158 1080 208 0 0
1051 T 205 1161 2104 0 0
1051 T 1945 486 203 0 0
1051 T 2106 140 1943 0 0
1051 T 1718 2126 69 0 0
1051 T 2126 354 1355 0 0
1051 T 69 2176 1676 0 0
1051 T 1362 354 2176 0 0
1051 T 538 1434 2095 0 0
1051 T 2097 221 1135 0 0
1051 T 1058 216 2147 0 0
1051 T 2149 1435 531 0 0
1051 T 1606 1825 1071 0 0
1051 T 1602 1624 1604 0 0
1051 T 9 1800 1632 0 0
1051 T 1634 1636 1628 0 0
1051 T 1098 1638 1800 0 0
1051 T 1154 1883 1548 0 0
1051 T 1550 1570 1544 0 0
1051 T 1574 1582 1576 0 0
1051 T 1578 1862 9 0 0
1051 T 1862 1580 1176 0 0
1051 T 210 1369 847 0 0
1051 T 814 1364 203 0 0
1051 T 1230 1431 1812 0 0
1051 T 1874 1438 1268 0 0
1051 T 622 1885 1131 0 0
1051 T 1054 1823 615 0 0
1051 T 1917 452 1964 0 0
1051 T 1362 2140 264 0 0
1051 T 2140 61 1865 0 0
1051 T 261 2194 1355 0 0
1051 T 1803 64 2194 0 0
1051 T 98 1488 2072 0 0
1051 T 2074 776 100 0 0
1051 T 101 773 2036 0 0
1051 T 2038 1534 91 0 0
1051 T 378 1897 843 0 0
1051 T 370 479 376 0 0
1051 T 845 208 368 0 0
1051 T 373 486 363 0 0
1051 T 365 205 808 0 0
1051 T 810 1943 371 0 0
1051 T 1157 1955 1352 0 0
1051 T 1349 1909 1076 0 0
1051 T 194 786 2127 0 0
1051 T 2182 780 188 0 0
1051 T 2129 7 2180 -1 0
1051 T 211 1995 1663 0 0
1051 T 1145 2110 213 0 0
1051 T 2110 280 1995 0 0
1051 T 2002 1705 213 0 0
1051 T 1017 1087 2000 0 0
1051 T 975 1996 1168 0 0
1051 T 213 2160 1064 0 0
1051 T 2002 285 2160 0 0
1051 T 723 726 722 -1 0
1051 T 1697 633 725 0 0
1051 T 633 1657 726 0 0
1051 T 2177 115 2124 0 0
1051 T 158 2141 2064 0 0
1051 T 2066 62 1992 0 0
1051 T 1989 63 2028 0 0
1051 T 2030 2191 151 0 0
1051 T 360 1113 1410 0 0
1051 T 1403 1191 360 0 0
1051 T 1225 2005 1155 0 0
1051 T 439 2003 1966 -1 0
1051 T 1078 2004 1263 0 0
1051 T 1916 2006 446 0 0
1051 T 1295 711 2019 0 0
1051 T 1693 1454 1297 0 0
1051 T 1297 1495 1652 0 0
1051 T 2057 718 1295 0 0
1051 T 1414 1412 1414 -1 0
1051 T 930 1624 1784 0 0
1051 T 1846 1570 879 0 0
1051 T 849 1359 2064 0 0
1051 T 2030 1358 812 0 0
1051 T 1306 1289 1297 0 0
1051 T 1297 1292 1299 0 0
1051 T 210 1415 2064 0 0
1051 T 2030 1422 203 0 0
1051 T 921 960 923 0 0
1051 T 1610 962 1791 0 0
1051 T 878 913 872 0 0
1051 T 1853 911 1552 0 0
1051 T 1133 378 2195 0 0
1051 T 2197 368 700 0 0
1051 T 697 365 2215 0 0
1051 T 2217 371 1052 0 0
1051 T 670 1450 1919 0 0
1051 T 1970 1449 664 0 0
1051 T 611 527 2195 0 0
1051 T 1133 878 613 0 0
1051 T 613 923 1052 0 0
1051 T 2217 527 611 0 0
1051 T 611 531 1007 0 0
1051 T 1009 526 2195 0 0
1051 T 970 538 611 0 0
1051 T 2217 519 968 0 0
1051 T 611 2147 919 0 0
1051 T 874 2097 611 0 0
1051 T 830 526 370 0 0
1051 T 363 519 863 0 0
1051 T 1422 963 1200 0 0
1051 T 1121 918 1416 0 0
1051 T 595 2179 1683 0 0
1051 T 1725 2129 595 0 0
1051 T 2014 1489 1268 0 0
1051 T 1230 1531 2007 0 0
1051 T 320 316 317 0 0
1051 T 315 2151 376 0 0
1051 T 374 2102 316 0 0
1051 T 2102 147 2151 0 0
1051 T 1145 1196 1147 0 0
1051 T 886 1198 2108 0 0
1051 T 1070 1118 1064 0 0
1051 T 2162 1116 931 0 0
1051 T 632 1771 1115 0 0
1051 T 1597 1067 1771 0 0
1051 T 1197 1833 633 0 0
1051 T 1833 1150 1540 0 0
1051 T 1133 1154 1135 0 0
1051 T 2097 911 1131 0 0
1051 T 1165 1860 648 0 0
1051 T 1161 1178 1163 0 0
1051 T 2104 880 1163 0 0
1051 T 1054 1073 1056 0 0
1051 T 1054 962 2147 0 0
1051 T 1082 1098 1084 0 0
1051 T 1086 929 2158 0 0
1051 T 645 1802 1084 0 0
1051 T 315 227 843 0 0
1051 T 2153 1897 227 0 0
1051 T 810 227 315 0 0
1051 T 227 1943 2099 0 0
1051 T 1310 1833 725 -1 0
1051 T 725 1771 1307 0 0
1051 T 937 657 2160 0 0
1051 T 2110 652 888 0 0
1051 T 750 2212 276 0 0
1051 T 2212 199 29 0 0
1051 T 273 2234 743 0 0
1051 T 28 199 2234 0 0
1051 T 1738 1756 1732 0 0
1051 T 2166 1344 1015 0 0
1051 T 978 1341 2112 0 0
1051 T 1354 352 2220 0 0
1051 T 2222 1589 140 0 0
1051 T 137 1643 2200 0 0
1051 T 2202 352 1347 0 0
1051 T 650 2011 2072 0 0
1051 T 2038 2010 643 0 0
1051 T 937 965 931 0 0
1051 T 886 915 888 0 0
1051 T 1450 1445 1449 0 0
1051 T 1752 1744 1748 0 0
1051 T 1759 1527 108 0 0
1051 T 1756 1760 1761 0 0
1051 T 1760 104 1484 0 0
1051 T 138 150 140 0 0
1051 T 2222 117 2199 0 0
1051 T 1774 1833 721 -1 0
1051 T 961 25 2184 0 0
1051 T 2186 12 1815 1 0
1051 T 1877 12 2132 0 0
1051 T 2134 24 912 0 0
1051 T 2074 754 1163 0 0
1051 T 1086 755 2036 0 0
1051 T 21 1739 19 0 0
1051 T 1801 2007 756 0 0
1051 T 1686 2009 1631 0 0
1051 T 753 2014 1859 0 0
1051 T 1577 2012 1724 0 0
1051 T 195 2233 2214 0 0
1051 T 659 299 2224 0 0
1051 T 2226 2205 58 -1 0
1051 T 2205 305 660 0 0
1051 T 957 662 1632 0 0
1051 T 1634 2203 588 0 0
1051 T 585 2225 1576 0 0
1051 T 1578 662 908 0 0
1051 T 0 2248 2235 0 0
1051 T 2237 363 692 0 0
1051 T 690 369 2248 0 0
1051 T 363 367 490 0 0
1051 T 1834 1877 1836 0 0
1051 T 1778 1815 1772 0 0
1051 T 2237 519 1127 0 0
1051 T 1050 526 2247 0 0
1051 T 232 2103 2156 0 0
1051 T 428 2168 2115 0 0
1051 T 232 228 229 0 0
1051 T 1759 2208 304 0 0
1051 T 2208 103 1644 0 0
1051 T 301 2230 1759 0 0
1051 T 1590 110 2230 0 0
1051 T 845 50 807 0 0
1051 T 2230 147 2207 0 0
1051 T 909 2255 1184 0 0
1051 T 1186 1200 1188 0 0
1051 T 665 1202 2255 0 0
1051 T 1106 2245 956 0 0
1051 T 1110 1122 1104 0 0
1051 T 2245 1120 668 0 0
1051 T 1185 31 1572 0 0
1051 T 1629 32 1104 0 0
1051 T 2255 55 2246 0 0
1051 T 426 422 430 1 0
1051 T 1834 2254 624 0 0
1051 T 2254 1877 895 0 0
1051 T 629 2240 1772 0 0
1051 T 946 1815 2240 0 0
1051 T 34 2131 912 -1 0
1051 T 34 959 2183 0 0
1051 T 62 2269 2271 0 0
1051 T 2273 1422 1184 0 0
1051 T 1583 1420 2269 0 0
1051 T 1415 1639 2269 0 0
1051 T 2267 65 2277 0 0
1051 T 2275 1104 1417 0 0
1051 T 2273 963 1188 0 0
1051 T 2275 1108 915 0 0
1051 T 2252 124 2241 0 0
1051 T 933 2267 2064 0 0
1051 T 2030 2267 884 0 0
1051 T 1994 2271 931 0 0
1051 T 1988 883 2276 0 0
1051 T 2266 602 2259 0 0
1051 T 1553 2281 943 -1 0
1051 T 421 2279 2167 0 0
1051 T 898 2280 1607 1 0
1051 T 2117 2282 424 0 0
1051 T 957 2295 1628 0 0
1051 T 660 1636 2295 0 0
1051 T 1574 2289 908 0 0
1051 T 2289 1582 660 0 0
1051 T 2296 58 2289 0 0
1051 T 11 2253 2286 0 0
1051 T 2291 2240 12 0 0
1051 T 2284 123 2293 0 0
1051 T 945 2183 2292 0 0
1051 T 2286 2133 896 0 0
1051 T 1103 2302 1186 0 0
1051 T 1571 2300 1630 0 0
1051 T 1854 33 2303 -1 0
1051 T 2305 2131 1551 0 0
1051 T 1609 2185 2307 0 0
1051 T 2309 33 1792 0 0
1051 T 2303 126 2310 0 0
1051 T 1553 2313 2292 0 0
1051 T 2185 2311 2279 0 0
1051 T 2286 2313 1607 0 0
1051 T 2282 2311 2131 0 0
1051 T 2294 2282 2303 0 0
1051 T 2310 2280 2283 0 0
1051 U 60 1 3 0 0
1051 U 1180 1 1 0 0
1051 U 905 3 1 0 0
1051 U 16 2 1 0 0
1051 U 10 1 2 -1 0
1051 U 1206 3 3 0 0
1051 U 24 4 3 0 0
1051 U 12 3 4 0 0
1051 U 951 5 7 0 0
1051 U 1101 5 5 0 0
1051 U 66 7 5 0 0
1051 U 9 6 5 0 0
1051 U 17 5 6 0 0
1051 U 1123 7 7 0 0
1051 U 11 8 7 1 0
1051 U 26 7 8 0 0
1051 U 1059 9 17 0 0
1051 U 238 12 9 0 0
1051 U 1721 17 12 0 0
1051 U 1706 16 9 0 0
1051 U 1088 12 16 0 0
1051 U 1065 13 9 0 0
1051 U 286 16 13 0 0
1051 U 246 16 9 0 0
1051 U 1728 13 16 0 0
1051 U 1702 12 9 0 0
1051 U 275 12 17 0 0
1051 U 1093 17 11 0 0
1051 U 13 18 17 0 0
1051 U 30 17 18 0 0
1051 U 20 14 13 0 0
1051 U 2262 16 14 0 0
1051 U 35 14 13 0 0
1051 U 1143 19 23 0 0
1051 U 1665 26 19 0 0
1051 U 280 23 26 0 0
1051 U 242 22 19 0 0
1051 U 1169 26 22 0 0
1051 U 1141 27 19 0 0
1051 U 1680 22 27 0 0
1051 U 1661 22 19 0 0
1051 U 273 27 22 0 0
1051 U 250 26 19 0 0
1051 U 1689 26 23 0 0
1051 U 1172 21 27 0 0
1051 U 14 27 28 -1 0
1051 U 28 28 27 0 0
1051 U 35 24 23 0 0
1051 U 2265 26 24 0 0
1051 U 21 24 23 0 0
1051 Q 7 790 7 790 -1 0 1 0 0 0
1051 Q 1316 126 1316 126 0 0 0 0 0 0
1051 Q 0 674 116 676 0 0 0 0 0 0
1051 Q 118 792 118 792 0 0 0 0 0 0
1051 Q 488 226 488 226 0 0 0 0 0 0
1051 Q 1742 40 1742 40 0 0 0 0 0 0
1051 Q 0 682 197 684 0 0 0 0 0 0
1051 Q 0 1290 55 1292 0 0 0 0 0 0
1051 Q 1249 73 1207 0 0 0 0 0 0 0
1051 Q 57 948 71 902 0 0 0 0 0 0
1051 Q 56 1034 38 991 0 0 0 0 0 0
1051 Q 1412 58 1412 58 0 0 0 0 0 0
1051 Q 40 1121 1 1200 0 0 0 0 0 0
1051 Q 1444 2 1444 2 0 0 0 0 0 0
1051 Q 124 893 7 939 -1 0 0 0 0 0
1051 Q 1280 7 1241 2 1 0 0 0 0 0
1051 Q 474 147 472 1414 0 0 0 0 -1 0
1051 Q 1001 2 1040 226 -1 1 0 0 0 -1
1051 Q 232 322 232 322 0 0 0 0 0 0
1051 Q 357 918 1 963 0 0 0 0 0 0
1051 Q 298 997 38 1036 0 0 0 0 0 0
1051 Q 40 20 39 22 0 0 0 0 0 0
1051 Q 452 825 2 859 0 0 0 0 0 0
1051 Q 296 1754 296 1754 0 0 0 0 0 0
