1135 A 4 0 -1 2 1 -2
1135 A 8 0 1 -2 -1 2
1135 A 8 0 -1 -2 1 2
1135 A 8 0 3 -2 -3 2
1135 A 8 0 5 -2 -5 2
1135 A 11 0 7 -3 -7 3
1135 A 13 0 9 -5 -9 5
1135 A 16 0 1 -2 -1 2
1135 A 16 0 9 -2 -9 2
1135 A 16 0 -1 -6 1 6
1135 A 16 0 7 -6 -7 6
1135 A -1 1 -141 0 141 0
1135 A 0 1 -141 0 141 0
1135 A -2 1 -129 -1 129 1
1135 A 1 1 130 -1 -130 1
1135 A 17 0 9 -1 -9 1
1135 A -3 1 -56 -1 56 1
1135 A 2 1 57 -1 -57 1
1135 A -4 1 -69 -1 69 1
1135 A -4 1 -71 -1 71 1
1135 A -4 1 -139 -2 139 2
1135 A 3 1 70 -1 -70 1
1135 A 3 1 72 -1 -72 1
1135 A 3 1 141 -2 -141 2
1135 A -5 1 -34 -1 34 1
1135 A -5 1 -103 -2 103 2
1135 A 4 1 35 -1 -35 1
1135 A 4 1 105 -2 -105 2
1135 A -8 1 -85 -2 85 2
1135 A 7 1 87 -2 -87 2
1135 A 19 0 2 -4 -2 4
1135 A -10 1 -47 -2 47 2
1135 A 9 1 49 -2 -49 2
1135 A -12 1 -55 -2 55 2
1135 A -12 1 -81 -4 81 4
1135 A 11 1 57 -2 -57 2
1135 A 11 1 85 -4 -85 4
1135 A -13 1 -79 -4 79 4
1135 A 12 1 83 -4 -83 4
1135 A 22 0 15 -8 -15 8
1135 A 26 0 17 -8 -17 8
1135 A 32 0 -7 -2 7 2
1135 A 32 0 9 -2 -9 2
1135 A 32 0 7 -14 -7 14
1135 A -1 2 -226 0 226 0
1135 A 34 0 25 -16 -25 16
1135 A -6 2 -59 0 59 0
1135 A 4 2 -59 0 59 0
1135 A -16 2 -53 -2 53 2
1135 A 14 2 55 -2 -55 2
1135 A 7 0 1 -2 1 -2
1135 A 9 0 1 -2 1 -2
1135 A 13 0 7 -1 7 -1
1135 A 17 0 2 -4 2 -4
1135 A 21 0 1 -2 1 -2
1135 A 21 0 13 -5 13 -5
1135 A 5 0 0 -1 -1 1
1135 A 5 0 -1 -1 2 -1
1135 A 5 0 0 -2 2 -2
1135 A 5 0 -1 -2 -3 2
1135 A 7 0 0 -1 2 -2
1135 A 7 0 1 -1 0 -2
1135 A 7 0 -1 -1 -2 1
1135 A 7 0 -2 -1 1 2
1135 A 7 0 3 -1 -3 2
1135 A 7 0 4 -1 2 3
1135 A 7 0 -2 -2 -1 -3
1135 A 7 0 4 -2 4 -3
1135 A 7 0 1 -3 -2 3
1135 A 7 0 0 -3 3 -3
1135 A 9 0 0 -1 2 -2
1135 A 9 0 1 -1 0 -2
1135 A 9 0 -1 -1 -1 -4
1135 A 9 0 2 -1 5 -4
1135 A 9 0 -2 -1 -3 4
1135 A 9 0 3 -1 -1 4
1135 A 9 0 -3 -1 -4 1
1135 A 9 0 5 -1 2 -4
1135 A 9 0 -1 -2 6 -4
1135 A 9 0 3 -2 -2 -4
1135 A 9 0 -2 -2 4 -2
1135 A 9 0 -3 -2 -5 2
1135 A 9 0 0 -4 -4 4
1135 A 11 0 0 -1 5 -5
1135 A 11 0 1 -1 0 -5
1135 A 11 0 -2 -1 -2 -3
1135 A 11 0 3 -1 5 -3
1135 A 11 0 -3 -1 -4 1
1135 A 11 0 -4 -1 -4 3
1135 A 11 0 5 -1 1 3
1135 A 11 0 6 -1 1 -2
1135 A 11 0 0 -2 -3 3
1135 A 11 0 2 -2 0 3
1135 A 11 0 -1 -2 6 -4
1135 A 11 0 3 -2 -2 -4
1135 A 11 0 -3 -2 7 -5
1135 A 11 0 5 -2 -2 -5
1135 A 11 0 -4 -2 -1 4
1135 A 11 0 6 -2 -3 4
1135 A 11 0 1 -3 1 4
1135 A 11 0 2 -3 -5 4
1135 A 11 0 2 -4 3 5
1135 A 11 0 0 -4 4 -4
1135 A 11 0 2 -5 -3 5
1135 A 11 0 1 -5 4 -5
1135 A 12 0 1 -2 7 -2
1135 A 12 0 -1 -2 -3 2
1135 A 12 0 -3 -2 -5 2
1135 A 13 0 0 -1 6 -6
1135 A 13 0 1 -1 0 -6
1135 A 13 0 -2 -1 4 3
1135 A 13 0 3 -1 -7 3
1135 A 13 0 -3 -1 3 -4
1135 A 13 0 4 -1 1 -4
1135 A 13 0 -4 -1 1 5
1135 A 13 0 5 -1 -6 5
1135 A 13 0 -5 -1 3 6
1135 A 13 0 6 -1 -9 6
1135 A 13 0 1 -2 -3 6
1135 A 13 0 0 -2 3 -3
1135 A 13 0 2 -2 0 -3
1135 A 13 0 -1 -2 2 3
1135 A 13 0 3 -2 -5 3
1135 A 13 0 -3 -2 -3 -4
1135 A 13 0 5 -2 7 -4
1135 A 13 0 -4 -2 2 -5
1135 A 13 0 6 -2 3 -5
1135 A 13 0 -5 -2 7 -2
1135 A 13 0 1 -3 -4 6
1135 A 13 0 2 -3 -2 6
1135 A 13 0 -1 -3 -4 3
1135 A 13 0 8 -3 -2 4
1135 A 13 0 0 -4 -5 5
1135 A 13 0 4 -4 0 5
1135 A 13 0 -1 -4 -5 4
1135 A 13 0 -2 -4 1 -5
1135 A 13 0 6 -4 4 -5
1135 A 13 0 -2 -5 -2 -6
1135 A 13 0 7 -5 8 -6
1135 A 13 0 1 -6 5 -6
1135 A 15 0 0 -1 -1 1
1135 A 15 0 -1 -1 2 -1
1135 A 15 0 -3 -1 -1 4
1135 A 15 0 4 -1 -3 4
1135 A 15 0 -4 -1 5 -4
1135 A 15 0 5 -1 -1 -4
1135 A 15 0 -5 -1 -6 1
1135 A 15 0 -6 -1 2 4
1135 A 15 0 7 -1 -6 4
1135 A 15 0 0 -2 7 -7
1135 A 15 0 2 -2 0 -7
1135 A 15 0 -1 -2 -3 2
1135 A 15 0 -2 -2 1 7
1135 A 15 0 4 -2 -8 7
1135 A 15 0 -3 -2 10 -7
1135 A 15 0 5 -2 -3 -7
1135 A 15 0 -5 -2 7 -2
1135 A 15 0 -6 -2 -8 2
1135 A 15 0 0 -4 -4 4
1135 A 15 0 -4 -4 8 -4
1135 A 15 0 -5 -4 -9 4
1135 A 15 0 3 -7 -4 7
1135 A 15 0 2 -7 5 -7
1135 A 15 0 -2 -7 -9 7
1135 A 16 0 -1 -2 1 -6
1135 A 16 0 3 -2 5 -6
1135 A 16 0 -3 -2 -5 2
1135 A 16 0 -5 -2 -3 -6
1135 A 16 0 7 -2 9 -6
1135 A 16 0 3 -6 5 6
1135 A -1 1 -17 0 117 0
1135 A -1 1 -21 0 -27 0
1135 A -1 1 -23 0 -37 0
1135 A -1 1 -25 0 125 0
1135 A -1 1 -29 0 49 0
1135 A -1 1 -33 0 -43 0
1135 A -1 1 -35 0 -73 0
1135 A -1 1 -45 0 101 0
1135 A -1 1 -47 0 139 0
1135 A -1 1 -53 0 -75 0
1135 A -1 1 -61 0 -135 0
1135 A -1 1 -67 0 -89 0
1135 A -1 1 -69 0 -107 0
1135 A -1 1 -79 0 -133 0
1135 A -1 1 -85 0 137 0
1135 A -1 1 -105 0 -119 0
1135 A 0 1 -17 0 117 0
1135 A 0 1 -21 0 -27 0
1135 A 0 1 -23 0 -37 0
1135 A 0 1 -25 0 125 0
1135 A 0 1 -29 0 49 0
1135 A 0 1 -33 0 -43 0
1135 A 0 1 -35 0 -73 0
1135 A 0 1 -45 0 101 0
1135 A 0 1 -47 0 139 0
1135 A 0 1 -53 0 -75 0
1135 A 0 1 -61 0 -135 0
1135 A 0 1 -67 0 -89 0
1135 A 0 1 -69 0 -107 0
1135 A 0 1 -79 0 -133 0
1135 A 0 1 -85 0 137 0
1135 A 0 1 -105 0 -119 0
1135 A -2 1 -17 0 99 1
1135 A -2 1 -21 0 107 1
1135 A -2 1 -23 0 -87 0
1135 A -2 1 -25 0 101 1
1135 A -2 1 -27 0 53 0
1135 A -2 1 -29 0 -69 0
1135 A -2 1 -35 0 -49 0
1135 A -2 1 -37 0 -85 0
1135 A -2 1 -43 0 -131 -1
1135 A -2 1 -45 0 89 0
1135 A -2 1 -47 0 -73 0
1135 A -2 1 -51 0 127 1
1135 A -2 1 -61 0 -75 0
1135 A -2 1 -67 0 109 1
1135 A -2 1 -71 0 139 1
1135 A -2 1 -79 0 103 1
1135 A -2 1 -105 -1 137 1
1135 A -2 1 -117 -1 135 1
1135 A -2 1 -123 -1 133 1
1135 A 1 1 -17 0 100 -1
1135 A 1 1 -21 0 108 -1
1135 A 1 1 -23 0 -87 0
1135 A 1 1 -25 0 102 -1
1135 A 1 1 -27 0 53 0
1135 A 1 1 -29 0 -69 0
1135 A 1 1 -35 0 -49 0
1135 A 1 1 -37 0 -85 0
1135 A 1 1 -43 0 -132 1
1135 A 1 1 -45 0 89 0
1135 A 1 1 -47 0 -73 0
1135 A 1 1 -51 0 128 -1
1135 A 1 1 -61 0 -75 0
1135 A 1 1 -67 0 110 -1
1135 A 1 1 -71 0 140 -1
1135 A 1 1 -79 0 104 -1
1135 A 1 1 106 -1 -138 1
1135 A 1 1 118 -1 -136 1
1135 A 1 1 124 -1 -134 1
1135 A 17 0 -2 -1 3 -1
1135 A 17 0 -3 -1 3 -5
1135 A 17 0 4 -1 2 -5
1135 A 17 0 -4 -1 6 -8
1135 A 17 0 5 -1 2 -8
1135 A 17 0 -5 -1 5 2
1135 A 17 0 6 -1 -7 2
1135 A 17 0 -6 -1 8 -6
1135 A 17 0 7 -1 -2 -6
1135 A 17 0 1 -2 4 -8
1135 A 17 0 0 -2 5 -5
1135 A 17 0 2 -2 0 -5
1135 A 17 0 -2 -2 -6 3
1135 A 17 0 4 -2 3 3
1135 A 17 0 -3 -2 -1 -3
1135 A 17 0 5 -2 4 -3
1135 A 17 0 -4 -2 -7 8
1135 A 17 0 6 -2 -1 8
1135 A 17 0 -6 -2 -7 6
1135 A 17 0 8 -2 1 6
1135 A 17 0 -7 -2 1 -4
1135 A 17 0 9 -2 3 -4
1135 A 17 0 1 -3 9 -5
1135 A 17 0 2 -3 -4 -5
1135 A 17 0 0 -3 -8 8
1135 A 17 0 3 -3 0 8
1135 A 17 0 -2 -3 -5 3
1135 A 17 0 -5 -3 -5 4
1135 A 17 0 8 -3 1 4
1135 A 17 0 -6 -3 1 -6
1135 A 17 0 9 -3 5 -6
1135 A 17 0 10 -3 -3 6
1135 A 17 0 0 -4 -6 6
1135 A 17 0 4 -4 0 6
1135 A 17 0 -3 -4 -3 -8
1135 A 17 0 7 -4 11 -8
1135 A 17 0 -4 -4 -3 -7
1135 A 17 0 8 -4 10 -7
1135 A 17 0 -5 -4 -9 4
1135 A 17 0 -6 -4 -9 7
1135 A 17 0 10 -4 2 7
1135 A 17 0 1 -5 3 -8
1135 A 17 0 4 -5 5 -8
1135 A 17 0 -2 -5 3 -7
1135 A 17 0 7 -5 4 -7
1135 A 17 0 -3 -5 8 -5
1135 A 17 0 -5 -5 1 8
1135 A 17 0 10 -5 -9 8
1135 A 17 0 11 -5 5 7
1135 A 17 0 2 -6 -4 6
1135 A 17 0 -4 -6 6 -7
1135 A 17 0 10 -6 1 -7
1135 A 17 0 -1 -7 8 -7
1135 A 17 0 -4 -7 -2 -8
1135 A 17 0 11 -7 10 -8
1135 A -3 1 -19 0 -58 -1
1135 A -3 1 -21 0 -66 -1
1135 A -3 1 -23 0 -60 -1
1135 A -3 1 -37 0 -47 0
1135 A -3 1 -39 0 116 1
1135 A -3 1 -49 0 -68 -1
1135 A -3 1 -51 0 88 1
1135 A -3 1 -57 0 -114 -1
1135 A -3 1 -70 -1 -140 -1
1135 A -3 1 -74 -1 110 1
1135 A -3 1 -78 -1 108 1
1135 A -3 1 -100 -1 104 1
1135 A -3 1 -106 -1 -138 -1
1135 A -3 1 -118 -1 -136 -1
1135 A -3 1 -124 -1 -134 -1
1135 A 2 1 -19 0 -59 1
1135 A 2 1 -21 0 -67 1
1135 A 2 1 -23 0 -61 1
1135 A 2 1 -37 0 -47 0
1135 A 2 1 -39 0 117 -1
1135 A 2 1 -49 0 -69 1
1135 A 2 1 -51 0 89 -1
1135 A 2 1 -57 0 -115 1
1135 A 2 1 71 -1 141 -1
1135 A 2 1 75 -1 -111 1
1135 A 2 1 79 -1 -109 1
1135 A 2 1 101 -1 -105 1
1135 A 2 1 107 -1 139 -1
1135 A 2 1 119 -1 137 -1
1135 A 2 1 125 -1 135 -1
1135 A -4 1 -19 0 -105 -1
1135 A -4 1 -21 0 133 2
1135 A -4 1 -25 0 -67 -1
1135 A -4 1 -29 0 -47 -1
1135 A -4 1 -31 0 -101 -1
1135 A -4 1 -35 0 -89 -1
1135 A -4 1 -39 0 -121 -2
1135 A -4 1 -43 -1 59 1
1135 A -4 1 -45 -1 137 2
1135 A -4 1 -51 -1 -109 -1
1135 A -4 1 -65 -1 125 2
1135 A -4 1 -73 -1 -119 -1
1135 A -4 1 -85 -1 -135 -2
1135 A -4 1 -111 -1 131 2
1135 A 3 1 -19 0 -106 1
1135 A 3 1 -21 0 135 -2
1135 A 3 1 -25 0 -68 1
1135 A 3 1 -29 0 -48 1
1135 A 3 1 -31 0 -102 1
1135 A 3 1 -35 0 -90 1
1135 A 3 1 -39 0 -123 2
1135 A 3 1 44 -1 -60 1
1135 A 3 1 46 -1 -139 2
1135 A 3 1 52 -1 110 -1
1135 A 3 1 66 -1 -127 2
1135 A 3 1 74 -1 120 -1
1135 A 3 1 86 -1 137 -2
1135 A 3 1 112 -1 -133 2
1135 A -5 1 -21 0 29 0
1135 A -5 1 -25 0 68 1
1135 A -5 1 -31 0 -44 -1
1135 A -5 1 -32 -1 -105 -2
1135 A -5 1 -46 -1 -139 -2
1135 A -5 1 -48 -1 99 2
1135 A -5 1 -60 -1 135 2
1135 A -5 1 -66 -1 -127 -2
1135 A -5 1 -70 -1 -72 -1
1135 A -5 1 -74 -1 117 2
1135 A -5 1 -80 -1 88 1
1135 A -5 1 -86 -1 137 2
1135 A 4 1 -21 0 29 0
1135 A 4 1 -25 0 69 -1
1135 A 4 1 -31 0 -45 1
1135 A 4 1 33 -1 107 -2
1135 A 4 1 47 -1 141 -2
1135 A 4 1 49 -1 -101 2
1135 A 4 1 61 -1 -137 2
1135 A 4 1 67 -1 129 -2
1135 A 4 1 71 -1 73 -1
1135 A 4 1 75 -1 -119 2
1135 A 4 1 81 -1 -89 1
1135 A 4 1 87 -1 -139 2
1135 A -6 1 -19 0 -27 -1
1135 A -6 1 -23 0 35 1
1135 A -6 1 -25 0 -101 -2
1135 A -6 1 -27 0 -81 -2
1135 A -6 1 -25 -1 -75 -1
1135 A -6 1 -33 -1 135 3
1135 A -6 1 -41 -1 129 3
1135 A -6 1 -43 -1 129 2
1135 A -6 1 -45 -1 105 2
1135 A -6 1 -47 -1 -71 -1
1135 A -6 1 -49 -1 -125 -2
1135 A -6 1 -53 -1 -131 -3
1135 A -6 1 -61 -1 69 1
1135 A -6 1 -73 -1 -137 -3
1135 A -6 1 -77 -1 -75 -2
1135 A -6 1 -83 -2 107 2
1135 A -6 1 -87 -2 -99 -2
1135 A -6 1 -119 -2 -133 -3
1135 A 5 1 -19 0 -28 1
1135 A 5 1 -23 0 36 -1
1135 A 5 1 -25 0 -103 2
1135 A 5 1 -27 0 -83 2
1135 A 5 1 26 -1 76 -1
1135 A 5 1 34 -1 -138 3
1135 A 5 1 42 -1 -132 3
1135 A 5 1 44 -1 -131 2
1135 A 5 1 46 -1 -107 2
1135 A 5 1 48 -1 72 -1
1135 A 5 1 50 -1 127 -2
1135 A 5 1 54 -1 134 -3
1135 A 5 1 62 -1 -70 1
1135 A 5 1 74 -1 140 -3
1135 A 5 1 78 -1 77 -2
1135 A 5 1 85 -2 -109 2
1135 A 5 1 89 -2 101 -2
1135 A 5 1 121 -2 136 -3
1135 A -7 1 -19 0 89 2
1135 A -7 1 -21 0 -24 -1
1135 A -7 1 -23 0 -71 -2
1135 A -7 1 -20 -1 136 3
1135 A -7 1 -26 -1 -65 -2
1135 A -7 1 -32 -1 -103 -2
1135 A -7 1 -34 -1 -138 -3
1135 A -7 1 -36 -1 77 2
1135 A -7 1 -42 -1 -132 -3
1135 A -7 1 -44 -1 -126 -3
1135 A -7 1 -46 -1 -109 -2
1135 A -7 1 -48 -1 69 2
1135 A -7 1 -50 -1 122 3
1135 A -7 1 -54 -1 134 3
1135 A -7 1 -62 -1 -116 -3
1135 A -7 1 -64 -1 -87 -2
1135 A -7 1 -63 -2 -106 -3
1135 A -7 1 -83 -2 107 2
1135 A -7 1 -85 -2 -114 -3
1135 A 6 1 -19 0 91 -2
1135 A 6 1 -21 0 -25 1
1135 A 6 1 -23 0 -73 2
1135 A 6 1 21 -1 -139 3
1135 A 6 1 27 -1 67 -2
1135 A 6 1 33 -1 105 -2
1135 A 6 1 35 -1 141 -3
1135 A 6 1 37 -1 -79 2
1135 A 6 1 43 -1 135 -3
1135 A 6 1 45 -1 129 -3
1135 A 6 1 47 -1 111 -2
1135 A 6 1 49 -1 -71 2
1135 A 6 1 51 -1 -125 3
1135 A 6 1 55 -1 -137 3
1135 A 6 1 63 -1 119 -3
1135 A 6 1 65 -1 89 -2
1135 A 6 1 65 -2 109 -3
1135 A 6 1 85 -2 -109 2
1135 A 6 1 87 -2 117 -3
1135 A -8 1 -19 0 -129 -4
1135 A -8 1 -21 0 65 2
1135 A -8 1 -15 -1 -109 -3
1135 A -8 1 -19 -1 55 1
1135 A -8 1 -21 -1 105 3
1135 A -8 1 -25 -1 -87 -2
1135 A -8 1 -31 -1 -53 -1
1135 A -8 1 -33 -1 117 3
1135 A -8 1 -35 -1 71 2
1135 A -8 1 -49 -1 -135 -4
1135 A -8 1 -51 -1 -97 -3
1135 A -8 1 -55 -2 75 2
1135 A -8 1 -57 -2 -131 -4
1135 A -8 1 -63 -2 83 2
1135 A -8 1 -67 -2 103 3
1135 A -8 1 -73 -2 125 3
1135 A -8 1 -91 -2 119 3
1135 A -8 1 -115 -3 127 4
1135 A 7 1 -19 0 -133 4
1135 A 7 1 -21 0 67 -2
1135 A 7 1 16 -1 112 -3
1135 A 7 1 20 -1 -56 1
1135 A 7 1 22 -1 -108 3
1135 A 7 1 26 -1 89 -2
1135 A 7 1 32 -1 54 -1
1135 A 7 1 34 -1 -120 3
1135 A 7 1 36 -1 -73 2
1135 A 7 1 50 -1 139 -4
1135 A 7 1 52 -1 100 -3
1135 A 7 1 57 -2 -77 2
1135 A 7 1 59 -2 135 -4
1135 A 7 1 65 -2 -85 2
1135 A 7 1 69 -2 -106 3
1135 A 7 1 75 -2 -128 3
1135 A 7 1 93 -2 -122 3
1135 A 7 1 118 -3 -131 4
1135 A -9 1 -19 0 57 2
1135 A -9 1 -14 -1 22 1
1135 A -9 1 -16 -1 48 1
1135 A -9 1 -20 -1 -108 -3
1135 A -9 1 -26 -1 -52 -1
1135 A -9 1 -28 -1 59 2
1135 A -9 1 -34 -1 -113 -4
1135 A -9 1 -36 -1 -69 -2
1135 A -9 1 -38 -1 -44 -1
1135 A -9 1 -49 -2 -67 -2
1135 A -9 1 -63 -2 -131 -4
1135 A -9 1 -73 -2 -106 -3
1135 A -9 1 -75 -2 -84 -3
1135 A -9 1 -81 -2 -133 -4
1135 A -9 1 -78 -3 -112 -3
1135 A -9 1 -80 -3 -137 -4
1135 A -9 1 -98 -3 -104 -3
1135 A -9 1 -100 -3 135 4
1135 A -9 1 -111 -4 119 4
1135 A 8 1 -19 0 59 -2
1135 A 8 1 15 -1 -23 1
1135 A 8 1 17 -1 -49 1
1135 A 8 1 21 -1 111 -3
1135 A 8 1 27 -1 53 -1
1135 A 8 1 29 -1 -61 2
1135 A 8 1 35 -1 117 -4
1135 A 8 1 37 -1 71 -2
1135 A 8 1 39 -1 45 -1
1135 A 8 1 51 -2 69 -2
1135 A 8 1 65 -2 135 -4
1135 A 8 1 75 -2 109 -3
1135 A 8 1 77 -2 87 -3
1135 A 8 1 83 -2 137 -4
1135 A 8 1 81 -3 115 -3
1135 A 8 1 83 -3 141 -4
1135 A 8 1 101 -3 107 -3
1135 A 8 1 103 -3 -139 4
1135 A 8 1 115 -4 -123 4
1135 A 19 0 10 -1 11 -3
1135 A 19 0 1 -2 -4 8
1135 A 19 0 0 -2 9 -9
1135 A 19 0 2 -2 0 -9
1135 A 19 0 -1 -2 -3 2
1135 A 19 0 -2 -2 1 9
1135 A 19 0 4 -2 -10 9
1135 A 19 0 -3 -2 -3 5
1135 A 19 0 5 -2 -2 5
1135 A 19 0 -4 -2 6 -2
1135 A 19 0 -5 -2 -1 3
1135 A 19 0 7 -2 -2 3
1135 A 19 0 -1 -3 3 -7
1135 A 19 0 4 -3 4 -7
1135 A 19 0 -2 -3 5 -3
1135 A 19 0 -5 -3 7 -5
1135 A 19 0 8 -3 -2 -5
1135 A 19 0 -6 -3 4 5
1135 A 19 0 9 -3 -9 5
1135 A 19 0 0 -4 -5 5
1135 A 19 0 4 -4 0 5
1135 A 19 0 -1 -4 3 9
1135 A 19 0 5 -4 -12 9
1135 A 19 0 -6 -4 8 -7
1135 A 19 0 10 -4 -1 -7
1135 A 19 0 1 -5 11 -9
1135 A 19 0 4 -5 -2 -9
1135 A 19 0 -3 -5 -8 5
1135 A 19 0 -6 -5 10 -8
1135 A 19 0 11 -5 -2 -8
1135 A 19 0 12 -5 6 7
1135 A 19 0 3 -6 5 9
1135 A 19 0 -3 -6 -1 7
1135 A 19 0 9 -6 -6 7
1135 A 19 0 -4 -7 -6 9
1135 A 19 0 11 -7 -3 9
1135 A 19 0 -5 -7 -11 8
1135 A 19 0 12 -7 3 8
1135 A 19 0 3 -8 -8 9
1135 A 19 0 5 -8 -1 9
1135 A 19 0 -4 -8 4 -9
1135 A 19 0 12 -8 5 -9
1135 A 19 0 -5 -8 13 -8
1135 A -10 1 -11 -1 -69 -2
1135 A -10 1 -13 -1 -45 -2
1135 A -10 1 -17 -1 77 2
1135 A -10 1 -21 -1 131 5
1135 A -10 1 -25 -1 131 4
1135 A -10 1 -27 -1 71 2
1135 A -10 1 -29 -1 -123 -4
1135 A -10 1 -33 -1 67 2
1135 A -10 1 -35 -1 103 3
1135 A -10 1 -37 -1 -133 -5
1135 A -10 1 -39 -1 -105 -4
1135 A -10 1 -41 -2 -101 -4
1135 A -10 1 -43 -2 75 2
1135 A -10 1 -49 -2 73 3
1135 A -10 1 -51 -2 -59 -2
1135 A -10 1 -61 -2 117 4
1135 A -10 1 -71 -3 -107 -3
1135 A -10 1 -79 -3 135 4
1135 A -10 1 -81 -3 115 4
1135 A -10 1 -83 -3 -99 -4
1135 A -10 1 -87 -3 -129 -5
1135 A -10 1 -101 -3 -137 -4
1135 A -10 1 -105 -3 129 4
1135 A 9 1 12 -1 71 -2
1135 A 9 1 14 -1 47 -2
1135 A 9 1 18 -1 -79 2
1135 A 9 1 22 -1 -136 5
1135 A 9 1 26 -1 -135 4
1135 A 9 1 28 -1 -73 2
1135 A 9 1 30 -1 127 -4
1135 A 9 1 34 -1 -69 2
1135 A 9 1 36 -1 -106 3
1135 A 9 1 38 -1 138 -5
1135 A 9 1 40 -1 109 -4
1135 A 9 1 43 -2 105 -4
1135 A 9 1 45 -2 -77 2
1135 A 9 1 51 -2 -76 3
1135 A 9 1 53 -2 61 -2
1135 A 9 1 63 -2 -121 4
1135 A 9 1 74 -3 110 -3
1135 A 9 1 82 -3 -139 4
1135 A 9 1 84 -3 -119 4
1135 A 9 1 86 -3 103 -4
1135 A 9 1 90 -3 134 -5
1135 A 9 1 104 -3 141 -4
1135 A 9 1 108 -3 -133 4
1135 A -11 1 -10 -1 -53 -2
1135 A -11 1 -14 -1 -41 -2
1135 A -11 1 -16 -1 51 2
1135 A -11 1 -18 -1 -119 -4
1135 A -11 1 -22 -1 -136 -5
1135 A -11 1 -28 -1 -68 -3
1135 A -11 1 -30 -1 118 5
1135 A -11 1 -36 -1 76 3
1135 A -11 1 -40 -1 63 2
1135 A -11 1 -37 -2 132 5
1135 A -11 1 -45 -2 -103 -4
1135 A -11 1 -47 -2 -122 -5
1135 A -11 1 -62 -3 -97 -4
1135 A -11 1 -70 -3 -109 -4
1135 A -11 1 -84 -3 -121 -4
1135 A -11 1 -86 -3 105 4
1135 A -11 1 -90 -3 134 5
1135 A 10 1 11 -1 55 -2
1135 A 10 1 15 -1 43 -2
1135 A 10 1 17 -1 -53 2
1135 A 10 1 19 -1 123 -4
1135 A 10 1 23 -1 141 -5
1135 A 10 1 29 -1 71 -3
1135 A 10 1 31 -1 -123 5
1135 A 10 1 37 -1 -79 3
1135 A 10 1 41 -1 -65 2
1135 A 10 1 39 -2 -137 5
1135 A 10 1 47 -2 107 -4
1135 A 10 1 49 -2 127 -5
1135 A 10 1 65 -3 101 -4
1135 A 10 1 73 -3 113 -4
1135 A 10 1 87 -3 125 -4
1135 A 10 1 89 -3 -109 4
1135 A 10 1 93 -3 -139 5
1135 A 20 0 -1 -2 -3 2
1135 A 20 0 -3 -2 -5 -2
1135 A 20 0 5 -2 7 -2
1135 A 20 0 -7 -2 -9 2
1135 A 20 0 1 -6 -5 6
1135 A 20 0 -1 -6 -3 -6
1135 A 20 0 7 -6 9 -6
1135 A 20 0 -5 -6 -11 6
1135 A -12 1 -11 -1 127 6
1135 A -12 1 -13 -1 -123 -5
1135 A -12 1 -15 -1 -53 -2
1135 A -12 1 -17 -1 -31 -1
1135 A -12 1 -19 -1 -113 -4
1135 A -12 1 -21 -1 -39 -2
1135 A -12 1 -23 -1 71 3
1135 A -12 1 -29 -1 -47 -2
1135 A -12 1 -39 -1 107 4
1135 A -12 1 -41 -1 109 4
1135 A -12 1 -33 -2 49 2
1135 A -12 1 -43 -2 -101 -4
1135 A -12 1 -65 -2 129 6
1135 A -12 1 -59 -3 79 4
1135 A -12 1 -61 -3 133 5
1135 A -12 1 -65 -3 113 5
1135 A -12 1 -73 -3 -127 -5
1135 A -12 1 -79 -3 87 3
1135 A -12 1 -89 -3 -131 -6
1135 A -12 1 -83 -4 -121 -5
1135 A -12 1 -111 -4 131 5
1135 A 11 1 12 -1 -133 6
1135 A 11 1 14 -1 128 -5
1135 A 11 1 16 -1 55 -2
1135 A 11 1 18 -1 32 -1
1135 A 11 1 20 -1 117 -4
1135 A 11 1 22 -1 41 -2
1135 A 11 1 24 -1 -74 3
1135 A 11 1 30 -1 49 -2
1135 A 11 1 40 -1 -111 4
1135 A 11 1 42 -1 -113 4
1135 A 11 1 35 -2 -51 2
1135 A 11 1 45 -2 105 -4
1135 A 11 1 67 -2 -135 6
1135 A 11 1 62 -3 -83 4
1135 A 11 1 64 -3 -138 5
1135 A 11 1 68 -3 -118 5
1135 A 11 1 76 -3 132 -5
1135 A 11 1 82 -3 -90 3
1135 A 11 1 92 -3 137 -6
1135 A 11 1 87 -4 126 -5
1135 A 11 1 115 -4 -136 5
1135 A -13 1 -14 -1 98 5
1135 A -13 1 -18 -1 45 2
1135 A -13 1 -24 -1 -68 -3
1135 A -13 1 -30 -1 -81 -4
1135 A -13 1 -38 -1 -43 -2
1135 A -13 1 -27 -2 -57 -2
1135 A -13 1 -31 -2 128 5
1135 A -13 1 -54 -3 -84 -3
1135 A -13 1 -74 -3 -118 -5
1135 A -13 1 -80 -3 94 5
1135 A -13 1 -85 -4 -102 -5
1135 A -13 1 -105 -4 135 6
1135 A -13 1 -106 -5 133 6
1135 A 12 1 15 -1 -103 5
1135 A 12 1 19 -1 -47 2
1135 A 12 1 25 -1 71 -3
1135 A 12 1 31 -1 85 -4
1135 A 12 1 39 -1 45 -2
1135 A 12 1 29 -2 59 -2
1135 A 12 1 33 -2 -133 5
1135 A 12 1 57 -3 87 -3
1135 A 12 1 77 -3 123 -5
1135 A 12 1 83 -3 -99 5
1135 A 12 1 89 -4 107 -5
1135 A 12 1 109 -4 -141 6
1135 A 12 1 111 -5 -139 6
1135 A 21 0 -1 -2 -12 8
1135 A 21 0 3 -2 4 8
1135 A 21 0 -3 -2 4 -10
1135 A 21 0 5 -2 6 -10
1135 A 21 0 -4 -2 -3 8
1135 A 21 0 6 -2 -5 8
1135 A 21 0 -5 -2 7 -8
1135 A 21 0 7 -2 1 -8
1135 A 21 0 -6 -2 1 5
1135 A 21 0 8 -2 -6 5
1135 A 21 0 -9 -2 13 -10
1135 A 21 0 11 -2 -3 -10
1135 A 21 0 -1 -4 2 -10
1135 A 21 0 5 -4 8 -10
1135 A 21 0 -7 -4 11 -4
1135 A 21 0 -8 -4 -12 4
1135 A 21 0 1 -5 -2 -8
1135 A 21 0 4 -5 10 -8
1135 A 21 0 0 -5 -8 8
1135 A 21 0 5 -5 0 8
1135 A 21 0 -5 -5 1 10
1135 A 21 0 10 -5 -11 10
1135 A 21 0 -7 -5 6 8
1135 A 21 0 12 -5 -14 8
1135 A 21 0 4 -8 -5 10
1135 A 21 0 2 -8 -6 8
1135 A 21 0 -1 -8 -9 8
1135 A 21 0 1 -10 -9 10
1135 A 21 0 -4 -10 14 -10
1135 A 21 0 -5 -10 -15 10
1135 A -14 1 -15 -1 127 7
1135 A -14 1 -19 -1 71 3
1135 A -14 1 -25 -1 -129 -7
1135 A -14 1 -31 -1 89 4
1135 A -14 1 -33 -1 77 3
1135 A -14 1 -29 -2 83 4
1135 A -14 1 -31 -2 51 2
1135 A -14 1 -45 -2 55 2
1135 A -14 1 -47 -2 45 3
1135 A -14 1 -57 -3 109 6
1135 A -14 1 -65 -4 -111 -5
1135 A -14 1 -73 -4 -107 -5
1135 A -14 1 -85 -4 111 6
1135 A -14 1 -97 -5 -103 -5
1135 A 13 1 16 -1 -134 7
1135 A 13 1 20 -1 -74 3
1135 A 13 1 26 -1 136 -7
1135 A 13 1 32 -1 -93 4
1135 A 13 1 34 -1 -80 3
1135 A 13 1 31 -2 -87 4
1135 A 13 1 33 -2 -53 2
1135 A 13 1 47 -2 -57 2
1135 A 13 1 49 -2 -48 3
1135 A 13 1 60 -3 -115 6
1135 A 13 1 69 -4 116 -5
1135 A 13 1 77 -4 112 -5
1135 A 13 1 89 -4 -117 6
1135 A 13 1 102 -5 108 -5
1135 A -15 1 -16 -1 -134 -7
1135 A -15 1 -20 -1 -67 -4
1135 A -15 1 -36 -1 80 5
1135 A -15 1 -29 -2 37 2
1135 A -15 1 -33 -2 89 4
1135 A -15 1 -55 -2 48 3
1135 A -15 1 -60 -3 -117 -6
1135 A -15 1 -68 -3 -93 -4
1135 A -15 1 -74 -3 77 4
1135 A -15 1 -87 -4 115 6
1135 A -15 1 -102 -5 112 5
1135 A 14 1 17 -1 141 -7
1135 A 14 1 21 -1 71 -4
1135 A 14 1 37 -1 -85 5
1135 A 14 1 31 -2 -39 2
1135 A 14 1 35 -2 -93 4
1135 A 14 1 57 -2 -51 3
1135 A 14 1 63 -3 123 -6
1135 A 14 1 71 -3 97 -4
1135 A 14 1 77 -3 -81 4
1135 A 14 1 91 -4 -121 6
1135 A 14 1 107 -5 -117 5
1135 A -16 1 -17 -1 -63 -4
1135 A -16 1 -21 -1 37 3
1135 A -16 1 -27 -1 99 6
1135 A -16 1 -29 -1 -83 -5
1135 A -16 1 -19 -2 -65 -3
1135 A -16 1 -21 -2 41 3
1135 A -16 1 -35 -2 123 6
1135 A -16 1 -51 -3 -121 -6
1135 A -16 1 -63 -3 107 6
1135 A -16 1 -71 -4 -117 -7
1135 A -16 1 -81 -4 -79 -5
1135 A -16 1 -91 -6 127 8
1135 A 15 1 18 -1 67 -4
1135 A 15 1 22 -1 -40 3
1135 A 15 1 28 -1 -105 6
1135 A 15 1 30 -1 88 -5
1135 A 15 1 21 -2 68 -3
1135 A 15 1 23 -2 -44 3
1135 A 15 1 37 -2 -129 6
1135 A 15 1 54 -3 127 -6
1135 A 15 1 66 -3 -113 6
1135 A 15 1 75 -4 124 -7
1135 A 15 1 85 -4 84 -5
1135 A 15 1 97 -6 -135 8
1135 A 23 0 1 -2 3 -6
1135 A 23 0 -1 -2 6 -4
1135 A 23 0 3 -2 -2 -4
1135 A 23 0 -3 -2 5 -2
1135 A 23 0 -4 -2 -4 9
1135 A 23 0 6 -2 -5 9
1135 A 23 0 -8 -2 12 -7
1135 A 23 0 10 -2 -5 -7
1135 A 23 0 -9 -2 5 -3
1135 A 23 0 11 -2 -2 -3
1135 A 23 0 1 -3 2 -3
1135 A 23 0 -1 -3 -6 -7
1135 A 23 0 4 -3 13 -7
1135 A 23 0 -6 -3 5 6
1135 A 23 0 9 -3 -11 6
1135 A 23 0 13 -3 2 -4
1135 A 23 0 1 -4 -2 -5
1135 A 23 0 3 -4 7 -5
1135 A 23 0 -4 -4 -8 4
1135 A 23 0 -8 -4 -2 -7
1135 A 23 0 12 -4 9 -7
1135 A 23 0 -9 -4 7 -11
1135 A 23 0 13 -4 4 -11
1135 A 23 0 14 -5 15 -7
1135 A 23 0 0 -6 -11 11
1135 A 23 0 6 -6 0 11
1135 A 23 0 -1 -6 4 -10
1135 A 23 0 7 -6 6 -10
1135 A 23 0 -7 -6 -3 -11
1135 A 23 0 13 -6 14 -11
1135 A 23 0 -8 -6 -1 7
1135 A 23 0 14 -6 -6 7
1135 A 23 0 2 -7 2 11
1135 A 23 0 5 -7 -13 11
1135 A 23 0 0 -7 7 -7
1135 A 23 0 -1 -7 6 -11
1135 A 23 0 8 -7 5 -11
1135 A 23 0 3 -11 8 -11
1135 A -17 1 -18 -1 75 4
1135 A -17 1 -22 -1 -23 -2
1135 A -17 1 -28 -1 88 5
1135 A -17 1 -30 -1 37 2
1135 A -17 1 -44 -3 97 6
1135 A -17 1 -54 -3 114 7
1135 A -17 1 -67 -4 124 7
1135 A -17 1 -105 -6 112 7
1135 A 16 1 19 -1 -79 4
1135 A 16 1 23 -1 25 -2
1135 A 16 1 29 -1 -93 5
1135 A 16 1 31 -1 -39 2
1135 A 16 1 47 -3 -103 6
1135 A 16 1 57 -3 -121 7
1135 A 16 1 71 -4 -131 7
1135 A 16 1 111 -6 -119 7
1135 A 24 0 1 -2 7 10
1135 A 24 0 -1 -2 9 2
1135 A 24 0 3 -2 -11 2
1135 A 24 0 -3 -2 -5 2
1135 A 24 0 -5 -2 -11 10
1135 A 24 0 7 -2 1 10
1135 A 24 0 -7 -2 -9 2
1135 A 24 0 13 -2 -5 10
1135 A 24 0 3 -10 5 10
1135 A 24 0 7 -10 -15 10
1135 A 24 0 1 -10 -9 10
1135 A 24 0 -3 -10 -13 10
1135 A -18 1 -19 -1 -125 -9
1135 A -18 1 -25 -1 121 7
1135 A -18 1 -47 -3 57 3
1135 A -18 1 -55 -4 97 7
1135 A -18 1 -79 -4 103 6
1135 A -18 1 -111 -6 103 7
1135 A 17 1 20 -1 134 -9
1135 A 17 1 26 -1 -128 7
1135 A 17 1 50 -3 -60 3
1135 A 17 1 59 -4 -104 7
1135 A 17 1 83 -4 -109 6
1135 A 17 1 117 -6 -110 7
1135 A 25 0 -5 -2 17 -12
1135 A 25 0 7 -2 -5 -12
1135 A 25 0 -7 -3 10 -3
1135 A 25 0 -8 -3 -6 -12
1135 A 25 0 11 -3 18 -12
1135 A 25 0 1 -4 8 6
1135 A 25 0 3 -4 -14 6
1135 A 25 0 -1 -4 -5 4
1135 A 25 0 -4 -4 8 -4
1135 A 25 0 -5 -4 6 -11
1135 A 25 0 9 -4 5 -11
1135 A 25 0 -10 -4 -4 -6
1135 A 25 0 14 -4 10 -6
1135 A 25 0 2 -6 -6 9
1135 A 25 0 4 -6 -3 9
1135 A 25 0 -3 -6 9 -6
1135 A 25 0 2 -12 10 -12
1135 A -19 1 -13 -2 -59 -4
1135 A -19 1 -15 -2 75 6
1135 A -19 1 -23 -2 81 6
1135 A -19 1 -39 -2 73 6
1135 A -19 1 -50 -3 -60 -3
1135 A -19 1 -57 -4 121 8
1135 A -19 1 -90 -7 100 7
1135 A -19 1 -104 -7 -110 -7
1135 A 18 1 15 -2 63 -4
1135 A 18 1 17 -2 -81 6
1135 A 18 1 25 -2 -87 6
1135 A 18 1 41 -2 -79 6
1135 A 18 1 53 -3 63 -3
1135 A 18 1 61 -4 -129 8
1135 A 18 1 97 -7 -107 7
1135 A 18 1 111 -7 117 -7
1135 A -20 1 -21 -1 41 2
1135 A -20 1 -27 -1 -53 -3
1135 A -20 1 -29 -1 -111 -8
1135 A -20 1 -25 -2 -63 -4
1135 A -20 1 -45 -2 45 4
1135 A -20 1 -87 -6 107 7
1135 A -20 1 -111 -7 111 9
1135 A 19 1 22 -1 -43 2
1135 A 19 1 28 -1 56 -3
1135 A 19 1 30 -1 119 -8
1135 A 19 1 27 -2 67 -4
1135 A 19 1 47 -2 -49 4
1135 A 19 1 93 -6 -114 7
1135 A 19 1 118 -7 -120 9
1135 A -21 1 -22 -1 47 4
1135 A -21 1 -24 -1 -93 -6
1135 A -21 1 -30 -1 -27 -2
1135 A -21 1 -49 -4 -118 -9
1135 A -21 1 -95 -6 120 9
1135 A 20 1 23 -1 -51 4
1135 A 20 1 25 -1 99 -6
1135 A 20 1 31 -1 29 -2
1135 A 20 1 53 -4 127 -9
1135 A 20 1 101 -6 -129 9
1135 A 27 0 3 -7 -4 7
1135 A 27 0 2 -7 5 -7
1135 A 27 0 -2 -7 -9 10
1135 A 27 0 9 -7 -1 10
1135 A 27 0 -3 -7 -7 13
1135 A 27 0 10 -7 -6 13
1135 A 27 0 -4 -7 11 -7
1135 A 27 0 -6 -7 5 -11
1135 A 27 0 13 -7 6 -11
1135 A 27 0 -7 -7 14 -7
1135 A 27 0 4 -8 7 13
1135 A 27 0 2 -10 5 -13
1135 A 27 0 8 -10 8 -13
1135 A 27 0 -1 -10 17 -13
1135 A 27 0 11 -10 -4 -13
1135 A 27 0 -2 -10 6 13
1135 A 27 0 12 -10 -19 13
1135 A 27 0 -5 -13 -18 13
1135 A -22 1 -25 -1 39 4
1135 A -22 1 -17 -2 49 5
1135 A -22 1 -19 -2 93 6
1135 A -22 1 -29 -2 -129 -9
1135 A -22 1 -33 -2 -67 -4
1135 A -22 1 -29 -3 91 8
1135 A -22 1 -59 -6 -75 -6
1135 A 21 1 26 -1 -43 4
1135 A 21 1 19 -2 -54 5
1135 A 21 1 21 -2 -99 6
1135 A 21 1 31 -2 138 -9
1135 A 21 1 35 -2 71 -4
1135 A 21 1 32 -3 -99 8
1135 A 21 1 65 -6 81 -6
1135 A 28 0 1 -2 15 -2
1135 A 28 0 -1 -2 9 -6
1135 A 28 0 3 -2 -3 -6
1135 A 28 0 -9 -2 13 -10
1135 A 28 0 11 -2 -3 -10
1135 A 28 0 17 -6 19 -10
1135 A 28 0 3 -10 -7 -10
1135 A 28 0 7 -10 17 -10
1135 A -23 1 -21 -2 99 8
1135 A 22 1 23 -2 -107 8
1135 A -24 1 -29 -1 -107 -10
1135 A -24 1 -11 -2 -37 -2
1135 A -24 1 -23 -2 -125 -10
1135 A -24 1 -39 -4 -41 -5
1135 A 23 1 30 -1 117 -10
1135 A 23 1 13 -2 39 -2
1135 A 23 1 25 -2 135 -10
1135 A 23 1 43 -4 46 -5
1135 A 29 0 1 -2 -7 14
1135 A 29 0 -10 -3 12 -5
1135 A 29 0 13 -3 -7 -5
1135 A 29 0 2 -5 5 11
1135 A 29 0 3 -5 -16 11
1135 A 29 0 -1 -5 6 -5
1135 A 29 0 -2 -5 4 -7
1135 A 29 0 7 -5 3 -7
1135 A 29 0 -3 -5 5 -14
1135 A 29 0 8 -5 9 -14
1135 A 29 0 1 -12 -8 14
1135 A 29 0 11 -12 -6 14
1135 A -25 1 -25 -2 -40 -5
1135 A -25 1 -66 -5 -111 -10
1135 A -25 1 -77 -8 -117 -10
1135 A -25 1 -86 -9 115 12
1135 A 24 1 27 -2 45 -5
1135 A 24 1 71 -5 121 -10
1135 A 24 1 85 -8 127 -10
1135 A 24 1 95 -9 -127 12
1135 A -26 1 -7 -2 17 3
1135 A -26 1 -27 -2 71 5
1135 A -26 1 -41 -3 -77 -7
1135 A -26 1 -107 -10 -141 -12
1135 A 25 1 9 -2 -20 3
1135 A 25 1 29 -2 -76 5
1135 A 25 1 44 -3 84 -7
1135 A 25 1 117 -10 153 -12
1135 A 31 0 -14 -2 -4 -15
1135 A 31 0 16 -2 19 -15
1135 A 31 0 -2 -4 -6 4
1135 A 31 0 -6 -4 -11 -8
1135 A 31 0 10 -4 19 -8
1135 A 31 0 -12 -6 -7 -8
1135 A 31 0 18 -6 15 -8
1135 A 31 0 -6 -8 14 -8
1135 A 31 0 21 -11 23 -15
1135 A -27 1 -20 -3 -43 -6
1135 A 26 1 23 -3 49 -6
1135 A 32 0 -3 -2 -5 2
1135 A 32 0 -9 -2 9 10
1135 A 32 0 11 -2 -19 10
1135 A 32 0 -11 -2 -13 2
1135 A 32 0 -1 -6 17 -10
1135 A 32 0 7 -6 -7 -10
1135 A 32 0 -3 -6 -5 14
1135 A 32 0 9 -6 -9 14
1135 A 33 0 -7 -4 11 -4
1135 A 33 0 -8 -4 -6 13
1135 A 33 0 12 -4 -7 13
1135 A -29 1 -42 -5 66 5
1135 A -29 1 -73 -8 -66 -9
1135 A 28 1 47 -5 -71 5
1135 A 28 1 81 -8 75 -9
1135 A -1 2 -37 1 -171 0
1135 A -1 2 -57 0 -110 1
1135 A -1 2 -57 1 -231 0
1135 A -1 2 -76 0 -224 0
1135 A -1 2 -147 1 -169 1
1135 A -1 2 -171 1 -223 0
1135 A -30 1 -13 -2 -81 -11
1135 A -30 1 -27 -3 37 6
1135 A 29 1 15 -2 92 -11
1135 A 29 1 30 -3 -43 6
1135 A -6 2 -223 -2 -265 -2
1135 A 4 2 225 -2 267 -2
1135 A -11 2 -56 -1 -229 -4
1135 A -11 2 -51 -2 -114 -1
1135 A -11 2 -169 -3 -221 -4
1135 A 9 2 57 -1 233 -4
1135 A 9 2 53 -2 115 -1
1135 A 9 2 172 -3 225 -4
1135 A -32 1 -35 -3 71 6
1135 A 31 1 38 -3 -77 6
1135 A 36 0 3 -10 17 -14
1135 A 36 0 7 -10 -3 -14
1135 A 53 0 10 -21 11 -21
1135 S 0 1 4 0
1135 S -1 1 4 0
1135 S 2 1 5 0
1135 S -1 2 5 0
1135 S -4 1 8 0
1135 S -4 3 8 0
1135 S 3 1 8 0
1135 S 1 3 8 0
1135 S 2 1 10 0
1135 S -4 3 10 0
1135 S -3 1 10 0
1135 S 1 3 10 0
1135 S 1 1 11 0
1135 S 2 2 11 0
1135 S 3 3 11 0
1135 S -7 4 11 0
1135 S -6 5 11 0
1135 S -2 1 11 0
1135 S -4 2 11 0
1135 S -6 3 11 0
1135 S 3 4 11 0
1135 S 1 5 11 0
1135 S 1 1 13 0
1135 S 2 2 13 0
1135 S 3 3 13 0
1135 S 4 4 13 0
1135 S -8 5 13 0
1135 S -7 6 13 0
1135 S -2 1 13 0
1135 S -4 2 13 0
1135 S -6 3 13 0
1135 S -8 4 13 0
1135 S 3 5 13 0
1135 S 1 6 13 0
1135 S 4 1 16 0
1135 S -4 3 16 0
1135 S 4 5 16 0
1135 S -4 7 16 0
1135 S -5 1 16 0
1135 S 1 3 16 0
1135 S -9 5 16 0
1135 S -3 7 16 0
1135 S 7 1 17 0
1135 S -3 2 17 0
1135 S 4 3 17 0
1135 S -6 4 17 0
1135 S 1 5 17 0
1135 S -9 6 17 0
1135 S -2 7 17 0
1135 S -12 8 17 0
1135 S -8 1 17 0
1135 S 1 2 17 0
1135 S -7 3 17 0
1135 S 2 4 17 0
1135 S -6 5 17 0
1135 S 3 6 17 0
1135 S -5 7 17 0
1135 S 4 8 17 0
1135 T 2 6 1 0 0
1135 T 3 2343 2120 0 0
1135 T 2122 2254 4 0 0
1135 T 2254 2345 6 -1 0
1135 T 182 1960 892 0 0
1135 T 178 110 180 0 0
1135 T 894 1885 176 0 0
1135 T 110 1883 1960 0 0
1135 T 124 120 121 0 0
1135 T 119 67 2223 0 0
1135 T 2225 2318 126 0 0
1135 T 2318 68 120 0 0
1135 T 162 1993 1048 0 0
1135 T 166 174 160 0 0
1135 T 1050 1916 164 -1 0
1135 T 174 1918 1993 0 0
1135 T 490 250 1627 0 0
1135 T 1629 244 1847 0 0
1135 T 1849 239 488 0 0
1135 T 239 246 250 0 0
1135 T 485 238 1923 0 0
1135 T 1554 251 483 0 0
1135 T 1925 244 1552 0 0
1135 T 251 246 238 0 0
1135 T 112 1411 1483 -1 0
1135 T 366 362 112 1 0
1135 T 1485 300 364 0 0
1135 T 362 302 1411 0 0
1135 T 535 538 534 -1 0
1135 T 532 1459 1532 0 0
1135 T 1534 18 537 1 0
1135 T 18 1461 538 0 0
1135 T 523 526 522 -1 0
1135 T 520 1219 1275 0 0
1135 T 1277 157 525 0 0
1135 T 157 1221 526 1 0
1135 T 378 1335 1660 0 0
1135 T 370 410 376 0 0
1135 T 1662 308 368 0 0
1135 T 410 310 1335 0 0
1135 T 373 411 367 0 0
1135 T 369 308 1584 0 0
1135 T 1586 1385 371 0 0
1135 T 1385 310 411 0 0
1135 T 490 473 481 0 0
1135 T 479 1308 1627 0 0
1135 T 248 1310 473 0 0
1135 T 481 476 483 0 0
1135 T 1554 1357 479 0 0
1135 T 476 1355 253 0 0
1135 T 856 703 779 0 0
1135 T 978 985 968 0 0
1135 T 970 620 1159 0 0
1135 T 1161 2 976 0 0
1135 T 2 622 985 0 0
1135 T 973 2 1100 0 0
1135 T 965 988 971 0 0
1135 T 1102 685 963 0 0
1135 T 988 683 2 0 0
1135 T 1662 312 1583 0 0
1135 T 309 314 310 0 0
1135 T 942 683 1271 0 0
1135 T 934 990 940 0 0
1135 T 1273 4 932 0 0
1135 T 937 983 927 0 0
1135 T 929 4 1216 0 0
1135 T 1218 622 935 0 0
1135 T 2002 167 2284 0 0
1135 T 2286 174 2191 0 0
1135 T 2193 168 2000 0 0
1135 T 168 172 167 0 0
1135 T 286 303 288 0 0
1135 T 290 1985 980 0 0
1135 T 982 1908 284 0 0
1135 T 1908 1983 303 0 0
1135 T 1006 1072 996 0 0
1135 T 998 1250 831 0 0
1135 T 833 131 1004 0 0
1135 T 131 1248 1072 0 0
1135 T 1001 131 756 0 0
1135 T 993 1069 999 0 0
1135 T 758 1304 991 0 0
1135 T 1069 1306 131 0 0
1135 T 12 759 1167 0 0
1135 T 1169 32 760 0 0
1135 T 14 1107 836 0 0
1135 T 838 29 1108 0 0
1135 T 370 542 1579 0 0
1135 T 1581 1962 376 0 0
1135 T 1962 540 408 0 0
1135 T 373 1884 1655 0 0
1135 T 1657 542 367 0 0
1135 T 413 540 1884 0 0
1135 T 1485 285 1711 0 0
1135 T 1713 275 364 0 0
1135 T 275 283 302 0 0
1135 T 361 282 1783 0 0
1135 T 1785 288 1412 0 0
1135 T 299 290 282 0 0
1135 T 781 1055 639 0 0
1135 T 577 1061 703 0 0
1135 T 358 447 364 0 0
1135 T 1713 1287 356 0 0
1135 T 447 1289 277 0 0
1135 T 361 446 351 0 0
1135 T 353 1233 1783 0 0
1135 T 280 1231 446 0 0
1135 T 143 736 508 0 0
1135 T 518 1501 145 0 0
1135 T 510 550 516 0 0
1135 T 1501 548 736 0 0
1135 T 145 1427 511 0 0
1135 T 513 550 503 0 0
1135 T 505 813 143 0 0
1135 T 813 548 1427 0 0
1135 T 1658 546 1579 0 0
1135 T 540 544 539 0 0
1135 T 866 862 858 0 0
1135 T 641 1065 575 0 0
1135 T 154 1031 1151 0 0
1135 T 1153 1093 522 0 0
1135 T 1035 1027 1031 0 0
1135 T 1093 1029 148 0 0
1135 T 158 2159 2387 -1 0
1135 T 154 163 156 0 0
1135 T 2389 1973 152 0 0
1135 T 163 1971 2159 0 0
1135 T 157 162 147 0 0
1135 T 149 1895 2455 0 0
1135 T 2457 2158 155 0 0
1135 T 2158 1897 162 0 0
1135 T 1921 119 2351 0 0
1135 T 2353 2422 0 0 0
1135 T 2422 120 1843 0 0
1135 T 358 2210 1479 0 0
1135 T 1481 511 364 0 0
1135 T 511 2208 449 0 0
1135 T 518 446 2300 0 0
1135 T 1408 359 516 0 0
1135 T 2302 353 1410 0 0
1135 T 958 1042 948 0 0
1135 T 950 160 1443 0 0
1135 T 1445 852 956 0 0
1135 T 852 162 1042 0 0
1135 T 953 778 1515 0 0
1135 T 945 1043 951 0 0
1135 T 1517 165 943 0 0
1135 T 1043 163 778 0 0
1135 T 198 1674 916 0 0
1135 T 190 225 196 0 0
1135 T 918 2395 188 0 0
1135 T 225 2397 1674 0 0
1135 T 193 225 183 0 0
1135 T 185 2465 911 0 0
1135 T 913 1596 191 0 0
1135 T 1596 2463 225 0 0
1135 T 178 2320 2000 0 0
1135 T 2002 2229 180 0 0
1135 T 2229 2322 110 0 0
1135 T 902 1020 892 0 0
1135 T 894 1581 659 0 0
1135 T 661 140 900 0 0
1135 T 140 1579 1020 0 0
1135 T 897 137 596 0 0
1135 T 893 1025 895 0 0
1135 T 598 1655 891 0 0
1135 T 1025 1657 137 0 0
1135 T 918 264 2448 0 0
1135 T 1569 274 916 0 0
1135 T 2450 291 1567 0 0
1135 T 274 293 264 0 0
1135 T 913 267 1643 0 0
1135 T 1645 298 2380 0 0
1135 T 2382 261 911 0 0
1135 T 261 296 267 0 0
1135 T 760 1456 47 0 0
1135 T 7 1458 1169 -1 1
1135 T 54 1530 837 0 0
1135 T 1107 1528 7 0 0
1135 T 982 1051 976 0 0
1135 T 1161 1539 980 0 0
1135 T 1539 2 1051 0 0
1135 T 981 1469 1100 0 0
1135 T 973 1051 979 0 0
1135 T 1051 2 1469 0 0
1135 T 1007 1011 1004 0 0
1135 T 833 1689 1009 0 0
1135 T 1689 131 1011 0 0
1135 T 1009 1611 756 0 0
1135 T 1001 1018 1007 0 0
1135 T 1018 131 1611 0 0
1135 T 182 378 659 0 0
1135 T 598 371 175 0 0
1135 T 1386 1337 114 0 0
1135 T 206 1337 936 0 0
1135 T 938 114 940 0 0
1135 T 942 1384 204 0 0
1135 T 2011 183 2444 0 0
1135 T 1865 177 2013 0 0
1135 T 2446 213 1863 0 0
1135 T 177 211 183 0 0
1135 T 2013 180 1939 0 0
1135 T 1941 208 2376 0 0
1135 T 2378 190 2011 0 0
1135 T 190 210 180 0 0
1135 T 890 1213 1475 0 0
1135 T 882 931 888 0 0
1135 T 1477 200 880 0 0
1135 T 931 202 1213 0 0
1135 T 885 930 875 0 0
1135 T 877 200 1404 0 0
1135 T 1406 1268 883 0 0
1135 T 1268 202 930 0 0
1135 T 13 1593 1514 0 0
1135 T 1512 607 835 0 0
1135 T 1110 609 1593 0 0
1135 T 762 674 1442 0 0
1135 T 1440 1667 11 0 0
1135 T 1667 672 1168 0 0
1135 T 16 1455 760 -1 0
1135 T 16 835 1527 0 0
1135 T 198 1132 924 0 0
1135 T 926 958 916 0 0
1135 T 1672 956 1132 0 0
1135 T 921 1194 191 0 0
1135 T 913 951 919 0 0
1135 T 1194 953 1598 0 0
1135 T 510 493 501 0 0
1135 T 499 135 1575 0 0
1135 T 1577 692 508 0 0
1135 T 692 137 493 0 0
1135 T 505 629 1651 0 0
1135 T 501 496 503 0 0
1135 T 1653 142 499 0 0
1135 T 496 140 629 0 0
1135 T 510 1249 2300 0 0
1135 T 444 1247 548 0 0
1135 T 2210 1303 503 0 0
1135 T 548 1305 449 0 0
1135 T 414 451 408 0 0
1135 T 473 262 2427 0 0
1135 T 2429 258 1308 0 0
1135 T 248 256 262 1 0
1135 T 1358 256 2360 0 0
1135 T 2362 264 475 0 0
1135 T 264 258 254 0 0
1135 T 672 315 1230 0 0
1135 T 1228 1156 762 0 0
1135 T 1442 1158 315 0 0
1135 T 835 1097 1286 0 0
1135 T 1284 318 609 1 0
1135 T 318 1095 1512 -1 0
1135 T 386 211 1431 0 0
1135 T 378 416 384 0 0
1135 T 1433 1294 376 0 0
1135 T 416 1292 211 0 0
1135 T 381 416 371 0 0
1135 T 373 1236 1503 0 0
1135 T 1505 210 379 0 0
1135 T 210 1238 416 0 0
1135 T 1050 131 1976 0 0
1135 T 1978 130 1899 0 0
1135 T 1901 132 1048 0 0
1135 T 132 128 131 0 0
1135 T 258 948 1487 0 0
1135 T 1489 1036 1415 0 0
1135 T 1417 946 256 0 0
1135 T 946 1038 948 0 0
1135 T 350 421 340 0 0
1135 T 342 1015 2363 0 0
1135 T 2365 1698 348 0 0
1135 T 1698 1017 421 0 0
1135 T 345 1620 2431 0 0
1135 T 337 420 343 1 0
1135 T 2433 1014 335 0 0
1135 T 420 1012 1620 -1 0
1135 T 910 959 916 0 0
1135 T 1569 1377 908 0 0
1135 T 959 1375 272 0 0
1135 T 913 959 903 0 0
1135 T 905 1327 1643 0 0
1135 T 269 1329 959 0 0
1135 T 1168 745 1374 0 0
1135 T 1372 320 674 0 0
1135 T 320 743 1667 0 0
1135 T 607 320 1326 0 0
1135 T 1324 820 1110 0 0
1135 T 1593 822 320 0 0
1135 T 138 108 140 0 0
1135 T 1050 1071 1044 -1 0
1135 T 777 1073 1918 0 0
1135 T 1041 1070 1047 0 0
1135 T 1992 1068 851 0 0
1135 T 254 2588 1487 0 0
1135 T 950 2590 264 0 0
1135 T 1418 2674 247 0 0
1135 T 261 2672 943 0 0
1135 T 190 1833 2028 0 0
1135 T 2030 2584 196 0 0
1135 T 2584 1831 223 0 0
1135 T 193 2670 2023 0 0
1135 T 2025 1759 183 0 0
1135 T 223 1761 2670 0 0
1135 T 1838 170 2595 0 0
1135 T 2597 2682 5 0 0
1135 T 2682 169 1763 0 0
1135 T 290 1121 976 0 0
1135 T 1983 1051 1121 0 0
1135 T 973 1179 283 0 0
1135 T 1179 1051 1909 0 0
1135 T 350 1609 1143 0 0
1135 T 1145 220 340 0 0
1135 T 419 222 1609 0 0
1135 T 337 220 1084 0 0
1135 T 1086 1683 343 0 0
1135 T 1683 222 422 0 0
1135 T 882 1272 1623 0 0
1135 T 1625 3 888 0 0
1135 T 885 3 1548 0 0
1135 T 1550 1217 875 0 0
1135 T 1477 204 2523 1 0
1135 T 2525 197 880 0 0
1135 T 197 206 202 0 0
1135 T 877 192 2607 0 0
1135 T 2609 205 1404 0 0
1135 T 202 203 192 0 0
1135 T 689 1758 43 0 0
1135 T 1390 1964 687 0 0
1135 T 1964 14 1758 0 0
1135 T 626 1890 1340 0 0
1135 T 50 1828 624 0 0
1135 T 1828 12 1890 0 0
1135 T 663 1731 45 0 0
1135 T 1388 1950 665 0 0
1135 T 1950 10 1731 0 0
1135 T 600 1872 1342 0 0
1135 T 52 1805 602 0 0
1135 T 1805 10 1872 0 0
1135 T 470 530 476 0 0
1135 T 2361 676 468 0 0
1135 T 530 678 265 0 0
1135 T 473 530 463 0 0
1135 T 465 613 2427 0 0
1135 T 260 611 530 0 0
1135 T 470 1818 1135 0 0
1135 T 1137 2088 1251 0 0
1135 T 1253 297 468 0 0
1135 T 297 2090 1818 0 0
1135 T 465 292 1196 0 0
1135 T 1078 1744 463 0 0
1135 T 1198 2093 1076 0 0
1135 T 1744 2091 292 0 0
1135 T 2 1983 2128 0 0
1135 T 2126 1910 1 0 0
1135 T 124 1816 1743 0 0
1135 T 291 295 304 0 0
1135 T 1014 1065 1016 0 0
1135 T 1697 1063 1620 0 0
1135 T 2317 122 74 0 0
1135 T 120 2225 77 0 0
1135 T 821 1528 1808 0 0
1135 T 1810 8 1323 0 1
1135 T 1373 8 1736 0 0
1135 T 1738 1458 744 0 0
1135 T 1469 1119 2128 0 0
1135 T 2125 1181 1539 0 0
1135 T 1901 1247 1044 0 0
1135 T 1041 1305 1975 0 0
1135 T 404 406 404 1 0
1135 T 1253 270 2527 0 0
1135 T 2529 260 468 0 0
1135 T 465 265 2611 0 0
1135 T 2613 271 1196 0 0
1135 T 386 995 1427 0 0
1135 T 2578 548 995 0 0
1135 T 1501 994 379 0 0
1135 T 994 548 2660 0 0
1135 T 926 630 2448 0 0
1135 T 956 264 630 0 0
1135 T 2382 691 919 0 0
1135 T 691 261 953 0 0
1135 T 672 1663 770 0 0
1135 T 768 2214 1230 0 0
1135 T 317 2212 1663 0 0
1135 T 844 1589 609 0 0
1135 T 1284 2304 846 0 0
1135 T 1589 2306 316 0 0
1135 T 402 2474 2060 0 0
1135 T 394 440 400 0 0
1135 T 2062 1891 392 0 0
1135 T 440 1893 2474 0 0
1135 T 397 437 387 0 0
1135 T 389 1969 2055 0 0
1135 T 2057 2404 395 0 0
1135 T 2404 1967 437 0 0
1135 T 910 748 188 0 0
1135 T 748 959 2397 0 0
1135 T 185 825 903 0 0
1135 T 2463 959 825 0 0
1135 T 574 1590 1509 0 0
1135 T 1125 845 572 0 0
1135 T 1507 608 1123 0 0
1135 T 573 767 1183 1 0
1135 T 1185 673 1437 0 0
1135 T 1435 1664 571 0 0
1135 T 219 222 218 -1 0
1135 T 216 1607 1684 0 0
1135 T 2118 2325 537 -1 0
1135 T 1534 763 2116 0 0
1135 T 537 2231 2115 0 0
1135 T 2117 842 1460 0 0
1135 T 342 1010 1139 0 0
1135 T 1141 1000 2363 0 0
1135 T 1082 1010 335 0 0
1135 T 2433 1005 1080 0 0
1135 T 1157 16 2215 1 0
1135 T 2217 1456 1227 0 0
1135 T 1095 2308 16 0 0
1135 T 2308 1284 1527 0 0
1135 T 942 374 2756 0 0
1135 T 2758 1583 204 0 0
1135 T 205 1661 2704 0 0
1135 T 2706 375 935 0 0
1135 T 198 1661 2040 0 0
1135 T 2042 2706 201 0 0
1135 T 201 2756 2035 0 0
1135 T 2037 1583 191 0 0
1135 T 1372 2460 1186 0 0
1135 T 1438 2462 322 0 0
1135 T 1124 2394 1326 0 0
1135 T 322 2392 1508 0 0
1135 T 499 143 1952 0 0
1135 T 1954 152 1575 0 0
1135 T 137 154 143 0 0
1135 T 1653 149 1876 0 0
1135 T 1878 143 499 0 0
1135 T 143 147 140 0 0
1135 T 2052 1504 1431 0 0
1135 T 213 209 217 -1 0
1135 T 1228 326 1737 0 0
1135 T 2218 745 326 0 0
1135 T 1807 326 1286 0 0
1135 T 326 820 2308 0 0
1135 T 630 1042 2588 0 0
1135 T 2674 1043 691 0 0
1135 T 2529 611 476 0 0
1135 T 473 678 2611 0 0
1135 T 22 599 1803 0 0
1135 T 22 1731 664 0 0
1135 T 26 625 1830 0 0
1135 T 28 1758 690 0 0
1135 T 13 2374 2281 0 0
1135 T 2279 592 1514 0 0
1135 T 1591 594 2374 0 0
1135 T 1440 657 2189 0 0
1135 T 2187 2440 11 0 0
1135 T 2440 655 1669 0 0
1135 T 874 1022 864 0 0
1135 T 862 1024 868 0 0
1135 T 570 2213 1147 0 0
1135 T 1149 1227 1423 0 0
1135 T 1425 769 568 0 0
1135 T 565 843 1495 0 0
1135 T 1090 2303 563 0 0
1135 T 1497 1285 1088 0 0
1135 T 874 925 880 0 0
1135 T 2525 1131 872 0 0
1135 T 877 920 867 0 0
1135 T 869 1193 2607 0 0
1135 T 230 314 232 0 0
1135 T 1625 2119 1771 0 0
1135 T 1548 1700 2120 0 0
1135 T 498 813 1952 0 0
1135 T 1878 736 491 0 0
1135 T 553 1890 600 0 0
1135 T 1874 624 551 0 0
1135 T 557 690 1947 0 0
1135 T 666 1963 555 0 0
1135 T 2234 2325 533 -1 0
1135 T 2042 668 1267 0 0
1135 T 929 670 2704 0 0
1135 T 1214 605 2035 0 0
1135 T 2758 603 932 0 0
1135 T 334 452 328 0 0
1135 T 330 230 579 0 0
1135 T 645 232 332 0 0
1135 T 581 116 643 0 0
1135 T 478 2062 2355 0 0
1135 T 2357 1929 481 0 0
1135 T 1929 2060 483 0 0
1135 T 481 1851 2423 0 0
1135 T 2425 2055 471 0 0
1135 T 490 2057 1851 0 0
1135 T 372 603 988 0 0
1135 T 985 670 377 0 0
1135 T 801 1514 2632 0 0
1135 T 1861 1095 799 0 0
1135 T 2634 316 1859 0 0
1135 T 726 1158 1935 0 0
1135 T 1937 317 2548 0 0
1135 T 2550 1440 724 0 0
1135 T 2538 1689 1140 0 0
1135 T 1613 2622 1081 0 0
1135 T 1976 733 2209 0 0
1135 T 504 731 1042 0 0
1135 T 2299 808 1902 0 0
1135 T 1043 810 509 0 0
1135 T 558 2393 803 0 0
1135 T 805 1323 1571 0 0
1135 T 1573 1125 556 0 0
1135 T 553 1183 1647 0 0
1135 T 730 2459 551 0 0
1135 T 1649 1373 728 0 0
1135 T 645 2796 783 0 0
1135 T 2600 2798 234 0 0
1135 T 2794 2683 228 0 0
1135 T 579 707 2792 0 0
1135 T 2798 443 2183 0 0
1135 T 797 1232 2796 0 0
1135 T 2791 2275 448 0 0
1135 T 1288 722 2793 0 0
1135 T 1433 281 2996 0 0
1135 T 2998 967 376 0 0
1135 T 967 279 1292 0 0
1135 T 373 966 2940 0 0
1135 T 2942 276 1503 0 0
1135 T 1238 278 966 0 0
1135 T 2050 289 2996 0 0
1135 T 1433 302 2048 0 0
1135 T 2045 299 1503 0 0
1135 T 2942 284 2043 0 0
1135 T 1682 162 2715 0 0
1135 T 2717 2770 126 1 0
1135 T 2770 164 1603 0 0
1135 T 1773 1522 2351 0 0
1135 T 1921 2079 1771 0 0
1135 T 2079 119 1522 0 0
1135 T 1702 2086 1844 0 0
1135 T 2421 1448 1700 0 0
1135 T 1448 119 2086 0 0
1135 T 677 2100 1520 0 0
1135 T 1522 1258 2362 0 0
1135 T 467 1256 2100 0 0
1135 T 1450 2097 612 0 0
1135 T 2428 1199 1448 0 0
1135 T 2097 1201 466 0 0
1135 T 154 945 2559 0 0
1135 T 2561 1515 156 0 0
1135 T 157 1445 2643 0 0
1135 T 2645 948 147 0 0
1135 T 2674 810 1578 0 0
1135 T 1652 731 2588 0 0
1135 T 841 2131 1972 0 0
1135 T 1974 1677 2222 0 0
1135 T 271 1675 2131 0 0
1135 T 1898 2138 764 0 0
1135 T 2312 1599 1896 0 0
1135 T 2138 1601 270 0 0
1135 T 330 494 583 0 0
1135 T 585 1875 2624 0 0
1135 T 650 495 331 0 0
1135 T 2542 1953 648 0 0
1135 T 404 396 400 0 0
1135 T 402 2888 2387 0 0
1135 T 2389 2458 406 0 0
1135 T 2458 2890 396 0 0
1135 T 1357 2835 1255 0 0
1135 T 2835 255 1521 0 0
1135 T 1202 2834 1308 0 0
1135 T 1447 258 2834 0 0
1135 T 1328 2396 2348 0 0
1135 T 2258 2466 1378 0 0
1135 T 1810 2298 805 0 0
1135 T 2298 8 1571 0 1
1135 T 728 2204 1736 0 0
1135 T 1649 8 2204 0 0
1135 T 769 697 2245 0 0
1135 T 2243 2480 573 0 0
1135 T 2480 695 1183 0 0
1135 T 572 2414 2337 0 0
1135 T 2335 632 843 0 0
1135 T 1125 634 2414 0 0
1135 T 182 615 2008 0 0
1135 T 2010 2017 2013 0 0
1135 T 1939 2015 615 0 0
1135 T 176 2004 679 0 0
1135 T 681 2021 1866 0 0
1135 T 2014 2019 2004 0 0
1135 T 2010 2153 2000 0 0
1135 T 2193 1131 2008 0 0
1135 T 1131 168 2153 0 0
1135 T 2005 1193 2283 0 0
1135 T 2001 2148 2003 0 0
1135 T 2148 168 1193 0 0
1135 T 190 775 2020 0 0
1135 T 2022 2097 2028 0 0
1135 T 1831 2095 775 0 0
1135 T 2025 2100 2015 0 0
1135 T 2017 853 183 0 0
1135 T 853 2102 1761 0 0
1135 T 617 2153 2227 0 0
1135 T 2321 2148 680 0 0
1135 T 2161 2157 2165 0 0
1135 T 2052 2044 2048 0 0
1135 T 2032 2036 2040 0 0
1135 T 829 1532 2715 0 0
1135 T 1682 2114 827 0 0
1135 T 2114 162 1532 0 0
1135 T 754 2107 1604 0 0
1135 T 2769 1462 752 0 0
1135 T 1462 163 2107 0 0
1135 T 2998 975 667 0 0
1135 T 606 974 2940 0 0
1135 T 2098 1074 1296 0 0
1135 T 1298 1915 1832 0 0
1135 T 2100 1239 1070 0 0
1135 T 1239 1759 1992 0 0
1135 T 2050 1122 667 0 0
1135 T 606 1180 2043 0 0
1135 T 2010 853 2444 0 0
1135 T 777 2005 2378 0 0
1135 T 841 2139 164 0 0
1135 T 2139 2131 2160 0 0
1135 T 161 2146 764 0 0
1135 T 2157 2138 2146 0 0
1135 T 592 2003 952 0 0
1135 T 1597 2285 594 0 0
1135 T 957 2010 657 0 0
1135 T 655 2191 1671 0 0
1135 T 785 2882 1139 0 0
1135 T 20 1690 2882 -1 0
1135 T 2886 709 1081 0 0
1135 T 1613 20 2884 0 0
1135 T 358 2898 1855 0 0
1135 T 350 424 356 0 0
1135 T 1857 2782 348 0 0
1135 T 424 2780 2898 0 0
1135 T 353 429 343 0 0
1135 T 345 2728 1931 0 0
1135 T 1933 2898 351 0 0
1135 T 2898 2730 429 0 0
1135 T 1516 594 2378 0 0
1135 T 2444 655 1446 0 0
1135 T 2130 700 1836 0 0
1135 T 1765 638 2124 0 0
1135 T 2030 2026 2034 0 0
1135 T 313 2669 2586 0 0
1135 T 1974 2806 242 0 0
1135 T 2806 1677 795 0 0
1135 T 235 2799 1896 0 0
1135 T 722 1599 2799 0 0
1135 T 699 1966 2774 0 0
1135 T 2580 1756 701 0 0
1135 T 2772 14 2582 0 0
1135 T 636 1830 2666 0 0
1135 T 2664 12 2722 0 0
1135 T 2720 1888 638 0 0
1135 T 649 1948 2748 0 0
1135 T 2545 1733 647 0 0
1135 T 2750 10 2543 0 0
1135 T 586 1803 2627 0 0
1135 T 2629 10 2696 0 0
1135 T 2698 1874 584 0 0
1135 T 518 2238 152 0 0
1135 T 2238 1501 137 0 0
1135 T 149 2328 511 0 0
1135 T 140 1427 2328 0 0
1135 T 243 2815 1715 0 0
1135 T 1717 3013 252 0 0
1135 T 3013 2817 237 0 0
1135 T 249 2955 1787 0 0
1135 T 1789 2822 243 0 0
1135 T 240 2820 2955 0 0
1135 T 1998 1280 1919 -1 0
1135 T 1845 1225 1996 0 0
1135 T 2094 635 1680 0 0
1135 T 1605 701 2088 0 0
1135 T 520 2644 2559 0 0
1135 T 1207 1640 1155 0 0
1135 T 1936 2492 1209 0 0
1135 T 1640 2494 725 0 0
1135 T 1098 1566 1266 0 0
1135 T 1264 2497 1862 0 0
1135 T 800 2495 1566 0 0
1135 T 1112 2106 2474 0 0
1135 T 1707 488 1114 0 0
1135 T 2472 1633 1709 0 0
1135 T 488 1631 2106 0 0
1135 T 1172 485 1781 0 0
1135 T 1779 1556 2406 0 0
1135 T 2404 2106 1174 0 0
1135 T 2106 1558 485 0 0
1135 T 1783 1312 1879 0 0
1135 T 1881 2856 1231 0 0
1135 T 2856 1314 353 0 0
1135 T 1289 2861 1955 0 0
1135 T 1957 1361 1713 0 0
1135 T 356 1359 2861 0 0
1135 T 402 1114 2068 0 0
1135 T 2070 2106 2060 0 0
1135 T 2065 1172 395 0 0
1135 T 2057 2106 2063 0 0
1135 T 2114 2145 2116 0 0
1135 T 2117 2140 2107 0 0
1135 T 1629 2824 1775 0 0
1135 T 1777 1262 1847 0 0
1135 T 246 1260 2824 0 0
1135 T 1706 2829 1552 0 0
1135 T 1925 1203 1704 0 0
1135 T 2829 1205 246 0 0
1135 T 1141 2872 1255 0 0
1135 T 1257 850 2363 0 0
1135 T 1002 848 2872 0 0
1135 T 1202 2877 1080 0 0
1135 T 2433 772 1200 0 0
1135 T 2877 774 1003 0 0
1135 T 2163 2165 2163 -1 0
1135 T 2822 429 2980 0 0
1135 T 1721 436 2820 0 0
1135 T 2982 434 1719 0 0
1135 T 436 432 429 0 0
1135 T 2817 441 1791 0 0
1135 T 1793 434 2924 0 0
1135 T 2926 424 2815 0 0
1135 T 424 432 441 0 0
1135 T 902 2407 1944 0 0
1135 T 1946 2156 892 0 0
1135 T 1022 2158 2407 0 0
1135 T 893 2161 1868 0 0
1135 T 1870 2477 895 0 0
1135 T 2477 2159 1023 0 0
1135 T 696 2506 1245 0 0
1135 T 1243 1692 770 0 0
1135 T 2246 1694 2506 0 0
1135 T 844 1618 1301 0 0
1135 T 1299 2506 633 0 0
1135 T 2506 1616 2336 0 0
1135 T 402 1118 152 0 0
1135 T 1118 2888 1971 0 0
1135 T 149 1176 395 0 0
1135 T 1897 2889 1176 0 0
1135 T 1633 2065 1851 0 0
1135 T 1929 2068 1556 0 0
1135 T 1425 1246 2931 0 0
1135 T 2933 1691 568 0 0
1135 T 565 1617 2987 0 0
1135 T 2989 1300 1495 0 0
1135 T 1184 1466 1401 0 0
1135 T 1399 2513 698 0 0
1135 T 2513 1464 2479 0 0
1135 T 631 2508 1353 0 0
1135 T 1351 1536 1126 0 0
1135 T 2413 1538 2508 0 0
1135 T 394 1397 152 0 0
1135 T 1397 440 1116 0 0
1135 T 149 1347 387 0 0
1135 T 1178 437 1347 0 0
1135 T 118 1688 1611 -1 0
1135 T 1921 1452 2167 0 0
1135 T 992 1454 2081 0 0
1135 T 1526 995 2084 0 0
1135 T 1844 2259 1524 0 0
1135 T 874 2137 2687 0 0
1135 T 2689 1694 864 0 0
1135 T 1020 1692 2137 0 0
1135 T 861 1616 2739 0 0
1135 T 2741 2132 867 0 0
1135 T 2132 1618 1025 0 0
1135 T 1257 2018 2531 0 0
1135 T 2533 2024 468 0 0
1135 T 465 2029 2615 0 0
1135 T 2617 2019 1200 0 0
1135 T 1424 2936 1737 0 0
1135 T 324 2938 1150 0 0
1135 T 1807 2994 1498 0 0
1135 T 1087 2992 324 0 0
1135 T 926 497 3035 0 0
1135 T 3037 139 2448 0 0
1135 T 2382 138 3079 0 0
1135 T 3081 492 919 0 0
1135 T 681 2877 1524 0 0
1135 T 1526 802 1866 0 0
1135 T 2019 800 2877 0 0
1135 T 1454 2872 616 0 0
1135 T 1940 723 1452 0 0
1135 T 2872 725 2018 0 0
1135 T 1333 2899 679 0 0
1135 T 2322 1128 1331 0 0
1135 T 2899 1130 2149 0 0
1135 T 618 2899 1379 0 0
1135 T 1381 1190 2228 0 0
1135 T 2152 1188 2899 0 0
1135 T 740 2051 818 0 0
1135 T 3096 218 3053 0 0
1135 T 559 1495 2296 0 0
1135 T 805 2993 561 0 0
1135 T 561 2935 728 0 0
1135 T 2206 1425 559 0 0
1135 T 1526 1003 2947 0 0
1135 T 2949 1071 2084 0 0
1135 T 2081 1070 3003 0 0
1135 T 3005 1002 1452 0 0
1135 T 1093 1768 512 0 0
1135 T 517 1842 1152 0 0
1135 T 1629 1207 2171 0 0
1135 T 2826 970 1207 0 0
1135 T 1265 964 2828 0 0
1135 T 1551 2264 1263 0 0
1135 T 681 774 2947 0 0
1135 T 3005 848 616 0 0
1135 T 656 2490 2549 0 0
1135 T 2190 725 2490 0 0
1135 T 2631 2490 593 0 0
1135 T 2490 800 2280 0 0
1135 T 1946 2164 1867 0 0
1135 T 1573 1354 3039 0 0
1135 T 3041 1535 556 0 0
1135 T 553 1465 3083 0 0
1135 T 3085 1400 1647 0 0
1135 T 1141 725 2531 0 0
1135 T 2617 800 1080 0 0
1135 T 2478 2141 1615 0 0
1135 T 1693 2144 2408 0 0
1135 T 230 2670 3208 0 0
1135 T 3210 2583 232 0 0
1135 T 1261 2864 1715 0 0
1135 T 1717 426 3172 0 0
1135 T 3174 621 1259 0 0
1135 T 621 424 2864 0 0
1135 T 1206 684 3124 0 0
1135 T 1789 2869 1204 0 0
1135 T 3126 427 1787 0 0
1135 T 2869 429 684 0 0
1135 T 190 1238 2288 0 0
1135 T 2290 418 180 0 0
1135 T 177 418 2196 0 0
1135 T 2198 1292 183 0 0
1135 T 3254 713 585 0 0
1135 T 1877 388 3252 0 0
1135 T 392 1954 3258 0 0
1135 T 3256 649 789 0 0
1135 T 1881 938 2762 0 0
1135 T 2760 1368 1231 0 0
1135 T 1368 936 2858 0 0
1135 T 1289 1322 2710 0 0
1135 T 2708 939 1955 0 0
1135 T 2859 941 1322 0 0
1135 T 1271 1319 2727 0 0
1135 T 2729 2862 685 0 0
1135 T 620 2855 2779 0 0
1135 T 2781 1369 1218 0 0
1135 T 243 2924 3172 0 0
1135 T 3126 2982 243 0 0
1135 T 829 2069 1226 0 0
1135 T 1224 399 3192 0 0
1135 T 3194 1113 827 0 0
1135 T 754 1171 3144 0 0
1135 T 1280 2064 752 0 0
1135 T 3146 398 1282 0 0
1135 T 3191 125 3146 0 0
1135 T 1328 3213 718 0 0
1135 T 3213 2396 227 0 0
1135 T 791 3216 1378 0 0
1135 T 234 2466 3216 0 0
1135 T 219 2655 3300 0 0
1135 T 3302 2574 220 0 0
1135 T 2574 2657 217 -1 0
1135 T 13 3030 2973 0 0
1135 T 2971 580 2281 0 0
1135 T 2372 582 3030 0 0
1135 T 2187 645 2917 0 0
1135 T 2915 3072 11 0 0
1135 T 3072 643 2442 0 0
1135 T 1465 1178 3153 0 0
1135 T 1792 2808 1463 0 0
1135 T 3151 238 1794 0 0
1135 T 2808 236 1178 0 0
1135 T 1537 2813 1722 0 0
1135 T 1720 239 3201 0 0
1135 T 3199 1116 1535 0 0
1135 T 1116 241 2813 0 0
1135 T 1296 2077 2950 0 0
1135 T 2948 122 3190 0 0
1135 T 3188 611 1298 0 0
1135 T 611 120 2077 0 0
1135 T 1240 678 3142 0 0
1135 T 3004 2072 1242 0 0
1135 T 3140 122 3006 0 0
1135 T 2072 120 678 0 0
1135 T 1522 1070 3139 0 0
1135 T 3189 1071 1448 0 0
1135 T 1398 1464 2955 0 0
1135 T 2957 2892 1115 0 0
1135 T 2892 1466 441 0 0
1135 T 1177 2892 3011 0 0
1135 T 3013 1538 1348 0 0
1135 T 436 1536 2892 0 0
1135 T 2290 386 659 0 0
1135 T 598 379 2196 0 0
1135 T 430 2787 3352 0 0
1135 T 3354 2418 433 0 0
1135 T 2418 2789 435 0 0
1135 T 3348 432 2485 0 0
1135 T 2483 439 2738 0 0
1135 T 2736 426 3350 0 0
1135 T 683 2829 2981 0 0
1135 T 2979 1264 1102 0 0
1135 T 1159 1209 2925 0 0
1135 T 2923 2824 622 0 0
1135 T 2454 211 2711 0 0
1135 T 2713 2766 522 -1 0
1135 T 2766 209 2383 0 0
1135 T 2762 126 2707 0 0
1135 T 807 2296 2676 0 0
1135 T 1905 1573 809 0 0
1135 T 2678 8 1903 0 1
1135 T 732 1647 1979 0 0
1135 T 1981 8 2592 0 0
1135 T 2594 2206 734 0 0
1135 T 1449 2906 1520 0 0
1135 T 3342 1201 346 0 0
1135 T 1621 771 3340 0 0
1135 T 3335 349 1258 0 0
1135 T 847 1697 3337 0 0
1135 T 1145 3300 787 1 0
1135 T 714 3301 1084 -1 0
1135 T 1112 533 1173 0 0
1135 T 1265 3284 1719 0 0
1135 T 1101 434 3284 0 0
1135 T 1793 3289 1208 0 0
1135 T 3289 434 1160 0 0
1135 T 21 3136 1944 0 0
1135 T 1946 1241 663 0 0
1135 T 1734 1239 3136 0 0
1135 T 602 1295 1868 0 0
1135 T 1870 3186 21 0 0
1135 T 3186 1297 1804 0 0
1135 T 1756 1206 3122 0 0
1135 T 3120 1931 28 0 0
1135 T 1931 1204 690 0 0
1135 T 26 1857 3170 0 0
1135 T 3168 1259 1830 0 0
1135 T 623 1261 1857 0 0
1135 T 1333 2154 3092 0 0
1135 T 3094 1188 679 0 0
1135 T 618 1130 3048 0 0
1135 T 3050 2147 1379 0 0
1135 T 3202 436 2955 0 0
1135 T 3013 441 3152 0 0
1135 T 3279 910 805 0 0
1135 T 803 1567 1812 0 0
1135 T 1814 1377 3281 0 0
1135 T 3279 730 905 0 0
1135 T 1329 1742 3281 0 0
1135 T 730 1740 1643 0 0
1135 T 350 3329 2175 0 0
1135 T 2177 3007 356 0 0
1135 T 3007 3327 426 0 0
1135 T 353 2953 2267 0 0
1135 T 2269 3332 343 0 0
1135 T 427 3334 2953 0 0
1135 T 716 3219 794 0 0
1135 T 2775 533 2726 0 0
1135 T 3270 2645 525 0 0
1135 T 1277 1445 3268 0 0
1135 T 525 2559 3267 0 0
1135 T 3269 1515 1220 0 0
1135 T 785 2305 3164 0 0
1135 T 2693 1588 783 0 0
1135 T 3166 317 2691 -1 0
1135 T 710 1666 2743 0 0
1135 T 2745 316 3116 0 0
1135 T 3118 2211 708 0 0
1135 T 1329 2294 805 0 0
1135 T 2202 1377 728 0 0
1135 T 807 3242 1417 0 0
1135 T 1577 250 3242 0 0
1135 T 1488 3243 734 0 0
1135 T 3243 251 1651 0 0
1135 T 1980 2516 1401 0 0
1135 T 2516 733 3086 0 0
1135 T 1351 2516 1906 0 0
1135 T 3040 808 2516 0 0
1135 T 1361 2867 1855 0 0
1135 T 1857 429 3400 0 0
1135 T 3402 686 1359 0 0
1135 T 1314 619 3368 0 0
1135 T 1933 2866 1312 0 0
1135 T 3370 424 1931 0 0
1135 T 574 3065 3022 0 0
1135 T 3020 606 1509 0 0
1135 T 1588 604 3065 0 0
1135 T 1435 667 2966 0 0
1135 T 2964 3107 571 0 0
1135 T 3107 669 1666 0 0
1135 T 1296 3304 771 0 0
1135 T 3304 2077 682 0 0
1135 T 849 3309 1242 0 0
1135 T 615 2072 3309 0 0
1135 T 358 2730 3400 0 0
1135 T 3370 2780 351 0 0
1135 T 696 2475 774 0 0
1135 T 772 2961 1245 0 0
1135 T 2504 2959 2475 0 0
1135 T 848 2409 633 0 0
1135 T 1299 3015 850 0 0
1135 T 2409 3017 2504 0 0
1135 T 1481 1088 1851 0 0
1135 T 1633 3261 1479 0 0
1135 T 3261 2065 1088 0 0
1135 T 1410 3264 1556 0 0
1135 T 1929 1149 1408 0 0
1135 T 1149 2068 3264 0 0
1135 T 1682 1471 1747 0 0
1135 T 1749 3326 827 0 0
1135 T 3326 1473 2112 0 0
1135 T 754 3319 1819 0 0
1135 T 1821 1545 1604 0 0
1135 T 2109 1543 3319 0 0
1135 T 15 2929 1642 1 0
1135 T 2215 1209 2929 0 0
1135 T 1564 2983 15 0 0
1135 T 2983 1264 2309 0 0
1135 T 3210 1832 651 0 0
1135 T 653 226 232 0 0
1135 T 229 226 588 0 0
1135 T 590 1762 3207 0 0
1135 T 829 3265 2453 0 0
1135 T 2451 1148 1226 0 0
1135 T 1280 1089 2385 0 0
1135 T 2383 3260 752 0 0
1135 T 1391 3307 1127 0 0
1135 T 3047 2072 1393 0 0
1135 T 1189 3306 1345 0 0
1135 T 1343 2077 3093 0 0
1135 T 1100 3291 2484 0 0
1135 T 2486 1990 1467 0 0
1135 T 981 1988 3291 0 0
1135 T 1541 1912 2416 0 0
1135 T 2418 3298 1161 0 0
1135 T 3298 1914 980 0 0
1135 T 1188 2242 698 0 0
1135 T 1399 3103 1190 0 0
1135 T 2242 3105 2511 0 0
1135 T 631 2332 1130 0 0
1135 T 1128 3061 1353 0 0
1135 T 2510 3059 2332 0 0
1135 T 1625 2248 2519 0 0
1135 T 2521 2910 1771 0 0
1135 T 2121 2908 2248 0 0
1135 T 1702 2910 2603 0 0
1135 T 2605 2342 1548 0 0
1135 T 2342 2908 2120 0 0
1135 T 665 1392 1727 0 0
1135 T 1729 3422 556 0 0
1135 T 3422 1394 1966 0 0
1135 T 553 3388 1799 0 0
1135 T 1801 1346 600 0 0
1135 T 1888 1344 3388 0 0
1135 T 558 1718 3405 0 0
1135 T 3403 1360 1948 0 0
1135 T 687 1362 1718 0 0
1135 T 1874 1313 3373 0 0
1135 T 3371 1788 551 0 0
1135 T 1788 1311 626 0 0
1135 T 9 3195 3383 0 0
1135 T 3418 3150 10 0 0
1135 T 3385 171 3416 0 0
1135 T 3150 173 3195 0 0
1135 T 653 1597 3216 0 0
1135 T 3213 1671 588 0 0
1135 T 1535 3237 1718 0 0
1135 T 1347 253 3237 0 0
1135 T 1788 3232 1465 0 0
1135 T 3232 248 1397 0 0
1135 T 1121 1510 2650 0 0
1135 T 2648 320 3378 0 0
1135 T 3376 2392 1119 0 0
1135 T 1181 2462 3410 0 0
1135 T 2564 1436 1179 0 0
1135 T 3408 320 2566 0 0
1135 T 2963 306 3022 0 0
1135 T 3063 304 3110 0 0
1135 T 1275 55 2714 0 0
1135 T 2763 59 1221 0 0
1135 T 3462 1297 1346 0 0
1135 T 1190 774 3460 0 0
1135 T 3457 848 1128 0 0
1135 T 1392 1239 3455 0 0
1135 T 1365 324 3131 0 0
1135 T 1421 745 1363 0 0
1135 T 3133 2216 1419 0 0
1135 T 1318 820 1491 0 0
1135 T 1493 2310 3179 0 0
1135 T 3181 324 1316 0 0
1135 T 1394 3414 677 0 0
1135 T 121 3412 3048 0 0
1135 T 612 3380 1344 0 0
1135 T 3094 3382 121 0 0
1135 T 2962 2141 2335 0 0
1135 T 2245 2144 3016 0 0
1135 T 2692 461 2745 0 0
1135 T 3116 459 3165 0 0
1135 T 1357 1420 2175 0 0
1135 T 2177 3319 1255 0 0
1135 T 3319 1422 2837 0 0
1135 T 1202 3326 2267 0 0
1135 T 2269 1494 1308 0 0
1135 T 2832 1492 3326 0 0
1135 T 2699 2808 2480 0 0
1135 T 2414 2813 2753 0 0
1135 T 653 3150 2543 0 0
1135 T 2750 3416 651 0 0
1135 T 590 3386 2696 0 0
1135 T 2629 3196 588 0 0
1135 T 640 3112 2582 0 0
1135 T 2772 3393 642 0 0
1135 T 3393 14 3112 0 0
1135 T 575 3359 2722 0 0
1135 T 2664 3162 577 0 0
1135 T 3162 12 3359 0 0
1135 T 1382 1678 2225 0 0
1135 T 1333 3355 1380 0 0
1135 T 2316 1599 1331 0 0
1135 T 118 2880 2884 -1 0
1135 T 3111 457 2973 0 0
1135 T 3028 455 3394 0 0
1135 T 2915 457 3161 0 0
1135 T 3360 455 3074 0 0
1135 T 1946 3457 1727 0 0
1135 T 1801 3460 1868 0 0
1135 T 1360 3450 1205 0 0
1135 T 1932 3448 1718 0 0
1135 T 1260 3450 1313 0 0
1135 T 1788 3448 1858 0 0
1135 T 82 1031 3104 0 0
1135 T 3062 1030 83 0 0
1135 T 1207 2500 3134 0 0
1135 T 2929 1422 2500 0 0
1135 T 3180 2500 1266 0 0
1135 T 2500 1492 2983 0 0
1135 T 2336 3344 2245 0 0
1135 T 2243 428 3516 0 0
1135 T 3518 127 3491 0 0
1135 T 3493 426 2338 0 0
1135 T 1881 1958 2850 0 0
1135 T 318 3088 3479 0 0
1135 T 3506 3045 316 0 0
1135 T 3481 123 3504 0 0
1135 T 3045 125 3088 0 0
1135 T 570 3486 2452 0 0
1135 T 2211 1223 3486 0 0
1135 T 2386 3508 563 0 0
1135 T 3508 1281 2305 0 0
1135 T 1546 3337 2962 0 0
1135 T 2960 349 3501 0 0
1135 T 3499 1256 1544 0 0
1135 T 1474 1201 3477 0 0
1135 T 3016 3340 1472 0 0
1135 T 3475 344 3018 0 0
1135 T 2411 3344 2482 0 0
1135 T 1861 3284 2752 0 0
1135 T 2702 3289 1935 0 0
1135 T 2814 2887 2804 0 0
1135 T 2801 2890 2807 0 0
1135 T 797 3045 1859 0 0
1135 T 2634 3504 795 0 0
1135 T 722 3482 2548 0 0
1135 T 1937 3087 720 0 0
1135 T 1684 1747 2247 0 0
1135 T 2342 1822 1609 0 0
1135 T 2249 2906 2340 0 0
1135 T 649 3250 583 0 0
1135 T 3258 1397 1575 0 0
1135 T 1653 1347 3251 0 0
1135 T 2910 2905 2909 0 0
1135 T 2834 2906 2836 0 0
1135 T 1749 2834 3178 0 0
1135 T 3176 1492 827 0 0
1135 T 754 1422 3130 0 0
1135 T 3128 2835 1819 0 0
1135 T 2521 2606 0 1 0
1135 T 2478 3461 2239 0 0
1135 T 2333 3456 2408 0 0
1135 T 1141 1642 3396 0 0
1135 T 3398 2494 2531 0 0
1135 T 2617 2495 3364 0 0
1135 T 3366 1564 1080 0 0
1135 T 2177 2107 3500 0 0
1135 T 3478 2114 2267 0 0
1135 T 787 2367 1903 0 0
1135 T 2678 2978 789 0 0
1135 T 2978 8 2367 0 1
1135 T 712 2920 2592 0 0
1135 T 1981 2437 714 0 0
1135 T 2437 8 2920 0 0
1135 T 3467 847 1544 0 0
1135 T 1546 1302 1621 0 0
1135 T 1619 3016 3469 0 0
1135 T 3469 2962 1697 0 0
1135 T 1474 773 3467 0 0
1135 T 1695 1244 1472 0 0
1135 T 1365 3552 1315 0 0
1135 T 1317 815 3031 0 0
1135 T 3078 741 1363 0 0
1135 T 3033 6 3076 1 0
1135 T 1861 1099 3595 0 0
1135 T 3597 434 2752 0 0
1135 T 2702 434 3627 0 0
1135 T 3629 1162 1935 0 0
1135 T 2114 3017 3332 0 0
1135 T 3334 2244 2116 0 0
1135 T 2117 2338 3327 0 0
1135 T 3329 2959 2107 0 0
1135 T 3044 3291 1676 0 0
1135 T 2805 3293 1860 0 0
1135 T 1602 3298 3090 0 0
1135 T 1938 3296 2800 0 0
1135 T 3454 3061 1487 0 0
1135 T 1489 1351 1559 0 0
1135 T 1561 1130 3452 0 0
1135 T 3453 1188 1635 0 0
1135 T 1418 3103 3451 0 0
1135 T 1637 1401 1416 0 0
1135 T 1561 3583 1636 0 0
1135 T 1189 3585 1128 0 0
1135 T 1267 1563 2401 0 0
1135 T 2399 3545 670 0 0
1135 T 3545 1565 2042 0 0
1135 T 603 3540 2469 0 0
1135 T 2467 1641 1214 0 0
1135 T 2035 1639 3540 0 0
1135 T 558 3614 2292 0 0
1135 T 2391 1327 3614 0 0
1135 T 2202 3644 551 0 0
1135 T 3644 1377 2461 0 0
1135 T 3138 2164 3183 0 0
1135 T 2565 285 3000 0 0
1135 T 3002 3606 321 0 0
1135 T 3606 283 3407 0 0
1135 T 321 3636 2944 0 0
1135 T 2946 288 2647 0 0
1135 T 3377 290 3636 0 0
1135 T 668 3550 2650 0 0
1135 T 2049 1510 3550 0 0
1135 T 2564 3550 605 0 0
1135 T 3550 1436 2044 0 0
1135 T 2249 3538 1273 0 0
1135 T 3538 2522 881 0 0
1135 T 1216 3531 2339 0 0
1135 T 876 2604 3531 0 0
1135 T 1980 3625 1637 0 0
1135 T 1416 3623 2518 0 0
1135 T 1559 3591 1906 0 0
1135 T 2518 3593 1489 0 0
1135 T 1203 3440 2579 0 0
1135 T 3121 700 3440 0 0
1135 T 2665 3445 1262 0 0
1135 T 3445 637 3167 0 0
1135 T 1241 3425 2546 0 0
1135 T 3136 650 3425 0 0
1135 T 2628 3424 1295 0 0
1135 T 3424 583 3186 0 0
1135 T 2412 423 3648 0 0
1135 T 3650 130 3615 0 0
1135 T 3617 429 2481 0 0
1135 T 2965 2046 2650 0 0
1135 T 2564 2047 3019 0 0
1135 T 1224 3567 1524 0 0
1135 T 1995 2259 3567 1 0
1135 T 1454 3566 1282 0 0
1135 T 3566 2169 1998 0 0
1135 T 118 3100 3055 0 0
1135 T 3057 107 3100 0 0
1135 T 1749 3522 1085 0 0
1135 T 3522 2249 344 0 0
1135 T 1144 3523 1819 0 0
1135 T 349 2339 3523 0 0
1135 T 2169 3580 2260 0 0
1135 T 1706 3582 1776 0 0
1135 T 2953 3517 2116 0 0
1135 T 2117 3491 3007 0 0
1135 T 2953 128 3008 0 0
1135 T 2052 2943 3000 0 0
1135 T 559 732 3632 0 0
1135 T 3634 2592 1423 0 0
1135 T 1497 2678 3600 0 0
1135 T 3602 809 559 0 0
1135 T 2693 3539 1139 0 0
1135 T 2880 3541 1590 0 0
1135 T 1082 3546 2743 0 0
1135 T 1664 3544 2885 0 0
1135 T 3059 1036 3106 0 0
1135 T 2748 3432 1362 0 0
1135 T 3432 647 3403 0 0
1135 T 1311 3429 2698 0 0
1135 T 3373 586 3429 0 0
1135 T 2774 3465 1392 0 0
1135 T 3465 701 3422 0 0
1135 T 1346 3465 2720 0 0
1135 T 3388 636 3465 0 0
1135 T 1849 3227 1707 0 0
1135 T 1114 3229 241 0 0
1135 T 1781 3226 1923 0 0
1135 T 236 3224 1172 0 0
1135 T 2693 2038 3396 0 0
1135 T 3366 2039 2743 0 0
1135 T 2399 2884 3108 0 0
1135 T 3066 2881 2469 0 0
1135 T 136 380 1825 0 0
1135 T 386 1752 140 0 0
1135 T 3510 3676 208 0 0
1135 T 3676 565 2765 0 0
1135 T 2712 567 3705 0 0
1135 T 3703 3485 214 0 0
1135 T 3120 343 3701 0 0
1135 T 3699 2728 28 0 0
1135 T 26 2782 3673 0 0
1135 T 3671 350 3170 0 0
1135 T 2642 3703 1275 0 0
1135 T 1222 3677 2556 0 0
1135 T 1251 2687 57 0 0
1135 T 2635 3682 1253 0 0
1135 T 3682 567 2687 0 0
1135 T 1196 3652 2553 0 0
1135 T 62 2741 1198 0 0
1135 T 2741 566 3652 0 0
1135 T 2638 3702 1271 0 0
1135 T 1218 3672 2552 0 0
1135 T 2639 3695 1290 0 0
1135 T 3695 23 2709 0 0
1135 T 1232 3669 2557 0 0
1135 T 2759 23 3669 -1 0
1135 T 3102 295 2399 0 0
1135 T 2470 293 3055 0 0
1135 T 2806 3350 2752 0 0
1135 T 3597 2483 2804 0 0
1135 T 2801 2417 3627 0 0
1135 T 2702 3351 2799 0 0
1135 T 3670 126 3695 0 0
1135 T 657 3275 1863 0 0
1135 T 1446 213 3275 0 0
1135 T 1941 3274 592 0 0
1135 T 3274 208 1516 0 0
1135 T 1526 2282 3694 0 0
1135 T 3692 2488 1866 0 0
1135 T 1940 2488 3666 0 0
1135 T 3664 2188 1452 0 0
1135 T 2933 865 3681 0 0
1135 T 3651 860 2987 0 0
1135 T 2889 3350 2413 0 0
1135 T 2479 3351 2888 0 0
1135 T 1483 1559 1911 0 0
1135 T 1990 1638 1413 0 0
1135 T 1913 3355 1988 0 0
1135 T 3389 1057 3645 0 0
1135 T 3611 1060 3419 0 0
1135 T 2789 2889 3618 0 0
1135 T 3648 2888 2735 0 0
1135 T 3434 3592 787 0 0
1135 T 2369 1562 3432 0 0
1135 T 3429 1636 2435 0 0
1135 T 714 3626 3427 0 0
1135 T 2735 130 2790 0 0
1135 T 3178 218 3127 0 0
1135 T 112 3587 3620 0 0
1135 T 3622 110 3587 0 0
1135 T 1561 1333 3587 0 0
1135 T 3622 1380 1636 0 0
1135 T 190 278 1723 0 0
1135 T 184 1796 282 0 0
1135 T 3135 3250 3186 0 0
1135 T 3298 3356 3292 0 0
1135 T 3041 3237 3405 0 0
1135 T 3371 3232 3083 0 0
1135 T 716 2435 2784 0 0
1135 T 2786 8 3155 0 0
1135 T 3157 2922 718 0 0
1135 T 791 2976 3203 0 0
1135 T 2734 2369 793 0 0
1135 T 3205 8 2732 0 1
1135 T 3665 3274 2632 0 0
1135 T 2550 3275 3691 0 0
1135 T 866 3788 2911 0 0
1135 T 2913 2970 858 1 0
1135 T 860 2968 3788 0 0
1135 T 1075 2968 2652 0 0
1135 T 2654 3810 2092 0 0
1135 T 3810 2970 1197 0 0
1135 T 3814 2569 2090 0 0
1135 T 1251 2911 3812 0 0
1135 T 2569 2913 1137 0 0
1135 T 1121 3795 1988 0 0
1135 T 2128 2484 3795 0 0
1135 T 1914 3794 1179 0 0
1135 T 3794 2418 2125 0 0
1135 T 3770 2790 2403 0 0
1135 T 1970 2415 3768 0 0
1135 T 3765 2485 1892 0 0
1135 T 2473 2736 3763 0 0
1135 T 3039 3242 3626 0 0
1135 T 3592 3243 3085 0 0
1135 T 1152 1409 3661 0 0
1135 T 3659 360 1840 0 0
1135 T 1770 365 3689 0 0
1135 T 3687 1480 1093 0 0
1135 T 3665 208 3860 0 0
1135 T 3862 1518 2632 0 0
1135 T 2550 1444 3832 0 0
1135 T 3834 213 3691 0 0
1135 T 1494 3786 1419 0 0
1135 T 1745 2030 3866 0 0
1135 T 3864 2618 1077 0 0
1135 T 1136 2532 3838 0 0
1135 T 3836 2023 1815 0 0
1135 T 1485 3577 1359 0 0
1135 T 3577 285 1957 0 0
1135 T 1314 3572 1412 0 0
1135 T 1879 288 3572 0 0
1135 T 3594 3258 3403 0 0
1135 T 3373 3251 3624 0 0
1135 T 2180 3438 2921 0 0
1135 T 2591 3830 2182 0 0
1135 T 3830 713 3438 0 0
1135 T 2272 3856 2677 0 0
1135 T 2975 3438 2274 0 0
1135 T 3438 788 3856 0 0
1135 T 3220 3224 3228 0 0
1135 T 77 2843 1676 0 0
1135 T 2843 122 1382 0 0
1135 T 1602 2842 74 0 0
1135 T 1332 122 2842 0 0
1135 T 699 3804 1544 0 0
1135 T 2088 1820 3804 0 0
1135 T 1474 3801 638 0 0
1135 T 3801 1750 2093 0 0
1135 T 3446 1472 2179 0 0
1135 T 2181 3801 3168 0 0
1135 T 2273 1546 3439 0 0
1135 T 3122 3804 2271 0 0
1135 T 3147 3749 1833 0 0
1135 T 3209 3747 2544 0 0
1135 T 1759 3749 3197 0 0
1135 T 2630 3747 3208 0 0
1135 T 2545 3753 2628 0 0
1135 T 1295 3751 1242 0 0
1135 T 2181 1750 3823 0 0
1135 T 3825 2091 3168 0 0
1135 T 3122 2090 3851 0 0
1135 T 3853 1820 2271 0 0
1135 T 3762 2126 1968 0 0
1135 T 1394 638 3760 0 0
1135 T 1970 1763 1392 0 0
1135 T 3755 1892 2129 0 0
1135 T 701 1346 3757 0 0
1135 T 1892 1344 1835 0 0
1135 T 15 3488 2468 1 0
1135 T 2927 1211 3488 0 0
1135 T 2402 3514 15 0 0
1135 T 3514 1270 2985 0 0
1135 T 1557 3774 1631 0 0
1135 T 1709 130 1780 0 0
1135 T 3886 1451 2915 0 0
1135 T 2917 3565 3164 0 0
1135 T 3166 1279 3884 0 0
1135 T 3881 1225 3116 0 0
1135 T 2973 1525 3879 0 0
1135 T 3118 3568 2971 0 0
1135 T 3049 168 3640 0 0
1135 T 3642 1191 1380 0 0
1135 T 1334 1133 3608 0 0
1135 T 3610 168 3091 0 0
1135 T 206 3726 3076 0 0
1135 T 3033 3743 204 0 0
1135 T 3743 6 3726 1 0
1135 T 3486 710 3881 0 0
1135 T 3884 783 3508 0 0
1135 T 1633 3776 3688 0 0
1135 T 1094 3778 3259 0 0
1135 T 3662 3781 1556 0 0
1135 T 3266 3779 1151 0 0
1135 T 1481 2991 3684 0 0
1135 T 3686 325 1851 0 0
1135 T 1929 325 3656 0 0
1135 T 3658 2937 1408 0 0
1135 T 3878 1555 3027 -1 0
1135 T 3074 1633 3876 0 0
1135 T 3029 3774 3072 0 0
1135 T 3270 3479 3696 0 0
1135 T 3669 3506 3268 0 0
1135 T 1749 3817 2652 0 0
1135 T 2654 2274 1085 0 0
1135 T 2274 3815 3520 0 0
1135 T 1144 2180 2568 0 0
1135 T 2570 3817 1819 0 0
1135 T 3525 3815 2180 0 0
1135 T 3388 3762 2774 0 0
1135 T 2720 3755 3422 0 0
1135 T 1329 3905 3375 0 0
1135 T 3614 1122 3905 0 0
1135 T 3409 3900 1375 0 0
1135 T 3900 1180 3644 0 0
1135 T 2369 1914 3907 0 0
1135 T 3909 1486 3432 0 0
1135 T 3429 1411 3911 0 0
1135 T 3913 1988 2435 0 0
1135 T 3414 167 3719 0 0
1135 T 3721 3641 121 0 0
1135 T 121 3607 3739 0 0
1135 T 3741 167 3380 0 0
1135 T 643 3884 3663 0 0
1135 T 3693 3881 582 0 0
1135 T 2913 3537 3680 0 0
1135 T 2635 3535 3812 0 0
1135 T 3654 3532 2967 0 0
1135 T 3809 3534 2553 0 0
1135 T 2249 3813 3700 0 0
1135 T 3674 3808 2339 0 0
1135 T 1569 3869 561 0 0
1135 T 3869 1814 2991 0 0
1135 T 561 3839 1643 0 0
1135 T 2937 1740 3839 0 0
1135 T 3663 2796 3508 0 0
1135 T 3486 2793 3693 0 0
1135 T 3906 2784 1988 0 0
1135 T 3613 3795 2784 0 0
1135 T 1914 2734 3899 0 0
1135 T 2734 3794 3643 0 0
1135 T 3824 3523 2652 0 0
1135 T 2570 3522 3854 0 0
1135 T 3740 2840 1131 0 0
1135 T 1193 2845 3722 0 0
1135 T 2442 1633 3738 0 0
1135 T 3736 3878 645 0 0
1135 T 580 3875 3718 0 0
1135 T 3716 1556 2372 0 0
1135 T 3790 3537 2934 -1 0
1135 T 2988 3532 3787 0 0
1135 T 2798 3676 3860 0 0
1135 T 3834 3706 2791 0 0
1135 T 704 3472 3155 0 0
1135 T 2786 3069 706 0 0
1135 T 3069 8 3472 0 0
1135 T 779 3023 2732 0 0
1135 T 3205 3498 781 0 0
1135 T 3498 8 3023 0 1
1135 T 3170 3807 3524 0 0
1135 T 3521 3814 3120 0 0
1135 T 2634 3960 2796 0 0
1135 T 3960 3504 1234 0 0
1135 T 3963 2550 2793 0 0
1135 T 1288 3482 3965 0 0
1135 T 3566 3580 3568 0 0
1135 T 2545 1760 3923 0 0
1135 T 3942 1833 2628 0 0
1135 T 3925 172 3940 0 0
1135 T 2697 3572 3912 0 0
1135 T 3910 3577 2747 0 0
1135 T 1596 3971 3417 0 0
1135 T 2749 3973 3215 0 0
1135 T 3383 3978 1674 0 0
1135 T 3214 3976 2695 0 0
1135 T 3023 462 3070 0 0
1135 T 3471 460 3498 0 0
1135 T 3270 3964 2640 0 0
1135 T 3966 3703 1443 0 0
1135 T 3268 2555 3960 -1 0
1135 T 1518 3678 3960 0 0
1135 T 3684 3892 1812 0 0
1135 T 3892 1479 3869 0 0
1135 T 1742 3889 3658 0 0
1135 T 3839 1410 3889 0 0
1135 T 3717 116 3736 0 0
1135 T 1704 3916 2579 0 0
1135 T 3442 3918 1925 0 0
1135 T 2665 3934 1777 0 0
1135 T 1847 3932 3443 0 0
1135 T 112 3715 3736 -1 0
1135 T 3025 3993 639 0 0
1135 T 3993 2734 1057 0 0
1135 T 578 3988 3067 0 0
1135 T 1060 2784 3988 0 0
1135 T 1357 2502 3919 0 0
1135 T 3921 2927 2175 0 0
1135 T 2269 2985 3935 0 0
1135 T 3937 2502 1308 0 0
1135 T 2786 3985 1330 0 0
1135 T 3376 3983 1988 0 0
1135 T 1376 3980 2732 0 0
1135 T 1914 3982 3410 0 0
1135 T 3147 3210 3942 0 0
1135 T 3924 3207 3197 0 0
1135 T 2437 3985 3211 0 0
1135 T 3218 3980 2367 0 0
1135 T 3113 3582 3160 0 0
1135 T 3376 3213 3913 0 0
1135 T 3907 3216 3410 0 0
1135 T 3537 3533 3529 1 0
1135 T 460 456 457 0 0
1135 T 455 3947 3023 0 0
1135 T 3070 3949 456 0 0
1135 T 3936 3888 1267 0 0
1135 T 3888 2268 3513 0 0
1135 T 1214 3893 3922 0 0
1135 T 3487 2178 3893 0 0
1135 T 2933 2990 3530 0 0
1135 T 3388 2126 4022 0 0
1135 T 4020 1970 2774 0 0
1135 T 2720 1892 4006 0 0
1135 T 4004 2127 3422 0 0
1135 T 3909 286 4012 0 0
1135 T 4014 1956 2748 0 0
1135 T 3911 3996 289 0 0
1135 T 3996 2696 1880 0 0
1135 T 3238 3254 3244 0 0
1135 T 3241 3255 3231 0 0
1135 T 874 1602 3728 0 0
1135 T 3730 267 2687 0 0
1135 T 2741 274 3708 0 0
1135 T 3710 1676 867 0 0
1135 T 3025 3769 3392 0 0
1135 T 2771 3767 3991 0 0
1135 T 3362 3764 3067 0 0
1135 T 3990 3766 2721 0 0
1135 T 3917 1066 3932 0 0
1135 T 3218 3603 4012 0 0
1135 T 3998 3637 3211 0 0
1135 T 3636 3976 1879 0 0
1135 T 1957 3973 3606 0 0
1135 T 478 1891 3732 0 0
1135 T 3734 394 2355 0 0
1135 T 2425 387 3712 0 0
1135 T 3714 1969 471 0 0
1135 T 3435 4032 1143 0 0
1135 T 2922 2569 4032 0 0
1135 T 1086 4050 3435 0 0
1135 T 4050 2651 2976 0 0
1135 T 3949 3769 3028 0 0
1135 T 3074 3764 3948 0 0
1135 T 1365 2426 1405 0 0
1135 T 1403 3819 3131 0 0
1135 T 326 3821 2426 0 0
1135 T 1476 2356 1316 0 0
1135 T 3181 3849 1478 0 0
1135 T 2356 3847 326 0 0
1135 T 4050 3895 791 0 0
1135 T 3895 2651 3203 0 0
1135 T 2568 3895 3158 -1 0
1135 T 4031 715 3895 0 0
1135 T 1092 2384 4001 0 0
1135 T 4016 2453 1154 0 0
1135 T 3999 216 4018 0 0
1135 T 3419 3795 3988 0 0
1135 T 3993 3794 3389 0 0
1135 T 829 3780 4016 0 0
1135 T 4002 3777 752 0 0
1135 T 4005 3988 2484 0 0
1135 T 2418 3993 4019 0 0
1135 T 3248 3250 3248 0 0
1135 T 3406 4070 3244 0 0
1135 T 4070 3040 3252 0 0
1135 T 3241 4070 3372 0 0
1135 T 3257 3086 4070 0 0
1135 T 3770 3766 3774 0 0
1135 T 3656 479 3850 0 0
1135 T 3820 479 3686 0 0
1135 T 3786 3780 3776 0 0
1135 T 2442 4088 2371 0 0
1135 T 2173 3954 1475 0 0
1135 T 1211 3952 1814 0 0
1135 T 3958 2266 1405 0 0
1135 T 1269 1741 3956 0 0
1135 T 2171 4027 3134 0 0
1135 T 2502 4029 1629 0 0
1135 T 3180 4045 2265 0 0
1135 T 1552 4043 2502 0 0
1135 T 3102 3846 16 0 0
1135 T 3846 295 3511 0 0
1135 T 16 3872 3056 -1 0
1135 T 3489 294 3872 0 0
1135 T 1840 130 1769 0 0
1135 T 4023 6 4010 0 0
1135 T 3398 4100 1135 0 0
1135 T 4100 2494 3837 0 0
1135 T 1078 4098 3364 0 0
1135 T 3863 2495 4098 0 0
1135 T 4115 2263 3848 0 0
1135 T 1477 4045 4117 0 0
1135 T 4117 4027 1404 0 0
1135 T 3822 2173 4115 0 0
1135 T 3873 107 3844 0 0
1135 T 1848 4063 2179 0 0
1135 T 1474 4065 3933 0 0
1135 T 2273 4062 1926 0 0
1135 T 3915 4060 1544 0 0
1135 T 3920 482 4046 0 0
1135 T 4028 482 3938 0 0
1135 T 3829 3301 4048 -1 0
1135 T 4033 3299 3856 -1 0
1135 T 3921 3952 3684 0 0
1135 T 3658 3957 3935 0 0
1135 T 1135 462 1077 0 0
1135 T 4095 2034 4102 0 0
1135 T 3037 3082 4138 0 0
1135 T 4032 3219 4049 0 0
1135 T 1891 3312 2595 0 0
1135 T 168 3314 1345 0 0
1135 T 2681 3317 1969 0 0
1135 T 1391 3315 168 0 0
1135 T 3631 4137 3602 0 0
1135 T 3600 2380 4153 0 0
1135 T 4160 2449 3633 0 0
1135 T 4151 108 4162 0 0
1135 T 593 3967 655 0 0
1135 T 3829 3858 3222 -1 0
1135 T 677 3316 3719 0 0
1135 T 3741 3313 612 0 0
1135 T 3822 3954 4043 0 0
1135 T 4029 3955 3848 0 0
1135 T 3002 2851 3927 0 0
1135 T 3929 4157 321 0 0
1135 T 4157 2853 3604 0 0
1135 T 321 4147 3943 0 0
1135 T 3945 2851 2944 0 0
1135 T 3638 2853 4147 0 0
1135 T 3917 1621 4163 0 0
1135 T 4165 1696 3932 0 0
1135 T 4066 4058 1707 0 0
1135 T 2180 3227 4058 0 0
1135 T 1781 4040 4059 0 0
1135 T 4040 3226 2274 0 0
1135 T 2177 4073 1479 0 0
1135 T 2208 4071 3009 0 0
1135 T 1410 4076 2267 0 0
1135 T 2951 4078 2302 0 0
1135 T 3488 4073 3869 0 0
1135 T 3839 4076 3514 0 0
1135 T 1300 4165 4062 0 0
1135 T 4063 4164 1246 1 0
1135 T 3829 4184 3228 0 0
1135 T 4184 3858 3226 -1 0
1135 T 2913 4093 779 0 0
1135 T 705 4091 2968 0 0
1135 T 3968 3972 3976 0 0
1135 T 2591 4183 4058 0 0
1135 T 4040 4186 2677 0 0
1135 T 2450 4038 561 0 0
1135 T 4038 291 3867 0 0
1135 T 561 4052 2380 0 0
1135 T 3841 298 4052 0 0
1135 T 3929 4084 819 0 0
1135 T 1594 4086 4155 0 0
1135 T 746 4081 3943 0 0
1135 T 4149 4079 1668 0 0
1135 T 2912 4188 3158 0 0
1135 T 3897 4190 1138 0 0
1135 T 3204 4198 2970 0 0
1135 T 1075 4196 3896 0 0
1135 T 4149 4170 658 0 0
1135 T 4170 4079 2439 0 0
1135 T 591 4167 4155 0 0
1135 T 2373 4086 4167 0 0
1135 T 4103 2967 3496 0 0
1135 T 781 4197 4105 0 0
1135 T 4105 4187 704 0 0
1135 T 3474 2913 4103 0 0
1135 T 734 4161 4036 0 0
1135 T 4054 4151 807 0 0
1135 T 1365 3944 4215 0 0
1135 T 4230 3929 1315 0 0
1135 T 4217 124 4228 0 0
1135 T 3474 4093 4195 0 0
1135 T 4189 4092 3496 0 0
1135 T 1492 4228 4086 0 0
1135 T 4079 4218 1422 0 0
1135 T 4187 462 4198 0 0
1135 T 1494 3780 4171 0 0
1135 T 4173 3778 1419 0 0
1135 T 926 4206 4144 0 0
1135 T 4146 4178 3035 0 0
1135 T 495 4176 4206 0 0
1135 T 4141 4208 919 0 0
1135 T 3081 4175 4139 0 0
1135 T 4208 4177 494 0 0
1135 T 4078 3843 4052 0 0
1135 T 4038 3873 4071 0 0
1135 T 2442 3776 4211 0 0
1135 T 4226 3782 2371 0 0
1135 T 4213 128 4224 0 0
1135 T 4169 1103 4211 0 0
1135 T 3778 1105 4082 0 0
1135 T 4225 1166 4168 0 0
1135 T 4083 1164 3779 0 0
1135 T 4173 1105 4215 0 0
1135 T 4229 1164 4172 0 0
1135 T 593 3604 4200 0 0
1135 T 4202 2847 4191 0 0
1135 T 4193 3637 655 0 0
1135 T 4165 4219 1707 0 0
1135 T 4056 4221 1245 0 0
1135 T 1781 4233 4164 0 0
1135 T 1299 4231 4042 0 0
1135 T 4194 2853 4168 0 0
1135 T 4169 2853 4200 1 0
1135 T 4232 4219 128 0 0
1135 T 1424 4143 4058 0 0
1135 T 3633 4183 4143 0 0
1135 T 4040 4142 1498 0 0
1135 T 4142 4186 3599 0 0
1135 T 4250 2953 3845 0 0
1135 T 4052 2300 4248 0 0
1135 T 4245 2210 4038 0 0
1135 T 3871 3007 4243 0 0
1135 T 2849 2854 2851 0 0
1135 T 1901 4250 4153 0 0
1135 T 4159 4243 1975 0 0
1135 T 2932 4143 4219 0 0
1135 T 4233 4142 2990 0 0
1135 T 2953 1901 4179 0 0
1135 T 4181 1976 3008 0 0
1135 T 4153 4181 3845 -1 0
1135 T 3871 4180 4159 0 0
1135 T 4146 4142 4138 0 0
1135 T 41 3838 4238 0 0
1135 T 4239 3863 39 0 0
1135 T 4236 2031 4241 0 0
1135 T 2357 3560 2523 0 0
1135 T 206 3562 1315 0 0
1135 T 2609 3557 2423 0 0
1135 T 1366 3555 203 0 0
1135 T 3746 3561 818 0 0
1135 T 739 3556 3724 0 0
1135 T 4238 3837 105 0 0
1135 T 3865 4242 104 0 0
1135 T 4097 4241 101 0 0
1135 T 99 4235 4099 0 0
1135 T 90 1195 2739 0 0
1135 T 92 2687 1252 0 0
1135 T 2357 815 4112 0 0
1135 T 4109 742 2423 0 0
1135 T 677 1968 4124 0 0
1135 T 4121 1894 612 0 0
1135 T 4134 1191 1676 0 0
1135 T 1602 1133 4127 0 0
1135 T 4252 4254 4252 0 0
1135 U 54 1 1 0 0
1135 U 30 1 1 0 -1
1135 U 7 1 1 0 0
1135 U 32 2 2 0 0
1135 U 47 2 2 -1 1
1135 U 7 2 2 -1 1
1135 U 50 3 4 0 0
1135 U 1341 3 3 0 0
1135 U 11 4 3 0 0
1135 U 9 4 3 0 0
1135 U 52 3 4 0 0
1135 U 1390 5 5 0 0
1135 U 46 6 5 0 0
1135 U 10 5 6 0 0
1135 U 44 6 5 0 0
1135 U 14 5 6 0 0
1135 U 1163 7 9 -1 0
1135 U 1105 9 7 0 0
1135 U 130 9 9 0 0
1135 U 126 7 7 -1 0
1135 U 41 8 7 0 0
1135 U 39 7 8 -1 0
1135 U 96 10 9 0 0
1135 U 1319 11 13 0 0
1135 U 23 12 11 0 0
1135 U 2641 13 12 0 0
1135 U 56 12 11 0 0
1135 U 569 14 12 0 0
1135 U 2638 14 11 0 0
1135 U 57 13 14 0 0
1135 U 27 14 13 0 0
1135 U 564 15 17 0 0
1135 U 59 16 15 0 0
1135 U 2558 17 16 0 0
1135 U 23 16 15 1 0
1135 U 1369 18 16 0 0
1135 U 2553 18 15 0 0
1135 U 26 17 18 0 0
1135 U 61 18 17 0 0
1135 U 2699 19 21 0 0
1135 U 2494 19 19 0 0
1135 U 1794 21 19 0 0
1135 U 105 20 19 0 0
1135 U 99 19 20 0 0
1135 U 2514 21 21 0 0
1135 U 65 22 21 0 0
1135 U 81 21 22 0 0
1135 U 1719 23 25 0 0
1135 U 2496 23 23 0 0
1135 U 2754 25 23 0 0
1135 U 102 24 23 0 0
1135 U 103 23 24 0 0
1135 U 2508 25 25 0 0
1135 U 83 26 25 0 0
1135 U 63 25 26 0 0
1135 U 715 27 34 0 0
1135 U 230 35 27 0 0
1135 U 2347 34 35 0 0
1135 U 2278 36 27 0 0
1135 U 33 35 36 0 0
1135 U 721 30 27 0 0
1135 U 277 36 30 0 0
1135 U 238 31 27 0 0
1135 U 2311 30 31 0 0
1135 U 2723 31 34 0 0
1135 U 71 30 29 0 0
1135 U 750 35 30 0 0
1135 U 270 33 29 0 0
1135 U 766 33 32 0 0
1135 U 17 32 31 1 0
1135 U 2325 34 32 0 0
1135 U 86 33 34 0 0
1135 U 795 37 40 0 0
1135 U 2185 46 37 0 0
1135 U 279 40 46 0 0
1135 U 234 45 37 0 0
1135 U 35 46 45 0 0
1135 U 793 44 37 0 0
1135 U 2258 45 44 0 0
1135 U 242 41 37 0 0
1135 U 2778 44 41 0 0
1135 U 2222 41 40 0 0
1135 U 274 43 39 0 0
1135 U 840 42 43 0 0
1135 U 825 46 39 0 0
1135 U 70 40 39 0 0
1135 U 2231 41 43 0 0
1135 U 17 42 41 0 0
1135 U 85 44 43 1 0
1135 U 707 47 56 0 0
1135 U 330 57 47 0 0
1135 U 2683 56 57 0 0
1135 U 2626 49 47 0 0
1135 U 737 57 49 0 0
1135 U 713 53 47 0 0
1135 U 388 49 53 0 0
1135 U 338 52 47 0 0
1135 U 2657 53 52 0 0
1135 U 2622 55 47 0 0
1135 U 756 52 55 0 0
1135 U 20 55 56 0 0
1135 U 382 52 49 0 0
1135 U 2661 57 52 0 0
1135 U 741 54 49 0 0
1135 U 3052 52 54 0 0
1135 U 79 54 53 0 0
1135 U 449 58 56 0 0
1135 U 87 54 53 1 0
1135 U 33 57 58 0 0
1135 U 787 59 65 0 0
1135 U 2541 61 59 0 0
1135 U 394 65 61 0 0
1135 U 334 69 59 0 0
1135 U 811 61 69 0 0
1135 U 785 68 59 0 0
1135 U 2602 69 68 0 0
1135 U 2537 67 59 0 0
1135 U 19 68 67 1 0
1135 U 342 64 59 0 0
1135 U 834 67 64 0 0
1135 U 2572 64 65 0 0
1135 U 815 61 66 0 0
1135 U 386 64 61 0 0
1135 U 3097 66 64 0 0
1135 U 2576 64 69 0 0
1135 U 75 65 66 0 0
1135 U 443 68 70 0 0
1135 U 88 65 66 0 0
1135 U 35 70 69 0 0
1135 U 4108 71 76 0 0
1135 U 2610 77 71 0 0
1135 U 3724 76 77 0 0
1135 U 3709 74 71 0 0
1135 U 4133 77 74 0 0
1135 U 89 72 71 0 0
1135 U 2613 74 72 0 0
1135 U 3713 75 71 0 0
1135 U 4124 73 75 0 0
1135 U 80 75 76 0 0
1135 U 77 74 73 0 0
1135 U 3722 78 74 0 0
1135 U 2682 77 75 0 0
1135 U 94 77 78 0 0
1135 U 4112 79 84 0 0
1135 U 3734 83 79 0 0
1135 U 76 84 83 0 0
1135 U 2529 81 79 0 0
1135 U 4122 83 81 0 0
1135 U 91 80 79 0 0
1135 U 3729 81 80 0 0
1135 U 2525 85 79 0 0
1135 U 4127 82 85 0 0
1135 U 3745 85 84 0 0
1135 U 3740 81 85 0 0
1135 U 74 82 81 0 0
1135 U 2595 83 85 0 0
1135 U 93 86 85 0 0
1135 U 2264 87 91 0 0
1135 U 1705 94 87 0 0
1135 U 964 91 94 0 0
1135 U 37 88 87 1 0
1135 U 2261 94 88 0 0
1135 U 1701 101 87 0 0
1135 U 996 93 101 0 0
1135 U 886 97 87 0 0
1135 U 2346 101 97 0 0
1135 U 1741 97 91 0 0
1135 U 2292 89 98 0 0
1135 U 1729 100 89 0 0
1135 U 1059 98 100 0 0
1135 U 902 95 89 0 0
1135 U 2334 100 95 0 0
1135 U 2290 94 89 0 0
1135 U 1754 95 94 0 0
1135 U 1725 91 89 0 0
1135 U 910 92 89 0 0
1135 U 72 91 92 0 0
1135 U 2327 96 101 0 0
1135 U 64 96 95 0 0
1135 U 1029 100 96 0 0
1135 U 1767 99 102 0 0
1135 U 4009 102 97 0 0
1135 U 98 101 102 0 0
1135 U 1771 103 117 0 0
1135 U 2169 109 103 0 0
1135 U 994 117 109 0 0
1135 U 37 104 103 0 0
1135 U 1778 109 104 0 0
1135 U 2173 107 103 0 0
1135 U 970 110 107 0 0
1135 U 890 113 103 0 0
1135 U 1812 107 113 0 0
1135 U 2251 113 117 0 0
1135 U 1796 105 107 0 0
1135 U 2197 110 105 0 0
1135 U 898 111 105 0 0
1135 U 1823 110 111 0 0
1135 U 1802 116 105 0 0
1135 U 2239 111 116 0 0
1135 U 2201 114 105 0 0
1135 U 1057 116 114 0 0
1135 U 906 108 105 0 0
1135 U 70 108 107 0 0
1135 U 2238 117 112 0 0
1135 U 1034 115 111 0 0
1135 U 1842 118 115 0 0
1135 U 65 112 111 0 0
1135 U 4026 118 113 0 0
1135 U 97 118 117 1 0
1135 Q 0 858 0 858 0 0 0 0 0 0
1135 Q 781 6 703 0 -1 0 0 0 0 0
1135 Q 641 127 575 0 0 0 0 0 0 0
1135 Q 0 862 108 864 0 0 0 0 0 0
1135 Q 1065 127 1065 127 0 0 0 0 0 0
1135 Q 545 451 545 451 0 0 0 0 0 0
1135 Q 453 311 453 311 0 0 0 0 0 0
1135 Q 0 1998 406 1996 -1 0 1 0 0 0
1135 Q 0 870 544 872 0 0 0 0 0 0
1135 Q 173 700 303 638 0 0 0 0 0 0
1135 Q 2848 126 2848 126 0 0 0 0 0 0
1135 Q 3527 921 544 923 0 0 0 0 0 0
1135 Q 3552 2054 3552 2054 0 0 0 0 0 0
1135 Q 4204 127 4209 543 0 0 0 0 0 0
1135 Q 128 4254 128 4254 0 0 0 0 0 0
1135 Q 4252 4210 452 4203 0 0 0 0 0 0
1135 Q 4177 4252 4175 3250 0 0 0 0 0 0
1135 Q 4253 95 4254 96 0 0 0 0 0 0
