366 A 5 0 0 -2 0 2
366 A 10 0 5 -2 -5 2
366 A 10 0 5 -3 -5 3
366 A 17 0 0 -7 0 7
366 A 0 1 -121 0 121 0
366 A -2 1 -147 -1 147 1
366 A 2 1 147 -1 -147 1
366 A -5 1 -127 -2 127 2
366 A 5 1 127 -2 -127 2
366 A 20 0 -5 -2 5 2
366 A 20 0 5 -2 -5 2
366 A -7 1 -77 -1 77 1
366 A 7 1 77 -1 -77 1
366 A -12 1 -167 -6 167 6
366 A 12 1 167 -6 -167 6
366 A 25 0 0 -8 0 8
366 A -27 1 -20 -2 20 2
366 A 27 1 20 -2 -20 2
366 A 34 0 17 -7 -17 7
366 A 34 0 17 -10 -17 10
366 A 37 0 0 -18 0 18
366 A 0 2 -121 0 121 0
366 A 0 2 -245 0 245 0
366 A 0 2 -365 0 365 0
366 A -4 2 -217 -2 217 2
366 A 4 2 217 -2 -217 2
366 A -9 2 -95 -2 95 2
366 A 9 2 95 -2 -95 2
366 A -14 2 -77 -1 77 1
366 A 14 2 77 -1 -77 1
366 A -24 2 -199 -6 199 6
366 A 24 2 199 -6 -199 6
366 A 0 4 -121 2 121 -2
366 A 0 4 -245 0 245 0
366 A 0 4 -611 0 611 0
366 A 5 0 0 -1 0 -1
366 A 7 0 0 -2 0 -2
366 A 10 0 5 -1 5 -1
366 A 11 0 0 -2 0 -2
366 A 14 0 7 -5 7 -5
366 A 17 0 0 -6 0 -6
366 A 19 0 0 -2 0 -2
366 A 22 0 11 -9 11 -9
366 A 25 0 0 -6 0 -6
366 A 35 0 0 -9 0 -9
366 A 37 0 0 -3 0 -3
366 A 47 0 0 -22 0 -22
366 A 55 0 0 -9 0 -9
366 A 55 0 0 -24 0 -24
366 A 85 0 0 -6 0 -6
366 A 95 0 0 -21 0 -21
366 A 119 0 0 -40 0 -40
366 A 133 0 0 -40 0 -40
366 A 151 0 0 -19 0 -19
366 A 175 0 0 -44 0 -44
366 A 181 0 0 -90 0 -90
366 A 4 0 -1 -1 -1 1
366 A 5 0 -1 -1 -2 2
366 A 5 0 1 -1 2 2
366 A 6 0 -1 -1 1 -1
366 A 7 0 0 -1 0 3
366 A 7 0 -1 -1 -2 2
366 A 7 0 1 -1 2 2
366 A 7 0 -2 -1 -2 1
366 A 7 0 -3 -1 -1 -2
366 A 7 0 3 -1 1 -2
366 A 7 0 -3 -2 1 -3
366 A 7 0 3 -2 -1 -3
366 A 7 0 -2 -3 2 -3
366 A 7 0 -3 -3 -3 3
366 A 8 0 -1 -1 -1 1
366 A 8 0 -3 -1 -3 1
366 A 8 0 -1 -3 -1 3
366 A 8 0 -3 -3 -3 3
366 A 9 0 -1 -1 4 -4
366 A 9 0 1 -1 -4 -4
366 A 9 0 -2 -1 2 -1
366 A 9 0 -4 -1 1 2
366 A 9 0 4 -1 -1 2
366 A 9 0 -2 -2 2 -2
366 A 9 0 -4 -2 1 4
366 A 9 0 4 -2 -1 4
366 A 9 0 -2 -4 2 -4
366 A 10 0 -1 -1 3 -3
366 A 10 0 1 -1 -3 -3
366 A 11 0 0 -1 0 -4
366 A 11 0 -1 -1 3 -3
366 A 11 0 1 -1 -3 -3
366 A 11 0 -2 -1 5 3
366 A 11 0 2 -1 -5 3
366 A 11 0 -3 -1 3 -1
366 A 11 0 -4 -1 -5 4
366 A 11 0 4 -1 5 4
366 A 11 0 -5 -1 -1 -2
366 A 11 0 5 -1 1 -2
366 A 11 0 -2 -2 -4 4
366 A 11 0 2 -2 4 4
366 A 11 0 -3 -2 -3 2
366 A 11 0 -4 -2 -3 -4
366 A 11 0 4 -2 3 -4
366 A 11 0 -5 -2 4 5
366 A 11 0 5 -2 -4 5
366 A 11 0 0 -3 0 -5
366 A 11 0 -1 -3 2 5
366 A 11 0 1 -3 -2 5
366 A 11 0 -2 -3 -1 -4
366 A 11 0 2 -3 1 -4
366 A 11 0 -4 -3 -4 3
366 A 11 0 -2 -4 3 5
366 A 11 0 2 -4 -3 5
366 A 11 0 -1 -5 -1 5
366 A 11 0 -5 -5 5 -5
366 A 12 0 -1 -1 -5 5
366 A 12 0 1 -1 5 5
366 A 12 0 -5 -1 -1 5
366 A 12 0 5 -1 1 5
366 A 12 0 -5 -2 5 -2
366 A 13 0 0 -1 0 6
366 A 13 0 -1 -1 -4 4
366 A 13 0 1 -1 4 4
366 A 13 0 -2 -1 -4 2
366 A 13 0 2 -1 4 2
366 A 13 0 -3 -1 5 -6
366 A 13 0 3 -1 -5 -6
366 A 13 0 -4 -1 6 5
366 A 13 0 4 -1 -6 5
366 A 13 0 -5 -1 5 -1
366 A 13 0 -6 -1 -6 1
366 A 13 0 0 -2 0 3
366 A 13 0 -1 -2 3 -6
366 A 13 0 1 -2 -3 -6
366 A 13 0 -2 -2 -2 2
366 A 13 0 -3 -2 4 6
366 A 13 0 3 -2 -4 6
366 A 13 0 -5 -2 -3 -4
366 A 13 0 5 -2 3 -4
366 A 13 0 -6 -2 -4 -3
366 A 13 0 6 -2 4 -3
366 A 13 0 -1 -3 -2 6
366 A 13 0 1 -3 2 6
366 A 13 0 -2 -3 6 4
366 A 13 0 2 -3 -6 4
366 A 13 0 -3 -3 3 -3
366 A 13 0 -5 -3 -2 -4
366 A 13 0 5 -3 2 -4
366 A 13 0 -6 -3 3 5
366 A 13 0 6 -3 -3 5
366 A 13 0 0 -4 0 -5
366 A 13 0 -1 -4 2 5
366 A 13 0 1 -4 -2 5
366 A 13 0 -5 -4 1 -6
366 A 13 0 5 -4 -1 -6
366 A 13 0 -1 -5 -1 5
366 A 13 0 -4 -5 4 -5
366 A 13 0 -5 -5 -6 6
366 A 13 0 5 -5 6 6
366 A 14 0 -1 -1 5 -5
366 A 14 0 1 -1 -5 -5
366 A 14 0 -3 -1 -1 5
366 A 14 0 3 -1 1 5
366 A 14 0 -5 -1 -5 1
366 A 14 0 7 -1 7 3
366 A 14 0 -1 -3 3 5
366 A 14 0 1 -3 -3 5
366 A 14 0 -3 -3 -3 3
366 A 14 0 -5 -3 5 -3
366 A 15 0 -1 -1 -2 2
366 A 15 0 1 -1 2 2
366 A 15 0 -4 -1 7 2
366 A 15 0 4 -1 -7 2
366 A 15 0 -5 -1 5 -1
366 A 15 0 -5 -2 5 7
366 A 15 0 5 -2 -5 7
366 A 15 0 -1 -4 -2 -7
366 A 15 0 1 -4 2 -7
366 A 15 0 -4 -4 7 -7
366 A 15 0 4 -4 -7 -7
366 A 15 0 -5 -4 5 -4
366 A 16 0 -1 -1 -1 1
366 A 16 0 -3 -1 5 -7
366 A 16 0 3 -1 -5 -7
366 A 16 0 -5 -1 3 -7
366 A 16 0 5 -1 -3 -7
366 A 16 0 -7 -1 -7 1
366 A 16 0 -1 -3 -1 3
366 A 16 0 -3 -3 5 -5
366 A 16 0 3 -3 -5 -5
366 A 16 0 -5 -3 3 -5
366 A 16 0 5 -3 -3 -5
366 A 16 0 -7 -3 -7 3
366 A 16 0 -1 -5 -1 5
366 A 16 0 -7 -5 -7 5
366 A 16 0 -1 -7 -1 7
366 A 16 0 -7 -7 -7 7
366 A 17 0 0 -1 0 -2
366 A 17 0 -1 -1 -5 5
366 A 17 0 1 -1 5 5
366 A 17 0 -2 -1 8 -4
366 A 17 0 2 -1 -8 -4
366 A 17 0 -3 -1 3 -1
366 A 17 0 -4 -1 -8 2
366 A 17 0 4 -1 8 2
366 A 17 0 -6 -1 -1 3
366 A 17 0 6 -1 1 3
366 A 17 0 -7 -1 1 -5
366 A 17 0 7 -1 -1 -5
366 A 17 0 -8 -1 5 -7
366 A 17 0 8 -1 -5 -7
366 A 17 0 -1 -2 6 5
366 A 17 0 1 -2 -6 5
366 A 17 0 -2 -2 6 -6
366 A 17 0 2 -2 -6 -6
366 A 17 0 -3 -2 8 6
366 A 17 0 3 -2 -8 6
366 A 17 0 -4 -2 4 -2
366 A 17 0 -5 -2 -8 -7
366 A 17 0 5 -2 8 -7
366 A 17 0 -6 -2 -7 8
366 A 17 0 6 -2 7 8
366 A 17 0 0 -3 0 5
366 A 17 0 -3 -3 4 -4
366 A 17 0 3 -3 -4 -4
366 A 17 0 -4 -3 6 4
366 A 17 0 4 -3 -6 4
366 A 17 0 -5 -3 -3 -5
366 A 17 0 5 -3 3 -5
366 A 17 0 -6 -3 -3 -7
366 A 17 0 6 -3 3 -7
366 A 17 0 -7 -3 -4 -8
366 A 17 0 7 -3 4 -8
366 A 17 0 -8 -3 -1 -6
366 A 17 0 8 -3 1 -6
366 A 17 0 0 -4 0 8
366 A 17 0 -1 -4 2 -8
366 A 17 0 1 -4 -2 -8
366 A 17 0 -2 -4 3 -6
366 A 17 0 2 -4 -3 -6
366 A 17 0 -5 -4 -5 4
366 A 17 0 -7 -4 4 5
366 A 17 0 7 -4 -4 5
366 A 17 0 -2 -5 -4 -7
366 A 17 0 2 -5 4 -7
366 A 17 0 -7 -5 -5 6
366 A 17 0 7 -5 5 6
366 A 17 0 -2 -6 -3 -8
366 A 17 0 2 -6 3 -8
366 A 17 0 -7 -6 -7 6
366 A 17 0 -2 -7 -5 -8
366 A 17 0 2 -7 5 -8
366 A 17 0 -6 -7 6 -7
366 A 17 0 -7 -7 -8 8
366 A 17 0 7 -7 8 8
366 A 17 0 -1 -8 -1 8
366 A 18 0 -1 -1 -5 5
366 A 18 0 1 -1 5 5
366 A 18 0 -5 -1 -1 -7
366 A 18 0 5 -1 1 -7
366 A 18 0 -7 -1 7 -1
366 A 18 0 -1 -5 -5 7
366 A 18 0 1 -5 5 7
366 A 18 0 -7 -5 7 -5
366 A 18 0 -7 -7 7 -7
366 A 19 0 0 -1 0 -4
366 A 19 0 -1 -1 -3 3
366 A 19 0 1 -1 3 3
366 A 19 0 -2 -1 -4 2
366 A 19 0 2 -1 4 2
366 A 19 0 -3 -1 7 4
366 A 19 0 3 -1 -7 4
366 A 19 0 -4 -1 2 9
366 A 19 0 4 -1 -2 9
366 A 19 0 -5 -1 -3 -7
366 A 19 0 5 -1 3 -7
366 A 19 0 -6 -1 2 6
366 A 19 0 6 -1 -2 6
366 A 19 0 -7 -1 4 -6
366 A 19 0 7 -1 -4 -6
366 A 19 0 -8 -1 7 -8
366 A 19 0 8 -1 -7 -8
366 A 19 0 -9 -1 -1 -2
366 A 19 0 9 -1 1 -2
366 A 19 0 -2 -2 8 -8
366 A 19 0 2 -2 -8 -8
366 A 19 0 -3 -2 6 -4
366 A 19 0 3 -2 -6 -4
366 A 19 0 -5 -2 -2 -3
366 A 19 0 5 -2 2 -3
366 A 19 0 -6 -2 -6 2
366 A 19 0 -7 -2 -1 3
366 A 19 0 7 -2 1 3
366 A 19 0 -8 -2 1 -5
366 A 19 0 8 -2 -1 -5
366 A 19 0 -9 -2 -8 6
366 A 19 0 9 -2 8 6
366 A 19 0 0 -3 0 5
366 A 19 0 -4 -3 1 4
366 A 19 0 4 -3 -1 4
366 A 19 0 -5 -3 -4 -9
366 A 19 0 5 -3 4 -9
366 A 19 0 -6 -3 5 7
366 A 19 0 6 -3 -5 7
366 A 19 0 -7 -3 -7 3
366 A 19 0 -8 -3 6 -7
366 A 19 0 8 -3 -6 -7
366 A 19 0 -9 -3 -4 -5
366 A 19 0 9 -3 4 -5
366 A 19 0 -2 -4 5 9
366 A 19 0 2 -4 -5 9
366 A 19 0 -3 -4 9 7
366 A 19 0 3 -4 -9 7
366 A 19 0 -4 -4 4 -4
366 A 19 0 -5 -4 -9 -8
366 A 19 0 5 -4 9 -8
366 A 19 0 -8 -4 -1 -9
366 A 19 0 8 -4 1 -9
366 A 19 0 -9 -4 1 8
366 A 19 0 9 -4 -1 8
366 A 19 0 -2 -5 9 6
366 A 19 0 2 -5 -9 6
366 A 19 0 -3 -5 3 -5
366 A 19 0 -5 -5 7 -7
366 A 19 0 5 -5 -7 -7
366 A 19 0 -6 -5 7 -9
366 A 19 0 6 -5 -7 -9
366 A 19 0 -7 -5 -4 -8
366 A 19 0 7 -5 4 -8
366 A 19 0 -8 -5 -8 5
366 A 19 0 -9 -5 -3 8
366 A 19 0 9 -5 3 8
366 A 19 0 0 -6 0 -7
366 A 19 0 -1 -6 2 7
366 A 19 0 1 -6 -2 7
366 A 19 0 -3 -6 -3 6
366 A 19 0 -5 -6 -6 -8
366 A 19 0 5 -6 6 -8
366 A 19 0 -6 -6 9 -9
366 A 19 0 6 -6 -9 -9
366 A 19 0 -7 -6 7 -6
366 A 19 0 -1 -7 -1 7
366 A 19 0 -4 -7 3 9
366 A 19 0 4 -7 -3 9
366 A 19 0 -8 -7 -6 -9
366 A 19 0 8 -7 6 -9
366 A 19 0 0 -8 0 9
366 A 19 0 -2 -8 2 -8
366 A 19 0 -5 -8 8 -9
366 A 19 0 5 -8 -8 -9
366 A 0 1 -23 0 -175 0
366 A 0 1 -25 0 -161 0
366 A 0 1 -29 0 101 0
366 A 0 1 -31 0 -59 0
366 A 0 1 -35 0 -115 0
366 A 0 1 -37 0 -89 0
366 A 0 1 -41 0 125 0
366 A 0 1 -47 0 -109 0
366 A 0 1 -49 0 127 0
366 A 0 1 -55 0 -173 0
366 A 0 1 -79 0 139 0
366 A 0 1 -83 0 -97 0
366 A 0 1 -91 0 181 0
366 A 0 1 -95 0 131 0
366 A 0 1 -119 0 -163 0
366 A 0 1 -137 0 179 0
366 A 0 1 -143 0 -151 0
366 A -1 1 -20 0 -55 0
366 A -1 1 -21 0 35 0
366 A -1 1 -22 0 -50 0
366 A -1 1 -32 0 -172 0
366 A -1 1 -39 0 160 0
366 A -1 1 -48 0 130 0
366 A -1 1 -70 0 -173 0
366 A -1 1 -87 0 135 0
366 A -1 1 -97 0 140 0
366 A -1 1 -112 0 -154 0
366 A -1 1 -114 0 132 0
366 A -1 1 -129 0 -165 0
366 A 1 1 -20 0 -55 0
366 A 1 1 -21 0 35 0
366 A 1 1 -22 0 -50 0
366 A 1 1 -32 0 -172 0
366 A 1 1 -39 0 160 0
366 A 1 1 -48 0 130 0
366 A 1 1 -70 0 -173 0
366 A 1 1 -87 0 135 0
366 A 1 1 -97 0 140 0
366 A 1 1 -112 0 -154 0
366 A 1 1 -114 0 132 0
366 A 1 1 -129 0 -165 0
366 A -2 1 -21 0 139 1
366 A -2 1 -23 0 175 1
366 A -2 1 -27 0 -135 -1
366 A -2 1 -31 0 -177 -1
366 A -2 1 -47 0 63 0
366 A -2 1 -49 0 -149 -1
366 A -2 1 -59 0 69 0
366 A -2 1 -61 0 91 0
366 A -2 1 -71 0 -97 -1
366 A -2 1 -73 0 145 1
366 A -2 1 -77 0 171 1
366 A -2 1 -79 0 89 0
366 A -2 1 -91 -1 -181 -1
366 A -2 1 -95 -1 101 1
366 A -2 1 -111 -1 165 1
366 A -2 1 -129 -1 159 1
366 A -2 1 -131 -1 -151 -1
366 A -2 1 -137 -1 -179 -1
366 A -2 1 -141 -1 -161 -1
366 A 2 1 -21 0 139 -1
366 A 2 1 -23 0 175 -1
366 A 2 1 -27 0 -135 1
366 A 2 1 -31 0 -177 1
366 A 2 1 -47 0 63 0
366 A 2 1 -49 0 -149 1
366 A 2 1 -59 0 69 0
366 A 2 1 -61 0 91 0
366 A 2 1 -71 0 -97 1
366 A 2 1 -73 0 145 -1
366 A 2 1 -77 0 171 -1
366 A 2 1 -79 0 89 0
366 A 2 1 91 -1 181 -1
366 A 2 1 95 -1 -101 1
366 A 2 1 111 -1 -165 1
366 A 2 1 129 -1 -159 1
366 A 2 1 131 -1 151 -1
366 A 2 1 137 -1 179 -1
366 A 2 1 141 -1 161 -1
366 A -3 1 -26 0 98 1
366 A -3 1 -31 0 118 1
366 A -3 1 -32 0 -79 -1
366 A -3 1 -37 0 -149 -1
366 A -3 1 -38 0 -145 -1
366 A -3 1 -41 0 -61 -1
366 A -3 1 -43 0 154 1
366 A -3 1 -49 0 -173 -1
366 A -3 1 -56 0 -151 -1
366 A -3 1 -59 0 86 1
366 A -3 1 -61 0 163 1
366 A -3 1 -62 0 -124 -1
366 A -3 1 -68 -1 -166 -1
366 A -3 1 -70 -1 -110 -1
366 A -3 1 -71 -1 -73 -1
366 A -3 1 -74 -1 -109 -1
366 A -3 1 -80 -1 119 1
366 A -3 1 -101 -1 116 1
366 A -3 1 -115 -1 -140 -1
366 A -3 1 -125 -1 164 1
366 A -3 1 -128 -1 143 1
366 A -3 1 -130 -1 169 1
366 A -3 1 -146 -1 -148 -1
366 A 3 1 -26 0 98 -1
366 A 3 1 -31 0 118 -1
366 A 3 1 -32 0 -79 1
366 A 3 1 -37 0 -149 1
366 A 3 1 -38 0 -145 1
366 A 3 1 -41 0 -61 1
366 A 3 1 -43 0 154 -1
366 A 3 1 -49 0 -173 1
366 A 3 1 -56 0 -151 1
366 A 3 1 -59 0 86 -1
366 A 3 1 -61 0 163 -1
366 A 3 1 -62 0 -124 1
366 A 3 1 68 -1 166 -1
366 A 3 1 70 -1 110 -1
366 A 3 1 71 -1 73 -1
366 A 3 1 74 -1 109 -1
366 A 3 1 80 -1 -119 1
366 A 3 1 101 -1 -116 1
366 A 3 1 115 -1 140 -1
366 A 3 1 125 -1 -164 1
366 A 3 1 128 -1 -143 1
366 A 3 1 130 -1 -169 1
366 A 3 1 146 -1 148 -1
366 A -4 1 -21 0 87 1
366 A -4 1 -23 0 -79 -1
366 A -4 1 -25 0 103 1
366 A -4 1 -27 0 -95 -1
366 A -4 1 -31 0 37 0
366 A -4 1 -33 0 -77 -1
366 A -4 1 -39 0 45 1
366 A -4 1 -47 0 -61 -1
366 A -4 1 -53 -1 -63 -1
366 A -4 1 -57 -1 115 1
366 A -4 1 -59 -1 -93 -1
366 A -4 1 -67 -1 109 1
366 A -4 1 -83 -1 97 1
366 A -4 1 -89 -1 -111 -1
366 A -4 1 -133 -1 137 2
366 A -4 1 -137 -1 -141 -2
366 A -4 1 -139 -1 179 2
366 A -4 1 -151 -2 177 2
366 A -4 1 -159 -2 175 2
366 A -4 1 -167 -2 171 2
366 A 4 1 -21 0 87 -1
366 A 4 1 -23 0 -79 1
366 A 4 1 -25 0 103 -1
366 A 4 1 -27 0 -95 1
366 A 4 1 -31 0 37 0
366 A 4 1 -33 0 -77 1
366 A 4 1 -39 0 45 -1
366 A 4 1 -47 0 -61 1
366 A 4 1 53 -1 63 -1
366 A 4 1 57 -1 -115 1
366 A 4 1 59 -1 93 -1
366 A 4 1 67 -1 -109 1
366 A 4 1 83 -1 -97 1
366 A 4 1 89 -1 111 -1
366 A 4 1 133 -1 -137 2
366 A 4 1 137 -1 141 -2
366 A 4 1 139 -1 -179 2
366 A 4 1 151 -2 -177 2
366 A 4 1 159 -2 -175 2
366 A 4 1 167 -2 -171 2
366 A -5 1 -20 0 166 2
366 A -5 1 -21 0 139 2
366 A -5 1 -22 0 150 2
366 A -5 1 -24 0 -109 -1
366 A -5 1 -37 0 69 1
366 A -5 1 -40 -1 -129 -2
366 A -5 1 -42 -1 -173 -2
366 A -5 1 -48 -1 -54 -1
366 A -5 1 -65 -1 152 2
366 A -5 1 -78 -1 -169 -2
366 A -5 1 -84 -1 -113 -2
366 A -5 1 -86 -1 -111 -1
366 A -5 1 -88 -1 175 2
366 A 5 1 -20 0 166 -2
366 A 5 1 -21 0 139 -2
366 A 5 1 -22 0 150 -2
366 A 5 1 -24 0 -109 1
366 A 5 1 -37 0 69 -1
366 A 5 1 40 -1 129 -2
366 A 5 1 42 -1 173 -2
366 A 5 1 48 -1 54 -1
366 A 5 1 65 -1 -152 2
366 A 5 1 78 -1 169 -2
366 A 5 1 84 -1 113 -2
366 A 5 1 86 -1 111 -1
366 A 5 1 88 -1 -175 2
366 A 20 0 -9 -1 7 -3
366 A 20 0 9 -1 -7 -3
366 A 20 0 -7 -2 -1 6
366 A 20 0 7 -2 1 6
366 A 20 0 -5 -3 -5 3
366 A 20 0 -3 -7 1 -9
366 A 20 0 3 -7 -1 -9
366 A -6 1 -23 0 29 1
366 A -6 1 -25 0 175 3
366 A -6 1 -29 0 -91 -1
366 A -6 1 -35 -1 -43 -1
366 A -6 1 -37 -1 169 3
366 A -6 1 -41 -1 71 1
366 A -6 1 -47 -1 -85 -1
366 A -6 1 -49 -1 -89 -1
366 A -6 1 -55 -1 133 2
366 A -6 1 -59 -1 155 2
366 A -6 1 -79 -1 157 3
366 A -6 1 -91 -2 109 2
366 A -6 1 -95 -2 -127 -2
366 A -6 1 -107 -2 113 2
366 A -6 1 -131 -2 137 2
366 A -6 1 -145 -2 151 3
366 A -6 1 -163 -3 -173 -3
366 A 6 1 -23 0 29 -1
366 A 6 1 -25 0 175 -3
366 A 6 1 -29 0 -91 1
366 A 6 1 35 -1 43 -1
366 A 6 1 37 -1 -169 3
366 A 6 1 41 -1 -71 1
366 A 6 1 47 -1 85 -1
366 A 6 1 49 -1 89 -1
366 A 6 1 55 -1 -133 2
366 A 6 1 59 -1 -155 2
366 A 6 1 79 -1 -157 3
366 A 6 1 91 -2 -109 2
366 A 6 1 95 -2 127 -2
366 A 6 1 107 -2 -113 2
366 A 6 1 131 -2 -137 2
366 A 6 1 145 -2 -151 3
366 A 6 1 163 -3 173 -3
366 A -7 1 -21 0 -72 -1
366 A -7 1 -27 0 109 2
366 A -7 1 -28 0 -142 -3
366 A -7 1 -26 -1 -81 -1
366 A -7 1 -29 -1 175 3
366 A -7 1 -34 -1 74 1
366 A -7 1 -35 -1 147 3
366 A -7 1 -36 -1 -172 -3
366 A -7 1 -47 -1 -132 -2
366 A -7 1 -49 -1 112 2
366 A -7 1 -55 -1 -80 -1
366 A -7 1 -56 -1 98 2
366 A -7 1 -70 -1 -83 -2
366 A -7 1 -79 -1 97 2
366 A -7 1 -80 -2 -160 -3
366 A -7 1 -110 -2 143 3
366 A -7 1 -137 -3 176 3
366 A -7 1 -141 -3 -166 -3
366 A -7 1 -148 -3 173 3
366 A 7 1 -21 0 -72 1
366 A 7 1 -27 0 109 -2
366 A 7 1 -28 0 -142 3
366 A 7 1 26 -1 81 -1
366 A 7 1 29 -1 -175 3
366 A 7 1 34 -1 -74 1
366 A 7 1 35 -1 -147 3
366 A 7 1 36 -1 172 -3
366 A 7 1 47 -1 132 -2
366 A 7 1 49 -1 -112 2
366 A 7 1 55 -1 80 -1
366 A 7 1 56 -1 -98 2
366 A 7 1 70 -1 83 -2
366 A 7 1 79 -1 -97 2
366 A 7 1 80 -2 160 -3
366 A 7 1 110 -2 -143 3
366 A 7 1 137 -3 -176 3
366 A 7 1 141 -3 166 -3
366 A 7 1 148 -3 -173 3
366 A -8 1 -21 0 33 1
366 A -8 1 -23 0 163 3
366 A -8 1 -19 -1 -175 -4
366 A -8 1 -21 -1 73 2
366 A -8 1 -23 -1 95 2
366 A -8 1 -29 -1 77 2
366 A -8 1 -43 -1 -51 -1
366 A -8 1 -45 -1 -65 -1
366 A -8 1 -49 -1 67 2
366 A -8 1 -61 -1 -65 -2
366 A -8 1 -75 -2 -157 -4
366 A -8 1 -87 -2 143 3
366 A -8 1 -103 -2 135 3
366 A -8 1 -111 -2 161 4
366 A -8 1 -115 -2 127 3
366 A -8 1 -129 -3 -139 -3
366 A -8 1 -145 -3 -169 -4
366 A -8 1 -165 -4 171 4
366 A 8 1 -21 0 33 -1
366 A 8 1 -23 0 163 -3
366 A 8 1 19 -1 175 -4
366 A 8 1 21 -1 -73 2
366 A 8 1 23 -1 -95 2
366 A 8 1 29 -1 -77 2
366 A 8 1 43 -1 51 -1
366 A 8 1 45 -1 65 -1
366 A 8 1 49 -1 -67 2
366 A 8 1 61 -1 65 -2
366 A 8 1 75 -2 157 -4
366 A 8 1 87 -2 -143 3
366 A 8 1 103 -2 -135 3
366 A 8 1 111 -2 -161 4
366 A 8 1 115 -2 -127 3
366 A 8 1 129 -3 139 -3
366 A 8 1 145 -3 169 -4
366 A 8 1 165 -4 -171 4
366 A 21 0 -10 -1 -8 5
366 A 21 0 10 -1 8 5
366 A 21 0 -1 -2 4 -8
366 A 21 0 1 -2 -4 -8
366 A 21 0 -4 -2 -8 4
366 A 21 0 4 -2 8 4
366 A 21 0 -7 -2 7 -2
366 A 21 0 -8 -2 -10 -8
366 A 21 0 8 -2 10 -8
366 A 21 0 -2 -4 2 -4
366 A 21 0 -5 -4 5 -4
366 A 21 0 -10 -4 4 -10
366 A 21 0 10 -4 -4 -10
366 A 21 0 -2 -5 -1 -8
366 A 21 0 2 -5 1 -8
366 A 21 0 -7 -5 7 -5
366 A 21 0 -10 -5 1 10
366 A 21 0 10 -5 -1 10
366 A 21 0 -2 -10 2 -10
366 A 21 0 -5 -10 5 -10
366 A -9 1 -22 0 52 1
366 A -9 1 -23 0 -109 -3
366 A -9 1 -16 -1 -116 -3
366 A -9 1 -20 -1 149 4
366 A -9 1 -22 -1 -146 -3
366 A -9 1 -29 -1 164 4
366 A -9 1 -34 -1 43 1
366 A -9 1 -40 -1 64 1
366 A -9 1 -49 -1 -104 -3
366 A -9 1 -50 -1 161 4
366 A -9 1 -61 -1 -65 -2
366 A -9 1 -62 -1 143 3
366 A -9 1 -58 -2 82 2
366 A -9 1 -59 -2 173 4
366 A -9 1 -67 -2 115 3
366 A -9 1 -79 -2 88 2
366 A -9 1 -80 -2 -151 -4
366 A -9 1 -83 -2 -172 -4
366 A -9 1 -89 -2 152 4
366 A -9 1 -100 -2 -98 -3
366 A -9 1 -106 -2 -128 -3
366 A -9 1 -130 -3 169 4
366 A -9 1 -134 -3 -175 -4
366 A -9 1 -139 -4 -176 -4
366 A 9 1 -22 0 52 -1
366 A 9 1 -23 0 -109 3
366 A 9 1 16 -1 116 -3
366 A 9 1 20 -1 -149 4
366 A 9 1 22 -1 146 -3
366 A 9 1 29 -1 -164 4
366 A 9 1 34 -1 -43 1
366 A 9 1 40 -1 -64 1
366 A 9 1 49 -1 104 -3
366 A 9 1 50 -1 -161 4
366 A 9 1 61 -1 65 -2
366 A 9 1 62 -1 -143 3
366 A 9 1 58 -2 -82 2
366 A 9 1 59 -2 -173 4
366 A 9 1 67 -2 -115 3
366 A 9 1 79 -2 -88 2
366 A 9 1 80 -2 151 -4
366 A 9 1 83 -2 172 -4
366 A 9 1 89 -2 -152 4
366 A 9 1 100 -2 98 -3
366 A 9 1 106 -2 128 -3
366 A 9 1 130 -3 -169 4
366 A 9 1 134 -3 175 -4
366 A 9 1 139 -4 176 -4
366 A -10 1 -23 0 -61 -2
366 A -10 1 -15 -1 -165 -4
366 A -10 1 -17 -1 -59 -1
366 A -10 1 -27 -1 53 1
366 A -10 1 -35 -1 115 3
366 A -10 1 -47 -1 109 3
366 A -10 1 -51 -1 151 4
366 A -10 1 -53 -2 63 2
366 A -10 1 -55 -2 67 2
366 A -10 1 -79 -2 153 4
366 A -10 1 -81 -2 -163 -4
366 A -10 1 -91 -3 -141 -4
366 A -10 1 -99 -3 -137 -4
366 A -10 1 -111 -3 155 4
366 A -10 1 -133 -3 173 5
366 A -10 1 -125 -4 169 4
366 A -10 1 -127 -4 -133 -4
366 A 10 1 -23 0 -61 2
366 A 10 1 15 -1 165 -4
366 A 10 1 17 -1 59 -1
366 A 10 1 27 -1 -53 1
366 A 10 1 35 -1 -115 3
366 A 10 1 47 -1 -109 3
366 A 10 1 51 -1 -151 4
366 A 10 1 53 -2 -63 2
366 A 10 1 55 -2 -67 2
366 A 10 1 79 -2 -153 4
366 A 10 1 81 -2 163 -4
366 A 10 1 91 -3 141 -4
366 A 10 1 99 -3 137 -4
366 A 10 1 111 -3 -155 4
366 A 10 1 133 -3 -173 5
366 A 10 1 125 -4 -169 4
366 A 10 1 127 -4 133 -4
366 A 22 0 11 -1 11 7
366 A 22 0 -1 -3 -9 5
366 A 22 0 1 -3 9 5
366 A 22 0 -9 -3 1 7
366 A 22 0 9 -3 -1 7
366 A 22 0 11 -3 11 -5
366 A 22 0 -1 -5 -1 5
366 A 22 0 -7 -5 -5 -9
366 A 22 0 7 -5 5 -9
366 A 22 0 -3 -7 7 -9
366 A 22 0 3 -7 -7 -9
366 A 22 0 -3 -9 -3 9
366 A -11 1 -12 -1 -94 -3
366 A -11 1 -13 -1 -109 -3
366 A -11 1 -14 -1 28 1
366 A -11 1 -25 -1 175 5
366 A -11 1 -31 -1 47 1
366 A -11 1 -35 -1 136 4
366 A -11 1 -53 -1 -131 -4
366 A -11 1 -55 -1 159 5
366 A -11 1 -63 -2 157 5
366 A -11 1 -80 -2 -115 -3
366 A -11 1 -84 -2 126 4
366 A -11 1 -78 -3 -103 -3
366 A -11 1 -98 -3 -127 -4
366 A -11 1 -111 -3 -142 -4
366 A -11 1 -120 -3 171 5
366 A -11 1 -146 -4 168 5
366 A 11 1 12 -1 94 -3
366 A 11 1 13 -1 109 -3
366 A 11 1 14 -1 -28 1
366 A 11 1 25 -1 -175 5
366 A 11 1 31 -1 -47 1
366 A 11 1 35 -1 -136 4
366 A 11 1 53 -1 131 -4
366 A 11 1 55 -1 -159 5
366 A 11 1 63 -2 -157 5
366 A 11 1 80 -2 115 -3
366 A 11 1 84 -2 -126 4
366 A 11 1 78 -3 103 -3
366 A 11 1 98 -3 127 -4
366 A 11 1 111 -3 142 -4
366 A 11 1 120 -3 -171 5
366 A 11 1 146 -4 -168 5
366 A -12 1 -17 -1 -151 -5
366 A -12 1 -19 -1 133 4
366 A -12 1 -29 -1 -139 -5
366 A -12 1 -37 -1 169 5
366 A -12 1 -41 -1 53 2
366 A -12 1 -47 -1 -85 -3
366 A -12 1 -49 -1 -149 -5
366 A -12 1 -43 -2 -101 -3
366 A -12 1 -65 -2 101 4
366 A -12 1 -67 -2 169 6
366 A -12 1 -71 -3 107 3
366 A -12 1 -103 -4 -131 -4
366 A 12 1 17 -1 151 -5
366 A 12 1 19 -1 -133 4
366 A 12 1 29 -1 139 -5
366 A 12 1 37 -1 -169 5
366 A 12 1 41 -1 -53 2
366 A 12 1 47 -1 85 -3
366 A 12 1 49 -1 149 -5
366 A 12 1 43 -2 101 -3
366 A 12 1 65 -2 -101 4
366 A 12 1 67 -2 -169 6
366 A 12 1 71 -3 -107 3
366 A 12 1 103 -4 131 -4
366 A 23 0 0 -2 0 6
366 A 23 0 -1 -2 -10 -3
366 A 23 0 1 -2 10 -3
366 A 23 0 -3 -2 3 -2
366 A 23 0 -4 -2 -11 -6
366 A 23 0 4 -2 11 -6
366 A 23 0 -5 -2 3 8
366 A 23 0 5 -2 -3 8
366 A 23 0 0 -3 0 4
366 A 23 0 -1 -3 4 11
366 A 23 0 1 -3 -4 11
366 A 23 0 -4 -3 -2 -10
366 A 23 0 4 -3 2 -10
366 A 23 0 -5 -3 4 -7
366 A 23 0 5 -3 -4 -7
366 A 23 0 -6 -3 8 -4
366 A 23 0 6 -3 -8 -4
366 A 23 0 -7 -3 -2 -9
366 A 23 0 7 -3 2 -9
366 A 23 0 -11 -3 1 6
366 A 23 0 11 -3 -1 6
366 A 23 0 -1 -4 -3 -11
366 A 23 0 1 -4 3 -11
366 A 23 0 -7 -4 -5 -7
366 A 23 0 7 -4 5 -7
366 A 23 0 -9 -4 3 -9
366 A 23 0 9 -4 -3 -9
366 A 23 0 -10 -4 -10 4
366 A 23 0 -11 -4 4 9
366 A 23 0 11 -4 -4 9
366 A 23 0 0 -5 0 7
366 A 23 0 -7 -5 -7 5
366 A 23 0 -10 -5 -9 -7
366 A 23 0 10 -5 9 -7
366 A 23 0 -11 -5 -6 9
366 A 23 0 11 -5 6 9
366 A 23 0 -2 -6 2 -6
366 A 23 0 -9 -6 1 7
366 A 23 0 9 -6 -1 7
366 A 23 0 -10 -6 2 8
366 A 23 0 10 -6 -2 8
366 A 23 0 -2 -7 -1 -8
366 A 23 0 2 -7 1 -8
366 A 23 0 -8 -7 -7 9
366 A 23 0 8 -7 7 9
366 A 23 0 0 -8 0 -10
366 A 23 0 -5 -9 5 -9
366 A -13 1 -13 -1 -105 -3
366 A -13 1 -14 -1 153 5
366 A -13 1 -16 -1 -114 -4
366 A -13 1 -23 -1 -65 -3
366 A -13 1 -24 -1 123 5
366 A -13 1 -30 -1 73 3
366 A -13 1 -39 -1 -46 -2
366 A -13 1 -44 -1 -83 -3
366 A -13 1 -36 -2 155 6
366 A -13 1 -38 -2 144 5
366 A -13 1 -55 -2 173 6
366 A -13 1 -73 -2 176 6
366 A -13 1 -64 -3 122 5
366 A -13 1 -72 -3 163 6
366 A -13 1 -77 -3 161 5
366 A -13 1 -88 -3 133 5
366 A -13 1 -89 -3 -111 -4
366 A -13 1 -103 -3 -110 -4
366 A -13 1 -106 -4 -128 -5
366 A -13 1 -107 -4 171 6
366 A -13 1 -127 -5 170 6
366 A 13 1 13 -1 105 -3
366 A 13 1 14 -1 -153 5
366 A 13 1 16 -1 114 -4
366 A 13 1 23 -1 65 -3
366 A 13 1 24 -1 -123 5
366 A 13 1 30 -1 -73 3
366 A 13 1 39 -1 46 -2
366 A 13 1 44 -1 83 -3
366 A 13 1 36 -2 -155 6
366 A 13 1 38 -2 -144 5
366 A 13 1 55 -2 -173 6
366 A 13 1 73 -2 -176 6
366 A 13 1 64 -3 -122 5
366 A 13 1 72 -3 -163 6
366 A 13 1 77 -3 -161 5
366 A 13 1 88 -3 -133 5
366 A 13 1 89 -3 111 -4
366 A 13 1 103 -3 110 -4
366 A 13 1 106 -4 128 -5
366 A 13 1 107 -4 -171 6
366 A 13 1 127 -5 -170 6
366 A -14 1 -15 -1 -99 -4
366 A -14 1 -25 -1 161 6
366 A -14 1 -27 -1 -149 -6
366 A -14 1 -41 -1 -151 -6
366 A -14 1 -37 -2 91 4
366 A -14 1 -39 -2 95 4
366 A -14 1 -45 -2 49 2
366 A -14 1 -57 -2 -77 -3
366 A -14 1 -69 -2 127 5
366 A -14 1 -101 -4 163 6
366 A -14 1 -111 -4 119 4
366 A -14 1 -143 -5 149 5
366 A -14 1 -163 -7 -169 -7
366 A 14 1 15 -1 99 -4
366 A 14 1 25 -1 -161 6
366 A 14 1 27 -1 149 -6
366 A 14 1 41 -1 151 -6
366 A 14 1 37 -2 -91 4
366 A 14 1 39 -2 -95 4
366 A 14 1 45 -2 -49 2
366 A 14 1 57 -2 77 -3
366 A 14 1 69 -2 -127 5
366 A 14 1 101 -4 -163 6
366 A 14 1 111 -4 -119 4
366 A 14 1 143 -5 -149 5
366 A 14 1 163 -7 169 -7
366 A 24 0 -5 -2 5 -2
366 A 24 0 -7 -2 7 -2
366 A 24 0 -5 -10 5 -10
366 A 24 0 -7 -10 7 -10
366 A -15 1 -17 -1 -172 -7
366 A -15 1 -23 -1 80 4
366 A -15 1 -29 -1 -64 -2
366 A -15 1 -32 -1 -58 -2
366 A -15 1 -41 -1 65 2
366 A -15 1 -41 -2 -178 -7
366 A -15 1 -50 -2 -139 -6
366 A -15 1 -56 -3 98 4
366 A -15 1 -58 -3 151 6
366 A -15 1 -67 -3 -158 -6
366 A -15 1 -83 -3 -127 -6
366 A -15 1 -155 -6 170 7
366 A 15 1 17 -1 172 -7
366 A 15 1 23 -1 -80 4
366 A 15 1 29 -1 64 -2
366 A 15 1 32 -1 58 -2
366 A 15 1 41 -1 -65 2
366 A 15 1 41 -2 178 -7
366 A 15 1 50 -2 139 -6
366 A 15 1 56 -3 -98 4
366 A 15 1 58 -3 -151 6
366 A 15 1 67 -3 158 -6
366 A 15 1 83 -3 127 -6
366 A 15 1 155 -6 -170 7
366 A -16 1 -51 -3 -177 -7
366 A -16 1 -53 -3 -69 -3
366 A -16 1 -81 -3 -87 -3
366 A -16 1 -145 -6 159 7
366 A -16 1 -143 -7 149 7
366 A 16 1 51 -3 177 -7
366 A 16 1 53 -3 69 -3
366 A 16 1 81 -3 87 -3
366 A 16 1 145 -6 -159 7
366 A 16 1 143 -7 -149 7
366 A 25 0 -5 -2 -5 7
366 A 25 0 5 -2 5 7
366 A 25 0 -7 -2 -11 -4
366 A 25 0 7 -2 11 -4
366 A 25 0 -12 -2 -11 6
366 A 25 0 12 -2 11 6
366 A 25 0 0 -3 0 -12
366 A 25 0 -7 -3 -1 4
366 A 25 0 7 -3 1 4
366 A 25 0 -12 -3 -1 -6
366 A 25 0 12 -3 1 -6
366 A 25 0 -10 -4 10 -9
366 A 25 0 10 -4 -10 -9
366 A 25 0 -10 -6 10 -6
366 A 25 0 -8 -7 -4 -9
366 A 25 0 8 -7 4 -9
366 A 25 0 -2 -8 9 -11
366 A 25 0 2 -8 -9 -11
366 A -17 1 -25 -1 44 2
366 A -17 1 -26 -1 -113 -5
366 A -17 1 -27 -1 83 3
366 A -17 1 -36 -1 -105 -4
366 A -17 1 -30 -2 89 5
366 A -17 1 -33 -2 54 2
366 A -17 1 -34 -2 -98 -5
366 A -17 1 -42 -2 96 5
366 A -17 1 -45 -2 114 5
366 A -17 1 -52 -2 -48 -3
366 A -17 1 -82 -3 112 5
366 A -17 1 -68 -4 134 6
366 A -17 1 -91 -5 -158 -8
366 A -17 1 -109 -5 178 8
366 A 17 1 25 -1 -44 2
366 A 17 1 26 -1 113 -5
366 A 17 1 27 -1 -83 3
366 A 17 1 36 -1 105 -4
366 A 17 1 30 -2 -89 5
366 A 17 1 33 -2 -54 2
366 A 17 1 34 -2 98 -5
366 A 17 1 42 -2 -96 5
366 A 17 1 45 -2 -114 5
366 A 17 1 52 -2 48 -3
366 A 17 1 82 -3 -112 5
366 A 17 1 68 -4 -134 6
366 A 17 1 91 -5 158 -8
366 A 17 1 109 -5 -178 8
366 A 26 0 -1 -3 11 -7
366 A 26 0 1 -3 -11 -7
366 A 26 0 -9 -5 9 -5
366 A 26 0 -11 -5 -1 -9
366 A 26 0 11 -5 1 -9
366 A -18 1 -31 -2 49 3
366 A 18 1 31 -2 -49 3
366 A -19 1 -28 -1 -118 -6
366 A -19 1 -32 -2 -59 -4
366 A -19 1 -37 -2 -69 -3
366 A -19 1 -40 -2 -119 -6
366 A -19 1 -56 -2 -59 -3
366 A -19 1 -78 -4 108 5
366 A -19 1 -79 -5 -153 -8
366 A 19 1 28 -1 118 -6
366 A 19 1 32 -2 59 -4
366 A 19 1 37 -2 69 -3
366 A 19 1 40 -2 119 -6
366 A 19 1 56 -2 59 -3
366 A 19 1 78 -4 -108 5
366 A 19 1 79 -5 153 -8
366 A 27 0 -7 -2 7 -2
366 A 27 0 -8 -2 -13 10
366 A 27 0 8 -2 13 10
366 A 27 0 -13 -5 10 -8
366 A 27 0 13 -5 -10 -8
366 A 27 0 -13 -7 1 -13
366 A 27 0 13 -7 -1 -13
366 A 27 0 -11 -8 11 -8
366 A 27 0 -7 -11 7 -11
366 A 27 0 -2 -13 2 -13
366 A -20 1 -71 -3 165 9
366 A 20 1 71 -3 -165 9
366 A 28 0 -9 -3 -5 11
366 A 28 0 9 -3 5 11
366 A 28 0 -1 -9 11 13
366 A 28 0 1 -9 -11 13
366 A -21 1 -23 -1 -34 -1
366 A -21 1 -35 -1 119 6
366 A -21 1 -41 -3 89 5
366 A -21 1 -55 -4 -104 -5
366 A -21 1 -145 -9 -179 -10
366 A 21 1 23 -1 34 -1
366 A 21 1 35 -1 -119 6
366 A 21 1 41 -3 -89 5
366 A 21 1 55 -4 104 -5
366 A 21 1 145 -9 179 -10
366 A 29 0 -4 -2 4 -2
366 A 29 0 -5 -2 -14 -6
366 A 29 0 5 -2 14 -6
366 A 29 0 -12 -2 -8 11
366 A 29 0 12 -2 8 11
366 A 29 0 -13 -2 -5 3
366 A 29 0 13 -2 5 3
366 A 29 0 -6 -3 -7 -11
366 A 29 0 6 -3 7 -11
366 A 29 0 -10 -3 10 -3
366 A 29 0 0 -5 0 -10
366 A 29 0 -1 -5 -9 -13
366 A 29 0 1 -5 9 -13
366 A 29 0 -9 -5 1 -7
366 A 29 0 9 -5 -1 -7
366 A 29 0 -10 -5 -10 5
366 A 29 0 -11 -5 2 7
366 A 29 0 11 -5 -2 7
366 A 29 0 -11 -6 -7 -12
366 A 29 0 11 -6 7 -12
366 A 29 0 -3 -8 3 -8
366 A 29 0 0 -9 0 -12
366 A 29 0 -14 -9 14 -9
366 A 29 0 -1 -10 10 -13
366 A 29 0 1 -10 -10 -13
366 A 29 0 0 -13 0 14
366 A 29 0 -3 -14 -3 14
366 A -22 1 -25 -2 -117 -7
366 A -22 1 -43 -2 -61 -3
366 A -22 1 -49 -4 119 7
366 A -22 1 -61 -4 -119 -6
366 A -22 1 -105 -6 153 10
366 A 22 1 25 -2 117 -7
366 A 22 1 43 -2 61 -3
366 A 22 1 49 -4 -119 7
366 A 22 1 61 -4 119 -6
366 A 22 1 105 -6 -153 10
366 A -23 1 -35 -1 -39 -3
366 A -23 1 -13 -2 -45 -2
366 A -23 1 -16 -2 -125 -9
366 A -23 1 -26 -2 -41 -2
366 A -23 1 -40 -2 120 7
366 A -23 1 -49 -3 172 10
366 A -23 1 -100 -6 106 7
366 A 23 1 35 -1 39 -3
366 A 23 1 13 -2 45 -2
366 A 23 1 16 -2 125 -9
366 A 23 1 26 -2 41 -2
366 A 23 1 40 -2 -120 7
366 A 23 1 49 -3 -172 10
366 A 23 1 100 -6 -106 7
366 A 30 0 -5 -2 5 -8
366 A 30 0 5 -2 -5 -8
366 A 30 0 -13 -2 1 -14
366 A 30 0 13 -2 -1 -14
366 A 30 0 -5 -9 5 -9
366 A -24 1 -113 -7 -103 -8
366 A 24 1 113 -7 103 -8
366 A 31 0 0 -2 0 13
366 A 31 0 -4 -2 15 8
366 A 31 0 4 -2 -15 8
366 A 31 0 -5 -2 5 -2
366 A 31 0 -6 -2 -15 5
366 A 31 0 6 -2 15 5
366 A 31 0 -12 -2 -3 -15
366 A 31 0 12 -2 3 -15
366 A 31 0 -6 -3 10 -5
366 A 31 0 6 -3 -10 -5
366 A 31 0 -7 -3 11 13
366 A 31 0 7 -3 -11 13
366 A 31 0 -9 -3 -10 -7
366 A 31 0 9 -3 10 -7
366 A 31 0 -13 -3 2 -10
366 A 31 0 13 -3 -2 -10
366 A 31 0 -7 -4 -14 8
366 A 31 0 7 -4 14 8
366 A 31 0 -11 -5 -10 13
366 A 31 0 11 -5 10 13
366 A 31 0 -13 -11 13 -11
366 A -25 1 -45 -3 -106 -6
366 A -25 1 -53 -3 -90 -6
366 A -25 1 -59 -3 -118 -8
366 A 25 1 45 -3 106 -6
366 A 25 1 53 -3 90 -6
366 A 25 1 59 -3 118 -8
366 A 32 0 -1 -11 -1 11
366 A -26 1 -27 -1 33 1
366 A -26 1 -41 -3 -125 -9
366 A 26 1 27 -1 -33 1
366 A 26 1 41 -3 125 -9
366 A 33 0 -16 -5 16 -5
366 A 33 0 -16 -8 13 10
366 A 33 0 16 -8 -13 10
366 A 33 0 -14 -10 14 -10
366 A -27 1 -34 -2 31 3
366 A -27 1 -35 -2 -136 -10
366 A -27 1 -32 -3 137 10
366 A -27 1 -52 -5 -176 -13
366 A -27 1 -115 -8 175 13
366 A 27 1 34 -2 -31 3
366 A 27 1 35 -2 136 -10
366 A 27 1 32 -3 -137 10
366 A 27 1 52 -5 176 -13
366 A 27 1 115 -8 -175 13
366 A -29 1 -50 -5 -98 -9
366 A -29 1 -62 -5 124 10
366 A -29 1 -109 -7 153 13
366 A -29 1 -118 -9 152 12
366 A 29 1 50 -5 98 -9
366 A 29 1 62 -5 -124 10
366 A 29 1 109 -7 -153 13
366 A 29 1 118 -9 -152 12
366 A 35 0 -7 -3 14 -6
366 A 35 0 7 -3 -14 -6
366 A 35 0 -17 -3 4 -11
366 A 35 0 17 -3 -4 -11
366 A 35 0 0 -4 0 6
366 A 35 0 -1 -9 -17 13
366 A 35 0 1 -9 17 13
366 A 35 0 -5 -11 5 -11
366 A 35 0 0 -13 0 -17
366 A 36 0 -17 -2 5 10
366 A 36 0 17 -2 -5 10
366 A -31 1 -31 -1 -45 -2
366 A -31 1 -43 -3 74 8
366 A -31 1 -55 -4 -153 -13
366 A -31 1 -65 -6 180 15
366 A -31 1 -93 -8 -130 -12
366 A 31 1 31 -1 45 -2
366 A 31 1 43 -3 -74 8
366 A 31 1 55 -4 153 -13
366 A 31 1 65 -6 -180 15
366 A 31 1 93 -8 130 -12
366 A 37 0 -18 -3 7 5
366 A 37 0 18 -3 -7 5
366 A 37 0 -8 -5 8 -5
366 A 37 0 -13 -6 2 -18
366 A 37 0 13 -6 -2 -18
366 A 37 0 -16 -6 16 -6
366 A 37 0 -17 -9 -10 14
366 A 37 0 17 -9 10 14
366 A -33 1 -43 -3 -179 -16
366 A 33 1 43 -3 179 -16
366 A 0 2 -41 0 125 0
366 A 0 2 -187 1 229 1
366 A -4 2 -73 0 -219 -2
366 A -4 2 -185 -2 -227 -2
366 A 4 2 -73 0 -219 2
366 A 4 2 185 -2 227 -2
366 A -6 2 -49 0 193 2
366 A -6 2 -71 -1 -73 -1
366 A -6 2 -101 0 -343 -2
366 A -6 2 -125 -1 -205 -1
366 A -6 2 -221 -1 -223 -1
366 A 6 2 -49 0 193 -2
366 A 6 2 71 -1 73 -1
366 A 6 2 -101 0 -343 2
366 A 6 2 125 -1 205 -1
366 A 6 2 221 -1 223 -1
366 A 39 0 -8 -4 -1 -19
366 A 39 0 8 -4 1 -19
366 A 39 0 -17 -8 17 -8
366 A 39 0 -1 -10 -2 -19
366 A 39 0 1 -10 2 -19
366 A 39 0 -5 -14 5 -14
366 A -9 2 -46 -1 337 5
366 A 9 2 46 -1 -337 5
366 A -10 2 -193 -3 -319 -5
366 A 10 2 193 -3 319 -5
366 A -35 1 -62 -6 112 9
366 A -35 1 -73 -9 180 17
366 A 35 1 62 -6 -112 9
366 A 35 1 73 -9 -180 17
366 A 41 0 0 -4 0 -17
366 A 41 0 -8 -4 -20 10
366 A 41 0 8 -4 20 10
366 A 41 0 -20 -16 20 -16
366 A -37 1 -29 -4 177 18
366 A 37 1 29 -4 -177 18
366 A 43 0 -16 -7 16 -7
366 A 43 0 0 -18 0 19
366 A 43 0 -21 -18 21 -18
366 A -39 1 -70 -10 94 12
366 A 39 1 70 -10 -94 12
366 A -41 1 -51 -3 36 4
366 A 41 1 51 -3 -36 4
366 A -25 2 -105 -5 190 7
366 A 25 2 105 -5 -190 7
366 A 47 0 -23 -4 -10 14
366 A 47 0 23 -4 10 14
366 A 47 0 0 -8 0 10
366 A 47 0 -9 -14 9 -14
366 A -43 1 -9 -4 -162 -19
366 A 43 1 9 -4 162 -19
366 A 49 0 -24 -4 -17 11
366 A 49 0 24 -4 17 11
366 A 49 0 -16 -11 16 -11
366 A -47 1 -62 -8 -124 -17
366 A 47 1 62 -8 124 -17
366 A 51 0 -13 -19 13 -19
366 A 53 0 -24 -3 24 -3
366 A 53 0 0 -9 0 -20
366 A 53 0 0 -13 0 -22
366 A 53 0 -26 -20 26 -20
366 A 55 0 0 -18 0 23
366 A -53 1 -57 -4 90 13
366 A -53 1 -62 -9 124 20
366 A 53 1 57 -4 -90 13
366 A 53 1 62 -9 -124 20
366 A 57 0 -7 -25 7 -25
366 A 0 3 -185 0 -457 0
366 A -6 3 -89 -2 185 1
366 A 6 3 89 -2 -185 1
366 A -55 1 -3 -5 -120 -18
366 A 55 1 3 -5 120 -18
366 A 59 0 -24 -4 24 -4
366 A 59 0 0 -10 0 29
366 A 59 0 -29 -15 29 -15
366 A 61 0 -1 -15 1 -15
366 A 61 0 -1 -20 1 -20
366 A 61 0 -1 -30 1 -30
366 A 63 0 -16 -4 16 -4
366 A 65 0 0 -11 0 -16
366 A 73 0 -27 -32 27 -32
366 A 77 0 -19 -32 19 -32
366 A 87 0 -25 -31 25 -31
366 A 87 0 -43 -38 43 -38
366 A 93 0 -13 -20 13 -20
366 A 98 0 -33 -11 33 -11
366 A 103 0 -29 -22 29 -22
366 A 113 0 -56 -19 56 -19
366 A 113 0 -19 -47 19 -47
366 A 119 0 -40 -10 40 -10
366 A 141 0 -56 -14 56 -14
366 A 153 0 -38 -19 38 -19
366 A 159 0 -79 -20 79 -20
366 A 167 0 -56 -28 56 -28
366 A 177 0 -88 -44 88 -44
366 S 2 1 5 0
366 S -1 2 5 0
366 S -2 1 5 0
366 S 1 2 5 0
366 S 0 1 6 0
366 S 2 1 10 0
366 S -4 3 10 0
366 S -2 1 10 0
366 S 4 3 10 0
366 S -3 1 15 0
366 S -6 2 15 0
366 S 3 4 15 0
366 S -6 7 15 0
366 S 3 1 15 0
366 S 6 2 15 0
366 S -3 4 15 0
366 S 6 7 15 0
366 S 5 1 17 0
366 S -7 2 17 0
366 S -2 3 17 0
366 S 3 4 17 0
366 S 8 5 17 0
366 S -4 6 17 0
366 S 1 7 17 0
366 S 6 8 17 0
366 S -5 1 17 0
366 S 7 2 17 0
366 S 2 3 17 0
366 S -3 4 17 0
366 S -8 5 17 0
366 S 4 6 17 0
366 S -1 7 17 0
366 S -6 8 17 0
366 T 1241 1237 1245 1 0
366 T 5 3 5 1 0
366 T 461 2490 839 0 0
366 T 453 500 459 0 0
366 T 841 2670 451 0 0
366 T 500 2672 2490 0 0
366 T 456 495 446 0 0
366 T 448 2768 834 0 0
366 T 836 2420 454 0 0
366 T 2420 2766 495 0 0
366 T 1117 1179 1107 0 0
366 T 1109 1381 1726 0 0
366 T 1728 118 1115 0 0
366 T 118 1379 1179 0 0
366 T 1112 118 1635 0 0
366 T 1104 1176 1110 0 0
366 T 1637 1426 1102 0 0
366 T 1176 1428 118 0 0
366 T 445 2260 2723 0 0
366 T 437 473 443 0 0
366 T 2725 643 435 0 0
366 T 473 645 2260 0 0
366 T 440 466 430 0 0
366 T 432 648 2627 0 0
366 T 2629 2334 438 0 0
366 T 2334 646 466 0 0
366 T 1109 289 2723 0 0
366 T 2725 283 2806 0 0
366 T 2808 278 1107 0 0
366 T 278 285 289 0 0
366 T 1104 277 2874 0 0
366 T 2629 290 1102 0 0
366 T 2876 283 2627 0 0
366 T 290 285 277 0 0
366 T 282 2259 787 0 0
366 T 797 1908 284 0 0
366 T 789 850 795 0 0
366 T 1908 852 2259 0 0
366 T 284 1826 790 0 0
366 T 792 849 782 0 0
366 T 784 2337 282 0 0
366 T 2337 847 1826 0 0
366 T 301 333 291 0 0
366 T 293 2771 811 0 0
366 T 813 2433 299 0 0
366 T 2433 2773 333 0 0
366 T 296 2503 806 0 0
366 T 288 326 294 0 0
366 T 808 2677 286 0 0
366 T 326 2675 2503 0 0
366 T 445 788 2806 0 0
366 T 2876 783 438 0 0
366 T 1135 1127 1131 0 0
366 T 1133 1922 127 0 0
366 T 1922 1843 938 1 0
366 T 125 1845 1127 0 0
366 T 649 2196 1826 0 0
366 T 467 847 2196 0 0
366 T 1908 2126 642 0 0
366 T 2126 852 472 0 0
366 T 129 125 77 -1 0
366 T 953 1074 943 0 0
366 T 945 1080 947 0 0
366 T 1233 1279 1239 0 0
366 T 1237 1277 1227 0 0
366 T 821 1775 299 0 0
366 T 813 877 819 0 0
366 T 1775 875 2431 0 0
366 T 296 1685 814 0 0
366 T 816 870 806 0 0
366 T 2505 872 1685 0 0
366 T 1205 1272 1207 0 0
366 T 1209 164 1498 0 0
366 T 1577 158 1203 0 0
366 T 1500 936 1575 0 0
366 T 245 2410 3047 0 0
366 T 237 317 243 0 0
366 T 3049 1249 235 0 0
366 T 317 1247 2410 0 0
366 T 240 318 234 0 0
366 T 236 1249 2983 0 0
366 T 2985 2484 238 0 0
366 T 2484 1247 318 0 0
366 T 405 400 404 0 0
366 T 402 2298 539 0 0
366 T 541 2225 403 0 0
366 T 2225 2300 400 -1 0
366 T 118 1182 2043 0 0
366 T 2045 1264 1426 0 0
366 T 1176 1262 1182 0 0
366 T 1381 1259 1991 0 0
366 T 1993 1189 118 0 0
366 T 1189 1261 1179 0 0
366 T 2053 147 2682 0 0
366 T 2684 142 2966 0 0
366 T 2968 153 2051 0 0
366 T 153 144 147 0 0
366 T 2048 154 3030 0 0
366 T 2589 147 2046 0 0
366 T 3032 141 2587 0 0
366 T 147 139 154 0 0
366 T 993 1671 1998 0 0
366 T 985 1220 991 0 0
366 T 2000 182 983 0 0
366 T 1220 184 1671 0 0
366 T 988 1215 978 0 0
366 T 980 182 1947 0 0
366 T 1949 1765 986 0 0
366 T 1765 184 1215 0 0
366 T 313 337 303 0 0
366 T 305 2073 3010 0 0
366 T 3012 2767 311 0 0
366 T 2767 2071 337 0 0
366 T 308 2673 3074 0 0
366 T 304 337 306 0 0
366 T 3076 2066 302 0 0
366 T 337 2068 2673 0 0
366 T 751 743 747 0 0
366 T 1033 2114 1414 0 0
366 T 1025 1141 1031 0 0
366 T 1416 173 1023 0 0
366 T 1141 171 2114 0 0
366 T 1028 1142 1018 0 0
366 T 1020 173 1367 0 0
366 T 1369 2184 1026 0 0
366 T 2184 171 1142 0 0
366 T 153 79 155 0 0
366 T 157 3073 2935 0 0
366 T 2937 3006 151 0 0
366 T 3006 3071 79 -1 0
366 T 199 191 195 0 0
366 T 197 2477 1031 0 0
366 T 1029 2402 191 0 0
366 T 2402 557 2477 0 0
366 T 245 2895 2519 0 0
366 T 2521 183 3047 0 0
366 T 2412 185 2895 0 0
366 T 2516 2829 238 0 0
366 T 2985 183 2514 0 0
366 T 2829 185 2482 0 0
366 T 313 2356 931 0 0
366 T 933 3023 303 0 0
366 T 335 3025 2356 0 0
366 T 304 3089 926 0 0
366 T 928 2278 306 0 0
366 T 2278 3087 335 0 0
366 T 197 667 1414 0 0
366 T 2475 2114 667 0 0
366 T 1369 667 190 0 0
366 T 667 2184 2405 0 0
366 T 129 2135 1143 0 0
366 T 1145 1141 1137 -1 0
366 T 940 2202 2135 0 0
366 T 2202 125 1141 0 0
366 T 477 506 479 0 0
366 T 481 929 3006 0 0
366 T 3073 931 475 0 0
366 T 841 871 831 0 0
366 T 833 1940 451 0 0
366 T 1940 873 2672 0 0
366 T 448 1858 826 0 0
366 T 828 876 834 0 0
366 T 2766 874 1858 0 0
366 T 209 1831 1059 0 0
366 T 1069 2036 207 0 0
366 T 1061 1163 1067 0 0
366 T 2036 1165 1831 0 0
366 T 204 1982 1062 0 0
366 T 1064 1168 1054 0 0
366 T 1056 1913 202 0 0
366 T 1913 1166 1982 0 0
366 T 481 3080 851 0 0
366 T 473 491 479 0 0
366 T 491 2129 3080 0 0
366 T 476 488 466 0 0
366 T 848 3014 474 0 0
366 T 3014 2195 488 0 0
366 T 157 859 1722 0 0
366 T 1724 805 1814 0 0
366 T 1816 795 155 0 0
366 T 795 803 859 0 0
366 T 152 792 1894 0 0
366 T 1633 856 150 0 0
366 T 1896 798 1631 0 0
366 T 856 800 792 0 0
366 T 137 1161 2327 0 0
366 T 1320 1268 135 0 0
366 T 2329 1151 1318 0 0
366 T 1268 1153 1161 0 0
366 T 1321 1148 2251 0 0
366 T 2253 1154 134 0 0
366 T 1154 1146 1267 0 0
366 T 389 424 379 0 0
366 T 381 1082 2974 0 0
366 T 2976 2505 387 0 0
366 T 2505 1084 424 0 0
366 T 384 2431 3038 0 0
366 T 376 427 382 0 0
366 T 3040 1089 374 0 0
366 T 427 1087 2431 0 0
366 T 1189 2277 1430 0 0
366 T 1432 189 1179 0 0
366 T 1259 187 2277 0 0
366 T 1176 189 1383 0 0
366 T 1385 2351 1182 0 0
366 T 2351 187 1264 0 0
366 T 293 1510 803 0 0
366 T 805 887 811 0 0
366 T 2773 889 1510 0 0
366 T 808 884 798 0 0
366 T 800 1588 286 0 0
366 T 1588 882 2675 0 0
366 T 961 1034 951 0 0
366 T 949 1040 955 0 0
366 T 1065 1244 1067 0 0
366 T 233 728 2610 0 0
366 T 2612 190 3151 0 0
366 T 3153 2416 231 0 0
366 T 2416 192 728 0 0
366 T 197 2488 731 0 0
366 T 733 228 2708 0 0
366 T 2706 3103 195 0 0
366 T 3103 226 2488 0 0
366 T 1197 161 2759 0 0
366 T 2761 2664 605 1 0
366 T 2664 163 1191 0 0
366 T 167 165 161 0 0
366 T 389 580 2790 0 0
366 T 2792 2022 379 0 0
366 T 422 2024 580 0 0
366 T 376 1972 2858 0 0
366 T 2860 583 382 0 0
366 T 583 1970 429 0 0
366 T 533 1683 387 0 0
366 T 2976 872 531 0 0
366 T 384 1777 526 0 0
366 T 528 875 3038 0 0
366 T 593 1861 311 0 0
366 T 3012 875 591 0 0
366 T 308 1939 586 0 0
366 T 588 872 3074 0 0
366 T 575 567 571 0 0
366 T 573 3054 623 0 0
366 T 621 2993 567 0 0
366 T 2993 225 3054 0 0
366 T 2937 215 3055 -1 0
366 T 2992 221 2935 0 0
366 T 221 224 215 0 0
366 T 445 844 1726 0 0
366 T 1728 780 2806 0 0
366 T 786 778 844 0 0
366 T 1637 844 438 0 0
366 T 2876 775 1635 0 0
366 T 844 777 785 0 0
366 T 575 2699 2602 0 0
366 T 2604 392 536 0 0
366 T 392 396 398 1 0
366 T 537 394 2699 0 0
366 T 197 1396 739 0 0
366 T 741 868 731 0 0
366 T 2486 866 1396 0 0
366 T 736 1443 190 0 0
366 T 728 863 734 0 0
366 T 1443 865 2416 0 0
366 T 273 279 263 0 0
366 T 265 1258 2226 0 0
366 T 2228 3177 271 0 0
366 T 3177 1260 279 0 0
366 T 268 3127 2302 0 0
366 T 260 276 266 0 0
366 T 2304 1265 258 0 0
366 T 276 1263 3127 0 0
366 T 453 3020 2035 0 0
366 T 2037 659 459 0 0
366 T 659 3018 498 0 0
366 T 456 659 1983 0 0
366 T 1985 3082 446 0 0
366 T 497 3084 659 0 0
366 T 1379 780 280 0 0
366 T 275 775 1428 0 0
366 T 1736 1767 1730 0 0
366 T 1732 224 1638 0 0
366 T 1644 2 1734 0 0
366 T 1640 1676 1642 0 0
366 T 1708 7 2234 0 0
366 T 1704 1781 1706 0 0
366 T 2236 17 1702 0 0
366 T 1704 124 2230 0 0
366 T 2232 1483 1706 0 0
366 T 1749 1751 1743 0 0
366 T 1745 2270 1482 0 0
366 T 2270 1753 125 0 0
366 T 1613 1689 1615 0 0
366 T 1617 1560 2306 0 0
366 T 2308 127 1611 0 0
366 T 1613 18 2310 0 0
366 T 2312 7 1615 0 0
366 T 1561 2348 1651 0 0
366 T 1653 1661 1655 0 0
366 T 126 1659 2348 0 0
366 T 985 1255 975 0 0
366 T 977 2141 1994 0 0
366 T 1996 333 983 0 0
366 T 333 2139 1255 0 0
366 T 980 326 1943 0 0
366 T 972 1252 978 0 0
366 T 1945 2207 970 0 0
366 T 1252 2209 326 0 0
366 T 174 1371 739 0 0
366 T 749 2320 176 0 0
366 T 741 879 747 0 0
366 T 2320 881 1371 0 0
366 T 176 2242 742 0 0
366 T 744 879 734 0 0
366 T 736 1420 174 0 0
366 T 1420 881 2242 0 0
366 T 2053 431 2686 0 0
366 T 2688 372 2970 0 0
366 T 2972 378 2051 0 0
366 T 378 370 431 0 0
366 T 2048 377 3034 0 0
366 T 2593 436 2046 0 0
366 T 3036 367 2591 0 0
366 T 436 369 377 0 0
366 T 233 2195 2794 0 0
366 T 2521 3016 231 0 0
366 T 2796 486 2519 0 0
366 T 228 3078 2514 0 0
366 T 2516 493 2862 0 0
366 T 2864 2129 226 0 0
366 T 1017 1414 2438 0 0
366 T 1009 1025 1015 0 0
366 T 2440 173 1007 0 0
366 T 1012 1018 1002 0 0
366 T 1004 173 2367 0 0
366 T 2369 1369 1010 0 0
366 T 681 729 671 0 0
366 T 673 2613 1402 0 0
366 T 1404 230 679 0 0
366 T 676 229 1355 0 0
366 T 672 730 674 0 0
366 T 1357 2707 670 0 0
366 T 265 1129 1882 0 0
366 T 1884 1119 2226 0 0
366 T 1260 1121 1129 0 0
366 T 1805 1130 258 0 0
366 T 2304 1124 1803 0 0
366 T 1130 1122 1263 0 0
366 T 1041 420 3155 0 0
366 T 2240 417 1039 0 0
366 T 3157 422 2238 0 0
366 T 417 424 420 0 0
366 T 1036 410 2314 0 0
366 T 2316 429 3107 0 0
366 T 3109 420 1034 0 0
366 T 420 427 410 0 0
366 T 626 2215 715 0 0
366 T 725 2696 628 0 0
366 T 717 855 723 0 0
366 T 2696 857 2215 0 0
366 T 628 2598 718 0 0
366 T 720 860 710 0 0
366 T 712 2292 626 0 0
366 T 2292 858 2598 0 0
366 T 709 268 2142 0 0
366 T 2144 2076 925 -1 0
366 T 82 272 268 0 0
366 T 2076 270 703 0 0
366 T 453 588 1830 0 0
366 T 3018 1164 588 0 0
366 T 1912 591 446 0 0
366 T 591 1167 3084 0 0
366 T 1668 1218 319 0 0
366 T 2485 1212 1666 0 0
366 T 1218 1210 1248 0 0
366 T 316 1217 1758 0 0
366 T 1760 1211 2411 0 0
366 T 1248 1213 1217 0 0
366 T 2224 1155 355 0 0
366 T 1155 1159 1270 1 0
366 T 353 1161 2299 0 0
366 T 1009 1388 2686 0 0
366 T 2688 233 1015 0 0
366 T 233 1386 1023 0 0
366 T 1012 226 2591 0 0
366 T 2593 1435 1002 0 0
366 T 1020 1437 226 0 0
366 T 1017 195 2782 0 0
366 T 2784 667 2438 0 0
366 T 2369 667 2850 0 0
366 T 2852 192 1010 0 0
366 T 689 2104 1406 0 0
366 T 681 849 687 0 0
366 T 1408 143 679 0 0
366 T 849 145 2104 0 0
366 T 684 850 674 0 0
366 T 676 140 1359 0 0
366 T 1361 2170 682 0 0
366 T 2170 138 850 0 0
366 T 1098 1898 435 0 0
366 T 2725 1473 1100 0 0
366 T 1898 1471 645 0 0
366 T 432 1820 1098 0 0
366 T 1100 1546 2627 0 0
366 T 646 1548 1820 0 0
366 T 1117 1430 2727 0 0
366 T 2729 189 1107 0 0
366 T 1104 189 2631 0 0
366 T 2633 1385 1110 0 0
366 T 1109 1092 1100 0 0
366 T 287 1473 1092 0 0
366 T 1100 1095 1102 0 0
366 T 1095 1546 292 0 0
366 T 357 882 2226 0 0
366 T 1884 2814 355 0 0
366 T 2814 1119 882 0 0
366 T 352 2884 1803 0 0
366 T 2304 889 350 0 0
366 T 889 1124 2884 0 0
366 T 681 3015 1522 0 0
366 T 1524 477 687 0 0
366 T 684 478 1447 0 0
366 T 1449 3081 674 0 0
366 T 549 330 2031 0 0
366 T 1125 2772 547 0 0
366 T 2033 2430 1123 0 0
366 T 544 2674 1118 0 0
366 T 1120 2504 1979 0 0
366 T 1981 329 542 0 0
366 T 1009 348 2970 0 0
366 T 1386 372 348 0 0
366 T 3036 343 1002 0 0
366 T 343 367 1437 0 0
366 T 1700 215 2606 0 0
366 T 1696 1757 1698 0 0
366 T 2608 1341 1694 0 0
366 T 1757 1339 215 0 0
366 T 197 1677 1306 0 0
366 T 1308 1645 2614 0 0
366 T 2616 1639 195 0 0
366 T 1736 1309 2712 0 0
366 T 2710 190 1730 0 0
366 T 1769 192 1309 0 0
366 T 218 1609 2704 0 0
366 T 1338 1665 220 0 0
366 T 2702 1603 1340 0 0
366 T 1665 1605 1609 0 0
366 T 1042 1046 1039 0 0
366 T 2240 2160 1044 0 0
366 T 2160 417 1046 0 0
366 T 1044 2090 2314 0 0
366 T 1036 1053 1042 0 0
366 T 1053 410 2090 0 0
366 T 529 2989 567 0 0
366 T 1600 318 527 0 0
366 T 318 3168 2989 0 0
366 T 315 1693 532 0 0
366 T 530 570 3053 0 0
366 T 3051 3118 317 0 0
366 T 1209 1192 1200 0 0
366 T 1198 2663 1498 0 0
366 T 1200 1195 1202 0 0
366 T 1576 2761 1198 0 0
366 T 1089 1124 1079 0 0
366 T 1081 2030 427 0 0
366 T 424 1980 1074 0 0
366 T 1076 1119 1082 0 0
366 T 131 3122 3171 0 0
366 T 3173 158 2994 0 0
366 T 3061 164 3122 0 0
366 T 349 894 1410 0 0
366 T 1412 764 2978 0 0
366 T 2980 754 347 0 0
366 T 754 762 894 0 0
366 T 344 761 3042 0 0
366 T 1365 901 342 0 0
366 T 3044 767 1363 0 0
366 T 901 769 761 0 0
366 T 2885 1513 547 0 0
366 T 544 1587 2815 0 0
366 T 1113 1171 1115 0 0
366 T 1728 2566 1634 0 0
366 T 617 3492 699 0 0
366 T 701 202 1866 0 0
366 T 1868 2818 615 0 0
366 T 2818 204 3492 0 0
366 T 612 2888 1787 0 0
366 T 696 3406 610 0 0
366 T 1789 209 694 0 0
366 T 3406 207 2888 0 0
366 T 2440 2368 925 1 0
366 T 169 172 171 0 0
366 T 2436 246 3374 0 0
366 T 3376 3461 0 1 0
366 T 3461 252 2362 0 0
366 T 252 248 256 -1 0
366 T 1404 2518 1522 0 0
366 T 1449 2517 1355 0 0
366 T 550 3514 1143 0 0
366 T 2185 2821 552 0 0
366 T 2821 170 3514 0 0
366 T 552 2887 2115 0 0
366 T 1140 3432 550 0 0
366 T 3432 170 2887 0 0
366 T 1053 406 3487 0 0
366 T 3489 447 2090 0 0
366 T 412 449 406 0 0
366 T 2160 452 3403 0 0
366 T 3405 409 1046 0 0
366 T 409 450 415 0 0
366 T 345 1144 3394 0 0
366 T 3149 2134 343 0 0
366 T 3396 126 3147 0 0
366 T 346 3478 1141 0 0
366 T 2202 3101 348 0 0
366 T 3101 125 3478 0 0
366 T 1581 334 495 0 0
366 T 2420 2070 1579 0 0
366 T 337 1504 501 0 0
366 T 2066 2493 1504 0 0
366 T 1300 1670 2519 0 0
366 T 2796 654 1298 0 0
366 T 1670 656 488 0 0
366 T 2516 1764 1299 0 0
366 T 1301 654 2862 0 0
366 T 491 656 1764 0 0
366 T 913 2894 1522 0 0
366 T 1404 242 911 0 0
366 T 908 241 1355 0 0
366 T 1449 2828 906 0 0
366 T 749 2839 195 0 0
366 T 193 2908 743 0 0
366 T 2839 84 2908 0 0
366 T 921 504 1998 0 0
366 T 2000 489 3382 0 0
366 T 3384 483 919 0 0
366 T 483 487 504 0 0
366 T 916 484 3466 0 0
366 T 1949 504 914 0 0
366 T 3468 490 1947 0 0
366 T 504 492 484 0 0
366 T 209 2750 2090 0 0
366 T 3489 2939 207 0 0
366 T 2939 447 2750 0 0
366 T 204 2939 3403 0 0
366 T 2160 2656 202 0 0
366 T 2656 452 2939 0 0
366 T 301 2139 3503 0 0
366 T 3505 1257 291 0 0
366 T 288 1250 3419 0 0
366 T 3421 2209 294 0 0
366 T 717 772 707 0 0
366 T 705 770 711 0 0
366 T 1300 1211 235 0 0
366 T 3049 1221 1298 0 0
366 T 1301 1214 2983 0 0
366 T 917 7 1950 0 0
366 T 3141 1348 915 0 0
366 T 1348 13 7 0 0
366 T 694 914 3410 0 0
366 T 3412 6 3163 0 0
366 T 919 2002 7 0 0
366 T 1348 3092 921 0 0
366 T 3117 6 3494 0 0
366 T 3496 921 701 0 0
366 T 2565 485 3523 0 0
366 T 2408 502 2563 0 0
366 T 3525 487 2406 0 0
366 T 2560 502 2478 0 0
366 T 2480 492 3439 0 0
366 T 3441 482 2558 0 0
366 T 233 3000 1031 0 0
366 T 1388 1141 3000 0 0
366 T 1028 3062 226 0 0
366 T 3062 1142 1435 0 0
366 T 1532 2133 531 0 0
366 T 2976 1253 1530 0 0
366 T 2133 1251 870 0 0
366 T 528 2199 1455 0 0
366 T 1457 1254 3038 0 0
366 T 877 1256 2199 0 0
366 T 993 657 3382 0 0
366 T 3468 657 986 0 0
366 T 118 2890 2406 0 0
366 T 3525 3336 120 0 0
366 T 3336 487 2890 0 0
366 T 120 3339 3439 0 0
366 T 2480 2824 118 0 0
366 T 2824 492 3339 0 0
366 T 365 3089 3098 0 0
366 T 1292 302 363 0 0
366 T 3100 928 1290 0 0
366 T 1293 931 3146 0 0
366 T 3148 3023 362 0 0
366 T 381 1090 1530 0 0
366 T 1084 1253 1090 0 0
366 T 1457 1097 374 0 0
366 T 1097 1254 1087 0 0
366 T 921 2480 1862 0 0
366 T 1864 2558 1998 0 0
366 T 1785 2406 914 0 0
366 T 1949 2565 1783 0 0
366 T 2713 360 2614 0 0
366 T 1643 358 1737 0 0
366 T 269 631 1958 0 0
366 T 2012 630 271 0 0
366 T 1960 2544 2010 0 0
366 T 525 1373 563 0 0
366 T 565 2318 3390 0 0
366 T 3392 881 523 0 0
366 T 520 881 3474 0 0
366 T 560 1418 518 0 0
366 T 3476 2244 558 0 0
366 T 2220 2273 2214 0 0
366 T 2216 1752 2447 0 0
366 T 2449 122 2218 0 0
366 T 1708 2499 2238 0 0
366 T 2240 2285 2234 0 0
366 T 6 2283 2499 0 0
366 T 2296 128 2374 0 0
366 T 2292 2346 2294 0 0
366 T 2376 1659 2290 0 0
366 T 2312 2359 2314 0 0
366 T 2316 2429 1615 0 0
366 T 2429 2361 6 0 0
366 T 2938 1910 1326 0 0
366 T 1328 591 2751 0 0
366 T 1329 1832 2938 0 0
366 T 2657 588 1327 0 0
366 T 969 1028 959 0 0
366 T 957 1030 963 0 0
366 T 1189 1281 1195 0 0
366 T 1193 1275 1183 0 0
366 T 178 2803 3163 0 0
366 T 3412 3256 180 0 0
366 T 3256 6 2803 0 0
366 T 178 3115 2871 0 0
366 T 3261 3496 180 0 0
366 T 2873 6 3259 0 0
366 T 409 830 3414 0 0
366 T 3416 1941 415 0 0
366 T 412 1859 3498 0 0
366 T 3500 829 406 0 0
366 T 209 212 203 0 0
366 T 3493 166 3406 0 0
366 T 237 3053 3195 0 0
366 T 3197 3118 243 0 0
366 T 240 3168 3190 0 0
366 T 3192 2987 234 0 0
366 T 621 161 1954 0 0
366 T 3145 1507 619 0 0
366 T 1507 865 161 0 0
366 T 621 2997 703 0 0
366 T 163 2008 625 0 0
366 T 623 707 3060 0 0
366 T 163 867 1584 0 0
366 T 1582 3096 625 0 0
366 T 691 695 699 0 0
366 T 3432 3517 213 -1 0
366 T 1001 1223 991 0 0
366 T 993 2644 2286 0 0
366 T 2288 647 999 0 0
366 T 647 2642 1223 0 0
366 T 996 644 2211 0 0
366 T 988 1223 994 0 0
366 T 2213 2738 986 0 0
366 T 1223 2740 644 0 0
366 T 961 3107 1398 0 0
366 T 1400 420 951 0 0
366 T 948 420 1351 0 0
366 T 1353 3157 954 0 0
366 T 3481 2999 371 0 0
366 T 368 3065 3395 0 0
366 T 2848 1897 2051 0 0
366 T 2968 793 2846 0 0
366 T 2048 1815 2779 0 0
366 T 2781 794 3030 0 0
366 T 549 836 2646 0 0
366 T 1324 2425 547 0 0
366 T 2648 2558 1322 0 0
366 T 2425 2560 836 0 0
366 T 544 2495 1323 0 0
366 T 1325 2565 2742 0 0
366 T 2744 839 542 0 0
366 T 839 2563 2495 0 0
366 T 253 325 243 0 0
366 T 241 324 247 0 0
366 T 255 259 263 0 0
366 T 1394 879 2841 0 0
366 T 2907 879 1445 0 0
366 T 420 1079 3571 0 0
366 T 3573 2030 410 0 0
366 T 416 1981 3622 0 0
366 T 3624 1077 421 0 0
366 T 2565 184 3519 0 0
366 T 3521 2132 839 0 0
366 T 2132 182 2495 0 0
366 T 836 2198 3435 0 0
366 T 3437 184 2558 0 0
366 T 2425 182 2198 0 0
366 T 601 516 1430 0 0
366 T 1189 3645 599 0 0
366 T 3645 2277 516 0 0
366 T 596 3591 1182 0 0
366 T 1385 511 594 0 0
366 T 511 2351 3591 0 0
366 T 517 513 509 -1 0
366 T 3644 1 3591 -1 -1
366 T 157 3578 3055 0 0
366 T 3071 215 3578 0 0
366 T 2993 3632 150 0 0
366 T 3632 220 3009 0 0
366 T 174 2619 731 0 0
366 T 1373 868 2619 0 0
366 T 728 2717 174 0 0
366 T 2717 863 1418 0 0
366 T 603 595 599 0 0
366 T 181 1719 763 0 0
366 T 765 596 3615 0 0
366 T 3617 3121 179 0 0
366 T 178 578 1966 0 0
366 T 2805 883 578 0 0
366 T 178 2018 583 0 0
366 T 585 888 2871 0 0
366 T 181 766 1626 0 0
366 T 3169 3565 179 0 0
366 T 3565 599 766 0 0
366 T 369 3362 3147 0 0
366 T 3062 126 3362 0 0
366 T 370 3099 3359 0 0
366 T 3361 125 3000 0 0
366 T 245 3616 2978 0 0
366 T 1412 597 243 0 0
366 T 240 598 1363 0 0
366 T 3044 3562 238 0 0
366 T 301 1740 652 0 0
366 T 650 2550 3503 0 0
366 T 2141 2552 1740 0 0
366 T 652 1646 294 0 0
366 T 3421 2557 650 0 0
366 T 1646 2555 2207 0 0
366 T 417 328 2106 0 0
366 T 2108 545 3623 0 0
366 T 2176 331 410 0 0
366 T 3573 546 2174 0 0
366 T 3197 180 2978 0 0
366 T 3044 180 3190 0 0
366 T 409 822 1318 0 0
366 T 1320 904 3414 0 0
366 T 832 902 822 0 0
366 T 3500 904 1319 0 0
366 T 825 902 827 0 0
366 T 1125 2776 127 0 0
366 T 2776 1264 1924 0 0
366 T 124 2678 1118 0 0
366 T 1842 1259 2678 0 0
366 T 3521 1250 831 0 0
366 T 828 1257 3435 0 0
366 T 365 496 371 0 0
366 T 496 3089 3358 0 0
366 T 368 499 362 0 0
366 T 3365 3023 499 0 0
366 T 1412 1364 3201 -1 0
366 T 1061 1328 3487 0 0
366 T 1053 1070 1059 0 0
366 T 1070 406 1328 0 0
366 T 1056 1073 1046 0 0
366 T 3405 1327 1054 0 0
366 T 2513 846 2966 0 0
366 T 2684 2103 2511 0 0
366 T 2508 2173 2587 0 0
366 T 3032 853 2506 0 0
366 T 1788 547 3143 0 0
366 T 1965 549 206 0 0
366 T 3161 2649 207 0 0
366 T 545 2016 204 0 0
366 T 1866 3094 543 0 0
366 T 2745 3113 204 0 0
366 T 1408 2461 671 0 0
366 T 727 2459 145 0 0
366 T 672 2387 1359 0 0
366 T 138 2389 732 0 0
366 T 2333 306 415 0 0
366 T 3416 588 2331 0 0
366 T 412 313 2255 0 0
366 T 2257 591 3498 0 0
366 T 1864 3435 983 0 0
366 T 980 3521 1783 0 0
366 T 253 2762 3215 0 0
366 T 3213 2669 247 0 0
366 T 2669 3 2762 0 0
366 T 1548 3502 1087 0 0
366 T 1084 3420 1471 0 0
366 T 10 457 1988 1 0
366 T 3185 2421 11 0 0
366 T 11 2491 3135 0 0
366 T 2038 458 10 0 0
366 T 1001 1227 1007 0 0
366 T 1005 1233 995 0 0
366 T 769 1188 3558 0 0
366 T 3560 121 3159 0 0
366 T 1185 764 3612 0 0
366 T 3610 3111 119 0 0
366 T 1996 313 3542 0 0
366 T 3544 319 983 0 0
366 T 319 311 331 0 0
366 T 980 316 3594 0 0
366 T 3596 306 1943 0 0
366 T 328 308 316 0 0
366 T 2513 785 2846 0 0
366 T 2781 786 2506 0 0
366 T 1744 2061 2232 0 0
366 T 1706 2059 2273 0 0
366 T 2307 2055 1651 0 0
366 T 2346 2057 1616 0 0
366 T 25 1610 2310 0 0
366 T 27 2234 1703 0 0
366 T 2076 354 3139 0 0
366 T 1977 356 272 0 0
366 T 269 2027 351 0 0
366 T 2143 3091 351 0 0
366 T 265 1839 2539 0 0
366 T 2541 2537 2533 -1 0
366 T 84 1918 1839 0 0
366 T 1918 261 2537 0 0
366 T 896 900 890 -1 0
366 T 1864 826 975 0 0
366 T 972 833 1783 0 0
366 T 585 2361 1542 0 0
366 T 1544 2959 2871 0 0
366 T 886 2961 2361 0 0
366 T 1469 2283 578 0 0
366 T 2805 2959 1467 0 0
366 T 2283 2961 885 0 0
366 T 129 894 1422 0 0
366 T 1424 1376 2549 -1 0
366 T 1376 900 123 0 0
366 T 1400 3623 943 0 0
366 T 944 3573 1351 0 0
366 T 145 3132 2327 0 0
366 T 137 160 143 0 0
366 T 160 1161 3132 0 0
366 T 140 163 134 0 0
366 T 2253 3178 138 0 0
366 T 3178 1154 163 0 0
366 T 174 3618 2386 0 0
366 T 2621 141 3618 0 0
366 T 2460 3568 174 0 0
366 T 3568 142 2715 0 0
366 T 445 465 439 0 0
366 T 606 558 1406 0 0
366 T 689 3716 608 0 0
366 T 3716 2104 558 0 0
366 T 608 3666 682 0 0
366 T 1361 565 606 0 0
366 T 565 2170 3666 0 0
366 T 1716 2660 3159 0 0
366 T 3560 1194 1714 0 0
366 T 1194 121 2660 0 0
366 T 1625 1193 3610 0 0
366 T 3113 2754 1623 0 0
366 T 2754 121 1193 0 0
366 T 3365 2354 1502 0 0
366 T 1580 2280 3358 0 0
366 T 1620 2634 203 0 0
366 T 2161 2640 1618 0 0
366 T 2634 2638 2655 0 0
366 T 1710 207 2731 0 0
366 T 2737 2092 1712 0 0
366 T 2733 2750 2735 0 0
366 T 2509 2568 2511 0 0
366 T 2513 118 2962 0 0
366 T 3029 119 2507 0 0
366 T 2964 1173 3027 0 0
366 T 2925 474 3735 0 0
366 T 2248 468 2923 0 0
366 T 3737 488 2246 0 0
366 T 2920 471 2322 0 0
366 T 2324 491 3687 0 0
366 T 3689 481 2918 0 0
366 T 2288 1554 3374 0 0
366 T 2436 2522 2286 0 0
366 T 2522 246 1554 0 0
366 T 2213 2529 2363 0 0
366 T 3460 1481 2211 0 0
366 T 1481 253 2529 0 0
366 T 3237 1509 1418 0 0
366 T 2717 159 3235 0 0
366 T 3232 164 2619 0 0
366 T 1373 1583 3230 0 0
366 T 769 1280 1714 0 0
366 T 1625 1275 762 0 0
366 T 373 1820 3719 0 0
366 T 3721 1100 379 0 0
366 T 376 1100 3671 0 0
366 T 3673 1898 366 0 0
366 T 797 3446 291 0 0
366 T 3446 1908 276 0 0
366 T 288 3532 790 0 0
366 T 279 1826 3532 0 0
366 T 265 3752 2382 0 0
366 T 2384 553 1882 0 0
366 T 1127 551 3752 0 0
366 T 1805 553 2454 0 0
366 T 2456 3702 258 0 0
366 T 3702 551 1132 0 0
366 T 1864 822 3662 0 0
366 T 3664 903 975 0 0
366 T 972 903 3710 0 0
366 T 3712 825 1783 0 0
366 T 2329 1562 3414 0 0
366 T 902 1564 1153 0 0
366 T 1147 1486 903 0 0
366 T 1486 2252 3501 0 0
366 T 1716 2653 207 0 0
366 T 2653 2660 2647 0 0
366 T 2749 1625 204 0 0
366 T 2745 2754 2747 0 0
366 T 2681 2582 2774 0 0
366 T 761 757 753 -1 0
366 T 1548 653 2471 0 0
366 T 2473 2551 1087 0 0
366 T 1084 2556 2399 0 0
366 T 2401 653 1471 0 0
366 T 3568 134 3235 0 0
366 T 3232 137 3618 0 0
366 T 2329 2339 2331 0 0
366 T 2339 1562 586 0 0
366 T 2257 2265 2251 0 0
366 T 2265 591 1487 0 0
366 T 525 1583 3546 0 0
366 T 3548 3232 563 0 0
366 T 560 3235 3598 0 0
366 T 3600 1509 518 0 0
366 T 3544 1666 991 0 0
366 T 988 1760 3594 0 0
366 T 3750 212 3705 0 0
366 T 721 893 723 0 0
366 T 725 2957 2594 0 0
366 T 2693 2951 719 0 0
366 T 2596 4 2691 0 0
366 T 641 1235 1422 0 0
366 T 1424 1277 3698 0 0
366 T 3700 1229 639 0 0
366 T 636 1230 3746 0 0
366 T 1377 1240 634 0 0
366 T 3748 1278 1375 0 0
366 T 573 154 1870 0 0
366 T 1872 3579 623 0 0
366 T 620 3633 1791 0 0
366 T 1793 153 566 0 0
366 T 3237 2345 2098 0 0
366 T 2100 215 2719 0 0
366 T 2721 662 3235 0 0
366 T 662 217 2345 0 0
366 T 3232 662 2623 0 0
366 T 2168 2267 3230 0 0
366 T 2625 220 2166 0 0
366 T 2267 218 662 0 0
366 T 809 2501 3287 0 0
366 T 3289 7 3743 0 0
366 T 3745 2283 807 0 0
366 T 3291 3694 7 0 0
366 T 2428 813 3293 0 0
366 T 3694 811 2358 0 0
366 T 1288 2625 563 0 0
366 T 3548 662 1286 0 0
366 T 560 2719 1287 0 0
366 T 1289 662 3598 0 0
366 T 2662 2191 2763 0 0
366 T 2668 2124 2761 0 0
366 T 969 1150 975 0 0
366 T 3664 1565 967 0 0
366 T 972 1149 962 0 0
366 T 964 1486 3710 0 0
366 T 1512 861 3448 0 0
366 T 3530 854 1586 0 0
366 T 481 1519 219 0 0
366 T 1519 929 3633 0 0
366 T 216 1597 474 0 0
366 T 3579 930 1597 0 0
366 T 3721 1107 1530 0 0
366 T 1457 1104 3671 0 0
366 T 1316 1770 3686 0 0
366 T 2325 3354 1314 0 0
366 T 3354 490 1770 0 0
366 T 3351 2249 1317 0 0
366 T 1315 3734 1678 0 0
366 T 1680 489 3353 0 0
366 T 2644 2954 127 0 0
366 T 125 2952 2739 0 0
366 T 129 3794 3698 0 0
366 T 896 1277 3794 0 0
366 T 3748 3776 122 0 0
366 T 3776 1278 899 0 0
366 T 761 3774 1714 0 0
366 T 1625 3796 754 0 0
366 T 137 3772 3735 0 0
366 T 2925 2342 135 0 0
366 T 2342 474 3772 0 0
366 T 136 2268 2918 0 0
366 T 3689 3790 134 0 0
366 T 3790 481 2268 0 0
366 T 1117 599 3758 0 0
366 T 3760 516 2727 0 0
366 T 2633 511 3778 0 0
366 T 3780 596 1110 0 0
366 T 3217 2070 2606 0 0
366 T 1700 3002 3215 0 0
366 T 3002 215 2070 0 0
366 T 3212 3068 1607 0 0
366 T 2704 2069 3210 0 0
366 T 2069 220 3068 0 0
366 T 709 3270 2146 0 0
366 T 2148 1937 623 0 0
366 T 1937 3272 3060 0 0
366 T 620 1855 2079 0 0
366 T 2081 3277 702 0 0
366 T 2994 3275 1855 0 0
366 T 1624 3701 2163 0 0
366 T 2165 126 755 0 0
366 T 2095 758 123 0 0
366 T 3749 1717 2097 0 0
366 T 2780 133 2846 0 0
366 T 749 2902 3682 0 0
366 T 3684 3224 176 0 0
366 T 3224 2904 2318 0 0
366 T 176 3227 3730 0 0
366 T 3732 2836 742 0 0
366 T 2244 2834 3227 0 0
366 T 805 2960 3694 0 0
366 T 3744 2960 798 0 0
366 T 2333 314 2106 0 0
366 T 2176 321 2255 0 0
366 T 3132 934 3179 0 0
366 T 3294 814 3627 0 0
366 T 2640 808 3296 0 0
366 T 3629 870 2638 0 0
366 T 3296 811 2734 0 0
366 T 2736 877 3575 0 0
366 T 3577 821 3294 0 0
366 T 573 3266 1874 0 0
366 T 1876 1334 531 0 0
366 T 1334 3268 3052 0 0
366 T 528 1337 1795 0 0
366 T 1797 3265 566 0 0
366 T 2986 3263 1337 0 0
366 T 689 2571 1526 0 0
366 T 1528 1285 608 0 0
366 T 1285 2573 3714 0 0
366 T 608 1282 1451 0 0
366 T 1453 2576 682 0 0
366 T 3668 2574 1282 0 0
366 T 663 3792 1521 0 0
366 T 1595 3770 663 0 0
366 T 2848 3279 2686 0 0
366 T 433 3281 1895 0 0
366 T 2593 3284 2779 0 0
366 T 1817 3282 434 0 0
366 T 1198 2190 3347 0 0
366 T 3349 2764 1498 0 0
366 T 3344 2124 1198 0 0
366 T 1576 2666 3342 0 0
366 T 2917 1165 3027 0 0
366 T 2964 1167 2915 0 0
366 T 1167 1173 1165 0 0
366 T 2733 1327 3739 0 0
366 T 3741 590 2735 0 0
366 T 1326 2637 3693 0 0
366 T 3691 2639 587 0 0
366 T 2473 2400 133 1 0
366 T 2583 2557 2553 0 0
366 T 3568 2922 2098 0 0
366 T 2168 2921 3618 0 0
366 T 2792 146 3723 0 0
366 T 3725 2064 379 0 0
366 T 2064 148 2024 0 0
366 T 376 2064 3675 0 0
366 T 3677 146 2858 0 0
366 T 1970 148 2064 0 0
366 T 691 683 687 0 0
366 T 3849 280 2810 0 0
366 T 1820 1391 3847 0 0
366 T 2812 638 1818 0 0
366 T 1391 640 280 0 0
366 T 3844 1440 1898 0 0
366 T 1900 637 2878 0 0
366 T 2880 275 3842 0 0
366 T 275 635 1440 0 0
366 T 273 2813 3727 0 0
366 T 3729 3846 263 0 0
366 T 260 3845 3679 0 0
366 T 3681 2879 266 0 0
366 T 373 1391 523 0 0
366 T 525 3849 3719 0 0
366 T 520 1440 366 0 0
366 T 3673 3842 518 0 0
366 T 1739 1478 3920 0 0
366 T 3150 2526 1741 0 0
366 T 3918 252 3152 0 0
366 T 1647 2525 3104 0 0
366 T 3102 247 3976 0 0
366 T 3974 1557 1649 0 0
366 T 359 2731 2634 0 0
366 T 3692 3741 361 0 0
366 T 3849 2911 1107 0 0
366 T 2729 1840 3847 0 0
366 T 2911 1838 187 0 0
366 T 1104 2845 3842 0 0
366 T 3844 1918 2631 0 0
366 T 187 1920 2845 0 0
366 T 3647 1602 1694 0 0
366 T 2608 2705 3649 0 0
366 T 1197 2900 3339 0 0
366 T 3341 3445 1200 0 0
366 T 3445 2898 1202 0 0
366 T 1200 3527 3334 0 0
366 T 3336 2830 1190 0 0
366 T 1209 2832 3527 0 0
366 T 2313 1545 3947 0 0
366 T 3949 582 2315 0 0
366 T 2241 581 3891 0 0
366 T 3893 1466 2235 0 0
366 T 1544 2945 2098 0 0
366 T 2100 441 3963 0 0
366 T 3965 1630 1542 0 0
366 T 1630 439 2945 0 0
366 T 443 1722 2947 0 0
366 T 2949 1468 2169 0 0
366 T 2167 3906 445 0 0
366 T 3906 1466 1722 0 0
366 T 3309 482 1322 0 0
366 T 2648 3439 3307 0 0
366 T 3308 3525 2742 0 0
366 T 3245 469 2098 0 0
366 T 3568 2247 3243 0 0
366 T 3240 2325 3618 0 0
366 T 2168 470 3238 0 0
366 T 297 338 299 0 0
366 T 821 87 815 0 0
366 T 1457 2845 518 0 0
366 T 524 2910 1531 0 0
366 T 397 2729 3811 0 0
366 T 389 516 395 0 0
366 T 3813 3758 387 0 0
366 T 392 511 382 0 0
366 T 384 3780 3806 0 0
366 T 3808 2631 390 0 0
366 T 3245 433 3963 0 0
366 T 3909 434 3238 0 0
366 T 3729 2726 2539 0 0
366 T 2536 2632 3679 0 0
366 T 1503 3064 3429 0 0
366 T 3427 126 2357 0 0
366 T 2279 125 3513 0 0
366 T 3511 2998 1581 0 0
366 T 717 3922 2146 0 0
366 T 770 3270 3922 0 0
366 T 2081 3980 710 0 0
366 T 3980 3277 773 0 0
366 T 365 3541 523 0 0
366 T 1393 3539 494 0 0
366 T 520 3455 362 0 0
366 T 501 3457 1438 0 0
366 T 1880 2538 395 0 0
366 T 393 2536 1798 0 0
366 T 606 3871 671 0 0
366 T 560 2461 3871 0 0
366 T 672 3929 606 0 0
366 T 3929 2387 563 0 0
366 T 174 3238 3959 0 0
366 T 3961 2325 2386 0 0
366 T 2460 2247 3903 0 0
366 T 3905 3245 174 0 0
366 T 923 2855 2786 0 0
366 T 2788 151 715 0 0
366 T 713 157 2855 0 0
366 T 463 1986 2039 0 0
366 T 461 457 465 1 0
366 T 1296 2110 347 0 0
366 T 2980 3826 1294 0 0
366 T 2110 3828 756 0 0
366 T 344 2180 1295 0 0
366 T 1297 3833 3042 0 0
366 T 759 3831 2180 0 0
366 T 3321 1502 219 0 0
366 T 3069 2493 3319 0 0
366 T 216 1580 3314 0 0
366 T 3316 2419 3003 0 0
366 T 626 2442 2146 0 0
366 T 2217 3922 2442 0 0
366 T 626 2079 2370 0 0
366 T 2372 3980 2290 0 0
366 T 541 3788 2374 -1 0
366 T 2296 3328 539 0 0
366 T 3328 128 3788 0 0
366 T 540 3323 2219 0 0
366 T 2448 3766 538 0 0
366 T 3766 123 3323 0 0
366 T 2904 1 2835 0 0
366 T 541 1491 2082 0 0
366 T 2084 3820 403 0 0
366 T 3820 1493 2223 0 0
366 T 3817 2153 403 0 0
366 T 2301 1566 3815 0 0
366 T 2153 1568 538 0 0
366 T 3525 2830 2755 0 0
366 T 2661 2900 3439 0 0
366 T 673 3955 911 0 0
366 T 2611 242 3955 0 0
366 T 908 3901 670 0 0
366 T 3901 241 2709 0 0
366 T 1153 2576 1566 0 0
366 T 1568 1492 557 1 0
366 T 1492 2570 1147 0 0
366 T 2579 2572 2576 0 0
366 T 2788 1630 723 0 0
366 T 720 1725 2854 0 0
366 T 2244 3508 2467 0 0
366 T 2469 2550 3227 0 0
366 T 2550 3506 2836 0 0
366 T 3224 2557 2395 0 0
366 T 2397 3422 2318 0 0
366 T 2902 3424 2557 0 0
366 T 2296 3371 2218 0 0
366 T 3324 3373 3326 0 0
366 T 3209 1498 251 0 0
366 T 3199 3203 3207 0 0
366 T 3203 247 1575 0 0
366 T 3349 3356 3339 0 0
366 T 2824 1772 3347 0 0
366 T 3344 1678 2890 0 0
366 T 3336 3351 3342 0 0
366 T 3789 219 3426 0 0
366 T 2356 221 3329 0 0
366 T 3512 216 3767 0 0
366 T 3322 214 2278 0 0
366 T 3253 3287 3259 0 0
366 T 2873 3745 3251 0 0
366 T 3256 3292 3246 0 0
366 T 3248 3695 2803 0 0
366 T 365 3708 3603 0 0
366 T 3605 1589 523 0 0
366 T 3539 1587 3708 0 0
366 T 520 1511 3551 0 0
366 T 3553 3754 362 0 0
366 T 3754 1513 3457 0 0
366 T 1544 801 3251 0 0
366 T 3248 802 1467 0 0
366 T 3305 3288 3296 0 0
366 T 2640 2500 3303 0 0
366 T 3300 2426 2734 0 0
366 T 3296 3291 3298 0 0
366 T 3965 1895 3251 0 0
366 T 1814 3908 3249 0 0
366 T 565 2395 3386 0 0
366 T 3388 3422 3390 0 0
366 T 3472 2469 558 0 0
366 T 3476 3508 3470 0 0
366 T 1828 3583 639 0 0
366 T 1390 3585 3532 0 0
366 T 636 3637 1906 0 0
366 T 3446 3635 1441 0 0
366 T 3537 496 3582 0 0
366 T 3533 3539 3535 0 0
366 T 501 3453 3636 0 0
366 T 3455 3449 3453 0 0
366 T 565 2322 3931 0 0
366 T 3933 1652 3386 0 0
366 T 2397 1650 2322 0 0
366 T 3472 1742 3875 0 0
366 T 3877 2248 558 0 0
366 T 2248 1744 2467 0 0
366 T 237 1337 3187 0 0
366 T 3189 3269 3195 0 0
366 T 3192 3262 3186 0 0
366 T 2612 3982 251 0 0
366 T 3982 190 3919 0 0
366 T 248 3989 2706 0 0
366 T 3977 197 3989 0 0
366 T 2341 314 3914 0 0
366 T 3916 2108 2329 0 0
366 T 2251 2174 3970 0 0
366 T 3972 321 2263 0 0
366 T 1478 3991 1556 0 0
366 T 3509 3 3422 0 0
366 T 701 3834 1862 0 0
366 T 3496 2480 3834 0 0
366 T 1785 3841 694 0 0
366 T 3841 2406 3410 0 0
366 T 3293 1681 3627 0 0
366 T 816 1679 3298 0 0
366 T 3577 1771 3286 0 0
366 T 3305 1773 819 0 0
366 T 3309 2831 2747 0 0
366 T 3306 2651 2899 0 0
366 T 1880 3726 3811 0 0
366 T 3808 3680 1799 0 0
366 T 1478 1743 3527 0 0
366 T 3529 2060 3889 0 0
366 T 3887 2231 1480 0 0
366 T 1555 2309 3945 0 0
366 T 3445 1653 1557 0 0
366 T 3943 2055 3443 0 0
366 T 26 3891 3483 0 0
366 T 3485 1466 1702 0 0
366 T 1613 1545 3399 0 0
366 T 3401 3949 24 0 0
366 T 3209 3347 3215 0 0
366 T 3212 3344 3202 0 0
366 T 3245 3281 3251 0 0
366 T 3248 3282 3238 0 0
366 T 1700 3311 2382 0 0
366 T 2457 3310 1606 0 0
366 T 2396 3998 1314 0 0
366 T 3998 1651 3356 0 0
366 T 3351 1745 3997 0 0
366 T 3995 2468 1317 0 0
366 T 993 2954 3378 0 0
366 T 3380 129 2286 0 0
366 T 986 3462 2951 0 0
366 T 2213 122 3462 0 0
366 T 3821 4062 355 0 0
366 T 4062 1492 1157 0 0
366 T 352 4036 3814 0 0
366 T 1158 1567 4036 0 0
366 T 1925 3589 188 0 0
366 T 3589 2775 2350 0 0
366 T 188 3639 1843 0 0
366 T 2276 2681 3639 0 0
366 T 137 3368 1314 0 0
366 T 3770 1681 3368 0 0
366 T 3367 1771 3792 0 0
366 T 2192 3356 3443 0 0
366 T 3529 3351 2122 0 0
366 T 859 3450 3755 0 0
366 T 3709 3536 856 0 0
366 T 1268 2576 4037 0 0
366 T 4063 2571 1267 0 0
366 T 1053 3833 2086 0 0
366 T 1888 4027 1051 0 0
366 T 2088 180 1886 0 0
366 T 4027 178 3833 0 0
366 T 1048 4057 1807 0 0
366 T 1809 180 2154 0 0
366 T 2156 3826 1046 0 0
366 T 3826 178 4057 0 0
366 T 2652 3657 2747 0 0
366 T 2833 3655 2898 0 0
366 T 1017 4051 2594 0 0
366 T 2596 3867 2782 0 0
366 T 197 3869 4051 0 0
366 T 2692 4025 1010 0 0
366 T 2852 3864 2690 0 0
366 T 4025 3862 190 0 0
366 T 357 1209 3939 0 0
366 T 3941 3884 401 -1 0
366 T 3884 1203 351 0 0
366 T 913 145 1398 0 0
366 T 961 3950 911 0 0
366 T 3950 3107 145 0 0
366 T 908 3896 954 0 0
366 T 1353 138 906 0 0
366 T 138 3157 3896 0 0
366 T 1556 2191 3999 0 0
366 T 3996 2125 1479 0 0
366 T 617 1935 1526 0 0
366 T 1452 1856 611 0 0
366 T 1061 3264 1886 0 0
366 T 1888 1808 81 -1 0
366 T 1808 3266 1055 0 0
366 T 3333 3268 3264 0 0
366 T 3229 3276 3219 0 0
366 T 3221 770 1310 0 0
366 T 1312 3979 3227 0 0
366 T 3224 3925 1311 0 0
366 T 3220 3271 3222 0 0
366 T 3629 3076 3690 0 0
366 T 3740 3010 3575 0 0
366 T 1792 1758 4010 0 0
366 T 4012 2928 567 0 0
366 T 2928 1760 150 0 0
366 T 1668 2933 157 0 0
366 T 1871 4038 1666 0 0
366 T 2933 4040 572 0 0
366 T 3262 4027 1072 0 0
366 T 1071 4057 3269 0 0
366 T 3157 2024 3890 0 0
366 T 3948 1970 3107 0 0
366 T 3609 2833 2059 0 0
366 T 3888 1206 3607 0 0
366 T 2056 2899 3555 0 0
366 T 3557 1205 3942 0 0
366 T 3805 145 3723 0 0
366 T 2792 150 3803 0 0
366 T 3800 157 2858 0 0
366 T 3677 138 3798 0 0
366 T 3197 4055 1294 0 0
366 T 1297 4029 3190 0 0
366 T 2848 4020 1015 0 0
366 T 4020 3279 231 0 0
366 T 1012 4046 2779 0 0
366 T 228 3284 4046 0 0
366 T 3789 3319 3063 0 0
366 T 3001 3316 3767 0 0
366 T 2012 3765 3727 0 0
366 T 2811 3763 632 0 0
366 T 3681 3783 1959 0 0
366 T 632 3785 2881 0 0
366 T 2363 2587 3483 0 0
366 T 3485 147 4002 0 0
366 T 4004 2048 2365 0 0
366 T 2434 2051 4006 0 0
366 T 3401 2684 2436 0 0
366 T 4008 147 3399 0 0
366 T 2111 132 2180 0 0
366 T 2529 650 4014 0 0
366 T 4016 299 3151 0 0
366 T 3105 296 4042 0 0
366 T 4044 650 2522 0 0
366 T 357 3608 1878 0 0
366 T 1880 3887 3939 0 0
366 T 1801 3554 350 0 0
366 T 3885 3945 1799 0 0
366 T 3189 1073 1294 0 0
366 T 323 3956 3984 0 0
366 T 3987 3898 323 0 0
366 T 1045 4118 1614 0 0
366 T 2093 2428 4118 0 0
366 T 1045 1707 4115 0 0
366 T 4117 2498 2159 0 0
366 T 3552 3657 3603 0 0
366 T 3706 3655 3757 0 0
366 T 3305 3372 3299 0 0
366 T 2380 118 2150 0 0
366 T 2084 119 2451 0 0
366 T 2869 1313 176 0 0
366 T 3684 3925 2867 0 0
366 T 176 1310 2799 0 0
366 T 2801 3979 3730 0 0
366 T 4117 3305 1618 0 0
366 T 4118 1711 3300 0 0
366 T 534 2450 1874 0 0
366 T 1796 2381 535 0 0
366 T 1284 3825 671 0 0
366 T 3873 3823 1451 0 0
366 T 1528 3824 3927 0 0
366 T 3629 2066 4111 0 0
366 T 4113 304 3690 0 0
366 T 3740 303 4107 0 0
366 T 4109 2073 3575 0 0
366 T 4113 4108 361 0 0
366 T 541 3318 4155 -1 0
366 T 4157 3064 2374 0 0
366 T 2448 2998 4135 0 0
366 T 4137 3317 538 0 0
366 T 725 4167 2370 0 0
366 T 2081 4169 2694 0 0
366 T 2444 4149 718 0 0
366 T 2600 4147 2146 0 0
366 T 8 3911 1743 1 0
366 T 28 1751 3911 0 0
366 T 1653 3969 8 0 0
366 T 3969 1661 31 0 0
366 T 3816 3853 3818 0 0
366 T 1536 1460 3649 0 0
366 T 2608 4270 1534 0 0
366 T 1460 4272 2703 0 0
366 T 4197 1026 2374 0 0
366 T 4157 228 4195 0 0
366 T 233 4137 4192 0 0
366 T 4190 2446 1031 0 0
366 T 533 3916 4179 0 0
366 T 4181 2339 1690 0 0
366 T 4176 3970 526 0 0
366 T 1601 2265 4174 0 0
366 T 3293 2409 4239 0 0
366 T 4241 121 4142 0 0
366 T 4144 2891 3291 0 0
366 T 3288 2825 4162 0 0
366 T 4236 2479 3286 0 0
366 T 4164 121 4234 0 0
366 T 4016 4083 231 0 0
366 T 4083 299 2414 0 0
366 T 4081 2487 295 0 0
366 T 4043 227 4079 0 0
366 T 1017 89 1011 0 0
366 T 3836 92 3838 0 0
366 T 4144 3343 3627 0 0
366 T 3577 3348 4162 0 0
366 T 2792 2926 4278 0 0
366 T 4280 1760 3803 0 0
366 T 2858 4298 2931 0 0
366 T 1668 4300 3800 0 0
366 T 3942 2530 3889 0 0
366 T 3841 4160 180 0 0
366 T 4160 2406 3254 0 0
366 T 3261 2480 4138 0 0
366 T 4140 3836 180 0 0
366 T 1648 4269 3999 0 0
366 T 4269 3977 2193 0 0
366 T 4265 1741 3997 0 0
366 T 2122 3918 4263 0 0
366 T 4004 377 4361 0 0
366 T 4359 3036 2365 0 0
366 T 2434 2970 4333 0 0
366 T 4331 378 4006 0 0
366 T 4189 186 4326 0 0
366 T 2604 3589 4187 0 0
366 T 4328 1923 2602 0 0
366 T 4184 3639 2698 0 0
366 T 2700 1845 4354 0 0
366 T 4356 186 4182 0 0
366 T 2376 4246 2598 0 0
366 T 860 4248 1661 0 0
366 T 2696 4245 2446 0 0
366 T 1751 4243 855 0 0
366 T 1564 3757 4247 0 0
366 T 1660 3450 1562 0 0
366 T 3708 1488 4245 0 0
366 T 1751 1486 3535 0 0
366 T 2469 1738 4367 0 0
366 T 4369 2139 3227 0 0
366 T 3224 2209 4339 0 0
366 T 4341 1648 2395 0 0
366 T 4311 131 4292 0 0
366 T 2372 3733 4347 0 0
366 T 4349 2798 2290 0 0
366 T 2217 2868 4319 0 0
366 T 4321 3683 2442 0 0
366 T 4389 3756 2598 0 0
366 T 2376 1563 4387 0 0
366 T 3708 4384 2696 0 0
366 T 2446 4382 1486 0 0
366 T 2292 2057 4322 0 0
366 T 4324 1614 2294 0 0
366 T 2221 1709 4350 0 0
366 T 4352 2058 2215 0 0
366 T 3929 3958 3931 0 0
366 T 3877 3904 3871 0 0
366 T 4328 4072 536 0 0
366 T 4072 1923 390 0 0
366 T 536 4075 4354 0 0
366 T 397 1845 4075 0 0
366 T 3471 4171 3388 0 0
366 T 4216 2206 3270 0 0
366 T 3276 2141 4218 0 0
366 T 913 4032 943 0 0
366 T 143 3623 4032 0 0
366 T 944 4058 906 0 0
366 T 4058 3573 140 0 0
366 T 1304 1834 231 0 0
366 T 4020 4223 1302 0 0
366 T 1834 4225 3281 0 0
366 T 228 1916 1303 0 0
366 T 1305 4228 4046 0 0
366 T 3282 4226 1916 0 0
366 T 593 3536 4371 0 0
366 T 4373 1752 2265 0 0
366 T 2339 1658 4343 0 0
366 T 4345 3450 586 0 0
366 T 969 2376 4151 0 0
366 T 4153 4195 959 0 0
366 T 956 4192 4131 0 0
366 T 4133 2446 962 0 0
366 T 2616 4306 4051 0 0
366 T 3867 4308 1641 0 0
366 T 2710 4023 4286 0 0
366 T 4288 3862 1730 0 0
366 T 961 4198 1522 0 0
366 T 2896 4200 3952 0 0
366 T 1449 4205 954 0 0
366 T 3894 4203 2826 0 0
366 T 1316 4262 4367 0 0
366 T 4341 4269 1315 0 0
366 T 4453 2100 3398 0 0
366 T 1612 2945 4451 0 0
366 T 2949 1704 4457 0 0
366 T 4455 3483 2169 0 0
366 T 2372 1 2443 -1 0
366 T 4320 753 4347 0 0
366 T 3253 4235 4138 0 0
366 T 4160 4240 3246 0 0
366 T 174 4466 4499 0 0
366 T 4501 2118 3959 0 0
366 T 3240 2120 4466 0 0
366 T 3905 2188 4487 0 0
366 T 4489 4473 174 0 0
366 T 4473 2186 3243 0 0
366 T 349 1930 1534 0 0
366 T 1460 1853 343 0 0
366 T 4473 118 4503 0 0
366 T 4505 1834 3243 0 0
366 T 1834 120 2188 0 0
366 T 3240 1916 4491 0 0
366 T 4493 118 4466 0 0
366 T 2118 120 1916 0 0
366 T 3841 4225 1890 0 0
366 T 1892 1465 180 0 0
366 T 1465 4223 4158 0 0
366 T 1540 1813 180 0 0
366 T 4140 4228 1538 0 0
366 T 1813 4226 3834 0 0
366 T 1009 4444 2434 0 0
366 T 346 4331 4444 0 0
366 T 2365 4447 1002 0 0
366 T 4447 4361 345 0 0
366 T 8 3937 3388 0 0
366 T 3471 3878 9 0 0
366 T 3878 4171 3937 0 0
366 T 3157 2062 4303 0 0
366 T 4305 148 3890 0 0
366 T 3948 148 4283 0 0
366 T 4285 2062 3107 0 0
366 T 4433 4276 2146 0 0
366 T 2600 1851 4431 0 0
366 T 1851 4147 4276 0 0
366 T 4428 1933 2694 0 0
366 T 2081 4276 4426 0 0
366 T 4276 4169 1933 0 0
366 T 1696 36 4278 0 0
366 T 2792 4495 1694 0 0
366 T 4495 2926 36 0 0
366 T 2858 1603 4507 0 0
366 T 4509 37 2931 0 0
366 T 37 1605 4300 0 0
366 T 3637 661 4399 0 0
366 T 4401 3018 3450 0 0
366 T 3536 3084 4395 0 0
366 T 4397 661 3583 0 0
366 T 4279 3648 4300 0 0
366 T 4369 4220 3219 0 0
366 T 3220 4215 4339 0 0
366 T 4081 4097 4083 0 0
366 T 174 1463 2390 0 0
366 T 2392 4163 4499 0 0
366 T 4468 4165 1463 0 0
366 T 2464 1540 174 0 0
366 T 4489 4145 2462 0 0
366 T 1540 4143 4471 0 0
366 T 1696 4464 1878 0 0
366 T 1800 4458 1602 0 0
366 T 1540 4238 4503 0 0
366 T 4493 4237 1463 0 0
366 T 2108 3856 143 0 0
366 T 3856 545 4032 0 0
366 T 140 3859 2174 0 0
366 T 4058 546 3859 0 0
366 T 4349 2157 4322 0 0
366 T 2055 2155 2800 0 0
366 T 4352 2087 4319 0 0
366 T 2866 2089 2060 0 0
366 T 4344 4398 1163 0 0
366 T 4394 4372 1168 0 0
366 T 1536 4093 3207 0 0
366 T 4093 4103 4087 0 0
366 T 4089 1460 3205 0 0
366 T 2436 4335 999 0 0
366 T 4335 2522 649 0 0
366 T 996 4365 2363 0 0
366 T 642 2529 4365 0 0
366 T 4067 4071 4075 0 0
366 T 1712 1620 201 1 0
366 T 2529 1472 4439 0 0
366 T 4441 2398 4014 0 0
366 T 4436 1547 2522 0 0
366 T 4044 2472 4434 0 0
366 T 3933 3968 3935 0 0
366 T 3881 3910 3875 0 0
366 T 3989 2191 4518 0 0
366 T 4520 4267 195 0 0
366 T 192 4264 4526 0 0
366 T 4528 2125 3982 0 0
366 T 4413 2119 3931 0 0
366 T 1528 4092 4411 0 0
366 T 3933 4583 1526 0 0
366 T 4092 4585 2119 0 0
366 T 4089 1453 4408 0 0
366 T 4406 3875 2187 0 0
366 T 2189 4563 4087 0 0
366 T 4563 3877 1453 0 0
366 T 4505 4225 3251 0 0
366 T 3248 4226 4491 0 0
366 T 3157 3677 4549 0 0
366 T 4547 374 4303 0 0
366 T 4285 381 4569 0 0
366 T 4567 3723 3107 0 0
366 T 4481 1228 1818 0 0
366 T 2812 3699 4479 0 0
366 T 4476 3749 2878 0 0
366 T 1900 1231 4474 0 0
366 T 1604 4126 383 0 0
366 T 4126 4508 584 0 0
366 T 4496 4123 579 0 0
366 T 4123 1697 388 0 0
366 T 1812 133 1890 0 0
366 T 3802 4570 2410 0 0
366 T 4281 1210 4570 0 0
366 T 1211 4301 4552 0 0
366 T 4550 3799 2484 0 0
366 T 4305 4005 27 0 0
366 T 25 4007 4283 0 0
366 T 3253 4231 1538 0 0
366 T 4237 4228 4231 0 0
366 T 1465 4231 3246 0 0
366 T 4231 4223 4238 0 0
366 T 3822 3958 4585 0 0
366 T 4563 3904 3825 0 0
366 T 1316 4212 3219 0 0
366 T 4212 4262 4218 0 0
366 T 4217 4269 4211 0 0
366 T 4153 4187 1522 0 0
366 T 4200 4189 4197 0 0
366 T 1449 4184 4131 0 0
366 T 4190 4182 4203 0 0
366 T 4501 4091 3823 0 0
366 T 4486 3823 4087 0 0
366 T 3825 4581 2390 0 0
366 T 2465 4558 3823 0 0
366 T 2392 359 2463 0 0
366 T 4558 361 4581 0 0
366 T 4442 4335 1229 0 0
366 T 1230 4365 4449 0 0
366 T 4547 4358 27 0 0
366 T 25 4332 4569 0 0
366 T 4132 4383 3711 0 0
366 T 4151 3662 4387 0 0
366 T 1696 4288 3811 0 0
366 T 4288 4464 3728 0 0
366 T 4461 4308 3678 0 0
366 T 1603 3806 4308 0 0
366 T 4324 4207 4351 0 0
366 T 3937 2338 4379 0 0
366 T 39 4178 3935 0 0
366 T 4376 2264 3879 0 0
366 T 3881 4177 40 0 0
366 T 4122 4288 3760 0 0
366 T 3779 4307 4128 0 0
366 T 4579 4163 4093 0 0
366 T 4142 4558 4087 0 0
366 T 4405 1266 1282 0 0
366 T 3668 4035 4403 0 0
366 T 4404 4065 3714 0 0
366 T 4520 4512 1306 0 0
366 T 1675 4510 4269 0 0
366 T 1309 4512 4526 0 0
366 T 4262 4510 1769 0 0
366 T 617 4612 4411 0 0
366 T 1937 4092 4612 0 0
366 T 4408 4594 610 0 0
366 T 4594 4087 1855 0 0
366 T 4613 222 4594 0 0
366 T 4608 1674 4214 0 0
366 T 4220 1769 4591 0 0
366 T 4113 4270 4558 0 0
366 T 4581 4272 4106 0 0
366 T 4365 1901 4439 0 0
366 T 4436 1819 4335 0 0
366 T 4621 3627 3211 0 0
366 T 2705 4113 4619 0 0
366 T 3575 4624 3216 0 0
366 T 2607 4622 4109 0 0
366 T 4260 4258 4260 1 0
366 T 338 340 338 -1 0
366 T 2152 4539 4155 0 0
366 T 3320 4541 1567 0 0
366 T 4137 4536 2083 0 0
366 T 1492 4534 3315 0 0
366 T 3209 4165 4623 0 0
366 T 4620 4143 3202 0 0
366 T 617 4316 1870 0 0
366 T 4041 3867 615 0 0
366 T 3867 1669 4316 0 0
366 T 1761 3862 4294 0 0
366 T 4296 612 1793 0 0
366 T 4011 610 3862 0 0
366 T 3647 4550 4571 0 0
366 T 3896 3800 4549 0 0
366 T 4567 3803 3950 0 0
366 T 4625 4579 1534 0 0
366 T 4559 4620 1461 0 0
366 T 4181 4177 4173 -1 0
366 T 3937 42 4179 0 0
366 T 42 3880 4177 1 0
366 T 4328 4640 2378 0 0
366 T 1797 4638 4070 0 0
366 T 2452 4643 4354 0 0
366 T 4077 4645 1874 0 0
366 T 4415 4407 4411 0 0
366 T 4441 4603 231 0 0
366 T 4603 2398 4085 0 0
366 T 228 4589 4434 0 0
366 T 4078 2472 4589 0 0
366 T 4653 1460 4552 0 0
366 T 4571 1534 4651 0 0
366 T 3916 3856 3130 0 0
366 T 3180 3859 3970 0 0
366 T 4189 4700 2378 0 0
366 T 188 4640 4700 0 0
366 T 2452 4678 4182 0 0
366 T 4678 4643 188 0 0
366 T 4449 4477 4439 0 0
366 T 4436 4478 4442 0 0
366 T 4213 4511 4590 0 0
366 T 4608 4511 4210 0 0
366 T 3953 2410 4575 0 0
366 T 4577 185 4199 0 0
366 T 182 4556 4205 0 0
366 T 2483 3896 4556 0 0
366 T 4189 4733 2150 0 0
366 T 4698 118 4733 0 0
366 T 2085 4726 4182 0 0
366 T 4726 118 4680 0 0
366 T 2152 4669 4195 0 0
366 T 4669 4539 226 0 0
366 T 4192 4687 2083 0 0
366 T 233 4536 4687 0 0
366 T 3384 4255 3090 0 0
366 T 1348 4257 485 0 0
366 T 3140 4256 3466 0 0
366 T 565 4671 4403 0 0
366 T 2172 4035 4671 0 0
366 T 4404 4693 558 0 0
366 T 4693 4065 2102 0 0
366 T 4332 4734 1534 0 0
366 T 1932 4736 4445 0 0
366 T 4446 4738 1850 0 0
366 T 1461 4740 4358 0 0
366 T 4425 1639 615 0 0
366 T 4041 4308 4423 0 0
366 T 4418 610 1730 0 0
366 T 4288 4013 4420 0 0
366 T 4538 4534 4545 1 0
366 T 3763 360 3784 0 0
366 T 4395 4390 4400 0 0
366 T 4421 3759 4835 0 0
366 T 4837 4125 4010 0 0
366 T 4422 4831 3779 0 0
366 T 4040 4126 4831 0 0
366 T 4637 4210 1306 0 0
366 T 4520 4593 4635 0 0
366 T 4636 4607 4526 0 0
366 T 2928 4496 60 0 0
366 T 4508 2933 59 0 0
366 T 3821 2105 4707 0 0
366 T 4709 4690 355 0 0
366 T 352 4672 4702 0 0
366 T 4704 2171 3814 0 0
366 T 993 2597 4523 0 0
366 T 4525 722 3378 0 0
366 T 3464 721 4515 0 0
366 T 4517 2691 986 0 0
366 T 4676 1933 3698 0 0
366 T 3749 1850 4695 0 0
366 T 4645 1847 4823 0 0
366 T 4825 1516 4678 0 0
366 T 188 1514 1847 0 0
366 T 189 1926 1591 0 0
366 T 1593 4821 4701 0 0
366 T 4639 4819 1926 0 0
366 T 3914 3971 4826 -1 0
366 T 2189 4390 2118 0 0
366 T 2120 4398 4746 0 0
366 T 4748 4397 2187 0 0
366 T 673 4635 4742 0 0
366 T 4744 4779 911 0 0
366 T 3957 4781 4635 0 0
366 T 908 4801 4743 0 0
366 T 4636 4799 3899 0 0
366 T 4573 4576 4567 0 0
366 T 4549 4554 4551 0 0
366 T 4788 1112 4423 0 0
366 T 4420 1115 4767 0 0
366 T 4721 1932 4479 0 0
366 T 2812 4675 4719 0 0
366 T 4476 1850 4714 0 0
366 T 4716 4697 2878 0 0
366 T 2932 4127 4795 0 0
366 T 4776 4124 2927 0 0
366 T 4643 95 4641 0 0
366 T 4637 4847 3987 0 0
366 T 4847 4798 323 0 0
366 T 3984 4857 4634 0 0
366 T 323 4780 4857 0 0
366 T 2193 4593 4849 0 0
366 T 4855 4607 2123 0 0
366 T 4721 4821 1822 0 0
366 T 1552 4851 4719 0 0
366 T 1824 119 1550 0 0
366 T 4851 121 4821 0 0
366 T 4733 1590 4850 0 0
366 T 118 4858 4823 0 0
366 T 4825 4717 1905 0 0
366 T 1903 1474 120 0 0
366 T 1474 4715 4858 0 0
366 T 4860 1516 4726 0 0
366 T 2513 3821 4683 0 0
366 T 4685 4664 0 -1 0
366 T 4664 3815 2507 0 0
366 T 4200 4733 4667 0 0
366 T 4689 4726 4203 0 0
366 T 993 4614 3090 0 0
366 T 655 4255 4614 0 0
366 T 3140 4600 986 0 0
366 T 4600 4256 655 0 0
366 T 4741 4717 4439 0 0
366 T 4436 4718 4735 0 0
366 T 2684 4709 4683 0 0
366 T 4665 4702 2587 0 0
366 T 4739 27 4881 0 0
366 T 4879 4548 1460 0 0
366 T 1535 4566 4885 0 0
366 T 4883 25 4737 0 0
366 T 4651 4576 4884 0 0
366 T 4878 4554 4652 0 0
366 T 617 4845 4379 0 0
366 T 4377 4838 611 0 0
366 T 2076 4630 987 0 0
366 T 4630 354 4599 0 0
366 T 4629 4615 351 0 0
366 T 2143 990 4627 0 0
366 T 1849 1 1926 -1 0
366 T 4205 1514 4811 0 0
366 T 4813 1345 4554 0 0
366 T 182 1343 1514 0 0
366 T 4808 1592 4198 0 0
366 T 4576 1342 4806 0 0
366 T 1592 1344 182 0 0
366 T 4441 1474 4871 0 0
366 T 4873 4902 231 0 0
366 T 4902 1476 4605 0 0
366 T 4435 4867 1550 0 0
366 T 1552 4899 4586 0 0
366 T 229 4901 4867 0 0
366 T 4712 4709 4705 0 0
366 T 359 1903 1822 0 0
366 T 4873 4689 4770 0 0
366 T 4760 4536 4871 0 0
366 T 4784 4536 4904 0 0
366 T 4541 4804 4898 0 0
366 T 4866 4751 4539 0 0
366 T 4866 4790 4669 0 0
366 T 4689 4858 4811 0 0
366 T 4667 4806 4850 0 0
366 T 4885 46 4807 0 0
366 T 46 4652 1345 0 0
366 T 46 4880 4813 0 0
366 T 4425 4918 4379 0 0
366 T 4843 4920 1641 0 0
366 T 4376 4916 4418 0 0
366 T 1730 4914 4841 0 0
366 T 4915 1114 69 0 0
366 T 4921 67 1111 0 0
366 T 4772 4811 4739 0 0
366 T 4881 4813 64 0 0
366 T 4737 4808 4790 0 0
366 T 63 4806 4883 0 0
366 T 4916 1172 4919 0 0
366 T 4865 4257 1298 0 0
366 T 2796 4599 4863 0 0
366 T 4864 4617 2862 0 0
366 T 1475 130 1553 0 0
366 T 4900 4096 4903 0 0
366 T 4741 4860 4871 0 0
366 T 4869 4851 4734 0 0
366 T 4661 4314 2782 0 0
366 T 2596 1669 4659 0 0
366 T 4654 2850 4294 0 0
366 T 1761 2692 4656 0 0
366 T 4626 4630 4648 -1 0
366 T 1288 4892 4403 0 0
366 T 4673 4890 2623 0 0
366 T 2721 4893 4691 0 0
366 T 3544 4660 4523 0 0
366 T 4517 4655 3594 0 0
366 T 4744 4930 943 0 0
366 T 4030 4932 4781 0 0
366 T 4799 4931 4060 0 0
366 T 357 4864 4911 0 0
366 T 4913 2795 4631 0 0
366 T 4628 2865 4907 0 0
366 T 4909 4863 350 0 0
366 T 4894 4896 4894 -1 0
366 T 4929 2194 4631 0 0
366 T 4913 230 4927 0 0
366 T 4628 2128 4922 0 0
366 T 4924 229 4907 0 0
366 T 2120 3634 4754 0 0
366 T 4756 660 4746 0 0
366 T 4749 660 4762 0 0
366 T 4764 3584 2186 0 0
366 T 4709 2718 4938 0 0
366 T 4940 4892 355 0 0
366 T 352 4891 4942 0 0
366 T 4944 2624 4702 0 0
366 T 4933 546 4958 0 0
366 T 4960 3861 4799 0 0
366 T 4930 4962 543 0 0
366 T 4962 4779 3856 0 0
366 T 4709 2099 4951 0 0
366 T 4953 214 4938 0 0
366 T 4948 2169 4702 0 0
366 T 4944 221 4946 0 0
366 T 4933 1323 4975 0 0
366 T 4977 2424 4958 0 0
366 T 4964 2494 4974 0 0
366 T 4929 4934 4923 0 0
366 T 4531 4533 4531 1 0
366 T 4949 4956 4951 0 0
366 T 4977 183 4994 0 0
366 T 4996 2201 4958 0 0
366 T 4964 2131 5002 0 0
366 T 5004 183 4974 0 0
366 T 4982 4984 4982 -1 0
366 T 4875 4877 4875 1 0
366 T 357 4980 4999 0 0
366 T 5001 1305 4911 0 0
366 T 4862 1303 4980 0 0
366 T 4909 1302 4991 0 0
366 T 4993 4979 350 0 0
366 T 4925 1916 4990 0 0
366 T 4926 4998 1836 0 0
366 T 4977 1342 5035 0 0
366 T 5037 1517 4994 0 0
366 T 5004 1591 5034 0 0
366 T 4940 1340 5022 0 0
366 T 5024 4987 355 0 0
366 T 4987 1338 4890 0 0
366 T 1340 4945 5029 0 0
366 T 5027 351 4987 0 0
366 T 118 1570 1330 0 0
366 T 1332 1497 119 0 0
366 T 4953 1754 5022 0 0
366 T 5028 1664 4946 0 0
366 T 5039 5041 5039 1 0
366 T 5001 5044 4990 0 0
366 T 357 5013 5014 0 0
366 T 5016 5058 4999 0 0
366 T 4978 5060 5013 0 0
366 T 4993 5061 5018 0 0
366 T 5020 5010 350 0 0
366 T 5029 5049 5022 0 0
366 T 1497 1 1570 0 -1
366 T 5037 1332 5059 0 0
366 T 5016 130 5019 0 0
366 T 5076 5074 5076 1 0
366 T 5091 5093 5091 1 0
366 T 5110 5112 5110 -1 0
366 T 5120 5118 5120 1 0
366 U 52 1 1 0 0
366 U 1 1 1 0 0
366 U 50 2 3 0 0
366 U 4 2 2 0 0
366 U 15 3 2 0 0
366 U 123 4 7 0 0
366 U 1747 4 4 0 0
366 U 1484 7 4 0 0
366 U 29 5 4 0 0
366 U 9 4 5 -1 0
366 U 1778 7 7 0 0
366 U 17 7 6 0 0
366 U 7 6 7 0 0
366 U 1558 8 11 0 0
366 U 1656 8 8 0 0
366 U 129 11 8 0 0
366 U 8 9 8 0 0
366 U 31 8 9 0 0
366 U 1689 11 11 0 0
366 U 6 11 10 0 0
366 U 19 10 11 0 0
366 U 131 12 12 0 0
366 U 49 13 12 0 0
366 U 73 13 12 0 0
366 U 227 14 16 0 0
366 U 4791 14 14 0 0
366 U 4752 16 14 0 0
366 U 63 15 14 0 0
366 U 25 14 15 0 0
366 U 4805 16 16 0 0
366 U 55 17 16 0 0
366 U 11 16 17 0 0
366 U 4758 18 20 0 0
366 U 4772 18 18 0 0
366 U 233 20 18 0 0
366 U 26 19 18 0 0
366 U 65 18 19 0 0
366 U 4782 20 20 0 0
366 U 10 21 20 1 0
366 U 57 20 21 0 0
366 U 571 22 25 0 0
366 U 1692 27 22 0 0
366 U 3119 25 27 0 0
366 U 39 23 22 0 0
366 U 4380 27 23 0 0
366 U 4788 27 22 0 0
366 U 66 26 27 0 0
366 U 4832 29 22 0 0
366 U 594 27 29 0 0
366 U 4797 29 25 0 0
366 U 59 25 24 0 0
366 U 584 28 25 0 0
366 U 1720 28 24 0 0
366 U 33 29 28 0 0
366 U 4835 30 37 0 0
366 U 4768 35 30 0 0
366 U 600 37 35 0 0
366 U 4377 34 30 0 0
366 U 68 35 34 0 0
366 U 40 31 30 0 0
366 U 1601 34 31 0 0
366 U 569 33 30 0 0
366 U 3168 35 33 0 0
366 U 4775 33 37 0 0
366 U 1626 32 36 0 0
366 U 581 37 32 0 0
366 U 35 36 37 0 0
366 U 60 33 32 0 0
366 U 1950 38 51 0 0
366 U 697 41 38 0 0
366 U 3164 51 41 0 0
366 U 3145 49 38 0 0
366 U 1963 41 49 0 0
366 U 1956 46 38 0 0
366 U 865 49 46 0 0
366 U 705 43 38 0 0
366 U 3172 46 43 0 0
366 U 3141 50 38 0 0
366 U 1975 43 50 0 0
366 U 13 50 51 0 0
366 U 1968 52 40 0 0
366 U 883 50 52 0 0
366 U 769 53 40 0 0
366 U 35 52 53 0 0
366 U 3161 44 40 0 0
366 U 1992 53 44 0 0
366 U 835 44 48 0 0
366 U 3175 42 53 0 0
366 U 4292 46 42 0 0
366 U 44 47 46 1 0
366 U 781 44 42 0 0
366 U 1988 46 44 0 0
366 U 3183 46 48 0 0
366 U 21 49 48 0 0
366 U 2006 54 62 0 0
366 U 3096 65 54 0 0
366 U 867 62 65 0 0
366 U 701 57 54 0 0
366 U 2016 65 57 0 0
366 U 2004 67 54 0 0
366 U 3115 57 67 0 0
366 U 3092 66 54 0 0
366 U 12 67 66 0 0
366 U 709 59 54 0 0
366 U 2028 66 59 0 0
366 U 3123 59 62 0 0
366 U 2019 56 68 0 0
366 U 889 68 66 0 0
366 U 3112 60 56 0 0
366 U 841 64 60 0 0
366 U 765 69 56 0 0
366 U 2043 60 69 0 0
366 U 33 69 68 0 0
366 U 3128 69 58 0 0
366 U 777 60 58 0 0
366 U 4313 62 58 0 0
366 U 2039 60 62 0 0
366 U 45 62 63 0 0
366 U 3136 64 62 0 0
366 U 23 64 65 0 0
366 Q 2 1237 1 1239 -1 0 0 0 0 0
366 Q 1243 4 1243 4 0 0 0 0 0 0
366 Q 0 2917 3 2915 -1 0 1 0 0 0
366 Q 77 2545 77 2545 0 0 0 0 0 0
366 Q 2543 125 90 127 0 0 0 0 0 0
366 Q 0 949 130 951 0 0 0 0 0 0
366 Q 945 77 943 0 0 0 0 0 0 0
366 Q 132 1080 77 1074 0 0 0 0 0 0
366 Q 2 1229 169 1231 0 0 0 0 0 0
366 Q 1279 167 1277 1 0 0 0 0 0 0
366 Q 199 753 199 753 0 0 0 0 0 0
366 Q 0 957 198 959 0 0 0 0 0 0
366 Q 200 1040 130 1034 0 0 0 0 0 0
366 Q 81 1069 5 1063 0 0 -1 0 0 0
366 Q 79 770 82 772 0 0 0 0 0 0
366 Q 0 965 556 967 0 0 0 0 0 0
366 Q 934 324 603 325 0 0 0 0 0 0
366 Q 2531 257 2531 257 0 0 0 0 0 0
366 Q 923 997 2 999 0 0 0 0 0 0
366 Q 80 1961 77 2011 0 0 0 0 1 0
366 Q 199 757 91 759 1 0 0 0 0 0
366 Q 2547 2741 5 2642 0 0 0 0 0 0
366 Q 0 1944 224 1994 0 0 0 0 0 0
366 Q 977 2578 971 0 0 0 0 0 0 0
366 Q 2139 222 2208 2580 0 0 0 0 0 0
366 Q 199 2165 2542 2094 0 0 0 0 0 0
366 Q 5 1167 3331 1165 0 0 0 0 0 0
366 Q 0 3029 3333 2962 0 0 0 0 0 0
366 Q 120 3331 121 3850 0 0 0 0 0 0
366 Q 256 1701 556 1607 0 0 0 0 0 0
366 Q 3005 2 3066 554 0 0 0 0 0 0
366 Q 3651 1608 211 1698 0 0 0 0 0 0
366 Q 1696 5 1602 3653 0 0 0 0 0 0
366 Q 213 1664 3 1755 0 0 0 0 0 0
366 Q 212 3311 557 3310 0 0 0 0 0 0
366 Q 169 1856 2578 1935 0 0 0 0 0 0
366 Q 533 86 527 4069 0 0 0 0 0 0
366 Q 4067 385 339 387 0 0 0 0 0 0
366 Q 3277 2579 3271 133 0 0 0 0 0 0
366 Q 938 512 339 514 0 0 0 0 0 0
366 Q 399 2453 3330 2378 0 0 0 0 0 0
366 Q 865 3 867 4095 0 0 0 0 0 0
366 Q 4097 3136 4 3183 0 0 0 0 0 0
366 Q 20 2 22 5 0 0 0 0 0 0
366 Q 3380 4100 3463 0 0 0 0 0 0 0
366 Q 125 4098 127 3991 0 0 0 0 0 0
366 Q 3651 2457 556 2382 0 0 0 0 0 0
366 Q 1042 200 1043 4209 0 0 0 0 0 0
366 Q 4207 1049 130 1051 0 0 0 0 0 0
366 Q 2148 4104 2078 577 0 0 0 0 0 0
366 Q 1397 340 1443 3 0 0 0 0 0 0
366 Q 132 4220 222 4214 0 0 0 0 0 0
366 Q 2533 1704 4099 1610 0 0 0 0 0 0
366 Q 892 1853 4103 1930 0 0 0 0 0 0
366 Q 1880 80 1798 3653 1 0 0 0 0 0
366 Q 5 4458 80 4464 -1 0 0 0 0 0
366 Q 575 4429 1 4431 0 0 0 0 0 0
366 Q 2600 3658 2695 577 0 0 0 0 0 0
366 Q 1 1930 3660 1853 0 0 1 0 0 0
366 Q 211 457 4260 459 0 0 0 0 0 0
366 Q 4258 660 1243 661 0 0 0 0 0 0
366 Q 4097 10 4542 11 0 0 1 0 0 0
366 Q 4544 2492 4 2419 0 0 0 0 0 0
366 Q 1624 3660 1714 199 0 0 0 0 0 0
366 Q 3699 2542 3748 3658 0 0 0 0 0 0
366 Q 89 1304 93 1302 0 0 0 0 0 0
366 Q 4276 1 4277 4102 0 0 0 0 -1 0
366 Q 4457 211 4451 2533 0 0 0 0 0 0
366 Q 2949 4099 2943 213 0 0 0 0 0 0
366 Q 132 4593 2 4606 0 0 0 0 0 0
366 Q 4171 521 4483 523 0 0 0 0 0 0
366 Q 4485 878 5 879 0 0 0 0 0 0
366 Q 4484 2841 341 2906 0 0 0 0 0 0
366 Q 81 3680 4724 3727 0 0 0 0 -1 0
366 Q 76 3763 4722 3784 0 0 0 0 0 0
366 Q 2616 4724 2711 89 0 0 0 0 0 0
366 Q 4287 4722 4308 2 0 0 0 0 0 0
366 Q 86 1334 95 1336 0 0 0 0 0 0
366 Q 2543 4697 1 4674 0 -1 0 0 0 0
366 Q 2547 645 4647 647 0 0 0 0 0 0
366 Q 4649 1222 5 1223 0 0 0 0 0 0
366 Q 4391 1751 4817 1660 0 0 0 0 0 0
366 Q 4815 2264 1170 2339 0 0 0 0 0 0
366 Q 132 4849 605 4854 0 0 0 0 0 0
366 Q 4801 935 4778 133 0 0 0 0 0 0
366 Q 97 3100 507 3147 0 0 0 0 0 0
366 Q 1292 78 1290 97 0 0 0 0 0 0
366 Q 254 3401 4710 3482 0 0 0 0 0 0
366 Q 4887 2881 2544 2810 0 0 0 0 0 0
366 Q 3764 83 3783 4889 0 0 0 0 0 0
366 Q 4415 4377 1171 4379 0 0 0 0 0 0
366 Q 3937 4814 3878 4417 0 0 0 0 0 0
366 Q 4391 3911 4816 3968 0 0 0 0 0 0
366 Q 30 4814 28 4817 0 0 0 0 0 0
366 Q 1824 95 1903 4889 0 0 0 0 0 0
366 Q 4887 4717 1 4719 -1 0 0 0 0 0
366 Q 349 4896 343 97 0 0 0 0 0 0
366 Q 2203 507 2136 4894 0 0 0 0 0 0
366 Q 313 222 307 4253 0 0 0 0 0 0
366 Q 4251 929 3370 931 0 0 0 0 0 0
366 Q 0 3597 4253 3542 0 0 0 0 0 0
366 Q 56 4096 54 4095 0 0 0 0 0 0
366 Q 4453 4957 4455 255 0 0 0 0 0 0
366 Q 1828 4936 1907 2549 0 0 0 0 0 0
366 Q 1245 3634 4934 3585 0 0 0 0 0 0
366 Q 211 4957 211 4957 0 0 0 0 0 0
366 Q 691 3713 99 3662 0 0 0 0 0 0
366 Q 4171 1456 4967 1530 0 0 0 0 0 0
366 Q 2913 4969 2842 4483 0 0 0 0 0 0
366 Q 4483 1840 4982 1919 0 0 0 0 0 0
366 Q 187 4969 186 4984 0 0 0 0 0 0
366 Q 4828 2200 4967 2131 0 0 0 0 0 0
366 Q 4531 441 213 443 0 0 0 0 0 0
366 Q 1724 4099 1630 4533 0 0 0 0 0 0
366 Q 1296 101 1294 97 0 0 0 0 0 0
366 Q 4896 2179 101 2112 0 0 0 0 0 0
366 Q 4960 4827 4963 133 0 0 0 0 0 0
366 Q 507 3588 4876 3639 0 0 0 0 0 0
366 Q 1 2679 4874 2776 0 0 0 1 1 1
366 Q 5041 2120 4934 2187 0 0 0 0 0 0
366 Q 4765 1245 4754 5039 0 0 0 0 0 0
366 Q 5048 3 5048 3 0 0 0 0 0 0
366 Q 1516 5051 1591 4969 0 0 0 0 0 0
366 Q 4984 1928 5053 1847 0 0 0 0 0 0
366 Q 118 5040 119 5045 0 0 0 0 0 0
366 Q 5039 4748 4258 4746 0 0 -1 0 0 0
366 Q 5048 14 5049 15 0 0 0 0 0 0
366 Q 4525 4970 4514 0 0 0 0 0 0 0
366 Q 4532 2854 4972 2789 0 0 0 0 0 0
366 Q 132 4997 4967 5002 0 0 0 0 0 0
366 Q 1332 5052 1330 5045 0 0 0 0 0 0
366 Q 5040 1497 5050 1570 0 0 0 0 0 0
366 Q 4153 5031 4130 693 0 0 0 0 0 0
366 Q 4877 2699 5033 2604 0 0 0 0 0 0
366 Q 3771 3372 3792 103 0 0 0 0 0 0
366 Q 5037 5050 5035 133 0 0 0 0 0 0
366 Q 100 48 101 49 0 0 0 0 0 0
366 Q 352 75 355 71 0 0 0 0 0 0
366 Q 70 5024 15 5026 0 0 0 0 1 0
366 Q 4986 14 4989 74 0 0 0 0 0 0
366 Q 2598 5031 2697 5068 0 0 0 0 0 0
366 Q 5066 3709 99 3754 0 0 0 0 0 0
366 Q 1520 5007 1595 3373 0 0 0 0 0 0
366 Q 5009 662 102 663 0 0 0 0 0 0
366 Q 4251 3633 5006 3578 0 0 0 0 0 0
366 Q 4294 4253 4317 5064 0 0 0 0 0 0
366 Q 5062 2783 4970 2852 0 0 0 0 0 0
366 Q 5055 621 5007 623 0 0 0 0 0 0
366 Q 1872 4250 1790 5057 0 0 0 0 0 0
366 Q 5017 73 5019 71 0 0 1 0 0 0
366 Q 75 5011 72 5012 0 0 0 0 0 0
366 Q 107 2652 5067 2747 0 0 0 0 0 0
366 Q 617 5065 611 5057 0 0 0 0 0 0
366 Q 5083 205 106 207 0 0 0 0 0 0
366 Q 1716 5066 1622 5085 0 0 0 0 0 0
366 Q 105 1288 103 1286 0 0 0 0 0 0
366 Q 3548 5008 3599 105 0 0 0 0 0 0
366 Q 525 5073 519 105 0 0 0 0 0 0
366 Q 1585 5008 1506 5071 0 0 0 0 0 0
366 Q 5083 1620 5091 1710 0 0 0 0 0 0
366 Q 2731 5093 2636 106 0 0 0 0 0 0
366 Q 5055 3145 5070 3094 0 0 0 0 0 0
366 Q 1736 109 1642 5093 0 0 0 0 0 0
366 Q 5055 1788 5079 1866 0 0 0 0 0 0
366 Q 549 5070 543 5081 0 0 0 0 0 0
366 Q 5065 2887 5079 2820 0 0 0 0 0 0
366 Q 4971 2368 5076 2438 0 0 0 0 0 0
366 Q 668 5063 669 5074 0 0 0 0 0 0
366 Q 3605 5097 3550 105 0 0 0 0 0 0
366 Q 5073 1512 5095 1587 0 0 0 0 0 0
366 Q 5087 553 5078 552 0 0 0 0 0 0
366 Q 2185 5064 2114 5089 0 0 0 0 0 0
366 Q 2885 5094 2814 5081 0 0 0 0 0 0
366 Q 2404 5075 2475 5089 0 0 0 0 0 0
366 Q 50 109 51 108 0 0 0 0 0 0
366 Q 5099 353 5094 355 0 0 0 0 0 0
366 Q 1884 5081 1802 5101 0 0 0 0 0 0
366 Q 2833 5097 2898 110 0 0 0 0 0 0
366 Q 2384 5086 2455 5101 0 0 0 0 0 0
366 Q 5099 1800 5104 1878 0 0 0 0 0 0
366 Q 3606 5102 3557 5094 0 0 0 0 0 0
366 Q 2157 5109 2086 5103 0 0 0 0 0 0
366 Q 110 2867 5107 2800 0 0 0 0 0 0
366 Q 5107 177 112 176 0 0 0 0 0 0
366 Q 112 1313 110 1311 0 0 0 0 0 0
366 Q 5107 1464 5116 1538 0 0 0 0 0 0
366 Q 2464 5114 2391 112 0 0 0 0 0 0
366 Q 1822 5115 1905 115 0 0 0 0 0 0
366 Q 5103 1808 5110 1886 0 0 0 0 0 0
366 Q 179 5109 178 5112 0 0 0 0 0 0
366 Q 5115 1476 5120 1550 0 0 0 0 0 0
366 Q 120 115 121 5118 0 0 0 0 0 0
366 Q 5112 1893 5116 1811 0 0 0 0 0 0
366 Q 5119 1573 117 1494 0 0 0 0 0 0
366 Q 1333 117 1331 114 0 0 0 0 0 0
366 Q 116 52 117 53 0 0 0 0 0 0
