0
0 d=78
0
78 A 0 1 25 0 -25 0
78 A 0 2 77 0 -77 0
78 A 0 2 53 0 -53 0
78 A 0 2 25 0 -25 0
78 A 0 4 53 0 -53 0
78 A 7 0 0 1 0 1
78 A 23 0 0 8 0 8
78 A 31 0 0 8 0 8
78 A 37 0 0 18 0 18
78 A 4 0 1 1 1 -1
78 A 5 0 2 2 -2 2
78 A 5 0 2 1 -1 -2
78 A 5 0 -2 1 1 -2
78 A 5 0 1 1 1 -1
78 A 5 0 0 2 0 1
78 A 6 0 1 1 -1 1
78 A 7 0 3 3 1 -1
78 A 7 0 3 2 3 -2
78 A 7 0 3 1 -1 -2
78 A 7 0 -3 1 1 -2
78 A 7 0 -3 3 -1 -1
78 A 7 0 2 3 2 -3
78 A 7 0 2 2 -2 2
78 A 7 0 2 1 1 3
78 A 7 0 -2 1 -1 3
78 A 7 0 0 3 0 -2
78 A 8 0 3 3 3 -3
78 A 8 0 3 1 3 -1
78 A 8 0 1 3 1 -3
78 A 8 0 1 1 1 -1
78 A 0 1 37 0 -19 0
78 A 0 1 35 0 -29 0
78 A 0 1 23 0 -17 0
78 A -1 1 35 0 9 0
78 A 1 1 35 0 9 0
78 A 9 0 4 2 -1 -4
78 A 9 0 4 1 -1 -2
78 A 9 0 -4 1 1 -2
78 A 9 0 -4 2 1 -4
78 A 9 0 2 4 -2 4
78 A 9 0 2 2 -2 2
78 A 9 0 2 1 -2 1
78 A -2 1 37 1 19 1
78 A -2 1 35 1 29 1
78 A -2 1 19 0 -13 0
78 A -2 1 15 0 -11 0
78 A 2 1 19 0 -13 0
78 A 2 1 15 0 -11 0
78 A 2 1 -19 1 -37 1
78 A 2 1 -29 1 -35 1
78 A -3 1 28 1 14 0
78 A -3 1 16 1 29 1
78 A -3 1 13 1 35 1
78 A -3 1 13 0 17 1
78 A -3 1 10 0 23 1
78 A 3 1 -35 1 -13 1
78 A 3 1 -29 1 -16 1
78 A 3 1 14 0 28 -1
78 A 3 1 10 0 23 -1
78 A 3 1 13 0 17 -1
78 A -4 1 11 1 21 1
78 A -4 1 35 2 -31 -1
78 A -4 1 11 0 13 1
78 A 4 1 -13 1 -11 0
78 A 4 1 -21 1 -11 1
78 A 4 1 -31 1 35 -2
78 A 10 0 5 3 -5 -1
78 A -5 1 14 1 -28 -2
78 A -5 1 6 1 23 1
78 A -5 1 7 1 -33 -2
78 A 5 1 -6 1 -23 1
78 A 5 1 -28 2 14 -1
78 A 5 1 -33 2 7 -1
78 A 11 0 5 3 -5 3
78 A 11 0 1 3 1 -3
78 A 11 0 0 5 0 -2
78 A 11 0 0 4 0 3
78 A -7 1 15 2 21 2
78 A 7 1 -15 2 -21 2
78 A -8 1 17 1 9 1
78 A 8 1 -17 1 -9 1
78 A 12 0 5 2 -5 2
78 A 13 0 1 6 -1 6
78 A 13 0 1 4 -1 4
78 A 13 0 1 3 -1 3
78 A 15 0 7 2 -7 2
78 A 17 0 8 3 -8 3
78 A 17 0 0 4 0 3
78 A 23 0 8 4 -8 4
78 A 23 0 0 7 0 -4
78 A 33 0 16 8 -16 8
78 S 0 1 6 0
78 T 94 249 184 0 0
78 T 161 233 95 0 0
78 T 272 100 47 0 0
78 T 288 186 274 0 0
78 T 45 115 290 0 0
78 T 186 113 100 0 0
78 T 98 65 205 0 0
78 T 207 91 279 0 0
78 T 277 87 96 0 0
78 T 87 89 65 0 0
78 T 70 17 52 0 0
78 T 90 62 82 0 0
78 T 79 58 57 0 0
78 T 75 68 83 0 0
78 T 53 73 84 0 0
78 T 62 77 64 0 0
78 T 111 337 288 0 0
78 T 33 129 184 0 0
78 T 102 213 35 0 0
78 T 213 115 129 0 0
78 T 137 220 118 0 0
78 T 263 24 136 0 0
78 T 27 270 134 0 0
78 T 302 231 227 0 0
78 T 26 286 300 0 0
78 T 225 64 24 0 0
78 T 286 66 231 0 0
78 T 62 303 166 0 0
78 T 244 287 60 0 0
78 T 164 25 246 0 0
78 T 188 3 216 0 0
78 T 332 334 332 1 0
78 T 27 159 111 0 0
78 T 109 182 26 0 0
78 T 173 297 65 0 0
78 T 87 142 175 0 0
78 T 297 140 91 0 0
78 T 31 29 31 1 0
78 T 43 36 47 0 0
78 T 42 47 32 0 0
78 T 39 30 33 0 0
78 T 210 305 125 0 0
78 T 70 171 208 0 0
78 T 127 107 68 0 0
78 T 171 105 305 0 0
78 T 251 1 235 0 0
78 T 102 38 195 0 0
78 T 193 43 272 0 0
78 T 99 221 61 0 0
78 T 99 242 171 0 0
78 T 98 179 237 0 0
78 T 297 27 287 0 0
78 T 175 228 27 0 0
78 T 208 146 197 0 0
78 T 227 148 201 0 0
78 T 44 276 135 0 0
78 T 133 236 40 0 0
78 T 37 238 276 0 0
78 T 139 150 133 0 0
78 T 131 144 141 0 0
78 T 238 51 243 0 0
78 T 241 41 137 0 0
78 T 330 328 330 -1 0
78 T 310 307 314 0 0
78 T 312 246 229 0 0
78 T 182 1 159 0 0
78 T 280 282 280 1 0
78 T 216 315 188 0 0
78 T 212 258 40 0 0
78 T 101 45 258 0 0
78 T 204 133 116 0 0
78 T 194 115 141 0 0
78 T 88 113 295 0 0
78 T 293 194 298 0 0
78 T 123 104 52 0 0
78 T 197 308 121 0 0
78 T 54 179 199 0 0
78 T 308 177 104 0 0
78 T 162 102 112 0 0
78 T 140 36 160 0 0
78 T 131 82 164 0 0
78 T 303 90 129 0 0
78 T 203 297 246 0 0
78 T 62 25 201 0 0
78 T 301 215 295 0 0
78 T 293 218 230 0 0
78 T 224 216 215 0 0
78 T 271 79 260 0 0
78 T 348 350 348 1 0
78 T 262 57 254 0 0
78 T 58 271 252 0 0
78 T 259 162 291 0 0
78 T 123 152 125 0 0
78 T 82 266 96 0 0
78 T 90 222 266 0 0
78 T 138 47 265 0 0
78 T 117 91 47 0 0
78 T 166 48 172 0 0
78 T 264 243 35 0 0
78 T 339 346 119 0 0
78 T 81 171 34 0 0
78 T 32 210 73 0 0
78 T 295 245 188 0 0
78 T 3 5 3 -1 0
78 T 194 188 202 0 0
78 T 74 38 199 0 0
78 T 84 178 39 0 0
78 U 1 1 1 0 0
78 U 8 1 1 0 -1
78 U 12 5 4 0 0
78 U 48 4 4 0 0
78 U 14 5 4 0 0
78 U 6 3 2 0 0
78 U 2 2 2 0 0
78 U 10 3 2 0 0
78 Q 30 93 5 92 0 0 0 0 0 0
78 Q 249 3 233 144 0 0 0 0 0 0
78 Q 290 51 288 316 0 0 0 0 0 0
78 Q 318 111 327 109 0 0 0 0 0 0
78 Q 118 326 116 323 0 0 0 0 0 0
78 Q 7 322 6 323 0 0 0 0 0 0
78 Q 325 339 49 337 0 0 0 0 0 0
78 Q 138 325 132 0 0 0 0 0 0 0
78 Q 0 270 280 261 0 0 0 0 0 0
78 Q 24 282 25 327 0 0 0 0 0 0
78 Q 335 218 19 190 0 0 0 0 0 0
78 Q 280 182 318 159 0 0 0 0 0 0
78 Q 28 54 49 68 0 0 0 0 0 0
78 Q 28 232 317 248 0 0 0 0 0 0
78 Q 331 96 154 97 0 0 0 0 0 0
78 Q 63 4 65 329 0 0 0 0 0 0
78 Q 207 2 221 152 0 0 0 0 0 0
78 Q 169 342 179 153 0 0 0 0 0 0
78 Q 239 340 242 328 0 0 0 0 0 0
78 Q 1 210 334 199 0 0 0 0 1 0
78 Q 340 307 16 308 0 0 0 0 0 0
78 Q 231 20 246 342 0 0 0 0 0 0
78 Q 309 333 306 0 0 0 0 0 0 0
78 Q 3 323 3 323 0 0 0 0 0 0
78 Q 321 220 0 206 0 0 0 0 0 0
78 Q 0 153 0 153 0 0 0 0 0 0
78 Q 343 173 348 167 0 0 0 0 0 0
78 Q 350 25 21 24 0 0 0 0 0 0
78 Q 51 258 2 274 0 0 0 0 0 0
78 Q 156 23 181 351 0 0 0 0 0 0
78 Q 317 185 5 160 0 0 0 0 0 0
78 Q 11 18 10 19 0 0 0 0 0 0
78 Q 346 49 344 322 0 0 0 0 0 0
78 Q 21 109 22 111 0 0 0 0 0 0
78 Q 23 9 22 8 0 0 0 0 0 0
78 Q 13 16 12 17 0 0 0 0 0 0
78 Q 4 254 0 252 -1 0 0 0 -1 0
78 Q 3 59 280 58 0 0 0 0 0 0
78 Q 1 123 0 125 0 0 1 0 0 0
78 Q 346 15 345 7 0 0 0 0 0 0
