0
0 d=871
0
871 A 4 0 -1 2 1 -2
871 A 5 0 2 1 -2 -1
871 A 7 0 3 1 -3 -1
871 A 8 0 3 2 -3 -2
871 A 8 0 -3 2 3 -2
871 A 8 0 1 2 -1 -2
871 A 8 0 -1 2 1 -2
871 A 10 0 3 4 -3 -4
871 A 11 0 4 3 -4 -3
871 A 14 0 -3 6 3 -6
871 A -2 1 87 1 -87 -1
871 A -2 1 21 0 -21 0
871 A -2 1 107 1 -107 -1
871 A 1 1 21 0 -21 0
871 A 1 1 -88 1 88 -1
871 A 1 1 -108 1 108 -1
871 A -3 1 94 1 -94 -1
871 A -3 1 108 1 -108 -1
871 A -3 1 15 0 -15 0
871 A 2 1 -109 1 109 -1
871 A 2 1 -95 1 95 -1
871 A 2 1 15 0 -15 0
871 A -4 1 87 1 -87 -1
871 A 3 1 -88 1 88 -1
871 A -5 1 64 1 -64 -1
871 A 4 1 -65 1 65 -1
871 A -6 1 57 1 -57 -1
871 A -6 1 55 1 -55 -1
871 A 5 1 -56 1 56 -1
871 A 5 1 -58 1 58 -1
871 A 16 0 -5 2 5 -2
871 A 16 0 -3 6 3 -6
871 A 16 0 3 2 -3 -2
871 A 16 0 5 6 -5 -6
871 A -7 1 65 2 -65 -2
871 A 6 1 -67 2 67 -2
871 A 17 0 -2 4 2 -4
871 A -10 1 81 3 -81 -3
871 A 9 1 -84 3 84 -3
871 A 20 0 7 6 -7 -6
871 A 20 0 -3 6 3 -6
871 A -14 1 81 5 -81 -5
871 A -14 1 21 2 -21 -2
871 A 13 1 -86 5 86 -5
871 A 13 1 -23 2 23 -2
871 A 22 0 7 8 -7 -8
871 A 23 0 10 3 -10 -3
871 A -19 1 55 6 -55 -6
871 A -19 1 22 1 -22 -1
871 A 18 1 -61 6 61 -6
871 A 18 1 -23 1 23 -1
871 A 28 0 11 6 -11 -6
871 A 28 0 -3 6 3 -6
871 A 29 0 12 5 -12 -5
871 A -26 1 75 9 -75 -9
871 A 25 1 -84 9 84 -9
871 A -1 2 66 0 -66 0
871 A -4 2 131 0 -131 0
871 A 2 2 131 0 -131 0
871 A -6 2 91 2 -91 -2
871 A 4 2 -93 2 93 -2
871 A -27 1 10 3 -10 -3
871 A 26 1 -13 3 13 -3
871 A -14 2 37 2 -37 -2
871 A 12 2 -39 2 39 -2
871 A -20 2 23 2 -23 -2
871 A 18 2 -25 2 25 -2
871 A 5 0 -1 2 -1 2
871 A 9 0 -2 4 -2 4
871 A 15 0 4 7 4 7
871 A 15 0 -1 2 -1 2
871 A 17 0 8 1 8 1
871 A 19 0 5 9 5 9
871 A 5 0 -2 2 0 1
871 A 5 0 -1 1 0 2
871 A 7 0 -4 3 -1 -3
871 A 7 0 -4 2 -1 -1
871 A 7 0 -3 3 0 -2
871 A 7 0 2 3 -1 2
871 A 7 0 2 2 2 -1
871 A 7 0 -2 2 0 -3
871 A 7 0 -1 1 0 1
871 A 9 0 -5 4 1 4
871 A 9 0 -5 2 -3 4
871 A 9 0 4 1 1 -2
871 A 9 0 -4 1 -3 2
871 A 9 0 -4 2 -1 -1
871 A 9 0 -4 4 0 -1
871 A 9 0 -6 4 -2 -4
871 A 9 0 3 2 -1 4
871 A 9 0 3 1 1 2
871 A 9 0 -3 1 -2 -1
871 A 9 0 2 2 2 -1
871 A 9 0 -2 2 0 -2
871 A 9 0 -1 1 0 -4
871 A 11 0 -6 4 1 2
871 A 11 0 -6 2 3 -4
871 A 11 0 5 1 -1 2
871 A 11 0 -5 1 -1 -3
871 A 11 0 -5 2 2 5
871 A 11 0 -5 3 -3 1
871 A 11 0 -5 4 2 -3
871 A 11 0 -5 5 0 1
871 A 11 0 -7 5 3 2
871 A 11 0 4 2 1 -4
871 A 11 0 4 1 4 -3
871 A 11 0 -4 1 -3 -1
871 A 11 0 -4 4 0 4
871 A 11 0 -4 5 -1 5
871 A 11 0 3 5 2 -4
871 A 11 0 -3 2 2 4
871 A 11 0 -3 3 0 -2
871 A 11 0 -3 5 2 -5
871 A 11 0 2 3 2 1
871 A 11 0 -2 2 0 -3
871 A 11 0 1 4 1 -3
871 A 11 0 -1 1 0 5
871 A 12 0 5 2 -1 2
871 A 12 0 -5 2 -3 -2
871 A 12 0 -3 2 -1 -2
871 A 13 0 -7 6 -4 2
871 A 13 0 -7 5 7 -2
871 A 13 0 -7 4 -3 -4
871 A 13 0 -7 3 4 3
871 A 13 0 -6 1 5 1
871 A 13 0 -6 2 -4 -2
871 A 13 0 -6 3 4 4
871 A 13 0 -6 4 5 -3
871 A 13 0 -6 5 3 2
871 A 13 0 -6 6 0 5
871 A 13 0 -8 6 -2 -6
871 A 13 0 -8 5 3 5
871 A 13 0 -8 4 3 3
871 A 13 0 5 2 -2 -5
871 A 13 0 -5 1 1 -3
871 A 13 0 -5 2 1 5
871 A 13 0 -5 4 3 -1
871 A 13 0 -5 5 0 6
871 A 13 0 -5 6 3 -5
871 A 13 0 -9 6 -1 -2
871 A 13 0 4 1 2 -3
871 A 13 0 -4 1 -4 3
871 A 13 0 -4 4 0 1
871 A 13 0 -4 5 1 -5
871 A 13 0 -4 6 -2 6
871 A 13 0 3 6 3 -2
871 A 13 0 3 1 1 3
871 A 13 0 -3 3 0 -3
871 A 13 0 -3 4 -1 4
871 A 13 0 2 4 -2 -3
871 A 13 0 2 2 1 6
871 A 13 0 2 1 -1 -4
871 A 13 0 -2 1 -1 -1
871 A 13 0 -2 2 0 2
871 A 13 0 -1 1 0 4
871 A 13 0 -1 6 2 -5
871 A -1 1 107 0 55 0
871 A -1 1 105 0 -27 0
871 A -1 1 103 0 91 0
871 A -1 1 101 0 41 0
871 A -1 1 95 0 39 0
871 A -1 1 83 0 21 0
871 A -1 1 81 0 -35 0
871 A -1 1 77 0 -17 0
871 A -1 1 65 0 57 0
871 A -1 1 53 0 37 0
871 A -1 1 51 0 47 0
871 A -1 1 29 0 15 0
871 A -1 1 23 0 -19 0
871 A 0 1 107 0 55 0
871 A 0 1 105 0 -27 0
871 A 0 1 103 0 91 0
871 A 0 1 101 0 41 0
871 A 0 1 95 0 39 0
871 A 0 1 83 0 21 0
871 A 0 1 81 0 -35 0
871 A 0 1 77 0 -17 0
871 A 0 1 65 0 57 0
871 A 0 1 53 0 37 0
871 A 0 1 51 0 47 0
871 A 0 1 29 0 15 0
871 A 0 1 23 0 -19 0
871 A -2 1 105 1 37 0
871 A -2 1 101 1 -47 0
871 A -2 1 99 1 -61 0
871 A -2 1 89 1 29 0
871 A -2 1 85 1 -43 0
871 A -2 1 81 1 53 0
871 A -2 1 79 1 19 0
871 A -2 1 77 1 -39 0
871 A -2 1 67 0 -23 0
871 A -2 1 59 0 41 0
871 A -2 1 57 0 27 0
871 A 1 1 67 0 -23 0
871 A 1 1 61 0 -100 1
871 A 1 1 59 0 41 0
871 A 1 1 57 0 27 0
871 A 1 1 53 0 82 -1
871 A 1 1 47 0 -102 1
871 A 1 1 43 0 -86 1
871 A 1 1 39 0 -78 1
871 A 1 1 37 0 106 -1
871 A 1 1 29 0 90 -1
871 A 1 1 19 0 80 -1
871 A -3 1 106 1 -37 0
871 A -3 1 82 1 -29 0
871 A -3 1 76 1 17 0
871 A -3 1 64 1 -104 -1
871 A -3 1 52 1 54 1
871 A -3 1 31 0 62 1
871 A -3 1 19 0 -56 -1
871 A -3 1 44 1 78 1
871 A -3 1 50 1 -90 -1
871 A -3 1 80 1 -27 0
871 A -3 1 39 0 -23 0
871 A -3 1 33 0 92 1
871 A 2 1 -107 1 37 0
871 A 2 1 -105 1 65 -1
871 A 2 1 -93 1 -33 0
871 A 2 1 -91 1 51 -1
871 A 2 1 39 0 -23 0
871 A 2 1 31 0 63 -1
871 A 2 1 29 0 -83 1
871 A 2 1 27 0 -81 1
871 A 2 1 19 0 -57 1
871 A 2 1 17 0 77 -1
871 A 2 1 -45 1 -79 1
871 A 2 1 -53 1 -55 1
871 A 15 0 7 1 -2 4
871 A 15 0 -7 2 5 -4
871 A 15 0 -7 4 -3 -4
871 A 15 0 -7 7 0 -4
871 A 15 0 -9 4 10 -7
871 A 15 0 -6 1 -5 2
871 A 15 0 -6 2 -1 7
871 A 15 0 -6 7 4 2
871 A 15 0 5 4 -3 -7
871 A 15 0 5 2 -1 -4
871 A 15 0 5 1 3 2
871 A 15 0 -5 1 -2 7
871 A 15 0 -5 7 4 1
871 A 15 0 -4 4 0 -7
871 A -4 1 35 1 -55 -1
871 A -4 1 39 1 -99 -2
871 A -4 1 43 1 -89 -1
871 A -4 1 103 2 29 0
871 A -4 1 83 1 33 1
871 A -4 1 79 1 -93 -1
871 A -4 1 31 0 85 1
871 A -4 1 27 0 17 0
871 A -4 1 19 0 -101 -2
871 A -4 1 37 1 -93 -2
871 A -4 1 45 1 57 1
871 A -4 1 53 1 -105 -2
871 A 3 1 -94 1 80 -1
871 A 3 1 31 0 86 -1
871 A 3 1 19 0 -103 2
871 A 3 1 17 0 27 0
871 A 3 1 29 0 105 -2
871 A 3 1 -38 1 95 -2
871 A 3 1 -44 1 90 -1
871 A 3 1 -56 1 36 -1
871 A 3 1 -101 2 40 -1
871 A 3 1 -107 2 54 -1
871 A 3 1 -84 1 -34 1
871 A 3 1 -46 1 -58 1
871 A -5 1 89 2 -103 -2
871 A -5 1 79 2 -105 -2
871 A -5 1 54 1 -107 -2
871 A -5 1 34 1 56 1
871 A -5 1 24 1 36 1
871 A -5 1 19 0 25 0
871 A -5 1 26 1 23 0
871 A -5 1 91 2 -28 -1
871 A -5 1 62 1 93 2
871 A -5 1 52 1 -66 -1
871 A -5 1 32 1 40 1
871 A 4 1 25 0 19 0
871 A 4 1 -25 1 -37 1
871 A 4 1 -29 1 93 -2
871 A 4 1 -33 1 -41 1
871 A 4 1 -53 1 67 -1
871 A 4 1 -57 1 -35 1
871 A 4 1 -81 2 107 -2
871 A 4 1 -105 2 91 -2
871 A 4 1 -109 2 55 -1
871 A 4 1 23 0 27 -1
871 A 4 1 -63 1 -95 2
871 A -6 1 99 3 -47 -1
871 A -6 1 63 2 -37 -1
871 A -6 1 57 2 97 3
871 A -6 1 33 1 77 2
871 A -6 1 21 0 53 1
871 A -6 1 101 3 19 1
871 A -6 1 83 2 -41 -1
871 A -6 1 65 2 -23 -1
871 A -6 1 59 1 91 2
871 A -6 1 35 1 -103 -3
871 A -6 1 17 0 -61 -2
871 A -6 1 97 2 79 2
871 A 5 1 -99 2 -81 2
871 A 5 1 -54 1 -21 0
871 A 5 1 -36 1 106 -3
871 A 5 1 -42 1 85 -2
871 A 5 1 17 0 -63 2
871 A 5 1 -38 1 65 -2
871 A 5 1 -48 1 102 -3
871 A 5 1 -93 2 -60 1
871 A 5 1 -20 1 -104 3
871 A 5 1 -100 3 -59 2
871 A 5 1 -67 2 24 -1
871 A 5 1 -34 1 -79 2
871 A 16 0 -9 6 1 2
871 A 16 0 -7 2 -1 6
871 A 16 0 -7 6 -1 -6
871 A 16 0 -5 6 5 2
871 A 16 0 -3 2 3 6
871 A 16 0 -1 2 -7 -2
871 A -7 1 102 3 79 2
871 A -7 1 88 3 24 1
871 A -7 1 67 2 -47 -2
871 A -7 1 53 2 83 2
871 A -7 1 46 1 82 3
871 A -7 1 80 3 -100 -3
871 A -7 1 26 1 49 2
871 A -7 1 19 0 34 1
871 A -7 1 16 1 92 3
871 A -7 1 86 3 17 0
871 A -7 1 55 2 -42 -1
871 A -7 1 20 1 63 2
871 A -7 1 98 3 -52 -1
871 A -7 1 14 1 85 2
871 A -7 1 106 3 -36 -1
871 A 6 1 -53 1 101 -3
871 A 6 1 -47 1 -85 3
871 A 6 1 -35 1 -19 0
871 A 6 1 17 0 89 -3
871 A 6 1 -25 1 -91 3
871 A 6 1 -37 1 109 -3
871 A 6 1 -43 1 57 -2
871 A 6 1 -49 2 69 -2
871 A 6 1 -55 2 -85 2
871 A 6 1 -103 3 83 -3
871 A 6 1 -17 1 -95 3
871 A 6 1 -65 2 -21 1
871 A 6 1 -105 3 -81 2
871 A 6 1 -87 2 -15 1
871 A 6 1 -27 1 -51 2
871 A -8 1 21 1 69 2
871 A -8 1 77 3 -11 -1
871 A -8 1 101 4 79 3
871 A -8 1 37 1 -51 -2
871 A -8 1 19 1 55 2
871 A -8 1 27 1 -39 -1
871 A -8 1 43 2 49 2
871 A -8 1 99 4 15 1
871 A -8 1 25 1 67 2
871 A -8 1 73 3 -89 -3
871 A -8 1 97 4 -17 0
871 A -8 1 65 2 91 3
871 A -8 1 43 1 -35 -1
871 A 7 1 -67 2 -94 3
871 A 7 1 17 0 -101 4
871 A 7 1 -38 1 53 -2
871 A 7 1 -45 2 -51 2
871 A 7 1 -80 3 12 -1
871 A 7 1 -40 1 28 -1
871 A 7 1 -16 1 -103 4
871 A 7 1 -44 1 36 -1
871 A 7 1 -69 2 -26 1
871 A 7 1 -22 1 -71 2
871 A 7 1 -57 2 -20 1
871 A 7 1 -92 3 76 -3
871 A 7 1 -105 4 -82 3
871 A 17 0 -9 8 -4 2
871 A 17 0 -9 3 4 2
871 A 17 0 -8 3 3 -5
871 A 17 0 -8 4 4 4
871 A 17 0 -8 6 -10 4
871 A 17 0 -8 7 11 -8
871 A 17 0 -8 8 0 -5
871 A 17 0 -10 8 -1 -4
871 A 17 0 -10 7 10 -5
871 A 17 0 -7 2 -2 6
871 A 17 0 -7 3 4 3
871 A 17 0 -7 4 -2 3
871 A 17 0 -7 5 -7 8
871 A 17 0 -7 6 1 6
871 A 17 0 -7 7 0 4
871 A 17 0 -11 7 -4 -7
871 A 17 0 -6 2 6 3
871 A 17 0 -6 4 -1 -2
871 A 17 0 -6 5 -1 -5
871 A 17 0 -5 2 1 -5
871 A 17 0 -5 4 -2 -8
871 A 17 0 -5 5 0 -8
871 A 17 0 -5 8 1 3
871 A 17 0 -4 3 -3 8
871 A 17 0 -4 4 0 7
871 A 17 0 -4 5 -3 -2
871 A 17 0 -4 6 5 2
871 A 17 0 -4 8 1 -2
871 A 17 0 -3 2 -2 -4
871 A 17 0 -3 3 0 -2
871 A 17 0 -3 6 7 3
871 A 17 0 -2 2 0 -3
871 A 17 0 -2 5 -5 -3
871 A 17 0 -1 3 3 4
871 A 17 0 -1 8 2 5
871 A 17 0 1 7 -3 -8
871 A 17 0 1 8 2 2
871 A 17 0 2 6 6 4
871 A 17 0 3 7 -5 -5
871 A 17 0 5 7 6 5
871 A -9 1 91 4 101 4
871 A -9 1 82 3 105 4
871 A -9 1 64 3 -42 -1
871 A -9 1 28 1 38 1
871 A -9 1 10 1 43 2
871 A -9 1 84 3 -63 -2
871 A -9 1 30 1 -92 -3
871 A -9 1 12 1 51 2
871 A -9 1 86 3 -59 -2
871 A -9 1 14 1 45 2
871 A -9 1 85 4 103 4
871 A -9 1 76 3 -80 -3
871 A -9 1 40 1 53 2
871 A 8 1 -11 1 -45 2
871 A 8 1 -43 1 67 -3
871 A 8 1 -83 3 79 -3
871 A 8 1 -107 4 -89 4
871 A 8 1 -95 3 31 -1
871 A 8 1 -87 3 65 -2
871 A 8 1 -55 2 -41 1
871 A 8 1 -39 1 -29 1
871 A 8 1 -89 3 61 -2
871 A 8 1 -105 4 -95 4
871 A 8 1 -15 1 -47 2
871 A 8 1 -13 1 -53 2
871 A 8 1 -85 3 -109 4
871 A -10 1 83 3 99 4
871 A -10 1 63 3 -33 -2
871 A -10 1 53 3 101 4
871 A -10 1 53 2 95 4
871 A -10 1 13 1 -47 -2
871 A -10 1 17 1 37 2
871 A -10 1 57 3 -91 -4
871 A -10 1 67 3 87 4
871 A -10 1 77 4 -89 -4
871 A -10 1 61 2 9 1
871 A -10 1 21 1 99 5
871 A -10 1 19 1 -55 -3
871 A -10 1 79 3 -45 -2
871 A -10 1 59 2 -29 -1
871 A -10 1 27 1 -15 -1
871 A -10 1 75 4 -55 -2
871 A 9 1 -82 3 47 -2
871 A 9 1 -55 2 -99 4
871 A 9 1 -28 1 16 -1
871 A 9 1 -35 2 66 -3
871 A 9 1 -57 2 79 -4
871 A 9 1 -30 1 61 -2
871 A 9 1 -60 3 95 -4
871 A 9 1 -105 4 -56 3
871 A 9 1 -86 3 -103 4
871 A 9 1 -22 1 -104 5
871 A 9 1 -49 2 14 -1
871 A 9 1 -58 3 20 -1
871 A 9 1 -63 2 -10 1
871 A 9 1 -18 1 -39 2
871 A 9 1 -81 4 93 -4
871 A 9 1 -70 3 -91 4
871 A -11 1 54 3 27 2
871 A -11 1 32 1 39 2
871 A -11 1 10 1 -81 -4
871 A -11 1 12 1 35 2
871 A -11 1 100 5 -58 -3
871 A -11 1 52 3 16 1
871 A -11 1 83 4 -20 -1
871 A -11 1 28 1 -88 -5
871 A -11 1 70 3 77 4
871 A -11 1 73 4 -102 -5
871 A -11 1 46 3 93 4
871 A -11 1 31 2 66 3
871 A -11 1 22 1 104 5
871 A -11 1 64 3 49 2
871 A 10 1 -85 4 11 -1
871 A 10 1 -55 3 -17 1
871 A 10 1 -105 5 61 -3
871 A 10 1 -73 3 -81 4
871 A 10 1 -33 1 -41 2
871 A 10 1 -23 1 -109 5
871 A 10 1 -37 2 -13 1
871 A 10 1 -57 3 -29 2
871 A 10 1 -67 3 -51 2
871 A 10 1 -77 4 107 -5
871 A 10 1 -87 4 21 -1
871 A 10 1 -97 4 -49 3
871 A 10 1 -29 1 93 -5
871 A 10 1 -69 3 -33 2
871 A -12 1 31 1 -33 -2
871 A -12 1 17 1 -97 -6
871 A -12 1 77 5 -11 -1
871 A -12 1 93 5 -107 -5
871 A -12 1 47 3 -61 -3
871 A -12 1 61 4 37 2
871 A 11 1 -98 5 112 -5
871 A 11 1 -32 1 35 -2
871 A 11 1 -12 1 82 -5
871 A 11 1 -39 2 -65 4
871 A 11 1 -18 1 103 -6
871 A 11 1 -64 3 50 -3
871 A 19 0 -10 9 -10 5
871 A 19 0 -10 8 3 -7
871 A 19 0 -10 7 4 3
871 A 19 0 -10 4 -5 3
871 A 19 0 -10 3 -7 -3
871 A 19 0 -9 2 -3 -9
871 A 19 0 -9 3 3 -8
871 A 19 0 -9 4 -5 -4
871 A 19 0 -9 7 7 -4
871 A 19 0 -11 8 3 8
871 A 19 0 -11 7 8 -5
871 A 19 0 8 3 -4 8
871 A 19 0 -8 2 -4 5
871 A 19 0 -8 3 -2 -5
871 A 19 0 -8 4 -3 -3
871 A 19 0 -8 9 1 -9
871 A 19 0 -12 9 -7 -2
871 A 19 0 -12 8 5 -9
871 A 19 0 -7 3 3 7
871 A 19 0 -7 5 -5 -3
871 A 19 0 -7 9 3 -4
871 A 19 0 -13 9 2 -5
871 A 19 0 6 7 1 -2
871 A 19 0 6 4 2 3
871 A 19 0 6 3 5 -8
871 A 19 0 6 2 -1 5
871 A 19 0 -6 3 -4 -4
871 A 19 0 -6 5 -6 8
871 A 19 0 5 5 1 9
871 A 19 0 4 9 3 -5
871 A 19 0 4 8 4 -9
871 A 19 0 4 7 -3 -5
871 A 19 0 -4 7 -2 -8
871 A 19 0 3 4 -2 -7
871 A 19 0 -3 2 1 2
871 A 19 0 1 5 -2 8
871 A 19 0 -1 4 2 -9
871 A -13 1 70 5 -91 -6
871 A -13 1 57 4 -97 -6
871 A -13 1 24 1 -52 -3
871 A -13 1 76 5 35 2
871 A -13 1 14 1 -58 -3
871 A -13 1 40 3 45 2
871 A -13 1 92 5 -42 -3
871 A -13 1 74 5 61 4
871 A -13 1 19 2 -81 -4
871 A -13 1 59 4 -90 -5
871 A -13 1 101 6 65 4
871 A -13 1 103 6 -18 -1
871 A 12 1 -65 4 -79 5
871 A 12 1 -15 1 61 -3
871 A 12 1 -63 4 95 -5
871 A 12 1 -75 5 97 -6
871 A 12 1 -47 2 -43 3
871 A 12 1 -25 1 55 -3
871 A 12 1 -37 2 -81 5
871 A 12 1 -61 4 103 -6
871 A 12 1 -85 4 21 -2
871 A 12 1 -97 5 45 -3
871 A 12 1 -109 6 19 -1
871 A 12 1 -107 6 -69 4
871 A 20 0 -11 6 -5 2
871 A 20 0 9 2 -1 2
871 A 20 0 -7 2 -5 6
871 A 20 0 5 6 3 2
871 A 20 0 5 2 -1 6
871 A -14 1 73 5 95 7
871 A -14 1 25 1 27 1
871 A -14 1 23 2 79 5
871 A -14 1 65 4 63 4
871 A -14 1 79 6 -13 -1
871 A -14 1 107 6 -55 -4
871 A -14 1 83 6 -61 -3
871 A -14 1 15 1 -41 -2
871 A -14 1 55 3 -19 -1
871 A 13 1 -67 4 -69 4
871 A 13 1 -28 1 -26 1
871 A 13 1 -89 6 64 -3
871 A 13 1 -102 7 -78 5
871 A 13 1 -14 1 85 -6
871 A 13 1 -113 6 59 -4
871 A 13 1 -43 2 16 -1
871 A 13 1 -84 5 -25 2
871 A 13 1 -58 3 20 -1
871 A -15 1 102 7 78 5
871 A -15 1 87 6 -58 -5
871 A -15 1 65 4 -53 -4
871 A -15 1 20 1 -84 -5
871 A -15 1 25 2 -89 -6
871 A -15 1 55 4 -37 -2
871 A -15 1 58 3 -97 -6
871 A -15 1 43 2 -69 -4
871 A -15 1 77 6 26 1
871 A -15 1 36 3 -22 -1
871 A -15 1 67 4 -46 -3
871 A -15 1 16 1 39 2
871 A 14 1 -103 6 61 -3
871 A 14 1 -89 5 21 -1
871 A 14 1 -23 1 39 -3
871 A 14 1 -93 6 63 -5
871 A 14 1 -83 5 -109 7
871 A 14 1 -69 4 57 -4
871 A 14 1 -41 2 -17 1
871 A 14 1 -27 1 -83 6
871 A 14 1 -71 4 49 -3
871 A 14 1 -27 2 95 -6
871 A 14 1 -73 4 45 -2
871 A 14 1 -39 2 59 -4
871 A 21 0 -11 10 -8 4
871 A 21 0 -11 2 6 -8
871 A 21 0 -10 10 0 5
871 A 21 0 -12 10 -8 2
871 A 21 0 -12 5 -7 10
871 A 21 0 9 2 2 -8
871 A 21 0 -9 2 -7 4
871 A 21 0 -9 4 1 5
871 A 21 0 -9 8 5 -2
871 A 21 0 -13 10 -3 -10
871 A 21 0 8 5 5 -10
871 A 21 0 -14 10 -5 -2
871 A 21 0 7 5 -3 10
871 A 21 0 7 2 3 4
871 A 21 0 -7 2 -4 -10
871 A 21 0 -7 8 -1 8
871 A 21 0 6 2 2 10
871 A 21 0 -6 5 5 4
871 A 21 0 -6 10 4 -10
871 A 21 0 -5 5 0 10
871 A 21 0 4 4 1 10
871 A 21 0 3 2 -1 -8
871 A -16 1 73 6 -91 -6
871 A -16 1 17 1 47 4
871 A -16 1 15 2 -23 -1
871 A -16 1 27 2 67 6
871 A -16 1 37 2 41 2
871 A -16 1 63 4 55 4
871 A -16 1 13 2 77 6
871 A 15 1 -18 1 -51 4
871 A 15 1 -43 2 -39 2
871 A 15 1 -17 2 24 -1
871 A 15 1 -59 4 -67 4
871 A 15 1 -97 6 79 -6
871 A 15 1 -83 6 -15 2
871 A 15 1 -29 2 -73 6
871 A -17 1 89 6 25 2
871 A -17 1 91 6 16 1
871 A 16 1 -97 6 -17 1
871 A 16 1 -95 6 -27 2
871 A -18 1 45 3 91 7
871 A -18 1 31 3 -19 -1
871 A -18 1 31 2 -93 -7
871 A -18 1 69 7 -25 -1
871 A -18 1 53 4 -37 -4
871 A 17 1 -98 7 -48 3
871 A 17 1 -33 2 100 -7
871 A 17 1 -26 1 76 -7
871 A 17 1 -57 4 41 -4
871 A 17 1 -20 1 34 -3
871 A 23 0 -12 11 -5 -9
871 A 23 0 -11 11 0 4
871 A 23 0 -13 7 -13 4
871 A 23 0 -10 6 -4 -6
871 A 23 0 -14 9 -1 -11
871 A 23 0 -14 6 4 3
871 A 23 0 -9 6 8 -7
871 A 23 0 -9 11 -1 -6
871 A 23 0 -15 9 5 -4
871 A 23 0 -8 3 5 3
871 A 23 0 -8 6 -1 -3
871 A 23 0 -8 10 -16 11
871 A 23 0 -8 11 -5 3
871 A 23 0 -7 3 8 6
871 A 23 0 -7 6 2 -11
871 A 23 0 -5 10 -3 6
871 A 23 0 -4 3 -2 -6
871 A 23 0 -4 4 0 11
871 A 23 0 -3 11 2 3
871 A 23 0 -2 10 5 11
871 A 23 0 1 4 -6 -9
871 A 23 0 1 7 -3 -6
871 A 23 0 6 7 9 4
871 A 23 0 6 11 -9 -5
871 A -19 1 53 6 19 2
871 A -19 1 98 9 -77 -8
871 A -19 1 45 4 66 7
871 A -19 1 68 7 20 1
871 A 18 1 -59 6 -21 2
871 A 18 1 -21 1 -75 7
871 A 18 1 -73 7 -49 4
871 A 18 1 -107 9 85 -8
871 A 24 0 -13 10 -3 -10
871 A 24 0 -11 2 3 -2
871 A 24 0 9 2 -1 -2
871 A 24 0 7 10 1 -2
871 A -20 1 33 2 -73 -7
871 A -20 1 73 8 -17 -3
871 A -20 1 55 6 21 1
871 A -20 1 21 2 9 2
871 A -20 1 19 2 -83 -7
871 A 19 1 -90 7 21 -2
871 A 19 1 -81 8 20 -3
871 A 19 1 -22 1 -61 6
871 A 19 1 -35 2 80 -7
871 A 19 1 -11 2 -23 2
871 A 25 0 -12 7 -10 -4
871 A 25 0 -14 4 -5 -7
871 A 25 0 -11 7 4 7
871 A 25 0 -10 6 -17 12
871 A 25 0 -10 12 9 -4
871 A 25 0 -8 6 -7 4
871 A 25 0 -6 12 -1 2
871 A 25 0 -3 6 -2 4
871 A 25 0 -2 12 -5 -4
871 A 25 0 2 6 3 4
871 A 25 0 4 6 5 12
871 A -21 1 25 4 73 6
871 A -21 1 51 6 -50 -5
871 A -21 1 73 8 24 1
871 A -21 1 97 10 49 4
871 A -21 1 76 9 23 2
871 A 20 1 -29 4 -79 6
871 A 20 1 -53 4 -107 10
871 A 20 1 -25 2 -85 9
871 A 20 1 -25 1 -81 8
871 A 20 1 -55 5 57 -6
871 A -22 1 21 1 77 8
871 A -22 1 23 2 -71 -6
871 A -22 1 91 8 -53 -5
871 A 21 1 -25 2 77 -6
871 A 21 1 -22 1 -85 8
871 A 21 1 -99 8 58 -5
871 A -23 1 5 2 -25 -2
871 A -23 1 49 6 -36 -5
871 A 22 1 -55 6 41 -5
871 A 22 1 -27 2 7 -2
871 A 27 0 -15 11 -10 13
871 A 27 0 -15 8 2 10
871 A 27 0 -12 10 7 8
871 A 27 0 -17 8 -9 13
871 A 27 0 10 7 -5 10
871 A 27 0 -18 11 2 7
871 A 27 0 9 8 -4 13
871 A 27 0 -9 7 7 11
871 A 27 0 -19 13 3 2
871 A 27 0 -7 13 6 -13
871 A 27 0 6 13 -5 2
871 A 27 0 4 11 -3 13
871 A 28 0 -15 6 3 2
871 A 28 0 -17 10 -7 -2
871 A 28 0 -11 2 -1 6
871 A 28 0 9 6 -5 2
871 A 28 0 9 2 -5 6
871 A 28 0 -9 2 -7 -10
871 A 28 0 -7 2 3 -10
871 A 28 0 -7 10 -5 -2
871 A -25 1 17 2 68 9
871 A -25 1 71 10 -29 -2
871 A 24 1 -81 10 31 -2
871 A 24 1 -19 2 -77 9
871 A 29 0 -13 11 -4 7
871 A 29 0 -12 6 2 2
871 A 29 0 -10 7 -5 -2
871 A 29 0 -9 7 -2 -7
871 A 29 0 -7 2 -3 -7
871 A 29 0 -4 2 6 6
871 A 29 0 -3 7 2 11
871 A -26 1 9 2 -55 -5
871 A -26 1 51 5 55 6
871 A -26 1 77 9 -57 -5
871 A -26 1 93 11 -19 -2
871 A 25 1 -62 5 86 -9
871 A 25 1 -56 5 -61 6
871 A 25 1 -60 5 11 -2
871 A 25 1 -21 2 104 -11
871 A -1 2 -71 1 -105 0
871 A -3 2 155 1 -190 -1
871 A -3 2 29 1 43 0
871 A -3 2 42 1 -171 0
871 A -3 2 44 0 -179 0
871 A 1 2 179 0 -44 0
871 A 1 2 171 0 -43 1
871 A 1 2 43 0 30 -1
871 A 1 2 -156 1 191 -1
871 A -5 2 32 0 189 2
871 A 3 2 -191 2 -32 0
871 A -9 2 46 0 -52 -2
871 A -9 2 42 1 173 4
871 A 7 2 46 0 -54 2
871 A 7 2 -43 1 -177 4
871 A -10 2 33 0 -91 -2
871 A 8 2 33 0 -93 2
871 A 31 0 13 5 4 -8
871 A -11 2 106 2 -72 -2
871 A 9 2 -108 2 74 -2
871 A -13 2 155 4 189 5
871 A 11 2 -159 4 -194 5
871 A 33 0 9 13 -11 8
871 A 33 0 -22 13 3 8
871 A -31 1 30 7 68 11
871 A 30 1 -37 7 -79 11
871 S 1 1 4 0
871 S -3 1 8 0
871 S -1 3 8 0
871 S -8 3 14 0
871 S -4 5 14 0
871 S 2 1 14 0
871 S -3 2 7 0
871 S 2 1 7 0
871 S -1 3 7 0
871 S -5 1 14 0
871 S 3 5 14 0
871 S -1 3 14 0
871 S -6 5 11 0
871 S -7 4 11 0
871 S 3 3 11 0
871 S 2 2 11 0
871 S 1 1 11 0
871 S -6 3 10 0
871 S -2 1 10 0
871 S -2 1 5 0
871 S 1 2 5 0
871 S 3 1 10 0
871 S -1 3 10 0
871 S 6 1 13 0
871 S 5 3 13 0
871 S 4 5 13 0
871 S -3 6 13 0
871 S -2 4 13 0
871 S -1 2 13 0
871 S -4 1 10 0
871 S -2 3 10 0
871 S -3 2 5 0
871 S 1 1 5 0
871 S 3 3 10 0
871 S 1 1 10 0
871 S -6 3 11 0
871 S -4 2 11 0
871 S 3 4 11 0
871 S -2 1 11 0
871 S 1 5 11 0
871 S -8 5 14 0
871 S 4 1 14 0
871 S -2 3 14 0
871 S -3 1 7 0
871 S -2 3 7 0
871 S 1 2 7 0
871 S 5 3 14 0
871 S -3 1 14 0
871 S -1 5 14 0
871 S 2 1 8 0
871 S -2 3 8 0
871 S -2 1 4 0
871 T 2593 2525 2199 0 0
871 T 2867 2184 2595 0 0
871 T 2197 1914 2865 0 0
871 T 2184 1916 2525 0 0
871 T 19 540 1003 0 0
871 T 1001 725 1594 0 0
871 T 1596 829 20 0 0
871 T 829 727 540 0 0
871 T 2238 2038 2509 0 0
871 T 2511 1211 72 0 0
871 T 2516 1248 73 0 0
871 T 715 1209 2038 0 0
871 T 163 2030 1518 0 0
871 T 1520 2384 2293 0 0
871 T 2295 1789 161 0 0
871 T 2384 2032 1789 0 0
871 T 1580 1477 247 0 0
871 T 1781 2 1578 0 0
871 T 245 1573 1783 0 0
871 T 2 1575 1477 0 0
871 T 786 342 2340 0 0
871 T 318 551 788 0 0
871 T 2338 965 320 0 0
871 T 551 967 342 0 0
871 T 2576 1449 1153 0 0
871 T 2500 1475 2574 0 0
871 T 1155 1465 2498 0 0
871 T 1475 1467 1449 0 0
871 T 1484 1447 1467 0 0
871 T 1431 1383 1405 0 0
871 T 1504 1427 1439 0 0
871 T 1386 1379 1415 0 0
871 T 1441 1429 1494 0 0
871 T 1455 1497 1437 0 0
871 T 1511 1516 1420 0 0
871 T 1488 1423 1435 0 0
871 T 1475 1427 1403 0 0
871 T 1458 1367 1363 0 0
871 T 1492 1372 1404 0 0
871 T 1367 1486 1397 0 0
871 T 1489 1484 1472 0 0
871 T 1419 1514 1389 0 0
871 T 1470 1360 1388 0 0
871 T 1101 468 857 0 0
871 T 224 459 1103 0 0
871 T 859 446 222 0 0
871 T 459 448 468 0 0
871 T 369 349 366 0 0
871 T 481 411 435 0 0
871 T 409 373 463 0 0
871 T 391 355 367 0 0
871 T 402 344 380 0 0
871 T 364 393 402 0 0
871 T 345 385 394 0 0
871 T 374 346 363 0 0
871 T 390 350 459 0 0
871 T 449 424 448 0 0
871 T 453 429 479 0 0
871 T 470 478 465 0 0
871 T 359 421 397 0 0
871 T 418 382 461 0 0
871 T 405 369 426 0 0
871 T 482 440 416 0 0
871 T 443 474 417 0 0
871 T 435 380 416 0 0
871 T 470 407 431 0 0
871 T 443 344 384 0 0
871 T 400 452 426 0 0
871 T 2419 2560 2832 0 0
871 T 2830 2574 574 0 0
871 T 576 2609 2417 0 0
871 T 2609 2576 2560 0 0
871 T 2583 2616 2597 0 0
871 T 2590 2570 2606 0 0
871 T 2542 2546 2624 0 0
871 T 165 2725 2445 0 0
871 T 374 1590 167 0 0
871 T 2447 920 376 0 0
871 T 1590 918 2725 0 0
871 T 1864 1049 844 0 0
871 T 975 340 1862 0 0
871 T 842 590 973 0 0
871 T 340 592 1049 0 0
871 T 3036 2848 34 0 0
871 T 33 2375 560 0 0
871 T 558 2778 3034 0 0
871 T 2778 2373 2848 0 0
871 T 2656 1797 2874 0 0
871 T 1509 3023 2654 0 0
871 T 2876 2666 1511 0 0
871 T 3023 2668 1797 0 0
871 T 1029 2516 1684 0 0
871 T 1674 1046 2509 0 0
871 T 2207 2680 1031 0 0
871 T 2672 1048 2197 0 0
871 T 1682 614 2205 0 0
871 T 1676 603 2199 0 0
871 T 2680 616 2516 0 0
871 T 2511 2672 603 0 0
871 T 2113 1495 925 0 0
871 T 1416 961 2115 0 0
871 T 1495 56 2136 0 0
871 T 545 730 2115 0 0
871 T 927 1972 547 0 0
871 T 730 1970 1495 0 0
871 T 1464 857 685 0 0
871 T 1 1101 1462 0 0
871 T 687 466 3 0 0
871 T 641 1092 2524 0 0
871 T 2522 547 2344 0 0
871 T 2342 1910 643 0 0
871 T 1910 545 1092 0 0
871 T 827 497 305 0 0
871 T 2268 462 825 0 0
871 T 307 984 2266 0 0
871 T 462 982 497 0 0
871 T 2732 2808 3006 0 0
871 T 845 1537 2730 0 0
871 T 3008 2970 847 0 0
871 T 1537 2972 2808 0 0
871 T 1525 2792 113 0 0
871 T 1548 2969 2801 0 0
871 T 2054 156 927 0 0
871 T 925 1350 1134 0 0
871 T 1136 1670 2056 0 0
871 T 1670 1352 156 0 0
871 T 1322 509 1162 0 0
871 T 1201 563 1259 0 0
871 T 1257 290 1324 0 0
871 T 2842 2076 2967 0 0
871 T 2980 17 2844 0 0
871 T 2965 2457 2978 0 0
871 T 17 2459 2076 0 0
871 T 1960 1271 2214 0 0
871 T 1179 569 1958 0 0
871 T 1271 571 2162 0 0
871 T 1342 227 1041 0 0
871 T 372 205 1344 0 0
871 T 1043 201 370 0 0
871 T 205 203 227 0 0
871 T 212 237 190 0 0
871 T 199 234 221 0 0
871 T 196 210 206 0 0
871 T 239 220 232 0 0
871 T 236 200 204 0 0
871 T 143 195 219 0 0
871 T 223 229 228 0 0
871 T 213 189 214 0 0
871 T 1517 190 1606 0 0
871 T 1468 212 1519 0 0
871 T 1608 239 1466 0 0
871 T 689 1858 2757 0 0
871 T 2759 1920 931 0 0
871 T 929 2085 691 0 0
871 T 2085 1918 1858 0 0
871 T 1402 366 1898 0 0
871 T 1900 351 1020 0 0
871 T 1018 369 1404 0 0
871 T 1656 738 610 0 0
871 T 760 629 1679 0 0
871 T 612 1251 1109 0 0
871 T 1227 1109 630 0 0
871 T 1111 2329 1654 0 0
871 T 2300 1679 1110 0 0
871 T 2329 1249 738 0 0
871 T 1226 760 2298 0 0
871 T 312 1196 196 0 0
871 T 296 311 310 0 0
871 T 247 299 257 0 0
871 T 276 278 298 0 0
871 T 283 306 249 0 0
871 T 321 291 267 0 0
871 T 313 256 288 0 0
871 T 296 328 270 0 0
871 T 308 243 267 0 0
871 T 321 303 319 0 0
871 T 290 247 279 0 0
871 T 286 264 281 0 0
871 T 251 317 253 0 0
871 T 1182 309 218 0 0
871 T 2487 1467 1231 0 0
871 T 2621 1484 2485 0 0
871 T 1229 1445 2623 0 0
871 T 90 2477 2363 0 0
871 T 2361 952 752 0 0
871 T 732 963 2350 0 0
871 T 926 737 2392 0 0
871 T 1113 950 2477 0 0
871 T 1993 1014 924 0 0
871 T 922 224 2012 0 0
871 T 2010 1975 1995 0 0
871 T 1983 2033 1961 0 0
871 T 1967 2004 1937 0 0
871 T 1960 2027 1930 0 0
871 T 2039 1948 1916 0 0
871 T 1955 2008 1925 0 0
871 T 1956 1935 1927 0 0
871 T 2019 2008 1985 0 0
871 T 1951 1986 1917 0 0
871 T 2026 152 1996 0 0
871 T 2043 1984 2016 0 0
871 T 1941 1917 1966 0 0
871 T 1940 2016 1922 0 0
871 T 2052 1935 1963 0 0
871 T 1975 222 1014 0 0
871 T 2554 1951 1225 0 0
871 T 1811 702 2556 0 0
871 T 1227 614 1809 0 0
871 T 1250 603 1852 0 0
871 T 702 616 1951 0 0
871 T 1435 1801 232 0 0
871 T 230 2143 1140 0 0
871 T 1138 169 1433 0 0
871 T 169 2141 1801 0 0
871 T 866 257 214 0 0
871 T 1064 247 868 0 0
871 T 216 297 1062 0 0
871 T 2948 2776 1590 0 0
871 T 2772 1576 113 0 0
871 T 2777 2946 1614 0 0
871 T 1592 261 2374 0 0
871 T 2376 2125 2946 0 0
871 T 2125 263 2776 0 0
871 T 545 2350 1414 0 0
871 T 2616 2330 928 0 0
871 T 2390 1252 2614 0 0
871 T 158 967 404 0 0
871 T 402 1962 1549 0 0
871 T 1551 1220 160 0 0
871 T 159 1208 1536 0 0
871 T 1220 1964 967 0 0
871 T 498 799 1823 0 0
871 T 1821 777 308 0 0
871 T 826 779 799 0 0
871 T 802 786 810 0 0
871 T 816 804 824 0 0
871 T 807 146 789 0 0
871 T 797 795 819 0 0
871 T 1031 2766 1330 0 0
871 T 1332 1903 2678 0 0
871 T 2207 1901 2766 0 0
871 T 2313 1405 787 0 0
871 T 517 1431 2315 0 0
871 T 785 1381 519 0 0
871 T 303 1983 968 0 0
871 T 1219 2035 301 0 0
871 T 2259 2033 1812 0 0
871 T 703 1146 2257 0 0
871 T 1159 709 2261 0 0
871 T 1146 2553 2033 0 0
871 T 4 1373 1141 0 0
871 T 1748 1292 2 0 0
871 T 1143 710 1746 0 0
871 T 1176 1740 703 0 0
871 T 1292 712 1373 0 0
871 T 2586 1692 2740 0 0
871 T 2738 1066 1281 0 0
871 T 1283 1165 2588 0 0
871 T 1165 1068 1692 0 0
871 T 1733 1091 1172 0 0
871 T 2101 1799 535 0 0
871 T 533 2787 2684 0 0
871 T 1559 2101 2682 0 0
871 T 1557 2785 1799 0 0
871 T 1437 1280 656 0 0
871 T 654 205 1502 0 0
871 T 1427 207 1280 0 0
871 T 2449 2731 3075 0 0
871 T 3073 2728 2470 0 0
871 T 2472 2734 2451 0 0
871 T 2734 2726 2731 0 0
871 T 1798 1721 7 0 0
871 T 1902 2104 8 0 0
871 T 536 1902 1721 0 0
871 T 1939 10 2078 0 0
871 T 2080 1302 1965 0 0
871 T 2004 1304 10 0 0
871 T 672 1792 1158 0 0
871 T 1771 673 1145 0 0
871 T 2589 1581 670 0 0
871 T 1160 2357 2591 0 0
871 T 1581 2359 1792 0 0
871 T 2371 1415 2523 0 0
871 T 2521 1377 834 0 0
871 T 836 1386 2369 0 0
871 T 2579 2239 2182 0 0
871 T 2184 2827 795 0 0
871 T 813 2810 2239 0 0
871 T 0 2825 2810 0 0
871 T 171 1880 1691 0 0
871 T 1166 253 169 0 0
871 T 253 1067 1880 0 0
871 T 1294 1014 1570 0 0
871 T 1572 922 774 0 0
871 T 780 1604 881 0 0
871 T 776 1995 1296 0 0
871 T 300 1107 418 0 0
871 T 420 1303 274 0 0
871 T 278 1301 1107 0 0
871 T 1311 1088 1533 0 0
871 T 1535 869 774 0 0
871 T 1552 811 856 0 0
871 T 776 2027 1309 0 0
871 T 2027 871 1088 0 0
871 T 1147 1703 16 0 0
871 T 1158 1705 13 0 0
871 T 15 2241 1769 0 0
871 T 1792 2217 13 0 0
871 T 673 2243 1703 0 0
871 T 669 1706 2218 0 0
871 T 1037 435 155 0 0
871 T 498 481 1039 0 0
871 T 153 409 500 0 0
871 T 761 2892 2224 0 0
871 T 2222 1903 513 0 0
871 T 515 472 763 0 0
871 T 472 1901 2892 0 0
871 T 2407 2560 2935 0 0
871 T 2933 3029 2178 0 0
871 T 2180 1093 2405 0 0
871 T 1093 3031 2560 0 0
871 T 373 153 981 0 0
871 T 1453 2417 496 0 0
871 T 494 691 2095 0 0
871 T 2093 987 1455 0 0
871 T 1406 58 2064 0 0
871 T 997 1407 2096 0 0
871 T 987 689 2417 0 0
871 T 2357 710 997 0 0
871 T 1007 684 2346 0 0
871 T 421 104 1616 0 0
871 T 79 1615 423 0 0
871 T 2973 2538 2001 0 0
871 T 1319 2964 2975 0 0
871 T 2003 2763 1317 0 0
871 T 2964 2761 2538 0 0
871 T 1180 1457 225 0 0
871 T 203 1839 1178 0 0
871 T 1457 1837 207 0 0
871 T 3001 2244 1692 0 0
871 T 2588 1868 3003 0 0
871 T 1868 2740 2244 0 0
871 T 1674 60 631 0 0
871 T 61 611 1683 0 0
871 T 629 1673 72 0 0
871 T 611 1684 74 0 0
871 T 3108 3085 218 0 0
871 T 220 3046 2910 0 0
871 T 761 3048 3085 0 0
871 T 2953 3081 1832 0 0
871 T 2506 2747 2955 0 0
871 T 1830 339 2508 0 0
871 T 2747 337 3081 0 0
871 T 493 1494 1299 0 0
871 T 1297 1431 183 0 0
871 T 181 1441 495 0 0
871 T 1110 918 1529 0 0
871 T 1531 680 492 0 0
871 T 490 931 1112 0 0
871 T 931 678 918 0 0
871 T 2051 1300 520 0 0
871 T 518 732 2572 0 0
871 T 2570 998 2049 0 0
871 T 998 730 1300 0 0
871 T 47 3091 3012 0 0
871 T 3010 2992 196 0 0
871 T 3104 3089 193 0 0
871 T 1439 1087 578 0 0
871 T 580 157 1453 0 0
871 T 157 1085 1497 0 0
871 T 2046 636 624 0 0
871 T 622 367 207 0 0
871 T 229 391 636 0 0
871 T 1036 2438 863 0 0
871 T 2355 2215 1034 0 0
871 T 861 287 2353 0 0
871 T 2215 285 2438 0 0
871 T 525 1547 2908 0 0
871 T 1638 397 527 0 0
871 T 1547 399 108 0 0
871 T 999 1292 1241 0 0
871 T 1243 1373 2359 0 0
871 T 1577 1121 2688 0 0
871 T 1464 716 1579 0 0
871 T 2686 95 1462 0 0
871 T 936 8 916 0 0
871 T 914 1071 522 0 0
871 T 524 1191 934 0 0
871 T 1191 1069 8 0 0
871 T 259 384 834 0 0
871 T 836 791 644 0 0
871 T 825 872 656 0 0
871 T 1630 789 384 0 0
871 T 144 1886 1873 0 0
871 T 1875 151 1886 0 0
871 T 202 1930 1086 0 0
871 T 871 1960 204 0 0
871 T 2234 334 2290 0 0
871 T 530 1328 2236 0 0
871 T 2292 1532 532 0 0
871 T 1328 1530 334 0 0
871 T 1121 562 1862 0 0
871 T 842 1262 1123 0 0
871 T 562 1264 1049 0 0
871 T 1208 1497 1310 0 0
871 T 934 19 485 0 0
871 T 487 906 677 0 0
871 T 679 1566 936 0 0
871 T 1566 908 19 0 0
871 T 173 164 172 0 0
871 T 185 187 185 0 0
871 T 186 179 167 0 0
871 T 181 175 163 0 0
871 T 1434 1854 175 0 0
871 T 1854 1139 164 0 0
871 T 2289 2110 1987 0 0
871 T 1985 2565 1860 0 0
871 T 1858 430 2291 0 0
871 T 430 2567 2110 0 0
871 T 493 2424 2503 0 0
871 T 2501 2412 1456 0 0
871 T 2418 2410 2424 0 0
871 T 2356 2366 2342 0 0
871 T 2414 2383 2391 0 0
871 T 2363 2404 2345 0 0
871 T 2408 2424 2394 0 0
871 T 2350 2342 2372 0 0
871 T 2359 2413 2381 0 0
871 T 1248 1029 609 0 0
871 T 1211 1048 632 0 0
871 T 3028 2639 1389 0 0
871 T 27 3055 3026 0 0
871 T 3055 1390 2822 0 0
871 T 44 2956 2433 0 0
871 T 2489 1895 43 0 0
871 T 2435 3096 2491 0 0
871 T 1895 3094 2956 0 0
871 T 2641 1828 3026 0 0
871 T 1391 2862 2643 0 0
871 T 1828 2864 2639 0 0
871 T 662 1764 2919 0 0
871 T 303 2659 1764 0 0
871 T 1093 952 896 0 0
871 T 894 2691 2560 0 0
871 T 2690 884 100 0 0
871 T 2691 950 3029 0 0
871 T 2550 2334 114 0 0
871 T 2334 350 2770 0 0
871 T 350 2550 1576 0 0
871 T 3047 2457 1636 0 0
871 T 1634 1319 219 0 0
871 T 1319 2459 2909 0 0
871 T 560 1662 1264 0 0
871 T 1262 1034 2456 0 0
871 T 2159 560 2454 0 0
871 T 1034 1664 2157 0 0
871 T 494 1972 1000 0 0
871 T 672 1420 1588 0 0
871 T 178 1511 670 0 0
871 T 1516 178 1586 0 0
871 T 1857 570 991 0 0
871 T 989 831 336 0 0
871 T 334 1628 1859 0 0
871 T 1628 829 570 0 0
871 T 1119 2804 1258 0 0
871 T 1260 3013 2705 0 0
871 T 2707 507 1117 0 0
871 T 507 3015 2804 0 0
871 T 1575 6 1527 0 0
871 T 6 2771 2792 0 0
871 T 1058 191 1063 0 0
871 T 1914 162 1060 0 0
871 T 1061 161 2037 0 0
871 T 1525 1344 718 0 0
871 T 1421 1043 1527 0 0
871 T 720 227 1423 0 0
871 T 2855 2476 1392 0 0
871 T 2822 2701 2853 0 0
871 T 2701 3053 2476 0 0
871 T 993 2131 1215 0 0
871 T 1213 563 1620 0 0
871 T 1618 1118 995 0 0
871 T 1118 561 2131 0 0
871 T 1539 177 404 0 0
871 T 378 597 1537 0 0
871 T 177 599 344 0 0
871 T 1504 1677 888 0 0
871 T 886 425 1439 0 0
871 T 1425 427 1677 0 0
871 T 988 1018 573 0 0
871 T 1018 690 2610 0 0
871 T 2453 2346 94 0 0
871 T 1124 1007 2455 0 0
871 T 141 2250 2305 0 0
871 T 2307 6 2250 0 0
871 T 583 2201 1273 0 0
871 T 148 529 581 0 0
871 T 2233 1397 2201 0 0
871 T 1211 184 1460 0 0
871 T 206 2084 1209 0 0
871 T 184 2082 1838 0 0
871 T 570 1837 872 0 0
871 T 384 909 274 0 0
871 T 1716 806 382 0 0
871 T 806 625 909 0 0
871 T 596 922 785 0 0
871 T 529 2583 2110 0 0
871 T 2583 1529 1985 0 0
871 T 2542 2342 659 0 0
871 T 657 2368 2937 0 0
871 T 2939 2356 2544 0 0
871 T 2783 156 2852 0 0
871 T 993 2044 2781 0 0
871 T 2850 2474 995 0 0
871 T 2044 2476 156 0 0
871 T 2599 2796 2838 0 0
871 T 2840 837 2877 0 0
871 T 2879 2668 2597 0 0
871 T 2668 839 2796 0 0
871 T 2462 1926 362 0 0
871 T 404 845 2464 0 0
871 T 1926 847 393 0 0
871 T 385 884 856 0 0
871 T 854 11 396 0 0
871 T 884 345 11 0 0
871 T 1493 828 2254 0 0
871 T 2256 779 748 0 0
871 T 746 797 1495 0 0
871 T 1688 1992 1244 0 0
871 T 1242 822 2649 0 0
871 T 822 1990 3065 0 0
871 T 1832 1894 2622 0 0
871 T 2624 3093 3083 0 0
871 T 920 2006 1653 0 0
871 T 1655 1955 346 0 0
871 T 348 1925 918 0 0
871 T 2643 1417 1582 0 0
871 T 2592 1587 2641 0 0
871 T 477 2074 2625 0 0
871 T 2627 1963 1796 0 0
871 T 1794 2317 479 0 0
871 T 2317 1961 2074 0 0
871 T 1032 1371 1067 0 0
871 T 1065 650 1186 0 0
871 T 1137 1090 647 0 0
871 T 1925 361 2447 0 0
871 T 2445 721 1954 0 0
871 T 1935 723 361 0 0
871 T 1987 363 1750 0 0
871 T 1752 348 1604 0 0
871 T 1602 374 1985 0 0
871 T 2157 2479 508 0 0
871 T 506 2403 560 0 0
871 T 2456 2401 2479 0 0
871 T 2410 1438 911 0 0
871 T 909 1500 2501 0 0
871 T 699 1406 804 0 0
871 T 812 2316 697 0 0
871 T 244 1176 1950 0 0
871 T 1173 1603 155 0 0
871 T 1572 156 1171 0 0
871 T 2393 281 1175 0 0
871 T 153 2278 2395 0 0
871 T 281 2280 1603 0 0
871 T 2750 1843 516 0 0
871 T 514 1411 568 0 0
871 T 566 1786 2752 0 0
871 T 1786 1409 1843 0 0
871 T 181 2313 2052 0 0
871 T 1280 2409 2078 0 0
871 T 2080 912 654 0 0
871 T 2643 904 2781 0 0
871 T 2850 27 2641 0 0
871 T 1128 2108 1285 0 0
871 T 1287 731 544 0 0
871 T 542 996 1126 0 0
871 T 996 729 2108 0 0
871 T 2168 2836 1080 0 0
871 T 1078 3014 2816 0 0
871 T 30 3016 2836 0 0
871 T 822 414 1807 0 0
871 T 1805 682 814 0 0
871 T 804 684 414 0 0
871 T 1968 2763 2520 0 0
871 T 2996 1268 1966 0 0
871 T 2518 2960 2994 0 0
871 T 1268 2958 2763 0 0
871 T 1979 1606 161 0 0
871 T 1851 2381 1977 0 0
871 T 163 2272 1849 0 0
871 T 2381 2270 1606 0 0
871 T 2426 29 506 0 0
871 T 1540 314 2428 0 0
871 T 508 1732 1538 0 0
871 T 1240 720 1486 0 0
871 T 1433 225 1238 0 0
871 T 2138 2647 197 0 0
871 T 199 1726 858 0 0
871 T 860 2904 2140 0 0
871 T 2842 939 2016 0 0
871 T 2014 1314 2978 0 0
871 T 1314 937 17 0 0
871 T 645 1912 1360 0 0
871 T 1358 545 1139 0 0
871 T 147 2481 2442 0 0
871 T 5 2483 2444 0 0
871 T 1024 792 23 0 0
871 T 1022 638 381 0 0
871 T 1401 1689 556 0 0
871 T 554 209 1473 0 0
871 T 209 1691 1427 0 0
871 T 1046 1658 1208 0 0
871 T 1233 1030 1636 0 0
871 T 670 2593 1048 0 0
871 T 1206 793 672 0 0
871 T 1219 783 644 0 0
871 T 2593 795 1658 0 0
871 T 3034 2702 1324 0 0
871 T 1322 1119 2780 0 0
871 T 1119 2704 558 0 0
871 T 1492 459 1082 0 0
871 T 1881 390 1490 0 0
871 T 1084 352 1883 0 0
871 T 2161 743 1626 0 0
871 T 829 741 1272 0 0
871 T 8 2245 2222 0 0
871 T 513 2247 2103 0 0
871 T 1885 195 2634 0 0
871 T 2991 2173 2636 0 0
871 T 2173 3009 1887 0 0
871 T 3042 472 3004 0 0
871 T 1689 2436 3044 0 0
871 T 472 2434 2243 0 0
871 T 2369 2121 1319 0 0
871 T 1317 595 1388 0 0
871 T 836 593 2121 0 0
871 T 1762 2537 337 0 0
871 T 3077 2963 1764 0 0
871 T 339 2764 3079 0 0
871 T 2711 100 856 0 0
871 T 843 2711 2542 0 0
871 T 385 2690 2709 0 0
871 T 359 2721 2700 0 0
871 T 1498 1047 808 0 0
871 T 625 1045 2501 0 0
871 T 494 2023 1048 0 0
871 T 2421 628 2023 0 0
871 T 542 842 1130 0 0
871 T 1275 592 544 0 0
871 T 1132 973 1273 0 0
871 T 2719 115 1393 0 0
871 T 890 2921 2717 0 0
871 T 1395 764 892 0 0
871 T 950 777 281 0 0
871 T 251 1823 952 0 0
871 T 525 448 1612 0 0
871 T 233 449 527 0 0
871 T 1610 422 235 0 0
871 T 819 1134 2657 0 0
871 T 3072 2054 817 0 0
871 T 2035 760 676 0 0
871 T 760 2555 1772 0 0
871 T 2173 290 2222 0 0
871 T 290 2310 2247 0 0
871 T 2310 2173 8 0 0
871 T 1582 2146 2682 0 0
871 T 2684 587 2800 0 0
871 T 2798 1826 1584 0 0
871 T 1826 585 2146 0 0
871 T 234 1726 447 0 0
871 T 2959 1315 2745 0 0
871 T 3083 523 2957 0 0
871 T 1315 521 337 0 0
871 T 1347 719 905 0 0
871 T 20 2068 1345 0 0
871 T 719 2066 1565 0 0
871 T 2015 596 343 0 0
871 T 2339 924 2013 0 0
871 T 265 1258 776 0 0
871 T 774 1323 323 0 0
871 T 1517 553 1452 0 0
871 T 2619 1904 2986 0 0
871 T 1634 2765 2617 0 0
871 T 2988 2208 1636 0 0
871 T 17 1683 1226 0 0
871 T 1250 1676 14 0 0
871 T 1228 609 772 0 0
871 T 632 1249 771 0 0
871 T 534 2723 2679 0 0
871 T 2000 534 613 0 0
871 T 2515 2721 1998 0 0
871 T 839 2228 2950 0 0
871 T 2952 2491 1198 0 0
871 T 22 2489 2228 0 0
871 T 760 625 2301 0 0
871 T 261 781 758 0 0
871 T 2303 1176 263 0 0
871 T 781 1174 625 0 0
871 T 602 1170 815 0 0
871 T 2997 1278 2955 0 0
871 T 2899 2434 1278 0 0
871 T 819 2136 1078 0 0
871 T 2715 1495 817 0 0
871 T 1080 55 2713 0 0
871 T 3033 2822 1053 0 0
871 T 1055 2853 1323 0 0
871 T 2888 2246 1843 0 0
871 T 2752 2104 2886 0 0
871 T 1700 479 2204 0 0
871 T 2236 431 1628 0 0
871 T 2583 2330 2017 0 0
871 T 2330 1529 2008 0 0
871 T 329 2274 1081 0 0
871 T 522 1568 331 0 0
871 T 1083 964 524 0 0
871 T 1568 962 2274 0 0
871 T 1809 2075 472 0 0
871 T 467 2626 1811 0 0
871 T 1422 1854 898 0 0
871 T 900 173 1487 0 0
871 T 649 1159 1128 0 0
871 T 1126 647 1147 0 0
871 T 1145 695 651 0 0
871 T 695 645 1159 0 0
871 T 286 1283 2388 0 0
871 T 2386 2230 315 0 0
871 T 256 2232 1283 0 0
871 T 489 2559 2499 0 0
871 T 1474 2610 491 0 0
871 T 813 1054 168 0 0
871 T 166 1391 604 0 0
871 T 1170 1389 1054 0 0
871 T 1279 1690 194 0 0
871 T 1312 807 1660 0 0
871 T 1735 0 1658 0 0
871 T 1295 1735 791 0 0
871 T 927 2600 2020 0 0
871 T 2018 571 1308 0 0
871 T 1306 689 925 0 0
871 T 689 569 2600 0 0
871 T 2897 193 3042 0 0
871 T 1265 591 874 0 0
871 T 876 1052 574 0 0
871 T 576 337 1267 0 0
871 T 1139 68 2527 0 0
871 T 73 2532 1187 0 0
871 T 2525 1705 1090 0 0
871 T 1068 2530 1702 0 0
871 T 645 1707 68 0 0
871 T 1704 73 649 0 0
871 T 946 1329 1093 0 0
871 T 2159 2723 948 0 0
871 T 1095 1723 2157 0 0
871 T 2723 1721 1329 0 0
871 T 2845 2155 1053 0 0
871 T 1560 2391 1849 0 0
871 T 1979 2414 1558 0 0
871 T 1258 2857 1077 0 0
871 T 1079 1512 1205 0 0
871 T 1207 2432 1260 0 0
871 T 2432 1510 2857 0 0
871 T 1919 981 241 0 0
871 T 1175 983 1986 0 0
871 T 2736 1710 1645 0 0
871 T 1647 1955 2726 0 0
871 T 1955 1712 2729 0 0
871 T 1613 359 1548 0 0
871 T 1546 1203 2753 0 0
871 T 2755 1164 1615 0 0
871 T 2674 1283 1866 0 0
871 T 2242 1066 2676 0 0
871 T 2220 1091 2671 0 0
871 T 399 80 1546 0 0
871 T 2214 3017 2939 0 0
871 T 2937 2323 133 0 0
871 T 130 2321 3017 0 0
871 T 805 23 1098 0 0
871 T 1100 600 383 0 0
871 T 648 1693 703 0 0
871 T 1744 711 651 0 0
871 T 2257 1695 1127 0 0
871 T 2261 1126 1744 0 0
871 T 2867 2827 1658 0 0
871 T 2883 472 1867 0 0
871 T 2585 3044 2881 0 0
871 T 1948 1791 1850 0 0
871 T 191 2271 2293 0 0
871 T 1804 595 1384 0 0
871 T 1382 545 172 0 0
871 T 2142 547 595 0 0
871 T 1513 1543 165 0 0
871 T 1587 186 1543 0 0
871 T 1011 960 2733 0 0
871 T 3088 2617 2223 0 0
871 T 3047 2891 2617 0 0
871 T 158 156 142 0 0
871 T 1290 1685 160 0 0
871 T 5 1670 1685 0 0
871 T 1085 1556 888 0 0
871 T 578 427 1556 0 0
871 T 893 1890 1071 0 0
871 T 1069 511 1354 0 0
871 T 1356 1116 895 0 0
871 T 1116 509 1890 0 0
871 T 684 2580 751 0 0
871 T 2386 1994 1347 0 0
871 T 1345 2452 315 0 0
871 T 2452 1996 2232 0 0
871 T 1114 2718 1564 0 0
871 T 1562 1395 756 0 0
871 T 1395 2720 92 0 0
871 T 1754 803 552 0 0
871 T 319 811 1756 0 0
871 T 1641 757 1218 0 0
871 T 1222 739 1650 0 0
871 T 3019 856 3057 0 0
871 T 3059 1008 129 0 0
871 T 2321 1006 856 0 0
871 T 1557 601 2614 0 0
871 T 843 1007 1033 0 0
871 T 796 179 1077 0 0
871 T 286 2366 2283 0 0
871 T 2281 2344 862 0 0
871 T 2026 2399 1272 0 0
871 T 1929 2213 2399 0 0
871 T 2603 1996 1885 0 0
871 T 1876 2026 2601 0 0
871 T 2673 2529 673 0 0
871 T 2669 2528 671 0 0
871 T 675 1998 588 0 0
871 T 586 2698 2675 0 0
871 T 2698 2000 2529 0 0
871 T 2106 467 2260 0 0
871 T 1285 1694 467 0 0
871 T 394 1954 1741 0 0
871 T 1743 1656 387 0 0
871 T 463 639 168 0 0
871 T 166 1021 420 0 0
871 T 2106 2626 2034 0 0
871 T 268 175 879 0 0
871 T 849 292 877 0 0
871 T 322 849 175 0 0
871 T 1271 2470 264 0 0
871 T 2128 19 1269 0 0
871 T 19 2775 2470 0 0
871 T 2655 2047 2638 0 0
871 T 2640 2797 1515 0 0
871 T 2788 2655 1513 0 0
871 T 2797 2045 2786 0 0
871 T 891 2089 2918 0 0
871 T 1763 943 889 0 0
871 T 943 661 2089 0 0
871 T 2518 2819 1198 0 0
871 T 1200 3094 2994 0 0
871 T 2958 3096 2819 0 0
871 T 1364 716 246 0 0
871 T 867 1779 1362 0 0
871 T 716 1777 1063 0 0
871 T 714 1784 1103 0 0
871 T 1075 681 1756 0 0
871 T 650 63 1704 0 0
871 T 646 65 1705 0 0
871 T 431 515 4 0 0
871 T 479 1 567 0 0
871 T 1923 2747 1278 0 0
871 T 2999 2508 1921 0 0
871 T 2814 2708 2860 0 0
871 T 2126 744 1593 0 0
871 T 1361 742 228 0 0
871 T 1177 744 1367 0 0
871 T 1939 2535 1278 0 0
871 T 2535 10 2409 0 0
871 T 212 2000 1720 0 0
871 T 272 536 210 0 0
871 T 536 588 2047 0 0
871 T 588 326 237 0 0
871 T 1170 1377 1295 0 0
871 T 1377 1089 791 0 0
871 T 2022 629 1502 0 0
871 T 1504 1210 493 0 0
871 T 2584 1542 2878 0 0
871 T 2880 2227 2111 0 0
871 T 532 2225 1542 0 0
871 T 2326 987 580 0 0
871 T 159 2095 2328 0 0
871 T 1312 152 1295 0 0
871 T 2830 1151 2533 0 0
871 T 2411 607 2832 0 0
871 T 2925 1028 2508 0 0
871 T 1028 708 1923 0 0
871 T 2196 182 2619 0 0
871 T 1873 1012 2194 0 0
871 T 2617 40 1875 0 0
871 T 2130 1202 2804 0 0
871 T 2836 2065 1546 0 0
871 T 2803 2428 2834 0 0
871 T 2428 2971 2065 0 0
871 T 179 443 1099 0 0
871 T 1097 145 1022 0 0
871 T 278 1528 1819 0 0
871 T 1817 4 1563 0 0
871 T 1561 1478 280 0 0
871 T 1478 2 1528 0 0
871 T 1768 267 1241 0 0
871 T 1447 308 1766 0 0
871 T 1243 241 1445 0 0
871 T 1426 371 1339 0 0
871 T 1337 405 1678 0 0
871 T 1892 1105 2718 0 0
871 T 1562 1107 509 0 0
871 T 1002 46 540 0 0
871 T 423 199 946 0 0
871 T 972 357 948 0 0
871 T 397 972 199 0 0
871 T 2667 1544 2613 0 0
871 T 155 2287 2116 0 0
871 T 2055 1494 2287 0 0
871 T 1843 2097 1 0 0
871 T 2 2152 1786 0 0
871 T 454 2099 2152 0 0
871 T 2934 2278 136 0 0
871 T 131 2280 3032 0 0
871 T 1900 6 1883 0 0
871 T 2838 2112 2950 0 0
871 T 2463 735 1953 0 0
871 T 2731 178 2461 0 0
871 T 1018 2333 332 0 0
871 T 2771 1900 330 0 0
871 T 332 2130 847 0 0
871 T 996 725 845 0 0
871 T 725 1216 330 0 0
871 T 1399 897 866 0 0
871 T 176 1367 868 0 0
871 T 3049 132 950 0 0
871 T 951 3049 100 0 0
871 T 1616 2127 2847 0 0
871 T 2744 938 2570 0 0
871 T 2572 2841 2781 0 0
871 T 2783 2015 2742 0 0
871 T 1964 1833 362 0 0
871 T 393 1835 1549 0 0
871 T 492 1327 668 0 0
871 T 666 333 678 0 0
871 T 0 1757 1807 0 0
871 T 1757 818 484 0 0
871 T 1590 557 1667 0 0
871 T 52 2323 2938 0 0
871 T 2323 159 2365 0 0
871 T 1742 845 1936 0 0
871 T 1934 1598 2263 0 0
871 T 1598 847 1126 0 0
871 T 2994 2950 2435 0 0
871 T 202 891 428 0 0
871 T 426 1637 234 0 0
871 T 1637 889 200 0 0
871 T 3070 2713 2288 0 0
871 T 319 1880 1403 0 0
871 T 554 169 317 0 0
871 T 912 1302 464 0 0
871 T 462 1967 656 0 0
871 T 1798 508 1524 0 0
871 T 1522 1355 7 0 0
871 T 1355 506 1723 0 0
871 T 1219 255 2367 0 0
871 T 2284 316 1217 0 0
871 T 2139 974 618 0 0
871 T 2442 1129 2137 0 0
871 T 620 1276 2444 0 0
871 T 1214 1049 7 0 0
871 T 1264 1617 8 0 0
871 T 753 1422 280 0 0
871 T 1817 1042 755 0 0
871 T 1038 751 1824 0 0
871 T 754 1853 1059 0 0
871 T 2175 2882 685 0 0
871 T 567 1866 2173 0 0
871 T 687 471 565 0 0
871 T 217 2636 1874 0 0
871 T 944 1325 1132 0 0
871 T 490 896 1130 0 0
871 T 896 668 942 0 0
871 T 2253 171 2017 0 0
871 T 570 1429 2255 0 0
871 T 171 1431 1307 0 0
871 T 525 1387 1016 0 0
871 T 154 1414 527 0 0
871 T 1014 1380 156 0 0
871 T 117 1461 2688 0 0
871 T 1830 976 859 0 0
871 T 857 1861 2508 0 0
871 T 3099 2960 2829 0 0
871 T 2575 3080 3097 0 0
871 T 3080 575 2960 0 0
871 T 2812 2867 1735 0 0
871 T 414 270 1845 0 0
871 T 1847 507 433 0 0
871 T 380 505 270 0 0
871 T 2347 1075 249 0 0
871 T 1037 2363 251 0 0
871 T 1075 2402 1039 0 0
871 T 2815 1512 3062 0 0
871 T 3064 2432 2707 0 0
871 T 1929 2438 1332 0 0
871 T 1330 287 2399 0 0
871 T 2154 2334 744 0 0
871 T 742 2551 636 0 0
871 T 102 2549 2334 0 0
871 T 322 2043 923 0 0
871 T 2338 1982 324 0 0
871 T 291 2982 2992 0 0
871 T 2635 2984 2221 0 0
871 T 486 42 934 0 0
871 T 914 38 488 0 0
871 T 667 914 1314 0 0
871 T 340 1069 665 0 0
871 T 2588 2230 170 0 0
871 T 453 2211 2186 0 0
871 T 2948 2754 2069 0 0
871 T 2071 1163 2777 0 0
871 T 1000 159 1990 0 0
871 T 3050 3031 881 0 0
871 T 268 2266 1918 0 0
871 T 2619 1331 1235 0 0
871 T 2871 2608 1585 0 0
871 T 1587 581 2190 0 0
871 T 2192 2073 2869 0 0
871 T 2073 583 2608 0 0
871 T 2191 2495 22 0 0
871 T 2225 0 2189 0 0
871 T 0 2492 2495 0 0
871 T 433 558 1773 0 0
871 T 1775 1848 142 0 0
871 T 2268 1967 872 0 0
871 T 238 1999 1624 0 0
871 T 2665 1560 1419 0 0
871 T 1560 2875 1513 0 0
871 T 1283 885 2378 0 0
871 T 1035 969 1281 0 0
871 T 2380 1932 1033 0 0
871 T 969 1930 885 0 0
871 T 17 2206 1810 0 0
871 T 13 2199 1852 0 0
871 T 1055 2062 824 0 0
871 T 2062 165 802 0 0
871 T 2685 1861 1028 0 0
871 T 1026 563 1580 0 0
871 T 750 797 483 0 0
871 T 1758 793 752 0 0
871 T 2088 2568 1949 0 0
871 T 989 540 592 0 0
871 T 590 725 336 0 0
871 T 2449 957 2604 0 0
871 T 2229 1888 957 0 0
871 T 1975 1094 2377 0 0
871 T 861 945 1973 0 0
871 T 2379 1332 863 0 0
871 T 953 2020 777 0 0
871 T 379 159 550 0 0
871 T 2133 177 800 0 0
871 T 993 2703 1828 0 0
871 T 1826 559 1620 0 0
871 T 2544 3019 1033 0 0
871 T 2711 1007 3019 0 0
871 T 701 316 781 0 0
871 T 644 2282 703 0 0
871 T 1815 319 1451 0 0
871 T 1449 301 1134 0 0
871 T 1136 321 1813 0 0
871 T 1905 284 1031 0 0
871 T 1490 307 1907 0 0
871 T 1029 250 1492 0 0
871 T 1318 1939 2517 0 0
871 T 2756 2130 2970 0 0
871 T 620 1830 2901 0 0
871 T 1343 349 623 0 0
871 T 3089 686 3044 0 0
871 T 1295 149 1312 0 0
871 T 1843 2146 2943 0 0
871 T 2941 2751 2248 0 0
871 T 2751 2148 2888 0 0
871 T 889 407 1044 0 0
871 T 863 1385 446 0 0
871 T 1612 1016 861 0 0
871 T 1761 1872 2575 0 0
871 T 2964 3099 1872 0 0
871 T 1408 545 1306 0 0
871 T 2458 49 2963 0 0
871 T 411 327 558 0 0
871 T 1591 637 409 0 0
871 T 1785 1244 2416 0 0
871 T 1558 877 1787 0 0
871 T 877 1977 1244 0 0
871 T 157 1944 2431 0 0
871 T 1534 1259 1944 0 0
871 T 689 1338 490 0 0
871 T 2085 1110 1338 0 0
871 T 2273 717 2165 0 0
871 T 106 2630 2275 0 0
871 T 717 2632 623 0 0
871 T 226 1253 1104 0 0
871 T 1102 1575 1363 0 0
871 T 742 1573 1253 0 0
871 T 199 2664 2090 0 0
871 T 921 1804 520 0 0
871 T 2396 608 2936 0 0
871 T 2557 606 2424 0 0
871 T 1237 1802 221 0 0
871 T 2145 7 1865 0 0
871 T 566 2309 2147 0 0
871 T 2980 3099 1150 0 0
871 T 2534 2958 2978 0 0
871 T 2572 2871 2641 0 0
871 T 904 2869 2843 0 0
871 T 2383 2150 1143 0 0
871 T 1373 1786 2381 0 0
871 T 1625 2212 1365 0 0
871 T 1826 3053 2852 0 0
871 T 36 3064 3023 0 0
871 T 361 735 2006 0 0
871 T 2019 733 1750 0 0
871 T 349 634 1255 0 0
871 T 1026 444 300 0 0
871 T 1105 475 1028 0 0
871 T 2585 3091 2176 0 0
871 T 1396 2 1044 0 0
871 T 2111 1769 472 0 0
871 T 1769 2566 407 0 0
871 T 574 1004 1213 0 0
871 T 8 1002 876 0 0
871 T 1562 1580 292 0 0
871 T 883 2277 949 0 0
871 T 231 1253 460 0 0
871 T 257 1333 441 0 0
871 T 344 1335 836 0 0
871 T 2370 657 2820 0 0
871 T 2818 2544 2352 0 0
871 T 1907 1633 181 0 0
871 T 183 501 305 0 0
871 T 1490 503 1633 0 0
871 T 2319 584 1597 0 0
871 T 1599 1274 333 0 0
871 T 335 2204 2317 0 0
871 T 1841 850 1582 0 0
871 T 2682 852 2941 0 0
871 T 283 2196 1329 0 0
871 T 2400 2194 264 0 0
871 T 1470 238 1634 0 0
871 T 1484 504 238 0 0
871 T 1441 570 827 0 0
871 T 654 1839 1443 0 0
871 T 2711 1131 2486 0 0
871 T 2488 543 2544 0 0
871 T 2037 2867 2218 0 0
871 T 2220 2561 2512 0 0
871 T 2239 2563 2867 0 0
871 T 2223 3037 1875 0 0
871 T 3088 40 3037 0 0
871 T 1750 780 11 0 0
871 T 3060 100 1006 0 0
871 T 142 1651 1748 0 0
871 T 1352 1 1651 0 0
871 T 1 5 2 0 0
871 T 1981 2744 993 0 0
871 T 1606 1765 183 0 0
871 T 1765 1979 175 0 0
871 T 1522 1120 931 0 0
871 T 929 2706 1800 0 0
871 T 2421 2304 887 0 0
871 T 885 286 2407 0 0
871 T 2393 288 2304 0 0
871 T 1080 2716 138 0 0
871 T 2907 2287 1078 0 0
871 T 2697 1661 1283 0 0
871 T 1661 585 1868 0 0
871 T 691 1972 1406 0 0
871 T 2927 859 2687 0 0
871 T 2683 2929 877 0 0
871 T 2929 2104 1785 0 0
871 T 2070 1117 511 0 0
871 T 248 708 10 0 0
871 T 1923 1336 9 0 0
871 T 246 1334 1028 0 0
871 T 16 2111 2436 0 0
871 T 521 2820 2622 0 0
871 T 1056 987 1613 0 0
871 T 2128 985 2156 0 0
871 T 313 2808 2066 0 0
871 T 2796 932 1943 0 0
871 T 1968 2760 2794 0 0
871 T 2123 1940 9 0 0
871 T 2121 1333 2016 0 0
871 T 2321 253 1550 0 0
871 T 1008 809 253 0 0
871 T 2166 964 2065 0 0
871 T 543 1599 726 0 0
871 T 1321 2044 1570 0 0
871 T 1169 2474 1323 0 0
871 T 2498 2689 1130 0 0
871 T 3005 2728 2775 0 0
871 T 20 3075 3007 0 0
871 T 15 2838 2996 0 0
871 T 2088 405 2297 0 0
871 T 2299 1771 1949 0 0
871 T 809 11 1834 0 0
871 T 2965 2495 1150 0 0
871 T 2495 2457 3097 0 0
871 T 224 1612 947 0 0
871 T 740 391 2249 0 0
871 T 365 710 2308 0 0
871 T 2333 988 1596 0 0
871 T 1594 573 330 0 0
871 T 2352 521 2546 0 0
871 T 3047 469 2986 0 0
871 T 2208 471 2459 0 0
871 T 1057 899 279 0 0
871 T 1060 300 216 0 0
871 T 2694 1405 823 0 0
871 T 3068 2327 2696 0 0
871 T 2327 1991 1405 0 0
871 T 898 276 216 0 0
871 T 2416 2032 1582 0 0
871 T 1841 1136 2414 0 0
871 T 1136 850 2032 0 0
871 T 1697 1488 2185 0 0
871 T 2533 2745 2015 0 0
871 T 337 944 1891 0 0
871 T 2027 2470 2194 0 0
871 T 2515 359 2531 0 0
871 T 1584 1514 2864 0 0
871 T 811 2050 977 0 0
871 T 1836 721 2050 0 0
871 T 1719 189 1622 0 0
871 T 174 2030 1815 0 0
871 T 1813 1520 171 0 0
871 T 139 2696 1053 0 0
871 T 1055 57 2695 0 0
871 T 6 2092 2138 0 0
871 T 2645 2664 6 0 0
871 T 2894 160 2796 0 0
871 T 2668 35 2896 0 0
871 T 888 2024 758 0 0
871 T 2390 1508 1133 0 0
871 T 1842 1506 2384 0 0
871 T 2071 1192 929 0 0
871 T 920 330 2069 0 0
871 T 330 680 1192 0 0
871 T 970 201 1554 0 0
871 T 488 940 668 0 0
871 T 915 18 486 0 0
871 T 1764 1449 817 0 0
871 T 291 2943 2932 0 0
871 T 2198 1945 2219 0 0
871 T 2286 963 527 0 0
871 T 158 1074 435 0 0
871 T 1698 335 1796 0 0
871 T 862 1696 1358 0 0
871 T 1912 704 864 0 0
871 T 1544 1419 604 0 0
871 T 2488 2499 387 0 0
871 T 1545 1077 961 0 0
871 T 2180 1976 2388 0 0
871 T 1345 2011 2178 0 0
871 T 1896 1232 824 0 0
871 T 0 1872 1894 0 0
871 T 1872 818 1154 0 0
871 T 2548 1082 730 0 0
871 T 1346 519 2170 0 0
871 T 1238 517 2010 0 0
871 T 821 1445 1831 0 0
871 T 2757 2600 992 0 0
871 T 2755 331 3007 0 0
871 T 3005 919 2947 0 0
871 T 2698 2159 972 0 0
871 T 2190 904 2966 0 0
871 T 1961 1597 2607 0 0
871 T 2261 2606 2051 0 0
871 T 2309 1786 2885 0 0
871 T 718 1697 2170 0 0
871 T 1697 908 517 0 0
871 T 1403 251 1065 0 0
871 T 2002 766 1106 0 0
871 T 766 10 279 0 0
871 T 2913 1054 2328 0 0
871 T 578 1615 2915 0 0
871 T 241 2650 1829 0 0
871 T 538 875 15 0 0
871 T 16 1268 989 0 0
871 T 1 1505 1223 0 0
871 T 1221 2381 2099 0 0
871 T 2059 189 2118 0 0
871 T 2930 2751 2309 0 0
871 T 2601 1011 2469 0 0
871 T 711 737 1370 0 0
871 T 1871 50 2494 0 0
871 T 450 577 236 0 0
871 T 234 1555 400 0 0
871 T 1338 1017 1475 0 0
871 T 1694 1470 445 0 0
871 T 460 1472 1287 0 0
871 T 1358 593 231 0 0
871 T 2264 999 2591 0 0
871 T 1398 661 620 0 0
871 T 1882 2791 331 0 0
871 T 218 2984 3039 0 0
871 T 291 767 708 0 0
871 T 1317 229 1472 0 0
871 T 873 539 32 0 0
871 T 1233 281 184 0 0
871 T 19 2452 2806 0 0
871 T 1191 511 1523 0 0
871 T 1608 501 1446 0 0
871 T 1075 415 552 0 0
871 T 328 482 1776 0 0
871 T 351 2276 2791 0 0
871 T 2564 816 1734 0 0
871 T 1090 601 2562 0 0
871 T 2924 1107 2538 0 0
871 T 1093 2479 1353 0 0
871 T 1983 2107 1794 0 0
871 T 1914 1137 755 0 0
871 T 2517 2372 9 0 0
871 T 930 2430 2896 0 0
871 T 495 2081 656 0 0
871 T 1778 1209 162 0 0
871 T 762 408 1 0 0
871 T 1508 739 1351 0 0
871 T 54 2277 2934 0 0
871 T 1968 991 2840 0 0
871 T 1481 543 2548 0 0
871 T 886 2468 1096 0 0
871 T 1975 2466 1282 0 0
871 T 730 2742 1796 0 0
871 T 1794 938 518 0 0
871 T 891 1890 2538 0 0
871 T 1327 2482 662 0 0
871 T 1082 1483 1288 0 0
871 T 940 905 333 0 0
871 T 1777 1459 173 0 0
871 T 47 1885 2586 0 0
871 T 2629 352 1527 0 0
871 T 1826 1661 8 0 0
871 T 251 1756 1006 0 0
871 T 2091 2483 1131 0 0
871 T 2274 113 2630 0 0
871 T 579 1726 423 0 0
871 T 1798 3061 2895 0 0
871 T 268 872 1942 0 0
871 T 2179 2466 287 0 0
871 U 46 2 2 0 0
871 U 7 2 2 -1 1
871 U 32 2 2 -1 1
871 U 17 3 4 0 0
871 U 772 4 4 0 0
871 U 61 4 3 0 0
871 U 59 4 3 0 0
871 U 13 3 4 0 0
871 U 1116 8 6 0 0
871 U 749 6 7 0 0
871 U 90 7 8 0 0
871 U 68 6 5 0 0
871 U 754 5 8 0 0
871 U 2183 8 6 0 0
871 U 69 7 8 0 0
871 U 92 5 6 0 0
871 U 2898 10 14 0 0
871 U 43 14 13 0 0
871 U 3000 13 10 0 0
871 U 3102 9 11 0 0
871 U 686 11 13 0 0
871 U 2927 14 11 0 0
871 U 117 11 12 0 0
871 U 125 10 9 0 0
871 U 2992 11 10 0 0
871 U 706 9 11 0 0
871 U 110 10 9 -1 0
871 U 182 16 19 0 0
871 U 1012 20 16 0 0
871 U 40 19 20 0 0
871 U 165 15 18 0 0
871 U 697 18 16 0 0
871 U 58 16 15 0 0
871 U 25 19 20 0 0
871 U 1648 20 15 0 0
871 U 721 18 20 0 0
871 U 979 20 17 0 0
871 U 11 17 18 0 0
871 U 108 22 21 0 0
871 U 2905 21 25 0 0
871 U 1639 25 22 0 0
871 U 1672 26 23 0 0
871 U 3070 21 26 0 0
871 U 2659 23 21 0 0
871 U 2919 24 21 0 0
871 U 82 23 24 0 0
871 U 138 21 22 0 0
871 U 2664 26 24 0 0
871 U 112 26 25 0 0
871 U 273 27 33 0 0
871 U 1715 31 27 0 0
871 U 628 33 31 0 0
871 U 617 30 33 0 0
871 U 83 29 30 0 0
871 U 243 33 29 0 0
871 U 29 36 35 0 0
871 U 1732 35 32 0 0
871 U 314 32 36 0 0
871 U 271 35 27 0 0
871 U 598 27 32 0 0
871 U 2060 28 29 0 0
871 U 1718 30 28 0 0
871 U 97 29 30 1 0
871 U 24 32 31 0 0
871 U 613 30 36 0 0
871 U 1737 35 33 0 0
871 U 124 37 38 0 0
871 U 2823 38 39 0 0
871 U 2640 39 37 0 0
871 U 2156 40 38 0 0
871 U 34 39 40 0 0
871 U 635 39 38 0 0
871 U 101 38 37 0 0
871 U 85 37 38 1 0
871 U 21 43 44 0 0
871 U 1197 41 43 0 0
871 U 840 44 41 0 0
871 U 160 44 42 0 0
871 U 657 42 43 0 0
871 U 52 43 44 0 0
871 U 36 44 43 0 0
871 U 10 42 41 -1 0
871 U 2170 46 48 0 0
871 U 1238 48 46 0 0
871 U 2179 46 46 0 0
871 U 2188 47 47 0 0
871 U 136 46 45 0 0
871 U 131 45 46 0 0
871 U 88 48 47 0 0
871 U 77 47 48 0 0
871 U 359 49 49 0 0
871 U 1164 59 49 0 0
871 U 1203 49 59 -1 0
871 U 1144 52 57 1 0
871 U 455 57 57 0 0
871 U 1224 57 52 0 0
871 U 473 59 59 0 0
871 U 1154 53 56 -1 0
871 U 1230 56 53 0 0
871 U 387 53 53 0 0
871 U 354 52 52 1 0
871 U 75 58 57 0 0
871 U 77 57 58 0 0
871 U 1187 54 50 0 0
871 U 1248 50 54 0 0
871 U 438 56 56 0 0
871 U 1195 56 51 0 0
871 U 1183 51 56 0 0
871 U 119 60 59 0 0
871 U 2161 61 63 0 0
871 U 1180 63 61 0 0
871 U 2213 61 61 0 0
871 U 134 61 62 0 0
871 U 129 62 61 0 0
871 U 2209 63 63 0 0
871 U 87 63 64 0 0
871 U 75 64 63 0 0
871 U 22 66 65 -1 0
871 U 1149 68 66 0 0
871 U 904 65 68 0 0
871 U 153 65 67 0 0
871 U 607 67 66 0 0
871 U 54 66 65 0 0
871 U 10 68 67 0 0
871 U 27 66 65 0 0
871 U 624 72 69 0 0
871 U 85 69 70 0 0
871 U 2654 70 72 0 0
871 U 121 70 69 0 0
871 U 2815 69 72 0 0
871 U 2167 71 69 0 0
871 U 29 72 71 0 0
871 U 105 69 70 0 0
871 U 325 79 81 0 0
871 U 1668 74 79 0 0
871 U 639 81 74 0 0
871 U 260 82 76 0 0
871 U 1629 74 82 0 0
871 U 643 76 74 0 0
871 U 301 75 77 0 0
871 U 676 77 79 0 0
871 U 1642 79 75 0 0
871 U 261 73 79 0 0
871 U 34 79 80 0 0
871 U 664 78 75 0 0
871 U 82 77 78 0 0
871 U 2117 77 82 0 0
871 U 1623 82 78 0 0
871 U 98 78 77 0 0
871 U 24 74 73 -1 0
871 U 104 85 86 0 0
871 U 2914 86 88 0 0
871 U 1726 88 85 0 0
871 U 1688 87 84 0 0
871 U 3065 86 87 0 0
871 U 2649 84 86 0 0
871 U 2901 83 86 0 0
871 U 2646 87 83 0 0
871 U 111 87 88 0 0
871 U 83 83 84 0 0
871 U 140 86 85 0 0
871 U 178 94 89 0 0
871 U 746 89 93 0 0
871 U 56 93 94 0 0
871 U 960 91 93 0 0
871 U 1709 93 92 0 0
871 U 26 92 91 0 0
871 U 953 92 89 0 0
871 U 172 93 92 0 0
871 U 47 91 92 0 0
871 U 735 89 91 0 0
871 U 12 90 89 -1 0
871 U 2973 98 95 0 0
871 U 2909 95 97 0 0
871 U 50 97 98 0 0
871 U 3106 96 100 0 0
871 U 763 100 98 0 0
871 U 115 100 99 0 0
871 U 2921 97 100 0 0
871 U 127 95 96 0 0
871 U 2981 100 95 0 0
871 U 765 95 99 0 0
871 U 110 96 95 0 0
871 U 93 103 104 0 0
871 U 1123 101 103 0 0
871 U 681 104 101 0 0
871 U 96 102 101 0 0
871 U 714 103 102 0 0
871 U 2238 104 102 0 0
871 U 69 103 104 0 0
871 U 71 101 102 0 0
871 U 16 106 105 0 0
871 U 696 105 105 0 0
871 U 63 105 106 0 0
871 U 65 105 106 0 0
871 U 14 106 105 -1 0
871 U 38 1 1 0 -1
871 U 8 1 1 0 -1
871 U 42 1 1 0 0
871 Q 187 119 188 120 0 0 0 0 0 0
871 Q 474 188 474 188 0 0 0 0 0 0
871 Q 149 0 149 0 0 0 0 0 1 0
871 Q 293 439 293 439 0 0 0 0 0 0
871 Q 185 147 185 147 0 0 0 0 0 0
