223 A 4 0 -1 2 1 -2
223 A 7 0 -1 2 1 -2
223 A -1 1 27 0 -27 0
223 A -1 1 15 0 -15 0
223 A -1 1 13 0 -13 0
223 A 0 1 27 0 -27 0
223 A 0 1 15 0 -15 0
223 A 0 1 13 0 -13 0
223 A 8 0 -3 2 3 -2
223 A 8 0 -1 2 1 -2
223 A 8 0 1 2 -1 -2
223 A 8 0 3 2 -3 -2
223 A -4 1 25 2 -25 -2
223 A 3 1 -27 2 27 -2
223 A -8 1 7 1 -7 -1
223 A 7 1 -8 1 8 -1
223 A 14 0 -1 2 1 -2
223 A 9 0 -2 4 -2 4
223 A 5 0 -3 2 -2 1
223 A 5 0 2 1 1 -2
223 A 5 0 -2 2 0 -2
223 A 5 0 1 2 1 1
223 A 5 0 -1 1 0 1
223 A 7 0 -4 3 2 -1
223 A 7 0 -4 2 2 2
223 A 7 0 3 1 2 3
223 A 7 0 -3 1 -2 -1
223 A 7 0 -3 2 -2 3
223 A 7 0 1 3 -1 -1
223 A 7 0 1 2 -1 3
223 A -1 1 25 0 -9 0
223 A -1 1 23 0 17 0
223 A 0 1 25 0 -9 0
223 A 0 1 23 0 17 0
223 A -2 1 25 1 15 0
223 A -2 1 13 0 -9 0
223 A 1 1 15 0 26 -1
223 A 1 1 13 0 -9 0
223 A -3 1 14 1 -11 0
223 A -3 1 20 1 -24 -1
223 A -3 1 12 1 -26 -1
223 A 2 1 -27 1 13 -1
223 A 2 1 -25 1 21 -1
223 A 2 1 11 0 -15 1
223 A -4 1 21 1 15 1
223 A -4 1 9 0 11 1
223 A -4 1 7 1 -23 -2
223 A 3 1 -22 1 -16 1
223 A 3 1 -8 1 25 -2
223 A 3 1 9 0 12 -1
223 A -5 1 8 1 25 2
223 A -5 1 19 2 -16 -1
223 A -5 1 4 1 -12 -1
223 A 4 1 -27 2 -9 1
223 A 4 1 -5 1 13 -1
223 A 4 1 -17 1 21 -2
223 A 9 0 -5 4 1 4
223 A 9 0 -5 2 -3 4
223 A 9 0 -6 4 -2 -4
223 A 9 0 3 2 -1 4
223 A -6 1 27 2 5 1
223 A -6 1 21 2 7 1
223 A -6 1 15 1 -23 -3
223 A -6 1 9 1 -17 -1
223 A 5 1 -23 2 -8 1
223 A 5 1 -18 1 10 -1
223 A 5 1 -29 2 -6 1
223 A 5 1 -16 1 26 -3
223 A -7 1 24 3 23 2
223 A -7 1 10 1 9 2
223 A -7 1 22 3 20 3
223 A -7 1 15 2 13 2
223 A -7 1 8 1 6 1
223 A 6 1 -11 1 -11 2
223 A 6 1 -7 1 -9 1
223 A 6 1 -25 2 -27 3
223 A 6 1 -25 3 -23 3
223 A 6 1 -17 2 -15 2
223 A -8 1 11 2 13 2
223 A -8 1 11 1 21 4
223 A 7 1 -12 1 -25 4
223 A 7 1 -15 2 -13 2
223 A 11 0 -1 5 4 -5
223 A 11 0 -1 3 -5 2
223 A 11 0 -2 3 3 2
223 A 12 0 3 2 5 -2
223 A -10 1 15 2 5 2
223 A -10 1 29 4 15 4
223 A 9 1 -17 2 -7 2
223 A 9 1 -33 4 -19 4
223 A 13 0 3 6 2 3
223 A 13 0 -9 6 -5 3
223 A -12 1 11 1 13 3
223 A 11 1 -12 1 -16 3
223 A 15 0 4 7 -2 4
223 S -1 1 4 0
223 S 0 3 7 0
223 S 0 2 7 0
223 S 0 1 7 0
223 S -3 3 7 0
223 S -2 2 7 0
223 S -1 1 7 0
223 S 0 1 4 0
223 T 235 335 152 0 0
223 T 154 120 78 0 0
223 T 76 155 237 0 0
223 T 155 122 335 0 0
223 T 69 225 231 0 0
223 T 68 70 68 1 0
223 T 74 84 76 0 0
223 T 78 71 65 0 0
223 T 88 70 82 0 0
223 T 233 62 225 0 0
223 T 62 60 62 0 0
223 T 61 57 45 0 0
223 T 50 51 58 0 0
223 T 52 44 50 0 0
223 T 255 3 192 0 0
223 T 194 54 80 0 0
223 T 54 1 103 0 0
223 T 128 142 42 0 0
223 T 88 2 130 0 0
223 T 142 1 82 0 0
223 T 1 4 6 0 0
223 T 8 134 241 0 0
223 T 239 120 294 0 0
223 T 292 171 7 0 0
223 T 171 122 134 0 0
223 T 168 343 297 0 0
223 T 15 182 170 0 0
223 T 13 162 177 0 0
223 T 343 180 25 0 0
223 T 214 0 235 0 0
223 T 342 349 237 0 0
223 T 0 343 340 0 0
223 T 349 345 212 0 0
223 T 63 51 217 0 0
223 T 215 141 102 0 0
223 T 252 139 51 0 0
223 T 349 307 290 0 0
223 T 55 329 288 0 0
223 T 307 150 57 0 0
223 T 329 148 347 0 0
223 T 25 190 341 0 0
223 T 179 0 190 0 0
223 T 169 334 213 0 0
223 T 296 350 334 0 0
223 T 313 317 113 0 0
223 T 165 294 311 0 0
223 T 111 334 163 0 0
223 T 294 332 317 0 0
223 T 43 271 172 0 0
223 T 244 41 271 0 0
223 T 57 185 246 0 0
223 T 122 102 199 0 0
223 T 201 139 47 0 0
223 T 49 215 120 0 0
223 T 219 137 8 0 0
223 T 31 107 221 0 0
223 T 107 17 137 0 0
223 T 127 49 209 0 0
223 T 201 41 207 0 0
223 T 196 204 205 0 0
223 T 194 148 19 0 0
223 T 21 189 154 0 0
223 T 148 1 9 0 0
223 T 143 317 27 0 0
223 T 13 304 145 0 0
223 T 317 306 298 0 0
223 T 285 350 338 0 0
223 T 151 339 283 0 0
223 T 268 0 259 0 0
223 T 38 0 36 0 0
223 T 175 3 281 0 0
223 T 9 1 162 0 0
223 T 94 102 197 0 0
223 T 116 231 92 0 0
223 T 108 100 225 0 0
223 T 233 247 29 0 0
223 T 133 118 30 0 0
223 T 92 133 247 0 0
223 T 113 86 58 0 0
223 T 167 76 111 0 0
223 T 56 74 169 0 0
223 T 239 116 34 0 0
223 T 116 132 12 0 0
223 T 186 247 202 0 0
223 T 208 266 173 0 0
223 T 60 264 247 0 0
223 T 113 229 48 0 0
223 T 84 53 229 0 0
223 T 96 54 1 0 0
223 T 275 129 54 0 0
223 T 145 87 48 0 0
223 T 87 177 54 0 0
223 T 177 145 44 0 0
223 T 294 348 306 0 0
223 T 304 162 46 0 0
223 T 44 321 292 0 0
223 T 321 160 348 0 0
223 T 211 165 76 0 0
223 T 63 203 213 0 0
223 T 165 205 71 0 0
223 T 92 299 186 0 0
223 T 112 207 94 0 0
223 T 184 136 114 0 0
223 T 207 138 299 0 0
223 T 122 65 45 0 0
223 T 59 190 181 0 0
223 T 138 29 107 0 0
223 T 101 263 136 0 0
223 T 29 265 226 0 0
223 T 152 71 45 0 0
223 T 80 123 49 0 0
223 T 123 68 144 0 0
223 T 133 299 200 0 0
223 T 7 183 290 0 0
223 T 329 246 8 0 0
223 T 203 235 84 0 0
223 T 321 272 7 0 0
223 T 94 230 129 0 0
223 T 73 206 156 0 0
223 T 125 57 192 0 0
223 T 123 24 325 0 0
223 T 165 117 125 0 0
223 T 323 239 163 0 0
223 T 117 241 24 0 0
223 T 289 336 326 0 0
223 T 324 283 310 0 0
223 T 314 121 326 0 0
223 T 315 219 155 0 0
223 T 157 108 143 0 0
223 T 27 110 219 0 0
223 T 158 196 163 0 0
223 T 245 6 274 0 0
223 T 6 330 321 0 0
223 T 113 288 219 0 0
223 T 302 100 173 0 0
223 T 20 307 123 0 0
223 T 170 61 152 0 0
223 T 5 148 159 0 0
223 T 311 288 155 0 0
223 U 17 2 2 0 0
223 U 32 2 2 -1 1
223 U 7 2 2 -1 1
223 U 25 3 4 0 0
223 U 21 4 3 0 0
223 U 284 3 3 0 0
223 U 20 3 4 0 0
223 U 24 4 3 0 0
223 U 269 9 9 0 0
223 U 91 6 9 0 0
223 U 86 9 6 0 0
223 U 280 8 8 0 0
223 U 95 6 8 0 0
223 U 88 8 6 0 0
223 U 40 10 9 0 0
223 U 36 9 10 0 0
223 U 278 6 6 0 0
223 U 13 8 7 0 0
223 U 9 7 8 0 0
223 U 38 16 15 0 0
223 U 39 15 16 0 0
223 U 262 15 15 0 0
223 U 80 14 12 0 0
223 U 103 12 14 0 0
223 U 255 14 14 0 0
223 U 100 11 16 0 0
223 U 65 16 11 0 0
223 U 254 11 11 0 0
223 U 20 13 14 0 0
223 U 10 14 13 0 0
223 U 297 17 17 0 0
223 U 14 17 18 0 0
223 U 28 18 17 0 0
223 U 26 18 17 0 0
223 U 16 17 18 0 0
223 U 34 1 1 0 -1
223 U 8 1 1 0 -1
223 U 12 1 1 0 0
223 Q 5 67 5 67 -1 0 1 0 0 0
