191 A 4 0 -1 2 1 -2
191 A 5 0 2 1 -2 -1
191 A 6 0 -1 2 1 -2
191 A -1 1 23 0 -23 0
191 A -1 1 17 0 -17 0
191 A -1 1 7 0 -7 0
191 A 0 1 23 0 -23 0
191 A 0 1 17 0 -17 0
191 A 0 1 7 0 -7 0
191 A -4 1 21 2 -21 -2
191 A -4 1 7 1 -7 -1
191 A -4 1 15 1 -15 -1
191 A 3 1 -16 1 16 -1
191 A 3 1 -8 1 8 -1
191 A 3 1 -23 2 23 -2
191 A 8 0 -3 2 3 -2
191 A 8 0 -1 2 1 -2
191 A 8 0 1 2 -1 -2
191 A 8 0 3 2 -3 -2
191 A 9 0 -2 4 2 -4
191 A 10 0 3 4 -3 -4
191 A -8 1 11 2 -11 -2
191 A -8 1 9 2 -9 -2
191 A 7 1 -11 2 11 -2
191 A 7 1 -13 2 13 -2
191 A -9 1 22 3 -22 -3
191 A -9 1 10 1 -10 -1
191 A 8 1 -11 1 11 -1
191 A 8 1 -25 3 25 -3
191 A 12 0 5 2 -5 -2
191 A 12 0 -1 2 1 -2
191 A -2 2 17 0 -17 0
191 A 0 2 17 0 -17 0
191 A -13 1 9 2 -9 -2
191 A 12 1 -11 2 11 -2
191 A -8 2 11 2 -11 -2
191 A 6 2 -13 2 13 -2
191 A 5 0 -1 2 -1 2
191 A 7 0 2 3 2 3
191 A 5 0 -2 2 0 1
191 A 5 0 -1 1 0 2
191 A -1 1 13 0 11 0
191 A 0 1 13 0 11 0
191 A 7 0 -4 3 4 -2
191 A 7 0 3 1 -1 2
191 A 7 0 -3 1 -1 3
191 A 7 0 -3 2 -1 -2
191 A 7 0 -3 3 0 2
191 A 7 0 2 2 -1 -3
191 A 7 0 2 1 -2 3
191 A 7 0 -2 1 1 1
191 A 7 0 -2 2 0 3
191 A -2 1 21 1 13 0
191 A -2 1 19 1 17 1
191 A -2 1 11 0 9 0
191 A 1 1 13 0 22 -1
191 A 1 1 11 0 9 0
191 A 1 1 -18 1 -20 1
191 A -3 1 22 1 -10 -1
191 A -3 1 16 1 14 1
191 A 2 1 -23 1 11 -1
191 A 2 1 -15 1 -17 1
191 A -4 1 9 1 19 1
191 A 3 1 -20 1 -10 1
191 A -5 1 14 1 15 2
191 A -5 1 4 1 10 1
191 A -5 1 6 1 -21 -2
191 A 4 1 -23 2 7 -1
191 A 4 1 -15 1 -17 2
191 A 4 1 -5 1 -11 1
191 A -6 1 19 3 -13 -1
191 A -6 1 23 2 -17 -2
191 A 5 1 -19 2 25 -2
191 A 5 1 -14 1 22 -3
191 A 9 0 -5 4 -1 -4
191 A -8 1 17 4 -9 -1
191 A -8 1 15 2 -23 -3
191 A 7 1 -17 2 26 -3
191 A 7 1 -10 1 21 -4
191 A -9 1 17 4 16 3
191 A 8 1 -19 3 -21 4
191 A 11 0 -6 2 -1 5
191 A 11 0 -5 4 -7 5
191 A 11 0 -5 5 0 5
191 A 11 0 4 3 -2 4
191 A 11 0 4 2 -4 5
191 A 11 0 3 5 1 -2
191 A 11 0 2 5 1 4
191 A 11 0 -2 3 -1 3
191 A -10 1 13 3 -21 -4
191 A 9 1 -16 3 25 -4
191 A -11 1 5 2 -8 -3
191 A 10 1 -7 2 11 -3
191 A 13 0 -2 4 5 3
191 A -12 1 5 2 7 2
191 A -12 1 7 3 -19 -4
191 A 11 1 -9 2 -7 2
191 A 11 1 -23 4 10 -3
191 A -1 2 -17 1 29 0
191 A -3 2 23 0 -17 0
191 A -3 2 35 1 16 0
191 A 1 2 23 0 -17 0
191 A 1 2 -36 1 -16 0
191 A -5 2 36 1 -15 -1
191 A 3 2 -37 1 16 -1
191 A -6 2 17 0 19 0
191 A 4 2 17 0 19 0
191 A 5 2 18 0 -43 3
191 A -7 2 18 0 -40 -3
191 S -1 1 4 0
191 S 0 1 6 0
191 S -3 1 6 0
191 S -3 2 5 0
191 S 1 1 5 0
191 S -2 1 5 0
191 S 1 2 5 0
191 S 2 1 6 0
191 S -1 1 6 0
191 S 0 1 4 0
191 T 107 251 350 0 0
191 T 73 353 105 0 0
191 T 251 355 61 0 0
191 T 147 260 135 0 0
191 T 168 39 133 0 0
191 T 260 157 166 0 0
191 T 157 147 39 0 0
191 T 296 37 143 0 0
191 T 341 184 294 0 0
191 T 141 315 343 0 0
191 T 184 313 37 0 0
191 T 2 276 230 0 0
191 T 110 198 1 0 0
191 T 232 147 112 0 0
191 T 198 145 276 0 0
191 T 262 135 243 0 0
191 T 241 222 212 0 0
191 T 210 120 264 0 0
191 T 120 224 135 0 0
191 T 108 132 102 0 0
191 T 132 119 110 0 0
191 T 107 123 125 0 0
191 T 121 101 113 0 0
191 T 79 120 97 0 0
191 T 98 114 109 0 0
191 T 103 282 354 0 0
191 T 132 284 28 0 0
191 T 4 192 239 0 0
191 T 192 194 125 0 0
191 T 127 227 237 0 0
191 T 227 196 3 0 0
191 T 216 255 17 0 0
191 T 327 228 214 0 0
191 T 18 341 325 0 0
191 T 228 343 255 0 0
191 T 284 252 320 0 0
191 T 318 6 297 0 0
191 T 157 284 299 0 0
191 T 252 157 6 0 0
191 T 161 214 234 0 0
191 T 236 221 130 0 0
191 T 132 248 163 0 0
191 T 248 223 214 0 0
191 T 168 207 4 0 0
191 T 196 144 166 0 0
191 T 144 227 207 0 0
191 T 244 245 257 0 0
191 T 148 247 261 0 0
191 T 243 172 114 0 0
191 T 285 7 241 0 0
191 T 116 25 287 0 0
191 T 33 306 198 0 0
191 T 290 152 34 0 0
191 T 200 337 292 0 0
191 T 152 339 306 0 0
191 T 134 255 182 0 0
191 T 294 228 136 0 0
191 T 90 182 179 0 0
191 T 177 313 49 0 0
191 T 200 154 130 0 0
191 T 154 2 119 0 0
191 T 213 211 80 0 0
191 T 211 77 215 0 0
191 T 329 47 152 0 0
191 T 87 307 331 0 0
191 T 88 334 303 0 0
191 T 307 176 47 0 0
191 T 95 187 104 0 0
191 T 280 89 93 0 0
191 T 89 104 204 0 0
191 T 202 0 187 0 0
191 T 170 229 212 0 0
191 T 210 273 11 0 0
191 T 109 233 135 0 0
191 T 111 181 1 0 0
191 T 256 235 2 0 0
191 T 258 287 284 0 0
191 T 287 166 297 0 0
191 T 277 279 277 0 0
191 T 100 146 222 0 0
191 T 213 263 98 0 0
191 T 321 315 83 0 0
191 T 328 311 81 0 0
191 T 69 143 323 0 0
191 T 81 341 70 0 0
191 T 311 127 304 0 0
191 T 20 125 13 0 0
191 T 269 210 86 0 0
191 T 301 238 271 0 0
191 T 238 336 210 0 0
191 T 133 205 38 0 0
191 T 102 357 286 0 0
191 T 75 121 357 0 0
191 T 194 42 121 0 0
191 T 107 41 190 0 0
191 T 288 267 319 0 0
191 T 267 165 5 0 0
191 T 11 337 333 0 0
191 T 71 339 86 0 0
191 T 54 79 60 0 0
191 T 79 155 138 0 0
191 T 138 97 1 0 0
191 T 238 340 273 0 0
191 T 230 115 223 0 0
191 T 15 166 134 0 0
191 T 136 207 22 0 0
191 T 56 196 122 0 0
191 T 87 107 188 0 0
191 T 94 129 85 0 0
191 T 3 158 220 0 0
191 T 218 149 240 0 0
191 T 189 151 158 0 0
191 T 83 203 123 0 0
191 T 77 87 81 0 0
191 T 284 248 7 0 0
191 T 267 359 61 0 0
191 T 346 121 265 0 0
191 T 106 58 192 0 0
191 T 92 83 115 0 0
191 T 321 50 144 0 0
191 T 30 195 265 0 0
191 T 312 228 271 0 0
191 T 62 102 317 0 0
191 T 148 220 33 0 0
191 T 289 238 146 0 0
191 T 84 271 214 0 0
191 T 23 250 190 0 0
191 T 278 45 52 0 0
191 T 114 137 181 0 0
191 T 151 72 329 0 0
191 T 94 197 174 0 0
191 T 145 218 32 0 0
191 T 145 160 9 0 0
191 U 15 2 2 0 0
191 U 22 2 2 -1 1
191 U 3 2 2 -1 1
191 U 36 8 7 0 0
191 U 96 7 7 0 0
191 U 46 7 8 0 0
191 U 47 8 7 0 0
191 U 33 7 8 0 0
191 U 69 10 9 0 0
191 U 66 9 10 0 0
191 U 311 9 9 0 0
191 U 63 9 10 0 0
191 U 13 10 9 0 0
191 U 171 3 3 0 0
191 U 11 4 3 0 0
191 U 1 3 4 0 0
191 U 7 3 4 0 0
191 U 25 4 3 0 0
191 U 349 12 12 0 0
191 U 74 11 12 0 0
191 U 62 12 11 -1 0
191 U 57 11 12 0 0
191 U 23 12 11 0 0
191 U 141 16 16 0 0
191 U 84 16 14 0 0
191 U 178 14 16 0 0
191 U 137 14 14 0 0
191 U 44 14 13 -1 0
191 U 59 13 14 0 0
191 U 6 16 15 0 0
191 U 29 15 16 0 0
191 U 150 17 17 0 0
191 U 24 17 18 0 0
191 U 6 18 17 -1 0
191 U 54 19 20 0 0
191 U 156 20 20 0 0
191 U 44 20 19 0 0
191 U 87 19 17 0 0
191 U 174 17 19 0 0
191 U 55 22 21 0 0
191 U 347 22 22 0 0
191 U 29 21 22 0 0
191 U 76 22 21 0 0
191 U 61 21 22 0 0
191 U 8 6 5 0 0
191 U 162 5 5 0 0
191 U 27 5 6 0 0
191 U 18 5 6 0 0
191 U 2 6 5 -1 0
191 U 71 23 24 0 0
191 U 301 24 24 0 0
191 U 67 24 23 0 0
191 U 64 24 23 0 0
191 U 20 23 24 0 0
191 U 35 25 26 0 0
191 U 91 26 26 0 0
191 U 52 26 25 0 0
191 U 49 25 26 0 0
191 U 38 26 25 0 0
191 U 32 1 1 0 -1
191 U 4 1 1 0 -1
191 U 10 1 1 0 0
191 Q 127 0 127 0 0 0 0 0 0 0
191 Q 0 13 0 20 0 0 0 0 0 0
