0
0 d=431
0
431 A 4 0 -1 2 1 -2
431 A 5 0 2 1 -2 -1
431 A 6 0 -1 2 1 -2
431 A 8 0 3 2 -3 -2
431 A 8 0 -3 2 3 -2
431 A 8 0 1 2 -1 -2
431 A 8 0 -1 2 1 -2
431 A 9 0 -1 2 1 -2
431 A 10 0 3 4 -3 -4
431 A -1 1 53 0 -53 0
431 A 0 1 53 0 -53 0
431 A -2 1 21 0 -21 0
431 A 1 1 21 0 -21 0
431 A -3 1 34 1 -34 -1
431 A 2 1 -35 1 35 -1
431 A -4 1 45 1 -45 -1
431 A -4 1 25 1 -25 -1
431 A -4 1 15 1 -15 -1
431 A -4 1 27 1 -27 -1
431 A -4 1 51 2 -51 -2
431 A -4 1 11 0 -11 0
431 A 3 1 11 0 -11 0
431 A 3 1 -16 1 16 -1
431 A 3 1 -28 1 28 -1
431 A 3 1 -46 1 46 -1
431 A 3 1 -26 1 26 -1
431 A 3 1 -53 2 53 -2
431 A 11 0 4 3 -4 -3
431 A -6 1 35 2 -35 -2
431 A 5 1 -37 2 37 -2
431 A 12 0 5 2 -5 -2
431 A 12 0 -1 2 1 -2
431 A -9 1 10 1 -10 -1
431 A 8 1 -11 1 11 -1
431 A 15 0 -2 4 2 -4
431 A -12 1 17 2 -17 -2
431 A -12 1 19 1 -19 -1
431 A -12 1 35 3 -35 -3
431 A -12 1 41 4 -41 -4
431 A 11 1 -45 4 45 -4
431 A 11 1 -38 3 38 -3
431 A 11 1 -20 1 20 -1
431 A 11 1 -19 2 19 -2
431 A 16 0 -7 6 7 -6
431 A 16 0 -1 2 1 -2
431 A 16 0 1 6 -1 -6
431 A 16 0 7 2 -7 -2
431 A 18 0 -1 2 1 -2
431 A -16 1 11 3 -11 -3
431 A 15 1 -14 3 14 -3
431 A -17 1 5 2 -5 -2
431 A 16 1 -7 2 7 -2
431 A 20 0 7 6 -7 -6
431 A 20 0 -3 6 3 -6
431 A -18 1 19 4 -19 -4
431 A 17 1 -23 4 23 -4
431 A -8 2 33 2 -33 -2
431 A -8 2 63 2 -63 -2
431 A 6 2 -65 2 65 -2
431 A 6 2 -35 2 35 -2
431 A 24 0 -5 4 5 -4
431 A 24 0 1 4 -1 -4
431 A -24 1 13 4 -13 -4
431 A 23 1 -17 4 17 -4
431 A -18 2 55 6 -55 -6
431 A 16 2 -61 6 61 -6
431 A 5 0 -1 2 -1 2
431 A 7 0 3 1 3 1
431 A 5 0 -2 2 0 1
431 A 5 0 -1 1 0 2
431 A 7 0 -4 3 -2 1
431 A 7 0 -4 2 -2 -2
431 A 7 0 -3 1 1 -3
431 A 7 0 -3 2 1 2
431 A 7 0 -3 3 0 -3
431 A 7 0 2 3 1 -2
431 A 7 0 2 1 2 -3
431 A 7 0 -2 2 0 -1
431 A 7 0 1 3 1 1
431 A 7 0 -1 1 0 -2
431 A 9 0 -5 4 2 -1
431 A 9 0 4 1 2 -4
431 A 9 0 -4 2 -2 -2
431 A 9 0 1 4 -1 -1
431 A -1 1 49 0 11 0
431 A -1 1 47 0 -23 0
431 A -1 1 41 0 -29 0
431 A -1 1 37 0 35 0
431 A -1 1 25 0 -13 0
431 A -1 1 19 0 17 0
431 A 0 1 49 0 11 0
431 A 0 1 47 0 -23 0
431 A 0 1 41 0 -29 0
431 A 0 1 37 0 35 0
431 A 0 1 25 0 -13 0
431 A 0 1 19 0 17 0
431 A -2 1 51 1 -27 0
431 A -2 1 49 1 -39 -1
431 A -2 1 41 1 23 0
431 A -2 1 29 0 -19 0
431 A -2 1 17 0 -13 0
431 A 1 1 29 0 -19 0
431 A 1 1 27 0 -52 1
431 A 1 1 23 0 42 -1
431 A 1 1 17 0 -13 0
431 A 1 1 -40 1 50 -1
431 A -3 1 52 1 26 1
431 A -3 1 40 1 50 1
431 A -3 1 28 1 11 0
431 A -3 1 22 1 38 1
431 A -3 1 13 0 32 1
431 A 2 1 -53 1 -27 1
431 A 2 1 -51 1 -41 1
431 A 2 1 13 0 33 -1
431 A 2 1 11 0 29 -1
431 A 2 1 -23 1 -39 1
431 A -4 1 45 2 39 1
431 A -4 1 33 1 -13 0
431 A -4 1 19 1 -43 -1
431 A 3 1 -44 1 20 -1
431 A 3 1 13 0 -34 1
431 A 3 1 -40 1 -47 2
431 A 11 0 -6 4 1 2
431 A 11 0 -6 2 3 -4
431 A 11 0 -5 1 -1 -3
431 A 11 0 -5 2 2 5
431 A 11 0 -5 4 2 -3
431 A 11 0 -7 5 3 2
431 A 11 0 -4 3 -4 -1
431 A 11 0 -4 4 0 4
431 A 11 0 -4 5 -1 5
431 A 11 0 -3 2 2 4
431 A 11 0 -3 3 0 -2
431 A 11 0 -3 5 2 -5
431 A 11 0 -2 2 0 -3
431 A 11 0 -2 4 -3 -5
431 A 11 0 -1 2 5 1
431 A 11 0 -1 3 -1 -4
431 A 11 0 -1 4 -4 -2
431 A -5 1 49 2 13 0
431 A -5 1 39 2 37 2
431 A -5 1 34 1 -18 -1
431 A -5 1 24 1 -43 -2
431 A -5 1 16 1 -51 -2
431 A -5 1 12 1 10 1
431 A -5 1 28 1 26 1
431 A 4 1 -51 2 -13 0
431 A 4 1 -35 1 19 -1
431 A 4 1 -27 1 -29 1
431 A 4 1 -13 1 -11 1
431 A 4 1 -17 1 53 -2
431 A 4 1 -25 1 45 -2
431 A 4 1 -41 2 -39 2
431 A -6 1 49 3 29 1
431 A -6 1 49 2 -31 -2
431 A -6 1 37 2 -25 -1
431 A -6 1 31 1 29 2
431 A -6 1 7 1 41 2
431 A -6 1 11 1 -47 -3
431 A 5 1 -26 1 39 -2
431 A 5 1 -31 2 -32 1
431 A 5 1 -51 2 33 -2
431 A 5 1 -8 1 -43 2
431 A 5 1 -30 1 -52 3
431 A 5 1 -50 3 12 -1
431 A -7 1 40 3 38 3
431 A -7 1 33 2 46 3
431 A -7 1 12 1 50 3
431 A -7 1 16 1 6 1
431 A 6 1 -53 3 -13 1
431 A 6 1 -35 2 -49 3
431 A 6 1 -7 1 -17 1
431 A 6 1 -43 3 -41 3
431 A -8 1 11 1 45 3
431 A -8 1 19 2 -51 -3
431 A -8 1 27 2 37 3
431 A -8 1 35 3 17 1
431 A -8 1 33 2 -45 -4
431 A -8 1 9 1 -21 -1
431 A -8 1 23 2 13 1
431 A -8 1 47 4 -19 -1
431 A 7 1 -54 3 21 -2
431 A 7 1 -51 4 20 -1
431 A 7 1 -22 1 10 -1
431 A 7 1 -48 3 -12 1
431 A 7 1 -18 1 -38 3
431 A 7 1 -35 2 49 -4
431 A 7 1 -14 1 -25 2
431 A 7 1 -29 2 -40 3
431 A 13 0 -7 6 -8 4
431 A 13 0 -7 5 8 -6
431 A 13 0 -7 3 -4 -3
431 A 13 0 -6 2 4 2
431 A 13 0 -6 3 8 -5
431 A 13 0 -6 4 -1 -2
431 A 13 0 -6 6 0 6
431 A 13 0 5 3 4 5
431 A 13 0 -5 2 -2 3
431 A 13 0 -5 3 -9 6
431 A 13 0 4 4 1 6
431 A 13 0 -4 3 1 3
431 A 13 0 -4 4 0 -4
431 A 13 0 3 6 2 3
431 A 13 0 3 5 -3 -3
431 A 13 0 3 2 -1 3
431 A 13 0 -3 2 -2 -4
431 A 13 0 2 6 -2 -5
431 A 13 0 -2 4 3 -6
431 A -9 1 40 3 -25 -2
431 A -9 1 22 1 20 1
431 A -9 1 23 2 43 4
431 A -9 1 29 2 -14 -1
431 A -9 1 8 1 -26 -3
431 A 8 1 -21 1 -23 1
431 A 8 1 -29 3 9 -1
431 A 8 1 -31 2 15 -1
431 A 8 1 -25 2 -47 4
431 A 8 1 -43 3 27 -2
431 A -10 1 43 4 21 1
431 A -10 1 33 4 -9 -1
431 A -10 1 17 2 -51 -4
431 A -10 1 27 2 -29 -3
431 A -10 1 45 5 15 1
431 A 9 1 -22 1 -47 4
431 A 9 1 -16 1 -50 5
431 A 9 1 -29 2 32 -3
431 A 9 1 -10 1 37 -4
431 A 9 1 -19 2 55 -4
431 A -11 1 32 3 24 3
431 A -11 1 10 1 39 4
431 A -11 1 48 5 47 4
431 A -11 1 37 4 -13 -2
431 A -11 1 15 2 20 3
431 A -11 1 29 2 25 2
431 A 10 1 -35 3 -27 3
431 A 10 1 -15 2 41 -4
431 A 10 1 -17 2 -23 3
431 A 10 1 -27 2 -31 2
431 A 10 1 -51 4 -53 5
431 A 10 1 -11 1 -43 4
431 A 15 0 -5 4 2 -7
431 A 15 0 -5 7 -1 -4
431 A 15 0 4 7 -1 2
431 A -12 1 43 4 17 1
431 A -12 1 11 1 37 3
431 A -12 1 35 4 -47 -5
431 A 11 1 -12 1 -40 3
431 A 11 1 -52 5 39 -4
431 A 11 1 -47 4 -18 1
431 A 16 0 -9 6 -7 2
431 A 16 0 -5 2 -3 -2
431 A 16 0 -5 6 -3 2
431 A 16 0 -3 6 -5 -6
431 A 16 0 -1 6 1 2
431 A 16 0 3 6 5 2
431 A -13 1 31 4 -9 -2
431 A 12 1 -11 2 35 -4
431 A 17 0 -9 8 -8 4
431 A 17 0 -9 7 6 4
431 A 17 0 -9 4 1 -6
431 A 17 0 -9 3 1 -8
431 A 17 0 -8 2 10 -8
431 A 17 0 -8 3 -7 6
431 A 17 0 -8 8 0 -6
431 A 17 0 -10 7 3 7
431 A 17 0 -10 4 2 7
431 A 17 0 7 3 -2 4
431 A 17 0 -7 2 7 -4
431 A 17 0 -7 8 -6 -3
431 A 17 0 6 2 -2 -8
431 A 17 0 -6 6 0 -8
431 A 17 0 5 7 4 -8
431 A 17 0 5 4 5 -6
431 A 17 0 5 3 1 6
431 A 17 0 5 2 -3 -4
431 A 17 0 -5 8 4 -5
431 A 17 0 4 4 1 8
431 A 17 0 -2 3 -1 3
431 A 17 0 -1 5 3 -8
431 A 17 0 -1 2 -3 6
431 A -14 1 35 4 -23 -2
431 A -14 1 55 6 37 6
431 A -14 1 37 5 -33 -5
431 A -14 1 9 2 19 2
431 A 13 1 -11 2 -21 2
431 A 13 1 -42 5 38 -5
431 A 13 1 -25 2 39 -4
431 A 13 1 -61 6 -43 6
431 A -15 1 31 6 38 5
431 A -15 1 16 1 11 2
431 A -15 1 14 3 37 4
431 A 14 1 -41 4 -17 3
431 A 14 1 -43 5 -37 6
431 A 14 1 -13 2 -17 1
431 A 18 0 -7 8 -5 4
431 A 18 0 1 4 -1 8
431 A -16 1 29 5 19 4
431 A 15 1 -34 5 -23 4
431 A 19 0 -10 9 -1 -9
431 A 19 0 -9 9 0 -6
431 A 19 0 -11 9 -5 6
431 A 19 0 -8 5 -5 -2
431 A 19 0 -7 2 -3 -5
431 A 19 0 -6 6 0 -9
431 A 19 0 -1 6 2 9
431 A 19 0 5 9 -7 -5
431 A -17 1 3 2 -28 -5
431 A -17 1 31 4 -34 -5
431 A 16 1 -35 4 39 -5
431 A 16 1 -33 5 5 -2
431 A 20 0 -11 6 -5 2
431 A 20 0 -7 2 -5 6
431 A 20 0 5 6 3 2
431 A 20 0 5 2 -1 6
431 A -18 1 11 2 -41 -8
431 A -18 1 47 7 13 3
431 A -18 1 17 2 -35 -5
431 A -18 1 53 8 37 6
431 A 17 1 -54 7 -16 3
431 A 17 1 -43 6 -61 8
431 A 17 1 -19 2 40 -5
431 A 17 1 -13 2 49 -8
431 A -1 2 -52 1 -103 1
431 A -1 2 65 0 90 -1
431 A -3 2 67 1 35 1
431 A -3 2 20 1 91 0
431 A -3 2 47 0 37 0
431 A 1 2 91 0 21 -1
431 A 1 2 47 0 37 0
431 A 1 2 -36 1 -68 1
431 A -4 2 67 0 -23 0
431 A 2 2 67 0 -23 0
431 A 21 0 8 5 -5 10
431 A -5 2 93 2 -34 -1
431 A -5 2 53 2 -90 -1
431 A -5 2 38 0 21 1
431 A -5 2 29 0 36 1
431 A -5 2 76 1 37 0
431 A 3 2 -95 2 35 -1
431 A 3 2 -77 1 -37 0
431 A 3 2 38 0 22 -1
431 A 3 2 29 0 37 -1
431 A 3 2 -91 1 55 -2
431 A -19 1 35 8 20 3
431 A 18 1 -43 8 -23 3
431 A -20 1 25 4 19 3
431 A -20 1 25 3 35 6
431 A 19 1 -22 3 -29 4
431 A 19 1 -41 6 -28 3
431 A -9 2 85 4 -61 -3
431 A -9 2 73 3 -37 -1
431 A 7 2 -38 1 76 -3
431 A 7 2 -89 4 64 -3
431 A -11 2 64 3 -83 -5
431 A -11 2 33 2 -68 -3
431 A 9 2 -67 3 88 -5
431 A 9 2 -71 3 35 -2
431 A -14 2 61 4 63 4
431 A 12 2 -65 4 -67 4
431 A -15 2 37 2 71 5
431 A 13 2 -39 2 -76 5
431 A -21 2 37 3 -49 -4
431 A 19 2 -40 3 53 -4
431 S -1 1 6 0
431 S 0 4 9 0
431 S 0 2 9 0
431 S 0 1 9 0
431 S -3 1 6 0
431 S -1 1 4 0
431 S -6 3 10 0
431 S -2 1 10 0
431 S -4 1 10 0
431 S -2 3 10 0
431 S 3 1 8 0
431 S 1 3 8 0
431 S -2 1 5 0
431 S 1 2 5 0
431 S -3 2 5 0
431 S 1 1 5 0
431 S -4 3 8 0
431 S -4 1 8 0
431 S 3 1 10 0
431 S -1 3 10 0
431 S 3 3 10 0
431 S 1 1 10 0
431 S 0 1 4 0
431 S 2 1 6 0
431 S -4 4 9 0
431 S -2 2 9 0
431 S -1 1 9 0
431 S 0 1 6 0
431 T 260 642 198 0 0
431 T 800 651 262 0 0
431 T 196 632 802 0 0
431 T 651 634 642 0 0
431 T 627 642 662 0 0
431 T 679 653 633 0 0
431 T 682 677 693 0 0
431 T 683 637 657 0 0
431 T 660 668 676 0 0
431 T 47 742 172 0 0
431 T 636 37 48 0 0
431 T 759 38 158 0 0
431 T 135 740 761 0 0
431 T 872 295 535 0 0
431 T 537 442 286 0 0
431 T 284 793 874 0 0
431 T 793 440 295 0 0
431 T 109 1160 169 0 0
431 T 1280 1301 168 0 0
431 T 1160 1280 51 0 0
431 T 538 982 183 0 0
431 T 1024 426 536 0 0
431 T 185 1104 1026 0 0
431 T 426 1106 982 0 0
431 T 150 688 512 0 0
431 T 333 610 148 0 0
431 T 514 1 331 0 0
431 T 610 2 688 0 0
431 T 500 861 629 0 0
431 T 660 937 502 0 0
431 T 861 935 642 0 0
431 T 595 765 283 0 0
431 T 441 3 597 0 0
431 T 3 538 765 0 0
431 T 1099 1071 309 0 0
431 T 1074 105 299 0 0
431 T 1099 294 1080 0 0
431 T 307 1229 1163 0 0
431 T 1165 274 1101 0 0
431 T 274 1227 1071 0 0
431 T 297 949 995 0 0
431 T 359 907 295 0 0
431 T 997 917 361 0 0
431 T 907 915 949 0 0
431 T 958 947 972 0 0
431 T 920 896 906 0 0
431 T 961 922 942 0 0
431 T 977 975 977 0 0
431 T 936 912 897 0 0
431 T 964 944 971 0 0
431 T 900 924 928 0 0
431 T 58 491 154 0 0
431 T 152 84 492 0 0
431 T 796 273 9 0 0
431 T 1205 929 10 0 0
431 T 273 1245 1203 0 0
431 T 929 1243 798 0 0
431 T 466 944 525 0 0
431 T 894 336 464 0 0
431 T 523 1085 892 0 0
431 T 336 1083 944 0 0
431 T 614 992 1266 0 0
431 T 1264 147 1149 0 0
431 T 1147 763 612 0 0
431 T 763 149 992 0 0
431 T 278 1135 903 0 0
431 T 905 1273 798 0 0
431 T 796 598 276 0 0
431 T 598 1271 1135 0 0
431 T 677 752 614 0 0
431 T 612 176 835 0 0
431 T 837 615 675 0 0
431 T 615 178 752 0 0
431 T 0 851 844 0 0
431 T 745 0 773 0 0
431 T 846 1 771 0 0
431 T 851 745 1 0 0
431 T 1309 858 1201 0 0
431 T 1317 504 1307 0 0
431 T 1199 1044 1315 0 0
431 T 504 1046 858 0 0
431 T 433 273 508 0 0
431 T 510 1203 1277 0 0
431 T 1275 1243 431 0 0
431 T 1136 1062 922 0 0
431 T 920 1064 216 0 0
431 T 218 1083 1138 0 0
431 T 1083 1066 1062 0 0
431 T 1070 1080 1060 0 0
431 T 713 221 447 0 0
431 T 213 448 699 0 0
431 T 13 617 711 0 0
431 T 701 15 622 0 0
431 T 617 53 221 0 0
431 T 620 50 211 0 0
431 T 226 553 411 0 0
431 T 975 248 224 0 0
431 T 553 540 0 0 0
431 T 248 411 540 0 0
431 T 1206 1018 1090 0 0
431 T 1018 1276 578 0 0
431 T 576 507 1088 0 0
431 T 265 811 10 0 0
431 T 1235 1240 263 0 0
431 T 9 901 1237 0 0
431 T 1240 899 811 0 0
431 T 355 572 224 0 0
431 T 396 373 357 0 0
431 T 404 392 415 0 0
431 T 361 384 422 0 0
431 T 365 405 413 0 0
431 T 401 400 387 0 0
431 T 383 371 418 0 0
431 T 359 367 408 0 0
431 T 381 414 395 0 0
431 T 407 419 376 0 0
431 T 226 178 398 0 0
431 T 373 176 572 0 0
431 T 417 610 186 0 0
431 T 184 249 406 0 0
431 T 392 247 610 0 0
431 T 631 304 956 0 0
431 T 958 1035 681 0 0
431 T 653 1037 304 0 0
431 T 130 1311 1250 0 0
431 T 1248 113 1312 0 0
431 T 974 289 681 0 0
431 T 1037 287 947 0 0
431 T 391 143 477 0 0
431 T 475 212 418 0 0
431 T 405 214 143 0 0
431 T 290 665 2 0 0
431 T 1 432 394 0 0
431 T 392 747 288 0 0
431 T 747 27 369 0 0
431 T 747 434 665 0 0
431 T 880 318 546 0 0
431 T 544 832 714 0 0
431 T 712 213 882 0 0
431 T 219 702 881 0 0
431 T 213 834 318 0 0
431 T 1251 122 987 0 0
431 T 31 988 1253 0 0
431 T 1004 182 1129 0 0
431 T 1127 165 1202 0 0
431 T 1200 174 1006 0 0
431 T 174 163 182 0 0
431 T 177 184 159 0 0
431 T 154 161 153 0 0
431 T 175 170 182 0 0
431 T 158 174 138 0 0
431 T 149 183 167 0 0
431 T 166 158 148 0 0
431 T 182 1131 1276 0 0
431 T 1246 1213 180 0 0
431 T 1131 1211 432 0 0
431 T 293 275 21 0 0
431 T 276 11 291 0 0
431 T 1155 9 1087 0 0
431 T 1017 929 1157 0 0
431 T 846 663 206 0 0
431 T 663 1188 199 0 0
431 T 1173 1270 490 0 0
431 T 1312 125 1171 0 0
431 T 488 1306 1314 0 0
431 T 125 1304 1270 0 0
431 T 642 1020 904 0 0
431 T 906 329 632 0 0
431 T 651 327 1020 0 0
431 T 100 1166 1012 0 0
431 T 1014 1259 115 0 0
431 T 1259 1164 721 0 0
431 T 94 211 621 0 0
431 T 615 91 220 0 0
431 T 619 415 80 0 0
431 T 873 245 735 0 0
431 T 873 730 236 0 0
431 T 737 658 792 0 0
431 T 658 243 283 0 0
431 T 1172 1248 224 0 0
431 T 1293 590 1069 0 0
431 T 1067 1145 242 0 0
431 T 240 1268 1291 0 0
431 T 1268 1143 590 0 0
431 T 381 552 175 0 0
431 T 541 364 184 0 0
431 T 252 1145 956 0 0
431 T 974 1061 254 0 0
431 T 1145 1059 947 0 0
431 T 242 1259 917 0 0
431 T 915 721 1223 0 0
431 T 1225 1166 240 0 0
431 T 143 748 694 0 0
431 T 692 289 475 0 0
431 T 338 1177 1280 0 0
431 T 1177 1105 168 0 0
431 T 146 473 18 0 0
431 T 232 163 144 0 0
431 T 163 710 473 0 0
431 T 75 138 85 0 0
431 T 138 464 443 0 0
431 T 581 1033 1194 0 0
431 T 1108 456 579 0 0
431 T 1033 458 132 0 0
431 T 570 735 15 0 0
431 T 727 11 585 0 0
431 T 621 385 568 0 0
431 T 385 700 735 0 0
431 T 1000 1147 646 0 0
431 T 270 869 1002 0 0
431 T 644 309 268 0 0
431 T 869 307 1147 0 0
431 T 585 246 35 0 0
431 T 567 39 235 0 0
431 T 245 91 583 0 0
431 T 570 89 237 0 0
431 T 415 71 622 0 0
431 T 310 611 526 0 0
431 T 965 751 308 0 0
431 T 524 676 963 0 0
431 T 1114 804 323 0 0
431 T 325 365 45 0 0
431 T 1092 363 804 0 0
431 T 74 975 88 0 0
431 T 1019 258 921 0 0
431 T 1007 875 1021 0 0
431 T 919 315 1009 0 0
431 T 875 317 258 0 0
431 T 456 1266 1242 0 0
431 T 1240 147 1234 0 0
431 T 1232 1147 458 0 0
431 T 900 140 799 0 0
431 T 801 1171 814 0 0
431 T 1241 1173 140 0 0
431 T 13 1057 1095 0 0
431 T 312 251 14 0 0
431 T 1097 1066 314 0 0
431 T 1076 103 326 0 0
431 T 1097 322 1077 0 0
431 T 251 1064 1057 0 0
431 T 255 648 287 0 0
431 T 205 772 289 0 0
431 T 746 229 257 0 0
431 T 1002 1141 149 0 0
431 T 1234 224 1000 0 0
431 T 224 1242 1141 0 0
431 T 779 335 1072 0 0
431 T 301 1120 781 0 0
431 T 931 422 701 0 0
431 T 736 361 933 0 0
431 T 672 350 322 0 0
431 T 768 1053 674 0 0
431 T 320 935 770 0 0
431 T 1053 937 350 0 0
431 T 258 429 630 0 0
431 T 628 140 778 0 0
431 T 776 358 256 0 0
431 T 377 26 778 0 0
431 T 358 142 429 0 0
431 T 1283 1272 218 0 0
431 T 8 1310 1285 0 0
431 T 1272 1308 61 0 0
431 T 984 246 505 0 0
431 T 855 1125 986 0 0
431 T 533 173 893 0 0
431 T 337 191 531 0 0
431 T 191 465 173 0 0
431 T 3 292 521 0 0
431 T 519 272 595 0 0
431 T 439 274 292 0 0
431 T 868 764 526 0 0
431 T 793 719 361 0 0
431 T 719 655 931 0 0
431 T 667 584 617 0 0
431 T 222 246 669 0 0
431 T 1184 102 987 0 0
431 T 319 1209 1186 0 0
431 T 989 581 321 0 0
431 T 1209 579 102 0 0
431 T 29 1013 1259 0 0
431 T 565 410 303 0 0
431 T 305 487 196 0 0
431 T 307 201 486 0 0
431 T 198 677 563 0 0
431 T 677 489 410 0 0
431 T 756 588 269 0 0
431 T 868 499 758 0 0
431 T 588 501 1001 0 0
431 T 1011 599 309 0 0
431 T 484 369 1013 0 0
431 T 599 367 201 0 0
431 T 372 82 568 0 0
431 T 235 427 374 0 0
431 T 199 166 606 0 0
431 T 604 173 270 0 0
431 T 268 181 201 0 0
431 T 244 459 729 0 0
431 T 736 235 459 0 0
431 T 803 349 1078 0 0
431 T 1284 1005 893 0 0
431 T 533 1199 1286 0 0
431 T 1006 249 1211 0 0
431 T 1246 247 1127 0 0
431 T 160 612 575 0 0
431 T 837 183 577 0 0
431 T 1235 1264 491 0 0
431 T 493 456 263 0 0
431 T 1075 1210 263 0 0
431 T 265 1183 1095 0 0
431 T 146 1127 1258 0 0
431 T 1256 1202 234 0 0
431 T 367 1028 665 0 0
431 T 1028 599 1188 0 0
431 T 437 135 472 0 0
431 T 17 141 435 0 0
431 T 135 139 145 0 0
431 T 1031 455 26 0 0
431 T 549 849 7 0 0
431 T 1293 1221 547 0 0
431 T 8 1305 1291 0 0
431 T 1221 1303 849 0 0
431 T 698 424 335 0 0
431 T 533 400 696 0 0
431 T 424 402 191 0 0
431 T 1288 1159 34 0 0
431 T 33 952 790 0 0
431 T 788 698 1290 0 0
431 T 698 954 1159 0 0
431 T 712 805 177 0 0
431 T 14 751 805 0 0
431 T 395 237 142 0 0
431 T 584 767 183 0 0
431 T 185 779 730 0 0
431 T 12 781 767 0 0
431 T 326 154 716 0 0
431 T 726 0 718 0 0
431 T 302 726 151 0 0
431 T 580 324 266 0 0
431 T 492 326 1107 0 0
431 T 900 993 1156 0 0
431 T 1238 1090 993 0 0
431 T 3 470 588 0 0
431 T 470 543 267 0 0
431 T 758 545 4 0 0
431 T 193 550 348 0 0
431 T 350 696 453 0 0
431 T 451 399 191 0 0
431 T 399 698 550 0 0
431 T 134 431 1030 0 0
431 T 1118 601 431 0 0
431 T 219 686 269 0 0
431 T 267 808 881 0 0
431 T 808 684 700 0 0
431 T 1227 99 601 0 0
431 T 599 1228 106 0 0
431 T 180 789 546 0 0
431 T 544 968 177 0 0
431 T 170 970 789 0 0
431 T 1270 1303 60 0 0
431 T 801 490 956 0 0
431 T 974 1086 1058 0 0
431 T 603 437 221 0 0
431 T 437 174 686 0 0
431 T 1153 850 983 0 0
431 T 985 488 221 0 0
431 T 1048 490 850 0 0
431 T 779 673 1100 0 0
431 T 673 335 310 0 0
431 T 281 693 563 0 0
431 T 198 682 279 0 0
431 T 789 926 822 0 0
431 T 820 52 953 0 0
431 T 52 924 34 0 0
431 T 1062 277 896 0 0
431 T 534 387 547 0 0
431 T 1216 922 467 0 0
431 T 1185 218 1218 0 0
431 T 469 1064 1183 0 0
431 T 1068 502 887 0 0
431 T 889 444 350 0 0
431 T 348 911 1070 0 0
431 T 911 446 502 0 0
431 T 704 942 467 0 0
431 T 1216 961 706 0 0
431 T 1139 139 1250 0 0
431 T 996 875 1036 0 0
431 T 298 290 875 0 0
431 T 422 959 1008 0 0
431 T 316 940 420 0 0
431 T 805 1096 671 0 0
431 T 416 169 334 0 0
431 T 351 383 332 0 0
431 T 371 351 169 0 0
431 T 689 431 250 0 0
431 T 1140 164 1221 0 0
431 T 1219 208 1249 0 0
431 T 142 210 164 0 0
431 T 516 381 235 0 0
431 T 297 423 518 0 0
431 T 237 827 295 0 0
431 T 423 829 381 0 0
431 T 646 574 2 0 0
431 T 644 456 226 0 0
431 T 357 458 1 0 0
431 T 705 638 722 0 0
431 T 179 484 646 0 0
431 T 1021 386 1038 0 0
431 T 386 330 305 0 0
431 T 410 353 995 0 0
431 T 917 351 367 0 0
431 T 634 198 818 0 0
431 T 816 279 652 0 0
431 T 8 857 532 0 0
431 T 387 855 849 0 0
431 T 1176 819 426 0 0
431 T 819 1281 698 0 0
431 T 822 981 168 0 0
431 T 915 1011 1 0 0
431 T 817 927 143 0 0
431 T 1182 796 815 0 0
431 T 145 1243 1180 0 0
431 T 142 412 518 0 0
431 T 12 1053 1099 0 0
431 T 655 155 471 0 0
431 T 365 214 496 0 0
431 T 451 831 363 0 0
431 T 498 317 453 0 0
431 T 194 158 445 0 0
431 T 377 989 511 0 0
431 T 334 961 375 0 0
431 T 961 1 989 0 0
431 T 789 1018 4 0 0
431 T 1018 180 755 0 0
431 T 734 165 435 0 0
431 T 819 147 538 0 0
431 T 994 819 4 0 0
431 T 590 812 252 0 0
431 T 1268 958 812 0 0
431 T 423 390 454 0 0
431 T 497 136 516 0 0
431 T 505 1273 1180 0 0
431 T 817 903 503 0 0
431 T 302 44 379 0 0
431 T 152 510 78 0 0
431 T 510 299 1116 0 0
431 T 1051 1080 275 0 0
431 T 498 145 413 0 0
431 T 690 322 283 0 0
431 T 1004 1131 688 0 0
431 T 285 867 1006 0 0
431 T 1131 869 322 0 0
431 T 538 830 730 0 0
431 T 728 380 1026 0 0
431 T 452 544 1042 0 0
431 T 1040 714 364 0 0
431 T 483 354 1 0 0
431 T 354 180 571 0 0
431 T 890 999 1291 0 0
431 T 549 158 888 0 0
431 T 158 1219 999 0 0
431 T 138 741 760 0 0
431 T 751 1058 671 0 0
431 T 1058 965 335 0 0
431 T 840 679 963 0 0
431 T 524 692 842 0 0
431 T 840 287 943 0 0
431 T 524 289 885 0 0
431 T 218 1254 961 0 0
431 T 1254 1185 704 0 0
431 T 439 1165 1082 0 0
431 T 948 1224 441 0 0
431 T 1080 241 950 0 0
431 T 627 260 592 0 0
431 T 594 5 376 0 0
431 T 378 345 629 0 0
431 T 333 1009 409 0 0
431 T 1288 350 1170 0 0
431 T 1168 1092 167 0 0
431 T 169 1295 1290 0 0
431 T 153 508 57 0 0
431 T 160 493 508 0 0
431 T 825 786 0 0 0
431 T 228 315 823 0 0
431 T 296 317 649 0 0
431 T 206 784 298 0 0
431 T 1219 1049 1311 0 0
431 T 158 562 283 0 0
431 T 472 243 562 0 0
431 T 895 1067 1054 0 0
431 T 624 255 2 0 0
431 T 626 456 777 0 0
431 T 1006 597 525 0 0
431 T 996 1007 384 0 0
431 T 1307 123 1274 0 0
431 T 594 327 409 0 0
431 T 419 329 6 0 0
431 T 786 135 823 0 0
431 T 228 387 206 0 0
431 T 560 190 166 0 0
431 T 1152 1123 389 0 0
431 T 907 721 442 0 0
431 T 367 340 691 0 0
431 T 250 1255 1182 0 0
431 T 659 584 835 0 0
431 T 767 659 575 0 0
431 T 23 312 252 0 0
431 T 254 481 42 0 0
431 T 481 314 3 0 0
431 T 468 266 311 0 0
431 T 266 590 482 0 0
431 T 968 452 1093 0 0
431 T 1091 1042 175 0 0
431 T 1286 1084 598 0 0
431 T 611 494 1088 0 0
431 T 625 1031 375 0 0
431 T 600 274 302 0 0
431 T 787 1198 930 0 0
431 T 902 1196 820 0 0
431 T 758 1132 577 0 0
431 T 575 321 501 0 0
431 T 1181 124 1317 0 0
431 T 1315 128 1258 0 0
431 T 190 580 376 0 0
431 T 514 322 188 0 0
431 T 505 330 195 0 0
431 T 931 704 685 0 0
431 T 807 706 420 0 0
431 T 256 914 860 0 0
431 T 866 499 258 0 0
431 T 528 923 557 0 0
431 T 150 283 188 0 0
431 T 659 195 591 0 0
431 T 408 505 661 0 0
431 T 278 522 9 0 0
431 T 479 251 10 0 0
431 T 361 305 5 0 0
431 T 1258 111 1316 0 0
431 T 381 1105 782 0 0
431 T 432 1030 27 0 0
431 T 668 504 490 0 0
431 T 652 902 529 0 0
431 T 55 277 522 0 0
431 T 642 257 898 0 0
431 T 187 623 1194 0 0
431 T 1156 1196 3 0 0
431 T 565 369 6 0 0
431 T 624 227 854 0 0
431 T 567 72 372 0 0
431 T 1167 454 789 0 0
431 T 555 929 653 0 0
431 T 470 315 808 0 0
431 T 103 579 1210 0 0
431 U 66 8 7 0 0
431 U 250 7 7 0 0
431 U 74 7 8 0 0
431 U 127 8 7 0 0
431 U 123 7 8 0 0
431 U 7 3 4 0 0
431 U 62 4 3 0 0
431 U 217 4 4 0 0
431 U 32 4 3 0 0
431 U 1 3 4 0 0
431 U 23 2 2 0 0
431 U 42 2 2 -1 1
431 U 3 2 2 -1 1
431 U 1048 12 10 0 0
431 U 221 13 12 0 0
431 U 1153 10 13 0 0
431 U 734 10 12 0 0
431 U 18 12 11 0 0
431 U 209 11 10 0 0
431 U 114 12 11 0 0
431 U 199 9 14 0 0
431 U 204 9 13 0 0
431 U 69 13 14 0 0
431 U 97 13 14 0 0
431 U 721 15 15 0 0
431 U 115 16 15 0 0
431 U 100 15 16 0 0
431 U 63 15 16 1 0
431 U 37 16 15 0 0
431 U 460 18 18 0 0
431 U 12 18 17 0 0
431 U 36 17 18 0 0
431 U 15 17 18 0 0
431 U 39 18 17 0 0
431 U 854 20 22 0 0
431 U 715 22 19 0 0
431 U 107 19 20 1 0
431 U 84 20 19 0 0
431 U 1107 19 21 0 0
431 U 1192 19 22 0 0
431 U 131 20 19 0 0
431 U 67 22 21 0 0
431 U 1295 26 26 0 0
431 U 350 26 23 0 0
431 U 1092 23 26 0 0
431 U 103 24 23 0 0
431 U 1114 26 24 0 0
431 U 109 25 26 0 0
431 U 120 26 25 0 0
431 U 45 24 23 0 0
431 U 842 27 29 0 0
431 U 463 27 27 0 0
431 U 883 29 27 0 0
431 U 76 27 28 0 0
431 U 96 28 27 0 0
431 U 80 29 30 0 0
431 U 475 29 29 0 0
431 U 94 30 29 0 0
431 U 279 32 34 0 0
431 U 5 31 32 1 0
431 U 342 34 31 0 0
431 U 33 34 33 0 0
431 U 19 33 34 0 0
431 U 558 34 34 0 0
431 U 143 31 33 0 0
431 U 27 32 31 0 0
431 U 262 37 35 0 0
431 U 343 35 38 0 0
431 U 6 38 37 0 0
431 U 51 35 36 0 0
431 U 20 36 35 -1 0
431 U 530 35 35 0 0
431 U 26 37 38 0 0
431 U 142 38 36 0 0
431 U 445 42 42 0 0
431 U 95 41 42 1 0
431 U 86 42 41 0 0
431 U 862 42 40 0 0
431 U 427 40 40 0 0
431 U 864 40 42 0 0
431 U 90 40 39 0 0
431 U 81 39 40 0 0
431 U 1299 45 45 0 0
431 U 336 45 44 0 0
431 U 1105 44 45 0 0
431 U 44 43 44 0 0
431 U 1120 44 46 0 0
431 U 106 44 43 0 0
431 U 110 46 45 0 0
431 U 118 45 46 0 0
431 U 78 47 48 0 0
431 U 1116 48 50 0 0
431 U 725 50 47 0 0
431 U 1187 48 49 0 0
431 U 133 47 48 0 0
431 U 843 50 48 0 0
431 U 108 48 47 0 0
431 U 69 49 50 0 0
431 U 16 52 51 0 0
431 U 49 51 52 0 0
431 U 447 52 52 0 0
431 U 54 52 51 0 0
431 U 13 51 52 0 0
431 U 48 54 53 0 0
431 U 63 53 54 0 0
431 U 703 54 54 0 0
431 U 121 53 54 0 0
431 U 102 54 53 0 0
431 U 228 55 59 0 0
431 U 68 59 60 0 0
431 U 189 60 55 0 0
431 U 1126 56 59 0 0
431 U 245 59 58 0 0
431 U 1046 58 56 0 0
431 U 231 56 57 0 0
431 U 112 57 58 0 0
431 U 710 55 57 0 0
431 U 17 57 58 0 0
431 U 97 59 60 0 0
431 U 56 1 1 0 -1
431 U 4 1 1 0 -1
431 U 22 1 1 0 0
431 U 8 6 5 0 0
431 U 242 5 5 0 0
431 U 60 5 6 0 0
431 U 30 5 6 0 0
431 U 2 6 5 -1 0
431 U 65 61 62 0 0
431 U 225 62 62 0 0
431 U 88 62 61 0 0
431 U 129 61 62 0 0
431 U 126 62 61 0 0
431 Q 45 0 44 0 0 0 0 0 0 0
