1707 A 7 0 1 -2 -1 2
1707 A 11 0 7 -3 -7 3
1707 A 13 0 9 -5 -9 5
1707 A 14 0 1 -2 -1 2
1707 A -1 1 -62 0 62 0
1707 A 0 1 -62 0 62 0
1707 A -2 1 -131 0 131 0
1707 A -2 1 -142 0 142 0
1707 A -2 1 -153 -1 153 1
1707 A 1 1 -131 0 131 0
1707 A 1 1 -142 0 142 0
1707 A 1 1 154 -1 -154 1
1707 A -7 1 -181 -3 181 3
1707 A 6 1 184 -3 -184 3
1707 A -8 1 -22 0 22 0
1707 A 7 1 -22 0 22 0
1707 A 22 0 15 -8 -15 8
1707 A -10 1 -112 -3 112 3
1707 A 9 1 115 -3 -115 3
1707 A 23 0 3 -6 -3 6
1707 A -12 1 -199 -5 199 5
1707 A 11 1 204 -5 -204 5
1707 A -14 1 -104 -3 104 3
1707 A 13 1 107 -3 -107 3
1707 A -16 1 -151 -5 151 5
1707 A 15 1 156 -5 -156 5
1707 A 26 0 17 -8 -17 8
1707 A 28 0 1 -2 -1 2
1707 A 28 0 15 -2 -15 2
1707 A -1 2 -286 1 286 -1
1707 A -7 2 -160 -2 160 2
1707 A 5 2 162 -2 -162 2
1707 A -16 2 -397 -8 397 8
1707 A 14 2 405 -8 -405 8
1707 A 13 0 7 -1 7 -1
1707 A 19 0 14 -9 14 -9
1707 A 4 0 0 -1 -1 1
1707 A 4 0 -1 -1 2 -1
1707 A 5 0 0 -1 -2 2
1707 A 5 0 1 -1 0 2
1707 A 5 0 -1 -1 -2 1
1707 A 5 0 3 -1 1 -2
1707 A 5 0 -1 -2 3 -2
1707 A 6 0 0 -1 1 -1
1707 A 6 0 -2 -1 3 -1
1707 A 7 0 -1 -1 1 3
1707 A 7 0 2 -1 -4 3
1707 A 7 0 -2 -1 -3 1
1707 A 7 0 4 -1 5 -3
1707 A 7 0 -1 -2 1 -3
1707 A 7 0 3 -2 2 -3
1707 A 7 0 -2 -2 4 -2
1707 A 8 0 0 -1 3 -3
1707 A 8 0 1 -1 0 -3
1707 A 8 0 -1 -1 2 3
1707 A 8 0 2 -1 -5 3
1707 A 8 0 -2 -1 3 -1
1707 A 8 0 -3 -1 -4 1
1707 A 8 0 1 -3 2 -3
1707 A 8 0 -1 -3 -4 3
1707 A 9 0 0 -1 -2 2
1707 A 9 0 1 -1 0 2
1707 A 9 0 -2 -1 3 -1
1707 A 9 0 -3 -1 -2 -4
1707 A 9 0 4 -1 6 -4
1707 A 9 0 -1 -2 3 -2
1707 A 9 0 -3 -2 -1 4
1707 A 9 0 5 -2 -3 4
1707 A 9 0 0 -4 4 -4
1707 A 10 0 0 -1 3 -3
1707 A 10 0 1 -1 0 -3
1707 A 10 0 -1 -1 -2 1
1707 A 10 0 -2 -1 1 3
1707 A 10 0 3 -1 -4 3
1707 A 10 0 -3 -1 -4 1
1707 A 10 0 -4 -1 5 -3
1707 A 10 0 5 -1 -2 -3
1707 A 10 0 1 -3 2 -3
1707 A 10 0 -3 -3 6 -3
1707 A 11 0 0 -1 5 -5
1707 A 11 0 1 -1 0 -5
1707 A 11 0 -2 -1 -2 -3
1707 A 11 0 3 -1 5 -3
1707 A 11 0 -3 -1 -4 1
1707 A 11 0 -4 -1 -4 3
1707 A 11 0 5 -1 1 3
1707 A 11 0 6 -1 1 -2
1707 A 11 0 0 -2 -3 3
1707 A 11 0 2 -2 0 3
1707 A 11 0 -1 -2 6 -4
1707 A 11 0 3 -2 -2 -4
1707 A 11 0 -3 -2 7 -5
1707 A 11 0 5 -2 -2 -5
1707 A 11 0 -4 -2 -1 4
1707 A 11 0 6 -2 -3 4
1707 A 11 0 1 -3 1 4
1707 A 11 0 2 -3 -5 4
1707 A 11 0 2 -4 3 5
1707 A 11 0 0 -4 4 -4
1707 A 11 0 2 -5 -3 5
1707 A 11 0 1 -5 4 -5
1707 A 12 0 0 -1 -5 5
1707 A 12 0 1 -1 0 5
1707 A 12 0 -2 -1 3 -1
1707 A 12 0 -3 -1 -8 5
1707 A 12 0 4 -1 3 5
1707 A 12 0 -5 -1 6 -1
1707 A 12 0 2 -5 3 -5
1707 A 12 0 -1 -5 6 -5
1707 A 13 0 0 -1 6 -6
1707 A 13 0 1 -1 0 -6
1707 A 13 0 -2 -1 4 3
1707 A 13 0 3 -1 -7 3
1707 A 13 0 -3 -1 3 -4
1707 A 13 0 4 -1 1 -4
1707 A 13 0 -4 -1 1 5
1707 A 13 0 5 -1 -6 5
1707 A 13 0 -5 -1 3 6
1707 A 13 0 6 -1 -9 6
1707 A 13 0 1 -2 -3 6
1707 A 13 0 0 -2 3 -3
1707 A 13 0 2 -2 0 -3
1707 A 13 0 -1 -2 2 3
1707 A 13 0 3 -2 -5 3
1707 A 13 0 -3 -2 -3 -4
1707 A 13 0 5 -2 7 -4
1707 A 13 0 -4 -2 2 -5
1707 A 13 0 6 -2 3 -5
1707 A 13 0 -5 -2 7 -2
1707 A 13 0 1 -3 -4 6
1707 A 13 0 2 -3 -2 6
1707 A 13 0 -1 -3 -4 3
1707 A 13 0 8 -3 -2 4
1707 A 13 0 0 -4 -5 5
1707 A 13 0 4 -4 0 5
1707 A 13 0 -1 -4 -5 4
1707 A 13 0 -2 -4 1 -5
1707 A 13 0 6 -4 4 -5
1707 A 13 0 -2 -5 -2 -6
1707 A 13 0 7 -5 8 -6
1707 A 13 0 1 -6 5 -6
1707 A 14 0 -1 -1 -6 3
1707 A 14 0 2 -1 3 3
1707 A 14 0 -2 -1 -3 1
1707 A 14 0 -3 -1 -2 -3
1707 A 14 0 4 -1 5 -3
1707 A 14 0 -4 -1 -5 1
1707 A 14 0 -5 -1 -4 3
1707 A 14 0 6 -1 1 3
1707 A 14 0 1 -3 -8 5
1707 A 14 0 2 -3 3 5
1707 A 14 0 -5 -3 -4 5
1707 A 14 0 8 -3 -1 5
1707 A 14 0 2 -5 3 -5
1707 A 14 0 -1 -5 -6 5
1707 A 14 0 -4 -5 9 -5
1707 A 15 0 0 -1 -2 2
1707 A 15 0 1 -1 0 2
1707 A 15 0 -2 -1 6 -7
1707 A 15 0 3 -1 1 -7
1707 A 15 0 -3 -1 1 -4
1707 A 15 0 4 -1 3 -4
1707 A 15 0 -5 -1 3 2
1707 A 15 0 6 -1 -5 2
1707 A 15 0 -6 -1 -2 -4
1707 A 15 0 7 -1 6 -4
1707 A 15 0 -1 -2 3 -2
1707 A 15 0 -4 -2 3 4
1707 A 15 0 6 -2 -7 4
1707 A 15 0 -6 -2 8 -2
1707 A 15 0 0 -4 7 -7
1707 A 15 0 4 -4 0 -7
1707 A 15 0 -5 -4 -3 -7
1707 A 15 0 9 -4 10 -7
1707 A 15 0 3 -7 4 -7
1707 A 15 0 -2 -7 9 -7
1707 A 16 0 0 -1 3 -3
1707 A 16 0 1 -1 0 -3
1707 A 16 0 -1 -1 10 -5
1707 A 16 0 2 -1 -5 -5
1707 A 16 0 -2 -1 3 -1
1707 A 16 0 -3 -1 -4 -7
1707 A 16 0 4 -1 11 -7
1707 A 16 0 -4 -1 -5 1
1707 A 16 0 -5 -1 -10 7
1707 A 16 0 6 -1 3 7
1707 A 16 0 -6 -1 -5 3
1707 A 16 0 7 -1 2 3
1707 A 16 0 -7 -1 -8 5
1707 A 16 0 8 -1 3 5
1707 A 16 0 1 -3 2 -3
1707 A 16 0 -1 -3 -4 -5
1707 A 16 0 4 -3 9 -5
1707 A 16 0 -3 -3 -2 -7
1707 A 16 0 6 -3 9 -7
1707 A 16 0 -4 -3 -7 3
1707 A 16 0 -5 -3 -8 7
1707 A 16 0 8 -3 1 7
1707 A 16 0 -6 -3 1 5
1707 A 16 0 9 -3 -6 5
1707 A 16 0 2 -5 -1 7
1707 A 16 0 3 -5 -6 7
1707 A 16 0 1 -5 -4 5
1707 A 16 0 0 -5 7 -7
1707 A 16 0 5 -5 0 -7
1707 A 16 0 -2 -5 7 -5
1707 A 16 0 3 -7 -4 7
1707 A 16 0 2 -7 5 -7
1707 A 17 0 0 -1 -8 8
1707 A 17 0 1 -1 0 8
1707 A 17 0 -1 -1 -8 4
1707 A 17 0 2 -1 4 4
1707 A 17 0 -2 -1 -6 2
1707 A 17 0 3 -1 4 2
1707 A 17 0 -3 -1 -7 6
1707 A 17 0 4 -1 1 6
1707 A 17 0 -4 -1 1 -7
1707 A 17 0 5 -1 6 -7
1707 A 17 0 -5 -1 -3 -8
1707 A 17 0 6 -1 11 -8
1707 A 17 0 -6 -1 -1 5
1707 A 17 0 7 -1 -4 5
1707 A 17 0 -7 -1 6 -5
1707 A 17 0 8 -1 -1 -5
1707 A 17 0 9 -1 10 -3
1707 A 17 0 1 -2 5 7
1707 A 17 0 0 -2 -4 4
1707 A 17 0 2 -2 0 4
1707 A 17 0 -1 -2 -9 6
1707 A 17 0 3 -2 3 6
1707 A 17 0 -2 -2 -4 2
1707 A 17 0 -3 -2 -2 -6
1707 A 17 0 5 -2 8 -6
1707 A 17 0 -5 -2 -3 -4
1707 A 17 0 7 -2 7 -4
1707 A 17 0 -6 -2 5 3
1707 A 17 0 8 -2 -8 3
1707 A 17 0 -7 -2 3 5
1707 A 17 0 9 -2 -8 5
1707 A 17 0 1 -3 -2 3
1707 A 17 0 0 -3 3 -3
1707 A 17 0 -1 -3 -6 -4
1707 A 17 0 4 -3 10 -4
1707 A 17 0 -2 -3 2 -8
1707 A 17 0 5 -3 6 -8
1707 A 17 0 -3 -3 3 7
1707 A 17 0 6 -3 -10 7
1707 A 17 0 -4 -3 2 4
1707 A 17 0 7 -3 -6 4
1707 A 17 0 -6 -3 -2 -5
1707 A 17 0 9 -3 7 -5
1707 A 17 0 2 -4 11 -5
1707 A 17 0 1 -4 -4 -6
1707 A 17 0 3 -4 10 -6
1707 A 17 0 -1 -4 -4 -7
1707 A 17 0 5 -4 11 -7
1707 A 17 0 -5 -4 1 -8
1707 A 17 0 9 -4 7 -8
1707 A 17 0 2 -5 2 8
1707 A 17 0 3 -5 -10 8
1707 A 17 0 0 -5 -5 5
1707 A 17 0 -4 -5 9 -5
1707 A 17 0 -5 -5 -5 -6
1707 A 17 0 10 -5 11 -6
1707 A 17 0 3 -6 -4 8
1707 A 17 0 2 -6 -1 -7
1707 A 17 0 4 -6 8 -7
1707 A 17 0 1 -6 -5 6
1707 A 17 0 0 -6 -7 7
1707 A 17 0 6 -6 0 7
1707 A 17 0 3 -7 4 -7
1707 A 17 0 2 -7 -4 -8
1707 A 17 0 5 -7 12 -8
1707 A 17 0 -2 -7 -3 8
1707 A 17 0 9 -7 -5 8
1707 A 17 0 -1 -8 9 -8
1707 A 18 0 0 -1 7 -7
1707 A 18 0 1 -1 0 -7
1707 A 18 0 -2 -1 3 -1
1707 A 18 0 -3 -1 -2 5
1707 A 18 0 4 -1 -3 5
1707 A 18 0 -5 -1 6 5
1707 A 18 0 6 -1 -11 5
1707 A 18 0 -6 -1 7 -1
1707 A 18 0 -8 -1 9 -7
1707 A 18 0 9 -1 -2 -7
1707 A 18 0 0 -5 5 -5
1707 A 18 0 -1 -5 -12 7
1707 A 18 0 6 -5 5 7
1707 A 18 0 -3 -5 -4 7
1707 A 18 0 8 -5 -3 7
1707 A 18 0 -4 -5 9 -5
1707 A 18 0 1 -7 6 -7
1707 A 18 0 -3 -7 10 -7
1707 A 19 0 0 -1 -2 2
1707 A 19 0 1 -1 0 2
1707 A 19 0 -1 -1 -5 -7
1707 A 19 0 2 -1 12 -7
1707 A 19 0 -2 -1 4 5
1707 A 19 0 3 -1 -9 5
1707 A 19 0 -3 -1 2 9
1707 A 19 0 4 -1 -11 9
1707 A 19 0 -4 -1 10 -2
1707 A 19 0 5 -1 -8 -2
1707 A 19 0 -5 -1 6 -1
1707 A 19 0 -6 -1 2 -3
1707 A 19 0 7 -1 1 -3
1707 A 19 0 -7 -1 1 7
1707 A 19 0 8 -1 -8 7
1707 A 19 0 -8 -1 -2 -4
1707 A 19 0 9 -1 6 -4
1707 A 19 0 10 -1 12 -5
1707 A 19 0 1 -2 6 7
1707 A 19 0 -1 -2 3 -2
1707 A 19 0 -2 -2 -12 6
1707 A 19 0 4 -2 6 6
1707 A 19 0 -3 -2 -4 -6
1707 A 19 0 5 -2 10 -6
1707 A 19 0 -4 -2 2 -7
1707 A 19 0 6 -2 5 -7
1707 A 19 0 -5 -2 -9 8
1707 A 19 0 7 -2 1 8
1707 A 19 0 -6 -2 1 -5
1707 A 19 0 8 -2 4 -5
1707 A 19 0 -7 -2 -12 9
1707 A 19 0 9 -2 3 9
1707 A 19 0 0 -3 -7 7
1707 A 19 0 3 -3 0 7
1707 A 19 0 -1 -3 -8 6
1707 A 19 0 4 -3 2 6
1707 A 19 0 -2 -3 -6 -4
1707 A 19 0 5 -3 10 -4
1707 A 19 0 -3 -3 -8 4
1707 A 19 0 6 -3 4 4
1707 A 19 0 -4 -3 10 -7
1707 A 19 0 7 -3 -3 -7
1707 A 19 0 -5 -3 -7 5
1707 A 19 0 8 -3 2 5
1707 A 19 0 -6 -3 -5 8
1707 A 19 0 9 -3 -3 8
1707 A 19 0 -7 -3 -10 3
1707 A 19 0 11 -3 4 -8
1707 A 19 0 2 -4 3 -6
1707 A 19 0 1 -4 -2 9
1707 A 19 0 3 -4 -7 9
1707 A 19 0 0 -4 9 -9
1707 A 19 0 4 -4 0 -9
1707 A 19 0 -1 -4 11 -5
1707 A 19 0 5 -4 -6 -5
1707 A 19 0 -3 -4 2 7
1707 A 19 0 7 -4 -9 7
1707 A 19 0 -5 -4 -9 4
1707 A 19 0 -7 -4 -7 6
1707 A 19 0 11 -4 1 6
1707 A 19 0 2 -5 -13 9
1707 A 19 0 3 -5 4 9
1707 A 19 0 0 -5 -8 8
1707 A 19 0 5 -5 0 8
1707 A 19 0 -1 -5 2 -8
1707 A 19 0 6 -5 6 -8
1707 A 19 0 -3 -5 4 7
1707 A 19 0 8 -5 -11 7
1707 A 19 0 -5 -5 -1 -9
1707 A 19 0 10 -5 10 -9
1707 A 19 0 2 -6 -6 9
1707 A 19 0 4 -6 -3 9
1707 A 19 0 1 -6 13 -8
1707 A 19 0 5 -6 -5 -8
1707 A 19 0 0 -6 6 -6
1707 A 19 0 -3 -6 1 -7
1707 A 19 0 9 -6 6 -7
1707 A 19 0 -5 -6 -11 6
1707 A 19 0 3 -7 -10 8
1707 A 19 0 4 -7 2 8
1707 A 19 0 1 -8 -7 8
1707 A 19 0 -3 -8 11 -8
1707 A 19 0 -4 -8 -4 9
1707 A 19 0 12 -8 -5 9
1707 A 19 0 1 -9 -8 9
1707 A 20 0 0 -1 3 -3
1707 A 20 0 1 -1 0 -3
1707 A 20 0 -1 -1 -2 -9
1707 A 20 0 2 -1 11 -9
1707 A 20 0 -2 -1 -9 3
1707 A 20 0 3 -1 6 3
1707 A 20 0 -3 -1 -4 1
1707 A 20 0 -4 -1 -5 -3
1707 A 20 0 5 -1 8 -3
1707 A 20 0 -5 -1 -2 7
1707 A 20 0 6 -1 -5 7
1707 A 20 0 -6 -1 3 -9
1707 A 20 0 7 -1 6 -9
1707 A 20 0 -7 -1 -4 -7
1707 A 20 0 8 -1 11 -7
1707 A 20 0 -8 -1 -9 1
1707 A 20 0 -9 -1 -10 7
1707 A 20 0 10 -1 3 7
1707 A 20 0 1 -3 2 -3
1707 A 20 0 -1 -3 12 -9
1707 A 20 0 4 -3 -3 -9
1707 A 20 0 -2 -3 5 9
1707 A 20 0 5 -3 -14 9
1707 A 20 0 -3 -3 6 -3
1707 A 20 0 -4 -3 -3 7
1707 A 20 0 7 -3 -4 7
1707 A 20 0 -7 -3 -10 9
1707 A 20 0 10 -3 1 9
1707 A 20 0 -8 -3 1 7
1707 A 20 0 11 -3 -8 7
1707 A 20 0 1 -7 -2 9
1707 A 20 0 6 -7 -7 9
1707 A 20 0 0 -7 9 -9
1707 A 20 0 7 -7 0 -9
1707 A 20 0 -2 -7 9 -7
1707 A 20 0 -5 -7 4 -9
1707 A 20 0 12 -7 5 -9
1707 A 20 0 -6 -7 13 -7
1707 A 20 0 1 -9 -8 9
1707 A 20 0 -4 -9 -13 9
1707 A -1 1 -22 0 -97 0
1707 A -1 1 -23 0 130 0
1707 A -1 1 -26 0 115 0
1707 A -1 1 -30 0 -185 0
1707 A -1 1 -31 0 124 0
1707 A -1 1 -32 0 -40 0
1707 A -1 1 -34 0 -113 0
1707 A -1 1 -37 0 -150 0
1707 A -1 1 -41 0 125 0
1707 A -1 1 -51 0 67 0
1707 A -1 1 -58 0 81 0
1707 A -1 1 -59 0 152 0
1707 A -1 1 -60 0 121 0
1707 A -1 1 -92 0 -181 0
1707 A -1 1 -93 0 -101 0
1707 A -1 1 -102 0 -180 0
1707 A -1 1 -120 0 -153 0
1707 A -1 1 -123 0 184 0
1707 A -1 1 -163 0 186 0
1707 A -1 1 -167 0 202 0
1707 A 0 1 -22 0 -97 0
1707 A 0 1 -23 0 130 0
1707 A 0 1 -26 0 115 0
1707 A 0 1 -30 0 -185 0
1707 A 0 1 -31 0 124 0
1707 A 0 1 -32 0 -40 0
1707 A 0 1 -34 0 -113 0
1707 A 0 1 -37 0 -150 0
1707 A 0 1 -41 0 125 0
1707 A 0 1 -51 0 67 0
1707 A 0 1 -58 0 81 0
1707 A 0 1 -59 0 152 0
1707 A 0 1 -60 0 121 0
1707 A 0 1 -92 0 -181 0
1707 A 0 1 -93 0 -101 0
1707 A 0 1 -102 0 -180 0
1707 A 0 1 -120 0 -153 0
1707 A 0 1 -123 0 184 0
1707 A 0 1 -163 0 186 0
1707 A 0 1 -167 0 202 0
1707 A -2 1 -23 0 56 0
1707 A -2 1 -28 0 46 0
1707 A -2 1 -29 0 74 0
1707 A -2 1 -32 0 -67 0
1707 A -2 1 -34 0 -162 -1
1707 A -2 1 -35 0 -49 0
1707 A -2 1 -37 0 58 0
1707 A -2 1 -38 0 -79 0
1707 A -2 1 -40 0 118 0
1707 A -2 1 -41 0 -136 0
1707 A -2 1 -47 0 -73 0
1707 A -2 1 -50 0 -161 -1
1707 A -2 1 -68 0 -82 0
1707 A -2 1 -70 0 188 1
1707 A -2 1 -71 0 -143 -1
1707 A -2 1 -94 0 176 1
1707 A -2 1 -95 0 140 0
1707 A -2 1 -97 0 115 0
1707 A -2 1 -98 0 195 1
1707 A -2 1 -100 0 133 0
1707 A -2 1 -116 0 -194 -1
1707 A -2 1 -119 0 137 0
1707 A -2 1 -139 0 -177 -1
1707 A -2 1 -144 -1 189 1
1707 A -2 1 -146 -1 -198 -1
1707 A -2 1 -147 -1 165 1
1707 A -2 1 -155 -1 -192 -1
1707 A -2 1 -164 -1 197 1
1707 A 1 1 -23 0 56 0
1707 A 1 1 -28 0 46 0
1707 A 1 1 -29 0 74 0
1707 A 1 1 -32 0 -67 0
1707 A 1 1 -34 0 -163 1
1707 A 1 1 -35 0 -49 0
1707 A 1 1 -37 0 58 0
1707 A 1 1 -38 0 -79 0
1707 A 1 1 -40 0 118 0
1707 A 1 1 -41 0 -136 0
1707 A 1 1 -47 0 -73 0
1707 A 1 1 -50 0 -162 1
1707 A 1 1 -68 0 -82 0
1707 A 1 1 -70 0 189 -1
1707 A 1 1 -71 0 -144 1
1707 A 1 1 -94 0 177 -1
1707 A 1 1 -95 0 140 0
1707 A 1 1 -97 0 115 0
1707 A 1 1 -98 0 196 -1
1707 A 1 1 -100 0 133 0
1707 A 1 1 -116 0 -195 1
1707 A 1 1 -119 0 137 0
1707 A 1 1 -139 0 -178 1
1707 A 1 1 145 -1 -190 1
1707 A 1 1 147 -1 199 -1
1707 A 1 1 148 -1 -166 1
1707 A 1 1 156 -1 193 -1
1707 A 1 1 165 -1 -198 1
1707 A -3 1 -21 0 162 1
1707 A -3 1 -22 0 -59 0
1707 A -3 1 -32 0 200 1
1707 A -3 1 -38 0 57 0
1707 A -3 1 -41 0 166 1
1707 A -3 1 -68 0 118 1
1707 A -3 1 -76 0 -185 -1
1707 A -3 1 -82 0 -129 -1
1707 A -3 1 -91 -1 -149 -1
1707 A -3 1 -100 -1 203 1
1707 A -3 1 -125 -1 156 1
1707 A -3 1 -133 -1 -153 -1
1707 A -3 1 -134 -1 174 1
1707 A 2 1 -21 0 163 -1
1707 A 2 1 -22 0 -59 0
1707 A 2 1 -32 0 201 -1
1707 A 2 1 -38 0 57 0
1707 A 2 1 -41 0 167 -1
1707 A 2 1 -68 0 119 -1
1707 A 2 1 -76 0 -186 1
1707 A 2 1 -82 0 -130 1
1707 A 2 1 92 -1 150 -1
1707 A 2 1 101 -1 -204 1
1707 A 2 1 126 -1 -157 1
1707 A 2 1 134 -1 154 -1
1707 A 2 1 135 -1 -175 1
1707 A -4 1 -21 0 -201 -2
1707 A -4 1 -24 0 -124 -1
1707 A -4 1 -25 0 -154 -1
1707 A -4 1 -35 0 134 1
1707 A -4 1 -38 0 100 1
1707 A -4 1 -42 0 111 1
1707 A -4 1 -51 0 190 2
1707 A -4 1 -57 0 -73 -1
1707 A -4 1 -60 0 -135 -1
1707 A -4 1 -79 -1 193 2
1707 A -4 1 -88 -1 -163 -1
1707 A -4 1 -89 -1 -114 -1
1707 A -4 1 -91 -1 -130 -1
1707 A -4 1 -96 -1 176 1
1707 A -4 1 -112 -1 -185 -2
1707 A -4 1 -150 -1 183 2
1707 A 3 1 -21 0 -203 2
1707 A 3 1 -24 0 -125 1
1707 A 3 1 -25 0 -155 1
1707 A 3 1 -35 0 135 -1
1707 A 3 1 -38 0 101 -1
1707 A 3 1 -42 0 112 -1
1707 A 3 1 -51 0 192 -2
1707 A 3 1 -57 0 -74 1
1707 A 3 1 -60 0 -136 1
1707 A 3 1 80 -1 -195 2
1707 A 3 1 89 -1 164 -1
1707 A 3 1 90 -1 115 -1
1707 A 3 1 92 -1 131 -1
1707 A 3 1 97 -1 -177 1
1707 A 3 1 113 -1 187 -2
1707 A 3 1 151 -1 -185 2
1707 A 21 0 -5 -1 3 -4
1707 A 21 0 6 -1 1 -4
1707 A 21 0 -8 -1 -6 -4
1707 A 21 0 9 -1 10 -4
1707 A 21 0 -9 -1 4 8
1707 A 21 0 10 -1 -12 8
1707 A 21 0 -1 -2 -6 4
1707 A 21 0 3 -2 2 4
1707 A 21 0 -3 -2 5 -2
1707 A 21 0 -4 -2 -12 4
1707 A 21 0 6 -2 8 4
1707 A 21 0 -6 -2 -1 -5
1707 A 21 0 8 -2 6 -5
1707 A 21 0 -9 -2 11 -2
1707 A 21 0 -5 -4 3 8
1707 A 21 0 9 -4 -11 8
1707 A 21 0 2 -5 3 -5
1707 A 21 0 -3 -5 5 10
1707 A 21 0 8 -5 -15 10
1707 A 21 0 -4 -5 9 -5
1707 A 21 0 2 -8 3 10
1707 A 21 0 6 -8 -13 10
1707 A 21 0 -1 -8 -6 10
1707 A 21 0 9 -8 -4 10
1707 A -5 1 -22 0 56 1
1707 A -5 1 -23 0 -131 -1
1707 A -5 1 -25 0 -138 -1
1707 A -5 1 -29 0 175 2
1707 A -5 1 -31 0 -163 -2
1707 A -5 1 -37 0 140 1
1707 A -5 1 -38 0 190 2
1707 A -5 1 -43 0 47 1
1707 A -5 1 -49 0 68 1
1707 A -5 1 -45 -1 142 2
1707 A -5 1 -53 -1 -126 -1
1707 A -5 1 -54 -1 187 2
1707 A -5 1 -65 -1 -78 -1
1707 A -5 1 -66 -1 160 2
1707 A -5 1 -71 -1 95 1
1707 A -5 1 -72 -1 199 2
1707 A -5 1 -80 -1 137 1
1707 A -5 1 -92 -1 101 1
1707 A -5 1 -93 -1 -177 -2
1707 A -5 1 -96 -1 -198 -2
1707 A -5 1 -102 -1 178 2
1707 A -5 1 -113 -1 -120 -1
1707 A -5 1 -114 -1 -144 -2
1707 A -5 1 -119 -1 -145 -2
1707 A -5 1 -141 -1 -189 -2
1707 A -5 1 -147 -2 195 2
1707 A -5 1 -151 -2 -201 -2
1707 A -5 1 -165 -2 -202 -2
1707 A 4 1 -22 0 57 -1
1707 A 4 1 -23 0 -132 1
1707 A 4 1 -25 0 -139 1
1707 A 4 1 -29 0 177 -2
1707 A 4 1 -31 0 -165 2
1707 A 4 1 -37 0 141 -1
1707 A 4 1 -38 0 192 -2
1707 A 4 1 -43 0 48 -1
1707 A 4 1 -49 0 69 -1
1707 A 4 1 46 -1 -144 2
1707 A 4 1 54 -1 127 -1
1707 A 4 1 55 -1 -189 2
1707 A 4 1 66 -1 79 -1
1707 A 4 1 67 -1 -162 2
1707 A 4 1 72 -1 -96 1
1707 A 4 1 73 -1 -201 2
1707 A 4 1 81 -1 -138 1
1707 A 4 1 93 -1 -102 1
1707 A 4 1 94 -1 179 -2
1707 A 4 1 97 -1 200 -2
1707 A 4 1 103 -1 -180 2
1707 A 4 1 114 -1 121 -1
1707 A 4 1 115 -1 146 -2
1707 A 4 1 120 -1 147 -2
1707 A 4 1 142 -1 191 -2
1707 A 4 1 149 -2 -197 2
1707 A 4 1 153 -2 203 -2
1707 A 4 1 167 -2 204 -2
1707 A -6 1 -22 0 175 2
1707 A -6 1 -26 0 -117 -1
1707 A -6 1 -34 0 115 1
1707 A -6 1 -40 0 74 1
1707 A -6 1 -47 -1 63 1
1707 A -6 1 -54 -1 -93 -1
1707 A -6 1 -56 -1 -187 -2
1707 A -6 1 -98 -1 -133 -2
1707 A -6 1 -114 -1 167 2
1707 A -6 1 -127 -2 199 3
1707 A -6 1 -181 -2 -194 -2
1707 A -6 1 -189 -2 198 3
1707 A 5 1 -22 0 177 -2
1707 A 5 1 -26 0 -118 1
1707 A 5 1 -34 0 116 -1
1707 A 5 1 -40 0 75 -1
1707 A 5 1 48 -1 -64 1
1707 A 5 1 55 -1 94 -1
1707 A 5 1 57 -1 189 -2
1707 A 5 1 99 -1 135 -2
1707 A 5 1 115 -1 -169 2
1707 A 5 1 129 -2 -202 3
1707 A 5 1 183 -2 196 -2
1707 A 5 1 191 -2 -201 3
1707 A -7 1 -22 0 57 1
1707 A -7 1 -23 0 95 1
1707 A -7 1 -24 0 194 3
1707 A -7 1 -32 0 37 1
1707 A -7 1 -33 0 178 3
1707 A -7 1 -34 0 62 1
1707 A -7 1 -34 -1 -162 -3
1707 A -7 1 -38 -1 -177 -3
1707 A -7 1 -54 -1 -109 -2
1707 A -7 1 -58 -1 -94 -1
1707 A -7 1 -59 -1 -121 -2
1707 A -7 1 -61 -1 -179 -3
1707 A -7 1 -75 -1 129 2
1707 A -7 1 -80 -1 110 2
1707 A -7 1 -82 -1 -123 -2
1707 A -7 1 -83 -1 -92 -1
1707 A -7 1 -93 -1 -122 -2
1707 A -7 1 -100 -1 -185 -3
1707 A -7 1 -97 -2 -155 -2
1707 A -7 1 -117 -2 -165 -2
1707 A -7 1 -118 -2 153 2
1707 A -7 1 -135 -2 -171 -3
1707 A -7 1 -152 -2 164 2
1707 A -7 1 -183 -3 -202 -3
1707 A 6 1 -22 0 58 -1
1707 A 6 1 -23 0 96 -1
1707 A 6 1 -24 0 197 -3
1707 A 6 1 -32 0 38 -1
1707 A 6 1 -33 0 181 -3
1707 A 6 1 -34 0 63 -1
1707 A 6 1 35 -1 165 -3
1707 A 6 1 39 -1 180 -3
1707 A 6 1 55 -1 111 -2
1707 A 6 1 59 -1 95 -1
1707 A 6 1 60 -1 123 -2
1707 A 6 1 62 -1 182 -3
1707 A 6 1 76 -1 -131 2
1707 A 6 1 81 -1 -112 2
1707 A 6 1 83 -1 125 -2
1707 A 6 1 84 -1 93 -1
1707 A 6 1 94 -1 124 -2
1707 A 6 1 101 -1 188 -3
1707 A 6 1 99 -2 157 -2
1707 A 6 1 119 -2 167 -2
1707 A 6 1 120 -2 -155 2
1707 A 6 1 137 -2 174 -3
1707 A 6 1 154 -2 -166 2
1707 A 6 1 186 -3 205 -3
1707 A -8 1 -25 0 50 1
1707 A -8 1 -26 0 -114 -2
1707 A -8 1 -31 0 163 3
1707 A -8 1 -32 0 -142 -3
1707 A -8 1 -26 -1 -63 -1
1707 A -8 1 -33 -1 -90 -2
1707 A -8 1 -39 -1 161 3
1707 A -8 1 -44 -1 -57 -1
1707 A -8 1 -47 -1 178 3
1707 A -8 1 -56 -1 -75 -1
1707 A -8 1 -59 -1 -149 -3
1707 A -8 1 -60 -1 182 3
1707 A -8 1 -65 -1 -78 -1
1707 A -8 1 -85 -2 94 2
1707 A -8 1 -87 -2 120 2
1707 A -8 1 -88 -2 185 3
1707 A -8 1 -93 -2 194 4
1707 A -8 1 -100 -2 -197 -4
1707 A -8 1 -112 -2 176 3
1707 A -8 1 -118 -2 139 2
1707 A -8 1 -127 -2 136 2
1707 A -8 1 -143 -3 164 3
1707 A -8 1 -148 -3 181 3
1707 A -8 1 -188 -3 197 3
1707 A 7 1 -25 0 51 -1
1707 A 7 1 -26 0 -116 2
1707 A 7 1 -31 0 166 -3
1707 A 7 1 -32 0 -145 3
1707 A 7 1 27 -1 64 -1
1707 A 7 1 34 -1 92 -2
1707 A 7 1 40 -1 -164 3
1707 A 7 1 45 -1 58 -1
1707 A 7 1 48 -1 -181 3
1707 A 7 1 57 -1 76 -1
1707 A 7 1 60 -1 152 -3
1707 A 7 1 61 -1 -185 3
1707 A 7 1 66 -1 79 -1
1707 A 7 1 87 -2 -96 2
1707 A 7 1 89 -2 -122 2
1707 A 7 1 90 -2 -188 3
1707 A 7 1 95 -2 -198 4
1707 A 7 1 102 -2 201 -4
1707 A 7 1 114 -2 -179 3
1707 A 7 1 120 -2 -141 2
1707 A 7 1 129 -2 -138 2
1707 A 7 1 146 -3 -167 3
1707 A 7 1 151 -3 -184 3
1707 A 7 1 191 -3 -200 3
1707 A 22 0 -8 -1 5 -3
1707 A 22 0 9 -1 -2 -3
1707 A 22 0 -10 -1 11 -5
1707 A 22 0 11 -1 -6 -5
1707 A 22 0 1 -3 12 -7
1707 A 22 0 2 -3 -5 -7
1707 A 22 0 0 -3 9 -9
1707 A 22 0 3 -3 0 -9
1707 A 22 0 -4 -3 -7 3
1707 A 22 0 -8 -3 11 -9
1707 A 22 0 11 -3 -2 -9
1707 A 22 0 2 -5 -3 5
1707 A 22 0 1 -5 4 -5
1707 A 22 0 -4 -5 -3 9
1707 A 22 0 9 -5 -6 9
1707 A 22 0 -7 -5 12 -5
1707 A 22 0 -8 -5 -13 5
1707 A 22 0 -3 -7 6 9
1707 A 22 0 10 -7 -15 9
1707 A 22 0 -4 -7 11 -7
1707 A 22 0 -6 -7 1 -9
1707 A 22 0 13 -7 8 -9
1707 A -9 1 -23 0 181 4
1707 A -9 1 -24 0 86 2
1707 A -9 1 -27 0 28 1
1707 A -9 1 -31 -1 -201 -4
1707 A -9 1 -34 -1 -49 -1
1707 A -9 1 -51 -1 -131 -3
1707 A -9 1 -56 -1 202 4
1707 A -9 1 -78 -1 -168 -3
1707 A -9 1 -71 -2 130 3
1707 A -9 1 -90 -2 116 2
1707 A -9 1 -114 -2 128 3
1707 A -9 1 -128 -2 193 4
1707 A -9 1 -125 -3 147 3
1707 A -9 1 -148 -3 -175 -4
1707 A -9 1 -153 -3 -183 -4
1707 A 8 1 -23 0 185 -4
1707 A 8 1 -24 0 88 -2
1707 A 8 1 -27 0 29 -1
1707 A 8 1 32 -1 205 -4
1707 A 8 1 35 -1 50 -1
1707 A 8 1 52 -1 134 -3
1707 A 8 1 57 -1 -206 4
1707 A 8 1 79 -1 171 -3
1707 A 8 1 73 -2 -133 3
1707 A 8 1 92 -2 -118 2
1707 A 8 1 116 -2 -131 3
1707 A 8 1 130 -2 -197 4
1707 A 8 1 128 -3 -150 3
1707 A 8 1 151 -3 179 -4
1707 A 8 1 156 -3 187 -4
1707 A -10 1 -23 0 35 1
1707 A -10 1 -24 0 197 4
1707 A -10 1 -25 0 -52 -1
1707 A -10 1 -18 -1 -200 -4
1707 A -10 1 -28 -1 -58 -1
1707 A -10 1 -31 -1 187 4
1707 A -10 1 -36 -1 -196 -4
1707 A -10 1 -38 -1 -110 -3
1707 A -10 1 -39 -1 -171 -4
1707 A -10 1 -50 -1 -92 -2
1707 A -10 1 -60 -1 -76 -2
1707 A -10 1 -61 -1 -193 -4
1707 A -10 1 -62 -2 -115 -3
1707 A -10 1 -70 -2 -197 -5
1707 A -10 1 -72 -2 -98 -2
1707 A -10 1 -73 -2 -159 -3
1707 A -10 1 -75 -2 -194 -4
1707 A -10 1 -78 -2 123 3
1707 A -10 1 -88 -2 185 4
1707 A -10 1 -97 -2 -160 -3
1707 A -10 1 -115 -2 150 3
1707 A -10 1 -109 -3 -172 -4
1707 A -10 1 -121 -3 -162 -4
1707 A -10 1 -127 -3 151 4
1707 A -10 1 -134 -3 156 3
1707 A 9 1 -23 0 36 -1
1707 A 9 1 -24 0 201 -4
1707 A 9 1 -25 0 -53 1
1707 A 9 1 19 -1 204 -4
1707 A 9 1 29 -1 59 -1
1707 A 9 1 32 -1 -191 4
1707 A 9 1 37 -1 200 -4
1707 A 9 1 39 -1 113 -3
1707 A 9 1 40 -1 175 -4
1707 A 9 1 51 -1 94 -2
1707 A 9 1 61 -1 78 -2
1707 A 9 1 62 -1 197 -4
1707 A 9 1 64 -2 118 -3
1707 A 9 1 72 -2 202 -5
1707 A 9 1 74 -2 100 -2
1707 A 9 1 75 -2 162 -3
1707 A 9 1 77 -2 198 -4
1707 A 9 1 80 -2 -126 3
1707 A 9 1 90 -2 -189 4
1707 A 9 1 99 -2 163 -3
1707 A 9 1 117 -2 -153 3
1707 A 9 1 112 -3 176 -4
1707 A 9 1 124 -3 166 -4
1707 A 9 1 130 -3 -155 4
1707 A 9 1 137 -3 -159 3
1707 A 23 0 -10 -1 10 -3
1707 A 23 0 11 -1 -7 -3
1707 A 23 0 12 -1 5 -10
1707 A 23 0 1 -2 14 -5
1707 A 23 0 -1 -2 -15 10
1707 A 23 0 3 -2 5 10
1707 A 23 0 -2 -2 -3 -10
1707 A 23 0 4 -2 13 -10
1707 A 23 0 -5 -2 -6 5
1707 A 23 0 7 -2 1 5
1707 A 23 0 -8 -2 6 8
1707 A 23 0 10 -2 -14 8
1707 A 23 0 0 -3 -10 10
1707 A 23 0 3 -3 0 10
1707 A 23 0 -4 -3 1 -7
1707 A 23 0 7 -3 6 -7
1707 A 23 0 -8 -3 6 -10
1707 A 23 0 11 -3 4 -10
1707 A 23 0 13 -3 17 -11
1707 A 23 0 2 -4 7 9
1707 A 23 0 -2 -4 4 5
1707 A 23 0 6 -4 -9 5
1707 A 23 0 -3 -4 -7 4
1707 A 23 0 -4 -4 10 -5
1707 A 23 0 8 -4 -5 -5
1707 A 23 0 1 -5 -4 5
1707 A 23 0 -2 -6 8 -6
1707 A 23 0 -3 -6 -5 11
1707 A 23 0 9 -6 -6 11
1707 A 23 0 -1 -7 8 -7
1707 A 23 0 15 -7 4 -8
1707 A 23 0 -4 -8 2 -9
1707 A 23 0 12 -8 7 -9
1707 A 23 0 -2 -9 2 -10
1707 A 23 0 11 -9 8 -10
1707 A -11 1 -25 0 32 1
1707 A -11 1 -15 -1 51 1
1707 A -11 1 -18 -1 -26 -1
1707 A -11 1 -20 -1 41 1
1707 A -11 1 -24 -1 -35 -1
1707 A -11 1 -29 -1 72 2
1707 A -11 1 -36 -1 58 2
1707 A -11 1 -47 -1 195 5
1707 A -11 1 -53 -1 149 4
1707 A -11 1 -60 -1 -99 -2
1707 A -11 1 -62 -1 81 2
1707 A -11 1 -64 -2 -201 -5
1707 A -11 1 -90 -2 143 4
1707 A -11 1 -105 -2 115 3
1707 A -11 1 -95 -3 -139 -3
1707 A -11 1 -109 -3 164 4
1707 A -11 1 -124 -3 -181 -5
1707 A -11 1 -161 -4 186 5
1707 A -11 1 -176 -4 -183 -4
1707 A 10 1 -25 0 33 -1
1707 A 10 1 16 -1 -52 1
1707 A 10 1 19 -1 27 -1
1707 A 10 1 21 -1 -42 1
1707 A 10 1 25 -1 36 -1
1707 A 10 1 30 -1 -74 2
1707 A 10 1 37 -1 -60 2
1707 A 10 1 48 -1 -200 5
1707 A 10 1 54 -1 -153 4
1707 A 10 1 61 -1 101 -2
1707 A 10 1 63 -1 -83 2
1707 A 10 1 66 -2 206 -5
1707 A 10 1 92 -2 -147 4
1707 A 10 1 107 -2 -118 3
1707 A 10 1 98 -3 142 -3
1707 A 10 1 112 -3 -168 4
1707 A 10 1 127 -3 186 -5
1707 A 10 1 165 -4 -191 5
1707 A 10 1 180 -4 187 -4
1707 A -12 1 -24 0 -127 -3
1707 A -12 1 -13 -1 186 5
1707 A -12 1 -15 -1 -159 -4
1707 A -12 1 -24 -1 204 5
1707 A -12 1 -29 -1 114 3
1707 A -12 1 -30 -1 -125 -4
1707 A -12 1 -32 -1 168 4
1707 A -12 1 -33 -1 -176 -5
1707 A -12 1 -37 -1 191 5
1707 A -12 1 -46 -1 -82 -2
1707 A -12 1 -55 -1 207 5
1707 A -12 1 -59 -2 169 5
1707 A -12 1 -61 -2 123 4
1707 A -12 1 -63 -2 -197 -5
1707 A -12 1 -65 -2 153 4
1707 A -12 1 -76 -2 -170 -4
1707 A -12 1 -83 -2 196 5
1707 A -12 1 -97 -2 171 5
1707 A -12 1 -92 -3 166 4
1707 A -12 1 -98 -3 -110 -3
1707 A 11 1 -24 0 -130 3
1707 A 11 1 14 -1 -191 5
1707 A 11 1 16 -1 163 -4
1707 A 11 1 25 -1 -209 5
1707 A 11 1 30 -1 -117 3
1707 A 11 1 31 -1 129 -4
1707 A 11 1 33 -1 -172 4
1707 A 11 1 34 -1 181 -5
1707 A 11 1 38 -1 -196 5
1707 A 11 1 47 -1 84 -2
1707 A 11 1 56 -1 -212 5
1707 A 11 1 61 -2 -174 5
1707 A 11 1 63 -2 -127 4
1707 A 11 1 65 -2 202 -5
1707 A 11 1 67 -2 -157 4
1707 A 11 1 78 -2 174 -4
1707 A 11 1 85 -2 -201 5
1707 A 11 1 99 -2 -176 5
1707 A 11 1 95 -3 -170 4
1707 A 11 1 101 -3 113 -3
1707 A 24 0 -7 -5 12 -11
1707 A 24 0 12 -5 -1 -11
1707 A 24 0 -6 -11 17 -11
1707 A -13 1 -12 -1 44 2
1707 A -13 1 -13 -1 118 3
1707 A -13 1 -14 -1 82 2
1707 A -13 1 -17 -1 -97 -3
1707 A -13 1 -27 -1 -76 -2
1707 A -13 1 -30 -1 -83 -3
1707 A -13 1 -34 -1 -49 -1
1707 A -13 1 -38 -1 -54 -2
1707 A -13 1 -54 -1 -61 -2
1707 A -13 1 -53 -2 -149 -5
1707 A -13 1 -67 -2 124 3
1707 A -13 1 -78 -2 133 4
1707 A -13 1 -79 -2 146 5
1707 A -13 1 -86 -2 -151 -4
1707 A -13 1 -94 -3 -185 -6
1707 A -13 1 -101 -3 -201 -6
1707 A -13 1 -122 -3 174 5
1707 A -13 1 -121 -4 -181 -5
1707 A -13 1 -129 -4 -199 -6
1707 A -13 1 -134 -4 -145 -5
1707 A -13 1 -151 -5 -200 -6
1707 A -13 1 -173 -5 -189 -6
1707 A -13 1 -176 -5 -189 -5
1707 A -13 1 -191 -5 -193 -6
1707 A 12 1 13 -1 -46 2
1707 A 12 1 14 -1 -121 3
1707 A 12 1 15 -1 -84 2
1707 A 12 1 18 -1 100 -3
1707 A 12 1 28 -1 78 -2
1707 A 12 1 31 -1 86 -3
1707 A 12 1 35 -1 50 -1
1707 A 12 1 39 -1 56 -2
1707 A 12 1 55 -1 63 -2
1707 A 12 1 55 -2 154 -5
1707 A 12 1 69 -2 -127 3
1707 A 12 1 80 -2 -137 4
1707 A 12 1 81 -2 -151 5
1707 A 12 1 88 -2 155 -4
1707 A 12 1 97 -3 191 -6
1707 A 12 1 104 -3 207 -6
1707 A 12 1 125 -3 -179 5
1707 A 12 1 125 -4 186 -5
1707 A 12 1 133 -4 205 -6
1707 A 12 1 138 -4 150 -5
1707 A 12 1 156 -5 206 -6
1707 A 12 1 178 -5 195 -6
1707 A 12 1 181 -5 194 -5
1707 A 12 1 196 -5 199 -6
1707 A -14 1 -30 -1 179 6
1707 A -14 1 -45 -1 -205 -6
1707 A -14 1 -51 -1 -122 -4
1707 A -14 1 -52 -2 166 5
1707 A -14 1 -61 -2 -88 -3
1707 A -14 1 -69 -2 -71 -3
1707 A -14 1 -81 -2 -173 -6
1707 A -14 1 -73 -3 -163 -5
1707 A -14 1 -100 -3 137 4
1707 A -14 1 -114 -4 -199 -6
1707 A 13 1 31 -1 -185 6
1707 A 13 1 46 -1 211 -6
1707 A 13 1 52 -1 126 -4
1707 A 13 1 54 -2 -171 5
1707 A 13 1 63 -2 91 -3
1707 A 13 1 71 -2 74 -3
1707 A 13 1 83 -2 179 -6
1707 A 13 1 76 -3 168 -5
1707 A 13 1 103 -3 -141 4
1707 A 13 1 118 -4 205 -6
1707 A 25 0 1 -2 18 -11
1707 A 25 0 -1 -2 -2 -7
1707 A 25 0 3 -2 9 -7
1707 A 25 0 -8 -2 -5 -4
1707 A 25 0 10 -2 9 -4
1707 A 25 0 -9 -2 -2 -11
1707 A 25 0 11 -2 13 -11
1707 A 25 0 -3 -4 -6 7
1707 A 25 0 7 -4 -1 7
1707 A 25 0 -4 -4 -3 -11
1707 A 25 0 8 -4 14 -11
1707 A 25 0 2 -7 -15 11
1707 A 25 0 5 -7 4 11
1707 A 25 0 -6 -8 -3 -9
1707 A 25 0 14 -8 12 -9
1707 A -15 1 -15 -1 -186 -6
1707 A -15 1 -16 -1 -151 -5
1707 A -15 1 -26 -1 127 5
1707 A -15 1 -29 -1 -199 -7
1707 A -15 1 -32 -1 77 3
1707 A -15 1 -45 -1 -93 -3
1707 A -15 1 -46 -1 64 2
1707 A -15 1 -36 -2 147 5
1707 A -15 1 -38 -2 118 4
1707 A -15 1 -44 -2 123 5
1707 A -15 1 -46 -2 -116 -4
1707 A -15 1 -58 -2 -107 -3
1707 A -15 1 -59 -2 91 3
1707 A -15 1 -65 -2 69 3
1707 A -15 1 -67 -2 -137 -4
1707 A -15 1 -70 -2 112 4
1707 A -15 1 -76 -3 119 4
1707 A -15 1 -90 -3 106 3
1707 A -15 1 -104 -3 -111 -4
1707 A -15 1 -125 -4 -198 -7
1707 A -15 1 -154 -5 -152 -6
1707 A -15 1 -153 -6 -180 -6
1707 A -15 1 -179 -6 -191 -7
1707 A 14 1 16 -1 192 -6
1707 A 14 1 17 -1 156 -5
1707 A 14 1 27 -1 -132 5
1707 A 14 1 30 -1 206 -7
1707 A 14 1 33 -1 -80 3
1707 A 14 1 46 -1 96 -3
1707 A 14 1 47 -1 -66 2
1707 A 14 1 38 -2 -152 5
1707 A 14 1 40 -2 -122 4
1707 A 14 1 46 -2 -128 5
1707 A 14 1 48 -2 120 -4
1707 A 14 1 60 -2 110 -3
1707 A 14 1 61 -2 -94 3
1707 A 14 1 67 -2 -72 3
1707 A 14 1 69 -2 141 -4
1707 A 14 1 72 -2 -116 4
1707 A 14 1 79 -3 -123 4
1707 A 14 1 93 -3 -109 3
1707 A 14 1 107 -3 115 -4
1707 A 14 1 129 -4 205 -7
1707 A 14 1 159 -5 158 -6
1707 A 14 1 159 -6 186 -6
1707 A 14 1 185 -6 198 -7
1707 A -16 1 -15 -1 -27 -1
1707 A -16 1 -33 -1 -149 -6
1707 A -16 1 -37 -1 -87 -4
1707 A -16 1 -41 -1 -69 -3
1707 A -16 1 -54 -2 206 7
1707 A -16 1 -56 -2 -96 -3
1707 A -16 1 -69 -2 205 7
1707 A -16 1 -74 -2 162 6
1707 A -16 1 -76 -3 92 4
1707 A -16 1 -98 -3 153 5
1707 A -16 1 -115 -5 -189 -7
1707 A -16 1 -168 -7 -181 -7
1707 A 15 1 16 -1 28 -1
1707 A 15 1 34 -1 155 -6
1707 A 15 1 38 -1 91 -4
1707 A 15 1 42 -1 72 -3
1707 A 15 1 56 -2 -213 7
1707 A 15 1 58 -2 99 -3
1707 A 15 1 71 -2 -212 7
1707 A 15 1 76 -2 -168 6
1707 A 15 1 79 -3 -96 4
1707 A 15 1 101 -3 -158 5
1707 A 15 1 120 -5 196 -7
1707 A 15 1 175 -7 188 -7
1707 A 26 0 -2 -3 1 -11
1707 A 26 0 5 -3 10 -11
1707 A 26 0 -10 -3 -13 11
1707 A 26 0 13 -3 2 11
1707 A 26 0 -11 -3 -2 -7
1707 A 26 0 14 -3 9 -7
1707 A 26 0 -9 -5 6 9
1707 A 26 0 14 -5 -15 9
1707 A 26 0 -1 -7 8 -7
1707 A -17 1 -17 -1 -117 -4
1707 A -17 1 -23 -1 -196 -8
1707 A -17 1 -97 -3 188 7
1707 A 16 1 18 -1 121 -4
1707 A 16 1 24 -1 204 -8
1707 A 16 1 100 -3 -195 7
1707 A 27 0 -3 -2 -1 -5
1707 A 27 0 5 -2 6 -5
1707 A 27 0 0 -4 4 -4
1707 A -18 1 -24 -1 102 5
1707 A -18 1 -63 -3 -123 -5
1707 A -18 1 -126 -6 152 6
1707 A -18 1 -154 -7 178 8
1707 A 17 1 25 -1 -107 5
1707 A 17 1 66 -3 128 -5
1707 A 17 1 132 -6 -158 6
1707 A 17 1 161 -7 -186 8
1707 A -19 1 -34 -2 -153 -6
1707 A -19 1 -51 -2 -121 -5
1707 A -19 1 -76 -3 -166 -8
1707 A -19 1 -92 -4 173 8
1707 A 18 1 36 -2 159 -6
1707 A 18 1 53 -2 126 -5
1707 A 18 1 79 -3 174 -8
1707 A 18 1 96 -4 -181 8
1707 A 28 0 -12 -3 17 -9
1707 A 28 0 15 -3 -8 -9
1707 A 28 0 -5 -5 10 -5
1707 A 28 0 -9 -9 18 -9
1707 A -20 1 -39 -1 203 9
1707 A 19 1 40 -1 -212 9
1707 A 29 0 -13 -2 -4 -13
1707 A 29 0 15 -2 17 -13
1707 A 29 0 -6 -5 1 -11
1707 A 29 0 11 -5 10 -11
1707 A 29 0 -3 -13 16 -13
1707 A -21 1 -20 -1 20 2
1707 A -21 1 -61 -3 -193 -10
1707 A -21 1 -62 -3 -183 -10
1707 A -21 1 -73 -3 166 9
1707 A -21 1 -142 -8 179 8
1707 A -21 1 -184 -10 -192 -10
1707 A 20 1 21 -1 -22 2
1707 A 20 1 64 -3 203 -10
1707 A 20 1 65 -3 193 -10
1707 A 20 1 76 -3 -175 9
1707 A 20 1 150 -8 -187 8
1707 A 20 1 194 -10 202 -10
1707 A -22 1 -21 -1 -40 -1
1707 A -22 1 -39 -1 -58 -2
1707 A -22 1 -58 -3 203 10
1707 A -22 1 -82 -5 -162 -8
1707 A 21 1 22 -1 41 -1
1707 A 21 1 40 -1 60 -2
1707 A 21 1 61 -3 -213 10
1707 A 21 1 87 -5 170 -8
1707 A 30 0 1 -13 12 -13
1707 A 31 0 -4 -5 18 -10
1707 A 31 0 9 -5 -8 -10
1707 A 31 0 -5 -5 -10 5
1707 A 31 0 -6 -5 9 10
1707 A 31 0 11 -5 -19 10
1707 A 31 0 -1 -9 10 -9
1707 A -24 1 -123 -8 -192 -10
1707 A 23 1 131 -8 202 -10
1707 A 32 0 1 -3 2 -3
1707 A 32 0 -8 -3 -15 7
1707 A 32 0 11 -3 8 7
1707 A -25 1 -99 -5 93 6
1707 A 24 1 104 -5 -99 6
1707 A -26 1 -35 -1 -200 -12
1707 A 25 1 36 -1 212 -12
1707 A -27 1 -122 -9 174 12
1707 A 26 1 131 -9 -186 12
1707 A 34 0 -9 -9 18 -9
1707 A -28 1 -30 -1 46 2
1707 A 27 1 31 -1 -48 2
1707 A 35 0 -2 -2 4 -2
1707 A 35 0 -15 -4 22 -12
1707 A 35 0 19 -4 -10 -12
1707 A 35 0 -11 -12 23 -12
1707 A -29 1 -29 -1 90 5
1707 A 28 1 30 -1 -95 5
1707 A -31 1 -54 -4 -183 -15
1707 A -31 1 -155 -10 -173 -14
1707 A 30 1 58 -4 198 -15
1707 A 30 1 165 -10 187 -14
1707 A 37 0 -12 -5 17 -5
1707 A 38 0 -11 -13 -24 13
1707 A 41 0 -2 -16 18 -16
1707 A -7 2 -39 -1 -82 0
1707 A -7 2 -324 -2 -409 -2
1707 A 5 2 40 -1 82 0
1707 A 5 2 326 -2 411 -2
1707 A 42 0 -13 -2 -15 16
1707 A 42 0 15 -2 -1 16
1707 A 43 0 -11 -20 31 -20
1707 A -16 2 -47 0 169 2
1707 A -16 2 -197 -4 319 6
1707 A 14 2 -47 0 171 -2
1707 A 14 2 201 -4 -325 6
1707 A -28 2 -31 -2 -205 -6
1707 A 26 2 33 -2 211 -6
1707 A 53 0 -21 -3 24 -3
1707 A 58 0 -13 -13 26 -13
1707 A 61 0 13 -27 14 -27
1707 A 68 0 -9 -9 18 -9
1707 A 70 0 -23 -23 46 -23
1707 A 74 0 -20 -5 25 -5
1707 A 86 0 11 -23 12 -23
1707 A 95 0 -8 -8 16 -8
1707 A 101 0 8 -42 34 -42
1707 A 116 0 -13 -13 26 -13
1707 A 122 0 13 -27 14 -27
1707 A 131 0 -22 -22 44 -22
1707 A 140 0 -46 -47 93 -47
1707 S 0 1 7 0
1707 S 0 2 7 0
1707 S 0 3 7 0
1707 S -1 1 7 0
1707 S -2 2 7 0
1707 S -3 3 7 0
1707 S 1 1 11 0
1707 S 2 2 11 0
1707 S 3 3 11 0
1707 S -7 4 11 0
1707 S -6 5 11 0
1707 S -2 1 11 0
1707 S -4 2 11 0
1707 S -6 3 11 0
1707 S 3 4 11 0
1707 S 1 5 11 0
1707 S 1 1 13 0
1707 S 2 2 13 0
1707 S 3 3 13 0
1707 S 4 4 13 0
1707 S -8 5 13 0
1707 S -7 6 13 0
1707 S -2 1 13 0
1707 S -4 2 13 0
1707 S -6 3 13 0
1707 S -8 4 13 0
1707 S 3 5 13 0
1707 S 1 6 13 0
1707 S 7 1 21 0
1707 S -7 2 21 0
1707 S 7 4 21 0
1707 S -7 5 21 0
1707 S -7 8 21 0
1707 S -14 10 21 0
1707 S -8 1 21 0
1707 S 5 2 21 0
1707 S -11 4 21 0
1707 S 2 5 21 0
1707 S -1 8 21 0
1707 S 4 10 21 0
1707 T 110 108 110 0 0
1707 T 105 103 105 1 0
1707 T 906 902 898 -1 0
1707 T 896 2691 2788 0 0
1707 T 2790 466 904 0 0
1707 T 466 2693 902 0 0
1707 T 448 450 448 1 0
1707 T 366 364 366 0 0
1707 T 548 550 548 0 0
1707 T 633 631 633 0 0
1707 T 1068 2551 2599 0 0
1707 T 1066 1062 1070 1 0
1707 T 2601 10 1064 0 0
1707 T 1062 9 2551 -1 0
1707 T 1150 1232 1140 0 0
1707 T 1142 2585 2439 0 0
1707 T 2441 238 1148 0 0
1707 T 238 2583 1232 0 0
1707 T 1145 239 2328 0 0
1707 T 1137 1237 1143 0 0
1707 T 2330 2631 1135 0 0
1707 T 1237 2633 239 0 0
1707 T 130 2162 1564 0 0
1707 T 1566 1587 1568 0 0
1707 T 1570 2223 128 0 0
1707 T 2223 1589 2162 0 0
1707 T 1078 397 3183 0 0
1707 T 3185 403 3247 0 0
1707 T 3249 490 1076 0 0
1707 T 490 405 397 0 0
1707 T 1073 491 3347 0 0
1707 T 3126 400 1071 0 0
1707 T 3349 410 3124 0 0
1707 T 400 408 491 0 0
1707 T 194 2157 1228 0 0
1707 T 1238 2642 192 0 0
1707 T 1230 1356 1236 0 0
1707 T 2642 1358 2157 0 0
1707 T 189 2592 1231 0 0
1707 T 1233 1353 1223 0 0
1707 T 1225 2219 187 0 0
1707 T 2219 1351 2592 0 0
1707 T 1090 11 2719 -1 0
1707 T 1080 1084 1088 0 0
1707 T 2721 2818 1082 1 0
1707 T 1084 2816 11 0 0
1707 T 1486 1469 1477 0 0
1707 T 1475 2000 2435 0 0
1707 T 2437 123 1484 0 0
1707 T 123 2002 1469 0 0
1707 T 1481 123 2324 0 0
1707 T 1477 1472 1479 0 0
1707 T 2326 2053 1475 0 0
1707 T 1472 2051 123 0 0
1707 T 598 2698 684 0 0
1707 T 694 3218 596 0 0
1707 T 686 699 692 0 0
1707 T 3218 701 2698 0 0
1707 T 593 3156 687 0 0
1707 T 689 706 679 0 0
1707 T 681 2792 591 0 0
1707 T 2792 704 3156 0 0
1707 T 882 927 872 0 0
1707 T 874 429 2563 0 0
1707 T 2565 2979 880 0 0
1707 T 2979 427 927 0 0
1707 T 877 2885 2611 0 0
1707 T 869 926 875 0 0
1707 T 2613 424 867 0 0
1707 T 926 426 2885 0 0
1707 T 3446 138 3807 0 0
1707 T 3809 142 3727 0 0
1707 T 3729 132 3444 0 0
1707 T 132 140 138 0 0
1707 T 326 2590 1428 0 0
1707 T 1430 1435 1424 0 0
1707 T 1426 2635 324 0 0
1707 T 2635 1437 2590 0 0
1707 T 1278 172 2375 0 0
1707 T 1270 1331 1276 0 0
1707 T 2377 2205 1268 0 0
1707 T 1331 2203 172 0 0
1707 T 1273 1338 1263 0 0
1707 T 1265 2139 2487 0 0
1707 T 2489 172 1271 0 0
1707 T 172 2141 1338 0 0
1707 T 231 1223 2183 0 0
1707 T 2185 1359 2671 0 0
1707 T 2673 1217 233 0 0
1707 T 1217 1361 1223 0 0
1707 T 233 1220 2767 0 0
1707 T 2122 1230 231 0 0
1707 T 2769 1366 2120 0 0
1707 T 1230 1364 1220 0 0
1707 T 446 3713 1284 0 0
1707 T 438 484 444 0 0
1707 T 1286 3156 436 0 0
1707 T 484 3158 3713 0 0
1707 T 441 481 431 0 0
1707 T 433 3218 1279 0 0
1707 T 1281 3635 439 0 0
1707 T 3635 3216 481 0 0
1707 T 1286 1375 1276 0 0
1707 T 1278 298 2371 0 0
1707 T 2373 2792 1284 0 0
1707 T 2792 296 1375 0 0
1707 T 1281 2698 2483 0 0
1707 T 1273 1382 1279 0 0
1707 T 2485 291 1271 0 0
1707 T 1382 293 2698 0 0
1707 T 538 555 532 0 0
1707 T 534 3434 1304 0 0
1707 T 1306 3331 536 0 0
1707 T 3331 3432 555 0 0
1707 T 84 80 81 0 0
1707 T 79 45 3803 0 0
1707 T 3805 3886 86 0 0
1707 T 3886 46 80 0 0
1707 T 994 1034 1000 0 0
1707 T 998 1028 992 0 0
1707 T 130 117 125 -1 0
1707 T 123 3851 3068 0 0
1707 T 3070 3647 128 0 0
1707 T 3647 3853 117 0 0
1707 T 129 3725 3063 0 0
1707 T 125 120 127 0 0
1707 T 3065 3773 123 0 0
1707 T 120 3771 3725 0 0
1707 T 690 757 692 0 0
1707 T 694 3210 832 0 0
1707 T 834 3147 688 0 0
1707 T 3147 3208 757 -1 0
1707 T 219 223 216 0 0
1707 T 218 3405 2256 0 0
1707 T 2258 3766 221 0 0
1707 T 3766 3403 223 0 0
1707 T 221 3844 2251 0 0
1707 T 213 230 219 0 0
1707 T 2253 3303 211 0 0
1707 T 230 3305 3844 0 0
1707 T 448 440 444 0 0
1707 T 446 3720 1560 0 0
1707 T 1558 3645 440 0 0
1707 T 3645 209 3720 0 0
1707 T 1544 1536 1540 0 0
1707 T 1542 2637 120 0 0
1707 T 118 2588 1536 0 0
1707 T 598 609 588 0 0
1707 T 590 3375 684 0 0
1707 T 2696 3377 609 0 0
1707 T 585 604 591 0 0
1707 T 681 3277 583 0 0
1707 T 604 3275 2794 0 0
1707 T 163 166 162 -1 0
1707 T 160 3767 3848 0 0
1707 T 3850 3509 165 0 0
1707 T 3509 3769 166 1 0
1707 T 458 3222 940 0 0
1707 T 454 497 456 0 0
1707 T 942 3159 452 -1 0
1707 T 497 3161 3222 0 0
1707 T 1214 1428 1220 0 0
1707 T 1218 1426 1208 0 0
1707 T 1178 525 3183 0 0
1707 T 3185 519 3583 0 0
1707 T 3585 516 1176 0 0
1707 T 516 521 525 0 0
1707 T 1173 513 3659 0 0
1707 T 3126 528 1171 0 0
1707 T 3661 519 3124 0 0
1707 T 528 521 513 0 0
1707 T 686 3403 828 0 0
1707 T 830 2915 692 0 0
1707 T 2915 3405 701 0 0
1707 T 689 3013 823 0 0
1707 T 825 3305 679 0 0
1707 T 704 3303 3013 0 0
1707 T 2373 704 436 0 0
1707 T 433 701 2483 0 0
1707 T 194 1609 2187 0 0
1707 T 2189 1533 2563 0 0
1707 T 2565 1539 192 0 0
1707 T 1539 1531 1609 0 0
1707 T 189 1538 2611 0 0
1707 T 2126 1609 187 0 0
1707 T 2613 1528 2124 0 0
1707 T 1609 1530 1538 0 0
1707 T 830 934 832 0 0
1707 T 3208 932 2917 0 0
1707 T 833 935 823 0 0
1707 T 3011 937 3150 0 0
1707 T 694 479 2939 0 0
1707 T 2941 3637 596 0 0
1707 T 593 3711 2844 0 0
1707 T 2846 486 687 0 0
1707 T 1178 2143 2935 0 0
1707 T 1170 1338 1176 0 0
1707 T 2937 320 1168 0 0
1707 T 1338 322 2143 0 0
1707 T 1173 1331 1163 0 0
1707 T 1165 317 2840 0 0
1707 T 2842 2209 1171 0 0
1707 T 2209 315 1331 0 0
1707 T 466 735 2808 0 0
1707 T 2810 764 2711 0 0
1707 T 2713 741 464 0 0
1707 T 741 766 735 0 0
1707 T 458 2425 948 0 0
1707 T 950 990 940 0 0
1707 T 3220 988 2425 0 0
1707 T 945 2535 451 0 0
1707 T 941 983 943 1 0
1707 T 2535 985 3162 0 0
1707 T 590 2572 676 0 0
1707 T 678 709 684 0 0
1707 T 3377 707 2572 0 0
1707 T 681 712 671 0 0
1707 T 673 2622 583 0 0
1707 T 2622 714 3275 0 0
1707 T 130 1406 2195 -1 0
1707 T 2197 1410 2131 0 0
1707 T 2133 1400 128 0 0
1707 T 1400 1408 1406 0 0
1707 T 2189 305 880 0 0
1707 T 305 1533 2981 0 0
1707 T 877 300 2124 0 0
1707 T 2883 1528 300 0 0
1707 T 230 2036 1212 0 0
1707 T 1214 1418 1204 0 0
1707 T 1206 3013 228 0 0
1707 T 3013 1416 2036 0 0
1707 T 225 2915 1199 0 0
1707 T 1209 2090 223 0 0
1707 T 1201 1411 1207 0 0
1707 T 2090 1413 2915 0 0
1707 T 814 1026 804 0 0
1707 T 806 3321 2599 0 0
1707 T 2601 628 812 0 0
1707 T 628 3319 1026 0 0
1707 T 809 625 2552 0 0
1707 T 801 1019 807 0 0
1707 T 2554 3419 799 0 0
1707 T 1019 3421 625 0 0
1707 T 430 462 420 0 0
1707 T 422 3293 2980 0 0
1707 T 928 3291 462 0 0
1707 T 417 462 423 0 0
1707 T 2886 3391 415 0 0
1707 T 462 3393 925 0 0
1707 T 310 327 312 0 0
1707 T 314 1417 3147 0 0
1707 T 3210 1411 308 0 0
1707 T 258 336 252 0 0
1707 T 254 1605 3759 0 0
1707 T 3842 1606 256 0 0
1707 T 3761 207 3840 0 0
1707 T 1502 1577 1492 0 0
1707 T 1494 2030 2743 0 0
1707 T 2745 203 1500 0 0
1707 T 203 2028 1577 0 0
1707 T 1497 202 2648 0 0
1707 T 1489 1572 1495 0 0
1707 T 2650 2080 1487 0 0
1707 T 1572 2082 202 0 0
1707 T 2845 1105 2939 0 0
1707 T 1182 628 3348 0 0
1707 T 3350 638 3247 0 0
1707 T 3249 626 1180 0 0
1707 T 626 636 628 0 0
1707 T 1294 1369 1284 0 0
1707 T 1286 2408 2067 0 0
1707 T 2069 131 1292 0 0
1707 T 131 2410 1369 0 0
1707 T 1289 138 2016 0 0
1707 T 1281 1372 1287 0 0
1707 T 2018 2522 1279 0 0
1707 T 1372 2520 138 0 0
1707 T 686 2700 820 0 0
1707 T 822 978 828 0 0
1707 T 3405 976 2700 0 0
1707 T 825 978 815 0 0
1707 T 817 2798 679 0 0
1707 T 2798 976 3303 0 0
1707 T 3450 204 3840 0 0
1707 T 3761 202 3448 0 0
1707 T 202 207 204 0 0
1707 T 1162 1158 1154 0 0
1707 T 1152 2651 2747 0 0
1707 T 2749 414 1160 0 0
1707 T 414 2653 1158 0 0
1707 T 314 2037 936 0 0
1707 T 933 2087 307 0 0
1707 T 282 893 2607 0 0
1707 T 2609 895 2559 0 0
1707 T 2561 894 280 0 0
1707 T 894 897 893 0 0
1707 T 854 945 844 0 0
1707 T 846 2393 3372 0 0
1707 T 3374 536 852 0 0
1707 T 536 2391 945 0 0
1707 T 849 533 3272 0 0
1707 T 841 948 847 0 0
1707 T 3274 2503 839 0 0
1707 T 948 2505 533 0 0
1707 T 430 2889 1260 0 0
1707 T 1262 1348 1252 0 0
1707 T 1254 2625 428 0 0
1707 T 2625 1350 2889 0 0
1707 T 425 2575 1247 0 0
1707 T 1257 2983 423 0 0
1707 T 1249 1345 1255 0 0
1707 T 2983 1343 2575 0 0
1707 T 678 3717 820 0 0
1707 T 2702 3715 707 0 0
1707 T 817 3639 671 0 0
1707 T 714 3641 2796 0 0
1707 T 3458 118 4024 0 0
1707 T 3601 127 3456 0 0
1707 T 4026 124 3599 0 0
1707 T 3453 130 3675 0 0
1707 T 3677 124 3928 0 0
1707 T 3930 119 3451 0 0
1707 T 298 2717 904 0 0
1707 T 914 2542 296 0 0
1707 T 906 964 912 0 0
1707 T 2542 966 2717 0 0
1707 T 293 2428 907 0 0
1707 T 909 961 899 0 0
1707 T 901 2811 291 0 0
1707 T 2811 959 2428 0 0
1707 T 1134 2678 1883 0 0
1707 T 1126 1381 1132 0 0
1707 T 1885 155 1124 0 0
1707 T 1381 157 2678 0 0
1707 T 1129 1376 1119 0 0
1707 T 1121 154 1772 0 0
1707 T 1774 2772 1127 0 0
1707 T 2772 152 1376 0 0
1707 T 358 1405 2175 0 0
1707 T 2177 1395 3127 0 0
1707 T 3129 1441 356 0 0
1707 T 1441 1397 1405 0 0
1707 T 353 1444 3187 0 0
1707 T 2114 1400 351 0 0
1707 T 3189 1394 2112 0 0
1707 T 1400 1392 1444 0 0
1707 T 1206 706 3844 0 0
1707 T 3766 699 1199 0 0
1707 T 0 3996 3899 0 0
1707 T 3901 166 3440 0 0
1707 T 3438 165 3996 0 0
1707 T 2250 158 3343 0 0
1707 T 3345 148 3735 0 0
1707 T 3737 172 2248 0 0
1707 T 172 150 158 0 0
1707 T 2245 172 3815 0 0
1707 T 3246 151 2243 0 0
1707 T 3817 145 3244 0 0
1707 T 151 143 172 0 0
1707 T 218 3428 1184 0 0
1707 T 214 246 216 0 0
1707 T 1186 3329 212 -1 0
1707 T 246 3327 3428 0 0
1707 T 1074 1110 1076 0 0
1707 T 1510 2423 2747 0 0
1707 T 1502 1598 1508 0 0
1707 T 2749 331 1500 0 0
1707 T 1598 333 2423 0 0
1707 T 1505 1591 1495 0 0
1707 T 1497 331 2652 0 0
1707 T 2654 2537 1503 0 0
1707 T 2537 333 1591 0 0
1707 T 3585 580 2935 0 0
1707 T 2145 582 518 0 0
1707 T 2842 577 3659 0 0
1707 T 511 575 2207 0 0
1707 T 95 99 92 -1 0
1707 T 94 3984 3872 0 0
1707 T 3874 3889 97 0 0
1707 T 3889 3986 99 0 0
1707 T 97 3892 3792 0 0
1707 T 89 102 95 0 0
1707 T 3794 4082 87 0 0
1707 T 102 4080 3892 0 0
1707 T 248 250 248 1 0
1707 T 5 3 5 0 0
1707 T 266 1096 2063 0 0
1707 T 2065 2013 2262 0 0
1707 T 1100 1092 1096 0 0
1707 T 2013 1094 260 0 0
1707 T 678 2592 812 0 0
1707 T 814 973 820 0 0
1707 T 3715 971 2592 0 0
1707 T 817 968 807 0 0
1707 T 809 2642 671 0 0
1707 T 2642 970 3641 0 0
1707 T 358 953 2179 0 0
1707 T 2181 846 3131 0 0
1707 T 3133 836 356 0 0
1707 T 836 844 953 0 0
1707 T 353 837 3191 -1 0
1707 T 2118 956 351 0 0
1707 T 3193 839 2116 0 0
1707 T 956 841 837 0 0
1707 T 2270 2266 2262 -1 0
1707 T 2065 101 2268 0 0
1707 T 101 2013 2266 0 0
1707 T 922 957 928 0 0
1707 T 3293 2216 920 0 0
1707 T 957 2218 462 0 0
1707 T 925 952 915 0 0
1707 T 917 2154 3391 0 0
1707 T 462 2152 952 0 0
1707 T 219 1191 1919 0 0
1707 T 1921 1809 2262 -1 0
1707 T 1189 1195 1191 0 0
1707 T 1809 1197 220 0 0
1707 T 530 2570 588 0 0
1707 T 598 3213 528 0 0
1707 T 3213 609 2570 0 0
1707 T 525 3151 591 0 0
1707 T 585 2616 523 0 0
1707 T 2616 604 3151 0 0
1707 T 348 352 356 0 0
1707 T 3133 3194 350 0 0
1707 T 1182 2558 3183 -1 0
1707 T 1178 1328 1180 0 0
1707 T 1328 525 2558 0 0
1707 T 1181 1325 1171 0 0
1707 T 3126 2603 1179 0 0
1707 T 2603 528 1325 0 0
1707 T 1306 740 3408 0 0
1707 T 3410 765 3307 0 0
1707 T 3309 738 1304 0 0
1707 T 2556 403 624 0 0
1707 T 629 410 2605 0 0
1707 T 1530 3957 416 0 0
1707 T 3957 302 3394 0 0
1707 T 306 4054 3291 0 0
1707 T 1532 420 4054 0 0
1707 T 394 465 384 0 0
1707 T 386 905 3595 0 0
1707 T 3597 2787 392 0 0
1707 T 389 2693 3671 0 0
1707 T 381 464 387 1 0
1707 T 3673 900 379 0 0
1707 T 194 1826 2467 0 0
1707 T 2469 1828 2359 0 0
1707 T 2361 1864 192 0 0
1707 T 1864 1830 1826 0 0
1707 T 1941 1976 1935 0 0
1707 T 1937 189 2358 0 0
1707 T 2356 2471 1939 0 0
1707 T 2471 187 1976 0 0
1707 T 3277 296 4032 0 0
1707 T 4034 1377 604 0 0
1707 T 1382 3938 609 0 0
1707 T 3938 293 3375 0 0
1707 T 1302 1289 1297 0 0
1707 T 1298 1291 1300 0 0
1707 T 830 3424 1076 0 0
1707 T 1078 3145 832 0 0
1707 T 3145 3426 932 0 0
1707 T 833 3203 1071 0 0
1707 T 1073 3326 823 0 0
1707 T 937 3324 3203 0 0
1707 T 1078 2453 3583 0 0
1707 T 395 519 2453 0 0
1707 T 3661 2340 1071 0 0
1707 T 2340 519 402 0 0
1707 T 95 3624 4048 0 0
1707 T 4050 3564 100 0 0
1707 T 3564 3626 89 0 0
1707 T 101 3561 3952 0 0
1707 T 3954 3702 95 0 0
1707 T 92 3700 3561 0 0
1707 T 678 661 669 0 0
1707 T 667 3819 812 0 0
1707 T 2594 3821 661 0 0
1707 T 669 664 671 0 0
1707 T 809 3741 667 0 0
1707 T 664 3739 2640 0 0
1707 T 258 1561 3599 0 0
1707 T 4026 3279 256 0 0
1707 T 3279 124 1561 0 0
1707 T 258 4082 3267 0 0
1707 T 2258 3792 256 0 0
1707 T 3269 89 2256 0 0
1707 T 126 3379 1556 0 0
1707 T 1558 253 3677 0 0
1707 T 3928 251 3379 0 0
1707 T 94 3369 2253 0 0
1707 T 2251 251 3872 0 0
1707 T 3986 253 3369 0 0
1707 T 798 861 788 0 0
1707 T 790 3608 2171 0 0
1707 T 2173 553 796 0 0
1707 T 553 3610 861 0 0
1707 T 793 553 2108 0 0
1707 T 785 864 791 0 0
1707 T 2110 3686 783 0 0
1707 T 864 3684 553 0 0
1707 T 1586 1604 1576 0 0
1707 T 1574 1603 1580 0 0
1707 T 446 1093 2067 0 0
1707 T 3711 2408 1093 0 0
1707 T 2018 1096 439 0 0
1707 T 1096 2522 3637 0 0
1707 T 1314 2541 536 0 0
1707 T 1306 1392 1312 0 0
1707 T 2541 1394 3333 0 0
1707 T 533 2427 1307 0 0
1707 T 1309 1397 1303 0 0
1707 T 3431 1395 2427 0 0
1707 T 2937 2841 1070 0 0
1707 T 327 318 322 0 0
1707 T 402 2319 3127 0 0
1707 T 394 468 400 0 0
1707 T 3129 4070 392 0 0
1707 T 468 4068 2319 0 0
1707 T 397 473 387 0 0
1707 T 389 3972 3187 0 0
1707 T 3189 2318 395 0 0
1707 T 2318 3974 473 0 0
1707 T 582 2155 664 0 0
1707 T 3741 1358 580 0 0
1707 T 577 1351 3819 0 0
1707 T 661 2221 575 0 0
1707 T 3206 1110 3143 0 0
1707 T 806 4061 1064 0 0
1707 T 3319 10 4061 0 0
1707 T 1061 3963 799 0 0
1707 T 3963 10 3421 1 0
1707 T 218 976 1723 0 0
1707 T 1725 2702 2256 0 0
1707 T 2253 2796 1644 0 0
1707 T 1646 976 211 0 0
1707 T 242 885 2463 0 0
1707 T 2465 2353 2282 -1 0
1707 T 982 889 885 0 0
1707 T 2353 887 236 0 0
1707 T 1933 97 1268 0 0
1707 T 2377 2290 1931 0 0
1707 T 97 2288 2203 0 0
1707 T 1265 97 1820 0 0
1707 T 1822 2283 2487 0 0
1707 T 2141 2285 97 0 0
1707 T 1170 1242 1160 0 0
1707 T 1162 1650 2931 0 0
1707 T 2933 143 1168 0 0
1707 T 143 1648 1242 0 0
1707 T 1165 150 2836 0 0
1707 T 1157 1243 1163 0 0
1707 T 2838 1727 1155 0 0
1707 T 1243 1729 150 0 0
1707 T 2474 4 2359 0 0
1707 T 2469 111 2355 0 0
1707 T 2165 2309 2047 0 0
1707 T 1997 2311 2099 0 0
1707 T 394 736 3255 0 0
1707 T 3257 2809 384 0 0
1707 T 381 2711 3355 0 0
1707 T 3357 741 387 0 0
1707 T 1978 207 1863 0 0
1707 T 1827 108 1941 0 0
1707 T 542 999 3795 0 0
1707 T 546 547 540 0 0
1707 T 3878 997 544 0 0
1707 T 3797 369 3876 0 0
1707 T 1526 1524 1526 0 0
1707 T 1118 1187 1112 0 0
1707 T 1114 179 1611 0 0
1707 T 1693 177 1116 0 0
1707 T 1613 3076 1691 0 0
1707 T 667 2336 804 0 0
1707 T 3821 1026 2336 0 0
1707 T 801 2449 667 0 0
1707 T 2449 1019 3739 0 0
1707 T 3070 93 3692 0 0
1707 T 3694 3617 614 0 0
1707 T 3617 87 3064 0 0
1707 T 106 89 93 0 0
1707 T 519 3351 588 0 0
1707 T 2568 3353 513 0 0
1707 T 585 3253 519 0 0
1707 T 516 3251 2618 0 0
1707 T 2749 458 3911 0 0
1707 T 3913 418 1160 0 0
1707 T 418 456 412 0 0
1707 T 1157 419 4007 0 0
1707 T 4009 451 2652 0 0
1707 T 413 453 419 0 0
1707 T 2449 2909 580 0 0
1707 T 2909 1019 1356 0 0
1707 T 577 3003 2336 0 0
1707 T 1353 1026 3003 0 0
1707 T 1494 3165 2439 0 0
1707 T 1486 1552 1492 0 0
1707 T 2441 438 1484 0 0
1707 T 1552 436 3165 0 0
1707 T 1489 1549 1479 0 0
1707 T 1481 431 2328 0 0
1707 T 2330 3223 1487 0 0
1707 T 3223 433 1549 0 0
1707 T 1554 3168 120 0 0
1707 T 3773 1001 1552 0 0
1707 T 3168 999 3725 0 0
1707 T 117 3230 1547 0 0
1707 T 1549 996 3851 0 0
1707 T 3647 998 3230 0 0
1707 T 1016 1020 1024 0 0
1707 T 394 744 2175 0 0
1707 T 2177 751 3255 0 0
1707 T 738 753 744 0 0
1707 T 2114 744 387 0 0
1707 T 3357 750 2112 0 0
1707 T 744 748 739 0 0
1707 T 346 3878 3448 0 0
1707 T 342 369 344 0 0
1707 T 3450 3795 340 -1 0
1707 T 1126 3330 1695 0 0
1707 T 1118 1183 1124 0 0
1707 T 1697 213 1116 0 0
1707 T 1121 1186 1111 0 0
1707 T 1113 216 1616 0 0
1707 T 1618 3428 1119 0 0
1707 T 994 1446 3167 0 0
1707 T 3726 1444 1032 0 0
1707 T 3229 1439 991 0 0
1707 T 1029 1441 3648 0 0
1707 T 746 1395 4068 0 0
1707 T 3974 1394 746 0 0
1707 T 386 963 2055 0 0
1707 T 2057 913 3595 0 0
1707 T 2006 962 379 0 0
1707 T 3673 908 2004 0 0
1707 T 3309 2831 1312 0 0
1707 T 2831 738 1394 0 0
1707 T 1309 2737 3407 0 0
1707 T 1395 739 2737 0 0
1707 T 914 1393 4040 0 0
1707 T 4042 3332 296 0 0
1707 T 908 3943 1397 0 0
1707 T 294 3433 3943 0 0
1707 T 1562 1585 1568 0 0
1707 T 1566 1579 1556 0 0
1707 T 182 195 176 0 0
1707 T 178 3411 1184 0 0
1707 T 1186 3314 180 0 0
1707 T 3314 3413 195 -1 0
1707 T 3973 2834 752 0 0
1707 T 749 2736 4067 0 0
1707 T 342 1218 3923 0 0
1707 T 4022 1220 344 0 0
1707 T 3925 184 4020 0 0
1707 T 1554 1550 1546 0 0
1707 T 1435 3229 3170 0 0
1707 T 666 4086 804 0 0
1707 T 2338 4084 671 0 0
1707 T 801 3988 659 0 0
1707 T 678 3990 2447 0 0
1707 T 2461 206 2855 0 0
1707 T 2457 2531 2459 0 0
1707 T 2857 1947 2455 0 0
1707 T 2531 1949 206 0 0
1707 T 202 2349 2954 0 0
1707 T 1837 2420 200 0 0
1707 T 2952 2343 1835 0 0
1707 T 2420 2345 2349 0 0
1707 T 354 1833 2952 0 0
1707 T 2345 1860 352 0 0
1707 T 1860 1837 1833 0 0
1707 T 1949 1972 1943 0 0
1707 T 1945 358 2857 0 0
1707 T 2455 356 1972 0 0
1707 T 2282 2280 2282 -1 0
1707 T 696 698 696 0 0
1707 T 1246 1413 1252 0 0
1707 T 1250 1415 1240 0 0
1707 T 1510 950 3911 0 0
1707 T 4009 943 1503 0 0
1707 T 2029 1005 544 0 0
1707 T 3878 1014 2027 0 0
1707 T 1005 1012 995 0 0
1707 T 541 1005 2079 0 0
1707 T 2081 1007 3796 0 0
1707 T 1002 1009 1005 0 0
1707 T 158 154 162 1 0
1707 T 3498 3327 156 0 0
1707 T 154 3430 3492 0 0
1707 T 82 3547 3959 0 0
1707 T 4058 3545 81 0 0
1707 T 3961 2 4056 0 0
1707 T 1238 970 4140 0 0
1707 T 4142 3639 192 0 0
1707 T 189 3717 4100 0 0
1707 T 4102 971 1231 0 0
1707 T 1444 1438 1442 0 0
1707 T 258 1586 1719 0 0
1707 T 1721 1569 3599 0 0
1707 T 1642 1579 251 0 0
1707 T 3677 1564 1640 0 0
1707 T 1262 544 3783 0 0
1707 T 3785 2093 1252 0 0
1707 T 1350 2091 544 0 0
1707 T 1249 2039 3863 0 0
1707 T 3865 541 1255 0 0
1707 T 541 2041 1343 0 0
1707 T 1354 77 1356 0 0
1707 T 2909 363 3004 0 0
1707 T 1474 1555 1464 0 0
1707 T 1466 3646 2047 0 0
1707 T 2049 441 1472 0 0
1707 T 1469 444 1996 0 0
1707 T 1461 1562 1467 0 0
1707 T 1998 3720 1459 0 0
1707 T 666 2162 796 0 0
1707 T 798 1007 804 0 0
1707 T 4084 1009 2162 0 0
1707 T 801 1014 791 0 0
1707 T 793 2224 659 0 0
1707 T 2224 1012 3990 0 0
1707 T 1522 854 3343 0 0
1707 T 3345 857 3579 0 0
1707 T 3581 859 1520 0 0
1707 T 859 855 854 0 0
1707 T 1517 866 3655 0 0
1707 T 3246 847 1515 0 0
1707 T 3657 857 3244 0 0
1707 T 847 855 866 0 0
1707 T 475 479 472 0 0
1707 T 470 485 476 0 0
1707 T 150 1414 3196 0 0
1707 T 3198 1253 1727 0 0
1707 T 1650 1248 3136 0 0
1707 T 3138 1415 143 0 0
1707 T 507 3671 3915 0 0
1707 T 574 2006 509 0 0
1707 T 3917 908 572 0 0
1707 T 509 2055 567 0 0
1707 T 569 913 4011 0 0
1707 T 4013 3597 507 0 0
1707 T 158 3980 3200 0 0
1707 T 3202 2318 148 0 0
1707 T 172 2316 3980 0 0
1707 T 145 2319 3140 0 0
1707 T 3142 4078 151 0 0
1707 T 4078 2321 172 0 0
1707 T 474 1684 752 0 0
1707 T 2317 2834 1684 0 0
1707 T 749 1765 467 0 0
1707 T 1765 2736 2320 0 0
1707 T 1693 3412 1124 0 0
1707 T 1121 3314 1612 0 0
1707 T 1406 3649 2824 0 0
1707 T 2826 1028 1396 0 0
1707 T 1393 1033 2728 0 0
1707 T 2730 3723 1399 0 0
1707 T 922 2730 4040 0 0
1707 T 914 1033 920 0 0
1707 T 917 1028 907 0 0
1707 T 3946 2824 915 0 0
1707 T 2258 2499 1919 0 0
1707 T 1193 2501 3764 0 0
1707 T 1810 2389 2251 0 0
1707 T 3846 2387 1196 0 0
1707 T 1206 1421 1196 0 0
1707 T 704 2387 1421 0 0
1707 T 1193 1421 1199 0 0
1707 T 1421 2501 701 0 0
1707 T 1885 3495 1695 0 0
1707 T 1618 3494 1772 0 0
1707 T 102 2046 1344 0 0
1707 T 1346 1409 1348 0 0
1707 T 1350 2095 100 0 0
1707 T 2095 1407 2046 0 0
1707 T 2453 4106 588 0 0
1707 T 3353 4104 395 0 0
1707 T 585 4144 2340 0 0
1707 T 402 4146 3251 0 0
1707 T 2250 2205 3179 0 0
1707 T 2242 2288 2248 0 0
1707 T 3181 95 2240 0 0
1707 T 2245 2285 2235 0 0
1707 T 2237 95 3120 0 0
1707 T 3122 2139 2243 0 0
1707 T 346 1366 1715 0 0
1707 T 1717 1372 3755 0 0
1707 T 3757 1433 344 0 0
1707 T 1433 1374 1366 0 0
1707 T 341 1433 3835 0 0
1707 T 1638 1359 339 0 0
1707 T 3837 1369 1636 0 0
1707 T 1359 1367 1433 0 0
1707 T 3070 2826 2195 0 0
1707 T 2134 2728 3063 0 0
1707 T 2278 1751 2671 0 0
1707 T 2185 79 2276 0 0
1707 T 79 1359 1751 0 0
1707 T 2273 79 2120 0 0
1707 T 2769 1674 2271 0 0
1707 T 1674 1366 79 0 0
1707 T 2889 3083 100 0 0
1707 T 3083 2623 2097 0 0
1707 T 101 3082 2983 0 0
1707 T 2043 2577 3082 0 0
1707 T 506 2708 1707 0 0
1707 T 1709 1760 1703 0 0
1707 T 1705 2993 504 0 0
1707 T 2993 1762 2708 0 0
1707 T 1741 2724 2972 0 0
1707 T 1737 1758 1739 0 0
1707 T 2974 552 1735 0 0
1707 T 1758 554 2724 0 0
1707 T 1737 542 2679 0 0
1707 T 2681 2988 1739 0 0
1707 T 2988 540 1756 0 0
1707 T 501 2895 1624 0 0
1707 T 1626 1681 1628 0 0
1707 T 1630 2806 499 0 0
1707 T 2806 1679 2895 0 0
1707 T 1658 1677 1660 0 0
1707 T 1662 2894 2775 0 0
1707 T 2777 543 1656 0 0
1707 T 543 2892 1677 0 0
1707 T 1658 552 2876 0 0
1707 T 2878 2822 1660 0 0
1707 T 1675 2820 552 0 0
1707 T 2393 2291 2504 0 0
1707 T 3913 841 2931 0 0
1707 T 1648 839 416 0 0
1707 T 2838 844 4007 0 0
1707 T 421 846 1729 0 0
1707 T 2460 361 2350 0 0
1707 T 2419 3 2534 0 0
1707 T 2242 724 3175 0 0
1707 T 3177 709 3907 0 0
1707 T 3909 715 2240 0 0
1707 T 715 707 724 0 0
1707 T 2237 715 4003 0 0
1707 T 3118 721 2235 0 0
1707 T 4005 712 3116 0 0
1707 T 721 714 715 0 0
1707 T 1697 3553 1615 0 0
1707 T 1254 730 4152 0 0
1707 T 4154 4113 110 1 0
1707 T 4113 732 1248 0 0
1707 T 757 734 730 0 0
1707 T 110 3939 4036 0 0
1707 T 4038 141 3939 0 0
1707 T 141 139 141 1 0
1707 T 730 475 2023 0 0
1707 T 2077 476 732 0 0
1707 T 2025 3554 2075 0 0
1707 T 1511 1163 3735 0 0
1707 T 3345 2838 1513 0 0
1707 T 1513 2931 3244 0 0
1707 T 3817 1170 1511 0 0
1707 T 1721 2224 3456 0 0
1707 T 3453 2162 1640 0 0
1707 T 2238 2200 3239 0 0
1707 T 3241 305 4004 0 0
1707 T 718 303 2200 0 0
1707 T 2240 3339 2135 0 0
1707 T 2137 301 717 0 0
1707 T 301 3341 3909 0 0
1707 T 3785 310 4152 0 0
1707 T 728 308 2091 0 0
1707 T 4114 311 3863 0 0
1707 T 2041 313 733 0 0
1707 T 1973 368 1859 0 0
1707 T 1836 195 1950 0 0
1707 T 1058 1054 1050 0 0
1707 T 1048 2103 2167 0 0
1707 T 2169 8 1056 0 0
1707 T 8 2105 1054 0 0
1707 T 306 2930 724 0 0
1707 T 2199 707 2930 0 0
1707 T 721 3024 299 0 0
1707 T 3024 714 2137 0 0
1707 T 394 3494 3251 0 0
1707 T 4144 3492 470 0 0
1707 T 3353 3495 387 0 0
1707 T 471 3497 4106 0 0
1707 T 2761 2783 2755 0 0
1707 T 2757 118 2851 0 0
1707 T 2853 15 2759 0 0
1707 T 2782 2806 2776 0 0
1707 T 2891 2804 7 0 0
1707 T 118 2897 2776 0 0
1707 T 2662 2689 2664 0 0
1707 T 2666 17 2947 0 0
1707 T 2949 119 2660 0 0
1707 T 2682 2708 2684 0 0
1707 T 7 2710 2989 0 0
1707 T 2682 2991 119 0 0
1707 T 1510 849 2931 0 0
1707 T 2838 852 1503 0 0
1707 T 282 288 276 0 0
1707 T 278 1083 2667 0 0
1707 T 2669 3870 280 0 0
1707 T 3870 1085 288 0 0
1707 T 281 3788 2763 0 0
1707 T 273 285 279 0 0
1707 T 2765 1090 271 0 0
1707 T 285 1088 3788 0 0
1707 T 507 511 504 0 0
1707 T 506 3518 3915 0 0
1707 T 3673 3516 511 0 0
1707 T 501 518 507 0 0
1707 T 4013 3519 499 0 0
1707 T 518 3521 3595 0 0
1707 T 346 1014 1719 0 0
1707 T 1721 2029 3448 0 0
1707 T 3449 2079 1640 1 0
1707 T 1642 1007 339 0 0
1707 T 1126 3937 2051 0 0
1707 T 2053 608 1132 0 0
1707 T 1129 605 2000 0 0
1707 T 2002 4031 1119 0 0
1707 T 1254 4125 420 0 0
1707 T 460 4123 2623 0 0
1707 T 417 4163 1247 0 0
1707 T 2577 4165 460 0 0
1707 T 582 620 572 0 0
1707 T 574 4090 664 0 0
1707 T 2157 4088 620 0 0
1707 T 569 617 575 0 0
1707 T 661 3992 567 0 0
1707 T 617 3994 2219 0 0
1707 T 3842 1578 1719 0 0
1707 T 1642 1571 3760 0 0
1707 T 678 3458 3591 0 0
1707 T 3593 344 2447 0 0
1707 T 3988 346 3458 0 0
1707 T 2338 341 3667 0 0
1707 T 3669 3451 671 0 0
1707 T 3451 339 4086 0 0
1707 T 506 1270 1895 0 0
1707 T 1897 1260 3919 0 0
1707 T 3921 1341 504 0 0
1707 T 1341 1262 1270 0 0
1707 T 501 1341 4015 0 0
1707 T 1786 1263 499 0 0
1707 T 4017 1257 1784 0 0
1707 T 1263 1255 1341 0 0
1707 T 2250 1818 3579 0 0
1707 T 156 857 1818 0 0
1707 T 3657 1927 2243 0 0
1707 T 1927 857 153 0 0
1707 T 182 3535 3372 0 0
1707 T 846 1670 180 0 0
1707 T 1670 2393 3535 0 0
1707 T 177 1747 839 0 0
1707 T 3274 3535 175 0 0
1707 T 3535 2503 1747 0 0
1707 T 3341 493 2248 0 0
1707 T 493 2137 2290 0 0
1707 T 2245 488 3240 0 0
1707 T 2283 2199 488 0 0
1707 T 3474 182 3131 0 0
1707 T 2181 1670 3472 0 0
1707 T 3469 1747 2116 0 0
1707 T 3193 175 3467 0 0
1707 T 182 2400 3680 0 0
1707 T 1925 2379 180 0 0
1707 T 3682 2385 1923 0 0
1707 T 2379 2383 2400 0 0
1707 T 1811 176 2492 0 0
1707 T 2498 3605 1813 0 0
1707 T 2494 2511 2496 0 0
1707 T 3605 2513 176 0 0
1707 T 4174 194 4020 0 0
1707 T 3925 188 4172 0 0
1707 T 188 184 194 0 0
1707 T 666 662 658 -1 0
1707 T 1066 4038 1160 0 0
1707 T 1158 3939 1060 0 0
1707 T 882 3288 3848 0 0
1707 T 3850 2302 872 0 0
1707 T 929 2300 3288 0 0
1707 T 869 2295 3768 0 0
1707 T 3770 3390 875 0 0
1707 T 3390 2297 924 0 0
1707 T 566 2866 1887 0 0
1707 T 1893 2969 564 0 0
1707 T 1889 1924 1891 0 0
1707 T 2969 1926 2866 0 0
1707 T 559 1776 2962 0 0
1707 T 2960 1811 2871 0 0
1707 T 2873 1782 561 0 0
1707 T 1782 1813 1776 0 0
1707 T 2053 3380 1464 0 0
1707 T 1461 3282 2000 0 0
1707 T 4088 3991 496 -1 0
1707 T 336 332 333 0 0
1707 T 1522 1505 1513 0 0
1707 T 1513 1508 1515 0 0
1707 T 2437 3063 2595 0 0
1707 T 2597 3773 1484 0 0
1707 T 1481 3851 2548 0 0
1707 T 2550 3070 2324 0 0
1707 T 614 612 614 -1 0
1707 T 2 1 2 -1 0
1707 T 94 1688 1320 0 0
1707 T 1322 1448 1312 0 0
1707 T 1314 2545 92 0 0
1707 T 2545 1450 1688 0 0
1707 T 89 2431 1307 0 0
1707 T 1317 1769 87 0 0
1707 T 1309 1448 1315 0 0
1707 T 1769 1450 2431 0 0
1707 T 3086 1023 2899 0 0
1707 T 1953 3320 3084 0 0
1707 T 2901 629 1951 0 0
1707 T 1020 3081 2997 0 0
1707 T 2995 1840 626 0 0
1707 T 1840 3079 3420 0 0
1707 T 2234 88 2595 0 0
1707 T 2437 3616 2232 0 0
1707 T 2229 3694 2324 0 0
1707 T 2550 93 2227 0 0
1707 T 790 4363 1056 0 0
1707 T 1058 319 2171 0 0
1707 T 3610 321 4363 0 0
1707 T 1053 4273 783 0 0
1707 T 2110 318 1051 0 0
1707 T 4273 316 3684 0 0
1707 T 590 1909 3591 0 0
1707 T 2574 3458 1909 0 0
1707 T 3669 1796 583 0 0
1707 T 1796 3451 2620 0 0
1707 T 267 271 264 0 0
1707 T 266 3213 3472 0 0
1707 T 3474 4254 269 0 0
1707 T 4254 3211 271 0 0
1707 T 269 4344 3467 0 0
1707 T 261 278 267 0 0
1707 T 3469 3151 259 0 0
1707 T 278 3153 4344 0 0
1707 T 1518 1589 1520 0 0
1707 T 3581 183 3656 0 0
1707 T 1314 965 4392 0 0
1707 T 4394 2716 536 0 0
1707 T 533 2814 4300 0 0
1707 T 4302 960 1307 0 0
1707 T 2234 1654 2739 0 0
1707 T 2741 3051 2595 0 0
1707 T 90 3053 1654 0 0
1707 T 2550 3058 2644 0 0
1707 T 2646 1731 2227 0 0
1707 T 1731 3056 91 0 0
1707 T 394 2149 516 0 0
1707 T 3492 2616 2149 0 0
1707 T 513 2211 387 0 0
1707 T 2211 2570 3497 0 0
1707 T 1466 3957 1691 0 0
1707 T 1458 1528 1464 0 0
1707 T 1693 418 1456 0 0
1707 T 1461 1533 1451 0 0
1707 T 1453 419 1612 0 0
1707 T 1614 4051 1459 0 0
1707 T 3737 1333 3179 0 0
1707 T 3122 1336 3815 0 0
1707 T 574 2386 1891 0 0
1707 T 1889 3679 572 0 0
1707 T 568 1779 2497 0 0
1707 T 3604 1777 570 0 0
1707 T 1046 1104 1040 0 0
1707 T 1042 469 1615 0 0
1707 T 1697 471 1044 0 0
1707 T 238 3163 4352 0 0
1707 T 242 248 236 0 0
1707 T 4354 6 4259 0 0
1707 T 4261 3226 240 0 0
1707 T 2147 3521 2789 0 0
1707 T 2691 3516 2213 0 0
1707 T 622 4414 1372 0 0
1707 T 2522 4127 620 0 0
1707 T 4127 136 4414 0 0
1707 T 617 4169 2408 0 0
1707 T 1369 4320 615 0 0
1707 T 4320 133 4169 0 0
1707 T 298 317 288 0 0
1707 T 290 3706 904 0 0
1707 T 2715 3704 317 0 0
1707 T 285 320 291 0 0
1707 T 901 3628 283 0 0
1707 T 320 3630 2813 0 0
1707 T 1494 1006 4235 0 0
1707 T 4237 545 2743 0 0
1707 T 2650 540 4327 0 0
1707 T 4329 1006 1487 0 0
1707 T 2597 1001 1492 0 0
1707 T 1489 996 2548 0 0
1707 T 4022 1228 1715 0 0
1707 T 1638 1225 3924 0 0
1707 T 654 1420 4239 0 0
1707 T 646 700 652 0 0
1707 T 4241 2502 644 0 0
1707 T 649 705 639 0 0
1707 T 641 2388 4331 0 0
1707 T 4333 1420 647 0 0
1707 T 2960 184 2865 0 0
1707 T 2970 114 2871 0 0
1707 T 2978 3022 2972 0 0
1707 T 2726 3020 135 0 0
1707 T 2878 2924 2880 0 0
1707 T 134 2926 2820 0 0
1707 T 278 2416 3480 0 0
1707 T 3482 1872 2667 0 0
1707 T 1085 1874 2416 0 0
1707 T 3475 2763 1984 0 0
1707 T 1986 1090 2530 0 0
1707 T 2528 273 3477 0 0
1707 T 2153 3098 2624 0 0
1707 T 4126 3096 951 0 0
1707 T 2578 3099 2215 0 0
1707 T 958 3101 4164 0 0
1707 T 206 2714 3093 0 0
1707 T 3091 3094 3090 -1 0
1707 T 2809 202 3094 0 0
1707 T 1510 4050 2240 0 0
1707 T 3181 3624 1508 0 0
1707 T 1505 3702 3120 0 0
1707 T 2237 3952 1503 0 0
1707 T 598 273 2751 0 0
1707 T 2753 4252 528 0 0
1707 T 525 4346 2656 0 0
1707 T 2658 276 591 0 0
1707 T 1150 4099 2167 0 0
1707 T 2169 972 1140 0 0
1707 T 1137 969 2104 0 0
1707 T 2106 4141 1143 0 0
1707 T 734 751 724 0 0
1707 T 726 3233 312 0 0
1707 T 3233 753 2042 0 0
1707 T 309 3171 719 0 0
1707 T 721 750 727 0 0
1707 T 2092 748 3171 0 0
1707 T 266 609 2059 0 0
1707 T 2061 2568 3472 0 0
1707 T 3469 2618 2008 0 0
1707 T 2010 604 259 0 0
1707 T 3198 4126 844 0 0
1707 T 841 4164 3136 0 0
1707 T 1150 4356 1056 0 0
1707 T 4356 4099 7 0 0
1707 T 1053 4266 1143 0 0
1707 T 7 4141 4266 0 0
1707 T 2669 3513 2607 -1 0
1707 T 891 3511 3868 0 0
1707 T 2562 3512 2763 0 0
1707 T 3790 3514 891 0 0
1707 T 1885 4104 1044 0 0
1707 T 4144 1774 1041 0 0
1707 T 3446 760 3812 0 0
1707 T 3814 765 3731 0 0
1707 T 3733 759 3444 0 0
1707 T 759 763 760 0 0
1707 T 378 4414 3755 0 0
1707 T 1717 620 376 0 0
1707 T 1635 372 616 0 0
1707 T 372 3836 4321 0 0
1707 T 1178 3700 1520 0 0
1707 T 1522 3317 1180 0 0
1707 T 3317 3702 1330 0 0
1707 T 1181 3415 1515 0 0
1707 T 1517 3626 1171 0 0
1707 T 1323 3624 3415 0 0
1707 T 2514 634 2399 0 0
1707 T 2380 109 2493 0 0
1707 T 507 3823 580 0 0
1707 T 2145 3825 501 0 0
1707 T 577 3745 507 0 0
1707 T 504 3743 2207 0 0
1707 T 2597 1010 4235 0 0
1707 T 4329 1011 2548 0 0
1707 T 4265 4215 192 0 0
1707 T 4215 7 3641 0 0
1707 T 189 4222 4355 0 0
1707 T 3715 7 4222 0 0
1707 T 378 3794 4340 0 0
1707 T 3921 3892 376 0 0
1707 T 4342 95 3919 0 0
1707 T 373 3889 4015 0 0
1707 T 4017 95 4248 0 0
1707 T 4250 3872 371 0 0
1707 T 242 225 233 0 0
1707 T 2673 4066 240 0 0
1707 T 4066 1217 225 0 0
1707 T 237 3968 2767 0 0
1707 T 233 228 235 0 0
1707 T 228 1220 3968 0 0
1707 T 1511 1171 3179 0 0
1707 T 3122 1178 1511 0 0
1707 T 3870 3789 898 -1 0
1707 T 566 1652 644 0 0
1707 T 4241 3045 564 0 0
1707 T 3045 2502 1652 0 0
1707 T 561 3048 4331 0 0
1707 T 641 1733 559 0 0
1707 T 1733 2388 3048 0 0
1707 T 1494 4354 1148 0 0
1707 T 1145 4260 1487 0 0
1707 T 3825 620 2004 0 0
1707 T 2057 617 3743 0 0
1707 T 4365 4274 159 0 0
1707 T 1454 1526 1456 0 0
1707 T 2270 2024 228 0 0
1707 T 2264 224 2076 0 0
1707 T 3198 3096 836 0 0
1707 T 837 3101 3136 1 0
1707 T 3704 3627 1079 -1 0
1707 T 566 3140 4336 0 0
1707 T 562 601 564 0 0
1707 T 4338 1 4243 0 0
1707 T 4245 3201 560 0 0
1707 T 3418 1589 3315 0 0
1707 T 3442 604 3903 0 0
1707 T 3337 2008 3440 0 0
1707 T 3905 261 3335 0 0
1707 T 3437 2061 3236 0 0
1707 T 3238 264 3999 0 0
1707 T 4001 609 3435 0 0
1707 T 158 2830 864 0 0
1707 T 3686 4312 156 0 0
1707 T 4312 551 2830 0 0
1707 T 153 4406 3608 0 0
1707 T 861 2732 151 0 0
1707 T 2732 551 4406 0 0
1707 T 2292 2294 2292 0 0
1707 T 3071 3075 3072 0 0
1707 T 3074 455 2399 0 0
1707 T 2514 453 3073 0 0
1707 T 150 168 144 0 0
1707 T 3137 3106 3196 0 0
1707 T 378 4090 4172 0 0
1707 T 374 498 376 0 0
1707 T 4174 3991 372 -1 0
1707 T 94 2581 1328 0 0
1707 T 1330 1384 1320 0 0
1707 T 1690 1386 2581 0 0
1707 T 1325 2627 87 0 0
1707 T 1317 1389 1323 0 0
1707 T 2627 1387 1767 0 0
1707 T 656 648 652 0 0
1707 T 654 4361 788 0 0
1707 T 786 4268 648 0 0
1707 T 4268 185 4361 0 0
1707 T 3038 3090 3040 0 0
1707 T 3042 200 3731 0 0
1707 T 3814 206 3036 0 0
1707 T 306 325 312 0 0
1707 T 325 2930 3231 0 0
1707 T 309 324 299 0 0
1707 T 3173 3024 324 0 0
1707 T 1322 2034 4392 0 0
1707 T 1450 965 2034 0 0
1707 T 4302 2084 1315 0 0
1707 T 2084 960 1450 0 0
1707 T 654 1197 1887 0 0
1707 T 1889 1203 4239 0 0
1707 T 1778 1192 647 0 0
1707 T 4333 1202 1776 0 0
1707 T 4342 2704 504 0 0
1707 T 2704 95 1339 0 0
1707 T 501 2802 4248 0 0
1707 T 1339 95 2802 0 0
1707 T 4178 4168 372 0 0
1707 T 3838 134 4176 0 0
1707 T 138 3757 4182 0 0
1707 T 4180 376 4127 0 0
1707 T 654 1850 780 0 0
1707 T 782 869 788 0 0
1707 T 4359 867 1850 0 0
1707 T 785 872 775 0 0
1707 T 777 1959 647 0 0
1707 T 1959 874 4269 0 0
1707 T 163 2128 880 0 0
1707 T 890 2477 165 0 0
1707 T 882 935 888 0 0
1707 T 2477 937 2128 0 0
1707 T 165 2363 883 0 0
1707 T 885 934 875 0 0
1707 T 877 2193 163 0 0
1707 T 2193 932 2363 0 0
1707 T 3038 385 3575 0 0
1707 T 3653 379 3040 0 0
1707 T 3577 349 3651 0 0
1707 T 3805 1352 2300 0 0
1707 T 2298 1358 3884 0 0
1707 T 2130 3288 3507 0 0
1707 T 3510 3390 2191 -1 0
1707 T 4403 329 4314 0 0
1707 T 2304 2296 2300 0 0
1707 T 3309 3569 92 0 0
1707 T 3569 2831 2543 0 0
1707 T 89 3572 3407 0 0
1707 T 2433 2737 3572 0 0
1707 T 196 2996 2899 0 0
1707 T 2741 566 4415 0 0
1707 T 4417 4466 0 0 0
1707 T 4466 560 2643 0 0
1707 T 3058 3110 3048 0 0
1707 T 91 2388 3110 0 0
1707 T 3045 3111 3051 0 0
1707 T 3111 2502 90 0 0
1707 T 2677 3548 3200 0 0
1707 T 3982 3550 1382 0 0
1707 T 3142 3545 2771 0 0
1707 T 1375 3543 4076 0 0
1707 T 2234 646 4415 0 0
1707 T 4465 639 2227 0 0
1707 T 644 640 696 0 0
1707 T 306 2589 4156 0 0
1707 T 4158 1429 312 0 0
1707 T 309 1424 4116 0 0
1707 T 4118 2635 299 0 0
1707 T 2250 3882 3040 0 0
1707 T 3653 1788 2248 0 0
1707 T 3576 2243 1899 0 0
1707 T 3802 2245 3037 0 0
1707 T 1957 3241 3038 0 0
1707 T 3039 3340 1844 0 0
1707 T 1062 1856 2331 0 0
1707 T 2333 3108 800 0 0
1707 T 3108 1858 3966 0 0
1707 T 1063 2444 1967 0 0
1707 T 1969 3111 4060 0 0
1707 T 805 3113 2444 0 0
1707 T 1909 3062 4024 0 0
1707 T 116 3060 2574 0 0
1707 T 2620 3060 121 0 0
1707 T 3060 1798 3930 0 0
1707 T 2864 1203 3043 0 0
1707 T 3050 1202 2962 0 0
1707 T 5 3975 4072 0 0
1707 T 4074 556 3975 0 0
1707 T 556 558 556 1 0
1707 T 3890 1846 2984 0 0
1707 T 3079 1844 3983 0 0
1707 T 3086 4079 1955 0 0
1707 T 1957 3893 2890 0 0
1707 T 1035 970 974 0 0
1707 T 990 1596 4455 0 0
1707 T 4457 333 3220 0 0
1707 T 3162 333 4503 0 0
1707 T 4505 1593 983 0 0
1707 T 358 4507 3255 0 0
1707 T 1403 751 4507 0 0
1707 T 3357 4461 351 0 0
1707 T 4461 750 1402 0 0
1707 T 1278 4076 3619 0 0
1707 T 3621 2321 2375 0 0
1707 T 2489 2316 3695 0 0
1707 T 3697 3982 1271 0 0
1707 T 3269 3114 1919 0 0
1707 T 3367 1808 3109 0 0
1707 T 3034 2742 37 0 0
1707 T 36 2644 3028 0 0
1707 T 3777 3555 1552 0 0
1707 T 3165 3557 25 0 0
1707 T 3556 3857 1549 -1 0
1707 T 3223 20 3558 0 0
1707 T 2526 1980 620 0 0
1707 T 2522 2528 2524 0 0
1707 T 1980 2530 4129 0 0
1707 T 1867 2413 618 0 0
1707 T 4168 2415 1869 0 0
1707 T 2413 2417 2407 0 0
1707 T 438 2583 4488 0 0
1707 T 4490 2314 444 0 0
1707 T 2314 2585 486 0 0
1707 T 441 2307 4440 0 0
1707 T 4442 2633 431 0 0
1707 T 479 2631 2307 0 0
1707 T 386 4395 3743 0 0
1707 T 965 617 4395 0 0
1707 T 3825 4305 379 0 0
1707 T 4305 620 960 0 0
1707 T 4174 2157 1715 0 0
1707 T 1638 2219 4171 0 0
1707 T 1142 4490 1484 0 0
1707 T 1481 4440 1135 0 0
1707 T 2945 2526 596 0 0
1707 T 2941 3018 2943 0 0
1707 T 2526 3016 3635 0 0
1707 T 2413 2849 594 0 0
1707 T 3714 2921 2411 0 0
1707 T 2849 2919 2843 0 0
1707 T 1152 1144 1148 0 0
1707 T 3018 1098 2530 0 0
1707 T 2920 2418 1093 0 0
1707 T 4457 4506 142 0 0
1707 T 3779 1260 3894 0 0
1707 T 3890 3862 1258 0 0
1707 T 3490 1685 148 0 0
1707 T 3202 2833 3488 0 0
1707 T 145 1764 3483 0 0
1707 T 3485 2735 3140 0 0
1707 T 530 1664 2755 0 0
1707 T 2761 4147 528 0 0
1707 T 4147 2783 1664 0 0
1707 T 525 4109 2664 0 0
1707 T 2662 1745 523 0 0
1707 T 1745 2689 4109 0 0
1707 T 1086 1880 4168 0 0
1707 T 1871 1867 1880 0 0
1707 T 1986 1991 1980 0 0
1707 T 1088 4127 1991 0 0
1707 T 1134 1387 1140 0 0
1707 T 1138 1385 1128 0 0
1707 T 194 1530 4028 0 0
1707 T 4030 1536 2187 0 0
1707 T 2126 1541 3932 0 0
1707 T 3934 1531 187 0 0
1707 T 2181 2273 269 0 0
1707 T 2273 1670 4252 0 0
1707 T 269 2276 2116 0 0
1707 T 4346 1747 2276 0 0
1707 T 782 4304 1699 0 0
1707 T 774 961 780 0 0
1707 T 1701 619 772 0 0
1707 T 777 964 767 0 0
1707 T 769 618 1620 0 0
1707 T 1622 4398 775 0 0
1707 T 4508 4459 208 1 0
1707 T 3809 889 3899 0 0
1707 T 3998 883 3727 0 0
1707 T 3809 2478 3440 0 0
1707 T 3437 2364 3728 0 0
1707 T 938 136 2071 0 0
1707 T 2073 3574 3204 0 0
1707 T 3325 3572 136 0 0
1707 T 2022 133 931 0 0
1707 T 3146 3567 2020 0 0
1707 T 133 3569 3423 0 0
1707 T 2038 1428 3968 0 0
1707 T 4066 1425 2088 0 0
1707 T 1542 301 4376 0 0
1707 T 4378 4116 120 0 0
1707 T 117 4158 4284 0 0
1707 T 4286 304 1535 0 0
1707 T 2579 3315 3561 0 0
1707 T 3564 3417 2629 0 0
1707 T 3100 3106 3098 0 0
1707 T 2069 3385 1297 0 0
1707 T 3385 131 1299 0 0
1707 T 1297 3283 2016 0 0
1707 T 1302 138 3283 0 0
1707 T 1598 1594 1602 0 0
1707 T 3257 202 4472 0 0
1707 T 4474 3092 384 0 0
1707 T 381 3092 4424 0 0
1707 T 4426 203 3355 0 0
1707 T 3042 3613 3440 0 0
1707 T 3442 2480 3731 0 0
1707 T 202 2482 3613 0 0
1707 T 3437 3687 3035 0 0
1707 T 3813 2370 3435 0 0
1707 T 3687 2368 203 0 0
1707 T 2741 2775 2743 0 0
1707 T 4237 1658 2739 0 0
1707 T 2753 2767 2755 0 0
1707 T 1666 2769 4254 0 0
1707 T 2798 2806 2800 0 0
1707 T 4248 1628 2796 0 0
1707 T 2822 2827 2816 0 0
1707 T 2818 4313 1675 0 0
1707 T 2646 1735 4327 0 0
1707 T 2650 2681 2644 0 0
1707 T 2662 2673 2656 0 0
1707 T 4344 2671 1743 0 0
1707 T 2702 1709 4342 0 0
1707 T 2706 2708 2700 0 0
1707 T 1758 4403 2720 0 0
1707 T 2722 2733 2724 0 0
1707 T 3753 1090 4180 0 0
1707 T 1901 2721 4180 0 0
1707 T 1086 3834 4178 0 0
1707 T 2818 1789 4178 0 0
1707 T 1058 3007 2443 0 0
1707 T 2445 4228 2171 0 0
1707 T 321 4230 3007 0 0
1707 T 2110 4225 2332 0 0
1707 T 2334 2913 1051 0 0
1707 T 2913 4223 316 0 0
1707 T 4158 3969 936 0 0
1707 T 4066 4117 934 0 0
1707 T 1466 1877 1124 0 0
1707 T 1877 3957 3414 0 0
1707 T 3935 3380 1875 0 0
1707 T 4034 1988 3279 0 0
1707 T 1462 1990 1120 0 0
1707 T 4054 1990 3311 0 0
1707 T 3917 3524 1891 0 0
1707 T 2384 3526 910 0 0
1707 T 1782 3524 4011 0 0
1707 T 911 3526 2498 0 0
1707 T 2165 4442 1472 0 0
1707 T 1469 4488 2100 0 0
1707 T 3241 1966 4000 0 0
1707 T 3237 3260 3239 0 0
1707 T 1913 4005 3238 0 0
1707 T 3342 3362 3336 0 0
1707 T 3906 1851 3340 0 0
1707 T 3335 3907 1800 0 0
1707 T 3370 3422 3364 0 0
1707 T 1851 3420 3985 0 0
1707 T 3370 3966 1803 0 0
1707 T 3382 3402 3376 0 0
1707 T 3927 1799 3376 0 0
1707 T 3394 3412 3396 0 0
1707 T 3266 3320 3268 0 0
1707 T 4079 3322 1966 0 0
1707 T 1918 4060 3268 0 0
1707 T 3278 3300 3280 0 0
1707 T 3278 1914 4025 0 0
1707 T 3298 3314 3292 0 0
1707 T 854 2732 1927 0 0
1707 T 1818 2830 847 0 0
1707 T 3030 120 3115 0 0
1707 T 3117 3465 3235 0 0
1707 T 3237 1908 3028 0 0
1707 T 1908 3463 120 0 0
1707 T 115 3033 3178 0 0
1707 T 3460 1795 117 0 0
1707 T 3176 3336 3462 0 0
1707 T 1795 3338 3033 0 0
1707 T 3745 315 4468 0 0
1707 T 4470 1333 504 0 0
1707 T 501 1336 4420 0 0
1707 T 4422 322 3823 0 0
1707 T 2165 1137 1477 0 0
1707 T 1477 1140 2100 0 0
1707 T 1068 3664 3587 0 0
1707 T 3589 211 820 0 0
1707 T 818 217 3664 0 0
1707 T 1933 2800 1260 0 0
1707 T 1257 2706 1820 0 0
1707 T 646 284 1699 0 0
1707 T 782 4498 644 0 0
1707 T 4498 4304 284 0 0
1707 T 641 4448 775 0 0
1707 T 1622 289 639 0 0
1707 T 289 4398 4448 0 0
1707 T 1848 4498 702 0 0
1707 T 703 4448 1961 0 0
1707 T 1475 1127 4547 0 0
1707 T 4549 605 2435 0 0
1707 T 2326 608 4559 0 0
1707 T 4561 1134 1475 0 0
1707 T 774 1447 4551 0 0
1707 T 4553 2085 780 0 0
1707 T 777 2031 4563 0 0
1707 T 4565 1447 767 0 0
1707 T 2849 5 2943 0 0
1707 T 2978 1746 4372 0 0
1707 T 4374 535 2972 0 0
1707 T 3020 537 1746 0 0
1707 T 2878 534 4280 0 0
1707 T 4282 1663 2880 0 0
1707 T 2926 1665 534 0 0
1707 T 1286 3543 3619 0 0
1707 T 3697 3550 1279 0 0
1707 T 3885 82 52 0 0
1707 T 80 3805 53 0 0
1707 T 3446 3502 3440 0 0
1707 T 136 2478 3502 0 0
1707 T 3437 3503 3443 0 0
1707 T 3503 2364 133 0 0
1707 T 3466 2622 4024 0 0
1707 T 3460 3927 2573 0 0
1707 T 3653 1792 3579 0 0
1707 T 1816 1794 1790 0 0
1707 T 1905 1927 1899 0 0
1707 T 3576 3655 1903 0 0
1707 T 774 1689 1044 0 0
1707 T 1046 2544 4551 0 0
1707 T 1041 1768 767 0 0
1707 T 4565 2434 1039 0 0
1707 T 4030 4283 880 0 0
1707 T 877 4377 3932 0 0
1707 T 348 4423 4472 0 0
1707 T 1008 1658 3053 0 0
1707 T 3056 1735 1013 0 0
1707 T 4002 1953 3036 0 0
1707 T 1953 610 3690 0 0
1707 T 606 1841 3611 0 0
1707 T 3903 3040 1841 0 0
1707 T 4470 1278 1895 0 0
1707 T 1786 1271 4420 0 0
1707 T 566 3483 1703 0 0
1707 T 1705 2735 4336 0 0
1707 T 1626 3490 559 0 0
1707 T 4246 2833 1624 0 0
1707 T 2258 4342 1713 0 0
1707 T 1711 376 256 0 0
1707 T 372 1631 254 0 0
1707 T 1631 4247 2252 0 0
1707 T 2165 1386 4547 0 0
1707 T 4561 1387 2100 0 0
1707 T 1350 747 4568 0 0
1707 T 4570 3174 544 0 0
1707 T 541 3232 4556 0 0
1707 T 4558 754 1343 0 0
1707 T 3589 1644 828 0 0
1707 T 825 1725 3663 0 0
1707 T 3466 714 1911 0 0
1707 T 1802 707 3459 0 0
1707 T 230 2584 4136 0 0
1707 T 4138 1233 233 0 0
1707 T 233 1236 4096 0 0
1707 T 4098 2634 223 0 0
1707 T 3044 3048 3106 0 0
1707 T 4058 3961 2294 0 0
1707 T 3541 3547 3543 0 0
1707 T 4557 207 4568 0 0
1707 T 506 3533 1891 0 0
1707 T 3516 3524 3533 0 0
1707 T 1782 3528 499 0 0
1707 T 3528 3524 3521 0 0
1707 T 1713 1723 1707 0 0
1707 T 1749 1751 1743 0 0
1707 T 1630 1646 1632 0 0
1707 T 1666 1674 1668 0 0
1707 T 1262 2891 4204 0 0
1707 T 4206 1676 3783 0 0
1707 T 4201 2989 1255 0 0
1707 T 3865 1757 4199 0 0
1707 T 13 4108 4372 0 0
1707 T 4282 4150 13 0 0
1707 T 3777 3858 1546 1 0
1707 T 3386 140 3283 0 0
1707 T 1295 4444 444 0 0
1707 T 442 4493 1296 0 0
1707 T 4444 111 4493 0 0
1707 T 1621 4543 1699 0 0
1707 T 2673 4521 2463 0 0
1707 T 883 4519 4064 0 0
1707 T 2354 4524 2767 0 0
1707 T 3970 4526 890 0 0
1707 T 1986 1107 1871 0 0
1707 T 1869 638 1980 0 0
1707 T 1917 1968 1919 0 0
1707 T 1953 1964 1955 0 0
1707 T 1810 1857 1804 0 0
1707 T 1842 1851 1844 0 0
1707 T 119 3934 4521 0 0
1707 T 4519 875 4117 0 0
1707 T 4524 4028 118 0 0
1707 T 4155 882 4526 0 0
1707 T 2193 2019 3504 0 0
1707 T 3501 2074 2128 0 0
1707 T 3500 2480 761 0 0
1707 T 761 2370 3505 0 0
1707 T 3706 2912 3631 0 0
1707 T 3633 4224 2715 0 0
1707 T 2813 4229 3707 0 0
1707 T 3709 3010 3628 0 0
1707 T 1091 3385 4446 0 0
1707 T 4492 3283 1098 0 0
1707 T 79 1367 2516 0 0
1707 T 2518 1431 1751 0 0
1707 T 1674 1431 2404 0 0
1707 T 2406 1374 79 0 0
1707 T 798 4593 2443 0 0
1707 T 3112 4591 1009 0 0
1707 T 2334 4607 791 0 0
1707 T 1012 4609 3109 0 0
1707 T 770 1037 772 0 0
1707 T 4518 3021 852 0 0
1707 T 3374 1743 4516 0 0
1707 T 849 2923 4511 0 0
1707 T 4513 1666 3272 0 0
1707 T 1278 317 4384 0 0
1707 T 4386 290 2371 0 0
1707 T 2485 283 4292 0 0
1707 T 4294 320 1271 0 0
1707 T 3745 4386 1895 0 0
1707 T 3824 1783 4293 0 0
1707 T 770 1389 4583 0 0
1707 T 4602 1383 772 0 0
1707 T 4585 85 4600 0 0
1707 T 4591 4228 551 0 0
1707 T 551 4225 4609 0 0
1707 T 4138 1353 2183 0 0
1707 T 2122 1356 4096 0 0
1707 T 4602 2580 1044 0 0
1707 T 1041 2630 4584 0 0
1707 T 402 2377 4188 0 0
1707 T 4190 3619 3127 0 0
1707 T 4185 2487 395 0 0
1707 T 3189 3697 4183 0 0
1707 T 386 4449 4576 0 0
1707 T 4578 288 3743 0 0
1707 T 4573 4495 379 0 0
1707 T 3825 285 4571 0 0
1707 T 3710 5 3631 0 0
1707 T 4578 704 3747 0 0
1707 T 1897 2371 4576 0 0
1707 T 4572 3828 700 0 0
1707 T 2484 1785 4574 0 0
1707 T 112 3696 3619 0 0
1707 T 2510 2517 2504 0 0
1707 T 2397 366 2508 0 0
1707 T 2393 2404 2395 0 0
1707 T 709 4614 2283 0 0
1707 T 2930 490 4614 0 0
1707 T 2289 4595 711 0 0
1707 T 4595 492 3023 0 0
1707 T 1262 2804 4587 0 0
1707 T 4589 8 4204 0 0
1707 T 4201 8 4603 0 0
1707 T 4605 2710 1255 0 0
1707 T 730 467 4160 0 0
1707 T 4162 486 2023 0 0
1707 T 482 4121 2077 0 0
1707 T 732 4119 471 0 0
1707 T 112 114 112 1 0
1707 T 1905 2867 344 0 0
1707 T 3757 4518 1903 0 0
1707 T 2867 4516 1431 0 0
1707 T 1431 4513 2965 0 0
1707 T 2963 1794 341 0 0
1707 T 1794 4511 3835 0 0
1707 T 3838 4317 1787 0 0
1707 T 2818 4315 132 0 0
1707 T 138 4410 2719 0 0
1707 T 3755 1899 4410 0 0
1707 T 119 4350 2673 0 0
1707 T 3932 2465 4350 0 0
1707 T 2767 4256 118 0 0
1707 T 4256 2352 4030 0 0
1707 T 1933 4295 4204 0 0
1707 T 4589 2798 1931 0 0
1707 T 4295 2796 7 0 0
1707 T 4201 4389 1820 0 0
1707 T 1822 2700 4603 0 0
1707 T 7 2702 4389 0 0
1707 T 1737 4610 3048 0 0
1707 T 3045 4592 1656 0 0
1707 T 410 3026 4196 0 0
1707 T 4198 4598 400 0 0
1707 T 4192 396 4613 0 0
1707 T 2929 406 4194 0 0
1707 T 4121 1683 724 0 0
1707 T 721 1766 4159 0 0
1707 T 3434 24 3975 0 0
1707 T 4074 30 3331 0 0
1707 T 182 2507 2867 0 0
1707 T 4518 4630 180 0 0
1707 T 4630 1433 2507 0 0
1707 T 177 4644 4511 0 0
1707 T 2965 2397 175 0 0
1707 T 2397 1433 4644 0 0
1707 T 245 243 245 0 0
1707 T 84 86 84 1 0
1707 T 2974 4226 3048 0 0
1707 T 3045 4227 2876 0 0
1707 T 3523 915 4640 0 0
1707 T 4642 1028 2383 0 0
1707 T 2497 1033 4624 0 0
1707 T 4626 922 3523 0 0
1707 T 612 2480 2367 0 0
1707 T 3325 2431 4400 0 0
1707 T 4402 2737 136 0 0
1707 T 133 2831 4308 0 0
1707 T 4310 2545 3423 0 0
1707 T 4629 1754 2504 0 0
1707 T 4643 2392 1673 0 0
1707 T 4518 138 4636 0 0
1707 T 4638 2723 852 0 0
1707 T 849 2821 4620 0 0
1707 T 4622 131 4511 0 0
1707 T 990 986 982 -1 0
1707 T 1600 1602 1600 1 0
1707 T 4638 2719 1927 0 0
1707 T 4619 1815 2816 0 0
1707 T 3897 3895 3897 1 0
1707 T 1817 4315 4512 0 0
1707 T 4408 1929 4518 0 0
1707 T 360 362 360 1 0
1707 T 714 4217 4295 0 0
1707 T 4389 4220 707 0 0
1707 T 3975 3946 3950 0 0
1707 T 4044 4040 4073 0 0
1707 T 2741 115 4231 0 0
1707 T 4233 2898 2743 0 0
1707 T 2753 4256 2851 0 0
1707 T 2650 2992 4323 0 0
1707 T 4325 122 2644 0 0
1707 T 2949 4350 2656 0 0
1707 T 3482 1595 2459 0 0
1707 T 2349 1593 3476 0 0
1707 T 3537 1743 4628 0 0
1707 T 4646 1666 3537 0 0
1707 T 38 3176 4231 0 0
1707 T 4325 3117 36 0 0
1707 T 3522 1944 4640 0 0
1707 T 917 1946 3527 0 0
1707 T 4626 1833 3515 0 0
1707 T 3534 1831 920 0 0
1707 T 2974 2717 4368 0 0
1707 T 4370 3631 3048 0 0
1707 T 3045 3709 4276 0 0
1707 T 4278 2811 2876 0 0
1707 T 1709 135 4091 0 0
1707 T 4093 32 1703 0 0
1707 T 1626 33 4131 0 0
1707 T 4133 134 1628 0 0
1707 T 56 3559 3016 0 0
1707 T 2921 3565 58 0 0
1707 T 1856 1099 1970 0 0
1707 T 1015 1017 1015 0 0
1707 T 4370 86 4275 0 0
1707 T 410 406 76 1 0
1707 T 64 2663 2947 -1 0
1707 T 64 2851 2760 0 0
1707 T 4214 714 1931 0 0
1707 T 2377 4596 4212 0 0
1707 T 4209 4614 2487 0 0
1707 T 1822 707 4207 0 0
1707 T 4214 4217 4204 0 0
1707 T 4201 4220 4207 0 0
1707 T 4198 4214 4188 0 0
1707 T 4185 4207 4191 0 0
1707 T 4380 2566 4270 0 0
1707 T 4360 2612 4290 0 0
1707 T 2761 4579 2663 0 0
1707 T 2665 1453 4717 0 0
1707 T 4715 0 4694 0 0
1707 T 4692 1455 2759 0 0
1707 T 2853 4580 2948 0 0
1707 T 3396 4656 3297 0 0
1707 T 3295 920 4732 0 0
1707 T 4734 105 4707 0 0
1707 T 4709 918 3398 0 0
1707 T 2151 3412 4709 0 0
1707 T 4731 3314 2217 0 0
1707 T 62 1623 4131 0 0
1707 T 62 4091 1704 0 0
1707 T 4190 4728 356 0 0
1707 T 4728 3619 1439 0 0
1707 T 353 4706 4183 0 0
1707 T 1446 3697 4706 0 0
1707 T 4393 4370 4374 0 0
1707 T 4280 4276 4299 0 0
1707 T 4380 1546 4289 0 0
1707 T 1150 4648 2443 0 0
1707 T 3009 4650 4358 0 0
1707 T 2334 4653 1143 0 0
1707 T 4264 4651 2911 0 0
1707 T 2853 1458 4758 0 0
1707 T 4756 0 4741 0 0
1707 T 4739 1452 2948 0 0
1707 T 598 4534 4760 0 0
1707 T 4762 2354 2751 0 0
1707 T 271 2352 4534 0 0
1707 T 2658 2463 4744 0 0
1707 T 4746 4527 591 0 0
1707 T 4527 2465 278 0 0
1707 T 4693 75 4716 0 0
1707 T 3948 4655 4045 0 0
1707 T 1705 4774 1623 0 0
1707 T 4678 1530 2851 0 0
1707 T 2853 4030 4760 0 0
1707 T 4762 192 4676 0 0
1707 T 4673 189 4744 0 0
1707 T 2949 1531 4671 0 0
1707 T 4746 3932 2947 0 0
1707 T 4370 2031 4747 0 0
1707 T 4766 2086 4275 0 0
1707 T 4749 1 4764 0 -1
1707 T 2745 4499 1508 0 0
1707 T 4499 203 1596 0 0
1707 T 1505 4453 2648 0 0
1707 T 1593 202 4453 0 0
1707 T 4527 4531 4543 -1 0
1707 T 13 4696 4764 0 0
1707 T 4749 4721 14 0 0
1707 T 4721 1 4696 0 -1
1707 T 4749 1321 4372 0 0
1707 T 4110 1319 4719 0 0
1707 T 4282 1316 4763 0 0
1707 T 4697 1318 4148 0 0
1707 T 2954 4451 3476 0 0
1707 T 2856 3479 4499 0 0
1707 T 4094 4774 4131 0 0
1707 T 267 4631 3480 0 0
1707 T 2418 4633 261 0 0
1707 T 3477 4617 267 0 0
1707 T 264 4615 2528 0 0
1707 T 168 170 168 0 0
1707 T 4617 3016 2063 0 0
1707 T 2014 2922 4631 0 0
1707 T 1709 4797 1627 0 0
1707 T 358 918 4476 0 0
1707 T 4478 924 2179 0 0
1707 T 2118 929 4428 0 0
1707 T 4430 919 351 0 0
1707 T 4758 4676 1464 0 0
1707 T 1461 4673 4740 0 0
1707 T 150 2308 4431 0 0
1707 T 4482 2314 144 0 0
1707 T 4433 1 4480 0 -1
1707 T 2905 1353 81 0 0
1707 T 81 1356 2999 0 0
1707 T 4206 2912 4780 0 0
1707 T 4778 3009 4200 0 0
1707 T 2666 4724 403 0 0
1707 T 409 4701 2760 0 0
1707 T 4724 1526 4701 0 0
1707 T 4429 3532 2952 0 0
1707 T 2858 3529 4475 0 0
1707 T 4654 4804 192 0 0
1707 T 4804 2914 4217 0 0
1707 T 189 4802 4647 0 0
1707 T 4220 3008 4802 0 0
1707 T 562 4483 500 0 0
1707 T 4483 2872 3529 0 0
1707 T 563 503 4435 0 0
1707 T 4437 3534 2968 0 0
1707 T 4435 3484 2992 0 0
1707 T 2898 3489 4485 0 0
1707 T 530 1315 4668 0 0
1707 T 4670 1389 2603 0 0
1707 T 2558 1384 4664 0 0
1707 T 4666 1322 523 0 0
1707 T 4190 4792 2455 0 0
1707 T 1972 4794 4730 0 0
1707 T 2346 4789 4183 0 0
1707 T 4704 4787 1861 0 0
1707 T 4650 4662 4652 0 0
1707 T 2664 4664 4720 0 0
1707 T 4698 4670 2761 0 0
1707 T 4688 4674 4678 0 0
1707 T 4670 4714 408 0 0
1707 T 4714 1389 629 0 0
1707 T 405 4736 4664 0 0
1707 T 624 1384 4736 0 0
1707 T 4654 4789 2467 0 0
1707 T 1824 4787 4806 0 0
1707 T 2358 4792 4647 0 0
1707 T 4800 4794 1937 0 0
1707 T 4214 4806 4780 0 0
1707 T 4777 4800 4207 0 0
1707 T 2457 4836 4196 0 0
1707 T 4194 4841 2343 0 0
1707 T 4661 4659 4661 1 0
1707 T 4782 4840 1935 0 0
1707 T 1825 4837 4776 0 0
1707 T 4700 4696 4712 0 0
1707 T 4726 4736 4720 0 0
1707 T 4212 4792 4838 0 0
1707 T 4840 4789 4209 0 0
1707 T 4214 1826 4785 0 0
1707 T 4783 4787 4780 0 0
1707 T 4785 1935 4207 0 0
1707 T 4777 4794 4783 0 0
1707 T 2945 4866 4760 0 0
1707 T 4532 4864 2524 0 0
1707 T 4746 4859 2848 0 0
1707 T 2414 4861 4529 0 0
1707 T 2945 4883 4676 0 0
1707 T 4883 4866 194 0 0
1707 T 4673 4893 2848 0 0
1707 T 187 4859 4893 0 0
1707 T 4435 144 4768 0 0
1707 T 4770 1763 2992 0 0
1707 T 2898 1686 4752 0 0
1707 T 4754 149 4485 0 0
1707 T 2361 4902 4864 0 0
1707 T 4883 4900 1866 0 0
1707 T 4861 4902 2471 0 0
1707 T 1976 4900 4893 0 0
1707 T 2970 3287 4879 0 0
1707 T 4890 3390 2871 0 0
1707 T 4881 2 4888 0 0
1707 T 2861 485 228 0 0
1707 T 225 480 2955 0 0
1707 T 4866 4868 4860 0 0
1707 T 4617 4537 2268 0 0
1707 T 4537 3016 99 0 0
1707 T 2265 4540 4631 0 0
1707 T 102 2922 4540 0 0
1707 T 4050 58 4540 0 0
1707 T 56 3954 4537 0 0
1707 T 4868 4870 4868 1 0
1707 T 4726 4932 4699 0 0
1707 T 4433 73 4888 0 0
1707 T 4881 71 4480 0 0
1707 T 1633 4808 1711 0 0
1707 T 4808 4810 4808 0 0
1707 T 830 4307 4832 0 0
1707 T 4834 2546 1076 0 0
1707 T 1073 2432 4828 0 0
1707 T 4830 4401 823 0 0
1707 T 2117 4821 2952 0 0
1707 T 928 3532 4821 0 0
1707 T 2180 2856 4825 0 0
1707 T 4823 3529 925 0 0
1707 T 4934 4932 4934 -1 0
1707 T 4914 4889 149 0 0
1707 T 144 4879 4920 0 0
1707 T 2873 4680 148 0 0
1707 T 4680 3528 4753 0 0
1707 T 4684 2970 146 0 0
1707 T 4768 3534 4686 0 0
1707 T 4913 3390 4682 0 0
1707 T 4683 3288 4919 0 0
1707 T 2954 2650 4850 0 0
1707 T 4848 1503 3476 0 0
1707 T 3481 1510 4854 0 0
1707 T 4852 2743 2856 0 0
1707 T 4537 3953 69 0 0
1707 T 4049 4542 68 0 0
1707 T 4854 270 4907 0 0
1707 T 4909 4632 1508 0 0
1707 T 1505 4618 4915 0 0
1707 T 4917 270 4848 0 0
1707 T 4878 723 4231 0 0
1707 T 4325 722 4872 0 0
1707 T 2857 4813 269 0 0
1707 T 4813 4824 2271 0 0
1707 T 269 4816 2951 0 0
1707 T 2278 4822 4816 0 0
1707 T 2745 4814 4907 0 0
1707 T 4917 4815 2648 0 0
1707 T 4930 4754 2743 0 0
1707 T 4233 1686 4928 0 0
1707 T 4925 1763 4323 0 0
1707 T 2650 4768 4923 0 0
1707 T 4967 4969 4967 0 0
1707 T 930 4940 4684 0 0
1707 T 4681 4950 923 0 0
1707 T 4942 4770 4821 0 0
1707 T 4823 4752 4948 0 0
1707 T 1510 4541 4943 0 0
1707 T 4938 4536 1503 0 0
1707 T 4977 4975 4977 1 0
1707 T 2745 4823 4951 0 0
1707 T 4957 4821 2648 0 0
1707 T 4986 4984 4986 0 0
1707 T 5000 5002 5000 0 0
1707 T 5008 5010 5008 1 0
1707 U 21 1 2 0 0
1707 U 5 1 1 -1 0
1707 U 28 2 1 1 0
1707 U 66 2 1 0 0
1707 U 1659 3 6 0 0
1707 U 2881 8 3 0 0
1707 U 131 6 8 0 0
1707 U 13 4 3 0 0
1707 U 2785 8 4 0 0
1707 U 16 4 3 0 0
1707 U 117 7 4 0 0
1707 U 2782 5 3 0 0
1707 U 1681 8 5 0 0
1707 U 8 5 6 0 0
1707 U 33 8 7 0 0
1707 U 120 9 14 0 0
1707 U 18 10 9 0 0
1707 U 2690 14 10 0 0
1707 U 13 10 9 0 0
1707 U 2977 13 10 0 0
1707 U 1741 12 9 0 0
1707 U 137 14 12 0 0
1707 U 2685 11 9 0 0
1707 U 7 12 11 0 0
1707 U 1759 11 14 0 0
1707 U 31 13 14 0 0
1707 U 1799 15 17 0 0
1707 U 254 23 15 0 0
1707 U 3400 17 23 0 0
1707 U 3366 19 15 0 0
1707 U 1853 23 19 0 0
1707 U 1805 20 15 0 0
1707 U 10 19 20 -1 0
1707 U 262 19 15 0 0
1707 U 43 20 19 0 0
1707 U 3362 23 15 0 0
1707 U 302 23 17 0 0
1707 U 3947 17 22 0 0
1707 U 294 21 17 0 0
1707 U 24 22 21 0 0
1707 U 1875 21 23 0 0
1707 U 3398 21 17 0 0
1707 U 40 21 22 0 0
1707 U 1915 25 30 0 0
1707 U 3265 29 25 0 0
1707 U 9 30 29 0 0
1707 U 258 33 25 0 0
1707 U 1963 29 33 0 0
1707 U 1913 27 25 0 0
1707 U 3301 33 27 0 0
1707 U 3261 33 25 0 0
1707 U 304 27 33 0 0
1707 U 266 29 25 0 0
1707 U 41 29 30 0 0
1707 U 296 27 31 0 0
1707 U 4046 32 27 0 0
1707 U 30 31 32 0 0
1707 U 3297 31 27 0 0
1707 U 39 32 31 1 0
1707 U 1988 31 33 0 0
1707 U 1783 35 37 0 0
1707 U 374 45 35 0 0
1707 U 3860 37 45 0 0
1707 U 3834 44 35 0 0
1707 U 1882 45 44 0 0
1707 U 1789 43 35 0 0
1707 U 11 44 43 0 0
1707 U 382 40 35 0 0
1707 U 3881 43 40 0 0
1707 U 3830 41 35 0 0
1707 U 1848 40 41 0 0
1707 U 434 41 37 0 0
1707 U 4287 37 41 0 0
1707 U 426 40 37 0 0
1707 U 1844 40 45 0 0
1707 U 3858 42 37 0 0
1707 U 19 41 42 0 0
1707 U 59 42 41 1 0
1707 U 491 44 46 0 0
1707 U 49 46 45 0 0
1707 U 1899 47 55 0 0
1707 U 3753 56 47 0 0
1707 U 12 55 56 -1 0
1707 U 378 57 47 0 0
1707 U 1991 56 57 0 0
1707 U 1897 49 47 0 0
1707 U 3781 57 49 0 0
1707 U 3749 53 47 0 0
1707 U 436 49 53 0 0
1707 U 386 52 47 0 0
1707 U 1962 53 52 0 0
1707 U 3800 52 55 0 0
1707 U 428 49 52 0 0
1707 U 4382 53 49 0 0
1707 U 3777 54 49 0 0
1707 U 60 53 54 0 0
1707 U 26 54 53 0 0
1707 U 1958 57 52 0 0
1707 U 489 58 56 0 0
1707 U 47 57 58 0 0
1707 U 2236 59 63 0 0
1707 U 36 60 59 0 0
1707 U 4874 63 60 0 0
1707 U 4926 68 59 0 0
1707 U 4159 64 68 0 0
1707 U 4958 65 59 0 0
1707 U 4941 68 65 0 0
1707 U 4918 61 59 0 0
1707 U 2278 65 61 0 0
1707 U 4937 64 59 0 0
1707 U 2268 61 64 0 0
1707 U 69 64 63 0 0
1707 U 2859 61 68 0 0
1707 U 4138 69 61 0 0
1707 U 2903 65 69 0 0
1707 U 2313 69 68 0 0
1707 U 2302 70 65 0 0
1707 U 4919 68 70 0 0
1707 U 53 66 65 0 0
1707 U 72 70 69 0 0
1707 U 4943 71 76 0 0
1707 U 4909 73 71 0 0
1707 U 2266 76 73 0 0
1707 U 4953 77 71 0 0
1707 U 2272 73 77 0 0
1707 U 4930 80 71 0 0
1707 U 4948 77 80 0 0
1707 U 4878 76 71 0 0
1707 U 4122 80 76 0 0
1707 U 38 72 71 0 0
1707 U 2241 76 72 0 0
1707 U 67 75 76 0 0
1707 U 2958 80 73 0 0
1707 U 4097 81 73 0 0
1707 U 2307 80 81 0 0
1707 U 3002 81 77 0 0
1707 U 52 78 77 0 0
1707 U 2297 81 78 0 0
1707 U 4914 82 80 0 0
1707 U 74 81 82 0 0
1707 Q 108 3514 103 3512 -1 0 0 0 0 0
1707 Q 450 1302 364 1300 0 0 1 0 0 0
1707 Q 550 994 631 992 0 0 0 0 0 0
1707 Q 1034 631 1028 370 0 0 0 0 0 0
1707 Q 184 1210 170 1212 0 0 0 0 0 0
1707 Q 1428 168 1426 367 0 0 0 0 0 0
1707 Q 250 3558 3 3556 0 0 1 0 0 0
1707 Q 364 1291 111 1289 0 0 0 0 0 0
1707 Q 3 1582 208 1584 0 0 0 0 0 0
1707 Q 1578 335 1572 5 0 0 0 0 0 0
1707 Q 0 2101 1 2163 0 0 0 0 0 0
1707 Q 2049 169 1995 0 0 0 0 0 0 0
1707 Q 414 633 412 1524 0 0 0 0 0 0
1707 Q 243 969 638 971 0 0 0 0 0 0
1707 Q 364 1018 364 1018 0 0 0 0 0 0
1707 Q 1570 4 1564 450 0 0 0 0 0 0
1707 Q 282 698 280 2280 0 0 -1 0 0 0
1707 Q 108 1242 327 1244 0 0 0 0 0 0
1707 Q 612 3510 1 3508 0 0 0 0 1 0
1707 Q 2292 942 250 940 -1 0 0 0 0 0
1707 Q 988 248 986 558 0 0 0 0 0 0
1707 Q 196 2577 3 2624 0 0 0 0 0 0
1707 Q 3102 103 3096 5 0 0 0 0 0 0
1707 Q 0 3030 600 3032 0 0 0 0 0 0
1707 Q 38 0 35 0 0 0 0 0 0 0
1707 Q 782 2305 776 1050 0 0 0 0 0 0
1707 Q 612 2133 5 2195 0 0 0 0 0 0
1707 Q 2729 104 2824 3 0 0 0 0 0 0
1707 Q 1048 1130 85 1132 0 0 0 0 0 0
1707 Q 2304 86 2304 86 0 0 0 0 0 0
1707 Q 360 2561 107 2607 0 0 0 0 0 0
1707 Q 2669 104 2764 362 0 0 0 0 0 0
1707 Q 3337 349 3235 0 0 0 0 0 0 0
1707 Q 162 2060 347 2010 0 0 0 0 0 0
1707 Q 26 247 19 250 0 0 0 0 0 0
1707 Q 108 3518 197 3520 0 0 0 0 0 0
1707 Q 2790 245 2691 110 0 0 0 0 0 0
1707 Q 195 2213 243 2148 0 0 0 0 0 0
1707 Q 1367 3541 1373 363 0 0 0 0 0 0
1707 Q 160 2618 196 2567 0 0 0 0 0 0
1707 Q 2677 84 2772 602 0 0 0 0 0 0
1707 Q 1015 2043 3 2098 0 0 0 0 0 0
1707 Q 612 2129 112 2191 0 0 0 0 0 0
1707 Q 600 1796 349 1910 0 0 0 0 0 0
1707 Q 1048 1773 601 1883 0 0 0 0 0 0
1707 Q 112 3145 106 3204 0 0 0 0 0 0
1707 Q 2073 764 2019 114 0 0 0 0 0 0
1707 Q 84 3317 6 3416 0 0 0 0 0 0
1707 Q 3561 1105 3563 4 0 0 0 0 0 0
1707 Q 326 3895 324 548 0 0 0 0 -1 0
1707 Q 2927 210 3026 3895 0 0 0 0 0 0
1707 Q 48 637 50 636 0 0 0 0 0 0
1707 Q 360 4194 210 4196 0 0 0 0 0 0
1707 Q 410 3895 404 362 0 0 0 0 0 0
1707 Q 1188 3605 495 3680 0 0 0 0 0 0
1707 Q 5 57 4 55 0 0 0 0 0 0
1707 Q 1983 1601 1874 104 0 0 0 0 0 0
1707 Q 4642 370 4623 110 0 0 0 0 0 0
1707 Q 42 1099 44 1102 0 0 0 0 0 0
1707 Q 4206 1081 4200 110 0 0 0 0 0 0
1707 Q 3644 169 3721 4690 0 0 0 0 0 0
1707 Q 4782 5 4776 110 0 0 0 0 0 0
1707 Q 139 1858 4662 1968 0 0 0 0 0 0
1707 Q 4402 2 4307 4798 0 0 0 0 0 0
1707 Q 4836 4 4841 210 0 0 0 0 0 0
1707 Q 1435 1972 4659 1862 0 0 0 0 0 0
1707 Q 1038 1867 4868 1982 0 0 0 0 0 0
1707 Q 0 4562 4844 4547 0 0 0 0 0 0
1707 Q 1 1384 4846 1390 0 0 0 0 0 0
1707 Q 0 2325 4895 2435 0 0 0 0 0 0
1707 Q 609 4844 603 4897 0 0 0 0 0 0
1707 Q 630 4932 624 4846 0 0 0 0 0 0
1707 Q 4869 1866 4688 1975 0 0 0 0 0 0
1707 Q 698 3691 4895 3618 0 0 0 0 0 0
1707 Q 782 85 776 4858 0 0 0 0 0 0
1707 Q 4856 1050 4856 1050 0 0 0 0 0 0
1707 Q 4553 1 4564 4858 0 0 0 0 0 0
1707 Q 4960 4829 2 4832 0 0 0 0 0 0
1707 Q 3589 4809 3664 4962 0 0 0 0 0 0
1707 Q 1046 4906 1040 4858 0 0 0 0 0 0
1707 Q 2546 1 2431 4904 0 0 0 0 0 0
1707 Q 3690 4964 3611 4898 0 0 0 0 0 0
1707 Q 4843 1839 4966 1953 0 0 0 0 0 0
1707 Q 2369 4967 2480 4898 0 0 0 0 0 0
1707 Q 4969 204 4964 202 0 0 0 0 0 0
1707 Q 2901 4931 2996 4966 0 0 0 0 0 0
1707 Q 4960 1074 4904 1076 0 0 0 0 0 0
1707 Q 4964 1837 4977 1947 0 0 0 0 0 0
1707 Q 2531 4975 2422 4969 0 0 0 0 0 0
1707 Q 4976 22 4977 27 0 0 0 0 0 0
1707 Q 4856 1773 4973 1883 0 0 0 0 0 0
1707 Q 601 4971 601 4971 0 0 0 0 0 0
1707 Q 4906 4143 4973 4106 0 0 0 0 0 0
1707 Q 4980 586 4973 588 0 0 0 0 0 0
1707 Q 2453 4906 2339 4982 0 0 0 0 0 0
1707 Q 4960 3662 4982 3583 0 0 0 0 0 0
1707 Q 4988 350 4988 350 0 0 0 0 0 0
1707 Q 1909 4971 1795 4990 0 0 0 0 0 0
1707 Q 4960 2841 4986 2935 0 0 0 0 0 0
1707 Q 576 4982 582 4984 0 0 0 0 0 0
1707 Q 4980 3670 4990 3591 0 0 0 0 0 0
1707 Q 4980 2337 4991 2447 0 0 0 0 0 0
1707 Q 340 4990 346 4993 0 0 0 0 0 0
1707 Q 4984 3006 4991 2907 0 0 0 0 0 0
1707 Q 4988 1793 4998 1903 0 0 0 0 0 0
1707 Q 186 4996 186 4996 0 0 0 0 0 0
1707 Q 4993 2964 4998 2869 0 0 0 0 0 0
1707 Q 4996 1813 5006 1923 0 0 0 0 0 0
1707 Q 114 5004 114 5004 0 0 0 0 0 0
1707 Q 182 5001 176 4998 0 0 0 0 0 0
1707 Q 2509 4993 2396 4999 0 0 0 0 0 0
1707 Q 5004 1829 5008 1939 0 0 0 0 0 0
1707 Q 3 5010 3 5010 0 0 0 0 0 0
1707 Q 5001 2492 5006 2381 0 0 0 0 0 0
1707 Q 5009 65 5010 66 0 0 0 0 1 0
