1119 A 4 0 -1 2 1 -2
1119 A 5 0 1 -2 -1 2
1119 A 7 0 1 -2 -1 2
1119 A 8 0 1 -2 -1 2
1119 A 8 0 -1 -2 1 2
1119 A 8 0 3 -2 -3 2
1119 A 8 0 5 -2 -5 2
1119 A 10 0 1 -2 -1 2
1119 A 11 0 2 -4 -2 4
1119 A 13 0 8 -3 -8 3
1119 A 14 0 1 -2 -1 2
1119 A 16 0 1 -2 -1 2
1119 A 16 0 9 -2 -9 2
1119 A 16 0 -1 -6 1 6
1119 A 16 0 7 -6 -7 6
1119 A -1 1 -29 0 29 0
1119 A -1 1 -41 0 41 0
1119 A -1 1 -69 0 69 0
1119 A -1 1 -71 0 71 0
1119 A -1 1 -99 0 99 0
1119 A -1 1 -111 0 111 0
1119 A -1 1 -139 0 139 0
1119 A 0 1 -29 0 29 0
1119 A 0 1 -41 0 41 0
1119 A 0 1 -69 0 69 0
1119 A 0 1 -71 0 71 0
1119 A 0 1 -99 0 99 0
1119 A 0 1 -111 0 111 0
1119 A 0 1 -139 0 139 0
1119 A -2 1 -93 -1 93 1
1119 A 1 1 94 -1 -94 1
1119 A -3 1 -128 -1 128 1
1119 A 2 1 129 -1 -129 1
1119 A -4 1 -137 -2 137 2
1119 A 3 1 139 -2 -139 2
1119 A -5 1 -44 -1 44 1
1119 A 4 1 45 -1 -45 1
1119 A -6 1 -55 -1 55 1
1119 A 5 1 56 -1 -56 1
1119 A -7 1 -118 -3 118 3
1119 A 6 1 121 -3 -121 3
1119 A -8 1 -33 -1 33 1
1119 A -8 1 -47 -1 47 1
1119 A -8 1 -55 -2 55 2
1119 A -8 1 -103 -3 103 3
1119 A 7 1 34 -1 -34 1
1119 A 7 1 48 -1 -48 1
1119 A 7 1 57 -2 -57 2
1119 A 7 1 106 -3 -106 3
1119 A -9 1 -47 -2 47 2
1119 A -9 1 -84 -3 84 3
1119 A 8 1 49 -2 -49 2
1119 A 8 1 87 -3 -87 3
1119 A -11 1 -126 -5 126 5
1119 A 10 1 131 -5 -131 5
1119 A 20 0 1 -2 -1 2
1119 A 20 0 11 -2 -11 2
1119 A 22 0 13 -4 -13 4
1119 A -16 1 -19 -2 19 2
1119 A -16 1 -101 -5 101 5
1119 A 15 1 21 -2 -21 2
1119 A 15 1 106 -5 -106 5
1119 A -17 1 -30 -1 30 1
1119 A -17 1 -110 -7 110 7
1119 A 16 1 31 -1 -31 1
1119 A 16 1 117 -7 -117 7
1119 A 25 0 14 -3 -14 3
1119 A -20 1 -79 -6 79 6
1119 A 19 1 85 -6 -85 6
1119 A 26 0 5 -10 -5 10
1119 A -21 1 -104 -7 104 7
1119 A 20 1 111 -7 -111 7
1119 A 28 0 1 -2 -1 2
1119 A 28 0 15 -2 -15 2
1119 A -26 1 -9 -2 9 2
1119 A 25 1 11 -2 -11 2
1119 A 32 0 17 -2 -17 2
1119 A 32 0 -1 -14 1 14
1119 A 32 0 15 -14 -15 14
1119 A -28 1 -55 -6 55 6
1119 A 27 1 61 -6 -61 6
1119 A -1 2 -186 1 186 -1
1119 A -2 2 -41 0 41 0
1119 A -2 2 -169 0 169 0
1119 A 0 2 -41 0 41 0
1119 A 0 2 -169 0 169 0
1119 A -4 2 -95 0 95 0
1119 A 2 2 -95 0 95 0
1119 A -7 2 -76 0 76 0
1119 A 5 2 -76 0 76 0
1119 A -10 2 -49 0 49 0
1119 A -10 2 -91 -2 91 2
1119 A -10 2 -231 -4 231 4
1119 A 8 2 -49 0 49 0
1119 A 8 2 93 -2 -93 2
1119 A 8 2 235 -4 -235 4
1119 A -16 2 -191 -6 191 6
1119 A 14 2 197 -6 -197 6
1119 A -36 1 -65 -11 65 11
1119 A 35 1 76 -11 -76 11
1119 A -22 2 -143 -6 143 6
1119 A 20 2 149 -6 -149 6
1119 A 40 0 -9 -12 9 12
1119 A 40 0 21 -12 -21 12
1119 A 40 0 9 -18 -9 18
1119 A 5 0 3 -1 3 -1
1119 A 13 0 1 -2 1 -2
1119 A 19 0 3 -6 3 -6
1119 A 25 0 2 -4 2 -4
1119 A 5 0 -1 -1 1 2
1119 A 5 0 2 -1 -3 2
1119 A 7 0 -1 -1 1 3
1119 A 7 0 2 -1 -4 3
1119 A 7 0 -2 -1 -3 1
1119 A 7 0 4 -1 5 -3
1119 A 7 0 -1 -2 1 -3
1119 A 7 0 3 -2 2 -3
1119 A 7 0 -2 -2 4 -2
1119 A 9 0 0 -1 1 -1
1119 A 9 0 -2 -1 3 -4
1119 A 9 0 3 -1 1 -4
1119 A 9 0 -3 -1 1 2
1119 A 9 0 4 -1 -3 2
1119 A 9 0 0 -2 -4 4
1119 A 9 0 2 -2 0 4
1119 A 9 0 -3 -2 5 -2
1119 A 9 0 -2 -4 6 -4
1119 A 11 0 0 -1 -2 2
1119 A 11 0 1 -1 0 2
1119 A 11 0 -1 -1 -6 3
1119 A 11 0 2 -1 3 3
1119 A 11 0 -3 -1 -3 -2
1119 A 11 0 4 -1 5 -2
1119 A 11 0 -4 -1 -2 -4
1119 A 11 0 5 -1 6 -4
1119 A 11 0 6 -1 3 5
1119 A 11 0 1 -2 7 -3
1119 A 11 0 -1 -2 3 -2
1119 A 11 0 -2 -2 -3 -4
1119 A 11 0 4 -2 7 -4
1119 A 11 0 1 -3 -2 3
1119 A 11 0 0 -3 3 -3
1119 A 11 0 -1 -3 3 -5
1119 A 11 0 4 -3 2 -5
1119 A 11 0 0 -4 5 -5
1119 A 11 0 4 -4 0 -5
1119 A 11 0 -1 -4 2 5
1119 A 11 0 5 -4 -7 5
1119 A 11 0 -1 -5 -6 5
1119 A 12 0 -1 -2 -3 -2
1119 A 12 0 3 -2 5 -2
1119 A 13 0 0 -1 2 -2
1119 A 13 0 1 -1 0 -2
1119 A 13 0 -1 -1 6 -3
1119 A 13 0 2 -1 -3 -3
1119 A 13 0 -3 -1 5 2
1119 A 13 0 4 -1 -7 2
1119 A 13 0 -4 -1 5 -1
1119 A 13 0 -5 -1 -3 -6
1119 A 13 0 6 -1 9 -6
1119 A 13 0 7 -1 2 -4
1119 A 13 0 -1 -2 -2 -3
1119 A 13 0 3 -2 5 -3
1119 A 13 0 -2 -2 3 5
1119 A 13 0 4 -2 -8 5
1119 A 13 0 -3 -2 -2 6
1119 A 13 0 5 -2 -4 6
1119 A 13 0 1 -3 -7 4
1119 A 13 0 2 -3 3 4
1119 A 13 0 0 -3 5 -5
1119 A 13 0 3 -3 0 -5
1119 A 13 0 -1 -3 2 5
1119 A 13 0 4 -3 -7 5
1119 A 13 0 1 -4 -2 -6
1119 A 13 0 3 -4 8 -6
1119 A 13 0 0 -4 -6 6
1119 A 13 0 4 -4 0 6
1119 A 13 0 -2 -4 -1 5
1119 A 13 0 6 -4 -4 5
1119 A 13 0 -4 -4 8 -4
1119 A 13 0 -1 -5 -6 5
1119 A 13 0 9 -5 3 -6
1119 A 13 0 -1 -6 -7 6
1119 A 15 0 -2 -1 3 -1
1119 A 15 0 -3 -1 -8 2
1119 A 15 0 4 -1 6 2
1119 A 15 0 -6 -1 1 2
1119 A 15 0 7 -1 -3 2
1119 A 15 0 -4 -2 -6 7
1119 A 15 0 6 -2 -1 7
1119 A 15 0 1 -4 9 -7
1119 A 15 0 3 -4 -2 -7
1119 A 15 0 -2 -4 3 -7
1119 A 15 0 6 -4 4 -7
1119 A 15 0 -3 -4 7 -4
1119 A 16 0 -1 -2 1 -6
1119 A 16 0 3 -2 5 -6
1119 A 16 0 -3 -2 -5 2
1119 A 16 0 -5 -2 -3 -6
1119 A 16 0 7 -2 9 -6
1119 A 16 0 3 -6 5 6
1119 A -1 1 -17 0 33 0
1119 A -1 1 -19 0 59 0
1119 A -1 1 -23 0 -73 0
1119 A -1 1 -27 0 83 0
1119 A -1 1 -37 0 53 0
1119 A -1 1 -39 0 79 0
1119 A -1 1 -47 0 -137 0
1119 A -1 1 -57 0 113 0
1119 A -1 1 -61 0 101 0
1119 A -1 1 -67 0 -117 0
1119 A -1 1 -81 0 121 0
1119 A -1 1 -87 0 103 0
1119 A -1 1 -107 0 123 0
1119 A -1 1 -109 0 -131 0
1119 A 0 1 -17 0 33 0
1119 A 0 1 -19 0 59 0
1119 A 0 1 -23 0 -73 0
1119 A 0 1 -27 0 83 0
1119 A 0 1 -37 0 53 0
1119 A 0 1 -39 0 79 0
1119 A 0 1 -47 0 -137 0
1119 A 0 1 -57 0 113 0
1119 A 0 1 -61 0 101 0
1119 A 0 1 -67 0 -117 0
1119 A 0 1 -81 0 121 0
1119 A 0 1 -87 0 103 0
1119 A 0 1 -107 0 123 0
1119 A 0 1 -109 0 -131 0
1119 A -2 1 -17 0 83 0
1119 A -2 1 -19 0 -89 0
1119 A -2 1 -23 0 -49 0
1119 A -2 1 -29 0 105 1
1119 A -2 1 -31 0 91 0
1119 A -2 1 -35 0 135 1
1119 A -2 1 -37 0 61 0
1119 A -2 1 -53 0 -131 -1
1119 A -2 1 -67 0 -99 -1
1119 A -2 1 -71 0 -137 -1
1119 A -2 1 -73 0 85 0
1119 A -2 1 -95 -1 -123 -1
1119 A -2 1 -107 -1 -117 -1
1119 A -2 1 -125 -1 -129 -1
1119 A 1 1 -17 0 83 0
1119 A 1 1 -19 0 -89 0
1119 A 1 1 -23 0 -49 0
1119 A 1 1 -29 0 106 -1
1119 A 1 1 -31 0 91 0
1119 A 1 1 -35 0 136 -1
1119 A 1 1 -37 0 61 0
1119 A 1 1 -53 0 -132 1
1119 A 1 1 -67 0 -100 1
1119 A 1 1 -71 0 -138 1
1119 A 1 1 -73 0 85 0
1119 A 1 1 96 -1 124 -1
1119 A 1 1 108 -1 118 -1
1119 A 1 1 126 -1 130 -1
1119 A -3 1 -17 0 98 1
1119 A -3 1 -21 0 106 1
1119 A -3 1 -23 0 -84 -1
1119 A -3 1 -25 0 100 1
1119 A -3 1 -27 0 53 0
1119 A -3 1 -29 0 -66 -1
1119 A -3 1 -35 0 -49 0
1119 A -3 1 -37 0 -82 -1
1119 A -3 1 -43 0 -130 -1
1119 A -3 1 -45 0 86 1
1119 A -3 1 -47 0 -70 -1
1119 A -3 1 -51 0 126 1
1119 A -3 1 -58 -1 -72 -1
1119 A -3 1 -64 -1 108 1
1119 A -3 1 -68 -1 138 1
1119 A -3 1 -76 -1 102 1
1119 A -3 1 -104 -1 136 1
1119 A -3 1 -116 -1 134 1
1119 A -3 1 -122 -1 132 1
1119 A 2 1 -17 0 99 -1
1119 A 2 1 -21 0 107 -1
1119 A 2 1 -23 0 -85 1
1119 A 2 1 -25 0 101 -1
1119 A 2 1 -27 0 53 0
1119 A 2 1 -29 0 -67 1
1119 A 2 1 -35 0 -49 0
1119 A 2 1 -37 0 -83 1
1119 A 2 1 -43 0 -131 1
1119 A 2 1 -45 0 87 -1
1119 A 2 1 -47 0 -71 1
1119 A 2 1 -51 0 127 -1
1119 A 2 1 59 -1 73 -1
1119 A 2 1 65 -1 -109 1
1119 A 2 1 69 -1 -139 1
1119 A 2 1 77 -1 -103 1
1119 A 2 1 105 -1 -137 1
1119 A 2 1 117 -1 -135 1
1119 A 2 1 123 -1 -133 1
1119 A 17 0 -3 -1 7 -6
1119 A 17 0 4 -1 -1 -6
1119 A 17 0 -4 -1 2 3
1119 A 17 0 5 -1 -5 3
1119 A 17 0 -5 -1 -7 4
1119 A 17 0 6 -1 3 4
1119 A 17 0 -6 -1 -7 1
1119 A 17 0 -7 -1 -2 -4
1119 A 17 0 8 -1 6 -4
1119 A 17 0 9 -1 5 7
1119 A 17 0 1 -2 11 -5
1119 A 17 0 -1 -2 3 -2
1119 A 17 0 -2 -2 -5 -6
1119 A 17 0 4 -2 11 -6
1119 A 17 0 -3 -2 3 -8
1119 A 17 0 5 -2 5 -8
1119 A 17 0 -4 -2 -9 3
1119 A 17 0 6 -2 6 3
1119 A 17 0 -5 -2 -7 2
1119 A 17 0 -6 -2 -5 -3
1119 A 17 0 8 -2 8 -3
1119 A 17 0 -7 -2 6 -7
1119 A 17 0 9 -2 1 -7
1119 A 17 0 1 -3 1 7
1119 A 17 0 2 -3 -8 7
1119 A 17 0 0 -3 5 -5
1119 A 17 0 3 -3 0 -5
1119 A 17 0 -1 -3 -8 6
1119 A 17 0 4 -3 2 6
1119 A 17 0 -3 -3 8 -4
1119 A 17 0 6 -3 -4 -4
1119 A 17 0 -4 -3 5 -7
1119 A 17 0 7 -3 2 -7
1119 A 17 0 10 -3 -4 8
1119 A 17 0 2 -4 -3 6
1119 A 17 0 1 -4 -8 5
1119 A 17 0 3 -4 3 5
1119 A 17 0 0 -4 8 -8
1119 A 17 0 4 -4 0 -8
1119 A 17 0 -1 -4 4 7
1119 A 17 0 5 -4 -11 7
1119 A 17 0 -5 -4 3 -7
1119 A 17 0 9 -4 4 -7
1119 A 17 0 -6 -4 10 -4
1119 A 17 0 2 -5 -2 -8
1119 A 17 0 3 -5 10 -8
1119 A 17 0 1 -5 -9 7
1119 A 17 0 4 -5 2 7
1119 A 17 0 -1 -5 3 6
1119 A 17 0 6 -5 -9 6
1119 A 17 0 -2 -5 -1 8
1119 A 17 0 7 -5 -7 8
1119 A 17 0 -4 -5 4 -6
1119 A 17 0 9 -5 2 -6
1119 A 17 0 -4 -6 2 -8
1119 A 17 0 10 -6 6 -8
1119 A 17 0 0 -7 7 -7
1119 A 17 0 -3 -7 -9 8
1119 A 17 0 10 -7 1 8
1119 A 17 0 -3 -8 11 -8
1119 A 17 0 -4 -8 -12 8
1119 A -4 1 -19 0 119 1
1119 A -4 1 -21 0 -131 -2
1119 A -4 1 -23 0 119 2
1119 A -4 1 -25 0 -35 0
1119 A -4 1 -29 0 133 2
1119 A -4 1 -31 0 -109 -1
1119 A -4 1 -37 0 -67 -1
1119 A -4 1 -43 -1 83 1
1119 A -4 1 -45 -1 -135 -2
1119 A -4 1 -47 -1 59 1
1119 A -4 1 -51 -1 -65 -1
1119 A -4 1 -71 -1 -105 -1
1119 A -4 1 -73 -1 -87 -1
1119 A -4 1 -77 -1 129 2
1119 A -4 1 -85 -1 101 1
1119 A -4 1 -107 -1 -117 -1
1119 A 3 1 -19 0 120 -1
1119 A 3 1 -21 0 -133 2
1119 A 3 1 -23 0 121 -2
1119 A 3 1 -25 0 -35 0
1119 A 3 1 -29 0 135 -2
1119 A 3 1 -31 0 -110 1
1119 A 3 1 -37 0 -68 1
1119 A 3 1 44 -1 -84 1
1119 A 3 1 46 -1 137 -2
1119 A 3 1 48 -1 -60 1
1119 A 3 1 52 -1 66 -1
1119 A 3 1 72 -1 106 -1
1119 A 3 1 74 -1 88 -1
1119 A 3 1 78 -1 -131 2
1119 A 3 1 86 -1 -102 1
1119 A 3 1 108 -1 118 -1
1119 A -5 1 -19 0 74 1
1119 A -5 1 -29 0 -31 0
1119 A -5 1 -32 -1 68 1
1119 A -5 1 -36 -1 -129 -2
1119 A -5 1 -42 -1 78 1
1119 A -5 1 -54 -1 -56 -1
1119 A -5 1 -62 -1 93 2
1119 A -5 1 -66 -1 121 2
1119 A -5 1 -72 -1 103 2
1119 A -5 1 -84 -1 -86 -1
1119 A -5 1 -92 -1 123 2
1119 A -5 1 -97 -2 133 2
1119 A -5 1 -109 -2 -111 -2
1119 A 4 1 -19 0 75 -1
1119 A 4 1 -29 0 -31 0
1119 A 4 1 33 -1 -69 1
1119 A 4 1 37 -1 131 -2
1119 A 4 1 43 -1 -79 1
1119 A 4 1 55 -1 57 -1
1119 A 4 1 63 -1 -95 2
1119 A 4 1 67 -1 -123 2
1119 A 4 1 73 -1 -105 2
1119 A 4 1 85 -1 87 -1
1119 A 4 1 93 -1 -125 2
1119 A 4 1 99 -2 -135 2
1119 A 4 1 111 -2 113 -2
1119 A -6 1 -19 0 43 1
1119 A -6 1 -21 0 -53 -1
1119 A -6 1 -23 0 27 0
1119 A -6 1 -27 -1 41 1
1119 A -6 1 -31 -1 -61 -1
1119 A -6 1 -33 -1 -133 -3
1119 A -6 1 -35 -1 109 2
1119 A -6 1 -45 -1 -73 -1
1119 A -6 1 -47 -1 105 2
1119 A -6 1 -71 -1 135 3
1119 A -6 1 -75 -1 99 2
1119 A -6 1 -77 -1 115 2
1119 A -6 1 -85 -2 -129 -3
1119 A -6 1 -117 -2 131 3
1119 A 5 1 -19 0 44 -1
1119 A 5 1 -21 0 -54 1
1119 A 5 1 -23 0 27 0
1119 A 5 1 28 -1 -42 1
1119 A 5 1 32 -1 62 -1
1119 A 5 1 34 -1 136 -3
1119 A 5 1 36 -1 -111 2
1119 A 5 1 46 -1 74 -1
1119 A 5 1 48 -1 -107 2
1119 A 5 1 72 -1 -138 3
1119 A 5 1 76 -1 -101 2
1119 A 5 1 78 -1 -117 2
1119 A 5 1 87 -2 132 -3
1119 A 5 1 119 -2 -134 3
1119 A -7 1 -20 -1 -134 -3
1119 A -7 1 -24 -1 -114 -3
1119 A -7 1 -26 -1 -32 -1
1119 A -7 1 -34 -1 48 1
1119 A -7 1 -38 -1 -79 -2
1119 A -7 1 -40 -1 -116 -3
1119 A -7 1 -44 -1 -87 -2
1119 A -7 1 -46 -1 65 2
1119 A -7 1 -54 -1 -81 -2
1119 A -7 1 -69 -2 83 2
1119 A -7 1 -71 -2 -104 -3
1119 A -7 1 -75 -2 -109 -2
1119 A -7 1 -107 -2 -136 -3
1119 A -7 1 -120 -3 -132 -3
1119 A -7 1 -124 -3 -130 -3
1119 A 6 1 21 -1 137 -3
1119 A 6 1 25 -1 117 -3
1119 A 6 1 27 -1 33 -1
1119 A 6 1 35 -1 -49 1
1119 A 6 1 39 -1 81 -2
1119 A 6 1 41 -1 119 -3
1119 A 6 1 45 -1 89 -2
1119 A 6 1 47 -1 -67 2
1119 A 6 1 55 -1 83 -2
1119 A 6 1 71 -2 -85 2
1119 A 6 1 73 -2 107 -3
1119 A 6 1 77 -2 111 -2
1119 A 6 1 109 -2 139 -3
1119 A 6 1 123 -3 135 -3
1119 A 6 1 127 -3 133 -3
1119 A -8 1 -19 0 -45 -1
1119 A -8 1 -15 -1 -57 -2
1119 A -8 1 -17 -1 97 3
1119 A -8 1 -21 -1 -115 -3
1119 A -8 1 -35 -1 -101 -3
1119 A -8 1 -39 -1 119 3
1119 A -8 1 -51 -1 107 3
1119 A -8 1 -67 -2 -69 -2
1119 A -8 1 -73 -2 -127 -3
1119 A -8 1 -85 -2 -131 -4
1119 A -8 1 -91 -2 -125 -4
1119 A 7 1 -19 0 -46 1
1119 A 7 1 16 -1 59 -2
1119 A 7 1 18 -1 -100 3
1119 A 7 1 22 -1 118 -3
1119 A 7 1 36 -1 104 -3
1119 A 7 1 40 -1 -122 3
1119 A 7 1 52 -1 -110 3
1119 A 7 1 69 -2 71 -2
1119 A 7 1 75 -2 130 -3
1119 A 7 1 87 -2 135 -4
1119 A 7 1 93 -2 129 -4
1119 A -9 1 -19 0 -28 -1
1119 A -9 1 -12 -1 -49 -2
1119 A -9 1 -14 -1 -117 -4
1119 A -9 1 -16 -1 133 4
1119 A -9 1 -20 -1 67 2
1119 A -9 1 -22 -1 123 4
1119 A -9 1 -26 -1 135 4
1119 A -9 1 -34 -1 104 3
1119 A -9 1 -36 -1 106 3
1119 A -9 1 -44 -1 75 2
1119 A -9 1 -48 -1 78 3
1119 A -9 1 -50 -1 -137 -4
1119 A -9 1 -52 -1 -57 -2
1119 A -9 1 -45 -2 77 2
1119 A -9 1 -73 -2 111 4
1119 A -9 1 -79 -2 -100 -3
1119 A -9 1 -80 -3 -98 -3
1119 A -9 1 -82 -3 -119 -4
1119 A -9 1 -102 -3 125 4
1119 A -9 1 -110 -3 -131 -4
1119 A 8 1 -19 0 -29 1
1119 A 8 1 13 -1 51 -2
1119 A 8 1 15 -1 121 -4
1119 A 8 1 17 -1 -137 4
1119 A 8 1 21 -1 -69 2
1119 A 8 1 23 -1 -127 4
1119 A 8 1 27 -1 -139 4
1119 A 8 1 35 -1 -107 3
1119 A 8 1 37 -1 -109 3
1119 A 8 1 45 -1 -77 2
1119 A 8 1 49 -1 -81 3
1119 A 8 1 51 -1 141 -4
1119 A 8 1 53 -1 59 -2
1119 A 8 1 47 -2 -79 2
1119 A 8 1 75 -2 -115 4
1119 A 8 1 81 -2 103 -3
1119 A 8 1 83 -3 101 -3
1119 A 8 1 85 -3 123 -4
1119 A 8 1 105 -3 -129 4
1119 A 8 1 113 -3 135 -4
1119 A 19 0 10 -1 -1 2
1119 A 19 0 -2 -2 6 -3
1119 A 19 0 4 -2 -3 -3
1119 A 19 0 -3 -2 -1 8
1119 A 19 0 5 -2 -7 8
1119 A 19 0 -4 -2 -8 9
1119 A 19 0 6 -2 -1 9
1119 A 19 0 -5 -2 3 -9
1119 A 19 0 7 -2 6 -9
1119 A 19 0 -6 -2 3 4
1119 A 19 0 8 -2 -7 4
1119 A 19 0 -7 -2 -2 -8
1119 A 19 0 9 -2 10 -8
1119 A 19 0 -8 -2 -3 -7
1119 A 19 0 10 -2 10 -7
1119 A 19 0 0 -3 5 -5
1119 A 19 0 3 -3 0 -5
1119 A 19 0 -4 -3 -6 8
1119 A 19 0 7 -3 -2 8
1119 A 19 0 -5 -3 6 -7
1119 A 19 0 8 -3 1 -7
1119 A 19 0 -7 -3 -11 9
1119 A 19 0 10 -3 2 9
1119 A 19 0 11 -3 6 7
1119 A 19 0 2 -4 14 -9
1119 A 19 0 1 -4 5 6
1119 A 19 0 3 -4 -11 6
1119 A 19 0 -1 -4 5 -4
1119 A 19 0 -2 -4 -4 9
1119 A 19 0 6 -4 -5 9
1119 A 19 0 -4 -4 3 8
1119 A 19 0 8 -4 -11 8
1119 A 19 0 -5 -4 3 5
1119 A 19 0 9 -4 -8 5
1119 A 19 0 2 -5 -8 7
1119 A 19 0 3 -5 1 7
1119 A 19 0 -2 -5 -4 -8
1119 A 19 0 7 -5 12 -8
1119 A 19 0 -5 -5 10 -5
1119 A 19 0 -6 -5 4 -7
1119 A 19 0 11 -5 3 -7
1119 A 19 0 12 -5 -4 8
1119 A 19 0 -4 -6 4 9
1119 A 19 0 10 -6 -13 9
1119 A 19 0 2 -7 -3 8
1119 A 19 0 5 -7 -5 8
1119 A 19 0 -2 -7 9 -7
1119 A 19 0 -4 -7 -1 -8
1119 A 19 0 11 -7 9 -8
1119 A 19 0 -5 -7 10 -9
1119 A 19 0 12 -7 -1 -9
1119 A 19 0 0 -8 9 -9
1119 A 19 0 8 -8 0 -9
1119 A 19 0 2 -9 -7 9
1119 A -10 1 -11 -1 101 4
1119 A -10 1 -13 -1 127 5
1119 A -10 1 -17 -1 -97 -4
1119 A -10 1 -21 -1 -129 -5
1119 A -10 1 -37 -1 43 2
1119 A -10 1 -39 -1 -111 -4
1119 A -10 1 -39 -2 49 2
1119 A -10 1 -41 -2 71 2
1119 A -10 1 -51 -2 -69 -3
1119 A -10 1 -57 -2 133 4
1119 A -10 1 -59 -2 69 2
1119 A -10 1 -77 -2 73 3
1119 A -10 1 -83 -3 127 4
1119 A -10 1 -101 -3 121 4
1119 A -10 1 -103 -3 -113 -4
1119 A -10 1 -99 -4 -131 -5
1119 A 9 1 12 -1 -105 4
1119 A 9 1 14 -1 -132 5
1119 A 9 1 18 -1 101 -4
1119 A 9 1 22 -1 134 -5
1119 A 9 1 38 -1 -45 2
1119 A 9 1 40 -1 115 -4
1119 A 9 1 41 -2 -51 2
1119 A 9 1 43 -2 -73 2
1119 A 9 1 53 -2 72 -3
1119 A 9 1 59 -2 -137 4
1119 A 9 1 61 -2 -71 2
1119 A 9 1 79 -2 -76 3
1119 A 9 1 86 -3 -131 4
1119 A 9 1 104 -3 -125 4
1119 A 9 1 106 -3 117 -4
1119 A 9 1 103 -4 136 -5
1119 A -11 1 -18 -1 -88 -3
1119 A -11 1 -20 -1 107 4
1119 A -11 1 -26 -1 -93 -4
1119 A -11 1 -36 -1 61 2
1119 A -11 1 -42 -1 -70 -3
1119 A -11 1 -37 -2 86 3
1119 A -11 1 -39 -2 -124 -5
1119 A -11 1 -45 -2 119 4
1119 A -11 1 -51 -2 132 5
1119 A -11 1 -67 -2 105 4
1119 A -11 1 -68 -3 -95 -4
1119 A -11 1 -76 -3 -117 -4
1119 A 10 1 19 -1 91 -3
1119 A 10 1 21 -1 -111 4
1119 A 10 1 27 -1 97 -4
1119 A 10 1 37 -1 -63 2
1119 A 10 1 43 -1 73 -3
1119 A 10 1 39 -2 -89 3
1119 A 10 1 41 -2 129 -5
1119 A 10 1 47 -2 -123 4
1119 A 10 1 53 -2 -137 5
1119 A 10 1 69 -2 -109 4
1119 A 10 1 71 -3 99 -4
1119 A 10 1 79 -3 121 -4
1119 A 20 0 -1 -2 1 6
1119 A 20 0 3 -2 -7 6
1119 A 20 0 -7 -2 3 6
1119 A 20 0 9 -2 -9 6
1119 A 20 0 3 -6 13 -6
1119 A -12 1 -11 -1 -137 -5
1119 A -12 1 -13 -1 21 1
1119 A -12 1 -17 -1 -47 -2
1119 A -12 1 -23 -1 -105 -4
1119 A -12 1 -27 -1 -109 -5
1119 A -12 1 -29 -1 129 6
1119 A -12 1 -31 -1 79 3
1119 A -12 1 -37 -1 125 5
1119 A -12 1 -39 -1 -69 -3
1119 A -12 1 -41 -1 -111 -5
1119 A -12 1 -43 -2 87 3
1119 A -12 1 -53 -2 -71 -3
1119 A -12 1 -63 -2 -113 -4
1119 A -12 1 -65 -2 89 3
1119 A -12 1 -63 -3 -81 -4
1119 A -12 1 -65 -3 -107 -4
1119 A -12 1 -73 -3 129 5
1119 A -12 1 -97 -4 -119 -5
1119 A -12 1 -99 -4 127 6
1119 A -12 1 -113 -5 121 5
1119 A 11 1 12 -1 142 -5
1119 A 11 1 14 -1 -22 1
1119 A 11 1 18 -1 49 -2
1119 A 11 1 24 -1 109 -4
1119 A 11 1 28 -1 114 -5
1119 A 11 1 30 -1 -135 6
1119 A 11 1 32 -1 -82 3
1119 A 11 1 38 -1 -130 5
1119 A 11 1 40 -1 72 -3
1119 A 11 1 42 -1 116 -5
1119 A 11 1 45 -2 -90 3
1119 A 11 1 55 -2 74 -3
1119 A 11 1 65 -2 117 -4
1119 A 11 1 67 -2 -92 3
1119 A 11 1 66 -3 85 -4
1119 A 11 1 68 -3 111 -4
1119 A 11 1 76 -3 -134 5
1119 A 11 1 101 -4 124 -5
1119 A 11 1 103 -4 -133 6
1119 A 11 1 118 -5 -126 5
1119 A -13 1 -12 -1 92 5
1119 A -13 1 -14 -1 -74 -3
1119 A -13 1 -18 -1 133 6
1119 A -13 1 -22 -1 -85 -4
1119 A -13 1 -24 -1 100 5
1119 A -13 1 -30 -1 45 2
1119 A -13 1 -32 -1 -103 -4
1119 A -13 1 -27 -2 116 5
1119 A -13 1 -31 -2 101 4
1119 A -13 1 -33 -2 -81 -4
1119 A -13 1 -39 -2 96 5
1119 A -13 1 -49 -2 -54 -3
1119 A -13 1 -55 -2 -118 -5
1119 A -13 1 -56 -3 114 5
1119 A -13 1 -60 -3 129 6
1119 A -13 1 -66 -3 -126 -5
1119 A -13 1 -82 -3 131 6
1119 A -13 1 -77 -4 104 5
1119 A 12 1 13 -1 -97 5
1119 A 12 1 15 -1 77 -3
1119 A 12 1 19 -1 -139 6
1119 A 12 1 23 -1 89 -4
1119 A 12 1 25 -1 -105 5
1119 A 12 1 31 -1 -47 2
1119 A 12 1 33 -1 107 -4
1119 A 12 1 29 -2 -121 5
1119 A 12 1 33 -2 -105 4
1119 A 12 1 35 -2 85 -4
1119 A 12 1 41 -2 -101 5
1119 A 12 1 51 -2 57 -3
1119 A 12 1 57 -2 123 -5
1119 A 12 1 59 -3 -119 5
1119 A 12 1 63 -3 -135 6
1119 A 12 1 69 -3 131 -5
1119 A 12 1 85 -3 -137 6
1119 A 12 1 81 -4 -109 5
1119 A 21 0 -1 -2 -6 4
1119 A 21 0 3 -2 2 4
1119 A 21 0 -3 -2 5 -2
1119 A 21 0 -6 -2 -1 -5
1119 A 21 0 8 -2 6 -5
1119 A 21 0 -9 -2 11 -2
1119 A 21 0 2 -5 3 -5
1119 A 21 0 -3 -5 5 10
1119 A 21 0 8 -5 -15 10
1119 A 21 0 -4 -5 9 -5
1119 A 21 0 -6 -5 -1 10
1119 A 21 0 11 -5 -9 10
1119 A 21 0 2 -8 3 10
1119 A 21 0 6 -8 -13 10
1119 A 21 0 -1 -8 -6 10
1119 A 21 0 9 -8 -4 10
1119 A -14 1 -15 -1 -125 -7
1119 A -14 1 -33 -1 31 2
1119 A -14 1 -25 -2 -33 -2
1119 A -14 1 -51 -2 109 6
1119 A -14 1 -57 -2 -69 -4
1119 A -14 1 -59 -3 131 6
1119 A -14 1 -71 -3 -83 -4
1119 A -14 1 -81 -4 -89 -4
1119 A -14 1 -109 -5 107 6
1119 A 13 1 16 -1 132 -7
1119 A 13 1 34 -1 -33 2
1119 A 13 1 27 -2 35 -2
1119 A 13 1 53 -2 -115 6
1119 A 13 1 59 -2 73 -4
1119 A 13 1 62 -3 -137 6
1119 A 13 1 74 -3 87 -4
1119 A 13 1 85 -4 93 -4
1119 A 13 1 114 -5 -113 6
1119 A -15 1 -16 -1 -49 -2
1119 A -15 1 -26 -1 -134 -7
1119 A -15 1 -21 -2 116 7
1119 A -15 1 -37 -2 -72 -3
1119 A -15 1 -53 -2 -108 -5
1119 A -15 1 -56 -3 71 4
1119 A -15 1 -66 -3 106 5
1119 A -15 1 -78 -5 132 7
1119 A 14 1 17 -1 51 -2
1119 A 14 1 27 -1 141 -7
1119 A 14 1 23 -2 -123 7
1119 A 14 1 39 -2 75 -3
1119 A 14 1 55 -2 113 -5
1119 A 14 1 59 -3 -75 4
1119 A 14 1 69 -3 -111 5
1119 A 14 1 83 -5 -139 7
1119 A -16 1 -17 -1 -31 -2
1119 A -16 1 -21 -1 125 8
1119 A -16 1 -27 -1 -69 -4
1119 A -16 1 -21 -2 77 5
1119 A -16 1 -35 -2 83 5
1119 A -16 1 -39 -2 -137 -7
1119 A -16 1 -41 -3 -63 -3
1119 A -16 1 -49 -3 97 6
1119 A -16 1 -53 -3 -75 -4
1119 A -16 1 -55 -4 -105 -6
1119 A -16 1 -63 -4 -121 -6
1119 A -16 1 -103 -5 -121 -7
1119 A -16 1 -101 -6 -115 -7
1119 A 15 1 18 -1 33 -2
1119 A 15 1 22 -1 -133 8
1119 A 15 1 28 -1 73 -4
1119 A 15 1 23 -2 -82 5
1119 A 15 1 37 -2 -88 5
1119 A 15 1 41 -2 144 -7
1119 A 15 1 44 -3 66 -3
1119 A 15 1 52 -3 -103 6
1119 A 15 1 56 -3 79 -4
1119 A 15 1 59 -4 111 -6
1119 A 15 1 67 -4 127 -6
1119 A 15 1 108 -5 128 -7
1119 A 15 1 107 -6 122 -7
1119 A 23 0 1 -2 -3 6
1119 A 23 0 0 -2 3 -3
1119 A 23 0 2 -2 0 -3
1119 A 23 0 -1 -2 5 -11
1119 A 23 0 3 -2 6 -11
1119 A 23 0 -2 -2 4 -2
1119 A 23 0 -3 -2 -8 -6
1119 A 23 0 5 -2 14 -6
1119 A 23 0 -5 -2 6 -5
1119 A 23 0 7 -2 -1 -5
1119 A 23 0 -8 -2 -9 11
1119 A 23 0 10 -2 -2 11
1119 A 23 0 1 -3 -4 6
1119 A 23 0 2 -3 -2 6
1119 A 23 0 -1 -3 7 -11
1119 A 23 0 4 -3 4 -11
1119 A 23 0 -4 -3 -6 -4
1119 A 23 0 7 -3 10 -4
1119 A 23 0 -5 -3 11 -7
1119 A 23 0 8 -3 -4 -7
1119 A 23 0 -8 -3 14 -8
1119 A 23 0 11 -3 -6 -8
1119 A 23 0 -9 -3 2 11
1119 A 23 0 12 -3 -13 11
1119 A 23 0 13 -3 -2 4
1119 A 23 0 1 -4 14 -11
1119 A 23 0 3 -4 -3 -11
1119 A 23 0 0 -4 -10 10
1119 A 23 0 4 -4 0 10
1119 A 23 0 -2 -4 -9 6
1119 A 23 0 6 -4 3 6
1119 A 23 0 -3 -4 -1 -6
1119 A 23 0 7 -4 7 -6
1119 A 23 0 -5 -4 10 -7
1119 A 23 0 9 -4 -3 -7
1119 A 23 0 -8 -4 -12 4
1119 A 23 0 2 -5 -10 9
1119 A 23 0 3 -5 1 9
1119 A 23 0 1 -5 1 -7
1119 A 23 0 4 -5 6 -7
1119 A 23 0 1 -6 5 -6
1119 A 23 0 -2 -6 -8 6
1119 A 23 0 0 -7 -9 9
1119 A 23 0 7 -7 0 9
1119 A 23 0 -1 -7 5 10
1119 A 23 0 8 -7 -15 10
1119 A 23 0 -7 -8 -12 11
1119 A 23 0 15 -8 1 11
1119 A 23 0 1 -9 14 -10
1119 A 23 0 8 -9 -4 -10
1119 A 23 0 -2 -9 11 -9
1119 A 23 0 -1 -10 4 11
1119 A 23 0 11 -10 -15 11
1119 A 23 0 0 -11 11 -11
1119 A -17 1 -18 -1 -103 -6
1119 A -17 1 -33 -2 -88 -5
1119 A -17 1 -37 -2 -122 -7
1119 A -17 1 -52 -3 -107 -6
1119 A -17 1 -51 -4 82 5
1119 A 16 1 19 -1 109 -6
1119 A 16 1 35 -2 93 -5
1119 A 16 1 39 -2 129 -7
1119 A 16 1 55 -3 113 -6
1119 A 16 1 55 -4 -87 5
1119 A 24 0 -1 -2 -15 10
1119 A 24 0 3 -2 5 10
1119 A 24 0 -3 -2 -13 10
1119 A 24 0 5 -2 3 10
1119 A 24 0 -7 -2 -9 10
1119 A 24 0 9 -2 -1 10
1119 A 24 0 -9 -2 -7 10
1119 A 24 0 11 -2 -3 10
1119 A 24 0 1 -4 -9 -4
1119 A 24 0 3 -4 13 -4
1119 A -18 1 -19 -1 -41 -3
1119 A -18 1 -23 -1 117 7
1119 A -18 1 -29 -1 -79 -6
1119 A -18 1 -21 -2 -113 -8
1119 A -18 1 -39 -2 -53 -4
1119 A -18 1 -45 -3 -93 -7
1119 A -18 1 -61 -4 69 4
1119 A -18 1 -71 -4 101 6
1119 A -18 1 -61 -5 73 5
1119 A -18 1 -81 -5 -137 -8
1119 A -18 1 -85 -5 -95 -7
1119 A -18 1 -87 -5 119 7
1119 A -18 1 -93 -5 123 9
1119 A -18 1 -113 -7 111 8
1119 A 17 1 20 -1 44 -3
1119 A 17 1 24 -1 -124 7
1119 A 17 1 30 -1 85 -6
1119 A 17 1 23 -2 121 -8
1119 A 17 1 41 -2 57 -4
1119 A 17 1 48 -3 100 -7
1119 A 17 1 65 -4 -73 4
1119 A 17 1 75 -4 -107 6
1119 A 17 1 66 -5 -78 5
1119 A 17 1 86 -5 145 -8
1119 A 17 1 90 -5 102 -7
1119 A 17 1 92 -5 -126 7
1119 A 17 1 98 -5 -132 9
1119 A 17 1 120 -7 -119 8
1119 A -19 1 -24 -1 103 6
1119 A -19 1 -26 -1 102 7
1119 A -19 1 -13 -2 23 2
1119 A -19 1 -15 -2 90 7
1119 A -19 1 -42 -3 -118 -9
1119 A -19 1 -44 -3 -60 -3
1119 A -19 1 -53 -4 -59 -4
1119 A -19 1 -73 -4 111 8
1119 A -19 1 -75 -4 -78 -5
1119 A -19 1 -72 -5 105 8
1119 A -19 1 -71 -6 -81 -6
1119 A 18 1 25 -1 -109 6
1119 A 18 1 27 -1 -109 7
1119 A 18 1 15 -2 -25 2
1119 A 18 1 17 -2 -97 7
1119 A 18 1 45 -3 127 -9
1119 A 18 1 47 -3 63 -3
1119 A 18 1 57 -4 63 -4
1119 A 18 1 77 -4 -119 8
1119 A 18 1 79 -4 83 -5
1119 A 18 1 77 -5 -113 8
1119 A 18 1 77 -6 87 -6
1119 A 25 0 -11 -2 1 -4
1119 A 25 0 13 -2 3 -4
1119 A 25 0 1 -3 -11 4
1119 A 25 0 2 -3 7 4
1119 A 25 0 -3 -3 12 -6
1119 A 25 0 6 -3 -6 -6
1119 A 25 0 -8 -3 -8 9
1119 A 25 0 11 -3 -1 9
1119 A 25 0 -2 -4 18 -12
1119 A 25 0 6 -4 -6 -12
1119 A 25 0 -3 -4 7 -4
1119 A 25 0 -4 -4 -16 8
1119 A 25 0 8 -4 8 8
1119 A 25 0 -8 -4 12 -4
1119 A 25 0 -1 -6 -14 12
1119 A 25 0 7 -6 2 12
1119 A 25 0 -2 -6 -2 -11
1119 A 25 0 8 -6 13 -11
1119 A 25 0 -8 -6 -8 7
1119 A 25 0 14 -6 1 7
1119 A 25 0 1 -7 4 12
1119 A 25 0 6 -7 -16 12
1119 A 25 0 -4 -9 9 -12
1119 A 25 0 13 -9 3 -12
1119 A 25 0 -3 -11 -13 12
1119 A 25 0 14 -11 1 12
1119 A -20 1 -21 -1 61 5
1119 A -20 1 -13 -2 57 4
1119 A -20 1 -27 -2 -77 -6
1119 A -20 1 -69 -5 109 9
1119 A 19 1 22 -1 -66 5
1119 A 19 1 15 -2 -61 4
1119 A 19 1 29 -2 83 -6
1119 A 19 1 74 -5 -118 9
1119 A -21 1 -30 -1 67 4
1119 A -21 1 -15 -2 -118 -9
1119 A -21 1 -17 -2 -93 -8
1119 A -21 1 -26 -3 -102 -9
1119 A -21 1 -40 -3 -123 -10
1119 A -21 1 -50 -3 -76 -7
1119 A -21 1 -65 -4 102 7
1119 A -21 1 -54 -5 129 10
1119 A -21 1 -83 -6 -85 -6
1119 A 20 1 31 -1 -71 4
1119 A 20 1 17 -2 127 -9
1119 A 20 1 19 -2 101 -8
1119 A 20 1 29 -3 111 -9
1119 A 20 1 43 -3 133 -10
1119 A 20 1 53 -3 83 -7
1119 A 20 1 69 -4 -109 7
1119 A 20 1 59 -5 -139 10
1119 A 20 1 89 -6 91 -6
1119 A 27 0 -1 -2 -15 10
1119 A 27 0 3 -2 5 10
1119 A 27 0 1 -4 -6 -10
1119 A 27 0 3 -4 16 -10
1119 A 27 0 -8 -7 6 8
1119 A 27 0 15 -7 -14 8
1119 A 27 0 -9 -7 -5 -13
1119 A 27 0 16 -7 18 -13
1119 A 27 0 -1 -8 9 -8
1119 A 27 0 -7 -8 6 13
1119 A 27 0 15 -8 -19 13
1119 A 27 0 4 -10 -12 11
1119 A 27 0 6 -10 1 11
1119 A 27 0 3 -10 1 -13
1119 A 27 0 7 -10 12 -13
1119 A 27 0 0 -11 -13 13
1119 A 27 0 11 -11 0 13
1119 A 27 0 6 -13 7 -13
1119 A -22 1 -25 -1 -89 -6
1119 A -22 1 -17 -2 29 2
1119 A -22 1 -31 -2 -101 -8
1119 A -22 1 -35 -3 -59 -6
1119 A -22 1 -37 -3 133 10
1119 A -22 1 -33 -4 -127 -9
1119 A -22 1 -55 -4 -99 -8
1119 A -22 1 -69 -5 -103 -7
1119 A -22 1 -105 -9 -113 -9
1119 A 21 1 26 -1 95 -6
1119 A 21 1 19 -2 -31 2
1119 A 21 1 33 -2 109 -8
1119 A 21 1 38 -3 65 -6
1119 A 21 1 40 -3 -143 10
1119 A 21 1 37 -4 136 -9
1119 A 21 1 59 -4 107 -8
1119 A 21 1 74 -5 110 -7
1119 A 21 1 114 -9 122 -9
1119 A 28 0 -1 -2 1 -10
1119 A 28 0 3 -2 9 -10
1119 A 28 0 -3 -2 -9 -2
1119 A 28 0 5 -2 11 -2
1119 A 28 0 -11 -2 -5 -10
1119 A 28 0 13 -2 15 -10
1119 A 28 0 3 -6 9 10
1119 A 28 0 1 -6 -1 -10
1119 A 28 0 5 -6 11 -10
1119 A 28 0 -5 -6 -11 6
1119 A 28 0 -9 -6 -3 -10
1119 A 28 0 15 -6 13 -10
1119 A -23 1 -9 -2 113 10
1119 A -23 1 -21 -2 -98 -9
1119 A -23 1 -31 -2 84 7
1119 A -23 1 -38 -3 76 5
1119 A -23 1 -54 -5 -109 -8
1119 A 22 1 11 -2 -123 10
1119 A 22 1 23 -2 107 -9
1119 A 22 1 33 -2 -91 7
1119 A 22 1 41 -3 -81 5
1119 A 22 1 59 -5 117 -8
1119 A -24 1 -27 -1 -93 -7
1119 A -24 1 -29 -1 61 4
1119 A -24 1 -11 -2 -45 -4
1119 A -24 1 -33 -2 41 3
1119 A -24 1 -17 -3 -71 -6
1119 A -24 1 -29 -3 53 5
1119 A -24 1 -39 -4 -97 -7
1119 A -24 1 -59 -4 -125 -10
1119 A -24 1 -59 -5 83 7
1119 A -24 1 -57 -6 -111 -9
1119 A -24 1 -91 -7 123 10
1119 A -24 1 -75 -8 -109 -10
1119 A -24 1 -103 -8 -121 -10
1119 A 23 1 28 -1 100 -7
1119 A 23 1 30 -1 -65 4
1119 A 23 1 13 -2 49 -4
1119 A 23 1 35 -2 -44 3
1119 A 23 1 20 -3 77 -6
1119 A 23 1 32 -3 -58 5
1119 A 23 1 43 -4 104 -7
1119 A 23 1 63 -4 135 -10
1119 A 23 1 64 -5 -90 7
1119 A 23 1 63 -6 120 -9
1119 A 23 1 98 -7 -133 10
1119 A 23 1 83 -8 119 -10
1119 A 23 1 111 -8 131 -10
1119 A 29 0 -1 -2 -4 -7
1119 A 29 0 3 -2 11 -7
1119 A 29 0 -8 -2 -7 13
1119 A 29 0 10 -2 -6 13
1119 A 29 0 -9 -2 11 -2
1119 A 29 0 -12 -2 6 -5
1119 A 29 0 14 -2 -1 -5
1119 A 29 0 -10 -3 -12 5
1119 A 29 0 13 -3 7 5
1119 A 29 0 2 -4 6 -12
1119 A 29 0 1 -6 -2 14
1119 A 29 0 5 -6 -12 14
1119 A 29 0 0 -6 14 -14
1119 A 29 0 6 -6 0 -14
1119 A 29 0 -1 -6 -13 7
1119 A 29 0 7 -6 6 7
1119 A 29 0 -7 -7 1 14
1119 A 29 0 14 -7 -15 14
1119 A 29 0 -9 -7 8 11
1119 A 29 0 16 -7 -19 11
1119 A 29 0 -10 -7 -17 7
1119 A 29 0 18 -7 20 -11
1119 A 29 0 5 -11 5 -14
1119 A 29 0 6 -11 9 -14
1119 A 29 0 -5 -11 16 -11
1119 A 29 0 -5 -12 -16 13
1119 A 29 0 17 -12 3 13
1119 A 29 0 4 -14 10 -14
1119 A 29 0 1 -14 -13 14
1119 A -25 1 -11 -2 26 3
1119 A -25 1 -41 -4 56 5
1119 A -25 1 -58 -5 102 9
1119 A 24 1 13 -2 -29 3
1119 A 24 1 45 -4 -61 5
1119 A 24 1 63 -5 -111 9
1119 A 30 0 -9 -2 -1 -8
1119 A 30 0 11 -2 9 -8
1119 A 30 0 1 -4 9 8
1119 A 30 0 3 -4 -17 8
1119 A -26 1 -7 -2 -97 -9
1119 A -26 1 -27 -2 77 7
1119 A -26 1 -45 -4 -51 -5
1119 A -26 1 -49 -5 57 7
1119 A 25 1 9 -2 106 -9
1119 A 25 1 29 -2 -84 7
1119 A 25 1 49 -4 56 -5
1119 A 25 1 54 -5 -64 7
1119 A 31 0 1 -2 21 -11
1119 A 31 0 -1 -2 -4 13
1119 A 31 0 3 -2 -9 13
1119 A 31 0 -9 -2 -2 6
1119 A 31 0 11 -2 -4 6
1119 A 31 0 -11 -2 10 8
1119 A 31 0 13 -2 -18 8
1119 A 31 0 -14 -2 -7 -3
1119 A 31 0 16 -2 10 -3
1119 A 31 0 -2 -3 -3 8
1119 A 31 0 5 -3 -5 8
1119 A 31 0 -3 -3 14 -7
1119 A 31 0 6 -3 -7 -7
1119 A 31 0 -10 -4 14 -4
1119 A 31 0 1 -5 12 -15
1119 A 31 0 4 -5 3 -15
1119 A 31 0 0 -5 -6 6
1119 A 31 0 5 -5 0 6
1119 A 31 0 18 -5 -4 8
1119 A 31 0 -1 -6 -2 15
1119 A 31 0 7 -6 -13 15
1119 A 31 0 -6 -7 -6 8
1119 A 31 0 13 -7 -2 8
1119 A 31 0 22 -13 8 15
1119 A -27 1 -15 -2 -50 -5
1119 A -27 1 -17 -2 29 2
1119 A -27 1 -39 -4 -32 -5
1119 A -27 1 -54 -5 -77 -6
1119 A -27 1 -77 -8 105 12
1119 A -27 1 -97 -8 114 11
1119 A -27 1 -102 -11 -124 -13
1119 A -27 1 -104 -11 -107 -12
1119 A 26 1 17 -2 55 -5
1119 A 26 1 19 -2 -31 2
1119 A 26 1 43 -4 37 -5
1119 A 26 1 59 -5 83 -6
1119 A 26 1 85 -8 -117 12
1119 A 26 1 105 -8 -125 11
1119 A 26 1 113 -11 137 -13
1119 A 26 1 115 -11 119 -12
1119 A 32 0 -5 -2 -19 10
1119 A 32 0 7 -2 9 10
1119 A 32 0 -13 -2 5 10
1119 A 32 0 15 -2 -15 10
1119 A 32 0 -3 -6 -21 14
1119 A 32 0 9 -6 7 14
1119 A 32 0 -9 -6 -7 -10
1119 A 32 0 15 -6 17 -10
1119 A 32 0 -11 -6 3 14
1119 A 32 0 17 -6 -17 14
1119 A 32 0 -5 -14 -19 14
1119 A -28 1 -1 -2 85 8
1119 A -28 1 -17 -2 89 10
1119 A -28 1 -19 -2 -53 -6
1119 A -28 1 -29 -2 -55 -5
1119 A -28 1 -59 -6 -121 -11
1119 A -28 1 -55 -7 -113 -11
1119 A -28 1 -71 -9 -125 -11
1119 A 27 1 3 -2 -93 8
1119 A 27 1 19 -2 -99 10
1119 A 27 1 21 -2 59 -6
1119 A 27 1 31 -2 60 -5
1119 A 27 1 65 -6 132 -11
1119 A 27 1 62 -7 124 -11
1119 A 27 1 80 -9 136 -11
1119 A 33 0 -3 -8 11 -8
1119 A 33 0 -7 -8 -12 13
1119 A 33 0 15 -8 -1 13
1119 A -29 1 -21 -2 61 6
1119 A -29 1 -53 -6 -109 -12
1119 A 28 1 23 -2 -67 6
1119 A 28 1 59 -6 121 -12
1119 A -1 2 -37 1 92 0
1119 A -1 2 -41 0 -96 1
1119 A -1 2 -61 1 74 0
1119 A -1 2 -63 1 -184 1
1119 A -1 2 -64 1 -93 1
1119 A -1 2 -83 0 195 1
1119 A -1 2 -94 0 250 0
1119 A -1 2 -94 1 -183 1
1119 A -1 2 -95 0 -106 0
1119 A -1 2 -107 0 251 0
1119 A -1 2 -135 1 208 0
1119 A -3 2 -41 0 67 1
1119 A -3 2 -55 0 -245 0
1119 A 1 2 -41 0 68 -1
1119 A 1 2 -55 0 -245 0
1119 A -4 2 -125 0 185 0
1119 A -4 2 -127 0 151 0
1119 A -4 2 -137 0 -243 -2
1119 A -4 2 -193 -2 205 2
1119 A 2 2 -125 0 185 0
1119 A 2 2 -127 0 151 0
1119 A 2 2 -137 0 -245 2
1119 A 2 2 195 -2 -207 2
1119 A -5 2 -34 -1 -166 -2
1119 A -5 2 -57 0 -107 -1
1119 A -5 2 -54 -1 -226 -2
1119 A -5 2 -74 -1 -246 -1
1119 A -5 2 -168 -1 -218 -2
1119 A 3 2 35 -1 168 -2
1119 A 3 2 -57 0 -108 1
1119 A 3 2 55 -1 228 -2
1119 A 3 2 75 -1 247 -1
1119 A 3 2 169 -1 220 -2
1119 A -30 1 -11 -2 21 2
1119 A -30 1 -33 -2 117 13
1119 A -30 1 -59 -6 109 10
1119 A 29 1 13 -2 -23 2
1119 A 29 1 35 -2 -130 13
1119 A 29 1 65 -6 -119 10
1119 A -7 2 -36 -1 260 3
1119 A -7 2 -45 -1 124 2
1119 A -7 2 -62 -1 90 2
1119 A -7 2 -83 -1 -120 -1
1119 A -7 2 -92 -1 120 2
1119 A -7 2 -93 -1 -185 -1
1119 A -7 2 -108 -1 -170 -1
1119 A -7 2 -166 -2 220 2
1119 A 5 2 37 -1 -263 3
1119 A 5 2 46 -1 -126 2
1119 A 5 2 63 -1 -92 2
1119 A 5 2 84 -1 121 -1
1119 A 5 2 93 -1 -122 2
1119 A 5 2 94 -1 186 -1
1119 A 5 2 109 -1 171 -1
1119 A 5 2 168 -2 -222 2
1119 A -9 2 -75 -1 206 3
1119 A -9 2 -84 -1 118 2
1119 A 7 2 76 -1 -209 3
1119 A 7 2 85 -1 -120 2
1119 A -10 2 -41 0 151 2
1119 A -10 2 -69 -2 -261 -4
1119 A 8 2 -41 0 153 -2
1119 A 8 2 71 -2 265 -4
1119 A -31 1 -15 -4 -128 -13
1119 A -31 1 -44 -5 126 13
1119 A -31 1 -47 -6 85 12
1119 A 30 1 19 -4 141 -13
1119 A 30 1 49 -5 -139 13
1119 A 30 1 53 -6 -97 12
1119 A 35 0 -4 -4 9 13
1119 A 35 0 8 -4 -22 13
1119 A -12 2 -139 -2 247 4
1119 A 10 2 141 -2 -251 4
1119 A -13 2 -65 -1 93 2
1119 A -13 2 -72 -2 -91 -2
1119 A -13 2 -98 -1 126 2
1119 A -13 2 -186 -5 -237 -4
1119 A 11 2 66 -1 -95 2
1119 A 11 2 74 -2 93 -2
1119 A 11 2 99 -1 -128 2
1119 A 11 2 191 -5 241 -4
1119 A -32 1 -53 -6 -91 -9
1119 A 31 1 59 -6 100 -9
1119 A -14 2 -45 0 201 4
1119 A 12 2 -45 0 205 -4
1119 A -15 2 -59 -1 74 2
1119 A 13 2 60 -1 -76 2
1119 A -33 1 -55 -6 70 7
1119 A 32 1 61 -6 -77 7
1119 A -16 2 -39 -2 -233 -6
1119 A -16 2 -73 -2 -119 -4
1119 A 14 2 41 -2 239 -6
1119 A 14 2 75 -2 123 -4
1119 A 37 0 -16 -4 -2 -7
1119 A 37 0 20 -4 9 -7
1119 A 37 0 2 -5 3 -5
1119 A 37 0 1 -5 -11 -14
1119 A 37 0 4 -5 25 -14
1119 A -17 2 -108 -3 172 4
1119 A 15 2 111 -3 -176 4
1119 A -34 1 -17 -3 -71 -9
1119 A -34 1 -25 -4 39 5
1119 A -34 1 -27 -6 103 15
1119 A 33 1 20 -3 80 -9
1119 A 33 1 29 -4 -44 5
1119 A 33 1 33 -6 -118 15
1119 A -19 2 -78 -2 -100 -2
1119 A 17 2 80 -2 102 -2
1119 A -21 2 -151 -5 247 9
1119 A 19 2 156 -5 -256 9
1119 A -36 1 -45 -9 85 9
1119 A 35 1 54 -9 -94 9
1119 A -37 1 -26 -3 57 8
1119 A -37 1 -53 -6 -129 -16
1119 A 36 1 29 -3 -65 8
1119 A 36 1 59 -6 145 -16
1119 A 41 0 -6 -7 -5 9
1119 A 41 0 13 -7 -4 9
1119 A 41 0 -7 -7 14 -7
1119 A 41 0 -6 -17 23 -17
1119 A -27 2 -45 -1 174 7
1119 A 25 2 46 -1 -181 7
1119 A -40 1 -33 -7 -103 -18
1119 A 39 1 40 -7 121 -18
1119 A -43 1 -54 -7 -109 -14
1119 A 42 1 61 -7 123 -14
1119 A -46 1 -31 -8 -65 -16
1119 A 45 1 39 -8 81 -16
1119 A -49 1 -55 -8 111 16
1119 A 48 1 63 -8 -127 16
1119 A 67 0 -15 -15 30 -15
1119 A 73 0 -32 -8 40 -8
1119 A 91 0 -30 -30 60 -30
1119 S 0 1 4 0
1119 S -1 1 4 0
1119 S 0 1 5 0
1119 S 0 2 5 0
1119 S -1 1 5 0
1119 S -2 2 5 0
1119 S -2 1 6 0
1119 S 1 1 6 0
1119 S 0 1 7 0
1119 S 0 2 7 0
1119 S 0 3 7 0
1119 S -1 1 7 0
1119 S -2 2 7 0
1119 S -3 3 7 0
1119 S 0 1 8 0
1119 S 0 3 8 0
1119 S -1 1 8 0
1119 S -3 3 8 0
1119 S 0 1 10 0
1119 S 0 3 10 0
1119 S -1 1 10 0
1119 S -3 3 10 0
1119 S 4 1 10 0
1119 S 2 3 10 0
1119 S -5 1 10 0
1119 S -5 3 10 0
1119 S 2 1 11 0
1119 S 4 2 11 0
1119 S -5 3 11 0
1119 S -3 4 11 0
1119 S -1 5 11 0
1119 S -3 1 11 0
1119 S -6 2 11 0
1119 S 2 3 11 0
1119 S -1 4 11 0
1119 S -4 5 11 0
1119 S 4 1 12 0
1119 S -4 5 12 0
1119 S -5 1 12 0
1119 S -1 5 12 0
1119 S 2 1 13 0
1119 S 4 2 13 0
1119 S -7 3 13 0
1119 S -5 4 13 0
1119 S -3 5 13 0
1119 S -1 6 13 0
1119 S -3 1 13 0
1119 S -6 2 13 0
1119 S 4 3 13 0
1119 S 1 4 13 0
1119 S -2 5 13 0
1119 S -5 6 13 0
1119 S 0 1 14 0
1119 S 0 3 14 0
1119 S 0 5 14 0
1119 S -1 1 14 0
1119 S -3 3 14 0
1119 S -5 5 14 0
1119 S 6 1 14 0
1119 S 4 3 14 0
1119 S 2 5 14 0
1119 S -7 1 14 0
1119 S -7 3 14 0
1119 S -7 5 14 0
1119 S -5 1 15 0
1119 S 5 2 15 0
1119 S -5 4 15 0
1119 S -5 7 15 0
1119 S 4 1 15 0
1119 S -7 2 15 0
1119 S 1 4 15 0
1119 S -2 7 15 0
1119 S -8 1 16 0
1119 S -8 3 16 0
1119 S -8 5 16 0
1119 S -8 7 16 0
1119 S 7 1 16 0
1119 S 5 3 16 0
1119 S 3 5 16 0
1119 S 1 7 16 0
1119 T 1 3 1 0 0
1119 T 262 260 262 0 0
1119 T 256 258 256 1 0
1119 T 426 422 418 -1 0
1119 T 416 1451 1507 0 0
1119 T 1509 327 424 0 0
1119 T 327 1453 422 1 0
1119 T 530 526 522 -1 0
1119 T 520 1211 1275 0 0
1119 T 1277 245 528 0 0
1119 T 245 1213 526 1 0
1119 T 454 357 1355 0 0
1119 T 446 511 452 0 0
1119 T 1357 1659 444 0 0
1119 T 511 1661 357 0 0
1119 T 449 514 439 0 0
1119 T 441 1601 1407 0 0
1119 T 1409 360 447 0 0
1119 T 360 1599 514 0 0
1119 T 352 356 360 0 0
1119 T 1601 1662 354 1 0
1119 T 1509 323 1683 0 0
1119 T 1685 375 424 0 0
1119 T 375 325 329 0 0
1119 T 421 374 1727 0 0
1119 T 1729 322 1452 0 0
1119 T 328 320 374 -1 0
1119 T 2090 249 2248 0 0
1119 T 2250 255 2183 0 0
1119 T 2185 251 2088 0 0
1119 T 251 257 249 0 0
1119 T 18 739 947 -1 0
1119 T 949 61 740 0 0
1119 T 18 871 796 0 0
1119 T 798 48 872 0 0
1119 T 974 43 891 0 0
1119 T 817 58 968 0 0
1119 T 422 482 428 0 0
1119 T 430 1267 1728 0 0
1119 T 371 1269 482 0 0
1119 T 378 485 1333 0 0
1119 T 1331 429 1686 0 0
1119 T 423 427 485 0 0
1119 T 446 1598 1880 0 0
1119 T 1882 559 452 0 0
1119 T 559 1596 513 0 0
1119 T 449 558 1800 0 0
1119 T 1802 1656 439 0 0
1119 T 512 1658 558 -1 0
1119 T 1140 1132 1136 0 0
1119 T 1138 8 867 0 0
1119 T 869 946 1142 0 0
1119 T 946 7 1132 0 0
1119 T 230 1199 787 0 0
1119 T 789 1122 1251 0 0
1119 T 1253 1128 228 0 0
1119 T 1128 1120 1199 0 0
1119 T 225 1125 1315 0 0
1119 T 734 1198 223 0 0
1119 T 1317 1115 732 0 0
1119 T 1198 1117 1125 0 0
1119 T 326 346 316 0 0
1119 T 318 1096 1687 0 0
1119 T 1689 2262 324 0 0
1119 T 2262 1098 346 0 0
1119 T 321 2196 1731 0 0
1119 T 313 339 319 0 0
1119 T 1733 1093 311 0 0
1119 T 339 1091 2196 0 0
1119 T 564 556 560 0 0
1119 T 1597 1658 566 -1 0
1119 T 246 233 241 -1 0
1119 T 239 1800 2332 0 0
1119 T 2334 2068 244 0 0
1119 T 2068 1802 233 0 0
1119 T 2074 237 1881 0 0
1119 T 1879 242 2285 0 0
1119 T 2283 244 2072 1 0
1119 T 244 240 237 -1 0
1119 T 9 1143 1328 0 0
1119 T 1330 1203 1263 0 0
1119 T 1265 1149 10 0 0
1119 T 1149 1205 1143 0 0
1119 T 1122 890 1420 0 0
1119 T 1114 1167 1120 0 0
1119 T 1422 249 1112 0 0
1119 T 1167 247 890 0 0
1119 T 1117 1174 1107 0 0
1119 T 1109 252 1368 0 0
1119 T 1370 964 1115 0 0
1119 T 964 254 1174 0 0
1119 T 893 1181 759 0 0
1119 T 705 1175 815 0 0
1119 T 739 1479 71 0 0
1119 T 5 1481 950 -1 1
1119 T 74 1537 798 0 0
1119 T 872 1535 5 0 0
1119 T 302 1075 2275 0 0
1119 T 298 337 300 0 0
1119 T 2326 1081 296 0 0
1119 T 2277 3 2324 0 0
1119 T 230 1154 1648 0 0
1119 T 1650 1144 787 0 0
1119 T 1201 1146 1154 0 0
1119 T 734 1149 1588 0 0
1119 T 1590 1155 223 0 0
1119 T 1155 1147 1196 0 0
1119 T 1006 226 1848 0 0
1119 T 1850 216 1767 1 0
1119 T 1769 228 1004 0 0
1119 T 228 216 226 0 0
1119 T 873 618 1586 0 0
1119 T 1584 1527 18 0 0
1119 T 1527 616 796 0 0
1119 T 18 1473 1646 -1 0
1119 T 1644 671 947 0 0
1119 T 741 673 1473 0 0
1119 T 14 1479 740 0 0
1119 T 16 795 1535 0 0
1119 T 278 475 1295 0 0
1119 T 1297 445 1455 0 0
1119 T 1457 435 276 0 0
1119 T 435 443 475 0 0
1119 T 273 434 1511 0 0
1119 T 1234 474 271 0 0
1119 T 1513 440 1232 0 0
1119 T 474 442 434 0 0
1119 T 278 1249 1048 0 0
1119 T 1050 1033 1041 0 0
1119 T 1039 1515 276 0 0
1119 T 1515 1031 1249 0 0
1119 T 273 1461 1039 0 0
1119 T 1045 1311 271 0 0
1119 T 1041 1036 1043 0 0
1119 T 1311 1038 1461 0 0
1119 T 270 862 1036 0 0
1119 T 1038 1099 1028 -1 0
1119 T 1030 1674 268 0 0
1119 T 1674 1101 862 0 0
1119 T 265 1612 1023 0 0
1119 T 1033 935 263 0 0
1119 T 1025 1102 1031 0 0
1119 T 935 1100 1612 0 0
1119 T 462 1907 1104 0 0
1119 T 458 505 460 0 0
1119 T 1106 1830 456 0 0
1119 T 505 1828 1907 0 0
1119 T 671 388 1245 0 0
1119 T 1243 931 741 0 0
1119 T 1473 933 388 0 0
1119 T 796 858 1309 0 0
1119 T 1307 385 618 0 0
1119 T 385 856 1527 0 0
1119 T 1002 438 1719 0 0
1119 T 1721 444 2139 0 0
1119 T 2141 478 1000 0 0
1119 T 997 471 2203 0 0
1119 T 1678 431 995 0 0
1119 T 2205 441 1676 0 0
1119 T 1098 1134 1088 0 0
1119 T 1090 944 1744 0 0
1119 T 1746 7 1096 0 0
1119 T 1093 7 1700 0 0
1119 T 1085 1135 1091 0 0
1119 T 1702 870 1083 0 0
1119 T 1102 557 1815 0 0
1119 T 1612 357 557 0 0
1119 T 1897 560 1099 0 0
1119 T 560 360 1674 0 0
1119 T 334 1487 1060 -1 0
1119 T 1066 1546 332 0 0
1119 T 1062 1191 1064 0 0
1119 T 1546 1193 1487 0 0
1119 T 2018 341 2228 0 0
1119 T 2230 335 2163 0 0
1119 T 2165 343 2016 0 0
1119 T 343 337 341 0 0
1119 T 982 1079 972 0 0
1119 T 970 1077 976 0 0
1119 T 761 1009 647 0 0
1119 T 593 1007 703 0 0
1119 T 310 1488 2480 0 0
1119 T 302 331 308 0 0
1119 T 2482 1061 300 0 0
1119 T 305 334 295 0 0
1119 T 297 1064 2400 0 0
1119 T 2402 1546 303 0 0
1119 T 318 1050 1287 0 0
1119 T 1289 1056 1687 0 0
1119 T 1098 1058 1050 0 0
1119 T 1226 1043 311 0 0
1119 T 1733 1053 1224 0 0
1119 T 1043 1051 1091 0 0
1119 T 1334 367 2187 0 0
1119 T 2189 379 484 0 0
1119 T 379 369 377 0 0
1119 T 481 379 2251 0 0
1119 T 2253 366 1268 0 0
1119 T 372 364 379 0 0
1119 T 554 814 1707 0 0
1119 T 1709 380 2528 0 0
1119 T 2530 518 552 0 0
1119 T 518 382 814 0 0
1119 T 549 518 2448 0 0
1119 T 1753 756 547 0 0
1119 T 2450 380 1751 0 0
1119 T 756 382 518 0 0
1119 T 1261 480 552 0 0
1119 T 2530 490 1259 0 0
1119 T 480 488 516 0 0
1119 T 549 485 1323 0 0
1119 T 1325 491 2448 0 0
1119 T 516 493 485 0 0
1119 T 270 285 276 0 0
1119 T 1039 2412 268 0 0
1119 T 285 2414 1517 0 0
1119 T 273 280 263 0 0
1119 T 265 2494 1039 0 0
1119 T 1459 2492 280 0 0
1119 T 649 1013 591 0 0
1119 T 2189 811 492 0 0
1119 T 489 757 2251 0 0
1119 T 990 433 1499 0 0
1119 T 1501 397 2387 0 0
1119 T 2389 403 988 0 0
1119 T 403 395 433 0 0
1119 T 985 402 2467 0 0
1119 T 1446 436 983 0 0
1119 T 2469 392 1444 0 0
1119 T 436 394 402 0 0
1119 T 2002 1916 448 0 0
1119 T 1410 876 2000 0 0
1119 T 2006 364 2291 0 0
1119 T 929 636 2004 0 0
1119 T 636 487 364 0 0
1119 T 1356 2003 952 0 0
1119 T 1836 2005 453 0 0
1119 T 370 493 694 0 0
1119 T 2000 2340 368 0 0
1119 T 692 853 2002 0 0
1119 T 2066 363 2528 0 0
1119 T 1709 373 2064 0 0
1119 T 2061 376 1751 0 0
1119 T 2450 370 2059 0 0
1119 T 346 737 1088 0 0
1119 T 2262 1134 737 0 0
1119 T 1085 792 339 0 0
1119 T 792 1135 2196 0 0
1119 T 288 290 288 1 0
1119 T 1141 1139 1141 1 0
1119 T 1174 1189 1164 0 0
1119 T 1166 2255 252 0 0
1119 T 2255 1187 964 0 0
1119 T 249 2193 1159 0 0
1119 T 1161 1184 1167 0 0
1119 T 890 1186 2193 0 0
1119 T 1002 1128 1004 0 0
1119 T 1769 1251 1000 0 0
1119 T 1005 1125 995 0 0
1119 T 997 1317 1847 0 0
1119 T 1002 985 993 0 0
1119 T 991 1444 1719 0 0
1119 T 993 988 995 0 0
1119 T 1678 1501 991 0 0
1119 T 1277 2073 1391 0 0
1119 T 1342 2068 1212 0 0
1119 T 352 348 349 0 0
1119 T 347 1327 552 0 0
1119 T 550 1266 348 0 0
1119 T 462 1378 1112 0 0
1119 T 1114 1175 1104 0 0
1119 T 1909 1177 1378 0 0
1119 T 1109 1428 455 0 0
1119 T 1105 1182 1107 0 0
1119 T 1428 1180 1827 0 0
1119 T 30 1235 1399 -1 0
1119 T 1401 53 1236 0 0
1119 T 30 1347 1300 0 0
1119 T 1302 40 1348 0 0
1119 T 32 1257 1426 0 0
1119 T 1424 55 1258 0 0
1119 T 34 1374 1321 0 0
1119 T 1319 42 1373 0 0
1119 T 1898 565 1815 0 0
1119 T 671 1629 726 0 0
1119 T 724 2156 1245 0 0
1119 T 390 2158 1629 0 0
1119 T 779 1567 618 0 0
1119 T 1307 2222 781 0 0
1119 T 1567 2220 383 0 0
1119 T 2066 637 1259 0 0
1119 T 1325 692 2059 0 0
1119 T 416 408 412 0 0
1119 T 414 2015 2147 0 0
1119 T 2149 2214 418 -1 0
1119 T 2214 2017 408 0 0
1119 T 302 1067 659 0 0
1119 T 661 1163 2275 0 0
1119 T 1077 1165 1067 0 0
1119 T 606 1074 295 0 0
1119 T 2325 1162 604 0 0
1119 T 1074 1160 1080 0 0
1119 T 2141 1335 1004 0 0
1119 T 1335 478 1130 0 0
1119 T 1005 1273 2203 0 0
1119 T 1123 471 1273 0 0
1119 T 574 879 779 0 0
1119 T 1569 1531 572 0 0
1119 T 1531 616 879 0 0
1119 T 569 1477 1627 0 0
1119 T 726 957 567 0 0
1119 T 957 673 1477 0 0
1119 T 0 2616 2543 0 0
1119 T 2545 345 980 0 0
1119 T 978 339 2616 0 0
1119 T 15 858 2233 0 0
1119 T 2231 1307 1536 0 0
1119 T 1482 1245 2169 0 0
1119 T 2167 931 13 0 0
1119 T 470 2685 1112 0 0
1119 T 462 495 468 0 0
1119 T 495 1378 2685 0 0
1119 T 465 502 455 0 0
1119 T 1109 2611 463 0 0
1119 T 2611 1428 502 0 0
1119 T 326 2116 1559 0 0
1119 T 1561 2666 316 0 0
1119 T 344 2664 2116 0 0
1119 T 313 2592 1619 0 0
1119 T 1621 2113 319 0 0
1119 T 2113 2594 341 0 0
1119 T 270 1668 1956 0 0
1119 T 1958 2602 276 0 0
1119 T 2602 1670 283 0 0
1119 T 273 2672 1951 0 0
1119 T 1953 1610 263 0 0
1119 T 282 1608 2672 0 0
1119 T 242 924 540 0 0
1119 T 542 490 2652 0 0
1119 T 2654 2290 240 0 0
1119 T 239 447 1351 0 0
1119 T 239 1403 452 0 0
1119 T 242 543 847 0 0
1119 T 2338 2582 240 0 0
1119 T 2582 491 543 0 0
1119 T 2482 1157 659 0 0
1119 T 1069 1155 1059 0 0
1119 T 606 1152 2400 0 0
1119 T 1066 1154 1072 0 0
1119 T 234 809 440 0 0
1119 T 2067 1655 809 0 0
1119 T 2074 753 1595 0 0
1119 T 235 443 753 0 0
1119 T 92 2511 228 0 0
1119 T 226 2434 100 0 0
1119 T 2511 215 2434 0 0
1119 T 1265 1198 2311 0 0
1119 T 2313 1157 10 0 0
1119 T 10 1152 2359 0 0
1119 T 2361 1199 1327 0 0
1119 T 982 1087 988 0 0
1119 T 2389 768 980 0 0
1119 T 1087 770 405 0 0
1119 T 985 1086 975 0 0
1119 T 977 713 2467 0 0
1119 T 400 711 1086 0 0
1119 T 310 2237 2692 0 0
1119 T 2694 223 2480 0 0
1119 T 1490 225 2237 0 0
1119 T 2689 2171 303 0 0
1119 T 2402 230 2687 0 0
1119 T 2171 228 1544 0 0
1119 T 724 575 1465 0 0
1119 T 1463 915 1245 0 0
1119 T 2158 917 575 0 0
1119 T 1307 842 1521 0 0
1119 T 1519 575 781 0 0
1119 T 575 840 2220 0 0
1119 T 860 1045 2414 0 0
1119 T 2492 1048 937 0 0
1119 T 398 1579 2628 0 0
1119 T 394 218 396 0 0
1119 T 2630 1 2555 0 0
1119 T 2557 1642 392 0 0
1119 T 1958 1922 1295 0 0
1119 T 477 1920 2600 0 0
1119 T 1234 1840 1951 0 0
1119 T 2674 1842 472 0 0
1119 T 713 1699 2320 0 0
1119 T 2274 1745 768 0 0
1119 T 1974 237 1455 0 0
1119 T 1297 751 1972 0 0
1119 T 1969 809 1232 0 0
1119 T 1513 232 1967 0 0
1119 T 411 1280 2012 0 0
1119 T 2014 1549 927 0 0
1119 T 2270 1547 1280 0 0
1119 T 2007 852 1493 0 0
1119 T 1215 408 2009 0 0
1119 T 1491 2318 1217 0 0
1119 T 1890 5 1243 0 0
1119 T 2169 947 1888 0 0
1119 T 1309 5 1808 0 -1
1119 T 1810 873 2231 0 0
1119 T 800 1529 2505 0 0
1119 T 1804 856 802 0 0
1119 T 2503 383 1806 0 0
1119 T 743 933 1886 0 0
1119 T 1884 390 2425 0 0
1119 T 2423 1471 745 0 0
1119 T 470 508 476 0 0
1119 T 1130 2785 468 0 0
1119 T 508 2783 1335 0 0
1119 T 1123 463 2821 0 0
1119 T 2819 510 1273 0 0
1119 T 473 508 463 0 0
1119 T 470 643 1120 0 0
1119 T 2683 1167 643 0 0
1119 T 1117 702 463 0 0
1119 T 702 1174 2613 0 0
1119 T 2545 738 988 0 0
1119 T 985 791 2615 0 0
1119 T 1182 2451 252 0 0
1119 T 250 2534 1176 0 0
1119 T 2451 1 2534 0 0
1119 T 1393 658 2387 0 0
1119 T 1501 1983 1391 0 0
1119 T 1983 397 658 0 0
1119 T 1342 1990 1444 0 0
1119 T 2469 599 1340 0 0
1119 T 599 392 1990 0 0
1119 T 226 1657 2052 0 0
1119 T 2054 941 100 0 0
1119 T 2432 939 1657 0 0
1119 T 2055 92 865 0 0
1119 T 863 2512 1595 0 0
1119 T 1597 229 2057 0 0
1119 T 286 641 468 0 0
1119 T 462 1911 284 0 0
1119 T 1911 495 641 0 0
1119 T 281 1833 455 0 0
1119 T 465 696 279 0 0
1119 T 696 502 1833 0 0
1119 T 1906 1486 2186 0 0
1119 T 2184 2079 875 0 0
1119 T 2079 1484 21 0 0
1119 T 953 2086 2250 0 0
1119 T 2248 1540 1824 0 0
1119 T 21 1542 2086 0 0
1119 T 546 1170 919 0 0
1119 T 921 1160 2575 0 0
1119 T 2577 1183 544 0 0
1119 T 541 1190 2647 0 0
1119 T 846 1171 539 0 0
1119 T 2649 1165 844 0 0
1119 T 1324 601 2557 0 0
1119 T 1640 1988 1326 0 0
1119 T 1260 1985 1582 0 0
1119 T 2627 656 1262 0 0
1119 T 1225 2411 1864 0 0
1119 T 1786 2493 1288 0 0
1119 T 2694 1588 659 0 0
1119 T 2688 603 1647 0 0
1119 T 416 1219 1283 0 0
1119 T 1285 245 412 -1 0
1119 T 410 243 1219 -1 0
1119 T 1217 2741 819 0 0
1119 T 2741 1493 502 0 0
1119 T 898 2736 1280 0 0
1119 T 495 1547 2736 0 0
1119 T 1721 1930 1843 0 0
1119 T 1845 715 2139 0 0
1119 T 446 717 1930 0 0
1119 T 1766 1931 1676 0 0
1119 T 2205 774 1764 0 0
1119 T 1931 772 439 0 0
1119 T 645 1201 2783 0 0
1119 T 2821 1196 700 0 0
1119 T 701 541 1525 0 0
1119 T 1523 844 2614 0 0
1119 T 1467 544 644 0 0
1119 T 2684 921 1469 0 0
1119 T 278 2596 1056 0 0
1119 T 1247 1096 2596 0 0
1119 T 1053 2670 271 0 0
1119 T 2670 1093 1313 0 0
1119 T 683 2706 1561 0 0
1119 T 2664 1251 685 0 0
1119 T 1251 318 2706 0 0
1119 T 628 1317 2594 0 0
1119 T 1619 2699 630 0 0
1119 T 2699 311 1317 0 0
1119 T 1926 36 1843 0 0
1119 T 1765 49 1924 0 0
1119 T 2086 2082 2078 0 0
1119 T 2076 1483 1540 0 0
1119 T 326 1982 1395 0 0
1119 T 1397 1972 1559 0 0
1119 T 2118 1974 1982 0 0
1119 T 1346 1975 319 0 0
1119 T 1621 1969 1344 0 0
1119 T 1975 1967 2111 0 0
1119 T 2090 2102 2084 0 0
1119 T 247 951 2102 0 0
1119 T 2081 2103 2087 0 0
1119 T 2103 877 254 0 0
1119 T 2062 2109 2064 0 0
1119 T 1709 292 1752 0 0
1119 T 1650 1242 2166 0 0
1119 T 2164 2011 787 0 0
1119 T 2011 1240 1146 0 0
1119 T 734 2010 2230 0 0
1119 T 2228 1304 1588 0 0
1119 T 1147 1306 2010 0 0
1119 T 1609 2136 964 0 0
1119 T 2255 1384 1607 0 0
1119 T 2136 1386 1189 0 0
1119 T 890 2136 1667 0 0
1119 T 1669 1438 2193 0 0
1119 T 1184 1436 2136 0 0
1119 T 270 887 1948 0 0
1119 T 1950 2135 1956 0 0
1119 T 1953 2135 1943 0 0
1119 T 1945 965 263 0 0
1119 T 1422 2533 1104 0 0
1119 T 1105 2451 1368 0 0
1119 T 2014 2125 2016 0 0
1119 T 2125 790 345 0 0
1119 T 2017 2120 2007 0 0
1119 T 340 731 2120 0 0
1119 T 2601 2746 468 0 0
1119 T 639 2744 1667 0 0
1119 T 465 2747 2671 0 0
1119 T 1609 2749 698 0 0
1119 T 1407 1933 2489 0 0
1119 T 2487 772 1599 0 0
1119 T 1661 717 2409 0 0
1119 T 2407 1928 1357 0 0
1119 T 1942 1994 1932 0 0
1119 T 2490 251 1940 0 0
1119 T 251 1410 1994 0 0
1119 T 1937 250 2408 0 0
1119 T 1929 1995 1935 0 0
1119 T 1995 1356 250 0 0
1119 T 1921 2746 510 0 0
1119 T 1839 508 2749 0 0
1119 T 270 2462 1940 0 0
1119 T 1942 2131 1948 0 0
1119 T 889 2133 2462 0 0
1119 T 1945 2130 1935 0 0
1119 T 1937 2540 263 0 0
1119 T 2540 2128 963 0 0
1119 T 1257 2445 1705 0 0
1119 T 16 2443 1423 0 0
1119 T 1747 2523 1319 0 0
1119 T 1373 2525 14 0 0
1119 T 1235 2415 1703 0 0
1119 T 12 2417 1402 0 0
1119 T 1749 2497 1302 0 0
1119 T 1348 2495 12 0 0
1119 T 1642 220 1579 0 0
1119 T 1241 1654 931 0 0
1119 T 1886 2381 1239 -1 0
1119 T 1654 2379 743 0 0
1119 T 858 1592 1303 0 0
1119 T 1305 2380 1804 0 0
1119 T 802 2382 1592 0 0
1119 T 2539 630 1370 0 0
1119 T 1115 628 2129 0 0
1119 T 1420 683 2461 0 0
1119 T 2132 685 1122 0 0
1119 T 1281 2126 2147 0 0
1119 T 2213 2119 1216 0 0
1119 T 1385 2730 737 0 0
1119 T 2262 883 1383 0 0
1119 T 2730 885 1132 0 0
1119 T 792 2731 1435 0 0
1119 T 1437 961 2196 0 0
1119 T 1137 959 2731 0 0
1119 T 1982 2586 1455 0 0
1119 T 2118 237 2586 0 0
1119 T 1513 2656 1975 0 0
1119 T 2656 232 2111 0 0
1119 T 2022 1208 2240 -1 0
1119 T 2242 1205 2175 0 0
1119 T 2177 1207 2020 0 0
1119 T 1207 1203 1208 0 0
1119 T 1966 227 1295 0 0
1119 T 1958 2041 1964 0 0
1119 T 2041 1922 227 0 0
1119 T 1961 2036 1951 0 0
1119 T 1234 226 1959 0 0
1119 T 226 1840 2036 0 0
1119 T 2666 2132 787 0 0
1119 T 2126 2134 2116 0 0
1119 T 734 2129 2592 0 0
1119 T 2113 2127 2119 0 0
1119 T 1038 1812 2328 0 0
1119 T 2330 2039 1028 0 0
1119 T 1101 2041 1812 0 0
1119 T 1025 2038 2280 0 0
1119 T 2282 1894 1031 0 0
1119 T 1894 2036 1100 0 0
1119 T 781 1293 1565 0 0
1119 T 1563 2792 577 0 0
1119 T 2792 1291 1519 0 0
1119 T 577 2758 1625 0 0
1119 T 1623 1228 724 0 0
1119 T 1465 1230 2758 0 0
1119 T 581 2446 1236 0 0
1119 T 2418 1256 579 0 0
1119 T 585 1321 2495 0 0
1119 T 1302 2523 583 0 0
1119 T 2098 1210 1760 0 0
1119 T 1762 1717 3 1 0
1119 T 1717 1209 2092 0 0
1119 T 2006 2100 1996 0 0
1119 T 1993 2105 1999 0 0
1119 T 330 2833 1395 -1 0
1119 T 376 1982 2833 0 0
1119 T 1346 2863 327 0 0
1119 T 2863 1975 373 0 0
1119 T 1493 1150 2818 0 0
1119 T 2816 1305 854 0 0
1119 T 927 1239 2782 0 0
1119 T 2780 1143 1547 0 0
1119 T 1958 1190 2640 0 0
1119 T 1565 1028 1956 0 0
1119 T 2642 1022 1563 0 0
1119 T 1028 1020 1190 0 0
1119 T 1953 1025 1623 0 0
1119 T 1625 1015 2568 0 0
1119 T 2570 1183 1951 0 0
1119 T 1183 1017 1025 0 0
1119 T 1349 628 2571 0 0
1119 T 2573 2501 30 0 0
1119 T 2501 630 1300 0 0
1119 T 30 2419 2643 -1 0
1119 T 2645 685 1399 0 0
1119 T 1237 683 2419 0 0
1119 T 33 2561 2478 0 0
1119 T 2476 599 1322 0 0
1119 T 1371 601 2561 0 0
1119 T 1256 658 2398 0 0
1119 T 2396 2631 31 0 0
1119 T 2631 656 1425 0 0
1119 T 735 2724 793 0 0
1119 T 1395 2710 1345 0 0
1119 T 2866 291 2831 0 0
1119 T 1982 2881 276 0 0
1119 T 2881 2586 437 0 0
1119 T 273 2847 1975 0 0
1119 T 432 2656 2847 0 0
1119 T 2818 3 2779 0 0
1119 T 785 2596 2224 0 0
1119 T 2226 1058 2761 0 0
1119 T 2759 276 783 0 0
1119 T 730 273 2797 0 0
1119 T 2162 2670 728 0 0
1119 T 2795 1051 2160 0 0
1119 T 1894 2032 1811 0 0
1119 T 2040 2034 2038 0 0
1119 T 2030 2095 2020 0 0
1119 T 2177 1761 2028 0 0
1119 T 2025 1715 2239 0 0
1119 T 2021 2094 2023 1 0
1119 T 1565 2328 1964 0 0
1119 T 1961 2282 1623 0 0
1119 T 1978 2108 1980 0 0
1119 T 1368 2711 1421 0 0
1119 T 1493 2097 105 0 0
1119 T 109 2091 1548 0 0
1119 T 586 2199 1463 0 0
1119 T 917 2872 584 0 0
1119 T 2872 1243 2199 0 0
1119 T 581 2842 840 0 0
1119 T 1521 2265 579 0 0
1119 T 2265 1309 2842 0 0
1119 T 1385 1950 2642 0 0
1119 T 2640 911 737 0 0
1119 T 911 1948 2728 0 0
1119 T 792 838 2570 0 0
1119 T 2568 1943 1435 0 0
1119 T 2733 1945 838 0 0
1119 T 298 2507 2992 0 0
1119 T 2994 2430 300 0 0
1119 T 2430 2509 335 0 0
1119 T 1890 1666 2872 0 0
1119 T 2199 1664 6 0 0
1119 T 2842 1604 1808 0 0
1119 T 6 1606 2265 0 0
1119 T 3126 825 713 0 0
1119 T 1701 502 3124 0 0
1119 T 498 1746 3130 0 0
1119 T 3128 769 901 0 0
1119 T 1228 2371 1713 0 0
1119 T 1711 921 1465 0 0
1119 T 2758 919 2371 0 0
1119 T 1519 844 1757 0 0
1119 T 1755 2378 1293 0 0
1119 T 2378 846 2792 0 0
1119 T 302 2347 3008 0 0
1119 T 3010 2610 308 0 0
1119 T 2610 2349 333 0 0
1119 T 305 2680 3003 0 0
1119 T 3005 2301 295 0 0
1119 T 332 2299 2680 0 0
1119 T 832 2695 910 0 0
1119 T 2806 564 2767 0 0
1119 T 990 2715 2383 0 0
1119 T 2385 2209 993 0 0
1119 T 2209 2717 995 0 0
1119 T 993 2143 2463 0 0
1119 T 2465 2722 983 0 0
1119 T 1002 2720 2143 0 0
1119 T 3066 500 1524 0 0
1119 T 845 1428 3064 0 0
1119 T 3068 1467 496 0 0
1119 T 1375 921 3070 0 0
1119 T 2058 2071 2048 0 0
1119 T 2050 754 228 0 0
1119 T 225 808 2043 0 0
1119 T 2045 2070 2051 0 0
1119 T 288 2435 2516 0 0
1119 T 2518 505 2435 0 0
1119 T 505 503 505 1 0
1119 T 1484 3017 830 0 0
1119 T 3017 2184 303 0 0
1119 T 903 3020 1542 0 0
1119 T 310 2250 3020 0 0
1119 T 773 2263 2484 0 0
1119 T 1789 1606 771 0 0
1119 T 2486 5 1787 0 -1
1119 T 718 1664 1867 0 0
1119 T 1869 5 2404 0 0
1119 T 2406 2201 716 0 0
1119 T 769 3120 655 0 0
1119 T 3120 981 1394 0 0
1119 T 602 3117 712 0 0
1119 T 1339 976 3117 0 0
1119 T 2976 288 2925 0 0
1119 T 784 2219 2966 0 0
1119 T 2587 1570 786 0 0
1119 T 2964 386 2589 0 0
1119 T 727 1628 2661 0 0
1119 T 2659 387 2914 0 0
1119 T 2912 2157 729 0 0
1119 T 1516 839 1813 0 0
1119 T 1811 3132 1250 0 0
1119 T 3132 841 1034 0 0
1119 T 1312 3132 1893 0 0
1119 T 1891 918 1462 0 0
1119 T 1035 916 3132 0 0
1119 T 3062 1744 1467 0 0
1119 T 1469 7 2224 0 0
1119 T 2226 1098 3060 0 0
1119 T 3057 1091 2160 0 0
1119 T 1525 1702 3055 0 0
1119 T 2162 7 1523 0 0
1119 T 2327 916 1250 0 0
1119 T 1312 841 2281 0 0
1119 T 530 3087 2391 -1 0
1119 T 2393 2474 522 0 0
1119 T 524 2472 3087 0 0
1119 T 657 3154 599 0 0
1119 T 664 538 1505 0 0
1119 T 1503 1775 2299 0 0
1119 T 2301 3053 666 0 0
1119 T 3053 1777 538 0 0
1119 T 607 3048 2347 0 0
1119 T 1448 531 609 0 0
1119 T 2349 1857 1450 0 0
1119 T 531 1855 3048 0 0
1119 T 2234 2811 1304 0 0
1119 T 1593 2813 16 0 0
1119 T 1242 2777 2168 0 0
1119 T 14 2775 1651 0 0
1119 T 1248 3061 786 0 0
1119 T 727 3056 1314 0 0
1119 T 2573 1191 2644 0 0
1119 T 2422 1193 2499 0 0
1119 T 1539 800 1829 0 0
1119 T 1908 746 1486 0 0
1119 T 19 2875 2919 0 0
1119 T 2974 2846 20 0 0
1119 T 2921 352 2972 0 0
1119 T 2846 354 2875 0 0
1119 T 942 743 2435 0 0
1119 T 865 2078 940 0 0
1119 T 2518 801 863 0 0
1119 T 2242 549 2876 0 0
1119 T 2845 551 2175 0 0
1119 T 538 2959 2143 0 0
1119 T 1773 237 536 0 0
1119 T 2145 3202 1771 0 0
1119 T 237 3200 2959 0 0
1119 T 533 232 1851 0 0
1119 T 1853 3195 2207 0 0
1119 T 2209 2909 531 0 0
1119 T 2909 3197 232 0 0
1119 T 3191 1840 1919 0 0
1119 T 1732 3032 960 0 0
1119 T 3032 320 1438 0 0
1119 T 886 3037 1690 0 0
1119 T 1384 325 3037 0 0
1119 T 2030 2442 2244 0 0
1119 T 2246 2719 2020 0 0
1119 T 2097 2721 2442 0 0
1119 T 2021 2718 2180 1 0
1119 T 2182 2520 2023 0 0
1119 T 2520 2716 2092 0 0
1119 T 3090 1059 2500 0 0
1119 T 2421 1065 3088 0 0
1119 T 982 3111 2547 0 0
1119 T 2549 2356 972 0 0
1119 T 1081 2358 3111 0 0
1119 T 969 2310 2619 0 0
1119 T 2621 3110 975 0 0
1119 T 3110 2308 1076 0 0
1119 T 587 955 1664 0 0
1119 T 1666 673 3309 0 0
1119 T 3307 1475 589 0 0
1119 T 588 1533 3365 0 0
1119 T 1606 881 590 0 0
1119 T 3363 616 1604 0 0
1119 T 1966 2047 1972 0 0
1119 T 1969 2046 1959 0 0
1119 T 1277 1821 2547 0 0
1119 T 2549 3156 1391 0 0
1119 T 2071 3158 1821 0 0
1119 T 1342 3156 2619 0 0
1119 T 2621 1899 1212 0 0
1119 T 1899 3158 2070 0 0
1119 T 897 1477 2391 0 0
1119 T 2393 3096 1279 0 0
1119 T 2737 3098 1477 0 0
1119 T 1218 3093 2471 0 0
1119 T 2473 1531 820 0 0
1119 T 1531 3091 2740 0 0
1119 T 2654 3168 232 0 0
1119 T 3168 2290 245 0 0
1119 T 3174 245 2337 0 0
1119 T 2579 236 3172 0 0
1119 T 1888 3286 673 0 0
1119 T 3286 2167 1644 0 0
1119 T 616 3279 1810 0 0
1119 T 1586 2233 3279 0 0
1119 T 2712 2714 2712 0 0
1119 T 575 3304 2328 0 0
1119 T 2158 1247 3304 0 0
1119 T 2282 3362 575 0 0
1119 T 3362 1313 2220 0 0
1119 T 527 3347 2419 0 0
1119 T 3082 1282 529 0 0
1119 T 2421 1552 3080 0 0
1119 T 1282 1554 3347 0 0
1119 T 3083 526 1217 0 0
1119 T 1215 3291 1498 0 0
1119 T 1496 2501 3085 0 0
1119 T 2501 3293 526 0 0
1119 T 0 2464 2383 0 0
1119 T 2717 2721 2723 1 0
1119 T 2994 2063 2395 0 0
1119 T 2397 2969 300 0 0
1119 T 2969 2065 2428 0 0
1119 T 297 2915 2475 0 0
1119 T 2477 2062 2991 0 0
1119 T 2510 2060 2915 0 0
1119 T 1691 663 2918 0 0
1119 T 2476 2996 1693 0 0
1119 T 2996 296 663 0 0
1119 T 1735 3001 2398 0 0
1119 T 2968 610 1737 0 0
1119 T 610 301 3001 0 0
1119 T 760 2824 1806 0 0
1119 T 2503 3345 762 0 0
1119 T 3345 383 2824 0 0
1119 T 703 3287 2425 0 0
1119 T 1884 2858 705 0 0
1119 T 2858 390 3287 0 0
1119 T 2996 2559 1876 0 0
1119 T 1878 3241 663 0 0
1119 T 298 3239 2559 0 0
1119 T 610 3219 1796 0 0
1119 T 1798 2633 3001 0 0
1119 T 2633 3221 299 0 0
1119 T 2802 2297 390 0 0
1119 T 2913 2044 2800 0 0
1119 T 2297 2046 2660 0 0
1119 T 383 2343 2764 0 0
1119 T 2766 2049 2963 0 0
1119 T 2590 2047 2343 0 0
1119 T 1426 1272 1900 0 0
1119 T 1902 3254 657 0 0
1119 T 3254 1274 2632 0 0
1119 T 600 3247 1820 0 0
1119 T 1822 1338 1372 0 0
1119 T 2562 1336 3247 0 0
1119 T 1399 1226 1861 0 0
1119 T 1859 3263 683 0 0
1119 T 3263 1224 2645 0 0
1119 T 630 3270 1781 0 0
1119 T 1779 1287 1349 0 0
1119 T 2571 1289 3270 0 0
1119 T 1287 3028 1459 0 0
1119 T 1785 282 3028 0 0
1119 T 1517 3025 1226 0 0
1119 T 3025 283 1863 0 0
1119 T 3251 768 2298 0 0
1119 T 2296 3119 1901 0 0
1119 T 1819 3118 2346 0 0
1119 T 2344 713 3250 0 0
1119 T 586 3329 919 0 0
1119 T 2201 1713 3329 0 0
1119 T 1758 2266 3384 0 0
1119 T 3386 582 845 0 0
1119 T 1228 1619 1498 0 0
1119 T 1496 3333 1713 0 0
1119 T 2373 3331 1619 0 0
1119 T 1552 1561 1293 0 0
1119 T 1755 3387 1554 0 0
1119 T 1561 3389 2376 0 0
1119 T 286 2189 3148 0 0
1119 T 3150 1332 679 0 0
1119 T 681 367 284 0 0
1119 T 281 366 624 0 0
1119 T 3145 2251 279 0 0
1119 T 626 1270 3143 0 0
1119 T 286 811 2771 0 0
1119 T 2773 494 3148 0 0
1119 T 3145 487 2807 0 0
1119 T 2809 757 279 0 0
1119 T 648 2888 87 0 0
1119 T 1874 3229 650 0 0
1119 T 3229 573 2888 0 0
1119 T 591 3207 1792 0 0
1119 T 96 2942 593 0 0
1119 T 2942 568 3207 0 0
1119 T 697 2938 93 0 0
1119 T 1875 3235 695 0 0
1119 T 3235 571 2938 0 0
1119 T 642 3217 1797 0 0
1119 T 102 2988 640 0 0
1119 T 2988 570 3217 0 0
1119 T 692 2905 1693 0 0
1119 T 1871 3231 694 0 0
1119 T 3231 27 2905 0 0
1119 T 635 3213 1793 0 0
1119 T 1735 2955 637 0 0
1119 T 2955 27 3213 0 0
1119 T 3213 1 3232 0 0
1119 T 2906 3 2955 0 0
1119 T 2393 1064 3348 0 0
1119 T 1551 1066 3098 0 0
1119 T 3294 1061 2471 0 0
1119 T 3091 1059 1497 0 0
1119 T 2246 2725 2179 0 0
1119 T 2510 3045 666 0 0
1119 T 3045 2060 1692 0 0
1119 T 607 3040 2428 0 0
1119 T 1738 2065 3040 0 0
1119 T 2904 3043 1326 0 0
1119 T 1260 3042 2958 0 0
1119 T 2518 2381 3223 0 0
1119 T 3225 1593 863 0 0
1119 T 941 1651 3243 0 0
1119 T 3245 2380 2436 0 0
1119 T 1711 2365 2406 0 0
1119 T 3329 718 2365 0 0
1119 T 2484 2368 1757 0 0
1119 T 2368 771 3383 0 0
1119 T 2710 2708 2710 -1 0
1119 T 291 293 291 -1 0
1119 T 2478 2110 2395 0 0
1119 T 3114 2054 2660 0 0
1119 T 2297 2069 3112 0 0
1119 T 3109 2072 2343 0 0
1119 T 2590 2055 3107 0 0
1119 T 222 1640 1579 0 0
1119 T 3224 289 3245 0 0
1119 T 1303 3539 1242 0 0
1119 T 3574 3381 10 0 0
1119 T 2313 1495 3572 0 0
1119 T 3381 1497 1155 0 0
1119 T 10 3323 3567 0 0
1119 T 3569 1553 2359 0 0
1119 T 1154 1551 3323 0 0
1119 T 1804 3539 1885 0 0
1119 T 905 625 3028 0 0
1119 T 3025 680 828 0 0
1119 T 2634 2743 3008 0 0
1119 T 2349 2745 3220 0 0
1119 T 3242 2748 2299 0 0
1119 T 3005 2750 2560 0 0
1119 T 913 3510 1563 0 0
1119 T 737 1022 3510 0 0
1119 T 1625 3503 836 0 0
1119 T 3503 1015 792 0 0
1119 T 1557 1386 3411 0 0
1119 T 133 3035 1555 0 0
1119 T 3413 325 134 0 0
1119 T 1438 1617 3457 0 0
1119 T 3455 130 322 0 0
1119 T 130 1615 3032 0 0
1119 T 913 3427 1940 0 0
1119 T 2490 3562 911 0 0
1119 T 3427 3560 253 0 0
1119 T 1937 3473 836 0 0
1119 T 838 3563 2408 0 0
1119 T 248 3565 3473 0 0
1119 T 3306 1966 2794 0 0
1119 T 2756 1959 3360 0 0
1119 T 2704 1291 3548 0 0
1119 T 3550 1554 683 0 0
1119 T 3545 1230 2701 0 0
1119 T 630 1496 3543 0 0
1119 T 1878 2747 3052 0 0
1119 T 3051 3235 1610 0 0
1119 T 3049 2746 1796 0 0
1119 T 1668 3217 3050 0 0
1119 T 2385 3526 1719 0 0
1119 T 1446 3524 2207 0 0
1119 T 1678 3519 2463 0 0
1119 T 2145 3521 1499 0 0
1119 T 1054 2645 138 0 0
1119 T 1058 1192 1052 0 0
1119 T 137 2572 1056 0 0
1119 T 2581 3164 1467 0 0
1119 T 644 3166 494 0 0
1119 T 1525 3161 2651 0 0
1119 T 487 3159 701 0 0
1119 T 3098 3325 1072 0 0
1119 T 1069 3379 3091 0 0
1119 T 825 3172 1219 0 0
1119 T 3167 902 1286 0 0
1119 T 2909 3325 1632 0 0
1119 T 631 3323 3195 0 0
1119 T 1574 3379 2959 0 0
1119 T 3202 3381 690 0 0
1119 T 1804 852 3439 0 0
1119 T 3486 930 1885 0 0
1119 T 3441 3 3484 0 0
1119 T 3502 1804 1008 0 0
1119 T 648 2824 3500 0 0
1119 T 1883 3498 1010 0 0
1119 T 3498 2857 594 0 0
1119 T 462 2521 3311 0 0
1119 T 3313 3551 284 0 0
1119 T 3551 2519 1913 0 0
1119 T 281 3558 3367 0 0
1119 T 3369 2439 455 0 0
1119 T 1831 2441 3558 0 0
1119 T 1336 2526 2982 0 0
1119 T 2980 14 1822 0 0
1119 T 1900 16 2930 0 0
1119 T 2928 2444 1274 0 0
1119 T 1289 2496 2948 0 0
1119 T 2950 12 1779 0 0
1119 T 1861 12 2896 0 0
1119 T 2898 2418 1224 0 0
1119 T 2728 3427 2133 0 0
1119 T 2128 3473 2733 0 0
1119 T 1569 3099 3236 0 0
1119 T 2937 3101 1533 0 0
1119 T 3218 3106 1627 0 0
1119 T 1475 3104 2987 0 0
1119 T 17 3320 3476 0 0
1119 T 3478 354 3431 0 0
1119 T 3433 3377 18 0 0
1119 T 3377 352 3320 0 0
1119 T 121 2710 125 0 0
1119 T 669 3571 2960 0 0
1119 T 2910 3570 612 0 0
1119 T 1053 132 2643 0 0
1119 T 2574 136 1055 0 0
1119 T 3262 3333 899 0 0
1119 T 901 1711 2151 0 0
1119 T 2153 1498 3260 0 0
1119 T 3257 1552 2215 0 0
1119 T 826 3387 3255 0 0
1119 T 2217 1757 824 0 0
1119 T 2889 1014 2940 0 0
1119 T 2899 1972 3387 0 0
1119 T 1968 2952 3334 0 0
1119 T 1742 3429 2835 0 0
1119 T 2837 3560 667 0 0
1119 T 614 3565 2867 0 0
1119 T 2869 3471 1696 0 0
1119 T 3550 3082 1237 0 0
1119 T 1300 3083 3543 0 0
1119 T 1284 1780 2605 0 0
1119 T 2676 1861 1222 0 0
1119 T 2603 2712 2678 0 0
1119 T 587 3450 2149 0 0
1119 T 2212 3403 589 0 0
1119 T 3403 416 3450 0 0
1119 T 885 1558 3277 0 0
1119 T 3272 1616 959 0 0
1119 T 2901 3065 2792 0 0
1119 T 3070 2953 2758 0 0
1119 T 1874 2001 3500 0 0
1119 T 2001 3229 2826 0 0
1119 T 3495 1792 2004 0 0
1119 T 929 3214 3497 0 0
1119 T 3499 3231 851 0 0
1119 T 2856 3207 2004 0 0
1119 T 1010 3439 3232 0 0
1119 T 3213 3486 1008 0 0
1119 T 1022 2984 268 0 0
1119 T 2984 1188 1672 0 0
1119 T 265 2934 1015 0 0
1119 T 1614 1185 2934 0 0
1119 T 1990 548 3415 0 0
1119 T 3417 486 1640 0 0
1119 T 1582 479 3459 0 0
1119 T 3461 553 1983 0 0
1119 T 3113 3156 3119 0 0
1119 T 3118 3156 3108 0 0
1119 T 1082 3649 2660 0 0
1119 T 2355 2054 3649 0 0
1119 T 2590 3683 1075 0 0
1119 T 3683 2055 2309 0 0
1119 T 321 146 3455 0 0
1119 T 3414 148 323 0 0
1119 T 3262 2802 767 0 0
1119 T 3331 3130 2802 0 0
1119 T 714 2764 3255 0 0
1119 T 2764 3123 3389 0 0
1119 T 530 3071 3444 0 0
1119 T 3446 3179 1279 0 0
1119 T 3081 3181 3071 0 0
1119 T 1218 3178 3400 0 0
1119 T 3402 3078 523 0 0
1119 T 3078 3176 3084 0 0
1119 T 3106 633 1072 0 0
1119 T 3098 3197 3104 0 0
1119 T 1069 688 3099 0 0
1119 T 3101 3200 3091 0 0
1119 T 3046 3151 3040 0 0
1119 T 2678 294 2603 0 0
1119 T 430 3226 3660 0 0
1119 T 3662 289 3623 0 0
1119 T 3625 3243 428 0 0
1119 T 2987 2735 3195 0 0
1119 T 3202 2742 2937 0 0
1119 T 2032 3468 3423 0 0
1119 T 3425 3136 228 0 0
1119 T 3136 3140 3193 0 0
1119 T 226 3142 3468 0 0
1119 T 2304 287 2353 0 0
1119 T 893 2456 2751 0 0
1119 T 2753 3737 759 0 0
1119 T 3737 2458 1179 0 0
1119 T 706 3732 2787 0 0
1119 T 2789 2538 816 0 0
1119 T 1178 2536 3732 0 0
1119 T 3142 3166 3148 0 0
1119 T 2773 646 3140 0 0
1119 T 3145 3159 3135 0 0
1119 T 3137 699 2807 0 0
1119 T 2585 3709 51 0 0
1119 T 1576 3707 2117 0 0
1119 T 37 3704 2655 0 0
1119 T 2112 3706 1638 0 0
1119 T 426 1717 3352 0 0
1119 T 420 3295 1762 0 0
1119 T 230 3742 3828 0 0
1119 T 3830 2086 2171 0 0
1119 T 1544 2084 3742 0 0
1119 T 2237 2079 3792 0 0
1119 T 3794 3743 223 0 0
1119 T 3743 2081 1490 0 0
1119 T 2151 3771 2406 0 0
1119 T 2363 3773 901 0 0
1119 T 2484 3809 2217 0 0
1119 T 824 3807 2370 0 0
1119 T 905 3518 1287 0 0
1119 T 1459 3516 623 0 0
1119 T 1226 3511 828 0 0
1119 T 682 3513 1517 0 0
1119 T 1368 1781 3629 0 0
1119 T 3664 1860 1421 0 0
1119 T 3627 418 3666 0 0
1119 T 2301 3763 2348 0 0
1119 T 2609 3765 2680 0 0
1119 T 3309 2874 3284 0 0
1119 T 3281 2840 3363 0 0
1119 T 586 3633 1289 0 0
1119 T 1320 2950 3633 0 0
1119 T 1224 3667 579 0 0
1119 T 3667 2896 1258 0 0
1119 T 1301 2980 3635 0 0
1119 T 3637 1338 584 0 0
1119 T 581 1272 3671 0 0
1119 T 3673 2930 1236 0 0
1119 T 1484 3719 2536 0 0
1119 T 2538 2217 830 0 0
1119 T 2217 3721 3015 0 0
1119 T 903 2151 2456 0 0
1119 T 2458 3726 1542 0 0
1119 T 3022 3724 2151 0 0
1119 T 749 3558 3834 0 0
1119 T 1364 279 747 0 0
1119 T 3832 3369 1366 0 0
1119 T 805 286 1418 0 0
1119 T 1416 3311 3798 0 0
1119 T 3796 3551 803 0 0
1119 T 398 2656 3700 0 0
1119 T 3702 2849 404 0 0
1119 T 401 2879 3695 0 0
1119 T 3697 2586 391 0 0
1119 T 1742 2131 3783 0 0
1119 T 3785 2730 2835 0 0
1119 T 2869 2731 3819 0 0
1119 T 3821 2130 1696 0 0
1119 T 15 2308 3372 0 0
1119 T 3374 1334 2812 0 0
1119 T 1594 1332 2308 0 0
1119 T 2778 1268 3316 0 0
1119 T 3318 2358 13 0 0
1119 T 2358 1270 1652 0 0
1119 T 3062 3128 3068 0 0
1119 T 3065 3125 3055 0 0
1119 T 25 3675 3783 0 0
1119 T 1578 2131 3675 0 0
1119 T 3821 3641 25 0 0
1119 T 3641 2130 1636 0 0
1119 T 2638 3493 3410 0 0
1119 T 3408 427 3916 0 0
1119 T 3918 1641 2636 0 0
1119 T 1641 429 3493 0 0
1119 T 2566 1579 3896 0 0
1119 T 3452 3488 2564 0 0
1119 T 3898 430 3454 0 0
1119 T 3488 428 1579 1 0
1119 T 1249 3878 2911 0 0
1119 T 3304 728 3878 0 0
1119 T 2965 3878 1311 0 0
1119 T 3878 785 3362 0 0
1119 T 3303 3056 2966 0 0
1119 T 2912 3061 3361 0 0
1119 T 1730 3575 1856 0 0
1119 T 1858 1617 1451 0 0
1119 T 1617 3577 319 0 0
1119 T 1510 1555 1776 0 0
1119 T 1778 3582 1684 0 0
1119 T 326 3580 1555 0 0
1119 T 3010 3006 3014 0 0
1119 T 257 2679 2608 0 0
1119 T 17 3782 3921 0 0
1119 T 3919 668 3476 0 0
1119 T 3322 670 3782 0 0
1119 T 3434 613 3901 0 0
1119 T 3899 3816 17 0 0
1119 T 3816 611 3376 0 0
1119 T 3629 2541 3268 0 0
1119 T 2461 3665 3265 0 0
1119 T 2753 3522 3344 0 0
1119 T 2504 3520 3735 0 0
1119 T 3290 3523 2787 0 0
1119 T 3734 3525 2426 0 0
1119 T 146 1435 3576 0 0
1119 T 147 3579 1383 0 0
1119 T 3494 3415 424 0 0
1119 T 421 3461 3487 0 0
1119 T 347 2359 3435 0 0
1119 T 3437 1199 552 0 0
1119 T 549 1198 3479 0 0
1119 T 3481 2313 347 0 0
1119 T 863 3884 2307 0 0
1119 T 3225 1331 3884 0 0
1119 T 2357 3881 941 0 0
1119 T 3881 1269 3243 0 0
1119 T 6 3393 2854 0 -1
1119 T 2883 3336 5 0 0
1119 T 2852 505 2885 0 0
1119 T 3336 503 3393 0 0
1119 T 1858 1669 3908 0 0
1119 T 3910 3218 532 0 0
1119 T 3238 3890 537 0 0
1119 T 3890 1607 1776 0 0
1119 T 426 2241 3595 0 0
1119 T 3597 2023 3352 0 0
1119 T 3298 2030 3611 0 0
1119 T 3613 2175 419 0 0
1119 T 222 3419 3464 0 0
1119 T 3466 216 3419 0 0
1119 T 1934 3532 775 0 0
1119 T 777 721 262 1 0
1119 T 721 3538 1928 0 0
1119 T 3530 3536 3532 0 0
1119 T 763 3344 4006 0 0
1119 T 3643 2825 765 0 0
1119 T 4004 384 3645 0 0
1119 T 708 2855 3681 0 0
1119 T 3679 389 3954 0 0
1119 T 3952 3290 710 0 0
1119 T 765 2851 2551 0 0
1119 T 2553 6 2944 0 0
1119 T 2946 3394 763 0 0
1119 T 710 3336 2892 0 0
1119 T 2625 2885 708 0 0
1119 T 2894 6 2623 -1 1
1119 T 1293 3590 3299 0 0
1119 T 3301 3558 2704 0 0
1119 T 3558 3588 3548 0 0
1119 T 2701 3551 3355 0 0
1119 T 3357 3583 1228 0 0
1119 T 3545 3585 3551 0 0
1119 T 1966 2965 4064 0 0
1119 T 4066 2764 1972 0 0
1119 T 1969 2802 4059 0 0
1119 T 4061 2911 1959 0 0
1119 T 2145 3738 3804 0 0
1119 T 3806 2505 1499 0 0
1119 T 1446 2423 3768 0 0
1119 T 3770 3731 2207 0 0
1119 T 1681 290 1724 0 0
1119 T 3522 3526 3528 -1 0
1119 T 1477 3450 3937 0 0
1119 T 3935 2147 3307 0 0
1119 T 3365 2213 3989 0 0
1119 T 3987 3404 1531 0 0
1119 T 3710 2124 3676 0 0
1119 T 3642 2121 3703 0 0
1119 T 3857 1435 1855 0 0
1119 T 1777 1385 3860 0 0
1119 T 90 3531 4004 0 0
1119 T 3645 3533 78 0 0
1119 T 3954 3538 97 0 0
1119 T 75 3536 3679 0 0
1119 T 4070 1138 2868 0 0
1119 T 2870 1142 2835 0 0
1119 T 2837 1132 4068 0 0
1119 T 3078 3797 1299 0 0
1119 T 3544 3795 3178 0 0
1119 T 1238 3831 3071 0 0
1119 T 3179 3833 3549 0 0
1119 T 4118 1662 3431 0 0
1119 T 3478 1599 4116 0 0
1119 T 4094 4015 228 0 0
1119 T 3425 2179 4092 0 0
1119 T 4015 2181 3138 0 0
1119 T 225 3965 4087 0 0
1119 T 4089 2245 3467 0 0
1119 T 3139 2243 3965 0 0
1119 T 2794 3055 4064 0 0
1119 T 4061 3062 2756 0 0
1119 T 3854 3448 895 0 0
1119 T 897 4119 2551 0 0
1119 T 2553 1777 3852 0 0
1119 T 1777 4121 3448 0 0
1119 T 3849 1855 2623 0 0
1119 T 822 3406 3847 0 0
1119 T 2625 4126 820 0 0
1119 T 3406 4124 1855 0 0
1119 T 2090 3837 1487 0 0
1119 T 1546 3800 2088 0 0
1119 T 3800 1193 3837 0 0
1119 T 4066 3123 2899 0 0
1119 T 2953 3130 4059 0 0
1119 T 3590 3182 749 0 0
1119 T 803 3175 3583 0 0
1119 T 3301 4010 316 0 0
1119 T 4010 3558 1251 0 0
1119 T 313 3956 3355 0 0
1119 T 1317 3551 3956 0 0
1119 T 3012 3016 3020 0 0
1119 T 3785 885 4068 0 0
1119 T 4069 959 3819 0 0
1119 T 2634 507 3891 0 0
1119 T 3893 1920 3008 0 0
1119 T 3005 1842 3911 0 0
1119 T 3913 507 2560 0 0
1119 T 2100 3740 3802 0 0
1119 T 3836 3745 2105 0 0
1119 T 3874 1333 4012 0 0
1119 T 2246 3371 3872 0 0
1119 T 4014 2813 2244 0 0
1119 T 1269 3869 3962 0 0
1119 T 3960 2180 2777 0 0
1119 T 3315 2182 3869 0 0
1119 T 502 2936 4020 0 0
1119 T 4022 3199 1491 0 0
1119 T 1549 3198 3968 0 0
1119 T 3970 2990 495 0 0
1119 T 4046 269 4147 0 0
1119 T 3446 2983 4044 0 0
1119 T 4149 1019 3444 0 0
1119 T 4041 2933 3400 0 0
1119 T 3402 1018 4159 0 0
1119 T 4161 264 4039 0 0
1119 T 3178 3205 3180 0 0
1119 T 749 294 804 0 0
1119 T 661 3729 603 0 0
1119 T 11 3619 2603 0 0
1119 T 2678 3606 12 0 0
1119 T 3606 294 3619 0 0
1119 T 2845 1985 4165 0 0
1119 T 4163 3459 2175 0 0
1119 T 2241 3417 4153 0 0
1119 T 4151 1988 2875 0 0
1119 T 3781 3724 2960 0 0
1119 T 3573 3726 3321 0 0
1119 T 2910 3721 3815 0 0
1119 T 3375 3719 3568 0 0
1119 T 776 267 1432 0 0
1119 T 1434 2461 3971 0 0
1119 T 3973 1941 778 0 0
1119 T 719 1936 4023 0 0
1119 T 1382 266 721 0 0
1119 T 4025 2539 1380 0 0
1119 T 3822 3205 3783 0 0
1119 T 3677 3203 3640 0 0
1119 T 3454 2695 3407 0 0
1119 T 3915 2697 3898 0 0
1119 T 962 3205 883 0 0
1119 T 1002 2439 3980 0 0
1119 T 3982 2096 2143 0 0
1119 T 2209 2093 3928 0 0
1119 T 3930 2521 995 0 0
1119 T 1428 3717 802 0 0
1119 T 3717 1180 1539 0 0
1119 T 743 3712 1378 0 0
1119 T 1485 1177 3712 0 0
1119 T 3807 2828 1787 0 0
1119 T 2828 2215 6 0 0
1119 T 1869 2862 3773 0 0
1119 T 6 2153 2862 1 -1
1119 T 707 520 765 0 0
1119 T 2853 3763 2884 0 0
1119 T 2950 3620 1283 0 0
1119 T 2980 3609 1278 0 0
1119 T 3609 14 2548 0 0
1119 T 1222 3606 2896 0 0
1119 T 1211 3591 2930 0 0
1119 T 2622 16 3591 0 0
1119 T 2391 3852 3937 0 0
1119 T 3987 3849 2473 0 0
1119 T 3258 2361 4191 0 0
1119 T 4193 3567 2216 0 0
1119 T 3259 4207 2313 0 0
1119 T 2154 3574 4207 0 0
1119 T 1813 3903 2839 0 0
1119 T 582 3905 1516 0 0
1119 T 2873 3925 1891 0 0
1119 T 1462 3923 583 0 0
1119 T 652 3227 4168 0 0
1119 T 3948 2890 654 0 0
1119 T 4170 573 3950 0 0
1119 T 595 2940 4002 0 0
1119 T 4000 568 4156 0 0
1119 T 4158 3209 597 0 0
1119 T 4166 19 4195 0 0
1119 T 4197 2972 1984 0 0
1119 T 2919 4214 1990 0 0
1119 T 4214 20 4151 0 0
1119 T 1992 3532 3974 0 0
1119 T 4024 3537 1997 0 0
1119 T 725 4081 4000 0 0
1119 T 4156 4079 956 0 0
1119 T 4084 4168 882 0 0
1119 T 780 3948 4086 0 0
1119 T 2145 2457 4187 0 0
1119 T 4189 1182 3804 0 0
1119 T 3770 1175 4203 0 0
1119 T 4205 2535 2207 0 0
1119 T 3022 3319 4208 0 0
1119 T 4194 3377 3015 0 0
1119 T 2837 4112 3920 0 0
1119 T 3475 4114 3562 0 0
1119 T 3902 4112 2867 0 0
1119 T 3563 4114 3433 0 0
1119 T 832 2564 3421 0 0
1119 T 3464 2637 910 0 0
1119 T 3763 3765 3763 0 0
1119 T 2106 959 3752 0 0
1119 T 3754 3757 3744 0 0
1119 T 3835 3755 959 0 0
1119 T 3749 885 2099 0 0
1119 T 3741 3760 3747 0 0
1119 T 885 3762 3801 0 0
1119 T 538 3780 4244 0 0
1119 T 4246 3723 2143 0 0
1119 T 4241 3818 531 0 0
1119 T 2209 3722 4239 0 0
1119 T 4230 2106 3228 0 0
1119 T 2825 1992 4228 0 0
1119 T 4225 1997 2855 0 0
1119 T 3210 2099 4223 0 0
1119 T 230 4340 4300 0 0
1119 T 4302 958 3828 0 0
1119 T 3740 956 4340 0 0
1119 T 4297 4374 223 0 0
1119 T 3794 880 4295 0 0
1119 T 4374 882 3745 0 0
1119 T 3078 123 2575 0 0
1119 T 128 3074 2650 0 0
1119 T 3591 968 3371 0 0
1119 T 3317 973 3609 0 0
1119 T 17 4201 4362 0 0
1119 T 4360 666 3921 0 0
1119 T 3780 664 4201 0 0
1119 T 3899 607 4330 0 0
1119 T 4328 4215 17 0 0
1119 T 4215 609 3818 0 0
1119 T 1361 4076 4300 0 0
1119 T 4342 4078 677 0 0
1119 T 4297 4073 1411 0 0
1119 T 620 4071 4372 0 0
1119 T 2456 3841 2894 0 0
1119 T 2892 4351 2153 0 0
1119 T 4351 3839 903 0 0
1119 T 2215 4321 2946 0 0
1119 T 2944 3844 2538 0 0
1119 T 830 3846 4321 0 0
1119 T 1789 881 3812 0 0
1119 T 3814 588 771 0 0
1119 T 718 589 3776 -1 0
1119 T 3778 955 1867 0 0
1119 T 1978 1257 3996 0 0
1119 T 3998 3154 3943 0 0
1119 T 3945 1320 1980 0 0
1119 T 238 3341 2224 0 0
1119 T 1469 3183 236 0 0
1119 T 3183 7 3341 0 0
1119 T 233 3190 1523 0 0
1119 T 2162 3395 231 0 0
1119 T 3395 7 3190 0 0
1119 T 3254 2822 3891 0 0
1119 T 3913 2784 3247 0 0
1119 T 2753 2790 522 -1 0
1119 T 2255 3861 3890 0 0
1119 T 3908 3856 2193 0 0
1119 T 3945 4309 276 0 0
1119 T 4309 1320 2879 0 0
1119 T 273 4304 3995 0 0
1119 T 2849 1258 4304 0 0
1119 T 4294 2509 2163 0 0
1119 T 2230 2428 4292 0 0
1119 T 1359 4285 4165 0 0
1119 T 4196 4283 81 0 0
1119 T 4151 4288 1413 0 0
1119 T 80 4290 4214 0 0
1119 T 1340 4231 2921 0 0
1119 T 2919 1449 4174 0 0
1119 T 1449 4233 156 0 0
1119 T 4175 1504 2973 0 0
1119 T 2971 4238 1393 0 0
1119 T 153 4236 1504 0 0
1119 T 4222 1018 2940 -1 0
1119 T 2889 1020 4220 0 0
1119 T 1020 1014 1018 0 0
1119 T 4163 3489 3613 0 0
1119 T 3595 3492 4153 0 0
1119 T 3866 738 2179 -1 0
1119 T 2246 792 3864 0 0
1119 T 4206 1486 4240 0 0
1119 T 4245 1540 4188 0 0
1119 T 2301 2553 4317 0 0
1119 T 4348 2624 2348 0 0
1119 T 4315 522 4350 0 0
1119 T 1447 4240 4216 0 0
1119 T 4202 4245 1506 0 0
1119 T 4094 4471 675 0 0
1119 T 1390 4473 4017 0 0
1119 T 4087 620 4443 0 0
1119 T 4445 1442 3963 0 0
1119 T 1450 4349 3849 0 0
1119 T 3852 4315 1503 0 0
1119 T 3933 215 3984 -1 0
1119 T 3951 3530 4006 0 0
1119 T 2950 4257 3771 0 0
1119 T 3773 2687 4464 0 0
1119 T 4466 2508 2948 0 0
1119 T 2508 2689 4257 0 0
1119 T 2898 2430 4436 0 0
1119 T 3809 4260 2896 0 0
1119 T 4438 2694 3807 0 0
1119 T 4260 2692 2430 0 0
1119 T 3643 1992 4368 0 0
1119 T 4370 4230 765 0 0
1119 T 708 4223 4336 0 0
1119 T 4338 1997 3681 0 0
1119 T 1557 4140 1616 0 0
1119 T 3106 3978 1080 0 0
1119 T 3978 633 1162 0 0
1119 T 1077 4028 3099 0 0
1119 T 1163 688 4028 0 0
1119 T 1557 1790 3407 0 0
1119 T 3454 1867 1616 0 0
1119 T 4287 1643 4327 0 0
1119 T 4218 1474 4289 0 0
1119 T 1584 4283 4362 0 0
1119 T 4199 4285 1529 0 0
1119 T 4418 3302 910 0 0
1119 T 908 4253 3985 0 0
1119 T 1772 4251 3302 0 0
1119 T 831 3356 4411 0 0
1119 T 3931 4248 833 0 0
1119 T 3356 4250 1854 0 0
1119 T 2638 4279 1787 0 0
1119 T 4279 3493 1558 0 0
1119 T 1869 4278 2564 0 0
1119 T 1616 3488 4278 0 0
1119 T 913 4096 1291 0 0
1119 T 3508 779 4096 0 0
1119 T 1230 4101 836 0 0
1119 T 4101 726 3505 0 0
1119 T 4398 3825 2229 0 0
1119 T 2429 3603 4396 0 0
1119 T 3603 4293 3825 0 0
1119 T 4401 3621 2507 0 0
1119 T 2163 3787 4399 0 0
1119 T 3787 4292 3621 0 0
1119 T 4038 2245 651 0 0
1119 T 653 2027 763 0 0
1119 T 765 2441 4036 0 0
1119 T 4033 2519 708 0 0
1119 T 598 2179 4031 0 0
1119 T 710 2026 596 0 0
1119 T 3826 294 3787 0 0
1119 T 2553 2830 4319 0 0
1119 T 4353 2860 2623 0 0
1119 T 2626 3653 400 0 0
1119 T 3653 4125 2352 0 0
1119 T 2552 403 3689 0 0
1119 T 3687 2304 4122 0 0
1119 T 3769 3713 4240 0 0
1119 T 3804 4244 3717 0 0
1119 T 2142 4130 2203 0 0
1119 T 1271 4128 1338 0 0
1119 T 1650 4364 4400 0 0
1119 T 4364 1242 3790 0 0
1119 T 4397 4334 1588 0 0
1119 T 3824 1304 4334 0 0
1119 T 773 4106 911 0 0
1119 T 1600 3562 4106 0 0
1119 T 838 4107 716 0 0
1119 T 4107 3563 1662 0 0
1119 T 3963 4488 45 0 0
1119 T 4488 4443 7 0 0
1119 T 59 4485 4017 0 0
1119 T 7 4473 4485 0 0
1119 T 4234 4213 1443 0 0
1119 T 4197 4237 1502 0 0
1119 T 2753 4313 1275 -1 0
1119 T 1213 4311 2788 -1 0
1119 T 3271 3611 4497 0 0
1119 T 4495 4076 960 0 0
1119 T 1617 4078 3611 0 0
1119 T 886 4073 4505 0 0
1119 T 4503 3597 3278 0 0
1119 T 3597 4071 1555 0 0
1119 T 3370 4481 3311 0 0
1119 T 652 4227 4495 0 0
1119 T 4497 2105 4168 0 0
1119 T 4158 2100 4503 0 0
1119 T 4505 4226 597 0 0
1119 T 4386 2521 3608 0 0
1119 T 1277 4477 4384 0 0
1119 T 4477 2981 2521 0 0
1119 T 4381 4447 1212 0 0
1119 T 3594 2439 4379 0 0
1119 T 2439 2927 4447 0 0
1119 T 4402 1285 4466 0 0
1119 T 4436 1220 4395 0 0
1119 T 394 4323 4511 0 0
1119 T 4513 4358 396 0 0
1119 T 4358 4325 218 1 0
1119 T 2980 4480 2929 0 0
1119 T 4447 506 4478 0 0
1119 T 4139 4121 4125 0 0
1119 T 164 3147 4012 0 0
1119 T 3962 3146 165 0 0
1119 T 3949 4091 3508 0 0
1119 T 4091 4083 4096 0 0
1119 T 3505 4090 3999 0 0
1119 T 4101 4082 4090 0 0
1119 T 4078 3753 4168 0 0
1119 T 4158 3748 4071 0 0
1119 T 4048 1447 1503 0 0
1119 T 1505 4541 3935 0 0
1119 T 3937 3990 4050 0 0
1119 T 3990 4539 1447 0 0
1119 T 4111 4103 4116 0 0
1119 T 4117 4110 4111 0 0
1119 T 4048 4040 4044 0 0
1119 T 4046 4545 1503 0 0
1119 T 1449 4543 4040 0 0
1119 T 3678 3181 4527 0 0
1119 T 4529 3175 3639 1 0
1119 T 3962 142 3143 0 0
1119 T 3149 140 4011 0 0
1119 T 4078 4146 4084 0 0
1119 T 4146 3753 882 0 0
1119 T 4081 4146 4071 0 0
1119 T 956 3748 4146 0 0
1119 T 3755 4371 4145 0 0
1119 T 4145 4341 3762 0 0
1119 T 4496 2027 4370 0 0
1119 T 4336 2026 4506 0 0
1119 T 3278 4337 3352 0 0
1119 T 3298 4367 3271 0 0
1119 T 3602 3729 3615 0 0
1119 T 4246 800 4599 0 0
1119 T 4601 1430 3804 0 0
1119 T 3770 1376 4619 0 0
1119 T 4621 745 4239 0 0
1119 T 1018 4650 4000 0 0
1119 T 791 4089 4650 0 0
1119 T 4094 736 4660 0 0
1119 T 4662 1021 3950 0 0
1119 T 1289 4554 4353 0 0
1119 T 4351 3695 3631 0 0
1119 T 586 3697 4554 0 0
1119 T 3669 3702 4321 0 0
1119 T 4319 4559 1224 0 0
1119 T 4559 3700 579 0 0
1119 T 402 4670 4352 0 0
1119 T 2882 3634 4670 0 0
1119 T 3670 2850 4700 0 0
1119 T 4702 405 4322 0 0
1119 T 2827 4700 3689 0 0
1119 T 3651 4670 2861 0 0
1119 T 597 2031 651 0 0
1119 T 4434 2033 4459 0 0
1119 T 84 4029 2257 0 0
1119 T 3977 86 2191 0 0
1119 T 677 3759 4084 0 0
1119 T 4081 3758 620 0 0
1119 T 3142 4637 4012 0 0
1119 T 140 4635 3164 0 0
1119 T 3962 4615 3135 0 0
1119 T 3161 4617 141 0 0
1119 T 4662 4221 654 0 0
1119 T 595 4220 4648 0 0
1119 T 4635 2813 3966 0 0
1119 T 2777 4615 4016 0 0
1119 T 3516 4554 3841 0 0
1119 T 3844 4559 3513 0 0
1119 T 913 4472 4607 0 0
1119 T 4609 3760 1291 0 0
1119 T 4098 3762 4472 0 0
1119 T 1230 3757 4627 0 0
1119 T 4629 4446 836 0 0
1119 T 4446 3755 4099 0 0
1119 T 4317 4541 2391 0 0
1119 T 2473 4540 4347 0 0
1119 T 2753 3338 4384 0 0
1119 T 3338 4313 4475 -1 0
1119 T 4381 3392 2787 0 0
1119 T 4449 4312 3392 1 0
1119 T 3398 4419 4343 0 0
1119 T 4345 4634 2161 0 0
1119 T 4634 4421 232 0 0
1119 T 2223 4612 4375 0 0
1119 T 4377 4419 3340 0 0
1119 T 237 4421 4612 0 0
1119 T 1285 4558 3771 0 0
1119 T 2363 4556 3168 0 0
1119 T 3809 4563 1220 0 0
1119 T 3173 4565 2370 0 0
1119 T 3694 3172 4331 0 0
1119 T 4333 4566 662 0 0
1119 T 603 4555 4363 0 0
1119 T 4365 3169 3656 0 0
1119 T 3998 3041 4515 0 0
1119 T 4517 3043 3943 0 0
1119 T 4428 4035 3373 0 0
1119 T 3315 4034 4458 0 0
1119 T 3933 3422 4507 0 0
1119 T 4509 3463 3984 0 0
1119 T 835 4603 4362 0 0
1119 T 1584 2565 837 0 0
1119 T 2565 4283 4603 0 0
1119 T 912 2635 1646 0 0
1119 T 4328 4626 914 0 0
1119 T 4626 4290 2635 0 0
1119 T 4251 4508 2635 1 0
1119 T 2565 4509 4250 0 0
1119 T 893 3841 4639 0 0
1119 T 4641 2892 2751 0 0
1119 T 2789 2946 4651 0 0
1119 T 4653 3844 816 0 0
1119 T 4218 744 4687 0 0
1119 T 4689 2426 4289 0 0
1119 T 800 4201 4722 0 0
1119 T 4720 4285 2505 0 0
1119 T 1516 4562 4501 0 0
1119 T 4499 3699 3903 0 0
1119 T 3925 3698 4493 0 0
1119 T 4491 4551 1462 0 0
1119 T 4398 4566 2693 0 0
1119 T 2688 4555 4399 0 0
1119 T 4433 1813 4511 0 0
1119 T 4513 1892 4460 1 0
1119 T 4493 4742 392 0 0
1119 T 4742 3923 2583 0 0
1119 T 3903 4734 2657 0 0
1119 T 397 4732 4499 0 0
1119 T 3812 4623 3793 0 0
1119 T 4296 4625 1789 0 0
1119 T 3827 4606 3778 0 0
1119 T 1867 4604 4301 0 0
1119 T 4433 4710 396 0 0
1119 T 4710 1813 4356 0 0
1119 T 393 4676 4459 0 0
1119 T 4326 1891 4676 0 0
1119 T 1845 2364 4423 0 0
1119 T 4425 3328 2139 0 0
1119 T 2205 3386 4451 0 0
1119 T 4453 2369 1764 0 0
1119 T 4641 708 4384 0 0
1119 T 4381 765 4651 0 0
1119 T 974 4457 4639 0 0
1119 T 4429 969 4653 0 0
1119 T 3672 4272 3637 0 0
1119 T 4153 4071 4280 0 0
1119 T 4277 4078 4163 0 0
1119 T 3172 3164 3185 0 0
1119 T 3188 3161 3169 0 0
1119 T 4423 1924 3617 0 0
1119 T 3599 1925 4453 0 0
1119 T 4533 1381 4683 0 0
1119 T 4718 1432 4531 0 0
1119 T 4685 1 4716 0 0
1119 T 1432 3 1381 0 0
1119 T 4641 4031 3608 0 0
1119 T 3594 4038 4651 0 0
1119 T 3437 4135 1707 0 0
1119 T 812 4137 1201 0 0
1119 T 1753 4134 3479 0 0
1119 T 1196 4132 758 0 0
1119 T 777 4538 4671 1 0
1119 T 4673 4706 262 1 0
1119 T 4706 4536 719 0 0
1119 T 286 4138 4468 0 0
1119 T 4470 1200 2771 0 0
1119 T 2809 1197 4440 0 0
1119 T 4442 4131 279 0 0
1119 T 4470 2786 3140 0 0
1119 T 3137 2820 4440 0 0
1119 T 2874 3710 4325 0 0
1119 T 4675 3708 3924 0 0
1119 T 4355 3703 2840 0 0
1119 T 3906 3705 4709 0 0
1119 T 3446 4580 2147 0 0
1119 T 2124 4582 3181 0 0
1119 T 2213 4598 3400 0 0
1119 T 3176 4596 2121 0 0
1119 T 3425 3864 4660 0 0
1119 T 4650 3865 3467 0 0
1119 T 3694 3164 4691 0 0
1119 T 4693 3183 4331 0 0
1119 T 4365 3190 4723 0 0
1119 T 4725 3161 3656 0 0
1119 T 1447 4620 4687 0 0
1119 T 4599 1503 4722 0 0
1119 T 160 642 2989 0 0
1119 T 162 2937 697 0 0
1119 T 1681 4682 4507 0 0
1119 T 4509 4711 1724 0 0
1119 T 4711 4680 288 0 0
1119 T 1365 4 1416 0 0
1119 T 534 1627 4052 0 0
1119 T 4054 2660 1724 0 0
1119 T 1726 730 532 0 0
1119 T 535 4055 1567 0 0
1119 T 785 1682 537 0 0
1119 T 1682 2590 4055 0 0
1119 T 4742 4678 51 0 0
1119 T 4710 4734 37 0 0
1119 T 4648 2031 4661 0 0
1119 T 1058 4376 4759 0 0
1119 T 4774 4345 1052 0 0
1119 T 4761 292 4772 0 0
1119 T 4609 4343 3299 0 0
1119 T 3588 4345 3762 0 0
1119 T 3357 4377 4627 0 0
1119 T 3755 4375 3585 0 0
1119 T 4254 3992 536 0 0
1119 T 3992 3299 235 0 0
1119 T 533 3942 4247 0 0
1119 T 234 3357 3942 0 0
1119 T 3078 4828 3635 0 0
1119 T 3795 2980 4828 0 0
1119 T 3072 3672 4811 0 0
1119 T 4813 2929 3834 0 0
1119 T 4830 4813 1 -1 0
1119 T 2777 4724 4484 0 0
1119 T 4724 4615 60 0 0
1119 T 4636 4691 45 0 0
1119 T 4691 2814 4490 0 0
1119 T 4149 4787 2147 0 0
1119 T 4787 1019 4582 0 0
1119 T 2213 4786 4159 0 0
1119 T 4596 1018 4786 0 0
1119 T 2638 4806 3992 0 0
1119 T 3301 4777 2636 0 0
1119 T 4777 237 4806 0 0
1119 T 2566 4763 3355 0 0
1119 T 3942 4820 2564 0 0
1119 T 4820 232 4763 0 0
1119 T 4669 4307 2948 0 0
1119 T 2898 4306 4699 0 0
1119 T 4509 4806 536 0 0
1119 T 533 4820 4508 0 0
1119 T 3446 1187 4663 0 0
1119 T 4665 1673 4044 0 0
1119 T 4041 1611 4695 0 0
1119 T 4697 1186 3400 0 0
1119 T 4270 4571 308 0 0
1119 T 306 4589 4264 0 0
1119 T 4275 4283 4302 0 0
1119 T 4282 4297 4288 0 0
1119 T 1789 3690 4268 0 0
1119 T 4266 3651 1868 0 0
1119 T 590 4782 3793 0 0
1119 T 771 4623 4782 0 0
1119 T 3827 4768 587 0 0
1119 T 4768 4606 718 0 0
1119 T 4454 3729 4423 0 0
1119 T 4186 2174 663 0 0
1119 T 665 3827 4736 0 0
1119 T 4738 2085 4184 0 0
1119 T 4181 2080 4728 0 0
1119 T 610 2236 4179 0 0
1119 T 4730 3793 608 0 0
1119 T 786 4682 4804 0 0
1119 T 4822 4712 727 0 0
1119 T 2649 3074 182 0 0
1119 T 3077 2577 184 0 0
1119 T 3910 3106 4052 0 0
1119 T 4057 3099 3888 0 0
1119 T 2761 4611 4759 0 0
1119 T 4773 4633 2795 0 0
1119 T 270 4534 4816 0 0
1119 T 4818 4715 775 0 0
1119 T 722 4685 4800 0 0
1119 T 4802 4531 263 0 0
1119 T 4410 2441 1251 0 0
1119 T 1317 2519 4403 0 0
1119 T 4445 3339 4796 0 0
1119 T 4798 3185 4488 0 0
1119 T 4485 3188 4792 0 0
1119 T 4794 3397 4471 0 0
1119 T 1431 3298 4646 0 0
1119 T 4655 3351 1382 0 0
1119 T 4644 415 4657 0 0
1119 T 2234 4795 3824 0 0
1119 T 4334 4797 2813 0 0
1119 T 3790 4793 2168 0 0
1119 T 2775 4791 4364 0 0
1119 T 3937 4531 4044 0 0
1119 T 4042 4533 3988 0 0
1119 T 2694 4856 4268 0 0
1119 T 4270 4304 4260 0 0
1119 T 2430 4306 4856 0 0
1119 T 4265 4862 2687 0 0
1119 T 4257 4309 4263 0 0
1119 T 4862 4307 2508 0 0
1119 T 4702 4269 3808 0 0
1119 T 4266 4670 3774 0 0
1119 T 1428 4838 4722 0 0
1119 T 3804 1503 4838 0 0
1119 T 4688 4832 1378 0 0
1119 T 4832 1450 3770 0 0
1119 T 189 4369 3974 0 0
1119 T 195 4025 4338 0 0
1119 T 2235 4856 4573 0 0
1119 T 4588 4862 2173 0 0
1119 T 3937 4817 4147 0 0
1119 T 4161 4799 3987 0 0
1119 T 3978 2193 199 0 0
1119 T 2257 4030 198 0 0
1119 T 4898 4118 2835 0 0
1119 T 2837 4547 4736 0 0
1119 T 4738 587 4896 0 0
1119 T 587 4549 4118 0 0
1119 T 4893 590 4728 0 0
1119 T 2869 4115 4891 0 0
1119 T 4730 4550 2867 0 0
1119 T 2145 1494 4392 0 0
1119 T 4389 1548 2207 0 0
1119 T 4214 4899 2423 0 0
1119 T 4690 4901 80 0 0
1119 T 4720 82 4905 0 0
1119 T 4903 4198 2505 0 0
1119 T 665 4768 4896 0 0
1119 T 4779 609 4894 0 0
1119 T 4886 2508 3943 0 0
1119 T 4517 664 4884 0 0
1119 T 4881 609 4516 0 0
1119 T 3997 2430 4879 0 0
1119 T 4886 4860 276 0 0
1119 T 273 4858 4879 0 0
1119 T 4054 1080 4839 0 0
1119 T 4056 4843 1076 0 0
1119 T 4761 3789 4523 0 0
1119 T 4525 3824 4772 0 0
1119 T 4706 3281 4799 0 0
1119 T 4684 3279 4538 0 0
1119 T 3286 4674 4817 0 0
1119 T 4718 4537 3284 -1 0
1119 T 4898 4109 3920 0 0
1119 T 3902 4104 4891 0 0
1119 T 3971 3297 4874 0 0
1119 T 4872 4643 2459 0 0
1119 T 2541 4657 4866 0 0
1119 T 4864 3351 4025 0 0
1119 T 3307 4817 4789 0 0
1119 T 4784 4799 3365 0 0
1119 T 362 4045 4754 0 0
1119 T 4743 4040 355 0 0
1119 T 913 3902 4852 0 0
1119 T 4854 608 4623 0 0
1119 T 4606 665 4848 0 0
1119 T 4850 3920 836 0 0
1119 T 773 4893 4852 0 0
1119 T 4850 4896 716 0 0
1119 T 835 3356 4591 0 0
1119 T 4593 4378 4443 0 0
1119 T 4473 4344 4576 0 0
1119 T 4578 3302 914 0 0
1119 T 3910 3978 4839 0 0
1119 T 4029 3889 4845 0 0
1119 T 4517 4868 276 0 0
1119 T 4868 664 4862 0 0
1119 T 4516 271 4876 0 0
1119 T 4878 4858 607 0 0
1119 T 4790 2873 4671 0 0
1119 T 2841 4785 4705 0 0
1119 T 4577 4777 1645 0 0
1119 T 4765 4594 1583 0 0
1119 T 278 4826 4523 0 0
1119 T 4525 4938 2759 1 0
1119 T 783 4936 4826 0 0
1119 T 2797 4932 4524 0 0
1119 T 4526 4808 271 0 0
1119 T 4808 4934 730 0 0
1119 T 3630 4658 192 0 0
1119 T 186 4644 3664 0 0
1119 T 3710 4582 4527 0 0
1119 T 4530 4596 3703 -1 0
1119 T 4233 4899 3768 0 0
1119 T 4903 4238 3806 0 0
1119 T 3286 4915 4776 0 0
1119 T 2169 4576 4915 0 0
1119 T 4766 4929 3279 0 0
1119 T 4929 4593 2231 0 0
1119 T 1012 4924 4911 0 0
1119 T 4913 4528 1020 0 0
1119 T 4528 4926 1018 0 0
1119 T 4805 3284 4936 0 0
1119 T 4938 4915 236 0 0
1119 T 233 4929 4932 0 0
1119 T 4934 3281 4819 0 0
1119 T 3789 4420 4915 0 0
1119 T 4578 4422 4792 0 0
1119 T 4929 4420 3823 0 0
1119 T 4798 4422 4591 0 0
1119 T 4807 3282 4714 0 0
1119 T 4826 4681 3286 0 0
1119 T 4913 3707 4788 0 0
1119 T 4785 3706 4923 0 0
1119 T 4938 3787 4611 0 0
1119 T 4931 4632 3824 0 0
1119 T 4867 4184 4587 0 0
1119 T 4179 4875 4574 0 0
1119 T 4685 4570 4712 0 0
1119 T 4681 4584 4716 0 0
1119 T 4176 4044 4944 0 0
1119 T 4946 4545 2974 0 0
1119 T 2920 4544 4940 0 0
1119 T 4942 4041 4173 0 0
1119 T 4946 4941 354 0 0
1119 T 4522 4569 271 0 0
1119 T 4526 4536 4520 0 0
1119 T 4569 4538 4810 0 0
1119 T 277 4583 4520 0 0
1119 T 4823 4536 4583 1 0
1119 T 3073 1187 4755 0 0
1119 T 4749 1186 3076 0 0
1119 T 4706 4357 4924 0 0
1119 T 4325 4674 4914 0 0
1119 T 4946 213 360 0 0
1119 T 213 4941 358 0 0
1119 T 357 4941 207 0 0
1119 T 4945 362 206 0 0
1119 T 2837 4952 4184 0 0
1119 T 4952 4547 2083 0 0
1119 T 4181 4950 2867 0 0
1119 T 2082 4550 4950 0 0
1119 T 4949 2075 4952 0 0
1119 T 3254 4442 4964 0 0
1119 T 4966 3135 3891 0 0
1119 T 3913 3142 4956 0 0
1119 T 4958 4468 3247 0 0
1119 T 2868 4888 2837 0 0
1119 T 4966 4957 3014 0 0
1119 T 769 4976 4964 0 0
1119 T 4440 4978 2297 0 0
1119 T 4958 4973 712 0 0
1119 T 2343 4971 4470 0 0
1119 T 2297 4131 4968 0 0
1119 T 4970 281 4976 0 0
1119 T 4973 284 4960 0 0
1119 T 4962 4138 2343 0 0
1119 T 155 4988 3767 0 0
1119 T 4902 4990 1450 0 0
1119 T 4903 1506 4993 0 0
1119 T 4991 154 3806 0 0
1119 T 4690 209 4900 0 0
1119 T 4905 212 4719 0 0
1119 T 4900 4832 204 0 0
1119 T 201 4838 4906 0 0
1119 T 202 3805 4993 0 0
1119 T 4987 3767 203 0 0
1119 T 4210 350 4907 0 0
1119 T 4909 3480 3260 0 0
1119 T 3257 3438 4919 0 0
1119 T 4921 350 4192 0 0
1119 T 3012 4920 4907 0 0
1119 T 3482 4983 3435 0 0
1119 T 4890 4888 4890 0 0
1119 T 1364 4978 5010 0 0
1119 T 5008 4968 747 0 0
1119 T 805 4962 5006 0 0
1119 T 5004 4971 1418 0 0
1119 T 390 4995 4968 0 0
1119 T 2802 4131 4995 0 0
1119 T 4962 5001 383 0 0
1119 T 5001 4138 2764 0 0
1119 T 4982 4976 4972 0 0
1119 T 747 5013 4997 0 0
1119 T 5008 388 5013 0 0
1119 T 4999 5015 805 0 0
1119 T 5015 385 5006 0 0
1119 T 5006 65 5020 0 0
1119 T 5022 5005 193 0 0
1119 T 5009 5026 188 0 0
1119 T 5025 63 5007 0 0
1119 T 5013 5025 179 0 0
1119 T 177 5019 5015 0 0
1119 T 5011 4982 5018 0 0
1119 T 5020 4979 5025 0 0
1119 T 5034 5032 5034 -1 0
1119 T 5038 5036 5038 -1 0
1119 U 74 1 1 0 0
1119 U 48 1 1 0 -1
1119 U 5 1 1 0 0
1119 U 62 2 2 0 0
1119 U 71 2 2 -1 1
1119 U 5 2 2 -1 1
1119 U 1 3 3 0 0
1119 U 65 4 3 0 0
1119 U 63 3 4 -1 0
1119 U 168 4 3 0 0
1119 U 39 5 6 0 0
1119 U 11 6 5 0 0
1119 U 1747 6 6 0 0
1119 U 42 6 5 0 0
1119 U 14 5 6 0 0
1119 U 55 7 8 0 0
1119 U 1703 7 7 0 0
1119 U 15 8 7 0 0
1119 U 11 8 7 0 0
1119 U 53 7 8 0 0
1119 U 224 9 12 0 0
1119 U 1414 9 9 0 0
1119 U 621 12 9 0 0
1119 U 80 10 9 0 0
1119 U 20 9 10 0 0
1119 U 1441 12 12 0 0
1119 U 46 12 11 0 0
1119 U 8 11 12 0 0
1119 U 675 13 16 0 0
1119 U 1359 13 13 0 0
1119 U 230 16 13 0 0
1119 U 19 14 13 0 0
1119 U 82 13 14 0 0
1119 U 1388 16 16 0 0
1119 U 7 16 15 0 0
1119 U 59 15 16 0 0
1119 U 75 17 18 0 0
1119 U 388 17 17 0 0
1119 U 97 18 17 0 0
1119 U 180 18 17 0 0
1119 U 187 17 18 0 0
1119 U 386 19 19 0 0
1119 U 77 20 19 0 0
1119 U 89 19 20 0 0
1119 U 193 20 19 0 0
1119 U 177 19 20 0 0
1119 U 611 21 24 0 0
1119 U 1697 26 21 0 0
1119 U 247 24 26 0 0
1119 U 25 22 21 0 0
1119 U 1637 26 22 0 0
1119 U 38 22 21 0 0
1119 U 233 25 22 0 0
1119 U 1634 23 21 0 0
1119 U 633 26 23 0 0
1119 U 10 23 24 0 0
1119 U 85 26 25 0 0
1119 U 236 27 32 0 0
1119 U 52 28 27 0 0
1119 U 1578 32 28 0 0
1119 U 25 28 27 0 0
1119 U 1741 31 28 0 0
1119 U 669 30 27 0 0
1119 U 253 32 30 0 0
1119 U 1573 29 27 0 0
1119 U 9 30 29 0 0
1119 U 687 29 32 0 0
1119 U 83 31 32 0 0
1119 U 1795 33 36 0 0
1119 U 570 35 33 0 0
1119 U 101 36 35 0 0
1119 U 95 34 33 0 0
1119 U 1794 35 34 0 0
1119 U 27 34 33 0 0
1119 U 1737 36 34 0 0
1119 U 32 35 36 0 0
1119 U 1876 37 40 0 0
1119 U 1693 39 37 0 0
1119 U 33 40 39 0 0
1119 U 27 38 37 0 0
1119 U 1873 39 38 0 0
1119 U 88 38 37 0 0
1119 U 573 40 38 0 0
1119 U 93 39 40 0 0
1119 U 603 41 44 0 0
1119 U 115 42 41 0 0
1119 U 3617 44 42 0 0
1119 U 36 42 41 0 0
1119 U 2365 43 42 0 0
1119 U 3658 44 44 0 0
1119 U 141 44 43 0 0
1119 U 171 43 44 0 0
1119 U 2368 45 48 0 0
1119 U 50 46 45 0 0
1119 U 3602 48 46 0 0
1119 U 115 46 45 0 0
1119 U 662 47 46 0 0
1119 U 3691 48 48 0 0
1119 U 176 48 47 0 0
1119 U 139 47 48 0 0
1119 U 2952 49 52 0 0
1119 U 1343 49 49 0 0
1119 U 2374 52 49 0 0
1119 U 117 50 49 1 0
1119 U 126 49 50 0 0
1119 U 1376 52 52 0 0
1119 U 209 52 51 0 0
1119 U 204 51 52 0 0
1119 U 2899 53 56 0 0
1119 U 2378 56 53 0 0
1119 U 1429 56 56 0 0
1119 U 1397 53 53 0 0
1119 U 122 54 53 0 0
1119 U 118 53 54 0 0
1119 U 202 56 55 0 0
1119 U 212 55 56 0 0
1119 U 827 57 64 0 0
1119 U 306 62 57 0 0
1119 U 1905 64 62 0 0
1119 U 833 60 57 0 0
1119 U 2770 62 60 0 0
1119 U 314 59 57 0 0
1119 U 107 60 59 0 0
1119 U 1866 66 57 0 0
1119 U 859 59 66 0 0
1119 U 369 66 64 0 0
1119 U 1896 59 62 0 0
1119 U 359 62 66 0 0
1119 U 119 60 59 1 0
1119 U 877 64 61 0 0
1119 U 22 63 64 0 0
1119 U 1915 64 65 0 0
1119 U 67 65 66 0 0
1119 U 907 67 70 0 0
1119 U 310 72 67 0 0
1119 U 2803 70 72 0 0
1119 U 905 74 67 0 0
1119 U 1824 72 74 0 0
1119 U 1785 76 67 0 0
1119 U 363 74 76 0 0
1119 U 318 69 67 0 0
1119 U 937 76 69 0 0
1119 U 103 69 70 0 0
1119 U 1815 69 72 0 0
1119 U 119 70 69 0 0
1119 U 357 76 72 0 0
1119 U 954 74 71 0 0
1119 U 1838 75 74 0 0
1119 U 21 74 73 0 0
1119 U 69 76 75 0 0
1119 U 129 77 78 0 0
1119 U 3274 80 77 0 0
1119 U 1731 78 80 0 0
1119 U 4874 79 77 0 0
1119 U 190 80 79 0 0
1119 U 186 78 77 0 0
1119 U 3265 79 78 0 0
1119 U 132 80 79 0 0
1119 U 4863 81 83 0 0
1119 U 3278 84 81 0 0
1119 U 196 83 84 0 0
1119 U 133 82 81 0 0
1119 U 1690 84 82 0 0
1119 U 3270 84 81 0 0
1119 U 136 83 84 0 0
1119 U 192 82 81 0 0
1119 U 819 85 94 0 0
1119 U 402 89 85 0 0
1119 U 2354 94 89 0 0
1119 U 2322 94 85 0 0
1119 U 867 89 94 0 0
1119 U 825 91 85 0 0
1119 U 502 94 91 0 0
1119 U 410 88 85 0 0
1119 U 2337 91 88 0 0
1119 U 2318 91 85 0 0
1119 U 852 88 91 0 0
1119 U 2340 87 95 0 0
1119 U 493 95 92 0 0
1119 U 849 95 87 0 0
1119 U 450 96 87 0 0
1119 U 114 95 96 0 0
1119 U 68 96 95 0 0
1119 U 24 89 90 0 0
1119 U 2924 90 94 0 0
1119 U 143 94 93 0 0
1119 U 899 97 103 0 0
1119 U 2273 106 97 0 0
1119 U 496 103 106 0 0
1119 U 406 101 97 0 0
1119 U 946 106 101 0 0
1119 U 897 106 97 0 0
1119 U 2303 101 106 0 0
1119 U 2269 103 97 0 0
1119 U 414 100 97 0 0
1119 U 930 103 100 0 0
1119 U 2288 100 103 0 0
1119 U 923 99 107 0 0
1119 U 489 107 104 0 0
1119 U 2293 107 99 0 0
1119 U 454 108 99 0 0
1119 U 70 107 108 0 0
1119 U 112 108 107 0 0
1119 U 24 101 102 -1 0
1119 U 2978 105 101 0 0
1119 U 144 105 106 0 0
1119 U 3840 109 113 0 0
1119 U 4458 114 109 0 0
1119 U 43 113 114 0 0
1119 U 597 112 109 0 0
1119 U 3869 114 112 0 0
1119 U 149 110 109 0 0
1119 U 4461 112 110 0 0
1119 U 170 110 109 0 0
1119 U 4494 111 110 0 0
1119 U 624 112 113 0 0
1119 U 165 112 111 0 0
1119 U 3844 115 119 0 0
1119 U 4502 118 115 0 0
1119 U 682 119 118 0 0
1119 U 174 116 115 0 0
1119 U 4434 118 116 0 0
1119 U 149 116 115 0 0
1119 U 654 117 116 0 0
1119 U 4429 120 115 0 0
1119 U 3871 118 120 0 0
1119 U 58 120 119 0 0
1119 U 164 118 117 0 0
1119 U 3856 121 125 0 0
1119 U 1730 126 121 0 0
1119 U 145 125 126 0 0
1119 U 3625 124 121 0 0
1119 U 3881 126 124 0 0
1119 U 151 122 121 1 0
1119 U 1725 124 122 0 0
1119 U 4841 126 121 0 0
1119 U 3647 123 126 0 0
1119 U 199 126 125 0 0
1119 U 99 124 123 0 0
1119 U 4843 127 132 0 0
1119 U 1681 129 127 0 0
1119 U 3686 132 129 0 0
1119 U 151 128 127 0 0
1119 U 3661 129 128 0 0
1119 U 1685 132 127 0 0
1119 U 3883 130 132 0 0
1119 U 3862 131 127 0 0
1119 U 147 132 131 0 0
1119 U 197 131 132 0 0
1119 U 92 130 129 0 0
1119 U 528 133 136 0 0
1119 U 1393 138 133 0 0
1119 U 2284 136 138 0 0
1119 U 154 134 133 0 0
1119 U 4177 138 134 0 0
1119 U 4753 138 133 0 0
1119 U 205 137 138 0 0
1119 U 4665 140 133 0 0
1119 U 559 138 140 0 0
1119 U 4757 140 136 0 0
1119 U 182 136 135 0 0
1119 U 541 139 136 0 0
1119 U 1406 139 135 0 0
1119 U 112 140 139 0 0
1119 U 4743 141 146 0 0
1119 U 4174 145 141 0 0
1119 U 207 146 145 0 0
1119 U 155 142 141 0 0
1119 U 1342 145 142 0 0
1119 U 526 144 141 0 0
1119 U 2333 146 144 0 0
1119 U 4698 148 141 0 0
1119 U 4748 144 148 0 0
1119 U 557 148 146 0 0
1119 U 1351 143 147 0 0
1119 U 546 148 143 0 0
1119 U 114 147 148 0 0
1119 U 184 144 143 0 0
1119 U 4392 149 154 0 0
1119 U 3982 153 149 0 0
1119 U 106 154 153 0 0
1119 U 1769 151 149 0 0
1119 U 4410 153 151 0 0
1119 U 157 150 149 0 0
1119 U 3985 151 150 0 0
1119 U 1773 155 149 0 0
1119 U 4415 152 155 0 0
1119 U 4021 155 154 0 0
1119 U 4008 151 155 0 0
1119 U 104 152 151 0 0
1119 U 1831 153 155 0 0
1119 U 161 156 155 0 0
1119 U 4388 157 162 0 0
1119 U 1854 163 157 0 0
1119 U 3968 162 163 0 0
1119 U 3933 160 157 0 0
1119 U 4413 163 160 0 0
1119 U 157 158 157 1 0
1119 U 1849 160 158 0 0
1119 U 3929 161 157 0 0
1119 U 4404 159 161 0 0
1119 U 110 161 162 0 0
1119 U 107 160 159 0 0
1119 U 3958 164 160 0 0
1119 U 1914 163 161 0 0
1119 U 160 163 164 0 0
1119 Q 3 220 3 220 0 0 0 0 0 0
1119 Q 260 1010 258 1008 -1 0 0 0 0 0
1119 Q 0 970 1 972 0 0 0 0 0 0
1119 Q 893 4 815 0 0 0 0 0 0 0
1119 Q 3 58 2 43 0 0 0 0 0 0
1119 Q 761 255 703 0 0 0 0 0 0 0
1119 Q 0 1926 261 1924 0 0 1 0 0 0
1119 Q 649 259 591 0 0 0 0 0 0 0
1119 Q 1013 259 1013 259 0 0 0 0 0 0
1119 Q 1845 262 1763 0 0 0 0 0 0 0
1119 Q 261 49 260 36 0 0 0 0 0 0
1119 Q 106 2 110 3 0 0 0 0 0 0
1119 Q 2076 566 2076 566 0 0 0 0 0 0
1119 Q 2577 4 2648 4274 0 0 0 0 0 0
1119 Q 3 127 2 123 0 0 0 0 0 0
1119 Q 2696 4266 288 4268 0 0 0 0 0 0
1119 Q 4571 290 4589 563 0 0 0 0 0 0
1119 Q 921 3730 843 4274 0 0 0 0 0 0
1119 Q 2800 4980 2765 4983 0 0 0 0 0 0
1119 Q 5028 290 5028 290 0 0 0 0 0 0
1119 Q 4589 2075 4571 5030 0 0 0 0 0 0
1119 Q 4878 5030 4867 4888 0 0 0 0 0 0
1119 Q 5032 274 5029 276 0 0 0 0 0 0
1119 Q 4517 4887 4515 5034 0 0 1 0 0 0
1119 Q 5028 4569 5037 4583 0 0 0 0 0 0
1119 Q 4 5035 4 5035 0 0 0 0 0 0
1119 Q 5032 4521 5038 4519 0 0 -1 0 0 0
1119 Q 167 5036 168 5035 0 0 0 0 1 0
