285 A 7 0 0 -2 0 2
285 A 11 0 0 -1 0 1
285 A 13 0 0 -1 0 1
285 A 14 0 7 -2 -7 2
285 A 14 0 0 -5 0 5
285 A 0 1 -56 0 56 0
285 A 0 1 -94 0 94 0
285 A 0 1 -134 0 134 0
285 A -1 1 -131 0 131 0
285 A 1 1 -131 0 131 0
285 A -4 1 -81 -1 81 1
285 A 4 1 81 -1 -81 1
285 A -10 1 -24 -1 24 1
285 A 10 1 24 -1 -24 1
285 A -11 1 -35 -2 35 2
285 A 11 1 35 -2 -35 2
285 A -12 1 -83 -4 83 4
285 A 12 1 83 -4 -83 4
285 A 22 0 11 -10 -11 10
285 A -18 1 -74 -4 74 4
285 A 18 1 74 -4 -74 4
285 A 26 0 13 -12 -13 12
285 A 28 0 -7 -2 7 2
285 A 28 0 7 -2 -7 2
285 A 0 2 -56 1 56 -1
285 A 0 2 -94 1 94 -1
285 A 0 2 -134 1 134 -1
285 A 0 2 -151 0 151 0
285 A 0 2 -191 0 191 0
285 A 0 2 -229 0 229 0
285 A 0 2 -284 1 284 -1
285 A -8 2 -204 -3 204 3
285 A 8 2 204 -3 -204 3
285 A -22 2 -35 -2 35 2
285 A 22 2 35 -2 -35 2
285 A 0 4 -191 2 191 -2
285 A 0 4 -341 2 341 -2
285 A 4 0 0 -1 0 -1
285 A 4 0 2 -1 2 -1
285 A 13 0 0 -5 0 -5
285 A 17 0 0 -2 0 -2
285 A 23 0 0 -8 0 -8
285 A 26 0 0 -5 0 -5
285 A 34 0 0 -15 0 -15
285 A 37 0 0 -11 0 -11
285 A 46 0 0 -15 0 -15
285 A 47 0 0 -4 0 -4
285 A 52 0 0 -21 0 -21
285 A 68 0 0 -15 0 -15
285 A 83 0 0 -14 0 -14
285 A 92 0 0 -31 0 -31
285 A 5 0 -1 -1 1 -1
285 A 5 0 -2 -1 -2 1
285 A 5 0 -1 -2 1 -2
285 A 5 0 -2 -2 -2 2
285 A 6 0 -2 -1 2 -1
285 A 7 0 0 -1 0 -3
285 A 7 0 -1 -1 -1 1
285 A 7 0 -2 -1 1 3
285 A 7 0 2 -1 -1 3
285 A 7 0 -2 -2 3 -3
285 A 7 0 2 -2 -3 -3
285 A 7 0 -3 -2 3 -2
285 A 8 0 0 -1 0 3
285 A 8 0 -2 -1 2 -1
285 A 8 0 4 -1 4 3
285 A 8 0 -2 -3 2 -3
285 A 9 0 -1 -1 4 -4
285 A 9 0 1 -1 -4 -4
285 A 9 0 -2 -1 2 -1
285 A 9 0 -4 -1 1 2
285 A 9 0 4 -1 -1 2
285 A 9 0 -2 -2 2 -2
285 A 9 0 -4 -2 1 4
285 A 9 0 4 -2 -1 4
285 A 9 0 -2 -4 2 -4
285 A 10 0 -2 -1 -2 1
285 A 10 0 -4 -1 4 -1
285 A 10 0 -2 -3 -2 3
285 A 10 0 -4 -3 4 -3
285 A 11 0 -2 -1 -3 -4
285 A 11 0 2 -1 3 -4
285 A 11 0 -3 -1 -1 4
285 A 11 0 3 -1 1 4
285 A 11 0 -4 -1 1 -3
285 A 11 0 4 -1 -1 -3
285 A 11 0 -5 -1 -3 5
285 A 11 0 5 -1 3 5
285 A 11 0 0 -2 0 -5
285 A 11 0 -1 -2 -4 -3
285 A 11 0 1 -2 4 -3
285 A 11 0 -3 -2 5 4
285 A 11 0 3 -2 -5 4
285 A 11 0 -4 -2 4 -2
285 A 11 0 -5 -2 -5 2
285 A 11 0 0 -3 0 4
285 A 11 0 -2 -3 4 5
285 A 11 0 2 -3 -4 5
285 A 11 0 -5 -3 1 -5
285 A 11 0 5 -3 -1 -5
285 A 11 0 -2 -4 -2 4
285 A 11 0 -2 -5 2 -5
285 A 12 0 -2 -1 2 -1
285 A 12 0 -4 -1 4 -1
285 A 12 0 -1 -2 1 -2
285 A 12 0 -2 -5 2 -5
285 A 12 0 -4 -5 4 -5
285 A 13 0 -2 -1 5 4
285 A 13 0 2 -1 -5 4
285 A 13 0 -3 -1 2 -5
285 A 13 0 3 -1 -2 -5
285 A 13 0 -4 -1 2 6
285 A 13 0 4 -1 -2 6
285 A 13 0 -5 -1 4 -6
285 A 13 0 5 -1 -4 -6
285 A 13 0 -6 -1 5 -3
285 A 13 0 6 -1 -5 -3
285 A 13 0 0 -2 0 -6
285 A 13 0 -1 -2 4 5
285 A 13 0 1 -2 -4 5
285 A 13 0 -3 -2 -2 -3
285 A 13 0 3 -2 2 -3
285 A 13 0 -4 -2 -4 2
285 A 13 0 -5 -2 -1 3
285 A 13 0 5 -2 1 3
285 A 13 0 -6 -2 1 4
285 A 13 0 6 -2 -1 4
285 A 13 0 0 -3 0 -4
285 A 13 0 -4 -3 -5 -6
285 A 13 0 4 -3 5 -6
285 A 13 0 -6 -3 6 -3
285 A 13 0 -2 -4 2 -4
285 A 13 0 -3 -4 -6 -5
285 A 13 0 3 -4 6 -5
285 A 13 0 -6 -4 -1 5
285 A 13 0 6 -4 1 5
285 A 13 0 -3 -5 -1 6
285 A 13 0 3 -5 1 6
285 A 13 0 -3 -6 -3 6
285 A 14 0 0 -1 0 -3
285 A 14 0 -2 -1 -6 3
285 A 14 0 2 -1 6 3
285 A 14 0 -6 -1 -6 1
285 A 14 0 -4 -3 -2 5
285 A 14 0 4 -3 2 5
285 A 14 0 -4 -5 4 -5
285 A 15 0 -1 -1 1 -1
285 A 15 0 -2 -1 -7 -4
285 A 15 0 2 -1 7 -4
285 A 15 0 -4 -1 4 -1
285 A 15 0 -7 -1 -2 -4
285 A 15 0 7 -1 2 -4
285 A 15 0 -1 -2 1 -2
285 A 15 0 -2 -2 -7 7
285 A 15 0 2 -2 7 7
285 A 15 0 -4 -2 4 -2
285 A 15 0 -7 -2 -2 7
285 A 15 0 7 -2 2 7
285 A 15 0 -1 -4 1 -4
285 A 15 0 -4 -4 4 -4
285 A 15 0 -1 -7 1 -7
285 A 15 0 -4 -7 4 -7
285 A 16 0 0 -1 0 -5
285 A 16 0 -2 -1 2 -1
285 A 16 0 -4 -1 4 -5
285 A 16 0 4 -1 -4 -5
285 A 16 0 -6 -1 6 -1
285 A 16 0 8 -1 8 -5
285 A 16 0 0 -3 0 -7
285 A 16 0 -2 -3 2 5
285 A 16 0 2 -3 -2 5
285 A 16 0 -4 -3 4 -7
285 A 16 0 4 -3 -4 -7
285 A 16 0 -6 -3 6 5
285 A 16 0 6 -3 -6 5
285 A 16 0 8 -3 8 -7
285 A 16 0 -2 -7 2 -7
285 A 16 0 -6 -7 6 -7
285 A 0 1 -17 0 -67 0
285 A 0 1 -23 0 62 0
285 A 0 1 -28 0 112 0
285 A 0 1 -29 0 59 0
285 A 0 1 -31 0 46 0
285 A 0 1 -32 0 98 0
285 A 0 1 -37 0 -77 0
285 A 0 1 -43 0 -53 0
285 A 0 1 -47 0 -97 0
285 A 0 1 -49 0 64 0
285 A 0 1 -58 0 -113 0
285 A 0 1 -79 0 -101 0
285 A 0 1 -86 0 116 0
285 A 0 1 -91 0 -119 0
285 A 0 1 -92 0 -127 0
285 A 0 1 -118 0 -128 0
285 A -1 1 -17 0 101 0
285 A -1 1 -21 0 109 0
285 A -1 1 -23 0 -87 0
285 A -1 1 -25 0 103 0
285 A -1 1 -27 0 53 0
285 A -1 1 -29 0 -69 0
285 A -1 1 -35 0 -49 0
285 A -1 1 -37 0 -85 0
285 A -1 1 -43 0 -133 0
285 A -1 1 -45 0 89 0
285 A -1 1 -47 0 -73 0
285 A -1 1 -51 0 129 0
285 A -1 1 -61 0 -75 0
285 A -1 1 -67 0 111 0
285 A -1 1 -71 0 141 0
285 A -1 1 -79 0 105 0
285 A -1 1 -107 0 139 0
285 A -1 1 -119 0 137 0
285 A -1 1 -125 0 135 0
285 A 1 1 -17 0 101 0
285 A 1 1 -21 0 109 0
285 A 1 1 -23 0 -87 0
285 A 1 1 -25 0 103 0
285 A 1 1 -27 0 53 0
285 A 1 1 -29 0 -69 0
285 A 1 1 -35 0 -49 0
285 A 1 1 -37 0 -85 0
285 A 1 1 -43 0 -133 0
285 A 1 1 -45 0 89 0
285 A 1 1 -47 0 -73 0
285 A 1 1 -51 0 129 0
285 A 1 1 -61 0 -75 0
285 A 1 1 -67 0 111 0
285 A 1 1 -71 0 141 0
285 A 1 1 -79 0 105 0
285 A 1 1 -107 0 139 0
285 A 1 1 -119 0 137 0
285 A 1 1 -125 0 135 0
285 A 17 0 -3 -1 4 -7
285 A 17 0 3 -1 -4 -7
285 A 17 0 -4 -1 6 7
285 A 17 0 4 -1 -6 7
285 A 17 0 -5 -1 -3 4
285 A 17 0 5 -1 3 4
285 A 17 0 -6 -1 -3 -8
285 A 17 0 6 -1 3 -8
285 A 17 0 -7 -1 -4 3
285 A 17 0 7 -1 4 3
285 A 17 0 -8 -1 -1 -2
285 A 17 0 8 -1 1 -2
285 A 17 0 -2 -2 -3 3
285 A 17 0 2 -2 3 3
285 A 17 0 -3 -2 2 -7
285 A 17 0 3 -2 -2 -7
285 A 17 0 -5 -2 -7 -4
285 A 17 0 5 -2 7 -4
285 A 17 0 -6 -2 2 5
285 A 17 0 6 -2 -2 5
285 A 17 0 -7 -2 -7 2
285 A 17 0 -8 -2 3 -5
285 A 17 0 8 -2 -3 -5
285 A 17 0 0 -3 0 -7
285 A 17 0 -1 -3 -1 3
285 A 17 0 -2 -3 1 7
285 A 17 0 2 -3 -1 7
285 A 17 0 -5 -3 -2 8
285 A 17 0 5 -3 2 8
285 A 17 0 -7 -3 -6 5
285 A 17 0 7 -3 6 5
285 A 17 0 -8 -3 -7 -8
285 A 17 0 8 -3 7 -8
285 A 17 0 -1 -4 7 6
285 A 17 0 1 -4 -7 6
285 A 17 0 -2 -4 -4 8
285 A 17 0 2 -4 4 8
285 A 17 0 -4 -4 7 -7
285 A 17 0 4 -4 -7 -7
285 A 17 0 -5 -4 -1 -6
285 A 17 0 5 -4 1 -6
285 A 17 0 -6 -4 1 5
285 A 17 0 6 -4 -1 5
285 A 17 0 0 -5 0 6
285 A 17 0 -4 -5 4 -5
285 A 17 0 -5 -5 -8 8
285 A 17 0 5 -5 8 8
285 A 17 0 -8 -5 -4 -6
285 A 17 0 8 -5 4 -6
285 A 17 0 -2 -6 8 -7
285 A 17 0 2 -6 -8 -7
285 A 17 0 -3 -6 3 -6
285 A 17 0 -8 -6 5 -8
285 A 17 0 8 -6 -5 -8
285 A 17 0 -5 -7 -5 7
285 A 17 0 -6 -8 6 -8
285 A -2 1 -20 0 -128 -1
285 A -2 1 -30 0 104 1
285 A -2 1 -45 0 -120 -1
285 A -2 1 -61 0 -88 -1
285 A -2 1 -78 -1 110 1
285 A 2 1 -20 0 -128 1
285 A 2 1 -30 0 104 -1
285 A 2 1 -45 0 -120 1
285 A 2 1 -61 0 -88 1
285 A 2 1 78 -1 -110 1
285 A -3 1 -19 0 31 0
285 A -3 1 -25 0 -47 0
285 A -3 1 -29 0 68 1
285 A -3 1 -37 0 -140 -1
285 A -3 1 -41 0 -43 0
285 A -3 1 -52 -1 136 1
285 A -3 1 -62 -1 92 1
285 A -3 1 -64 -1 76 1
285 A -3 1 -80 -1 -82 -1
285 A -3 1 -86 -1 -106 -1
285 A -3 1 -98 -1 128 1
285 A -3 1 -100 -1 -134 -1
285 A -3 1 -122 -1 -124 -1
285 A 3 1 -19 0 31 0
285 A 3 1 -25 0 -47 0
285 A 3 1 -29 0 68 -1
285 A 3 1 -37 0 -140 1
285 A 3 1 -41 0 -43 0
285 A 3 1 52 -1 -136 1
285 A 3 1 62 -1 -92 1
285 A 3 1 64 -1 -76 1
285 A 3 1 80 -1 82 -1
285 A 3 1 86 -1 106 -1
285 A 3 1 98 -1 -128 1
285 A 3 1 100 -1 134 -1
285 A 3 1 122 -1 124 -1
285 A -4 1 -18 0 -109 -2
285 A -4 1 -22 0 -37 -1
285 A -4 1 -32 0 -43 -1
285 A -4 1 -40 -1 122 2
285 A -4 1 -41 -1 -103 -1
285 A -4 1 -60 -1 119 2
285 A -4 1 -61 -1 84 1
285 A -4 1 -83 -1 -120 -2
285 A -4 1 -85 -1 107 2
285 A -4 1 -104 -1 123 2
285 A -4 1 -107 -1 -133 -2
285 A 4 1 -18 0 -109 2
285 A 4 1 -22 0 -37 1
285 A 4 1 -32 0 -43 1
285 A 4 1 40 -1 -122 2
285 A 4 1 41 -1 103 -1
285 A 4 1 60 -1 -119 2
285 A 4 1 61 -1 -84 1
285 A 4 1 83 -1 120 -2
285 A 4 1 85 -1 -107 2
285 A 4 1 104 -1 -123 2
285 A 4 1 107 -1 133 -2
285 A -5 1 -19 0 44 1
285 A -5 1 -21 0 -54 -1
285 A -5 1 -23 0 27 0
285 A -5 1 -28 -1 42 1
285 A -5 1 -32 -1 -62 -1
285 A -5 1 -36 -1 111 2
285 A -5 1 -48 -1 107 2
285 A -5 1 -76 -1 101 2
285 A -5 1 -78 -1 117 2
285 A -5 1 -87 -2 -137 -2
285 A -5 1 -119 -2 139 2
285 A 5 1 -19 0 44 -1
285 A 5 1 -21 0 -54 1
285 A 5 1 -23 0 27 0
285 A 5 1 28 -1 -42 1
285 A 5 1 32 -1 62 -1
285 A 5 1 36 -1 -111 2
285 A 5 1 48 -1 -107 2
285 A 5 1 76 -1 -101 2
285 A 5 1 78 -1 -117 2
285 A 5 1 87 -2 137 -2
285 A 5 1 119 -2 -139 2
285 A -6 1 -22 0 67 1
285 A -6 1 -26 0 -31 -1
285 A -6 1 -22 -1 -131 -3
285 A -6 1 -28 -1 73 2
285 A -6 1 -29 -1 -49 -1
285 A -6 1 -37 -1 100 2
285 A -6 1 -46 -1 124 3
285 A -6 1 -50 -1 74 2
285 A -6 1 -62 -1 -106 -2
285 A -6 1 -64 -1 121 2
285 A -6 1 -77 -2 89 2
285 A -6 1 -91 -2 -116 -3
285 A -6 1 -101 -2 113 2
285 A 6 1 -22 0 67 -1
285 A 6 1 -26 0 -31 1
285 A 6 1 22 -1 131 -3
285 A 6 1 28 -1 -73 2
285 A 6 1 29 -1 49 -1
285 A 6 1 37 -1 -100 2
285 A 6 1 46 -1 -124 3
285 A 6 1 50 -1 -74 2
285 A 6 1 62 -1 106 -2
285 A 6 1 64 -1 -121 2
285 A 6 1 77 -2 -89 2
285 A 6 1 91 -2 116 -3
285 A 6 1 101 -2 -113 2
285 A 18 0 -8 -1 -4 5
285 A 18 0 8 -1 4 5
285 A 18 0 -2 -5 2 -5
285 A 18 0 -2 -7 2 -7
285 A -7 1 -19 0 -102 -3
285 A -7 1 -21 0 -138 -3
285 A -7 1 -23 0 -22 -1
285 A -7 1 -18 -1 126 3
285 A -7 1 -20 -1 85 2
285 A -7 1 -28 -1 91 2
285 A -7 1 -36 -1 87 2
285 A -7 1 -46 -1 -56 -1
285 A -7 1 -64 -1 -106 -3
285 A -7 1 -65 -2 -79 -2
285 A -7 1 -73 -2 -105 -2
285 A -7 1 -108 -3 124 3
285 A 7 1 -19 0 -102 3
285 A 7 1 -21 0 -138 3
285 A 7 1 -23 0 -22 1
285 A 7 1 18 -1 -126 3
285 A 7 1 20 -1 -85 2
285 A 7 1 28 -1 -91 2
285 A 7 1 36 -1 -87 2
285 A 7 1 46 -1 56 -1
285 A 7 1 64 -1 106 -3
285 A 7 1 65 -2 79 -2
285 A 7 1 73 -2 105 -2
285 A 7 1 108 -3 -124 3
285 A -8 1 -19 0 123 3
285 A -8 1 -20 0 -125 -4
285 A -8 1 -21 0 109 3
285 A -8 1 -16 -1 128 4
285 A -8 1 -25 -1 -58 -2
285 A -8 1 -29 -1 -50 -2
285 A -8 1 -47 -1 133 4
285 A -8 1 -54 -1 128 3
285 A -8 1 -76 -2 -86 -3
285 A 8 1 -19 0 123 -3
285 A 8 1 -20 0 -125 4
285 A 8 1 -21 0 109 -3
285 A 8 1 16 -1 -128 4
285 A 8 1 25 -1 58 -2
285 A 8 1 29 -1 50 -2
285 A 8 1 47 -1 -133 4
285 A 8 1 54 -1 -128 3
285 A 8 1 76 -2 86 -3
285 A 19 0 -9 -1 -2 -4
285 A 19 0 9 -1 2 -4
285 A 19 0 -1 -2 1 -2
285 A 19 0 -2 -2 -9 9
285 A 19 0 2 -2 9 9
285 A 19 0 -3 -2 -6 4
285 A 19 0 3 -2 6 4
285 A 19 0 -9 -2 -2 -8
285 A 19 0 9 -2 2 -8
285 A 19 0 -1 -3 1 -3
285 A 19 0 -2 -3 -9 4
285 A 19 0 2 -3 9 4
285 A 19 0 -8 -3 -7 5
285 A 19 0 8 -3 7 5
285 A 19 0 -9 -3 -2 7
285 A 19 0 9 -3 2 7
285 A 19 0 -1 -4 1 -4
285 A 19 0 -7 -4 -8 -9
285 A 19 0 7 -4 8 -9
285 A 19 0 -3 -5 -6 -9
285 A 19 0 3 -5 6 -9
285 A 19 0 -4 -5 5 8
285 A 19 0 4 -5 -5 8
285 A 19 0 -6 -5 -3 -7
285 A 19 0 6 -5 3 -7
285 A 19 0 -1 -6 1 -6
285 A 19 0 -2 -6 -9 8
285 A 19 0 2 -6 9 8
285 A 19 0 -3 -6 -6 -7
285 A 19 0 3 -6 6 -7
285 A 19 0 -1 -7 1 -7
285 A 19 0 -7 -7 -8 8
285 A 19 0 7 -7 8 8
285 A 19 0 -1 -8 1 -8
285 A 19 0 -4 -8 5 9
285 A 19 0 4 -8 -5 9
285 A -9 1 -16 -1 -125 -4
285 A -9 1 -20 -1 83 2
285 A -9 1 -26 -1 -88 -3
285 A -9 1 -46 -1 -137 -4
285 A -9 1 -61 -2 112 3
285 A -9 1 -65 -2 -79 -2
285 A -9 1 -107 -4 -115 -4
285 A 9 1 16 -1 125 -4
285 A 9 1 20 -1 -83 2
285 A 9 1 26 -1 88 -3
285 A 9 1 46 -1 137 -4
285 A 9 1 61 -2 -112 3
285 A 9 1 65 -2 79 -2
285 A 9 1 107 -4 115 -4
285 A -10 1 -17 -1 -47 -1
285 A -10 1 -26 -1 -99 -4
285 A -10 1 -27 -1 -42 -1
285 A -10 1 -43 -1 -98 -4
285 A -10 1 -38 -2 -53 -2
285 A -10 1 -49 -2 -76 -3
285 A -10 1 -51 -2 101 4
285 A -10 1 -62 -2 78 3
285 A -10 1 -63 -2 127 4
285 A -10 1 -72 -3 -87 -3
285 A -10 1 -74 -3 124 5
285 A -10 1 -84 -3 129 5
285 A -10 1 -97 -4 123 4
285 A -10 1 -118 -4 -133 -4
285 A 10 1 17 -1 47 -1
285 A 10 1 26 -1 99 -4
285 A 10 1 27 -1 42 -1
285 A 10 1 43 -1 98 -4
285 A 10 1 38 -2 53 -2
285 A 10 1 49 -2 76 -3
285 A 10 1 51 -2 -101 4
285 A 10 1 62 -2 -78 3
285 A 10 1 63 -2 -127 4
285 A 10 1 72 -3 87 -3
285 A 10 1 74 -3 -124 5
285 A 10 1 84 -3 -129 5
285 A 10 1 97 -4 -123 4
285 A 10 1 118 -4 133 -4
285 A 20 0 -1 -2 1 -2
285 A 20 0 -2 -3 -2 -7
285 A 20 0 2 -3 2 -7
285 A 20 0 -4 -3 4 -3
285 A 20 0 -1 -6 1 -6
285 A 20 0 -6 -9 6 -9
285 A -11 1 -12 -1 42 1
285 A -11 1 -28 -1 122 5
285 A -11 1 -44 -1 -111 -4
285 A -11 1 -49 -2 128 5
285 A -11 1 -53 -2 113 4
285 A 11 1 12 -1 -42 1
285 A 11 1 28 -1 -122 5
285 A 11 1 44 -1 111 -4
285 A 11 1 49 -2 -128 5
285 A 11 1 53 -2 -113 4
285 A -12 1 -17 -1 50 2
285 A -12 1 -20 -1 -43 -2
285 A -12 1 -22 -1 -104 -5
285 A -12 1 -23 -1 -37 -1
285 A -12 1 -25 -1 34 2
285 A -12 1 -38 -1 -103 -5
285 A -12 1 -58 -3 118 5
285 A -12 1 -62 -3 125 6
285 A -12 1 -64 -3 85 4
285 A -12 1 -80 -3 -136 -5
285 A -12 1 -106 -5 127 6
285 A 12 1 17 -1 -50 2
285 A 12 1 20 -1 43 -2
285 A 12 1 22 -1 104 -5
285 A 12 1 23 -1 37 -1
285 A 12 1 25 -1 -34 2
285 A 12 1 38 -1 103 -5
285 A 12 1 58 -3 -118 5
285 A 12 1 62 -3 -125 6
285 A 12 1 64 -3 -85 4
285 A 12 1 80 -3 136 -5
285 A 12 1 106 -5 -127 6
285 A 21 0 -7 -2 7 -5
285 A 21 0 7 -2 -7 -5
285 A 21 0 -10 -2 10 -2
285 A 21 0 -4 -5 4 -5
285 A 21 0 -5 -5 -10 10
285 A 21 0 5 -5 10 10
285 A 21 0 -2 -8 8 10
285 A 21 0 2 -8 -8 10
285 A -13 1 -24 -1 83 4
285 A -13 1 -47 -2 -121 -6
285 A -13 1 -89 -4 96 5
285 A 13 1 24 -1 -83 4
285 A 13 1 47 -2 121 -6
285 A 13 1 89 -4 -96 5
285 A -14 1 -28 -1 70 4
285 A -14 1 -28 -2 -90 -4
285 A -14 1 -35 -2 56 2
285 A -14 1 -68 -3 -139 -6
285 A -14 1 -72 -3 103 5
285 A -14 1 -98 -5 -125 -6
285 A 14 1 28 -1 -70 4
285 A 14 1 28 -2 90 -4
285 A 14 1 35 -2 -56 2
285 A 14 1 68 -3 139 -6
285 A 14 1 72 -3 -103 5
285 A 14 1 98 -5 125 -6
285 A 22 0 0 -3 0 -7
285 A 22 0 0 -5 0 9
285 A 22 0 -2 -7 -2 7
285 A 23 0 0 -2 0 -9
285 A 23 0 -8 -3 11 -7
285 A 23 0 8 -3 -11 -7
285 A 23 0 -9 -3 9 -3
285 A 23 0 -2 -4 -9 -5
285 A 23 0 2 -4 9 -5
285 A 23 0 -3 -4 -9 -11
285 A 23 0 3 -4 9 -11
285 A 23 0 -4 -4 -4 4
285 A 23 0 -5 -4 -8 11
285 A 23 0 5 -4 8 11
285 A 23 0 -11 -4 -1 -8
285 A 23 0 11 -4 1 -8
285 A 23 0 -1 -5 -6 7
285 A 23 0 1 -5 6 7
285 A 23 0 -8 -5 -10 -11
285 A 23 0 8 -5 10 -11
285 A 23 0 -11 -5 11 -5
285 A 23 0 -5 -6 7 10
285 A 23 0 5 -6 -7 10
285 A -16 1 -24 -1 129 8
285 A -16 1 -33 -2 -130 -8
285 A 16 1 24 -1 -129 8
285 A 16 1 33 -2 130 -8
285 A 24 0 -1 -2 -11 -2
285 A 24 0 1 -2 11 -2
285 A 24 0 -2 -7 2 -7
285 A 24 0 -1 -10 -11 -10
285 A 24 0 1 -10 11 -10
285 A -18 1 -25 -1 31 3
285 A -18 1 -16 -2 46 2
285 A -18 1 -23 -2 -127 -9
285 A -18 1 -37 -2 130 9
285 A 18 1 25 -1 -31 3
285 A 18 1 16 -2 -46 2
285 A 18 1 23 -2 127 -9
285 A 18 1 37 -2 -130 9
285 A 25 0 -6 -2 6 -2
285 A 25 0 -9 -3 4 7
285 A 25 0 9 -3 -4 7
285 A 25 0 -3 -4 12 9
285 A 25 0 3 -4 -12 9
285 A 25 0 -4 -4 4 -4
285 A 25 0 -7 -6 -2 -9
285 A 25 0 7 -6 2 -9
285 A 25 0 -8 -11 -8 11
285 A -19 1 -26 -1 87 6
285 A 19 1 26 -1 -87 6
285 A 26 0 -2 -9 2 -9
285 A -20 1 -93 -6 -123 -8
285 A -20 1 -103 -7 127 10
285 A 20 1 93 -6 123 -8
285 A 20 1 103 -7 -127 10
285 A 27 0 -2 -5 2 -5
285 A 27 0 -7 -7 7 -7
285 A 27 0 -8 -7 -13 8
285 A 27 0 8 -7 13 8
285 A 27 0 -10 -10 13 -13
285 A 27 0 10 -10 -13 -13
285 A 27 0 -11 -10 11 -10
285 A -22 1 -28 -1 125 9
285 A -22 1 -53 -5 74 5
285 A 22 1 28 -1 -125 9
285 A 22 1 53 -5 -74 5
285 A 28 0 -9 -2 -11 -10
285 A 28 0 9 -2 11 -10
285 A 28 0 0 -3 0 13
285 A -23 1 -13 -2 23 2
285 A 23 1 13 -2 -23 2
285 A 29 0 0 -2 0 3
285 A 29 0 -6 -2 4 -11
285 A 29 0 6 -2 -4 -11
285 A 29 0 -9 -3 -7 12
285 A 29 0 9 -3 7 12
285 A 29 0 -14 -3 12 14
285 A 29 0 14 -3 -12 14
285 A 29 0 -14 -5 10 13
285 A 29 0 14 -5 -10 13
285 A 29 0 -11 -13 11 -13
285 A 29 0 -13 -14 13 -14
285 A 29 0 -14 -14 -14 14
285 A -24 1 -43 -4 79 6
285 A 24 1 43 -4 -79 6
285 A 31 0 -3 -3 3 -3
285 A 31 0 -10 -7 -8 -13
285 A 31 0 10 -7 8 -13
285 A 31 0 -7 -8 -7 8
285 A 31 0 -14 -13 14 -13
285 A -26 1 -32 -3 62 4
285 A -26 1 -52 -6 105 10
285 A 26 1 32 -3 -62 4
285 A 26 1 52 -6 -105 10
285 A 32 0 -6 -15 6 -15
285 A -28 1 -100 -8 -126 -14
285 A 28 1 100 -8 126 -14
285 A 0 2 -32 1 98 1
285 A 0 2 -37 0 -77 0
285 A 0 2 -58 1 172 1
285 A -6 2 -41 0 -43 0
285 A -6 2 -95 -2 -157 -2
285 A -6 2 -119 -2 -121 -2
285 A -6 2 -203 -2 -205 -2
285 A 6 2 -41 0 -43 0
285 A 6 2 95 -2 157 -2
285 A 6 2 119 -2 121 -2
285 A 6 2 203 -2 205 -2
285 A -7 2 -42 0 216 3
285 A 7 2 -42 0 216 -3
285 A -8 2 -40 -1 126 1
285 A -8 2 -124 -1 202 3
285 A 8 2 40 -1 -126 1
285 A 8 2 124 -1 -202 3
285 A -32 1 -52 -5 69 10
285 A 32 1 52 -5 -69 10
285 A 37 0 -14 -14 14 -14
285 A 39 0 -11 -4 11 -4
285 A 39 0 -2 -17 2 -17
285 A 40 0 -14 -9 14 -9
285 A 41 0 -15 -5 20 7
285 A 41 0 15 -5 -20 7
285 A 41 0 -16 -5 16 -5
285 A 41 0 -11 -10 -10 -17
285 A 41 0 11 -10 10 -17
285 A -38 1 -30 -7 64 8
285 A 38 1 30 -7 -64 8
285 A 43 0 -21 -7 21 -7
285 A 43 0 -1 -14 11 18
285 A 43 0 1 -14 -11 18
285 A 45 0 -11 -11 11 -11
285 A 45 0 -16 -16 16 -16
285 A -42 1 -5 -3 -64 -13
285 A 42 1 5 -3 64 -13
285 A 47 0 -23 -8 22 23
285 A 47 0 23 -8 -22 23
285 A 47 0 -23 -23 23 -23
285 A 0 3 -58 0 -398 0
285 A -3 3 -143 -2 -355 -2
285 A 3 3 143 -2 355 -2
285 A -50 1 -73 -8 -83 -12
285 A 50 1 73 -8 83 -12
285 A -52 1 -57 -10 -59 -16
285 A 52 1 57 -10 59 -16
285 A 57 0 -20 -4 20 -4
285 A 59 0 -29 -5 29 -5
285 A 0 4 -476 -1 476 -1
285 A 69 0 -34 -5 34 -5
285 A 71 0 -6 -6 6 -6
285 A 71 0 -24 -8 24 -8
285 A 83 0 -35 -7 35 -7
285 A 93 0 -28 -28 28 -28
285 A 97 0 -10 -29 10 -29
285 A 111 0 -14 -14 14 -14
285 A 115 0 -14 -43 14 -43
285 A 125 0 -21 -21 21 -21
285 A 135 0 -34 -34 34 -34
285 A 141 0 -70 -70 70 -70
285 S 0 1 5 0
285 S 0 2 5 0
285 S 3 1 6 0
285 S 3 1 7 0
285 S -1 2 7 0
285 S 2 3 7 0
285 S -3 1 7 0
285 S 1 2 7 0
285 S -2 3 7 0
285 S 5 1 10 0
285 S 5 3 10 0
285 S 1 1 11 0
285 S 2 2 11 0
285 S 3 3 11 0
285 S 4 4 11 0
285 S 5 5 11 0
285 S -1 1 11 0
285 S -2 2 11 0
285 S -3 3 11 0
285 S -4 4 11 0
285 S -5 5 11 0
285 S 1 1 13 0
285 S 2 2 13 0
285 S 3 3 13 0
285 S 4 4 13 0
285 S 5 5 13 0
285 S 6 6 13 0
285 S -1 1 13 0
285 S -2 2 13 0
285 S -3 3 13 0
285 S -4 4 13 0
285 S -5 5 13 0
285 S -6 6 13 0
285 S 3 1 14 0
285 S -5 3 14 0
285 S 1 5 14 0
285 S -3 1 14 0
285 S 5 3 14 0
285 S -1 5 14 0
285 S 0 1 15 0
285 S 0 2 15 0
285 S 0 4 15 0
285 S 0 7 15 0
285 S -17 0 -2 1
285 S -34 0 -2 1
285 S -51 0 -2 1
285 S -68 0 -2 1
285 S -83 -1 -2 1
285 S -100 -1 -2 1
285 S -117 -1 -2 1
285 S -134 -1 -2 1
285 S 2 -1 17 0
285 S 4 -2 17 0
285 S 6 -3 17 0
285 S 8 -4 17 0
285 S -7 -5 17 0
285 S -5 -6 17 0
285 S -3 -7 17 0
285 S -1 -8 17 0
285 T 511 243 1552 0 0
285 T 1554 249 1604 0 0
285 T 1606 295 509 0 0
285 T 295 251 243 0 0
285 T 506 288 1640 0 0
285 T 1507 244 504 0 0
285 T 1642 254 1505 0 0
285 T 244 252 288 0 0
285 T 181 173 177 0 0
285 T 179 607 1612 1 0
285 T 1614 1651 183 -1 0
285 T 1651 605 173 1 0
285 T 167 1241 529 0 0
285 T 531 546 533 0 0
285 T 535 1286 165 0 0
285 T 1286 544 1241 0 0
285 T 280 283 279 -1 0
285 T 277 1620 1657 0 0
285 T 1659 606 282 0 0
285 T 606 1622 283 1 0
285 T 363 457 353 0 0
285 T 355 1387 1340 0 0
285 T 1342 252 361 0 0
285 T 252 1385 457 0 0
285 T 251 459 1437 0 0
285 T 1297 356 249 0 0
285 T 1439 350 1299 0 0
285 T 356 348 459 0 0
285 T 239 483 1608 0 0
285 T 231 306 237 0 0
285 T 1610 1461 229 0 0
285 T 306 1463 483 0 0
285 T 234 306 224 0 0
285 T 226 1411 1644 0 0
285 T 1646 476 232 0 0
285 T 476 1409 306 0 0
285 T 472 356 1604 0 0
285 T 1554 1299 474 0 0
285 T 474 1340 1505 0 0
285 T 1642 363 472 0 0
285 T 955 144 1657 0 0
285 T 1622 150 949 0 0
285 T 154 148 144 0 0
285 T 472 364 1428 0 0
285 T 1430 420 1604 0 0
285 T 358 422 364 0 0
285 T 1379 371 472 0 0
285 T 1642 419 1377 0 0
285 T 371 417 361 0 0
285 T 511 539 505 0 0
285 T 1506 319 1552 0 0
285 T 1430 1125 509 0 0
285 T 1125 420 293 0 0
285 T 506 1179 1377 0 0
285 T 290 419 1179 0 0
285 T 758 971 616 0 0
285 T 618 965 680 0 0
285 T 251 310 253 0 0
285 T 1386 551 1437 0 0
285 T 855 733 1244 0 0
285 T 847 982 853 0 0
285 T 1246 121 845 0 0
285 T 982 123 733 0 0
285 T 850 985 840 0 0
285 T 842 121 1201 0 0
285 T 1203 810 848 0 0
285 T 810 123 985 0 0
285 T 895 1916 177 0 0
285 T 175 1975 889 0 0
285 T 1916 117 1975 0 0
285 T 216 432 1277 0 0
285 T 1279 1234 1011 -1 0
285 T 430 436 432 0 0
285 T 1234 438 217 0 0
285 T 575 441 1636 -1 0
285 T 1638 84 1600 0 0
285 T 1602 447 573 0 0
285 T 447 84 441 0 0
285 T 995 1033 985 0 0
285 T 810 1479 993 0 0
285 T 1479 123 1033 0 0
285 T 990 1425 733 0 0
285 T 982 1030 988 0 0
285 T 1030 123 1425 0 0
285 T 167 1234 921 -1 0
285 T 919 1277 165 0 0
285 T 923 1009 917 0 0
285 T 151 752 1017 0 0
285 T 1019 1015 1011 -1 0
285 T 615 828 752 0 0
285 T 828 147 1015 0 0
285 T 174 1402 633 0 0
285 T 635 648 637 0 0
285 T 639 1189 172 0 0
285 T 1189 650 1402 0 0
285 T 178 1138 637 0 0
285 T 635 1453 176 0 0
285 T 1453 648 1138 0 0
285 T 191 1225 921 0 0
285 T 923 906 914 0 0
285 T 912 1348 189 0 0
285 T 1348 904 1225 0 0
285 T 912 184 1304 0 0
285 T 911 918 914 0 0
285 T 1306 1269 909 0 0
285 T 918 1271 184 0 0
285 T 991 662 1581 0 0
285 T 999 1004 989 0 0
285 T 1583 7 997 0 0
285 T 1004 6 662 0 0
285 T 994 1007 1000 0 0
285 T 1002 7 1533 0 0
285 T 1535 661 992 0 0
285 T 407 428 409 0 0
285 T 411 587 1880 0 0
285 T 1939 581 405 0 0
285 T 1882 111 1937 0 0
285 T 403 386 394 0 0
285 T 392 1617 1849 0 0
285 T 1851 974 401 0 0
285 T 974 1619 386 0 0
285 T 398 977 1821 0 0
285 T 394 389 396 0 0
285 T 1823 1655 392 0 0
285 T 389 1653 977 0 0
285 T 928 260 1457 0 0
285 T 1459 296 2012 0 0
285 T 2014 258 930 0 0
285 T 258 298 260 0 0
285 T 930 257 2032 0 0
285 T 1407 267 928 0 0
285 T 2034 303 1405 0 0
285 T 267 301 257 0 0
285 T 191 399 1252 0 0
285 T 1254 393 1300 0 0
285 T 1302 388 189 0 0
285 T 186 387 1344 0 0
285 T 1211 400 184 0 0
285 T 1346 393 1209 0 0
285 T 875 157 1600 0 0
285 T 879 87 873 0 0
285 T 1638 159 877 0 0
285 T 371 997 1512 0 0
285 T 1514 1964 361 0 0
285 T 419 1966 997 0 0
285 T 358 1910 1560 0 0
285 T 1562 1002 364 0 0
285 T 1002 1908 420 0 0
285 T 963 831 1657 0 0
285 T 955 1012 961 0 0
285 T 958 1019 948 0 0
285 T 1623 752 956 0 0
285 T 879 885 869 0 0
285 T 871 725 1632 0 0
285 T 1634 179 877 0 0
285 T 179 727 885 0 0
285 T 874 172 1597 0 0
285 T 866 882 872 0 0
285 T 1599 802 864 0 0
285 T 882 800 172 0 0
285 T 317 1841 1812 0 0
285 T 1814 296 353 0 0
285 T 351 302 1841 0 0
285 T 296 300 310 -1 0
285 T 283 1117 957 0 0
285 T 606 753 1117 1 0
285 T 605 1169 828 -1 0
285 T 283 960 1169 0 0
285 T 928 932 925 0 0
285 T 927 1323 1457 0 0
285 T 262 1321 932 0 0
285 T 926 939 928 0 0
285 T 1407 1365 924 0 0
285 T 939 1367 265 0 0
285 T 355 451 345 0 0
285 T 347 2010 1248 0 0
285 T 1250 529 353 0 0
285 T 529 2008 451 0 0
285 T 350 534 1205 0 0
285 T 342 452 348 0 0
285 T 1207 2028 340 0 0
285 T 452 2030 534 0 0
285 T 871 940 861 0 0
285 T 863 1242 1544 0 0
285 T 1546 270 869 0 0
285 T 270 1240 940 0 0
285 T 866 273 1497 0 0
285 T 858 947 864 0 0
285 T 1499 1284 856 0 0
285 T 947 1286 273 0 0
285 T 1614 114 1689 0 0
285 T 1687 115 1649 0 0
285 T 114 113 108 -1 0
285 T 1814 1092 345 0 0
285 T 449 1094 298 0 0
285 T 342 1074 1840 0 0
285 T 301 1072 454 0 0
285 T 123 118 122 0 0
285 T 120 1048 1832 0 0
285 T 1863 1049 121 0 0
285 T 1834 331 1861 0 0
285 T 367 903 1380 0 0
285 T 371 425 365 0 0
285 T 1434 897 369 0 0
285 T 1382 183 1432 0 0
285 T 511 1661 573 0 0
285 T 575 1626 505 0 0
285 T 1626 1663 537 -1 0
285 T 247 285 237 0 0
285 T 235 287 241 0 0
285 T 1711 1069 792 0 0
285 T 794 603 1573 0 0
285 T 1575 114 1709 0 0
285 T 114 601 1069 0 0
285 T 1706 114 1525 0 0
285 T 719 1090 1704 0 0
285 T 1527 596 717 0 0
285 T 1090 598 114 0 0
285 T 339 444 345 0 0
285 T 343 442 333 0 0
285 T 472 1556 1808 0 0
285 T 1810 202 1428 0 0
285 T 366 200 1556 0 0
285 T 1379 197 1836 0 0
285 T 1838 1510 472 0 0
285 T 1510 199 369 0 0
285 T 847 1051 837 0 0
285 T 835 1050 841 0 0
285 T 2010 169 2029 0 0
285 T 863 530 2000 0 0
285 T 2002 164 1544 -1 0
285 T 1499 167 2020 1 0
285 T 2022 533 856 0 0
285 T 1434 905 1512 0 0
285 T 999 907 899 0 0
285 T 1562 910 1381 0 0
285 T 900 908 1000 0 0
285 T 863 1619 1332 0 0
285 T 855 972 861 0 0
285 T 1334 384 853 0 0
285 T 858 979 848 0 0
285 T 850 391 1289 0 0
285 T 1291 1653 856 0 0
285 T 1473 2 1422 0 0
285 T 1464 194 1415 0 0
285 T 1420 1123 1466 0 0
285 T 1413 1172 1475 0 0
285 T 895 934 885 0 0
285 T 725 932 1918 0 0
285 T 882 937 888 0 0
285 T 1972 939 802 0 0
285 T 483 1363 804 0 0
285 T 806 1761 1461 0 0
285 T 306 1763 1363 0 0
285 T 476 729 1319 0 0
285 T 1317 1756 306 0 0
285 T 1756 731 1411 0 0
285 T 1218 966 401 0 0
285 T 1851 1043 1216 0 0
285 T 966 1041 972 0 0
285 T 398 969 1260 0 0
285 T 1262 1044 1821 0 0
285 T 979 1046 969 0 0
285 T 1510 608 1557 0 0
285 T 411 1958 1717 0 0
285 T 403 412 409 0 0
285 T 1719 1831 401 0 0
285 T 412 1829 1958 0 0
285 T 1712 396 1859 0 0
285 T 1857 413 1900 0 0
285 T 1902 406 1714 0 0
285 T 406 415 396 0 0
285 T 191 1856 1388 0 0
285 T 1390 1715 1252 0 0
285 T 1211 1716 1440 0 0
285 T 1442 1830 184 0 0
285 T 483 1028 1465 0 0
285 T 1414 1034 477 0 0
285 T 1038 1032 1028 0 0
285 T 1447 652 185 0 0
285 T 1443 1459 1445 0 0
285 T 652 1457 1829 0 0
285 T 653 1395 190 0 0
285 T 1859 1407 655 0 0
285 T 1395 1405 1389 0 0
285 T 419 1142 989 0 0
285 T 1964 1004 1142 0 0
285 T 994 1192 420 0 0
285 T 1192 1007 1910 0 0
285 T 132 136 129 0 0
285 T 131 142 133 0 0
285 T 1114 1261 1876 0 0
285 T 1878 1281 137 0 0
285 T 1281 1263 1259 0 0
285 T 1226 1182 1949 0 0
285 T 1222 1231 1224 0 0
285 T 1951 144 1220 0 0
285 T 1130 1270 1895 0 0
285 T 1893 1264 149 0 0
285 T 1264 1268 1275 0 0
285 T 1199 1954 1223 0 0
285 T 145 1227 1954 0 0
285 T 1146 1282 1915 0 0
285 T 1913 1262 138 0 0
285 T 1144 1266 1899 0 0
285 T 1897 1268 151 0 0
285 T 142 1239 1932 0 0
285 T 1934 1219 1165 0 0
285 T 1213 1217 1239 0 0
285 T 141 1216 1971 0 0
285 T 1969 1236 1196 0 0
285 T 208 1061 229 0 0
285 T 1610 1686 210 0 0
285 T 1686 1461 1061 0 0
285 T 210 1689 1644 0 0
285 T 226 1082 208 0 0
285 T 1082 1411 1689 0 0
285 T 2014 679 937 0 0
285 T 679 258 926 0 0
285 T 934 676 2032 0 0
285 T 208 1564 1816 0 0
285 T 1818 1781 229 0 0
285 T 1063 1783 1564 0 0
285 T 226 1778 1844 0 0
285 T 1846 1518 208 0 0
285 T 1518 1776 1080 0 0
285 T 523 715 134 0 0
285 T 513 517 521 0 0
285 T 715 791 1988 -1 0
285 T 517 133 791 0 0
285 T 867 1885 1481 0 0
285 T 1483 817 1496 0 0
285 T 1598 294 1481 0 0
285 T 1943 1486 870 0 0
285 T 1486 289 1633 0 0
285 T 740 1486 1547 0 0
285 T 567 433 1244 0 0
285 T 855 2116 565 0 0
285 T 1334 717 565 0 0
285 T 1289 560 792 0 0
285 T 2074 562 850 0 0
285 T 1203 438 560 0 0
285 T 1818 586 772 0 0
285 T 1889 584 1783 0 0
285 T 587 1418 265 0 0
285 T 1418 1780 816 0 0
285 T 580 1944 1777 0 0
285 T 1845 696 582 0 0
285 T 580 260 1470 0 0
285 T 1468 741 1777 0 0
285 T 834 1835 1201 0 0
285 T 1247 1860 836 0 0
285 T 1218 2182 409 0 0
285 T 2182 966 414 0 0
285 T 1261 405 2171 0 0
285 T 2169 414 970 0 0
285 T 179 752 1681 0 0
285 T 1683 1118 1612 0 0
285 T 1678 831 172 0 0
285 T 1650 1168 1676 0 0
285 T 471 1711 2044 0 0
285 T 762 1531 469 0 0
285 T 1531 383 1711 0 0
285 T 471 1069 337 0 0
285 T 464 332 1088 0 0
285 T 1704 2090 466 0 0
285 T 1704 376 1577 0 0
285 T 1579 687 466 0 0
285 T 523 1143 1396 0 0
285 T 1398 1982 134 0 0
285 T 1982 1141 713 0 0
285 T 1985 788 1193 0 0
285 T 1195 518 1450 0 0
285 T 1448 132 1987 0 0
285 T 143 1804 1849 0 0
285 T 392 1065 141 0 0
285 T 1065 1617 1804 0 0
285 T 138 1086 392 0 0
285 T 1823 1803 136 0 0
285 T 1803 1655 1086 0 0
285 T 277 269 273 0 0
285 T 115 1736 1169 0 0
285 T 1171 1370 597 0 0
285 T 1091 1368 1736 0 0
285 T 115 1117 1733 0 0
285 T 1735 1326 1068 0 0
285 T 602 1324 1117 0 0
285 T 1806 1043 1971 0 0
285 T 1800 1914 1047 0 0
285 T 187 192 189 0 0
285 T 1302 1990 1345 0 0
285 T 375 454 381 0 0
285 T 379 448 373 0 0
285 T 555 415 616 0 0
285 T 758 2170 553 0 0
285 T 2183 682 555 0 0
285 T 511 1745 1548 0 0
285 T 1550 1371 573 0 0
285 T 1663 1369 1745 0 0
285 T 574 1325 1501 0 0
285 T 1503 1742 504 0 0
285 T 1742 1327 1625 0 0
285 T 912 164 2105 -1 0
285 T 2107 1827 189 0 0
285 T 1827 166 1350 0 0
285 T 186 1853 2061 0 0
285 T 2063 167 912 1 0
285 T 1304 165 1853 0 0
285 T 1546 1789 1628 0 0
285 T 1630 146 1485 0 0
285 T 146 1791 741 0 0
285 T 1482 149 1593 0 0
285 T 1595 1794 1497 0 0
285 T 818 1792 149 0 0
285 T 1140 1424 2126 0 0
285 T 1195 2083 1477 0 0
285 T 198 678 2108 0 0
285 T 1174 672 196 0 0
285 T 2110 670 1172 0 0
285 T 672 668 678 0 0
285 T 202 674 1121 0 0
285 T 1123 668 2065 0 0
285 T 2067 676 200 0 0
285 T 1699 142 1300 0 0
285 T 1254 1064 1697 0 0
285 T 1694 1087 1209 0 0
285 T 1346 137 1692 0 0
285 T 1671 1949 1485 0 0
285 T 1630 1222 1669 0 0
285 T 1482 1895 1664 0 0
285 T 1666 1264 1593 0 0
285 T 1983 1424 377 0 0
285 T 1985 381 1477 0 0
285 T 563 1566 1096 0 0
285 T 1150 1517 565 0 0
285 T 1973 1366 1907 0 0
285 T 1961 1320 1919 0 0
285 T 1673 1677 1681 0 0
285 T 499 495 491 -1 0
285 T 1534 285 2225 0 0
285 T 2227 14 993 0 0
285 T 14 287 662 0 0
285 T 990 14 2201 0 0
285 T 2203 286 1580 0 0
285 T 239 1727 1152 0 0
285 T 1154 1102 319 -1 0
285 T 1786 1723 1727 0 0
285 T 1102 1721 233 0 0
285 T 499 1391 1148 0 0
285 T 1150 1393 2040 0 0
285 T 2042 1405 497 0 0
285 T 1097 2084 1445 0 0
285 T 1443 494 1099 0 0
285 T 494 1459 2084 0 0
285 T 267 1072 2037 0 0
285 T 2039 452 257 0 0
285 T 258 451 2017 0 0
285 T 2019 1094 260 0 0
285 T 911 1276 2105 0 0
285 T 2063 1234 904 0 0
285 T 231 1319 2209 0 0
285 T 2211 1756 237 0 0
285 T 234 1763 2185 0 0
285 T 2187 1361 224 0 0
285 T 1711 1707 1703 -1 0
285 T 168 1578 1531 0 0
285 T 463 623 11 0 0
285 T 686 1826 461 0 0
285 T 623 1824 2092 0 0
285 T 621 2049 1853 0 0
285 T 1855 762 463 0 0
285 T 1927 1236 2004 0 0
285 T 2006 590 696 0 0
285 T 590 1238 268 0 0
285 T 593 273 1282 0 0
285 T 1280 1871 2026 0 0
285 T 2024 773 595 0 0
285 T 375 259 644 0 0
285 T 646 2037 381 0 0
285 T 378 2019 645 0 0
285 T 1699 1799 1693 0 0
285 T 1418 1772 149 0 0
285 T 1772 1780 1794 0 0
285 T 146 1771 1468 0 0
285 T 1789 1779 1771 0 0
285 T 411 1133 1725 0 0
285 T 1727 1758 1717 0 0
285 T 1956 1756 1133 0 0
285 T 1722 1187 404 0 0
285 T 1714 1761 1720 0 0
285 T 1187 1763 1902 0 0
285 T 523 1019 784 0 0
285 T 786 950 2192 0 0
285 T 2194 956 521 0 0
285 T 518 963 2216 0 0
285 T 711 1012 516 0 0
285 T 2218 953 709 0 0
285 T 1683 1734 1689 0 0
285 T 1686 1737 1676 0 0
285 T 1550 2158 1636 0 0
285 T 443 2156 1369 0 0
285 T 1603 2153 1501 0 0
285 T 1327 2155 444 0 0
285 T 247 1583 2133 0 0
285 T 2135 2200 237 0 0
285 T 234 2226 2128 0 0
285 T 2130 1533 240 0 0
285 T 81 1585 1536 0 0
285 T 1538 1041 1745 0 0
285 T 1743 1047 1585 0 0
285 T 1041 1045 1055 1 0
285 T 1078 303 497 0 0
285 T 2042 2032 1076 0 0
285 T 299 1058 495 0 0
285 T 2013 2087 1058 0 0
285 T 963 1055 957 0 0
285 T 4 2 4 -1 0
285 T 2221 195 2198 0 0
285 T 1768 1764 1774 0 0
285 T 1931 141 2004 0 0
285 T 1927 1935 1929 0 0
285 T 1875 1877 1869 0 0
285 T 2026 138 1873 0 0
285 T 624 628 659 0 0
285 T 8 1873 2101 0 0
285 T 2103 1877 768 0 0
285 T 695 1935 2057 0 0
285 T 2059 1931 8 0 0
285 T 2211 1719 1152 0 0
285 T 1103 1712 2185 0 0
285 T 911 219 2188 0 0
285 T 2190 433 2105 0 0
285 T 904 2212 217 0 0
285 T 2212 2061 436 0 0
285 T 153 155 153 1 0
285 T 1023 1037 1025 0 0
285 T 1755 1804 1745 0 0
285 T 1538 1969 1753 0 0
285 T 1750 1915 1584 0 0
285 T 1742 1803 1748 0 0
285 T 2239 666 413 0 0
285 T 1830 1320 2237 0 0
285 T 666 1322 1959 0 0
285 T 1367 666 1900 0 0
285 T 1857 2237 1365 0 0
285 T 1921 501 1866 0 0
285 T 1882 1294 1923 0 0
285 T 1864 1336 1937 0 0
285 T 1960 540 1907 0 0
285 T 927 2238 652 0 0
285 T 622 2300 688 0 0
285 T 1827 435 2300 0 0
285 T 2299 436 1853 0 0
285 T 621 765 2297 0 0
285 T 187 2296 2213 0 0
285 T 188 2189 2301 0 0
285 T 158 286 641 0 0
285 T 690 2190 2097 0 0
285 T 2099 909 2160 0 0
285 T 2162 219 688 0 0
285 T 904 2055 2174 0 0
285 T 2172 765 217 0 0
285 T 765 2053 2214 0 0
285 T 2054 185 620 0 0
285 T 188 2098 623 0 0
285 T 467 2266 2085 0 0
285 T 1058 202 465 0 0
285 T 202 2015 2266 0 0
285 T 2263 470 2043 0 0
285 T 2035 199 2261 0 0
285 T 199 1079 470 0 0
285 T 471 1732 2333 0 0
285 T 2335 1327 337 0 0
285 T 334 1369 2325 0 0
285 T 2327 1739 464 0 0
285 T 1550 2330 877 0 0
285 T 2330 2158 157 0 0
285 T 874 2336 1501 0 0
285 T 158 2153 2336 0 0
285 T 806 1753 1220 0 0
285 T 1267 1751 728 0 0
285 T 1522 216 784 0 0
285 T 710 217 1569 0 0
285 T 806 2321 1953 0 0
285 T 1755 1196 2321 0 0
285 T 1751 1145 2317 0 0
285 T 2319 1283 1585 0 0
285 T 728 1896 2317 0 0
285 T 1238 2323 1538 0 0
285 T 159 1186 1520 0 0
285 T 1571 1133 157 0 0
285 T 343 2157 2324 0 0
285 T 2152 346 2334 0 0
285 T 2112 192 2071 0 0
285 T 2121 543 2078 0 0
285 T 871 2280 1548 0 0
285 T 1502 2286 865 0 0
285 T 139 2207 1449 0 0
285 T 1986 2205 128 0 0
285 T 1981 129 2229 0 0
285 T 2231 142 1399 0 0
285 T 131 1543 381 0 0
285 T 646 577 129 0 0
285 T 577 2037 1543 0 0
285 T 579 1590 2016 0 0
285 T 129 377 1590 0 0
285 T 2139 2137 2139 -1 0
285 T 2267 2064 937 0 0
285 T 934 2110 2260 0 0
285 T 2194 2288 1396 0 0
285 T 1141 2290 958 0 0
285 T 1450 2295 2216 0 0
285 T 961 2293 1195 0 0
285 T 2111 2352 1412 0 0
285 T 1474 2354 669 0 0
285 T 1466 2359 2065 0 0
285 T 670 2357 1420 0 0
285 T 2255 441 1308 0 0
285 T 1355 447 2249 0 0
285 T 887 2280 2328 0 0
285 T 2338 2287 880 0 0
285 T 1298 2380 1204 0 0
285 T 533 2382 1438 0 0
285 T 531 1387 2367 0 0
285 T 2365 1342 1250 0 0
285 T 8 625 2245 0 0
285 T 2247 1354 2101 0 0
285 T 1875 1352 625 0 0
285 T 2245 2056 1311 0 0
285 T 1309 1930 627 0 0
285 T 2311 1374 2064 0 0
285 T 1467 825 2309 0 0
285 T 825 2358 1374 0 0
285 T 751 1331 2354 0 0
285 T 1412 2305 749 0 0
285 T 1331 2307 2111 0 0
285 T 987 748 2149 0 0
285 T 2151 2147 2143 -1 0
285 T 331 824 748 0 0
285 T 824 983 2147 0 0
285 T 782 1312 157 0 0
285 T 2330 2275 780 0 0
285 T 1312 2273 2156 0 0
285 T 158 1358 705 0 0
285 T 707 2268 2336 0 0
285 T 2155 2270 1358 0 0
285 T 1206 1164 1921 0 0
285 T 1923 13 2360 0 0
285 T 2362 35 1204 0 0
285 T 1251 36 2376 0 0
285 T 1867 1115 1249 0 0
285 T 2378 13 1865 1 0
285 T 1775 1474 2242 0 0
285 T 1769 2241 1423 0 0
285 T 2347 1432 2052 0 0
285 T 2175 1514 2345 0 0
285 T 2342 1560 2161 0 0
285 T 2098 1383 2340 0 0
285 T 2391 1330 893 0 0
285 T 891 1373 2372 0 0
285 T 2403 1129 909 0 0
285 T 1306 1892 2401 0 0
285 T 906 1183 2396 0 0
285 T 2398 1950 1348 0 0
285 T 1667 1729 1669 0 0
285 T 1158 45 2133 0 0
285 T 2131 47 1104 0 0
285 T 1575 593 2177 0 0
285 T 2166 591 1524 0 0
285 T 883 2272 2372 0 0
285 T 938 1373 2272 0 0
285 T 884 2388 2269 0 0
285 T 2271 1331 933 0 0
285 T 2229 1424 1590 0 0
285 T 2206 1543 1477 0 0
285 T 782 2285 2389 0 0
285 T 2374 2283 704 0 0
285 T 2360 501 2379 0 0
285 T 778 2149 1681 0 0
285 T 2145 702 1679 0 0
285 T 2271 2307 2261 0 0
285 T 2266 2308 2272 0 0
285 T 2259 2253 2249 0 0
285 T 887 2276 780 0 0
285 T 2282 2275 2276 0 0
285 T 707 2276 880 0 0
285 T 2276 2268 2285 0 0
285 T 483 2445 2309 0 0
285 T 1030 825 2445 0 0
285 T 2306 2455 476 0 0
285 T 2455 750 1033 0 0
285 T 995 2453 2149 0 0
285 T 2146 2447 988 0 0
285 T 1610 1737 2368 0 0
285 T 2370 1678 210 0 0
285 T 210 1681 2384 0 0
285 T 2386 1734 1644 0 0
285 T 1158 703 210 0 0
285 T 2370 2146 1156 0 0
285 T 778 1107 210 0 0
285 T 1107 2149 2384 0 0
285 T 199 204 201 0 0
285 T 2313 2315 2313 1 0
285 T 427 425 427 -1 0
285 T 2295 89 2289 0 0
285 T 1338 581 2433 0 0
285 T 2435 407 1864 0 0
285 T 1922 408 2429 0 0
285 T 2431 586 1293 0 0
285 T 2411 1280 2177 0 0
285 T 1575 273 2409 0 0
285 T 2406 270 1525 0 0
285 T 2167 1238 2404 0 0
285 T 1363 1022 2469 0 0
285 T 2467 1024 1316 0 0
285 T 51 2360 1205 0 0
285 T 53 1248 2376 0 0
285 T 1402 2427 2177 0 0
285 T 2166 2426 1453 0 0
285 T 2502 1219 1920 0 0
285 T 1207 1932 2500 0 0
285 T 2506 1879 1249 0 0
285 T 1867 1260 2504 0 0
285 T 1250 2102 2512 0 0
285 T 2514 2344 1340 0 0
285 T 2365 2346 2102 0 0
285 T 1299 2343 2516 0 0
285 T 2518 2056 1205 0 0
285 T 2056 2341 2383 0 0
285 T 1610 2488 1156 0 0
285 T 2488 1737 2144 0 0
285 T 1645 1104 2497 0 0
285 T 2499 2148 1733 0 0
285 T 2411 1586 2568 0 0
285 T 2570 2316 2177 0 0
285 T 2167 2323 2572 0 0
285 T 2574 1536 2404 0 0
285 T 2413 2405 2409 0 0
285 T 2547 1375 1697 0 0
285 T 1695 1328 2541 0 0
285 T 511 1753 2493 0 0
285 T 2495 1804 1548 0 0
285 T 1503 1803 2485 0 0
285 T 2487 1750 504 0 0
285 T 2519 693 2501 0 0
285 T 2513 2504 768 0 0
285 T 131 670 2233 0 0
285 T 239 2418 1156 0 0
285 T 481 2488 2418 0 0
285 T 479 2422 2497 0 0
285 T 233 1104 2422 0 0
285 T 567 2440 837 0 0
285 T 435 1861 2440 0 0
285 T 834 2450 560 0 0
285 T 2450 1835 436 0 0
285 T 2461 2465 2469 0 0
285 T 2267 2600 1312 0 0
285 T 2156 2602 2311 0 0
285 T 1358 2610 2260 0 0
285 T 2304 2608 2155 0 0
285 T 2481 2473 2477 0 0
285 T 2479 751 1793 0 0
285 T 1791 825 2473 0 0
285 T 2531 1358 2040 0 0
285 T 2087 1313 2525 0 0
285 T 179 2550 2596 0 0
285 T 2598 2288 636 0 0
285 T 1137 2290 2550 0 0
285 T 639 2295 2604 0 0
285 T 2606 2553 172 0 0
285 T 2553 2293 1191 0 0
285 T 2531 2610 469 0 0
285 T 466 2600 2524 0 0
285 T 2416 45 2202 0 0
285 T 2224 46 2423 0 0
285 T 2598 2607 87 -1 0
285 T 2435 2169 2505 0 0
285 T 2502 2183 2429 0 0
285 T 167 745 1108 0 0
285 T 1162 823 165 0 0
285 T 839 2538 1148 0 0
285 T 1098 2532 833 0 0
285 T 1634 2557 1596 0 0
285 T 2548 2552 2557 -1 0
285 T 2547 2562 2541 0 0
285 T 1634 2550 2624 0 0
285 T 2626 2552 1596 0 0
285 T 2479 2565 820 0 0
285 T 822 746 171 1 0
285 T 746 2564 2473 0 0
285 T 2563 2566 2565 0 0
285 T 1162 2618 2253 0 0
285 T 2251 2621 1108 0 0
285 T 2442 2538 1519 0 0
285 T 1565 2533 2448 0 0
285 T 1810 579 1336 0 0
285 T 1294 577 1837 0 0
285 T 2203 71 2416 0 0
285 T 2422 69 2224 0 0
285 T 2335 2306 2676 0 0
285 T 2678 2608 345 0 0
285 T 2601 2687 343 0 0
285 T 2687 2308 2324 0 0
285 T 1739 2447 2689 0 0
285 T 2691 990 2488 0 0
285 T 2498 993 2681 0 0
285 T 2683 2453 1732 0 0
285 T 1179 1748 2581 0 0
285 T 2587 1754 1124 0 0
285 T 2531 347 2652 0 0
285 T 2525 2636 343 0 0
285 T 798 2590 2568 0 0
285 T 2575 2591 720 0 0
285 T 2420 992 2666 0 0
285 T 2419 2650 989 0 0
285 T 52 344 2672 0 0
285 T 2674 2011 2377 0 0
285 T 2363 2029 2669 0 0
285 T 2671 343 50 0 0
285 T 1734 2306 2660 0 0
285 T 2309 2646 1739 0 0
285 T 2623 2561 2616 0 0
285 T 2642 293 2553 0 0
285 T 2551 291 2657 0 0
285 T 1487 2658 2624 0 0
285 T 2627 2640 1480 0 0
285 T 2542 2623 2633 0 0
285 T 2635 2616 2544 -1 0
285 T 1430 2584 2493 0 0
285 T 2487 2583 1377 0 0
285 T 2413 2692 2697 0 0
285 T 2699 2471 796 0 0
285 T 722 2465 2692 0 0
285 T 2525 75 2671 0 0
285 T 2673 73 2531 0 0
285 T 2403 2643 2721 0 0
285 T 2719 2656 2397 0 0
285 T 554 2234 2629 0 0
285 T 2627 2736 1664 0 0
285 T 1893 2738 2642 0 0
285 T 1670 2743 2625 0 0
285 T 2657 2741 1950 0 0
285 T 1306 2739 2721 0 0
285 T 2743 1350 2718 0 0
285 T 2511 374 632 0 0
285 T 1731 2742 2739 0 0
285 T 463 631 2521 0 0
285 T 2725 2717 2721 0 0
285 T 2723 2776 1160 0 0
285 T 1110 2774 2717 0 0
285 T 503 2764 2769 0 0
285 T 2771 2698 1288 0 0
285 T 1334 2693 2764 0 0
285 T 2539 2730 1156 0 0
285 T 1106 2732 2533 0 0
285 T 2747 2745 2747 -1 0
285 T 2583 2750 1173 0 0
285 T 1122 2752 2585 0 0
285 T 2803 812 2777 0 0
285 T 2775 738 2796 0 0
285 T 2778 2783 2772 0 0
285 T 2782 2780 2782 1 0
285 T 2790 2735 2801 0 0
285 T 2798 2729 2793 0 0
285 T 814 738 81 1 0
285 T 2803 2759 2796 0 0
285 T 2790 331 2793 0 0
285 T 1294 2809 2769 0 0
285 T 2766 2806 1336 0 0
285 T 109 2804 2809 0 0
285 T 2523 2508 2784 0 0
285 T 2817 2819 2817 1 0
285 T 2825 2827 2825 1 0
285 T 2866 2864 2866 1 0
285 U 66 1 1 0 0
285 U 1 1 1 -1 0
285 U 62 2 3 0 0
285 U 4 2 2 0 0
285 U 19 3 2 0 0
285 U 656 4 6 0 0
285 U 111 4 4 0 0
285 U 117 6 6 0 0
285 U 17 5 4 0 0
285 U 65 7 6 0 0
285 U 127 8 8 -1 0
285 U 57 9 8 0 0
285 U 77 9 8 0 0
285 U 1257 10 15 0 0
285 U 1112 10 10 0 0
285 U 139 15 10 0 0
285 U 12 11 10 1 0
285 U 37 10 11 0 0
285 U 1145 15 15 0 0
285 U 1273 12 14 0 0
285 U 1128 12 12 0 0
285 U 151 14 12 0 0
285 U 6 13 12 0 0
285 U 29 12 13 0 0
285 U 141 16 21 0 0
285 U 1166 16 16 0 0
285 U 1214 21 16 0 0
285 U 35 17 16 0 0
285 U 13 16 17 0 0
285 U 1198 21 21 0 0
285 U 1228 18 20 0 0
285 U 147 20 18 0 0
285 U 1183 18 18 0 0
285 U 27 19 18 0 0
285 U 7 18 19 0 0
285 U 2632 22 25 0 0
285 U 213 22 22 0 0
285 U 220 25 25 0 0
285 U 55 23 22 0 0
285 U 79 25 24 0 0
285 U 9 26 27 0 0
285 U 1927 32 26 0 0
285 U 693 27 32 0 0
285 U 698 29 26 0 0
285 U 270 32 29 0 0
285 U 227 32 26 0 0
285 U 1944 29 32 0 0
285 U 32 27 26 0 0
285 U 724 28 35 0 0
285 U 263 30 28 0 0
285 U 1963 35 30 0 0
285 U 740 30 33 0 0
285 U 1943 30 28 0 0
285 U 289 30 35 0 0
285 U 2078 34 30 0 0
285 U 42 35 34 1 0
285 U 22 34 35 0 0
285 U 1868 36 42 0 0
285 U 8 37 36 0 0
285 U 771 42 37 0 0
285 U 31 37 36 0 0
285 U 230 43 37 0 0
285 U 774 39 36 0 0
285 U 1891 42 39 0 0
285 U 272 39 42 0 0
285 U 267 40 38 0 0
285 U 818 43 40 0 0
285 U 802 45 38 0 0
285 U 1904 40 45 0 0
285 U 1886 40 38 0 0
285 U 295 45 40 0 0
285 U 2123 44 40 0 0
285 U 25 45 44 0 0
285 U 43 44 45 0 0
285 U 684 46 55 0 0
285 U 10 47 46 0 0
285 U 2094 55 47 0 0
285 U 690 52 46 0 0
285 U 435 54 52 0 0
285 U 335 53 46 0 0
285 U 41 52 53 0 0
285 U 2091 48 46 0 0
285 U 718 53 48 0 0
285 U 377 48 55 0 0
285 U 712 48 56 0 0
285 U 2126 56 55 0 0
285 U 387 50 48 0 0
285 U 2119 53 50 0 0
285 U 2196 50 56 0 0
285 U 734 55 50 0 0
285 U 419 56 50 0 0
285 U 2115 57 50 0 0
285 U 22 56 57 0 0
285 U 48 57 56 1 0
285 U 764 58 64 0 0
285 U 2050 66 58 0 0
285 U 437 64 66 0 0
285 U 10 59 58 0 0
285 U 763 66 59 0 0
285 U 2046 60 58 0 0
285 U 383 67 60 0 0
285 U 339 65 58 0 0
285 U 792 60 65 0 0
285 U 39 65 64 0 0
285 U 790 68 60 0 0
285 U 2081 67 68 0 0
285 U 391 62 60 0 0
285 U 2223 68 62 0 0
285 U 2072 62 65 0 0
285 U 2070 69 62 0 0
285 U 49 68 69 0 0
285 U 423 68 62 0 0
285 U 25 69 68 0 0
285 U 810 67 62 0 0
285 U 2685 70 73 0 0
285 U 2636 70 70 0 0
285 U 467 73 70 0 0
285 U 50 71 70 0 0
285 U 75 70 71 0 0
285 U 2645 73 73 0 0
285 U 2689 72 75 0 0
285 U 483 75 72 0 0
285 U 2651 75 75 0 0
285 U 14 75 74 0 0
285 U 71 74 75 0 0
285 U 469 76 79 0 0
285 U 2654 76 76 0 0
285 U 2678 79 76 0 0
285 U 73 77 76 0 0
285 U 53 76 77 0 0
285 U 2662 79 79 0 0
285 U 2682 81 78 0 0
285 U 477 78 81 0 0
285 U 2664 81 81 0 0
285 U 69 81 80 0 0
285 U 15 80 81 0 0
285 U 2784 82 88 0 0
285 U 491 82 82 0 0
285 U 545 88 88 0 0
285 U 2630 84 82 0 0
285 U 515 84 84 0 0
285 U 642 86 84 0 0
285 U 539 86 86 0 0
285 U 61 87 86 0 0
285 U 21 89 88 0 0
285 U 0 90 107 0 0
285 U 682 116 90 0 0
285 U 756 107 101 0 0
285 U 5 101 116 0 0
285 U 559 107 90 0 0
285 U 484 116 101 0 0
285 U 835 102 90 0 0
285 U 837 107 119 0 0
285 U 325 119 102 0 0
285 U 119 102 119 0 0
285 U 889 92 102 0 0
285 U 163 109 92 0 0
285 U 895 119 109 0 0
285 U 899 96 92 0 0
285 U 901 109 113 0 0
285 U 83 113 96 0 0
285 U 183 109 92 0 0
285 U 425 96 113 0 0
285 U 949 94 99 0 0
285 U 127 111 94 0 0
285 U 955 114 111 0 0
285 U 222 99 114 0 0
285 U 943 105 94 0 0
285 U 945 111 120 0 0
285 U 1 120 105 0 1
285 U 279 111 94 0 0
285 U 546 105 120 0 0
285 U 152 114 99 0 0
285 U 59 112 96 -1 0
285 U 1027 100 98 0 0
285 U 1021 115 117 0 0
285 U 21 120 104 0 0
285 Q 618 81 616 0 0 0 0 0 0 0
285 Q 965 81 971 3 0 0 0 0 0 0
285 Q 319 363 551 357 0 0 0 0 0 0
285 Q 539 287 1784 285 0 0 0 0 0 0
285 Q 313 335 222 337 0 0 0 0 0 0
285 Q 347 1495 341 315 0 0 0 0 0 0
285 Q 444 220 442 1493 0 0 0 0 0 0
285 Q 0 843 330 845 0 0 0 0 0 0
285 Q 131 1799 129 515 0 0 0 0 0 0
285 Q 979 550 973 81 0 0 0 0 0 0
285 Q 1044 3 1042 548 0 0 0 0 0 0
285 Q 569 859 1 861 0 0 0 0 0 0
285 Q 871 126 865 571 0 0 0 0 0 0
285 Q 1701 375 545 373 0 0 0 0 0 0
285 Q 323 1402 204 1453 0 0 0 0 0 0
285 Q 650 4 648 321 0 0 0 0 0 0
285 Q 1138 206 1189 2 0 0 0 0 0 0
285 Q 214 1391 83 1440 0 0 0 0 0 0
285 Q 1211 124 1253 212 0 0 0 0 0 0
285 Q 126 1718 83 1712 1 0 0 0 0 0
285 Q 181 1062 168 1080 0 0 0 0 0 0
285 Q 1518 5 1565 183 0 0 0 0 0 0
285 Q 3 1778 170 1780 0 0 0 0 0 0
285 Q 503 567 4 561 0 0 0 0 0 0
285 Q 1098 182 1148 501 0 0 0 0 0 0
285 Q 489 559 489 559 0 0 0 0 0 0
285 Q 557 495 83 497 1 0 0 0 0 0
285 Q 0 1667 111 1669 0 0 0 0 0 0
285 Q 1630 328 1592 0 0 0 0 0 0 0
285 Q 109 1267 330 1220 0 0 0 0 0 0
285 Q 168 1409 110 1462 0 0 0 0 0 0
285 Q 557 1098 214 1148 0 0 0 0 0 0
285 Q 125 1618 1 1653 0 -1 0 0 0 0
285 Q 1086 327 1064 127 0 0 0 0 0 0
285 Q 325 1803 1 1805 0 -1 0 0 0 0
285 Q 569 1290 124 1332 0 0 0 0 0 0
285 Q 213 243 1489 245 0 0 0 0 0 0
285 Q 255 1998 249 215 0 0 0 0 0 0
285 Q 289 1491 295 1996 0 0 0 0 0 0
285 Q 81 1626 2 1661 0 0 0 0 0 0
285 Q 118 624 1979 626 0 0 0 0 0 0
285 Q 1977 630 108 628 0 0 0 0 0 0
285 Q 2131 83 2133 213 -1 0 0 0 0 0
285 Q 1489 1581 83 1534 1 0 0 0 0 0
285 Q 603 3 597 279 0 0 0 0 0 0
285 Q 1327 1054 1368 5 0 0 0 0 0 0
285 Q 213 1695 327 1697 0 0 0 0 0 0
285 Q 806 541 728 111 0 0 0 0 0 0
285 Q 1757 543 1763 169 0 0 0 0 0 0
285 Q 690 223 764 313 0 0 0 0 0 0
285 Q 222 38 221 40 0 0 0 0 0 0
285 Q 315 770 484 692 0 0 0 0 0 0
285 Q 32 314 30 313 0 0 0 0 0 0
285 Q 312 226 486 228 0 0 0 0 0 0
285 Q 514 158 1785 156 0 0 0 0 0 0
285 Q 1955 612 1896 195 0 0 0 0 0 0
285 Q 313 2186 82 2209 0 0 0 0 0 0
285 Q 1317 82 1362 487 0 0 0 0 -1 0
285 Q 161 2219 124 2192 0 0 0 0 0 0
285 Q 786 221 708 163 0 0 0 0 0 0
285 Q 1751 330 1753 541 0 0 0 0 0 0
285 Q 513 1571 428 1520 0 0 0 0 0 0
285 Q 255 206 249 2139 0 0 0 0 0 0
285 Q 2137 215 2137 215 0 0 0 0 0 0
285 Q 1998 204 1998 204 0 0 0 0 0 0
285 Q 313 1102 127 1152 0 0 0 0 0 0
285 Q 161 1355 1494 1308 0 0 0 0 0 0
285 Q 525 163 525 163 0 0 0 0 0 0
285 Q 1310 116 1353 527 0 0 0 0 0 0
285 Q 1492 118 1492 118 0 0 0 0 0 0
285 Q 1550 1 1500 571 0 0 0 0 0 0
285 Q 126 2286 1 2280 0 0 0 0 0 0
285 Q 0 851 2140 853 0 0 0 0 0 0
285 Q 1003 2348 997 83 0 0 0 0 0 0
285 Q 7 1489 6 2350 0 0 0 0 0 0
285 Q 161 2251 221 2253 0 0 0 0 0 0
285 Q 911 2348 905 163 0 0 0 0 0 0
285 Q 471 2314 465 491 0 0 0 0 0 0
285 Q 198 311 200 2312 0 0 0 0 0 0
285 Q 2087 320 2040 501 0 0 0 0 0 0
285 Q 182 1395 322 1444 0 0 0 0 0 0
285 Q 161 2374 1 2389 0 -1 0 0 0 0
285 Q 1330 1 1373 325 0 1 0 0 0 -1
285 Q 213 1106 82 1156 0 0 0 0 0 0
285 Q 45 82 47 83 0 0 1 0 -1 0
285 Q 1675 634 1702 632 0 0 0 0 0 0
285 Q 1401 1700 1454 615 0 0 0 0 0 0
285 Q 2179 207 2164 1703 0 0 0 0 0 0
285 Q 205 593 109 591 0 0 0 0 0 0
285 Q 139 610 141 525 0 0 0 0 0 0
285 Q 527 1398 5 1449 0 0 0 0 0 0
285 Q 2205 3 2230 608 0 0 0 0 0 0
285 Q 161 706 127 780 0 0 0 0 0 0
285 Q 1874 527 1929 1979 0 0 0 0 0 0
285 Q 541 1959 1993 1900 0 0 0 0 0 0
285 Q 664 1995 666 118 0 0 0 0 0 0
285 Q 1514 1994 1561 319 0 0 0 0 0 0
285 Q 551 1909 1992 1966 0 0 0 0 0 0
285 Q 169 1132 1993 1187 0 0 0 0 0 0
285 Q 0 2002 2258 2021 0 0 0 0 0 0
285 Q 1498 2481 1544 0 0 0 0 0 0 0
285 Q 2483 164 2256 166 0 0 0 0 -1 0
285 Q 2415 794 3 716 0 0 0 0 0 0
285 Q 1979 2027 610 2004 0 0 0 0 0 0
285 Q 1398 2438 1449 163 0 0 0 0 0 0
285 Q 2436 5 2436 5 0 0 0 0 0 0
285 Q 1491 28 1488 26 0 0 0 0 0 0
285 Q 1183 2351 1128 1489 0 0 0 0 0 0
285 Q 2471 222 2465 83 0 0 0 0 0 0
285 Q 347 119 341 2395 0 0 0 0 0 0
285 Q 2393 315 2393 315 0 0 0 0 0 0
285 Q 2179 615 2164 323 0 0 0 0 0 0
285 Q 204 2426 613 2427 0 0 0 0 0 0
285 Q 2403 1488 2397 163 0 0 0 0 0 0
285 Q 1814 154 1841 2395 0 0 0 0 0 0
285 Q 119 1073 152 1094 0 0 0 0 0 0
285 Q 2292 124 2290 2438 0 0 0 0 0 0
285 Q 193 730 2463 804 0 0 0 0 0 0
285 Q 2437 1138 1998 1189 0 0 0 0 0 0
285 Q 213 2543 1 2545 0 -1 0 0 0 0
285 Q 2235 1767 2233 515 0 0 0 0 0 0
285 Q 1799 668 1765 670 0 0 0 0 0 0
285 Q 501 2527 169 2529 0 0 0 0 0 0
285 Q 171 1313 320 1358 0 0 0 0 0 0
285 Q 2 1771 2592 1773 0 0 0 0 0 0
285 Q 1795 2594 1789 171 0 0 0 0 0 0
285 Q 125 2551 1998 2553 0 0 0 0 0 0
285 Q 1472 1766 1423 2592 0 0 0 0 0 0
285 Q 2463 2323 612 2317 0 0 0 0 0 0
285 Q 2495 324 2484 571 0 0 0 0 0 0
285 Q 327 2532 214 2538 0 0 0 0 0 0
285 Q 2577 2006 204 2025 0 0 0 0 0 0
285 Q 774 108 696 2579 0 0 0 0 0 0
285 Q 827 2561 749 2594 0 0 0 0 0 0
285 Q 1818 429 1845 2579 0 0 0 0 0 0
285 Q 161 1110 1 1160 0 0 0 0 0 0
285 Q 2618 1 2621 221 0 0 0 0 0 0
285 Q 569 1839 93 1808 0 0 0 0 0 0
285 Q 1338 91 1292 571 0 0 0 0 0 0
285 Q 2570 2462 2573 323 0 0 0 0 0 0
285 Q 2583 331 2585 193 0 0 0 0 0 0
285 Q 2591 80 2590 2461 0 0 0 0 0 0
285 Q 798 81 720 323 0 0 0 0 0 0
285 Q 95 1910 1052 1965 0 0 0 0 0 0
285 Q 125 2659 1491 2640 0 0 0 0 0 0
285 Q 630 1728 628 1673 0 0 0 0 0 0
285 Q 702 81 776 1977 0 0 0 0 0 0
285 Q 80 60 81 61 0 0 0 0 0 0
285 Q 463 1731 461 491 0 0 0 0 0 0
285 Q 489 686 2702 760 0 0 0 0 0 0
285 Q 1855 2700 1824 1729 0 0 0 0 0 0
285 Q 125 722 83 796 1 0 0 0 0 0
285 Q 2699 222 2692 127 0 0 0 0 0 0
285 Q 2314 1578 2702 1529 0 0 0 0 0 0
285 Q 54 2137 55 2136 0 0 0 0 1 0
285 Q 2723 124 2717 163 0 0 0 0 0 0
285 Q 208 2706 209 2579 0 0 0 0 0 0
285 Q 1566 429 1517 2704 0 0 0 0 0 0
285 Q 490 554 1766 552 0 0 0 0 0 0
285 Q 569 1378 2714 1428 0 0 0 0 0 0
285 Q 198 93 200 2712 0 0 0 0 0 0
285 Q 167 2700 165 2727 0 0 0 0 -1 0
285 Q 587 1764 581 2459 0 0 0 0 0 0
285 Q 2457 263 155 265 0 0 0 0 0 0
285 Q 74 502 72 501 0 0 0 0 0 0
285 Q 2457 2018 118 2037 0 0 0 0 0 0
285 Q 863 2613 857 0 0 0 0 0 0 0
285 Q 528 2258 534 2615 0 0 0 0 0 0
285 Q 1675 2511 544 2509 0 0 0 0 0 0
285 Q 2393 1102 2747 1152 0 0 0 0 0 0
285 Q 127 2745 127 2745 0 0 0 0 0 0
285 Q 2705 2535 328 2537 0 0 0 0 0 0
285 Q 2580 2714 2586 324 0 0 0 0 0 0
285 Q 2523 1672 2521 491 0 0 0 0 0 0
285 Q 124 2774 1 2776 0 0 0 0 0 0
285 Q 2700 747 2783 821 0 0 0 0 0 0
285 Q 326 2732 82 2730 0 0 0 0 0 0
285 Q 2713 1175 96 1120 0 0 0 0 0 0
285 Q 673 96 675 92 0 0 0 0 0 0
285 Q 778 2757 700 2579 0 0 0 0 0 0
285 Q 2706 1159 2759 1105 0 0 0 0 0 0
285 Q 99 2058 2256 2101 0 0 0 0 0 0
285 Q 569 2771 223 2764 0 0 0 0 0 0
285 Q 331 2752 3 2750 0 0 0 0 0 0
285 Q 125 2798 83 2801 1 0 0 0 0 0
285 Q 812 83 738 1 -1 0 0 -1 0 0
285 Q 56 2745 57 2744 0 0 0 0 1 0
285 Q 125 2795 327 2788 0 0 0 0 0 0
285 Q 325 2748 96 2754 0 0 0 0 0 0
285 Q 2457 579 2709 577 0 0 0 0 0 0
285 Q 2711 1588 118 1543 0 0 0 0 0 0
285 Q 95 666 100 664 0 0 0 0 0 0
285 Q 223 2804 91 2811 0 0 0 0 0 0
285 Q 489 682 2762 756 0 0 0 0 0 0
285 Q 486 2760 486 2760 0 0 0 0 0 0
285 Q 1767 2183 2762 2168 0 0 0 0 0 0
285 Q 2750 2821 2753 19 0 0 0 0 0 0
285 Q 331 2822 330 2823 0 0 0 0 0 0
285 Q 97 19 96 18 0 0 0 0 0 0
285 Q 2820 325 2821 324 0 0 0 0 0 0
285 Q 64 101 65 100 0 0 0 0 0 0
285 Q 2817 1439 2615 1384 0 0 0 0 0 0
285 Q 2366 2258 2381 2819 0 0 0 0 0 0
285 Q 2807 78 2809 17 0 0 0 0 1 0
285 Q 90 16 91 17 0 0 0 0 0 0
285 Q 2099 2833 2052 99 0 0 0 0 0 0
285 Q 2819 1434 2835 1380 0 0 0 0 0 0
285 Q 99 622 102 620 0 0 0 0 0 0
285 Q 189 2833 187 102 0 0 0 0 0 0
285 Q 2813 2430 1764 2433 0 0 0 0 0 0
285 Q 1338 2459 1292 2815 0 0 0 0 0 0
285 Q 2791 2823 2793 77 0 0 1 0 0 0
285 Q 2815 1810 2709 1837 0 0 0 0 0 0
285 Q 1447 105 1392 2833 0 0 0 0 0 0
285 Q 102 652 105 654 0 0 0 0 0 0
285 Q 2504 2812 2502 2762 0 0 0 0 0 0
285 Q 2829 315 2829 315 0 0 0 0 0 0
285 Q 770 2760 692 2831 0 0 0 0 0 0
285 Q 2813 2519 2830 2512 0 0 0 0 0 0
285 Q 472 2826 473 2815 0 0 0 0 0 0
285 Q 1558 2709 1509 2824 0 0 0 0 0 0
285 Q 2813 1298 2838 1340 0 0 0 0 0 0
285 Q 2340 2830 2346 2836 0 0 0 0 0 0
285 Q 107 648 105 650 0 0 0 0 0 0
285 Q 2829 690 2843 764 0 0 0 0 0 0
285 Q 223 2841 223 2841 0 0 0 0 0 0
285 Q 2831 2175 2846 2160 0 0 0 0 0 0
285 Q 1563 2844 1512 2837 0 0 0 0 0 0
285 Q 2843 216 2846 217 0 0 0 0 0 0
285 Q 1554 2839 1504 2827 0 0 0 0 0 0
285 Q 62 107 63 106 0 0 0 0 0 0
285 Q 2849 163 2849 163 0 0 0 0 0 0
285 Q 786 2841 708 2851 0 0 0 0 0 0
285 Q 1522 2846 1569 2851 0 0 0 0 0 0
285 Q 159 2852 157 2851 0 0 0 0 0 0
285 Q 1184 2846 1135 2854 0 0 0 0 0 0
285 Q 2849 706 2859 780 0 0 0 0 0 0
285 Q 127 2857 127 2857 0 0 0 0 0 0
285 Q 2852 1357 2859 1314 0 0 0 0 0 0
285 Q 2857 722 2863 796 0 0 0 0 0 0
285 Q 83 2861 83 2861 1 0 -1 0 0 0
285 Q 2861 738 2866 812 0 0 0 0 0 0
285 Q 1 2864 1 2864 0 -1 0 1 0 1
285 Q 66 2865 67 2864 0 0 0 0 1 0
285 H 2143 81 81 2141 2143 81 0 0 0 0 0 0 0 0 0 0
285 H 118 100 100 116 118 100 0 0 0 0 0 0 0 0 0 0
285 H 4 107 107 2 4 107 0 0 0 0 0 0 0 0 0 0
285 H 2854 170 168 2852 2854 170 0 0 0 0 0 0 0 0 0 0
