0
0 d=161
0
161 A 5 0 0 2 0 -2
161 A 6 0 0 1 0 -1
161 A 6 0 3 2 -3 -2
161 A 9 0 0 1 0 -1
161 A 10 0 0 3 0 -3
161 A 10 0 5 2 -5 -2
161 A 11 0 0 5 0 -5
161 A 12 0 3 2 -3 -2
161 A 12 0 -3 2 3 -2
161 A 0 1 22 0 -22 0
161 A -2 1 74 1 -74 -1
161 A -2 1 54 1 -54 -1
161 A -2 1 34 0 -34 0
161 A 2 1 34 0 -34 0
161 A 2 1 -54 1 54 -1
161 A 2 1 -74 1 74 -1
161 A -3 1 66 1 -66 -1
161 A 3 1 -66 1 66 -1
161 A -5 1 51 2 -51 -2
161 A 5 1 -51 2 51 -2
161 A -8 1 18 1 -18 -1
161 A 8 1 -18 1 18 -1
161 A 18 0 9 8 -9 -8
161 A -13 1 37 4 -37 -4
161 A 13 1 -37 4 37 -4
161 A -14 1 71 7 -71 -7
161 A 14 1 -71 7 71 -7
161 A 20 0 5 2 -5 -2
161 A 20 0 -5 2 5 -2
161 A -17 1 63 8 -63 -8
161 A 17 1 -63 8 63 -8
161 A 22 0 11 6 -11 -6
161 A 0 2 -160 1 160 -1
161 A 0 2 139 0 -139 0
161 A 0 2 -22 1 22 -1
161 A -4 2 54 1 -54 -1
161 A -4 2 32 1 -32 -1
161 A 4 2 -54 1 54 -1
161 A 4 2 -32 1 32 -1
161 A -6 2 95 2 -95 -2
161 A 6 2 -95 2 95 -2
161 A -10 2 51 2 -51 -2
161 A 10 2 -51 2 51 -2
161 A -26 1 66 13 -66 -13
161 A 26 1 -66 13 66 -13
161 A 0 4 -139 2 139 -2
161 A 4 0 0 1 0 1
161 A 4 0 2 1 2 1
161 A 5 0 0 1 0 1
161 A 8 0 0 3 0 3
161 A 8 0 0 1 0 1
161 A 8 0 4 3 4 3
161 A 8 0 4 1 4 1
161 A 10 0 0 1 0 1
161 A 16 0 0 7 0 7
161 A 16 0 8 7 8 7
161 A 5 0 2 2 1 -1
161 A 5 0 -2 2 -1 -1
161 A 7 0 3 3 2 -2
161 A 7 0 3 2 2 1
161 A 7 0 3 1 2 -3
161 A 7 0 -3 1 -2 -3
161 A 7 0 -3 2 -2 1
161 A 7 0 -3 3 -2 -2
161 A 7 0 1 3 -1 3
161 A 7 0 1 2 -1 2
161 A 7 0 1 1 -1 1
161 A 8 0 2 3 -2 -1
161 A 8 0 -2 1 2 -3
161 A 9 0 3 4 3 2
161 A 9 0 3 1 3 -1
161 A 9 0 -3 2 -3 4
161 A 9 0 0 4 0 2
161 A 10 0 4 1 -2 3
161 A 10 0 -4 1 2 3
161 A 11 0 5 5 3 -3
161 A 11 0 5 4 -1 3
161 A 11 0 5 2 -3 -1
161 A 11 0 5 1 5 -1
161 A 11 0 -5 2 3 -1
161 A 11 0 -5 4 1 3
161 A 11 0 -5 5 -3 -3
161 A 11 0 4 5 -1 4
161 A 11 0 4 4 1 -1
161 A 11 0 4 3 -2 -4
161 A 11 0 4 1 -4 1
161 A 11 0 -4 3 2 -4
161 A 11 0 -4 4 -1 -1
161 A 11 0 -4 5 1 4
161 A 11 0 3 5 1 2
161 A 11 0 3 2 2 -5
161 A 11 0 -3 2 -2 -5
161 A 11 0 -3 5 -1 2
161 A 11 0 2 3 -2 3
161 A 11 0 2 2 2 -2
161 A 11 0 0 4 0 2
161 A 11 0 0 3 0 -1
161 A 12 0 0 5 0 1
161 A 12 0 6 5 6 1
161 A 0 1 74 0 -37 0
161 A 0 1 68 0 -45 0
161 A 0 1 62 0 -13 0
161 A 0 1 58 0 -25 0
161 A 0 1 47 0 -24 0
161 A -1 1 79 0 41 0
161 A -1 1 77 0 61 0
161 A -1 1 73 0 71 0
161 A -1 1 67 0 29 0
161 A -1 1 55 0 53 0
161 A -1 1 49 0 -43 0
161 A -1 1 37 0 35 0
161 A -1 1 25 0 -13 0
161 A -1 1 19 0 17 0
161 A 1 1 79 0 41 0
161 A 1 1 77 0 61 0
161 A 1 1 73 0 71 0
161 A 1 1 67 0 29 0
161 A 1 1 55 0 53 0
161 A 1 1 49 0 -43 0
161 A 1 1 37 0 35 0
161 A 1 1 25 0 -13 0
161 A 1 1 19 0 17 0
161 A -2 1 47 1 -62 -1
161 A -2 1 51 1 28 0
161 A -2 1 57 1 -14 0
161 A -2 1 59 1 -44 -1
161 A -2 1 65 1 32 0
161 A -2 1 71 1 -50 -1
161 A -2 1 72 1 -29 0
161 A -2 1 66 1 -17 0
161 A -2 1 56 1 -37 0
161 A -2 1 38 0 13 0
161 A -2 1 26 0 19 0
161 A -2 1 16 0 -31 0
161 A 2 1 13 0 38 0
161 A 2 1 17 0 -66 1
161 A 2 1 19 0 26 0
161 A 2 1 29 0 -72 1
161 A 2 1 31 0 -16 0
161 A 2 1 37 0 -56 1
161 A 2 1 -47 1 62 -1
161 A 2 1 -51 1 -28 0
161 A 2 1 -57 1 14 0
161 A 2 1 -59 1 44 -1
161 A 2 1 -65 1 -32 0
161 A 2 1 -71 1 50 -1
161 A 13 0 6 6 -4 4
161 A 13 0 6 5 4 1
161 A 13 0 6 4 6 -4
161 A 13 0 6 2 5 -6
161 A 13 0 6 1 -3 -6
161 A 13 0 -6 1 3 -6
161 A 13 0 -6 2 -5 -6
161 A 13 0 -6 5 -4 1
161 A 13 0 -6 6 4 4
161 A 13 0 5 5 3 -3
161 A 13 0 5 4 -5 4
161 A 13 0 5 3 -1 -2
161 A 13 0 5 2 -3 -4
161 A 13 0 5 1 2 -3
161 A 13 0 -5 1 -2 -3
161 A 13 0 -5 2 3 -4
161 A 13 0 -5 3 1 -2
161 A 13 0 -5 5 -3 -3
161 A 13 0 4 6 -4 6
161 A 13 0 4 5 2 4
161 A 13 0 4 3 1 -4
161 A 13 0 4 2 -3 -5
161 A 13 0 -4 2 3 -5
161 A 13 0 -4 3 -1 -4
161 A 13 0 -4 5 -2 4
161 A 13 0 3 2 -1 5
161 A 13 0 3 1 -3 1
161 A 13 0 -3 2 1 5
161 A 13 0 2 6 -1 3
161 A 13 0 2 5 2 -5
161 A 13 0 -2 6 1 3
161 A 13 0 0 4 0 2
161 A -3 1 76 1 68 1
161 A -3 1 64 1 -30 -1
161 A -3 1 58 1 36 1
161 A -3 1 34 1 -23 0
161 A -3 1 26 1 38 1
161 A -3 1 78 1 -21 0
161 A -3 1 60 1 -27 0
161 A 3 1 -76 1 -68 1
161 A 3 1 -64 1 30 -1
161 A 3 1 -58 1 -36 1
161 A 3 1 23 0 -34 1
161 A 3 1 -26 1 -38 1
161 A 3 1 -78 1 21 0
161 A 3 1 -60 1 27 0
161 A -4 1 34 1 -14 0
161 A -4 1 66 2 51 1
161 A -4 1 71 2 52 1
161 A -4 1 27 1 -36 -1
161 A -4 1 19 0 -24 -1
161 A -4 1 25 1 57 1
161 A -4 1 65 2 72 2
161 A -4 1 20 0 -58 -1
161 A 4 1 14 0 -34 1
161 A 4 1 -58 1 20 0
161 A 4 1 -66 2 -51 1
161 A 4 1 19 0 -24 1
161 A 4 1 -25 1 -57 1
161 A 4 1 -65 2 -72 2
161 A 4 1 -52 1 -71 2
161 A 4 1 -36 1 27 -1
161 A -5 1 73 2 -55 -2
161 A -5 1 57 2 -20 -1
161 A -5 1 49 2 -36 -1
161 A -5 1 44 1 -14 -1
161 A -5 1 24 1 -67 -2
161 A -5 1 61 2 50 1
161 A 5 1 -73 2 55 -2
161 A 5 1 -57 2 20 -1
161 A 5 1 -67 2 24 -1
161 A 5 1 -44 1 14 -1
161 A 5 1 -36 1 49 -2
161 A 5 1 -61 2 -50 1
161 A 14 0 6 5 -6 5
161 A 14 0 6 3 -6 3
161 A 14 0 6 1 -6 1
161 A 14 0 4 3 -2 5
161 A 14 0 -4 3 2 5
161 A -6 1 68 3 59 2
161 A -6 1 20 1 41 2
161 A -6 1 46 2 -11 -1
161 A -6 1 49 2 -36 -1
161 A -6 1 31 1 -16 0
161 A -6 1 17 1 -48 -2
161 A -6 1 29 1 39 1
161 A 6 1 -39 1 -29 1
161 A 6 1 16 0 -31 1
161 A 6 1 -46 2 11 -1
161 A 6 1 -17 1 48 -2
161 A 6 1 -41 2 -20 1
161 A 6 1 -59 2 -68 3
161 A 6 1 -36 1 49 -2
161 A -7 1 59 2 16 1
161 A -7 1 10 1 30 1
161 A -7 1 36 1 62 3
161 A 7 1 -10 1 -30 1
161 A 7 1 -59 2 -16 1
161 A 7 1 -36 1 -62 3
161 A -8 1 69 4 33 2
161 A -8 1 53 3 -30 -1
161 A -8 1 29 1 -49 -3
161 A -8 1 11 1 47 3
161 A -8 1 27 2 52 2
161 A -8 1 70 3 -55 -3
161 A -8 1 14 1 68 3
161 A -8 1 31 2 51 2
161 A -8 1 15 1 64 3
161 A 8 1 -52 2 -27 2
161 A 8 1 -68 3 -14 1
161 A 8 1 -29 1 49 -3
161 A 8 1 -11 1 -47 3
161 A 8 1 -51 2 -31 2
161 A 8 1 -70 3 55 -3
161 A 8 1 -30 1 53 -3
161 A 8 1 -33 2 -69 4
161 A 8 1 -64 3 -15 1
161 A -9 1 49 2 47 2
161 A -9 1 22 1 30 1
161 A -9 1 14 1 12 1
161 A -9 1 75 4 73 4
161 A -9 1 48 3 -44 -3
161 A -9 1 25 2 27 2
161 A -9 1 62 3 60 3
161 A 9 1 -49 2 -47 2
161 A 9 1 -22 1 -30 1
161 A 9 1 -14 1 -12 1
161 A 9 1 -75 4 -73 4
161 A 9 1 -60 3 -62 3
161 A 9 1 -25 2 -27 2
161 A 9 1 -44 3 48 -3
161 A 16 0 4 7 -4 7
161 A 16 0 8 5 -8 -3
161 A -10 1 47 3 41 2
161 A -10 1 52 4 -72 -5
161 A -10 1 69 4 -61 -3
161 A -10 1 21 2 40 3
161 A -10 1 61 4 21 1
161 A 10 1 -52 4 72 -5
161 A 10 1 -69 4 61 -3
161 A 10 1 -21 1 -61 4
161 A 10 1 -21 2 -40 3
161 A 10 1 -41 2 -47 3
161 A -11 1 20 1 -47 -4
161 A -11 1 63 4 -18 -1
161 A 11 1 -20 1 47 -4
161 A 11 1 -63 4 18 -1
161 A 17 0 -8 8 -4 -4
161 A 17 0 -7 2 -6 8
161 A 17 0 -7 3 -5 -7
161 A 17 0 -6 5 -3 6
161 A 17 0 -6 6 6 6
161 A 17 0 -5 5 -3 -3
161 A 17 0 -5 7 -7 -3
161 A 17 0 -4 4 -8 -8
161 A 17 0 -4 6 -2 -3
161 A 17 0 -3 2 -2 -7
161 A 17 0 -3 3 -5 -5
161 A 17 0 -3 4 3 4
161 A 17 0 -2 3 -4 -6
161 A 17 0 -2 7 -3 -2
161 A 17 0 3 6 6 5
161 A 17 0 6 8 7 2
161 A -12 1 71 6 -20 -1
161 A -12 1 64 4 -68 -5
161 A -12 1 28 3 45 3
161 A -12 1 44 4 -39 -2
161 A -12 1 60 4 24 2
161 A -12 1 48 4 30 2
161 A 12 1 -30 2 -48 4
161 A 12 1 -64 4 68 -5
161 A 12 1 -20 1 71 -6
161 A 12 1 -44 4 39 -2
161 A 12 1 -45 3 -28 3
161 A 12 1 -60 4 -24 2
161 A 18 0 8 3 -8 3
161 A 18 0 3 8 3 -8
161 A 18 0 3 4 3 2
161 A 18 0 -3 2 -3 4
161 A 18 0 9 4 9 2
161 A -14 1 74 6 33 2
161 A -14 1 45 5 65 6
161 A -14 1 19 2 -24 -1
161 A -14 1 68 7 -73 -6
161 A -14 1 34 2 -69 -7
161 A -14 1 30 2 38 3
161 A 14 1 -24 1 19 -2
161 A 14 1 -38 3 -30 2
161 A 14 1 -45 5 -65 6
161 A 14 1 -73 6 68 -7
161 A 14 1 -74 6 -33 2
161 A 14 1 -34 2 69 -7
161 A 19 0 8 9 -6 2
161 A 19 0 -8 9 6 2
161 A 19 0 7 7 -3 3
161 A 19 0 7 4 4 -5
161 A 19 0 -7 4 -4 -5
161 A 19 0 -7 7 3 3
161 A 19 0 5 3 3 2
161 A 19 0 -5 3 -3 2
161 A -15 1 46 5 -22 -3
161 A -15 1 42 5 -18 -1
161 A 15 1 -18 1 42 -5
161 A 15 1 -22 3 46 -5
161 A 20 0 9 6 3 -2
161 A 20 0 -9 6 -3 -2
161 A -16 1 8 2 -25 -3
161 A -16 1 43 3 -23 -2
161 A -16 1 69 8 47 5
161 A -16 1 28 4 -20 -3
161 A 16 1 -8 2 25 -3
161 A 16 1 -23 2 43 -3
161 A 16 1 -69 8 -47 5
161 A 16 1 -20 3 28 -4
161 A 21 0 6 5 -6 -2
161 A 21 0 -6 2 6 -5
161 A -17 1 22 3 -20 -1
161 A -17 1 15 2 33 4
161 A 17 1 -22 3 20 -1
161 A 17 1 -15 2 -33 4
161 A -18 1 11 2 83 8
161 A -18 1 23 3 -27 -2
161 A -18 1 58 5 69 8
161 A -18 1 54 5 -28 -2
161 A 18 1 -27 2 23 -3
161 A 18 1 -28 2 54 -5
161 A 18 1 -11 2 -83 8
161 A 18 1 -58 5 -69 8
161 A 23 0 11 7 2 5
161 A 23 0 -11 7 -2 5
161 A 23 0 9 3 5 6
161 A 23 0 -9 3 -5 6
161 A 23 0 8 3 -3 4
161 A 23 0 -8 3 3 4
161 A 23 0 6 6 -4 4
161 A 23 0 -6 6 4 4
161 A 23 0 1 5 -1 5
161 A -20 1 67 9 34 5
161 A -20 1 6 2 -21 -2
161 A -20 1 46 6 38 3
161 A 20 1 -67 9 -34 5
161 A 20 1 -6 2 21 -2
161 A 20 1 -46 6 -38 3
161 A 24 0 9 2 3 10
161 A 24 0 -9 2 -3 10
161 A 25 0 -12 12 4 4
161 A 25 0 -5 4 5 4
161 A 25 0 -4 4 12 12
161 A 0 2 -116 1 -68 1
161 A 0 2 -114 1 -24 1
161 A -2 2 79 0 41 0
161 A -2 2 55 0 53 0
161 A 2 2 79 0 41 0
161 A 2 2 55 0 53 0
161 A -4 2 30 1 -96 -1
161 A 4 2 -30 1 96 -1
161 A 26 0 8 9 -8 9
161 A -6 2 97 2 33 0
161 A 6 2 33 0 97 -2
161 A 27 0 -12 13 6 -7
161 A 27 0 6 7 -12 -13
161 A -24 1 66 12 -31 -4
161 A 24 1 -31 4 66 -12
161 A -14 2 99 4 -29 -2
161 A 14 2 -29 2 99 -4
161 A 29 0 -14 14 5 5
161 A 29 0 -6 5 6 5
161 A 29 0 -5 5 14 14
161 A 31 0 -3 3 3 3
161 A 43 0 -21 13 21 13
161 A 49 0 6 6 -6 6
161 A 53 0 7 20 -7 20
161 A 67 0 -33 11 33 11
161 A 73 0 18 18 -18 18
161 A 79 0 39 39 -39 39
161 S 0 3 7 0
161 S 0 2 7 0
161 S 0 1 7 0
161 S 3 1 10 0
161 S -1 3 10 0
161 S 4 4 9 0
161 S 2 2 9 0
161 S 1 1 9 0
161 S 5 3 11 0
161 S -4 2 11 0
161 S 3 4 11 0
161 S -2 1 11 0
161 S 1 5 11 0
161 S -1 1 6 0
161 S 2 1 5 0
161 S -1 2 5 0
161 S 7 5 14 0
161 S 7 3 14 0
161 S 7 1 14 0
161 S 1 1 6 0
161 S -2 1 5 0
161 S 1 2 5 0
161 S -4 4 9 0
161 S -2 2 9 0
161 S -1 1 9 0
161 S -5 3 11 0
161 S 4 2 11 0
161 S -3 4 11 0
161 S 2 1 11 0
161 S -1 5 11 0
161 S -3 1 10 0
161 S 1 3 10 0
161 T 1459 1374 653 0 0
161 T 1522 6 1457 0 0
161 T 655 1408 1520 0 0
161 T 6 1410 1374 0 0
161 T 915 1381 635 0 0
161 T 926 646 1379 0 0
161 T 633 1128 408 0 0
161 T 410 58 913 0 0
161 T 908 1296 426 0 0
161 T 383 941 1296 0 0
161 T 58 1130 1381 0 0
161 T 1493 1336 1047 0 0
161 T 1447 209 1495 0 0
161 T 1045 622 1445 0 0
161 T 209 620 1336 0 0
161 T 762 676 1023 0 0
161 T 797 1205 760 0 0
161 T 1021 978 799 0 0
161 T 1205 976 676 0 0
161 T 850 1057 9 0 0
161 T 1017 434 848 0 0
161 T 8 1228 1019 0 0
161 T 434 1230 1057 0 0
161 T 263 1113 749 0 0
161 T 751 450 179 0 0
161 T 183 765 473 0 0
161 T 177 821 261 0 0
161 T 821 448 1113 0 0
161 T 555 526 562 0 0
161 T 597 498 534 0 0
161 T 498 551 492 0 0
161 T 517 485 486 0 0
161 T 581 483 507 0 0
161 T 539 574 565 0 0
161 T 526 511 488 0 0
161 T 587 593 565 0 0
161 T 482 528 512 0 0
161 T 493 529 588 0 0
161 T 523 602 557 0 0
161 T 512 552 569 0 0
161 T 539 478 501 0 0
161 T 517 511 479 0 0
161 T 577 561 594 0 0
161 T 571 600 541 0 0
161 T 535 547 507 0 0
161 T 548 503 491 0 0
161 T 573 545 558 0 0
161 T 452 996 553 0 0
161 T 560 130 454 0 0
161 T 996 128 526 0 0
161 T 1199 878 725 0 0
161 T 1216 880 735 0 0
161 T 716 385 1197 0 0
161 T 727 3 718 0 0
161 T 385 2 878 0 0
161 T 322 1098 892 0 0
161 T 703 1148 320 0 0
161 T 894 2 701 0 0
161 T 1148 3 1098 0 0
161 T 382 120 925 0 0
161 T 425 914 122 0 0
161 T 408 5 942 0 0
161 T 961 574 380 0 0
161 T 927 807 963 0 0
161 T 574 805 120 0 0
161 T 423 1119 759 0 0
161 T 1270 343 421 0 0
161 T 757 408 1268 0 0
161 T 343 410 1119 0 0
161 T 1227 1273 1346 0 0
161 T 1189 436 1225 0 0
161 T 1183 1236 443 0 0
161 T 1273 438 378 0 0
161 T 186 539 677 0 0
161 T 679 438 172 0 0
161 T 441 673 181 0 0
161 T 174 812 184 0 0
161 T 812 436 539 0 0
161 T 202 1381 1213 0 0
161 T 1089 913 200 0 0
161 T 1215 633 1091 0 0
161 T 649 1212 1066 0 0
161 T 654 1069 55 0 0
161 T 475 456 443 0 0
161 T 446 433 471 0 0
161 T 462 428 450 0 0
161 T 765 675 456 0 0
161 T 1499 1009 1334 0 0
161 T 1332 650 202 0 0
161 T 200 1435 1497 0 0
161 T 1435 648 1009 0 0
161 T 721 534 855 0 0
161 T 853 496 252 0 0
161 T 254 597 723 0 0
161 T 251 808 494 0 0
161 T 496 825 261 0 0
161 T 808 101 825 0 0
161 T 403 486 1367 0 0
161 T 1386 148 1365 0 0
161 T 485 474 1384 0 0
161 T 1253 225 372 0 0
161 T 742 1134 1255 0 0
161 T 374 282 740 0 0
161 T 1134 280 225 0 0
161 T 920 232 887 0 0
161 T 1454 1203 885 0 0
161 T 1203 150 1228 0 0
161 T 156 1223 1205 0 0
161 T 1211 149 1235 0 0
161 T 1448 920 1230 0 0
161 T 1264 1156 759 0 0
161 T 339 242 1266 0 0
161 T 757 281 337 0 0
161 T 242 283 1156 0 0
161 T 15 1143 910 0 0
161 T 908 381 639 0 0
161 T 912 38 410 0 0
161 T 940 636 425 0 0
161 T 858 383 1143 0 0
161 T 505 121 692 0 0
161 T 661 119 483 0 0
161 T 119 100 121 0 0
161 T 202 1283 910 0 0
161 T 981 1298 1283 0 0
161 T 486 886 1287 0 0
161 T 1285 692 1388 0 0
161 T 1390 734 484 0 0
161 T 734 694 886 0 0
161 T 758 577 4 0 0
161 T 5 1024 1116 0 0
161 T 1024 579 422 0 0
161 T 1544 1540 1536 0 0
161 T 1538 1418 345 0 0
161 T 311 1412 1546 0 0
161 T 98 311 347 0 0
161 T 682 848 438 0 0
161 T 677 689 680 0 0
161 T 671 667 687 0 0
161 T 689 172 848 0 0
161 T 1317 205 855 0 0
161 T 1540 1302 1319 0 0
161 T 204 232 205 0 0
161 T 195 236 221 0 0
161 T 199 267 213 0 0
161 T 199 277 225 0 0
161 T 269 251 256 0 0
161 T 272 222 250 0 0
161 T 266 195 219 0 0
161 T 276 214 242 0 0
161 T 261 245 275 0 0
161 T 202 233 208 0 0
161 T 269 253 262 0 0
161 T 230 247 219 0 0
161 T 1302 862 206 0 0
161 T 498 1015 1474 0 0
161 T 1015 551 1028 0 0
161 T 1030 494 1472 0 0
161 T 1316 763 1419 0 0
161 T 1413 736 1303 0 0
161 T 736 99 763 0 0
161 T 438 565 165 0 0
161 T 167 572 812 0 0
161 T 179 792 789 0 0
161 T 791 753 616 0 0
161 T 618 132 177 0 0
161 T 132 755 792 0 0
161 T 1186 1430 694 0 0
161 T 732 1051 1184 0 0
161 T 1430 1049 884 0 0
161 T 61 1356 1160 0 0
161 T 435 898 60 0 0
161 T 454 906 1292 0 0
161 T 1292 891 447 0 0
161 T 1162 604 433 0 0
161 T 898 606 1356 0 0
161 T 900 616 1368 0 0
161 T 1064 1382 1333 0 0
161 T 1032 1203 9 0 0
161 T 1017 148 1034 0 0
161 T 1306 949 1330 0 0
161 T 1314 978 1322 0 0
161 T 1121 791 902 0 0
161 T 999 2 1123 0 0
161 T 900 845 997 0 0
161 T 2 847 791 0 0
161 T 1340 740 1448 0 0
161 T 1450 434 1440 0 0
161 T 1442 1275 1342 0 0
161 T 1275 432 740 0 0
161 T 134 664 524 0 0
161 T 490 633 132 0 0
161 T 664 635 511 0 0
161 T 6 822 542 0 0
161 T 540 449 1146 0 0
161 T 1144 1114 7 0 0
161 T 369 615 788 0 0
161 T 846 570 371 0 0
161 T 570 3 615 0 0
161 T 830 287 147 0 0
161 T 145 356 1107 0 0
161 T 1105 863 828 0 0
161 T 863 358 287 0 0
161 T 1238 932 748 0 0
161 T 1226 916 764 0 0
161 T 833 173 190 0 0
161 T 188 705 527 0 0
161 T 525 420 835 0 0
161 T 420 707 173 0 0
161 T 723 406 183 0 0
161 T 1538 1481 1456 0 0
161 T 1523 79 1536 0 0
161 T 1348 759 1453 0 0
161 T 500 1021 193 0 0
161 T 223 657 502 0 0
161 T 1021 659 236 0 0
161 T 120 1088 995 0 0
161 T 183 291 17 0 0
161 T 985 597 181 0 0
161 T 597 24 291 0 0
161 T 1510 1327 1356 0 0
161 T 1162 1325 1530 0 0
161 T 593 1039 167 0 0
161 T 165 376 1060 0 0
161 T 1062 904 595 0 0
161 T 904 378 1039 0 0
161 T 144 135 129 0 0
161 T 131 157 141 0 0
161 T 153 146 126 0 0
161 T 124 139 141 0 0
161 T 134 151 136 0 0
161 T 999 667 146 0 0
161 T 741 584 5 0 0
161 T 4 297 281 0 0
161 T 375 299 584 0 0
161 T 32 683 934 0 0
161 T 878 708 26 0 0
161 T 663 921 764 0 0
161 T 1392 1281 661 0 0
161 T 766 485 1394 0 0
161 T 1281 487 921 0 0
161 T 1445 153 1434 0 0
161 T 651 99 620 0 0
161 T 410 1430 1455 0 0
161 T 1430 1270 1350 0 0
161 T 833 627 1326 0 0
161 T 1324 1244 190 0 0
161 T 1244 625 175 0 0
161 T 680 459 324 0 0
161 T 935 2 459 0 0
161 T 1134 293 197 0 0
161 T 293 280 277 0 0
161 T 1339 568 1508 0 0
161 T 1358 1094 1337 0 0
161 T 1094 1325 568 0 0
161 T 284 116 825 0 0
161 T 268 855 827 0 0
161 T 116 321 270 0 0
161 T 855 323 286 0 0
161 T 167 656 977 0 0
161 T 162 948 629 0 0
161 T 521 415 1174 0 0
161 T 339 418 523 0 0
161 T 1172 389 337 0 0
161 T 418 391 415 0 0
161 T 386 407 403 0 0
161 T 427 398 410 0 0
161 T 119 256 713 0 0
161 T 715 249 320 0 0
161 T 591 291 35 0 0
161 T 559 12 1010 0 0
161 T 1335 1507 557 0 0
161 T 817 250 170 0 0
161 T 640 272 819 0 0
161 T 168 220 642 0 0
161 T 1356 210 1242 0 0
161 T 1240 621 1094 0 0
161 T 1240 1072 604 0 0
161 T 626 1126 57 0 0
161 T 1174 6 1096 0 0
161 T 1098 816 413 0 0
161 T 816 7 521 0 0
161 T 798 975 143 0 0
161 T 99 946 975 0 0
161 T 129 944 839 0 0
161 T 1044 568 12 0 0
161 T 522 307 1011 0 0
161 T 1046 305 540 0 0
161 T 116 899 444 0 0
161 T 5 906 434 0 0
161 T 902 453 118 0 0
161 T 899 37 433 0 0
161 T 904 447 608 0 0
161 T 609 455 888 0 0
161 T 175 699 867 0 0
161 T 865 711 422 0 0
161 T 707 709 699 0 0
161 T 716 702 714 0 0
161 T 628 103 659 0 0
161 T 1567 1565 1567 -1 0
161 T 1370 1396 328 0 0
161 T 330 1412 1106 0 0
161 T 1104 1406 1368 0 0
161 T 1406 1414 1396 0 0
161 T 1410 1418 1400 0 0
161 T 1394 1422 1388 0 0
161 T 330 1263 902 0 0
161 T 1396 618 1263 0 0
161 T 384 362 709 0 0
161 T 1043 218 489 0 0
161 T 527 329 1041 0 0
161 T 218 331 508 0 0
161 T 1114 3 1152 0 0
161 T 1154 671 262 0 0
161 T 671 2 748 0 0
161 T 161 968 755 0 0
161 T 128 467 163 0 0
161 T 753 230 130 0 0
161 T 1464 1491 1546 0 0
161 T 1458 1462 1466 0 0
161 T 1331 1192 707 0 0
161 T 705 1220 950 0 0
161 T 1307 1222 1192 0 0
161 T 250 1151 718 0 0
161 T 836 228 163 0 0
161 T 1167 1137 328 0 0
161 T 900 30 1165 0 0
161 T 1137 31 1263 0 0
161 T 432 378 1103 0 0
161 T 1101 1037 4 0 0
161 T 19 1349 855 0 0
161 T 721 1218 18 0 0
161 T 1218 534 1349 0 0
161 T 103 744 769 0 0
161 T 771 141 587 0 0
161 T 129 746 577 0 0
161 T 567 382 143 0 0
161 T 771 380 593 0 0
161 T 401 1183 717 0 0
161 T 1192 414 699 0 0
161 T 1196 1181 407 0 0
161 T 1218 1185 420 0 0
161 T 961 539 141 0 0
161 T 116 512 370 0 0
161 T 368 530 660 0 0
161 T 651 1476 950 0 0
161 T 977 1486 620 0 0
161 T 968 1253 1144 0 0
161 T 1146 1360 753 0 0
161 T 163 1362 1253 0 0
161 T 1515 347 90 0 0
161 T 91 1536 1520 0 0
161 T 1522 1418 1513 0 0
161 T 651 1439 1198 0 0
161 T 1426 622 1237 0 0
161 T 1099 250 727 0 0
161 T 318 115 352 0 0
161 T 316 193 125 0 0
161 T 147 219 354 0 0
161 T 116 552 845 0 0
161 T 917 459 42 0 0
161 T 458 20 919 0 0
161 T 450 683 1312 0 0
161 T 1328 708 415 0 0
161 T 303 522 640 0 0
161 T 274 6 301 0 0
161 T 860 810 271 0 0
161 T 269 122 359 0 0
161 T 122 808 284 0 0
161 T 1256 926 367 0 0
161 T 1171 28 1258 0 0
161 T 365 1141 1169 0 0
161 T 28 1143 926 0 0
161 T 1419 1086 367 0 0
161 T 365 186 761 0 0
161 T 186 1084 1316 0 0
161 T 1087 1410 1378 0 0
161 T 1079 1097 1085 0 0
161 T 1108 1092 1067 0 0
161 T 1105 1113 1122 0 0
161 T 1376 730 1077 0 0
161 T 1097 728 1410 0 0
161 T 473 1211 510 0 0
161 T 1289 1198 475 0 0
161 T 508 1214 1291 0 0
161 T 1198 1212 1211 0 0
161 T 745 595 452 0 0
161 T 1294 1062 747 0 0
161 T 625 1527 1405 0 0
161 T 1399 1517 627 0 0
161 T 1527 1519 1415 0 0
161 T 1173 989 1267 0 0
161 T 1265 166 1374 0 0
161 T 1372 730 1175 0 0
161 T 730 164 989 0 0
161 T 1402 366 1376 0 0
161 T 292 1158 214 0 0
161 T 688 1127 1028 0 0
161 T 1030 1162 849 0 0
161 T 1162 1125 175 0 0
161 T 1194 689 449 0 0
161 T 472 1180 670 0 0
161 T 1315 679 1192 0 0
161 T 646 1256 1401 0 0
161 T 1078 786 924 0 0
161 T 731 644 786 0 0
161 T 1271 1353 1216 0 0
161 T 1572 1574 1572 1 0
161 T 606 701 477 0 0
161 T 479 1276 1242 0 0
161 T 1276 703 1072 0 0
161 T 1442 1057 920 0 0
161 T 1245 57 1161 0 0
161 T 373 543 428 0 0
161 T 742 1103 438 0 0
161 T 1207 1195 1320 0 0
161 T 1306 156 1322 0 0
161 T 12 600 304 0 0
161 T 375 462 1147 0 0
161 T 547 1067 350 0 0
161 T 314 107 348 0 0
161 T 513 314 1092 0 0
161 T 145 929 1122 0 0
161 T 666 3 929 0 0
161 T 98 52 51 0 0
161 T 1547 93 1525 0 0
161 T 1519 92 310 0 0
161 T 873 244 788 0 0
161 T 613 246 176 0 0
161 T 1515 1402 653 0 0
161 T 1251 1131 54 0 0
161 T 655 175 1249 0 0
161 T 1131 173 1070 0 0
161 T 668 404 1290 0 0
161 T 625 313 162 0 0
161 T 1361 1464 627 0 0
161 T 1464 1254 313 0 0
161 T 792 354 247 0 0
161 T 1005 923 200 0 0
161 T 210 884 1007 0 0
161 T 841 728 138 0 0
161 T 136 645 169 0 0
161 T 171 785 843 0 0
161 T 717 1276 443 0 0
161 T 441 1072 715 0 0
161 T 956 589 181 0 0
161 T 256 673 589 0 0
161 T 183 735 400 0 0
161 T 168 725 414 0 0
161 T 385 733 723 0 0
161 T 1465 7 1526 0 0
161 T 1524 75 1547 0 0
161 T 930 1114 357 0 0
161 T 359 1152 665 0 0
161 T 941 1024 342 0 0
161 T 1053 592 943 0 0
161 T 340 162 1055 0 0
161 T 592 160 1024 0 0
161 T 260 687 359 0 0
161 T 253 122 687 0 0
161 T 577 336 296 0 0
161 T 685 1088 405 0 0
161 T 1289 1090 667 0 0
161 T 585 438 1039 0 0
161 T 365 539 1022 0 0
161 T 192 476 367 0 0
161 T 349 652 167 0 0
161 T 1266 1458 351 0 0
161 T 1223 838 739 0 0
161 T 236 140 728 0 0
161 T 392 166 140 0 0
161 T 160 563 422 0 0
161 T 145 792 228 0 0
161 T 330 737 191 0 0
161 T 1040 706 737 0 0
161 T 1507 1380 1311 0 0
161 T 1309 1064 559 0 0
161 T 316 221 843 0 0
161 T 937 785 221 0 0
161 T 413 1080 448 0 0
161 T 1080 696 690 0 0
161 T 823 275 614 0 0
161 T 954 1285 1294 0 0
161 T 770 1296 1053 0 0
161 T 1441 663 1188 0 0
161 T 1190 764 1056 0 0
161 T 126 1077 893 0 0
161 T 702 961 124 0 0
161 T 961 2 1077 0 0
161 T 162 833 552 0 0
161 T 115 65 62 0 0
161 T 829 153 802 0 0
161 T 124 284 800 0 0
161 T 871 454 1166 0 0
161 T 1106 191 1302 0 0
161 T 831 204 191 0 0
161 T 301 2 603 0 0
161 T 558 3 642 0 0
161 T 1407 7 1363 0 0
161 T 1285 210 891 0 0
161 T 437 1056 916 0 0
161 T 1139 264 1170 0 0
161 T 1140 519 1167 0 0
161 T 898 1074 210 0 0
161 T 1201 1050 409 0 0
161 T 1340 1227 528 0 0
161 T 530 1346 1440 0 0
161 T 1470 1170 196 0 0
161 T 214 1139 1468 0 0
161 T 553 314 1327 0 0
161 T 1048 422 882 0 0
161 T 880 709 8 0 0
161 T 867 1048 9 0 0
161 T 349 1309 572 0 0
161 T 1309 652 814 0 0
161 T 1365 1388 180 0 0
161 T 182 1394 1386 0 0
161 T 231 629 1043 0 0
161 T 1041 950 837 0 0
161 T 322 1086 125 0 0
161 T 852 803 1086 0 0
161 T 186 1311 1250 0 0
161 T 890 485 1006 0 0
161 T 909 519 888 0 0
161 T 486 909 1004 0 0
161 T 256 862 494 0 0
161 T 916 681 9 0 0
161 T 1369 1122 754 0 0
161 T 752 1115 1405 0 0
161 T 1129 1014 867 0 0
161 T 1068 699 1014 0 0
161 T 604 1030 1016 0 0
161 T 489 631 244 0 0
161 T 302 543 612 0 0
161 T 804 558 335 0 0
161 T 333 547 123 0 0
161 T 458 1238 671 0 0
161 T 127 236 843 0 0
161 T 692 533 335 0 0
161 T 418 581 430 0 0
161 T 1554 1552 1554 1 0
161 T 237 798 167 0 0
161 T 81 1251 1130 0 0
161 T 1128 1308 1532 0 0
161 T 787 3 807 0 0
161 T 385 882 18 0 0
161 T 1165 890 14 0 0
161 T 1235 1243 1237 0 0
161 T 1426 1093 1233 0 0
161 T 139 700 537 0 0
161 T 1236 401 1278 0 0
161 T 1074 117 965 0 0
161 T 673 20 1225 0 0
161 T 1066 1439 1209 0 0
161 T 478 402 1235 0 0
161 T 1343 861 20 0 0
161 T 528 860 675 0 0
161 T 1161 76 1244 0 0
161 T 1355 534 1431 0 0
161 T 384 40 880 0 0
161 T 501 137 605 0 0
161 T 333 642 784 0 0
161 T 864 1035 410 0 0
161 T 1035 1013 635 0 0
161 T 802 207 187 0 0
161 U 70 7 6 0 0
161 U 148 6 6 0 0
161 U 295 9 6 0 0
161 U 155 9 9 0 0
161 U 304 9 10 0 0
161 U 156 10 10 0 0
161 U 22 11 10 0 0
161 U 2 2 3 0 0
161 U 326 3 3 0 0
161 U 33 3 2 0 0
161 U 43 3 2 0 0
161 U 8 2 3 0 0
161 U 186 14 12 0 0
161 U 1533 13 14 0 0
161 U 80 12 13 0 0
161 U 82 15 14 0 0
161 U 1496 12 15 0 0
161 U 1504 15 13 0 0
161 U 59 13 12 0 0
161 U 13 15 14 0 0
161 U 1186 20 18 0 0
161 U 343 20 20 0 0
161 U 1354 18 20 0 0
161 U 170 18 16 0 0
161 U 319 16 16 0 0
161 U 938 16 18 0 0
161 U 47 21 20 0 0
161 U 10 20 21 0 0
161 U 333 18 18 0 0
161 U 48 16 17 0 0
161 U 65 17 16 0 0
161 U 440 25 30 0 0
161 U 259 30 25 0 0
161 U 966 25 25 0 0
161 U 968 27 27 0 0
161 U 461 27 28 0 0
161 U 227 28 27 0 0
161 U 945 22 22 0 0
161 U 228 22 27 0 0
161 U 465 27 22 0 0
161 U 956 31 31 0 0
161 U 17 31 30 0 0
161 U 34 30 31 0 0
161 U 52 22 23 0 0
161 U 67 23 22 0 0
161 U 208 24 29 0 0
161 U 447 29 24 0 0
161 U 954 29 29 0 0
161 U 7 33 32 0 0
161 U 1491 32 32 0 0
161 U 75 32 33 0 0
161 U 87 32 33 0 0
161 U 21 33 32 0 0
161 U 5 37 36 0 0
161 U 639 34 37 0 0
161 U 397 36 34 0 0
161 U 39 37 36 0 0
161 U 120 36 35 0 0
161 U 28 35 34 0 0
161 U 858 37 35 0 0
161 U 14 34 35 0 0
161 U 68 1 1 0 0
161 U 1 1 1 -1 0
161 U 779 41 41 1 0
161 U 95 41 40 0 0
161 U 775 39 39 1 0
161 U 1469 39 41 0 0
161 U 1473 39 43 0 0
161 U 781 43 43 0 0
161 U 73 43 42 0 0
161 U 6 44 45 0 0
161 U 1482 45 45 0 0
161 U 79 45 44 0 0
161 U 89 45 44 0 0
161 U 18 44 45 0 0
161 U 609 48 47 0 0
161 U 15 47 46 -1 0
161 U 868 46 48 0 0
161 U 37 48 49 0 0
161 U 470 46 48 0 0
161 U 117 49 46 0 0
161 U 31 46 47 0 0
161 U 4 48 49 0 0
161 U 45 54 55 0 0
161 U 376 55 55 0 0
161 U 11 55 54 0 0
161 U 179 51 53 0 0
161 U 368 53 53 0 0
161 U 874 53 51 0 0
161 U 1344 55 53 0 0
161 U 1191 53 55 0 0
161 U 355 50 50 0 0
161 U 62 51 50 0 0
161 U 48 50 51 1 0
161 U 50 57 56 0 0
161 U 974 56 56 0 0
161 U 66 56 57 1 0
161 U 236 56 61 0 0
161 U 392 61 56 0 0
161 U 986 64 64 0 0
161 U 255 64 59 0 0
161 U 407 59 64 0 0
161 U 424 63 58 0 0
161 U 994 58 58 0 0
161 U 200 58 63 0 0
161 U 988 60 60 0 0
161 U 240 60 63 0 0
161 U 391 63 60 0 0
161 U 982 62 62 0 0
161 U 16 64 65 0 0
161 U 24 65 64 0 0
161 U 3 4 5 0 0
161 U 363 5 5 0 0
161 U 27 5 4 0 0
161 U 41 5 4 0 0
161 U 9 4 5 -1 0
161 U 191 69 67 0 0
161 U 1530 66 69 0 0
161 U 76 67 66 0 0
161 U 1511 68 66 0 0
161 U 60 66 67 0 0
161 U 84 68 69 0 0
161 U 1492 67 68 0 0
161 U 12 68 69 0 0
161 Q 100 180 112 182 0 0 0 0 0 0
161 Q 1109 97 1109 97 0 0 0 0 0 0
161 Q 97 1424 1001 1439 0 0 0 0 0 0
161 Q 1003 149 1003 149 0 0 0 0 0 0
161 Q 1548 110 1548 110 0 0 0 0 0 0
161 Q 110 377 104 343 0 0 0 0 0 0
161 Q 341 1558 379 1550 0 0 0 0 0 0
161 Q 1556 104 1556 104 0 0 0 0 0 0
161 Q 45 104 47 105 0 0 0 0 0 0
161 Q 105 10 110 11 0 0 0 0 0 0
161 Q 779 1320 104 1304 0 0 0 0 0 0
161 Q 1328 1178 1312 777 0 0 0 0 0 0
161 Q 104 978 1176 949 0 0 0 0 0 0
161 Q 1000 1199 1178 1236 0 0 0 0 0 0
161 Q 750 1503 725 1002 0 0 0 0 0 0
161 Q 876 1501 932 1176 0 0 0 0 0 0
161 Q 151 759 1460 743 0 0 0 0 0 0
161 Q 233 1341 1462 1350 0 0 0 0 0 0
161 Q 105 1484 97 1478 0 0 0 0 0 0
161 Q 1476 1571 1486 1557 0 0 0 0 0 0
161 Q 97 1569 97 1569 0 0 0 0 0 0
161 Q 1503 27 1500 33 0 0 0 0 0 0
161 Q 683 1502 708 1178 0 0 0 0 0 0
161 Q 155 197 107 215 0 0 0 0 0 0
161 Q 267 153 267 153 0 0 0 0 0 0
161 Q 979 1567 948 1559 0 0 0 0 0 0
161 Q 1557 160 1562 165 0 0 0 0 0 0
161 Q 1560 631 1565 656 0 0 0 0 0 0
161 Q 97 589 1 599 0 -1 0 0 0 0
161 Q 289 1 291 97 0 0 0 0 0 0
161 Q 34 1 24 1 0 0 0 -1 0 0
161 Q 308 1 346 97 0 1 0 0 0 -1
161 Q 1571 344 1573 310 0 0 0 0 0 0
161 Q 1575 1 1575 1 0 1 0 -1 0 -1
161 Q 98 542 157 520 0 0 0 0 1 0
161 Q 1179 622 97 649 0 0 0 0 0 0
161 Q 777 413 1500 448 0 0 0 0 0 0
161 Q 650 1570 621 1566 0 0 0 0 0 0
161 Q 149 1133 106 1158 0 0 0 0 0 0
161 Q 0 73 0 72 0 0 0 0 -1 0
161 Q 1403 97 1397 109 0 0 1 0 0 0
161 Q 109 617 776 644 0 0 -1 0 0 0
161 Q 1256 778 1262 97 0 0 0 0 0 0
161 Q 111 276 96 278 0 0 0 0 0 0
161 Q 240 772 226 111 0 0 0 0 0 0
161 Q 774 214 96 196 0 0 0 0 0 0
161 Q 781 495 1 497 0 0 0 0 0 0
161 Q 535 96 529 783 0 0 0 0 0 0
161 Q 56 1 54 1 0 0 0 -1 0 0
161 Q 1 1069 109 1125 1 0 0 1 0 1
161 Q 627 109 652 1 -1 0 0 0 0 0
161 Q 780 0 780 0 0 0 0 0 0 0
161 Q 0 530 1111 532 0 0 0 0 0 0
161 Q 418 0 430 99 0 0 0 0 0 0
161 Q 0 337 158 375 0 0 0 0 0 0
161 Q 101 273 103 275 0 0 0 0 0 0
161 Q 298 0 296 103 0 0 0 0 0 0
161 Q 152 85 155 83 0 0 0 0 0 0
161 Q 1060 1560 1055 1549 0 0 0 0 0 0
161 Q 1551 983 583 952 0 0 0 0 0 0
161 Q 1552 768 1562 747 0 0 0 0 0 0
161 Q 1285 581 1281 1554 0 0 0 0 0 0
161 Q 178 1000 170 778 0 0 0 0 0 0
161 Q 1548 225 1081 243 0 0 0 0 0 0
161 Q 1083 775 1083 775 0 0 0 0 0 0
161 Q 1 1514 97 1519 0 0 0 0 0 0
161 Q 0 505 107 483 1 0 0 0 0 0
161 Q 583 0 583 0 0 0 0 0 0 0
161 Q 778 1139 96 1170 0 0 0 0 0 0
161 Q 1029 775 1014 1 0 0 0 0 0 0
161 Q 1307 23 1322 94 0 0 0 0 0 0
161 Q 104 22 105 23 0 0 0 0 0 0
161 Q 1553 1395 101 1389 0 0 0 0 0 0
161 Q 772 688 109 696 0 0 0 0 0 0
161 Q 31 776 28 779 0 0 0 0 0 0
161 Q 1001 136 108 134 -1 0 0 0 0 0
161 Q 21 1543 18 1460 0 0 0 0 0 0
161 Q 1 91 1 93 0 0 0 1 0 1
161 Q 1574 69 1575 68 0 0 0 0 -1 0
161 Q 1460 86 1463 88 0 0 0 0 0 0
161 Q 71 112 70 113 0 0 0 0 0 0
161 H 112 148 150 112 112 148 0 0 0 0 0 0 0 0 0 0
