0
0 d=823
0
823 A 4 0 -1 2 1 -2
823 A 8 0 3 2 -3 -2
823 A 8 0 -3 2 3 -2
823 A 8 0 1 2 -1 -2
823 A 8 0 -1 2 1 -2
823 A 13 0 4 5 -4 -5
823 A -2 1 77 1 -77 -1
823 A -2 1 25 0 -25 0
823 A -2 1 101 1 -101 -1
823 A 1 1 25 0 -25 0
823 A 1 1 -78 1 78 -1
823 A 1 1 -102 1 102 -1
823 A -3 1 102 1 -102 -1
823 A 2 1 -103 1 103 -1
823 A -7 1 47 2 -47 -2
823 A -7 1 49 2 -49 -2
823 A 6 1 -49 2 49 -2
823 A 6 1 -51 2 51 -2
823 A 16 0 -5 2 5 -2
823 A 16 0 -3 6 3 -6
823 A 16 0 3 2 -3 -2
823 A 16 0 5 6 -5 -6
823 A -15 1 69 4 -69 -4
823 A 14 1 -73 4 73 -4
823 A 26 0 9 8 -9 -8
823 A 7 0 3 1 3 1
823 A 9 0 4 1 4 1
823 A 11 0 4 3 4 3
823 A 13 0 6 1 6 1
823 A 19 0 -4 8 -4 8
823 A 21 0 -4 8 -4 8
823 A 23 0 -3 6 -3 6
823 A 5 0 -3 2 -2 1
823 A 5 0 2 1 1 -2
823 A 5 0 -2 2 0 -2
823 A 5 0 1 2 1 1
823 A 5 0 -1 1 0 1
823 A 7 0 -4 3 -2 1
823 A 7 0 -4 2 -2 -2
823 A 7 0 -3 1 1 -3
823 A 7 0 -3 2 1 2
823 A 7 0 -3 3 0 -3
823 A 7 0 2 3 1 -2
823 A 7 0 2 1 2 -3
823 A 7 0 -2 2 0 -1
823 A 7 0 1 3 1 1
823 A 7 0 -1 1 0 -2
823 A 9 0 -5 4 4 -2
823 A 9 0 -5 2 -3 1
823 A 9 0 -4 1 6 -4
823 A 9 0 -4 4 0 2
823 A 9 0 3 2 2 1
823 A 9 0 3 1 -2 -4
823 A 9 0 -3 2 -1 -2
823 A 9 0 -3 4 1 -4
823 A 9 0 2 2 -1 -4
823 A 9 0 -2 1 1 1
823 A 9 0 -2 2 0 4
823 A 9 0 -1 1 0 -1
823 A 9 0 -1 2 2 -4
823 A 11 0 -6 5 -4 2
823 A 11 0 -6 4 3 -5
823 A 11 0 -6 3 7 -4
823 A 11 0 -6 2 4 2
823 A 11 0 5 1 1 -2
823 A 11 0 -5 1 -3 2
823 A 11 0 -5 2 1 -3
823 A 11 0 -5 3 -4 5
823 A 11 0 -5 4 1 4
823 A 11 0 -5 5 0 -3
823 A 11 0 -7 5 -4 1
823 A 11 0 4 1 1 2
823 A 11 0 -4 3 -1 -3
823 A 11 0 -4 4 0 -1
823 A 11 0 3 5 -2 4
823 A 11 0 3 4 -3 -3
823 A 11 0 3 2 2 -3
823 A 11 0 3 1 2 5
823 A 11 0 -3 1 -3 4
823 A 11 0 -3 3 0 -5
823 A 11 0 2 4 2 -5
823 A 11 0 2 3 -1 5
823 A 11 0 2 2 1 5
823 A 11 0 2 1 -1 4
823 A 11 0 -2 1 -1 -1
823 A 11 0 -2 2 0 -2
823 A 11 0 -1 1 0 -4
823 A 12 0 5 2 -1 2
823 A 12 0 -5 2 -3 -2
823 A 12 0 -3 2 -1 -2
823 A 13 0 -7 5 -8 6
823 A 13 0 -7 4 -5 2
823 A 13 0 -7 3 3 -1
823 A 13 0 -7 2 5 2
823 A 13 0 -6 1 9 -6
823 A 13 0 -6 2 -3 5
823 A 13 0 -6 4 -4 5
823 A 13 0 -6 5 5 -1
823 A 13 0 -6 6 0 1
823 A 13 0 5 3 2 -4
823 A 13 0 5 1 -3 -6
823 A 13 0 -5 3 3 -2
823 A 13 0 -5 4 -1 -4
823 A 13 0 -5 5 0 -4
823 A 13 0 -5 6 -1 6
823 A 13 0 4 3 -2 -1
823 A 13 0 4 2 -2 5
823 A 13 0 4 1 -1 -5
823 A 13 0 -4 1 -1 4
823 A 13 0 -4 3 -1 -3
823 A 13 0 -4 4 0 -5
823 A 13 0 -4 6 1 -3
823 A 13 0 3 4 3 2
823 A 13 0 3 1 -3 4
823 A 13 0 -3 3 0 2
823 A 13 0 2 6 2 5
823 A 13 0 2 4 -1 5
823 A 13 0 2 3 -1 -2
823 A 13 0 -2 2 0 3
823 A 13 0 -2 3 2 -6
823 A 13 0 -1 1 0 6
823 A 13 0 -1 2 3 -6
823 A -1 1 101 0 -51 0
823 A -1 1 99 0 -77 0
823 A -1 1 97 0 -17 0
823 A -1 1 87 0 -45 0
823 A -1 1 85 0 63 0
823 A -1 1 79 0 73 0
823 A -1 1 61 0 27 0
823 A -1 1 57 0 -47 0
823 A -1 1 55 0 -15 0
823 A -1 1 53 0 -35 0
823 A -1 1 49 0 21 0
823 A -1 1 33 0 -25 0
823 A 0 1 101 0 -51 0
823 A 0 1 99 0 -77 0
823 A 0 1 97 0 -17 0
823 A 0 1 87 0 -45 0
823 A 0 1 85 0 63 0
823 A 0 1 79 0 73 0
823 A 0 1 61 0 27 0
823 A 0 1 57 0 -47 0
823 A 0 1 55 0 -15 0
823 A 0 1 53 0 -35 0
823 A 0 1 49 0 21 0
823 A 0 1 33 0 -25 0
823 A -2 1 99 1 35 0
823 A -2 1 97 1 21 0
823 A -2 1 95 1 15 0
823 A -2 1 93 1 79 1
823 A -2 1 85 1 -55 0
823 A -2 1 75 1 27 0
823 A -2 1 73 1 61 0
823 A -2 1 63 0 33 0
823 A -2 1 53 0 51 0
823 A -2 1 49 0 -17 0
823 A -2 1 47 0 -31 0
823 A -2 1 45 0 -37 0
823 A 1 1 63 0 33 0
823 A 1 1 61 0 74 -1
823 A 1 1 55 0 -86 1
823 A 1 1 53 0 51 0
823 A 1 1 49 0 -17 0
823 A 1 1 47 0 -31 0
823 A 1 1 45 0 -37 0
823 A 1 1 35 0 100 -1
823 A 1 1 27 0 76 -1
823 A 1 1 21 0 98 -1
823 A 1 1 15 0 96 -1
823 A 1 1 -80 1 -94 1
823 A -3 1 100 1 -35 0
823 A -3 1 76 1 -48 -1
823 A -3 1 52 1 -27 0
823 A -3 1 37 0 60 1
823 A -3 1 25 0 -17 0
823 A -3 1 62 1 72 1
823 A -3 1 96 1 -15 0
823 A -3 1 90 1 -54 -1
823 A -3 1 78 1 -86 -1
823 A -3 1 42 1 -33 0
823 A -3 1 21 0 -98 -1
823 A 2 1 -101 1 35 0
823 A 2 1 -99 1 21 0
823 A 2 1 -97 1 15 0
823 A 2 1 -91 1 55 -1
823 A 2 1 -87 1 79 -1
823 A 2 1 37 0 61 -1
823 A 2 1 33 0 -43 1
823 A 2 1 27 0 -53 1
823 A 2 1 25 0 -17 0
823 A 2 1 -49 1 77 -1
823 A 2 1 -63 1 -73 1
823 A -4 1 31 1 -77 -1
823 A -4 1 35 1 87 2
823 A -4 1 43 1 47 1
823 A -4 1 51 1 99 2
823 A -4 1 95 2 87 1
823 A -4 1 79 1 21 0
823 A -4 1 27 0 -97 -2
823 A -4 1 23 0 -19 0
823 A -4 1 15 0 29 0
823 A -4 1 33 1 49 1
823 A -4 1 37 1 93 2
823 A -4 1 53 1 61 1
823 A -4 1 73 1 -17 0
823 A 3 1 -88 1 -97 2
823 A 3 1 19 0 -23 0
823 A 3 1 17 0 -74 1
823 A 3 1 29 0 15 0
823 A 3 1 -32 1 78 -1
823 A 3 1 -38 1 -95 2
823 A 3 1 -44 1 -48 1
823 A 3 1 -50 1 -34 1
823 A 3 1 -62 1 -54 1
823 A 3 1 -80 1 -21 0
823 A 3 1 -89 2 -36 1
823 A 3 1 -101 2 -52 1
823 A 3 1 27 0 -99 2
823 A 15 0 -8 4 -2 -2
823 A 15 0 7 1 1 -2
823 A 15 0 -7 1 -3 2
823 A 15 0 -7 2 5 -7
823 A 15 0 -7 4 -6 2
823 A 15 0 -7 7 0 -7
823 A 15 0 -9 7 1 -4
823 A 15 0 -9 4 -5 -1
823 A 15 0 6 1 1 2
823 A 15 0 -6 1 -5 -4
823 A 15 0 -6 4 4 -7
823 A 15 0 -10 7 -3 -7
823 A 15 0 5 2 2 -7
823 A 15 0 -5 1 4 1
823 A 15 0 -5 2 -3 -2
823 A 15 0 -5 4 1 4
823 A 15 0 4 7 -2 4
823 A 15 0 4 4 4 -2
823 A 15 0 4 2 3 4
823 A 15 0 -3 4 -2 -7
823 A 15 0 2 4 3 -7
823 A 15 0 -2 2 0 -2
823 A -5 1 83 2 17 0
823 A -5 1 73 2 44 1
823 A -5 1 48 1 71 2
823 A -5 1 23 0 -54 -1
823 A -5 1 22 1 -62 -1
823 A -5 1 32 1 -50 -1
823 A -5 1 99 2 75 2
823 A -5 1 89 2 95 2
823 A -5 1 64 1 -85 -2
823 A -5 1 34 1 -24 -1
823 A -5 1 19 0 97 2
823 A -5 1 101 2 52 1
823 A 4 1 17 0 85 -2
823 A 4 1 -25 1 35 -1
823 A 4 1 -33 1 51 -1
823 A 4 1 -45 1 -75 2
823 A 4 1 -49 1 -73 2
823 A 4 1 -53 1 -103 2
823 A 4 1 -65 1 87 -2
823 A 4 1 -77 2 -101 2
823 A 4 1 -97 2 -91 2
823 A 4 1 19 0 99 -2
823 A 4 1 23 0 -55 1
823 A 4 1 -23 1 63 -1
823 A -6 1 93 3 17 0
823 A -6 1 87 2 -25 -1
823 A -6 1 75 2 -19 0
823 A -6 1 51 1 -23 -1
823 A -6 1 45 1 31 1
823 A -6 1 33 1 -97 -3
823 A -6 1 95 3 59 2
823 A -6 1 77 2 -55 -1
823 A -6 1 35 1 17 1
823 A -6 1 19 1 -73 -2
823 A -6 1 61 2 -85 -2
823 A -6 1 91 2 -49 -1
823 A 5 1 -93 2 50 -1
823 A 5 1 17 0 96 -3
823 A 5 1 -32 1 -46 1
823 A 5 1 -52 1 24 -1
823 A 5 1 -77 2 19 0
823 A 5 1 -87 2 63 -2
823 A 5 1 -89 2 26 -1
823 A 5 1 -79 2 56 -1
823 A 5 1 -36 1 -18 1
823 A 5 1 -61 2 -98 3
823 A 5 1 -20 1 75 -2
823 A 5 1 -100 3 34 -1
823 A -7 1 96 3 -46 -1
823 A -7 1 82 3 51 2
823 A -7 1 75 2 32 1
823 A -7 1 61 2 -36 -1
823 A -7 1 40 1 -81 -2
823 A -7 1 22 1 -63 -2
823 A -7 1 55 2 94 3
823 A -7 1 88 3 77 2
823 A -7 1 18 1 98 3
823 A -7 1 45 2 14 1
823 A -7 1 59 2 -17 0
823 A -7 1 34 1 -100 -3
823 A 6 1 -101 3 -19 1
823 A 6 1 -83 2 41 -1
823 A 6 1 -77 2 -33 1
823 A 6 1 -65 2 23 -1
823 A 6 1 -47 1 99 -3
823 A 6 1 -35 1 103 -3
823 A 6 1 17 0 -61 2
823 A 6 1 -37 1 63 -2
823 A 6 1 -79 2 -91 3
823 A 6 1 -85 3 -53 2
823 A 6 1 -97 3 -57 2
823 A 6 1 -47 2 -15 1
823 A 16 0 -9 6 1 2
823 A 16 0 -7 2 -1 6
823 A 16 0 -7 6 -1 -6
823 A 16 0 -5 6 5 2
823 A 16 0 -3 2 3 6
823 A 16 0 -1 2 -7 -2
823 A -8 1 13 1 -17 -1
823 A -8 1 45 2 57 2
823 A -8 1 53 2 -11 -1
823 A -8 1 69 3 -23 -1
823 A -8 1 93 4 -85 -3
823 A -8 1 73 3 19 1
823 A -8 1 65 2 -39 -2
823 A -8 1 41 2 -15 -1
823 A -8 1 41 1 -91 -4
823 A -8 1 33 1 91 3
823 A -8 1 25 1 95 4
823 A -8 1 17 0 61 2
823 A -8 1 47 2 63 2
823 A -8 1 37 1 -75 -3
823 A -8 1 51 2 35 1
823 A 7 1 -16 1 43 -2
823 A 7 1 -65 2 -49 2
823 A 7 1 -72 3 24 -1
823 A 7 1 -36 1 -53 2
823 A 7 1 -20 1 -76 3
823 A 7 1 -34 1 -94 3
823 A 7 1 -41 2 67 -2
823 A 7 1 -55 2 12 -1
823 A 7 1 -97 4 88 -3
823 A 7 1 17 0 63 -2
823 A 7 1 -38 1 78 -3
823 A 7 1 -59 2 -47 2
823 A 7 1 -42 1 95 -4
823 A 7 1 -14 1 18 -1
823 A 7 1 -99 4 -26 1
823 A -9 1 85 4 58 3
823 A -9 1 76 3 -18 -1
823 A -9 1 49 2 -56 -3
823 A -9 1 40 1 8 1
823 A -9 1 14 1 -97 -4
823 A -9 1 41 2 -24 -1
823 A -9 1 93 4 -89 -4
823 A -9 1 60 3 95 4
823 A -9 1 47 2 -59 -2
823 A -9 1 38 1 -53 -2
823 A -9 1 20 1 79 4
823 A -9 1 55 2 72 3
823 A -9 1 10 1 81 4
823 A -9 1 99 4 26 1
823 A -9 1 36 1 78 3
823 A 8 1 -11 1 -85 4
823 A 8 1 -19 1 79 -3
823 A 8 1 -27 1 -103 4
823 A 8 1 -43 2 25 -1
823 A 8 1 -51 2 59 -3
823 A 8 1 -75 3 -57 2
823 A 8 1 -83 4 -21 1
823 A 8 1 -99 4 -63 3
823 A 8 1 -37 1 -81 3
823 A 8 1 -61 2 49 -2
823 A 8 1 -61 3 -89 4
823 A 8 1 -93 4 97 -4
823 A 8 1 -101 4 15 -1
823 A 8 1 -41 1 -9 1
823 A 8 1 -39 1 55 -2
823 A 17 0 -9 8 1 8
823 A 17 0 -9 7 5 -8
823 A 17 0 -9 5 4 5
823 A 17 0 -9 4 -7 8
823 A 17 0 -8 2 8 -3
823 A 17 0 -8 6 -5 2
823 A 17 0 -8 7 -4 6
823 A 17 0 -10 8 3 -5
823 A 17 0 -10 7 6 -3
823 A 17 0 -10 4 -4 3
823 A 17 0 -7 2 -7 4
823 A 17 0 -7 3 6 -4
823 A 17 0 -11 7 -5 4
823 A 17 0 6 5 -2 4
823 A 17 0 6 4 1 3
823 A 17 0 6 2 -5 -3
823 A 17 0 -6 8 -5 3
823 A 17 0 -12 8 -5 7
823 A 17 0 5 7 1 -2
823 A 17 0 5 4 -1 8
823 A 17 0 5 2 3 4
823 A 17 0 4 8 -2 7
823 A 17 0 4 7 1 4
823 A 17 0 4 3 -2 -4
823 A 17 0 -4 4 0 -2
823 A 17 0 -4 7 -3 7
823 A 17 0 3 7 -3 -3
823 A 17 0 3 2 2 6
823 A 17 0 -3 3 0 3
823 A 17 0 2 8 2 -5
823 A 17 0 2 7 3 -8
823 A 17 0 2 3 -2 8
823 A 17 0 -2 2 0 -4
823 A 17 0 -2 3 1 -3
823 A 17 0 1 7 -2 6
823 A 17 0 -3 6 4 -8
823 A -10 1 57 2 83 4
823 A -10 1 27 2 -43 -2
823 A -10 1 63 3 25 1
823 A -10 1 73 4 35 2
823 A -10 1 93 5 59 3
823 A -10 1 93 4 -49 -2
823 A -10 1 99 4 -75 -4
823 A -10 1 89 4 29 1
823 A -10 1 79 3 9 1
823 A -10 1 19 1 31 2
823 A -10 1 11 1 -91 -5
823 A -10 1 21 1 75 3
823 A -10 1 15 1 51 2
823 A 9 1 -103 4 79 -4
823 A 9 1 -59 2 -87 4
823 A 9 1 -77 4 -37 2
823 A 9 1 -93 4 -30 1
823 A 9 1 -33 2 -20 1
823 A 9 1 -51 2 97 -4
823 A 9 1 -78 3 -22 1
823 A 9 1 -96 5 12 -1
823 A 9 1 -16 1 -53 2
823 A 9 1 -82 3 -10 1
823 A 9 1 -26 1 -66 3
823 A 9 1 -62 3 -98 5
823 A 9 1 -45 2 29 -2
823 A -11 1 48 3 28 1
823 A -11 1 37 2 -53 -2
823 A -11 1 29 2 -20 -1
823 A -11 1 73 4 16 1
823 A -11 1 84 5 14 1
823 A -11 1 45 2 22 1
823 A -11 1 12 1 -33 -2
823 A -11 1 75 4 44 3
823 A -11 1 94 5 79 4
823 A -11 1 50 3 -66 -3
823 A -11 1 69 4 96 5
823 A -11 1 30 1 87 4
823 A -11 1 98 5 62 3
823 A 10 1 -69 3 53 -3
823 A 10 1 -29 1 -51 3
823 A 10 1 -21 1 31 -2
823 A 10 1 -31 1 -91 4
823 A 10 1 -101 5 -73 4
823 A 10 1 -65 3 -103 5
823 A 10 1 -55 2 39 -2
823 A 10 1 -15 1 -89 5
823 A 10 1 -35 2 13 -1
823 A 10 1 -79 4 -47 3
823 A 10 1 -99 5 -83 4
823 A 10 1 -47 2 -23 1
823 A 10 1 -17 1 -77 4
823 A -12 1 31 2 31 1
823 A -12 1 43 3 41 3
823 A -12 1 55 4 57 4
823 A -12 1 91 6 81 5
823 A -12 1 17 1 -23 -1
823 A -12 1 29 2 27 2
823 A -12 1 81 4 83 4
823 A -12 1 45 3 73 4
823 A -12 1 21 1 -29 -1
823 A -12 1 15 1 13 1
823 A -12 1 51 3 65 3
823 A -12 1 95 5 97 5
823 A -12 1 35 2 39 2
823 A -12 1 49 2 77 4
823 A 11 1 -81 4 -51 2
823 A 11 1 -37 2 -41 2
823 A 11 1 -18 1 24 -1
823 A 11 1 -29 2 -31 2
823 A 11 1 -100 5 -102 5
823 A 11 1 -32 1 -33 2
823 A 11 1 -54 3 -68 3
823 A 11 1 -87 4 -85 4
823 A 11 1 -46 3 -44 3
823 A 11 1 -16 1 -14 1
823 A 11 1 -30 1 22 -1
823 A 11 1 -77 4 -48 3
823 A 11 1 -61 4 -59 4
823 A 11 1 -86 5 -97 6
823 A 19 0 -9 3 -4 -2
823 A 19 0 -9 5 -4 -5
823 A 19 0 -9 8 11 -7
823 A 19 0 -9 9 0 7
823 A 19 0 -11 5 12 -9
823 A 19 0 -8 3 -4 9
823 A 19 0 -8 9 5 -7
823 A 19 0 7 5 5 9
823 A 19 0 -7 2 6 -9
823 A 19 0 -7 3 4 3
823 A 19 0 -7 7 0 9
823 A 19 0 -7 8 -2 -3
823 A 19 0 -13 9 -4 -9
823 A 19 0 6 5 -3 -9
823 A 19 0 6 3 6 -2
823 A 19 0 -6 7 1 -7
823 A 19 0 5 3 -5 9
823 A 19 0 5 2 3 -9
823 A 19 0 -5 3 1 -8
823 A 19 0 -5 5 0 5
823 A 19 0 4 7 -1 -8
823 A 19 0 -1 9 2 -7
823 A -13 1 77 4 -48 -3
823 A -13 1 38 3 21 2
823 A -13 1 12 1 -16 -1
823 A -13 1 55 4 94 5
823 A -13 1 86 5 97 6
823 A -13 1 57 4 -54 -3
823 A -13 1 70 5 -33 -2
823 A -13 1 72 5 -24 -1
823 A -13 1 22 1 18 1
823 A 12 1 -17 1 13 -1
823 A 12 1 -41 3 -23 2
823 A 12 1 -77 5 25 -1
823 A 12 1 -81 4 51 -3
823 A 12 1 -57 3 61 -4
823 A 12 1 -75 5 35 -2
823 A 12 1 -99 5 -59 4
823 A 12 1 -23 1 -19 1
823 A 12 1 -91 5 -103 6
823 A -14 1 39 2 -69 -5
823 A -14 1 77 6 77 5
823 A -14 1 35 2 61 4
823 A -14 1 59 4 -13 -1
823 A -14 1 41 3 -89 -7
823 A -14 1 19 2 19 1
823 A 13 1 -14 1 63 -4
823 A 13 1 -44 3 96 -7
823 A 13 1 -83 6 -82 5
823 A 13 1 -20 1 -21 2
823 A 13 1 -74 5 41 -2
823 A 13 1 -37 2 -65 4
823 A 20 0 -11 6 -5 6
823 A 20 0 9 2 3 -6
823 A 20 0 -9 2 1 6
823 A 20 0 -9 6 1 2
823 A 20 0 7 6 1 -2
823 A 20 0 7 2 -7 6
823 A 20 0 -7 2 -5 -2
823 A 20 0 5 6 -1 6
823 A 20 0 -5 2 -3 -2
823 A 20 0 3 6 -3 2
823 A -15 1 47 4 -20 -1
823 A -15 1 21 2 -80 -5
823 A -15 1 96 7 -44 -3
823 A -15 1 14 1 28 1
823 A -15 1 74 5 37 2
823 A -15 1 23 2 -82 -5
823 A -15 1 26 1 41 2
823 A -15 1 41 4 -83 -6
823 A 14 1 -27 1 -43 2
823 A 14 1 -15 1 -29 1
823 A 14 1 -85 5 23 -2
823 A 14 1 -79 5 -39 2
823 A 14 1 -47 3 103 -7
823 A 14 1 -89 6 45 -4
823 A 14 1 -51 4 21 -1
823 A 14 1 -87 5 25 -2
823 A 21 0 1 5 -12 10
823 A 21 0 -6 5 2 10
823 A 21 0 2 8 2 -10
823 A 21 0 -10 8 8 -10
823 A 21 0 2 5 -7 8
823 A 21 0 -7 5 -1 8
823 A 21 0 3 5 -1 -2
823 A 21 0 -8 5 3 -2
823 A 21 0 3 10 -2 8
823 A 21 0 -13 10 -6 8
823 A 21 0 -4 10 -9 8
823 A 21 0 -6 10 1 8
823 A 21 0 -1 5 -4 5
823 A 21 0 4 5 9 -5
823 A 21 0 -3 10 7 -10
823 A 21 0 -5 10 1 -2
823 A 21 0 8 2 -10 2
823 A 21 0 6 8 -7 -2
823 A 21 0 -14 8 9 -2
823 A 21 0 -2 5 3 -5
823 A -16 1 47 3 73 6
823 A -16 1 89 6 55 5
823 A -16 1 53 5 25 2
823 A -16 1 51 4 63 6
823 A 15 1 -50 3 -79 6
823 A 15 1 -95 6 -60 5
823 A 15 1 -58 5 -27 2
823 A 15 1 -55 4 -69 6
823 A -17 1 35 4 -79 -6
823 A -17 1 13 2 27 2
823 A -17 1 15 2 22 1
823 A -17 1 55 4 -69 -6
823 A 16 1 -39 4 85 -6
823 A 16 1 -15 2 -29 2
823 A 16 1 -17 2 -23 1
823 A 16 1 -59 4 75 -6
823 A -18 1 29 3 19 1
823 A 17 1 -32 3 -20 1
823 A 23 0 -2 6 -2 3
823 A 23 0 -4 6 -1 3
823 A 23 0 2 3 -5 3
823 A 23 0 5 11 6 -7
823 A 23 0 -16 11 1 -7
823 A 23 0 9 4 -4 3
823 A 23 0 -13 4 1 3
823 A 23 0 3 6 1 7
823 A 23 0 -9 6 -8 7
823 A 23 0 6 11 -10 -3
823 A -19 1 62 7 -49 -6
823 A -19 1 41 4 -32 -3
823 A -19 1 74 7 7 2
823 A -19 1 29 2 77 8
823 A 18 1 -69 7 55 -6
823 A 18 1 -45 4 35 -3
823 A 18 1 -81 7 -9 2
823 A 18 1 -31 2 -85 8
823 A 24 0 -1 10 9 -10
823 A 24 0 1 10 7 -2
823 A 24 0 -11 10 -5 -2
823 A 24 0 -5 10 -11 -2
823 A -20 1 85 8 -57 -6
823 A -20 1 35 2 45 4
823 A 19 1 -93 8 63 -6
823 A 19 1 -37 2 -49 4
823 A 25 0 -5 12 -8 3
823 A 25 0 -7 12 5 3
823 A 25 0 -6 12 -2 4
823 A 25 0 6 12 6 -4
823 A 25 0 -18 12 -2 -4
823 A 25 0 9 6 -15 6
823 A -21 1 65 8 -76 -7
823 A -21 1 63 6 -11 -2
823 A 20 1 -73 8 83 -7
823 A 20 1 -69 6 13 -2
823 A -22 1 3 2 -67 -6
823 A 21 1 -5 2 73 -6
823 A -23 1 71 8 -54 -7
823 A 22 1 -79 8 61 -7
823 A 27 0 -6 13 -5 -10
823 A 27 0 -7 13 15 -10
823 A 27 0 3 7 10 -7
823 A 29 0 12 5 -9 -11
823 S 1 1 4 0
823 S -5 3 8 0
823 S 1 1 8 0
823 S -6 3 13 0
823 S -8 4 13 0
823 S -4 2 13 0
823 S 3 5 13 0
823 S -2 1 13 0
823 S 1 6 13 0
823 S -7 6 13 0
823 S -8 5 13 0
823 S 4 4 13 0
823 S 3 3 13 0
823 S 2 2 13 0
823 S 1 1 13 0
823 S 2 3 8 0
823 S -2 1 8 0
823 S -2 1 4 0
823 T 2089 1173 301 0 0
823 T 299 517 1273 0 0
823 T 1271 755 2087 0 0
823 T 755 515 1173 0 0
823 T 247 1547 1320 0 0
823 T 111 803 249 0 0
823 T 1322 1046 113 0 0
823 T 803 1044 1547 0 0
823 T 1344 472 2144 0 0
823 T 577 923 1346 0 0
823 T 2146 1713 575 0 0
823 T 923 1711 472 0 0
823 T 1409 1358 89 0 0
823 T 87 2485 2478 0 0
823 T 2476 1214 1407 0 0
823 T 2485 1356 1214 0 0
823 T 362 933 984 0 0
823 T 986 101 829 0 0
823 T 863 115 933 0 0
823 T 115 57 101 0 0
823 T 93 127 111 0 0
823 T 110 102 92 0 0
823 T 122 127 104 0 0
823 T 96 104 95 0 0
823 T 107 118 124 0 0
823 T 114 119 124 0 0
823 T 1730 1522 678 0 0
823 T 676 1470 314 0 0
823 T 312 1492 1728 0 0
823 T 1492 1468 1522 0 0
823 T 1496 1472 1501 0 0
823 T 1557 1555 1557 0 0
823 T 1571 1457 1485 0 0
823 T 1588 1589 1569 0 0
823 T 1547 1518 1538 0 0
823 T 1525 1555 1539 0 0
823 T 1493 1567 1511 0 0
823 T 1533 1581 1511 0 0
823 T 875 512 464 0 0
823 T 466 338 222 0 0
823 T 261 426 512 0 0
823 T 360 336 426 0 0
823 T 420 400 430 0 0
823 T 389 418 430 0 0
823 T 395 371 383 0 0
823 T 359 387 422 0 0
823 T 415 350 382 0 0
823 T 377 358 334 0 0
823 T 366 395 340 0 0
823 T 318 368 324 0 0
823 T 64 344 320 0 0
823 T 374 405 344 0 0
823 T 306 321 332 0 0
823 T 393 367 407 0 0
823 T 357 353 329 0 0
823 T 413 402 382 0 0
823 T 407 354 386 0 0
823 T 342 377 312 0 0
823 T 318 316 318 -1 0
823 T 310 324 328 0 0
823 T 264 970 422 0 0
823 T 428 1105 266 0 0
823 T 970 1103 400 0 0
823 T 1446 944 2289 0 0
823 T 1951 2352 1444 0 0
823 T 2287 1130 1953 0 0
823 T 2352 1128 944 0 0
823 T 2309 2057 912 0 0
823 T 1507 1414 2307 0 0
823 T 914 552 1509 0 0
823 T 1414 554 2057 0 0
823 T 1476 1227 25 0 0
823 T 1117 1 1478 0 0
823 T 26 1691 1115 0 0
823 T 27 1659 1114 0 0
823 T 608 1665 1126 0 0
823 T 1 1693 1227 0 0
823 T 2546 965 2175 0 0
823 T 2177 445 2025 0 0
823 T 2023 2001 2544 0 0
823 T 2001 443 965 0 0
823 T 334 1216 800 0 0
823 T 802 673 2244 0 0
823 T 2246 990 332 0 0
823 T 990 671 1216 0 0
823 T 199 1189 1707 0 0
823 T 286 229 201 0 0
823 T 228 252 272 0 0
823 T 290 217 237 0 0
823 T 197 195 197 1 0
823 T 209 249 195 0 0
823 T 234 267 260 0 0
823 T 188 193 213 0 0
823 T 241 257 223 0 0
823 T 257 235 279 0 0
823 T 271 247 262 0 0
823 T 279 287 276 0 0
823 T 208 186 222 0 0
823 T 205 283 199 0 0
823 T 246 61 193 0 0
823 T 204 226 186 0 0
823 T 232 212 222 0 0
823 T 254 240 276 0 0
823 T 246 267 264 0 0
823 T 216 188 264 0 0
823 T 1709 1511 284 0 0
823 T 229 1513 1189 0 0
823 T 552 2326 1850 0 0
823 T 1463 580 554 0 0
823 T 2339 69 2326 0 0
823 T 580 1889 2341 0 0
823 T 297 1391 1315 0 0
823 T 606 624 295 0 0
823 T 1317 438 604 0 0
823 T 624 436 1391 0 0
823 T 1442 934 161 0 0
823 T 159 679 270 0 0
823 T 268 896 1440 0 0
823 T 896 681 934 0 0
823 T 1499 716 1049 0 0
823 T 1047 142 1498 0 0
823 T 1472 140 716 0 0
823 T 2508 2221 2195 0 0
823 T 2509 2507 2509 -1 0
823 T 2197 1557 2221 0 0
823 T 1487 2084 1316 0 0
823 T 941 1767 1489 0 0
823 T 1318 1197 939 0 0
823 T 1767 1195 2084 0 0
823 T 1805 1197 2102 0 0
823 T 442 490 1457 0 0
823 T 612 1874 440 0 0
823 T 490 1823 532 0 0
823 T 1874 167 1823 0 0
823 T 169 1158 1116 0 0
823 T 21 1609 1158 0 0
823 T 1611 19 1149 0 0
823 T 550 1630 1175 0 0
823 T 1694 1607 168 0 0
823 T 1122 1183 103 0 0
823 T 233 896 1120 0 0
823 T 856 232 1183 0 0
823 T 896 878 858 0 0
823 T 868 852 845 0 0
823 T 844 816 847 0 0
823 T 900 821 849 0 0
823 T 822 902 824 0 0
823 T 862 894 880 0 0
823 T 832 816 872 0 0
823 T 858 830 832 0 0
823 T 883 854 826 0 0
823 T 864 888 898 0 0
823 T 862 879 840 0 0
823 T 889 883 874 0 0
823 T 428 128 1183 0 0
823 T 1185 460 387 0 0
823 T 418 462 128 0 0
823 T 1292 150 1861 0 0
823 T 1864 216 1859 0 0
823 T 168 138 150 0 0
823 T 177 176 167 0 0
823 T 134 155 144 0 0
823 T 180 146 162 0 0
823 T 152 150 166 0 0
823 T 179 171 160 0 0
823 T 163 158 174 0 0
823 T 59 151 139 0 0
823 T 132 141 135 0 0
823 T 138 1237 1866 0 0
823 T 1170 129 823 0 0
823 T 113 1170 1386 0 0
823 T 825 93 1384 0 0
823 T 1310 2479 1698 0 0
823 T 1916 2456 1308 0 0
823 T 1696 449 1918 0 0
823 T 2456 447 2479 0 0
823 T 656 686 66 0 0
823 T 686 67 658 0 0
823 T 1029 545 2085 0 0
823 T 2099 1014 566 0 0
823 T 1196 695 1027 0 0
823 T 1012 703 1196 0 0
823 T 545 697 1770 0 0
823 T 566 1804 703 0 0
823 T 1162 830 2011 0 0
823 T 2013 942 599 0 0
823 T 601 1521 1160 0 0
823 T 1521 940 830 0 0
823 T 1787 958 743 0 0
823 T 2375 300 1789 0 0
823 T 745 1809 2377 0 0
823 T 300 1807 958 0 0
823 T 1145 2367 990 0 0
823 T 2244 2035 1143 0 0
823 T 2035 332 2367 0 0
823 T 498 383 79 0 0
823 T 81 373 904 0 0
823 T 906 395 496 0 0
823 T 280 1342 1803 0 0
823 T 2100 1903 282 0 0
823 T 1342 1905 1197 0 0
823 T 350 93 1049 0 0
823 T 1047 131 1811 0 0
823 T 595 133 93 0 0
823 T 1255 1404 7 0 0
823 T 1404 505 1778 0 0
823 T 1776 1617 8 0 0
823 T 1617 503 1257 0 0
823 T 2448 1792 1190 0 0
823 T 2454 1180 1760 0 0
823 T 1008 45 2450 0 0
823 T 44 1006 2451 0 0
823 T 1188 704 1010 0 0
823 T 1181 697 1004 0 0
823 T 45 706 1792 0 0
823 T 1760 44 698 0 0
823 T 2061 1265 11 0 0
823 T 2373 710 2059 0 0
823 T 12 1835 2371 0 0
823 T 710 1837 1265 0 0
823 T 664 1330 945 0 0
823 T 2239 732 666 0 0
823 T 943 372 2241 0 0
823 T 732 374 1330 0 0
823 T 947 8 810 0 0
823 T 808 30 434 0 0
823 T 432 32 949 0 0
823 T 2315 2112 328 0 0
823 T 1282 1546 2317 0 0
823 T 330 2250 1280 0 0
823 T 1546 2248 2112 0 0
823 T 1112 229 2300 0 0
823 T 2302 734 28 0 0
823 T 734 227 1659 0 0
823 T 1649 1011 702 0 0
823 T 1600 1029 683 0 0
823 T 2223 13 1647 0 0
823 T 1602 2219 9 0 0
823 T 700 1759 2225 0 0
823 T 1792 685 2221 0 0
823 T 13 1761 1011 0 0
823 T 9 1029 1794 0 0
823 T 59 2182 2205 0 0
823 T 2203 0 2182 0 0
823 T 1109 302 2126 0 0
823 T 798 467 1107 0 0
823 T 2124 1288 796 0 0
823 T 467 1290 302 0 0
823 T 1374 467 291 0 0
823 T 2192 916 1372 0 0
823 T 293 1079 2194 0 0
823 T 916 1081 467 0 0
823 T 1959 1236 614 0 0
823 T 442 237 1961 0 0
823 T 237 1872 1236 0 0
823 T 1101 1739 1068 0 0
823 T 1482 1416 1099 0 0
823 T 1070 1 1480 0 0
823 T 1416 3 1739 0 0
823 T 74 1149 18 0 0
823 T 72 1892 1613 0 0
823 T 6 1645 1676 0 0
823 T 1678 177 1227 0 0
823 T 1286 178 1645 0 0
823 T 420 180 934 0 0
823 T 985 182 387 0 0
823 T 2514 1774 2550 0 0
823 T 2548 2492 2207 0 0
823 T 2209 1564 2512 0 0
823 T 1564 2494 1774 0 0
823 T 2472 1915 2397 0 0
823 T 2395 2499 2126 0 0
823 T 2124 1992 2474 0 0
823 T 1992 2501 1915 0 0
823 T 331 79 951 0 0
823 T 953 1542 1051 0 0
823 T 1053 1623 333 0 0
823 T 1623 1540 79 0 0
823 T 1751 1354 2515 0 0
823 T 2517 768 2138 0 0
823 T 2136 1127 1753 0 0
823 T 1127 770 1354 0 0
823 T 2146 522 1413 0 0
823 T 1411 2281 1346 0 0
823 T 472 2279 522 0 0
823 T 489 1844 676 0 0
823 T 1468 591 487 0 0
823 T 2091 2105 0 0 0
823 T 618 1571 2093 0 0
823 T 1483 536 2105 0 0
823 T 380 1219 461 0 0
823 T 350 127 1219 0 0
823 T 1660 406 272 0 0
823 T 274 622 86 0 0
823 T 84 1833 1662 0 0
823 T 1704 632 47 0 0
823 T 1732 45 629 0 0
823 T 2438 1100 1706 0 0
823 T 1131 1733 2433 0 0
823 T 48 1073 2436 0 0
823 T 45 2432 1064 0 0
823 T 1100 1071 632 0 0
823 T 1131 630 1065 0 0
823 T 207 1499 1221 0 0
823 T 716 207 111 0 0
823 T 1219 1049 113 0 0
823 T 1560 2112 1268 0 0
823 T 571 86 1562 0 0
823 T 1270 2313 573 0 0
823 T 86 2311 2112 0 0
823 T 146 381 1673 0 0
823 T 1671 722 132 0 0
823 T 155 720 381 0 0
823 T 1066 988 1945 0 0
823 T 1943 671 258 0 0
823 T 256 1218 1064 0 0
823 T 160 1123 266 0 0
823 T 264 966 182 0 0
823 T 146 964 1123 0 0
823 T 1130 665 2151 0 0
823 T 2052 2240 1128 0 0
823 T 2153 733 2054 0 0
823 T 887 1748 1181 0 0
823 T 1924 631 889 0 0
823 T 1179 585 1926 0 0
823 T 631 583 1748 0 0
823 T 630 591 1716 0 0
823 T 1211 477 1884 0 0
823 T 1886 1056 2484 0 0
823 T 1355 1058 477 0 0
823 T 332 499 772 0 0
823 T 774 3 375 0 0
823 T 358 1 499 0 0
823 T 795 1486 842 0 0
823 T 466 2104 797 0 0
823 T 840 535 464 0 0
823 T 1838 277 1685 0 0
823 T 1683 2169 11 0 0
823 T 2198 1658 9 0 0
823 T 2372 2167 277 0 0
823 T 342 1108 1512 0 0
823 T 1514 1788 364 0 0
823 T 395 1790 1108 0 0
823 T 2347 2305 2229 0 0
823 T 1192 800 2349 0 0
823 T 800 19 2305 0 0
823 T 1203 1075 633 0 0
823 T 1060 630 1205 0 0
823 T 631 587 1062 0 0
823 T 630 589 1075 0 0
823 T 406 1653 861 0 0
823 T 859 1249 786 0 0
823 T 784 86 404 0 0
823 T 86 1247 1653 0 0
823 T 2533 2319 819 0 0
823 T 1304 1888 2531 0 0
823 T 821 2386 1306 0 0
823 T 1888 2384 2319 0 0
823 T 252 733 404 0 0
823 T 326 655 100 0 0
823 T 118 683 368 0 0
823 T 94 310 1335 0 0
823 T 1337 976 108 0 0
823 T 102 978 310 0 0
823 T 1160 659 1985 0 0
823 T 2277 2345 1162 0 0
823 T 1983 1392 2275 0 0
823 T 2345 1394 659 0 0
823 T 1805 277 2042 0 0
823 T 236 1980 1803 0 0
823 T 2040 1399 238 0 0
823 T 1980 1401 277 0 0
823 T 2551 2356 1418 0 0
823 T 2418 2027 2553 0 0
823 T 1416 645 2416 0 0
823 T 2027 643 2356 0 0
823 T 1938 2267 1077 0 0
823 T 1658 1234 1936 0 0
823 T 1075 656 1656 0 0
823 T 641 1683 1061 0 0
823 T 1234 658 2267 0 0
823 T 1401 1960 664 0 0
823 T 666 613 2162 0 0
823 T 2160 1237 1399 0 0
823 T 525 1229 1154 0 0
823 T 2063 1209 523 0 0
823 T 1152 2521 2065 0 0
823 T 1209 2519 1229 0 0
823 T 2216 909 2547 0 0
823 T 2075 492 2218 0 0
823 T 2549 1929 2077 0 0
823 T 492 1927 909 0 0
823 T 1990 2271 2038 0 0
823 T 2370 1351 1988 0 0
823 T 2271 1353 331 0 0
823 T 524 415 1584 0 0
823 T 1586 789 1409 0 0
823 T 1407 1016 526 0 0
823 T 1016 787 415 0 0
823 T 1808 1018 2476 0 0
823 T 1212 526 1810 0 0
823 T 78 1525 1247 0 0
823 T 84 81 76 0 0
823 T 87 73 85 0 0
823 T 88 90 88 0 0
823 T 77 81 73 0 0
823 T 81 1653 1525 0 0
823 T 1017 1296 146 0 0
823 T 155 347 1015 0 0
823 T 1296 349 132 0 0
823 T 1463 2534 2529 0 0
823 T 2337 2322 1465 0 0
823 T 822 2337 2527 0 0
823 T 284 1870 1590 0 0
823 T 1857 285 1589 0 0
823 T 1870 88 1855 0 0
823 T 1398 729 1001 0 0
823 T 999 1484 1138 0 0
823 T 1136 114 1396 0 0
823 T 114 1486 729 0 0
823 T 1516 996 636 0 0
823 T 638 2020 805 0 0
823 T 803 154 1518 0 0
823 T 154 2022 996 0 0
823 T 519 1263 2166 0 0
823 T 2164 689 1635 0 0
823 T 1637 747 521 0 0
823 T 747 687 1263 0 0
823 T 791 433 625 0 0
823 T 296 923 793 0 0
823 T 923 603 433 0 0
823 T 1307 1679 903 0 0
823 T 497 2397 1309 0 0
823 T 2397 398 1679 0 0
823 T 1308 1973 1602 0 0
823 T 685 2266 1310 0 0
823 T 2266 1027 1973 0 0
823 T 1908 501 2248 0 0
823 T 1280 643 1910 0 0
823 T 501 645 330 0 0
823 T 2121 296 2184 0 0
823 T 288 1635 2119 0 0
823 T 2186 1766 290 0 0
823 T 1635 1764 296 0 0
823 T 1921 2038 1427 0 0
823 T 714 1294 1919 0 0
823 T 1429 1199 712 0 0
823 T 1294 1201 2038 0 0
823 T 16 1847 1411 0 0
823 T 960 1273 15 0 0
823 T 1413 555 962 0 0
823 T 1273 557 1847 0 0
823 T 93 1830 1297 0 0
823 T 1422 177 1528 0 0
823 T 86 1723 1420 0 0
823 T 1530 1410 84 0 0
823 T 1723 1408 177 0 0
823 T 201 1781 1134 0 0
823 T 1132 2509 1189 0 0
823 T 1709 2507 1781 0 0
823 T 1618 2129 1024 0 0
823 T 1026 2320 1258 0 0
823 T 2320 2127 506 0 0
823 T 2293 237 1746 0 0
823 T 1773 290 2291 0 0
823 T 1744 215 1771 0 0
823 T 1801 1376 73 0 0
823 T 1358 177 1799 0 0
823 T 1529 1358 71 0 0
823 T 177 1529 1376 0 0
823 T 2494 639 1444 0 0
823 T 1446 761 1772 0 0
823 T 1566 759 639 0 0
823 T 438 1294 665 0 0
823 T 930 1199 436 0 0
823 T 663 2038 928 0 0
823 T 1302 1364 1098 0 0
823 T 692 309 1300 0 0
823 T 1096 1941 694 0 0
823 T 309 1939 1364 0 0
823 T 110 1177 1928 0 0
823 T 493 171 108 0 0
823 T 171 910 1177 0 0
823 T 747 1452 12 0 0
823 T 689 2061 1452 0 0
823 T 1344 2307 1508 0 0
823 T 581 2007 1346 0 0
823 T 1510 968 579 0 0
823 T 2007 970 2307 0 0
823 T 1481 646 496 0 0
823 T 498 351 1067 0 0
823 T 351 644 2 0 0
823 T 956 735 530 0 0
823 T 528 484 1268 0 0
823 T 1270 1204 958 0 0
823 T 1204 486 735 0 0
823 T 879 346 1303 0 0
823 T 1226 320 881 0 0
823 T 1305 64 1224 0 0
823 T 778 867 746 0 0
823 T 1347 198 1450 0 0
823 T 1349 0 1448 0 0
823 T 41 697 1762 0 0
823 T 1792 705 40 0 0
823 T 1014 695 562 0 0
823 T 1027 705 560 0 0
823 T 197 1248 1323 0 0
823 T 1325 880 207 0 0
823 T 249 882 1248 0 0
823 T 262 1439 1119 0 0
823 T 858 1598 1418 0 0
823 T 1741 1425 856 0 0
823 T 1425 1 1598 0 0
823 T 1294 289 1826 0 0
823 T 1397 585 846 0 0
823 T 849 125 1395 0 0
823 T 585 123 816 0 0
823 T 458 849 1262 0 0
823 T 128 900 456 0 0
823 T 1260 819 130 0 0
823 T 701 2462 2452 0 0
823 T 2448 685 2469 0 0
823 T 2462 2226 1180 0 0
823 T 2468 2220 1189 0 0
823 T 194 1175 654 0 0
823 T 652 1628 816 0 0
823 T 818 550 192 0 0
823 T 1808 2502 2422 0 0
823 T 2420 1680 746 0 0
823 T 2378 1682 2502 0 0
823 T 1001 344 860 0 0
823 T 1654 374 999 0 0
823 T 1672 1501 183 0 0
823 T 185 601 131 0 0
823 T 719 599 1501 0 0
823 T 1239 1426 1159 0 0
823 T 77 410 1241 0 0
823 T 1161 1735 75 0 0
823 T 410 1737 1426 0 0
823 T 1352 988 2288 0 0
823 T 770 1952 988 0 0
823 T 1636 1906 1474 0 0
823 T 1472 919 688 0 0
823 T 2163 921 1906 0 0
823 T 918 1998 992 0 0
823 T 994 755 2131 0 0
823 T 2133 796 916 0 0
823 T 796 757 1998 0 0
823 T 2505 2380 1641 0 0
823 T 1639 777 2419 0 0
823 T 1886 2505 2421 0 0
823 T 1884 775 2380 0 0
823 T 5 2008 2055 0 0
823 T 2439 5 2426 0 0
823 T 2057 1510 2424 0 0
823 T 2441 1508 2008 0 0
823 T 1536 152 1046 0 0
823 T 274 1851 784 0 0
823 T 1437 1254 556 0 0
823 T 393 125 1435 0 0
823 T 1254 123 1877 0 0
823 T 72 1626 1324 0 0
823 T 1326 862 751 0 0
823 T 753 306 74 0 0
823 T 306 860 1626 0 0
823 T 1641 1232 951 0 0
823 T 1053 1969 1639 0 0
823 T 1232 1967 1542 0 0
823 T 450 377 954 0 0
823 T 80 356 448 0 0
823 T 16 2323 2058 0 0
823 T 853 546 1384 0 0
823 T 1054 1974 851 0 0
823 T 1386 763 1052 0 0
823 T 1974 765 546 0 0
823 T 2108 90 2097 0 0
823 T 2095 2216 8 0 0
823 T 7 2176 2110 0 0
823 T 2176 2218 90 0 0
823 T 1573 1170 1054 0 0
823 T 113 1573 763 0 0
823 T 2537 2417 2373 0 0
823 T 1379 2030 2535 0 0
823 T 2371 2554 1381 0 0
823 T 1403 1207 981 0 0
823 T 1145 2363 1405 0 0
823 T 979 732 1143 0 0
823 T 2363 734 1207 0 0
823 T 1231 2400 448 0 0
823 T 2457 1821 1233 0 0
823 T 1821 2480 2400 0 0
823 T 2006 1008 945 0 0
823 T 664 275 2004 0 0
823 T 275 1330 1008 0 0
823 T 1766 558 2145 0 0
823 T 1712 1955 1764 0 0
823 T 1955 578 558 0 0
823 T 532 1931 1291 0 0
823 T 290 1933 490 0 0
823 T 1096 2271 2360 0 0
823 T 2362 1429 694 0 0
823 T 1939 1427 2271 0 0
823 T 522 175 1551 0 0
823 T 1553 1285 967 0 0
823 T 969 1646 520 0 0
823 T 2400 1642 377 0 0
823 T 1520 989 206 0 0
823 T 204 1133 1494 0 0
823 T 1133 987 1468 0 0
823 T 161 1178 190 0 0
823 T 211 653 159 0 0
823 T 142 223 770 0 0
823 T 768 255 1035 0 0
823 T 1037 241 140 0 0
823 T 420 510 1122 0 0
823 T 1120 119 430 0 0
823 T 402 121 510 0 0
823 T 1066 319 242 0 0
823 T 319 1216 224 0 0
823 T 1612 303 185 0 0
823 T 183 540 73 0 0
823 T 2157 456 2335 0 0
823 T 1085 1697 2155 0 0
823 T 2337 1333 1083 0 0
823 T 1697 1331 456 0 0
823 T 2431 655 2469 0 0
823 T 2464 2437 641 0 0
823 T 2467 2197 1133 0 0
823 T 2464 1099 2169 0 0
823 T 2197 657 1733 0 0
823 T 2168 1704 642 0 0
823 T 14 2355 1909 0 0
823 T 1279 2028 13 0 0
823 T 788 1723 471 0 0
823 T 473 177 1585 0 0
823 T 558 1966 936 0 0
823 T 2157 2090 556 0 0
823 T 938 2480 2155 0 0
823 T 2090 2482 1966 0 0
823 T 1569 1079 1032 0 0
823 T 201 1589 1034 0 0
823 T 199 1081 1588 0 0
823 T 1819 2504 1964 0 0
823 T 1966 1055 491 0 0
823 T 493 2096 1821 0 0
823 T 2096 1057 2504 0 0
823 T 1169 758 1226 0 0
823 T 1224 891 1051 0 0
823 T 891 756 1572 0 0
823 T 757 2158 1847 0 0
823 T 1451 2201 994 0 0
823 T 992 1034 515 0 0
823 T 517 293 1453 0 0
823 T 293 1032 2201 0 0
823 T 2149 504 2363 0 0
823 T 1143 1777 2147 0 0
823 T 2342 6 2323 0 0
823 T 15 2009 2340 0 0
823 T 1314 103 1260 0 0
823 T 688 1447 1262 0 0
823 T 638 1314 1348 0 0
823 T 2490 2171 2544 0 0
823 T 1743 1476 2488 0 0
823 T 2546 2519 1745 0 0
823 T 1476 2521 2171 0 0
823 T 797 1303 1136 0 0
823 T 506 2385 795 0 0
823 T 1138 820 504 0 0
823 T 1394 2051 1975 0 0
823 T 1977 138 661 0 0
823 T 2343 136 2051 0 0
823 T 705 2005 1531 0 0
823 T 1533 440 564 0 0
823 T 1804 442 2005 0 0
823 T 1841 995 2142 0 0
823 T 2140 637 1670 0 0
823 T 1668 1517 1839 0 0
823 T 738 1257 1214 0 0
823 T 1808 1020 736 0 0
823 T 1020 524 1257 0 0
823 T 1169 456 820 0 0
823 T 966 714 1606 0 0
823 T 1604 315 1700 0 0
823 T 1702 779 909 0 0
823 T 907 216 964 0 0
823 T 581 244 96 0 0
823 T 98 1369 1508 0 0
823 T 1369 246 968 0 0
823 T 2390 2338 1847 0 0
823 T 821 2390 1225 0 0
823 T 1849 2530 1223 0 0
823 T 1536 639 563 0 0
823 T 565 1783 1046 0 0
823 T 154 1785 639 0 0
823 T 715 687 2068 0 0
823 T 2070 922 141 0 0
823 T 2191 2296 2202 0 0
823 T 2200 2305 2556 0 0
823 T 2558 2299 2193 0 0
823 T 2305 2298 2299 0 0
823 T 2453 2002 2172 0 0
823 T 1006 607 2002 0 0
823 T 1991 1295 109 0 0
823 T 975 576 1993 0 0
823 T 576 1338 1295 0 0
823 T 2498 2034 2548 0 0
823 T 1774 1103 2496 0 0
823 T 1103 2514 2034 0 0
823 T 457 2410 689 0 0
823 T 687 2202 2138 0 0
823 T 2136 2347 455 0 0
823 T 2347 2200 2410 0 0
823 T 109 443 143 0 0
823 T 1126 1999 107 0 0
823 T 1163 524 1406 0 0
823 T 980 2064 1165 0 0
823 T 822 122 1311 0 0
823 T 513 2093 755 0 0
823 T 894 618 511 0 0
823 T 1686 1498 2101 0 0
823 T 564 2283 1684 0 0
823 T 2283 1012 1498 0 0
823 T 1988 1146 2287 0 0
823 T 2437 1928 2209 0 0
823 T 1928 1072 548 0 0
823 T 8 1751 1698 0 0
823 T 1916 2023 7 0 0
823 T 2023 447 1751 0 0
823 T 2410 2392 2404 0 0
823 T 824 1349 2406 0 0
823 T 1450 848 2408 0 0
823 T 1594 1381 1180 0 0
823 T 449 708 1592 0 0
823 T 1182 2412 447 0 0
823 T 708 2414 1381 0 0
823 T 224 306 802 0 0
823 T 2410 2229 2556 0 0
823 T 1839 1400 1205 0 0
823 T 738 531 1841 0 0
823 T 531 483 1400 0 0
823 T 1758 1380 3 0 0
823 T 1 1595 1363 0 0
823 T 1365 897 1756 0 0
823 T 897 1597 1380 0 0
823 T 980 714 668 0 0
823 T 485 1199 982 0 0
823 T 670 1427 483 0 0
823 T 436 813 1198 0 0
823 T 942 811 604 0 0
823 T 1502 2251 1316 0 0
823 T 1318 2329 602 0 0
823 T 2329 2253 720 0 0
823 T 164 364 1785 0 0
823 T 641 366 150 0 0
823 T 1545 789 83 0 0
823 T 2312 787 2249 0 0
823 T 1727 2382 299 0 0
823 T 1173 378 1729 0 0
823 T 378 2089 2382 0 0
823 T 1269 2249 1548 0 0
823 T 1550 789 574 0 0
823 T 2130 796 1890 0 0
823 T 249 892 783 0 0
823 T 676 336 2016 0 0
823 T 2018 2044 0 0 0
823 T 649 2046 426 0 0
823 T 457 1389 1753 0 0
823 T 8 1387 1332 0 0
823 T 71 1487 600 0 0
823 T 2014 1767 73 0 0
823 T 668 1165 291 0 0
823 T 1453 972 670 0 0
823 T 972 515 1165 0 0
823 T 205 1150 2306 0 0
823 T 1150 87 1114 0 0
823 T 961 482 530 0 0
823 T 528 667 298 0 0
823 T 296 747 959 0 0
823 T 747 669 482 0 0
823 T 1242 659 391 0 0
823 T 367 661 78 0 0
823 T 1840 282 2118 0 0
823 T 1538 2256 1842 0 0
823 T 2116 1647 1536 0 0
823 T 2256 1649 282 0 0
823 T 661 317 694 0 0
823 T 692 323 76 0 0
823 T 136 1160 1952 0 0
823 T 768 1245 138 0 0
823 T 1160 1243 990 0 0
823 T 999 1937 845 0 0
823 T 1679 1970 1001 0 0
823 T 1949 1679 843 0 0
823 T 1970 1949 1937 0 0
823 T 1940 1956 1986 0 0
823 T 1974 1970 1948 0 0
823 T 714 1861 692 0 0
823 T 694 148 1919 0 0
823 T 191 1431 913 0 0
823 T 911 389 188 0 0
823 T 213 387 1431 0 0
823 T 2491 2077 2436 0 0
823 T 1822 2075 8 0 0
823 T 472 1545 1421 0 0
823 T 156 380 787 0 0
823 T 1043 165 1895 0 0
823 T 371 1446 2278 0 0
823 T 2054 2352 373 0 0
823 T 2276 1953 2052 0 0
823 T 1072 108 1630 0 0
823 T 1628 102 874 0 0
823 T 872 94 1074 0 0
823 T 949 14 431 0 0
823 T 625 1372 947 0 0
823 T 1372 793 14 0 0
823 T 1116 700 378 0 0
823 T 1475 773 700 0 0
823 T 1182 1757 1042 0 0
823 T 1040 4 1592 0 0
823 T 585 1004 832 0 0
823 T 834 695 1924 0 0
823 T 2523 1775 1445 0 0
823 T 2463 496 2525 0 0
823 T 1443 2077 2465 0 0
823 T 496 2075 1775 0 0
823 T 2254 451 1835 0 0
823 T 1265 408 2252 0 0
823 T 408 708 451 0 0
823 T 2087 2505 2401 0 0
823 T 171 419 1439 0 0
823 T 828 775 675 0 0
823 T 1727 777 940 0 0
823 T 1205 2117 1716 0 0
823 T 2111 1750 1203 0 0
823 T 1718 279 1402 0 0
823 T 1023 1231 976 0 0
823 T 330 2270 1025 0 0
823 T 978 657 328 0 0
823 T 1821 495 1615 0 0
823 T 1621 789 165 0 0
823 T 172 380 1619 0 0
823 T 1339 1981 255 0 0
823 T 1343 911 2425 0 0
823 T 2162 534 673 0 0
823 T 671 1931 1342 0 0
823 T 1340 1293 2160 0 0
823 T 2364 2301 2187 0 0
823 T 805 197 718 0 0
823 T 103 2020 2069 0 0
823 T 2167 2416 2526 0 0
823 T 1099 495 2416 0 0
823 T 1054 862 319 0 0
823 T 1765 960 522 0 0
823 T 1544 729 2232 0 0
823 T 2234 1023 1282 0 0
823 T 2317 1025 729 0 0
823 T 799 930 1128 0 0
823 T 2153 2038 801 0 0
823 T 627 1731 36 0 0
823 T 37 631 1704 0 0
823 T 874 125 1006 0 0
823 T 67 2432 2447 0 0
823 T 2449 63 2432 0 0
823 T 1082 2132 1110 0 0
823 T 1158 149 341 0 0
823 T 137 1116 339 0 0
823 T 1326 1539 76 0 0
823 T 1640 867 1680 0 0
823 T 1946 1716 487 0 0
823 T 1468 630 1944 0 0
823 T 782 930 626 0 0
823 T 1393 1201 780 0 0
823 T 1154 428 188 0 0
823 T 911 418 1152 0 0
823 T 927 1387 1192 0 0
823 T 2349 1389 1127 0 0
823 T 766 2238 1504 0 0
823 T 1375 611 764 0 0
823 T 1506 519 1377 0 0
823 T 611 521 2238 0 0
823 T 1263 1506 2334 0 0
823 T 2332 2083 408 0 0
823 T 2083 1504 2254 0 0
823 T 771 1351 1744 0 0
823 T 1746 2271 502 0 0
823 T 1883 812 1094 0 0
823 T 1092 605 302 0 0
823 T 300 939 1885 0 0
823 T 1124 679 243 0 0
823 T 245 884 610 0 0
823 T 884 681 1665 0 0
823 T 18 1114 83 0 0
823 T 2029 917 2150 0 0
823 T 2148 1088 2538 0 0
823 T 1382 1090 917 0 0
823 T 294 2445 1603 0 0
823 T 713 2063 292 0 0
823 T 2063 965 2445 0 0
823 T 156 1058 411 0 0
823 T 1058 719 402 0 0
823 T 80 1068 409 0 0
823 T 260 892 1852 0 0
823 T 1099 1460 856 0 0
823 T 834 1768 1101 0 0
823 T 1460 1770 830 0 0
823 T 832 654 100 0 0
823 T 1553 478 399 0 0
823 T 1283 1104 478 0 0
823 T 1984 2185 1772 0 0
823 T 1774 453 2276 0 0
823 T 1393 451 2185 0 0
823 T 1984 394 1424 0 0
823 T 1426 6 1365 0 0
823 T 915 2181 464 0 0
823 T 993 512 2206 0 0
823 T 1686 2260 281 0 0
823 T 1837 289 2260 0 0
823 T 396 2377 2126 0 0
823 T 1732 1075 9 0 0
823 T 1706 1062 11 0 0
823 T 842 222 1882 0 0
823 T 751 208 840 0 0
823 T 1880 184 753 0 0
823 T 1320 260 1622 0 0
823 T 1620 273 1549 0 0
823 T 944 741 1990 0 0
823 T 1444 1144 741 0 0
823 T 1139 1093 7 0 0
823 T 1390 477 1141 0 0
823 T 477 1333 1093 0 0
823 T 2150 637 2191 0 0
823 T 2029 1373 637 0 0
823 T 1711 2214 238 0 0
823 T 2292 1942 1713 0 0
823 T 2214 1940 1743 0 0
823 T 2 3 5 0 0
823 T 0 1689 1634 0 0
823 T 1632 610 823 0 0
823 T 849 550 1689 0 0
823 T 2393 608 550 0 0
823 T 2035 2361 149 0 0
823 T 484 671 1235 0 0
823 T 1356 720 1553 0 0
823 T 520 722 1801 0 0
823 T 2266 2085 766 0 0
823 T 2485 2096 2422 0 0
823 T 1668 2079 237 0 0
823 T 1712 295 1670 0 0
823 T 295 2213 2079 0 0
823 T 92 543 885 0 0
823 T 253 166 1275 0 0
823 T 1277 571 227 0 0
823 T 271 573 166 0 0
823 T 1462 1423 1068 0 0
823 T 1057 171 1252 0 0
823 T 1254 166 414 0 0
823 T 1978 1238 780 0 0
823 T 1238 2054 1199 0 0
823 T 2083 72 2330 0 0
823 T 1506 721 72 0 0
823 T 2497 2446 2176 0 0
823 T 2545 2064 2495 0 0
823 T 2294 1763 1986 0 0
823 T 1638 1499 2262 0 0
823 T 1835 1501 2120 0 0
823 T 1059 2286 1536 0 0
823 T 2490 2452 2025 0 0
823 T 2525 742 2149 0 0
823 T 2535 278 2523 0 0
823 T 278 1089 742 0 0
823 T 994 1418 1036 0 0
823 T 2137 2062 992 0 0
823 T 1038 2540 2135 0 0
823 T 2062 2542 1418 0 0
823 T 674 2054 982 0 0
823 T 1146 2153 672 0 0
823 T 6 51 54 0 0
823 T 2046 538 490 0 0
823 T 488 835 424 0 0
823 T 835 536 647 0 0
823 T 2514 1284 1191 0 0
823 T 1193 477 2032 0 0
823 T 1135 120 847 0 0
823 T 120 503 902 0 0
823 T 924 1287 16 0 0
823 T 15 1887 1343 0 0
823 T 576 1889 1287 0 0
823 T 453 2 385 0 0
823 T 351 4 708 0 0
823 T 2163 1083 612 0 0
823 T 614 813 1906 0 0
823 T 919 811 1083 0 0
823 T 341 1173 1491 0 0
823 T 1173 1107 1567 0 0
823 T 229 1579 944 0 0
823 T 946 1533 1189 0 0
823 T 1781 285 1491 0 0
823 T 244 1631 854 0 0
823 T 191 843 1688 0 0
823 T 2495 1746 1153 0 0
823 T 2236 1263 1086 0 0
823 T 1084 2334 766 0 0
823 T 2082 1908 1547 0 0
823 T 1270 499 2080 0 0
823 T 726 1021 516 0 0
823 T 973 7 724 0 0
823 T 7 1166 1021 0 0
823 T 2551 2411 2060 0 0
823 T 765 1457 730 0 0
823 T 1421 169 1378 0 0
823 T 728 532 1419 0 0
823 T 1599 1948 1526 0 0
823 T 1524 1968 1309 0 0
823 T 2285 591 1650 0 0
823 T 591 1060 2115 0 0
823 T 586 2112 1078 0 0
823 T 106 1370 1432 0 0
823 T 1370 268 419 0 0
823 T 450 2516 2459 0 0
823 T 2461 1351 2024 0 0
823 T 1611 800 206 0 0
823 T 999 840 1305 0 0
823 T 650 1789 1581 0 0
823 T 1579 958 866 0 0
823 T 864 745 648 0 0
823 T 700 137 313 0 0
823 T 1657 1557 1600 0 0
823 T 1561 957 1750 0 0
823 T 131 1720 312 0 0
823 T 1049 591 1720 0 0
823 T 1141 624 294 0 0
823 T 468 950 1139 0 0
823 T 532 2233 474 0 0
823 T 1721 702 141 0 0
823 T 826 505 1311 0 0
823 T 637 503 2404 0 0
823 T 1224 69 1305 0 0
823 T 1309 938 1085 0 0
823 T 977 2471 2127 0 0
823 T 1618 2473 1232 0 0
823 T 1140 2033 927 0 0
823 T 291 779 2033 0 0
823 T 2133 1173 1034 0 0
823 T 684 938 409 0 0
823 T 391 936 115 0 0
823 T 2388 755 457 0 0
823 T 1937 727 584 0 0
823 T 727 2268 2112 0 0
823 T 1160 74 1462 0 0
823 T 2497 2429 2218 0 0
823 T 2444 90 2429 0 0
823 T 2419 2110 2475 0 0
823 T 1578 1366 1042 0 0
823 T 1182 896 1576 0 0
823 T 528 1021 302 0 0
823 T 2256 1910 238 0 0
823 T 1667 1547 2258 0 0
823 T 1080 1031 2296 0 0
823 T 2414 2541 2355 0 0
823 T 1281 791 638 0 0
823 T 439 617 2017 0 0
823 T 335 835 441 0 0
823 T 835 675 617 0 0
823 T 1981 289 1716 0 0
823 T 1524 999 903 0 0
823 T 1663 107 1005 0 0
823 T 873 116 1665 0 0
823 T 1749 84 2050 0 0
823 T 866 1578 1747 0 0
823 T 2048 1098 864 0 0
823 T 1578 1096 84 0 0
823 T 227 1081 1858 0 0
823 T 642 396 1158 0 0
823 T 984 1359 161 0 0
823 T 1359 388 143 0 0
823 T 180 909 190 0 0
823 T 221 1186 1361 0 0
823 T 145 461 219 0 0
823 T 499 1430 2212 0 0
823 T 1912 6 1815 0 0
823 T 914 1675 472 0 0
823 T 1650 1909 255 0 0
823 T 1566 1284 21 0 0
823 T 1155 4 1564 0 0
823 T 1284 2 1610 0 0
823 T 601 205 1243 0 0
823 T 1245 225 133 0 0
823 T 1658 1542 1948 0 0
823 T 294 2430 1701 0 0
823 T 910 2428 2032 0 0
823 T 1016 2107 2502 0 0
823 T 1042 447 351 0 0
823 T 1103 218 1154 0 0
823 T 606 807 1287 0 0
823 T 807 1091 468 0 0
823 T 413 126 1045 0 0
823 T 568 163 126 0 0
823 T 81 1737 1459 0 0
823 T 1320 507 381 0 0
823 T 507 260 171 0 0
823 T 986 651 857 0 0
823 T 760 1 396 0 0
823 T 2124 577 2130 0 0
823 T 1089 1038 59 0 0
823 T 1416 1381 876 0 0
823 T 118 679 888 0 0
823 T 1318 452 2121 0 0
823 T 1435 936 110 0 0
823 T 1464 997 922 0 0
823 T 1031 1868 204 0 0
823 T 11 481 972 0 0
823 T 1533 648 363 0 0
823 T 212 856 1362 0 0
823 T 77 1798 1097 0 0
823 T 1577 1796 82 0 0
823 T 258 2358 2225 0 0
823 T 330 77 1301 0 0
823 T 1072 543 887 0 0
823 T 1926 545 1101 0 0
823 T 573 958 2048 0 0
823 T 193 551 95 0 0
823 T 1797 329 1366 0 0
823 T 807 432 15 0 0
823 T 1640 851 1950 0 0
823 T 2411 2223 2516 0 0
823 T 1700 88 1604 0 0
823 T 371 761 451 0 0
823 T 1584 1230 912 0 0
823 T 740 151 252 0 0
823 T 151 1087 240 0 0
823 T 1915 444 2110 0 0
823 T 108 1964 1254 0 0
823 T 149 740 1278 0 0
823 T 1269 1429 297 0 0
823 T 702 1351 2489 0 0
823 T 1015 446 1992 0 0
823 T 1509 1434 98 0 0
823 T 1498 2260 1904 0 0
823 T 650 1902 440 0 0
823 T 1413 2441 967 0 0
823 T 496 2458 2473 0 0
823 T 413 121 1321 0 0
823 T 1708 87 1780 0 0
823 T 222 1222 1673 0 0
823 T 2071 674 489 0 0
823 T 1716 257 2073 0 0
823 T 258 2540 2518 0 0
823 T 2363 2192 2405 0 0
823 T 1010 64 1063 0 0
823 T 779 661 1864 0 0
823 T 2188 2393 2228 0 0
823 T 2187 2406 2558 0 0
823 T 2319 997 1212 0 0
823 T 922 2336 1214 0 0
823 T 2142 473 1280 0 0
823 T 1668 794 473 0 0
823 T 997 1025 736 0 0
823 T 2142 533 1025 0 0
823 T 343 1327 254 0 0
823 T 479 23 724 0 0
823 T 973 33 481 0 0
823 T 2071 1341 287 0 0
823 T 2040 664 441 0 0
823 T 1042 81 327 0 0
823 T 410 2266 1084 0 0
823 T 726 480 15 0 0
823 T 943 1276 1095 0 0
823 T 1097 147 1989 0 0
823 T 1009 343 242 0 0
823 T 613 435 1342 0 0
823 T 1211 1333 811 0 0
823 T 593 701 1498 0 0
823 T 528 726 1274 0 0
823 T 1579 573 1096 0 0
823 U 34 2 2 0 0
823 U 7 2 2 -1 1
823 U 24 2 2 -1 1
823 U 13 3 4 0 0
823 U 42 4 3 0 0
823 U 561 4 4 0 0
823 U 40 4 3 0 0
823 U 9 3 4 0 0
823 U 549 8 6 0 0
823 U 50 6 5 -1 0
823 U 2227 5 8 0 0
823 U 22 7 8 0 0
823 U 1194 8 6 0 0
823 U 2208 6 7 0 0
823 U 47 7 8 0 0
823 U 20 5 6 0 0
823 U 1834 15 15 0 0
823 U 405 15 19 0 0
823 U 621 19 15 0 0
823 U 1851 20 20 0 0
823 U 27 15 16 0 0
823 U 18 16 15 0 0
823 U 54 12 11 0 0
823 U 1818 11 11 0 0
823 U 55 11 12 1 0
823 U 1827 14 14 0 0
823 U 310 14 12 0 0
823 U 575 12 14 0 0
823 U 1814 9 9 0 0
823 U 347 9 14 0 0
823 U 598 14 9 0 0
823 U 311 9 18 0 0
823 U 594 18 9 0 0
823 U 1845 18 18 0 0
823 U 615 18 20 0 0
823 U 426 20 18 0 0
823 U 1893 23 23 0 0
823 U 17 23 24 1 0
823 U 19 24 23 0 0
823 U 365 32 27 0 0
823 U 564 27 32 0 0
823 U 1897 27 27 0 0
823 U 392 26 30 0 0
823 U 1914 26 26 0 0
823 U 557 30 26 0 0
823 U 1901 31 31 0 0
823 U 338 32 22 0 0
823 U 535 22 32 0 0
823 U 1881 21 21 0 0
823 U 1876 30 30 0 0
823 U 413 30 27 0 0
823 U 568 27 30 0 0
823 U 52 25 26 0 0
823 U 56 26 25 0 0
823 U 306 22 24 0 0
823 U 541 24 22 0 0
823 U 28 34 33 0 0
823 U 2188 35 34 0 0
823 U 1209 33 35 0 0
823 U 25 36 35 0 0
823 U 2172 35 34 0 0
823 U 44 36 35 0 0
823 U 609 34 36 0 0
823 U 50 34 33 0 0
823 U 12 38 37 0 0
823 U 590 37 37 0 0
823 U 38 37 38 0 0
823 U 36 37 38 0 0
823 U 10 38 37 -1 0
823 U 30 1 1 0 -1
823 U 8 1 1 0 -1
823 U 32 1 1 0 0
823 Q 0 870 0 870 0 0 0 0 0 0
823 Q 57 744 0 776 0 0 1 0 0 0
823 Q 57 315 57 315 -1 0 1 0 0 0
823 Q 104 1466 104 1466 0 0 0 0 0 0
