0
0 d=723
0
723 A 11 0 -2 4 2 -4
723 A -2 1 60 1 -60 -1
723 A 1 1 -61 1 61 -1
723 A -3 1 64 1 -64 -1
723 A 2 1 -65 1 65 -1
723 A -9 1 27 2 -27 -2
723 A 8 1 -29 2 29 -2
723 A 22 0 9 4 -9 -4
723 A -1 2 -120 1 120 -1
723 A 7 0 2 3 2 3
723 A 17 0 6 5 6 5
723 A 4 0 1 1 2 -1
723 A 4 0 -1 1 0 1
723 A 5 0 -3 2 -2 1
723 A 5 0 2 1 1 -2
723 A 5 0 -2 2 0 -2
723 A 5 0 1 2 1 1
723 A 5 0 -1 1 0 1
723 A 6 0 2 1 -3 1
723 A 6 0 -1 1 0 1
723 A 7 0 -4 3 4 -2
723 A 7 0 3 1 -1 2
723 A 7 0 -3 1 -1 3
723 A 7 0 -3 2 -1 -2
723 A 7 0 -3 3 0 2
723 A 7 0 2 2 -1 -3
723 A 7 0 2 1 -2 3
723 A 7 0 -2 1 1 1
723 A 7 0 -2 2 0 3
723 A 7 0 -1 1 0 -1
723 A 8 0 -5 3 -2 -3
723 A 8 0 3 1 -4 1
723 A 8 0 -3 1 -2 3
723 A 8 0 -3 3 0 -1
723 A 8 0 2 1 -1 3
723 A 8 0 -2 1 -1 -1
723 A 8 0 1 3 -4 3
723 A 8 0 -1 1 0 -3
723 A 9 0 -5 2 3 2
723 A 9 0 -4 1 3 -2
723 A 9 0 -4 4 0 -2
723 A 9 0 -6 4 2 4
723 A 9 0 3 1 -1 -2
723 A 9 0 -3 1 -1 4
723 A 9 0 -3 4 2 1
723 A 9 0 -2 2 0 -4
723 A 9 0 -1 1 0 1
723 A 10 0 -6 3 -1 -1
723 A 10 0 4 1 -5 1
723 A 10 0 -4 1 1 -3
723 A 10 0 -4 3 -3 1
723 A 10 0 3 3 2 -1
723 A 10 0 3 1 2 -3
723 A 10 0 -3 3 0 -3
723 A 10 0 2 3 5 -3
723 A 10 0 2 1 1 3
723 A 10 0 -1 1 0 1
723 A 11 0 -6 5 -1 -5
723 A 11 0 -6 4 -5 1
723 A 11 0 -6 3 -1 -1
723 A 11 0 5 1 -3 -5
723 A 11 0 -5 2 -4 1
723 A 11 0 -5 4 7 -5
723 A 11 0 -5 5 0 4
723 A 11 0 -7 4 -4 2
723 A 11 0 4 3 -1 2
723 A 11 0 4 1 2 4
723 A 11 0 -4 3 -2 5
723 A 11 0 -4 4 0 5
723 A 11 0 3 4 2 2
723 A 11 0 3 3 2 -1
723 A 11 0 3 2 3 1
723 A 11 0 -3 2 1 2
723 A 11 0 -3 3 0 3
723 A 11 0 -3 5 1 3
723 A 11 0 2 5 -1 -4
723 A 11 0 -2 2 0 -1
723 A 11 0 -2 3 1 -3
723 A 11 0 -1 1 0 -2
723 A 12 0 5 1 6 -5
723 A 12 0 -5 5 0 5
723 A 12 0 -8 5 3 5
723 A 12 0 -4 1 3 1
723 A 12 0 -3 1 2 -5
723 A 12 0 -3 5 -2 -1
723 A 12 0 1 5 6 -1
723 A 12 0 -1 1 0 1
723 A 13 0 -7 6 4 -2
723 A 13 0 -7 5 1 -4
723 A 13 0 -7 4 -2 6
723 A 13 0 -7 3 5 -6
723 A 13 0 -7 2 1 3
723 A 13 0 6 1 3 -6
723 A 13 0 -6 1 6 -4
723 A 13 0 -6 2 -5 4
723 A 13 0 -6 3 -4 -4
723 A 13 0 -6 5 2 -3
723 A 13 0 -6 6 0 2
723 A 13 0 -8 6 -4 1
723 A 13 0 -8 5 -3 -5
723 A 13 0 -8 4 -3 -3
723 A 13 0 5 3 1 -2
723 A 13 0 5 2 -4 3
723 A 13 0 5 1 -2 -4
723 A 13 0 -5 1 5 -2
723 A 13 0 -5 3 2 3
723 A 13 0 -5 5 0 5
723 A 13 0 -9 6 4 -5
723 A 13 0 4 5 -2 4
723 A 13 0 4 3 1 -6
723 A 13 0 4 2 1 4
723 A 13 0 4 1 -3 -2
723 A 13 0 -4 4 0 3
723 A 13 0 -4 6 3 4
723 A 13 0 3 6 1 -5
723 A 13 0 3 1 2 6
723 A 13 0 -3 1 3 -5
723 A 13 0 -3 2 -1 -2
723 A 13 0 -3 3 0 4
723 A 13 0 -3 4 -2 -5
723 A 13 0 2 2 -1 -6
723 A 13 0 2 1 2 -5
723 A 13 0 -2 1 1 1
723 A 13 0 -2 2 0 6
723 A 13 0 1 5 1 -3
723 A 13 0 -1 1 0 -1
723 A -1 1 83 0 -24 0
723 A -1 1 79 0 -55 0
723 A -1 1 65 0 -39 0
723 A 0 1 83 0 -24 0
723 A 0 1 79 0 -55 0
723 A 0 1 65 0 -39 0
723 A -2 1 63 1 74 1
723 A -2 1 75 1 19 0
723 A -2 1 80 1 29 0
723 A -2 1 78 1 16 0
723 A -2 1 68 1 -34 0
723 A -2 1 62 1 20 0
723 A -2 1 58 0 41 0
723 A -2 1 56 0 49 0
723 A -2 1 40 0 32 0
723 A -2 1 59 0 31 0
723 A 1 1 59 0 31 0
723 A 1 1 58 0 41 0
723 A 1 1 56 0 49 0
723 A 1 1 40 0 32 0
723 A 1 1 34 0 -69 1
723 A 1 1 29 0 81 -1
723 A 1 1 20 0 63 -1
723 A 1 1 19 0 76 -1
723 A 1 1 16 0 79 -1
723 A 1 1 -64 1 -75 1
723 A -3 1 83 1 47 1
723 A -3 1 35 0 16 0
723 A -3 1 14 0 37 1
723 A -3 1 49 1 -18 0
723 A -3 1 81 1 66 1
723 A -3 1 54 1 79 1
723 A -3 1 15 0 -25 0
723 A 2 1 15 0 -25 0
723 A 2 1 35 0 16 0
723 A 2 1 -55 1 -80 1
723 A 2 1 -67 1 -82 1
723 A 2 1 -84 1 -48 1
723 A 2 1 18 0 -50 1
723 A 2 1 14 0 38 -1
723 A -4 1 55 1 -32 -1
723 A -4 1 48 1 -26 0
723 A -4 1 40 1 53 1
723 A -4 1 65 1 -14 0
723 A 3 1 -56 1 33 -1
723 A 3 1 26 0 -49 1
723 A 3 1 14 0 -66 1
723 A 3 1 -54 1 -41 1
723 A 14 0 -8 5 -3 -5
723 A 14 0 6 1 7 -1
723 A 14 0 -6 1 5 1
723 A 14 0 -6 3 -9 5
723 A 14 0 -5 1 -2 3
723 A 14 0 -5 3 2 3
723 A 14 0 4 5 3 3
723 A 14 0 4 3 7 -5
723 A 14 0 4 1 -1 3
723 A 14 0 -4 3 -3 5
723 A 14 0 2 5 7 -3
723 A 14 0 1 3 -2 5
723 A -5 1 78 2 -16 0
723 A -5 1 73 2 41 1
723 A -5 1 18 1 -30 -1
723 A -5 1 27 1 -39 -1
723 A -5 1 79 2 60 2
723 A -5 1 59 1 -22 0
723 A -5 1 54 1 -82 -2
723 A -5 1 61 2 -17 0
723 A 4 1 22 0 -60 1
723 A 4 1 -42 1 -75 2
723 A 4 1 -62 2 -81 2
723 A 4 1 -55 1 84 -2
723 A 4 1 17 0 -63 2
723 A 4 1 16 0 -80 2
723 A 4 1 -28 1 40 -1
723 A 4 1 -19 1 31 -1
723 A -6 1 64 2 -19 -1
723 A -6 1 22 1 -80 -3
723 A -6 1 50 2 17 0
723 A -6 1 79 3 75 2
723 A -6 1 80 2 -33 -1
723 A 5 1 17 0 52 -2
723 A 5 1 -77 2 -82 3
723 A 5 1 -82 2 34 -1
723 A 5 1 -66 2 20 -1
723 A 5 1 -23 1 83 -3
723 A -7 1 66 2 -71 -3
723 A -7 1 52 2 -77 -3
723 A -7 1 38 2 23 1
723 A -7 1 11 1 -48 -2
723 A -7 1 46 2 19 1
723 A -7 1 54 2 -68 -2
723 A -7 1 15 0 83 3
723 A -7 1 35 1 55 2
723 A 6 1 15 0 86 -3
723 A 6 1 -57 2 -36 1
723 A 6 1 -70 2 56 -2
723 A 6 1 -20 1 -48 2
723 A 6 1 -50 2 12 -1
723 A 6 1 -68 2 74 -3
723 A 6 1 -80 3 54 -2
723 A 6 1 -24 1 -40 2
723 A 15 0 -9 4 5 4
723 A 15 0 -6 4 -1 -2
723 A 15 0 -3 2 -2 -4
723 A -8 1 20 1 86 3
723 A -8 1 68 3 61 3
723 A -8 1 17 1 -11 -1
723 A -8 1 23 1 83 3
723 A -8 1 54 2 36 1
723 A -8 1 80 3 -74 -3
723 A -8 1 48 2 -76 -3
723 A -8 1 24 1 29 1
723 A -8 1 8 1 58 2
723 A 7 1 -18 1 12 -1
723 A 7 1 -25 1 -30 1
723 A 7 1 -60 2 -9 1
723 A 7 1 -86 3 -24 1
723 A 7 1 -79 3 50 -2
723 A 7 1 -37 1 -56 2
723 A 7 1 -89 3 -21 1
723 A 7 1 -83 3 77 -3
723 A 7 1 -64 3 -71 3
723 A -9 1 77 3 63 3
723 A -9 1 50 2 66 3
723 A -9 1 41 2 21 1
723 A -9 1 78 4 -64 -3
723 A -9 1 15 1 -80 -4
723 A -9 1 75 4 71 3
723 A -9 1 52 2 -29 -2
723 A 8 1 -52 2 -69 3
723 A 8 1 -84 4 16 -1
723 A 8 1 -31 2 54 -2
723 A 8 1 -79 4 -74 3
723 A 8 1 -22 1 -43 2
723 A 8 1 -66 3 -80 3
723 A 8 1 -82 4 67 -3
723 A 16 0 -9 5 4 5
723 A 16 0 -10 5 -5 -5
723 A 16 0 -6 7 1 -7
723 A 16 0 5 3 -8 7
723 A 16 0 1 7 -8 3
723 A -10 1 45 3 72 4
723 A -10 1 65 4 50 3
723 A -10 1 86 4 -74 -4
723 A -10 1 66 3 -28 -2
723 A -10 1 54 3 60 4
723 A -10 1 79 4 -31 -1
723 A -10 1 10 1 -82 -4
723 A 9 1 -86 4 11 -1
723 A 9 1 -32 1 83 -4
723 A 9 1 -76 4 -48 3
723 A 9 1 -69 3 30 -2
723 A 9 1 -57 3 -64 4
723 A 9 1 -90 4 78 -4
723 A 9 1 -53 3 -69 4
723 A 17 0 -4 2 2 2
723 A 19 0 -6 8 -2 8
723 A -14 1 39 2 37 2
723 A 13 1 -41 2 -39 2
723 A 20 0 -5 9 -4 9
723 A 29 0 -19 10 9 10
723 A 34 0 -19 15 4 15
723 A 40 0 -5 9 -4 9
723 A 49 0 -16 8 8 8
723 A 58 0 19 19 -38 19
723 S -6 2 11 0
723 S -4 5 11 0
723 S -3 1 11 0
723 S 2 3 11 0
723 S -1 4 11 0
723 S -5 3 11 0
723 S 4 2 11 0
723 S -3 4 11 0
723 S 2 1 11 0
723 S -1 5 11 0
723 T 424 343 387 0 0
723 T 437 348 368 0 0
723 T 462 434 481 0 0
723 T 456 375 335 0 0
723 T 477 453 468 0 0
723 T 372 484 410 0 0
723 T 361 349 433 0 0
723 T 457 395 427 0 0
723 T 446 470 442 0 0
723 T 355 344 357 0 0
723 T 347 374 389 0 0
723 T 421 389 480 0 0
723 T 476 487 486 0 0
723 T 460 339 371 0 0
723 T 449 379 415 0 0
723 T 366 406 385 0 0
723 T 379 401 333 0 0
723 T 466 431 447 0 0
723 T 400 427 430 0 0
723 T 337 381 420 0 0
723 T 410 415 443 0 0
723 T 384 464 418 0 0
723 T 401 357 362 0 0
723 T 472 452 476 0 0
723 T 355 438 397 0 0
723 T 406 396 352 0 0
723 T 701 693 707 0 0
723 T 703 725 717 0 0
723 T 681 712 706 0 0
723 T 695 681 724 0 0
723 T 699 715 689 0 0
723 T 692 686 687 0 0
723 T 705 589 51 0 0
723 T 514 695 37 0 0
723 T 311 591 516 0 0
723 T 267 585 85 0 0
723 T 87 809 245 0 0
723 T 247 300 265 0 0
723 T 226 250 285 0 0
723 T 243 273 261 0 0
723 T 217 233 225 0 0
723 T 290 274 297 0 0
723 T 263 269 251 0 0
723 T 280 284 254 0 0
723 T 218 242 232 0 0
723 T 223 291 245 0 0
723 T 285 216 240 0 0
723 T 294 278 293 0 0
723 T 213 236 260 0 0
723 T 300 811 585 0 0
723 T 483 147 1004 0 0
723 T 1002 506 464 0 0
723 T 434 508 147 0 0
723 T 719 794 144 0 0
723 T 725 156 825 0 0
723 T 827 110 794 0 0
723 T 264 1099 683 0 0
723 T 708 545 262 0 0
723 T 1099 547 712 0 0
723 T 1051 973 41 0 0
723 T 1019 67 1049 0 0
723 T 43 1059 1017 0 0
723 T 67 1057 973 0 0
723 T 142 737 566 0 0
723 T 166 744 576 0 0
723 T 548 792 156 0 0
723 T 521 146 786 0 0
723 T 190 202 187 0 0
723 T 206 194 199 0 0
723 T 211 209 211 0 0
723 T 175 206 204 0 0
723 T 177 179 177 1 0
723 T 181 187 199 0 0
723 T 178 194 182 0 0
723 T 175 212 189 0 0
723 T 1000 438 192 0 0
723 T 185 773 998 0 0
723 T 438 775 202 0 0
723 T 126 909 829 0 0
723 T 125 798 972 0 0
723 T 736 484 45 0 0
723 T 47 1003 976 0 0
723 T 974 146 734 0 0
723 T 731 948 162 0 0
723 T 84 891 1046 0 0
723 T 1048 616 505 0 0
723 T 507 197 82 0 0
723 T 197 614 891 0 0
723 T 197 665 925 0 0
723 T 927 270 208 0 0
723 T 194 272 665 0 0
723 T 711 676 648 0 0
723 T 43 913 709 0 0
723 T 646 449 41 0 0
723 T 913 451 676 0 0
723 T 901 596 492 0 0
723 T 490 259 119 0 0
723 T 117 1011 903 0 0
723 T 343 594 562 0 0
723 T 564 32 385 0 0
723 T 422 30 594 0 0
723 T 80 207 605 0 0
723 T 1017 928 78 0 0
723 T 85 1006 1054 0 0
723 T 1056 966 100 0 0
723 T 98 78 87 0 0
723 T 75 99 69 0 0
723 T 25 88 65 0 0
723 T 71 83 89 0 0
723 T 79 84 68 0 0
723 T 92 76 96 0 0
723 T 103 102 93 0 0
723 T 78 968 1006 0 0
723 T 378 800 621 0 0
723 T 320 1108 380 0 0
723 T 623 73 318 0 0
723 T 1108 75 800 0 0
723 T 206 1015 753 0 0
723 T 755 255 79 0 0
723 T 1092 145 350 0 0
723 T 352 680 70 0 0
723 T 72 837 1090 0 0
723 T 837 678 145 0 0
723 T 48 767 370 0 0
723 T 767 307 736 0 0
723 T 782 313 729 0 0
723 T 287 833 819 0 0
723 T 817 304 228 0 0
723 T 250 302 833 0 0
723 T 731 759 745 0 0
723 T 770 780 784 0 0
723 T 747 6 772 0 0
723 T 749 4 762 0 0
723 T 972 119 414 0 0
723 T 416 115 800 0 0
723 T 125 113 119 0 0
723 T 109 111 109 1 0
723 T 131 105 108 0 0
723 T 121 109 115 0 0
723 T 125 133 122 0 0
723 T 135 130 120 0 0
723 T 169 171 169 0 0
723 T 149 151 149 -1 0
723 T 139 137 139 1 0
723 T 147 155 161 0 0
723 T 144 165 158 0 0
723 T 171 992 1025 0 0
723 T 1027 35 992 0 0
723 T 35 33 35 0 0
723 T 30 36 29 0 0
723 T 864 1101 263 0 0
723 T 1074 869 241 0 0
723 T 1101 3 1076 0 0
723 T 524 465 213 0 0
723 T 959 938 522 0 0
723 T 215 489 957 0 0
723 T 938 491 465 0 0
723 T 528 224 65 0 0
723 T 975 322 526 0 0
723 T 301 948 517 0 0
723 T 224 324 1057 0 0
723 T 500 716 662 0 0
723 T 510 675 700 0 0
723 T 279 671 654 0 0
723 T 373 502 104 0 0
723 T 102 950 456 0 0
723 T 335 952 502 0 0
723 T 312 981 1032 0 0
723 T 309 311 309 -1 0
723 T 305 304 325 0 0
723 T 331 329 331 0 0
723 T 317 313 322 0 0
723 T 1030 6 981 0 0
723 T 6 4 6 0 0
723 T 885 217 326 0 0
723 T 807 326 227 0 0
723 T 805 235 887 0 0
723 T 59 18 19 0 0
723 T 58 60 58 -1 0
723 T 63 61 63 0 0
723 T 627 318 42 0 0
723 T 44 1093 1008 0 0
723 T 265 1095 318 0 0
723 T 99 1048 838 0 0
723 T 1091 1046 73 0 0
723 T 99 325 847 0 0
723 T 881 279 845 0 0
723 T 883 302 83 0 0
723 T 1132 1130 1132 0 0
723 T 740 62 789 0 0
723 T 744 787 59 0 0
723 T 549 749 791 0 0
723 T 764 553 738 0 0
723 T 831 442 121 0 0
723 T 617 446 829 0 0
723 T 123 472 619 0 0
723 T 77 185 644 0 0
723 T 185 967 231 0 0
723 T 853 875 129 0 0
723 T 420 853 106 0 0
723 T 875 420 105 0 0
723 T 164 535 745 0 0
723 T 750 538 154 0 0
723 T 535 946 757 0 0
723 T 868 860 689 0 0
723 T 1 2 1 0 0
723 T 395 165 1079 0 0
723 T 1077 493 425 0 0
723 T 459 495 165 0 0
723 T 344 859 954 0 0
723 T 956 686 359 0 0
723 T 686 857 353 0 0
723 T 515 517 533 0 0
723 T 546 540 552 0 0
723 T 759 301 513 0 0
723 T 1028 483 134 0 0
723 T 117 369 991 0 0
723 T 943 4 956 0 0
723 T 165 511 260 0 0
723 T 1036 719 167 0 0
723 T 719 14 511 0 0
723 T 249 193 855 0 0
723 T 853 666 261 0 0
723 T 665 461 52 0 0
723 T 50 1112 927 0 0
723 T 1112 463 199 0 0
723 T 169 578 536 0 0
723 T 137 560 540 0 0
723 T 578 582 589 0 0
723 T 560 566 554 0 0
723 T 880 907 127 0 0
723 T 902 849 128 0 0
723 T 640 907 501 0 0
723 T 503 133 238 0 0
723 T 987 135 907 0 0
723 T 722 1069 566 0 0
723 T 568 243 693 0 0
723 T 681 241 1069 0 0
723 T 1128 60 1121 0 0
723 T 818 306 805 0 0
723 T 1133 1135 1133 -1 0
723 T 765 165 931 0 0
723 T 783 159 920 0 0
723 T 913 415 234 0 0
723 T 236 377 676 0 0
723 T 1149 1151 1149 1 0
723 T 551 58 553 0 0
723 T 256 355 848 0 0
723 T 884 353 284 0 0
723 T 103 492 477 0 0
723 T 455 939 101 0 0
723 T 102 843 392 0 0
723 T 843 504 346 0 0
723 T 230 1072 777 0 0
723 T 779 684 220 0 0
723 T 124 987 878 0 0
723 T 162 636 122 0 0
723 T 880 284 164 0 0
723 T 931 320 587 0 0
723 T 326 583 919 0 0
723 T 85 1095 929 0 0
723 T 871 53 864 0 0
723 T 1043 1040 1044 0 0
723 T 387 539 1041 0 0
723 T 1042 557 368 0 0
723 T 1054 1022 40 0 0
723 T 38 1061 966 0 0
723 T 98 1063 1022 0 0
723 T 671 934 74 0 0
723 T 72 294 669 0 0
723 T 934 296 100 0 0
723 T 898 900 898 1 0
723 T 820 442 46 0 0
723 T 48 979 836 0 0
723 T 979 444 288 0 0
723 T 490 424 894 0 0
723 T 896 390 103 0 0
723 T 106 338 1103 0 0
723 T 1074 461 105 0 0
723 T 1061 338 198 0 0
723 T 200 650 968 0 0
723 T 40 652 338 0 0
723 T 1023 337 494 0 0
723 T 496 199 99 0 0
723 T 661 240 1088 0 0
723 T 447 285 663 0 0
723 T 1086 214 445 0 0
723 T 822 66 247 0 0
723 T 809 26 824 0 0
723 T 189 542 267 0 0
723 T 437 637 542 0 0
723 T 92 632 426 0 0
723 T 1078 1048 90 0 0
723 T 1048 494 632 0 0
723 T 432 89 732 0 0
723 T 730 631 398 0 0
723 T 1077 890 69 0 0
723 T 341 204 755 0 0
723 T 1015 175 343 0 0
723 T 937 950 64 0 0
723 T 958 150 921 0 0
723 T 909 170 970 0 0
723 T 923 575 950 0 0
723 T 1144 1142 1144 0 0
723 T 105 530 262 0 0
723 T 667 532 419 0 0
723 T 163 193 839 0 0
723 T 193 153 678 0 0
723 T 888 48 915 0 0
723 T 709 51 886 0 0
723 T 51 41 48 0 0
723 T 56 52 40 0 0
723 T 55 53 55 0 0
723 T 43 47 39 0 0
723 T 802 68 301 0 0
723 T 882 79 804 0 0
723 T 524 432 1085 0 0
723 T 849 254 158 0 0
723 T 775 282 77 0 0
723 T 728 16 500 0 0
723 T 649 420 570 0 0
723 T 572 383 39 0 0
723 T 160 1034 796 0 0
723 T 806 413 48 0 0
723 T 629 207 161 0 0
723 T 207 400 945 0 0
723 T 1068 322 447 0 0
723 T 2 1105 1066 0 0
723 T 843 94 896 0 0
723 T 901 32 894 0 0
723 T 841 31 906 0 0
723 T 326 592 778 0 0
723 T 683 590 885 0 0
723 T 38 1032 718 0 0
723 T 52 726 981 0 0
723 T 1051 1002 51 0 0
723 T 826 996 163 0 0
723 T 996 728 145 0 0
723 T 627 314 597 0 0
723 T 1023 369 168 0 0
723 T 932 47 1021 0 0
723 T 758 1097 272 0 0
723 T 121 828 7 0 0
723 T 868 437 942 0 0
723 T 531 51 382 0 0
723 T 362 1090 508 0 0
723 T 513 682 836 0 0
723 T 834 721 38 0 0
723 T 722 661 604 0 0
723 T 1111 1004 83 0 0
723 T 81 1051 926 0 0
723 T 889 159 183 0 0
723 T 159 616 187 0 0
723 T 452 115 621 0 0
723 T 917 577 778 0 0
723 T 377 213 1082 0 0
723 T 1084 575 401 0 0
723 T 335 573 213 0 0
723 T 305 961 935 0 0
723 T 788 715 431 0 0
723 T 146 1086 715 0 0
723 T 260 1084 676 0 0
723 T 165 699 1084 0 0
723 T 220 182 874 0 0
723 T 363 614 73 0 0
723 T 173 562 223 0 0
723 T 897 564 544 0 0
723 T 979 472 662 0 0
723 T 355 756 814 0 0
723 T 203 359 816 0 0
723 T 923 215 504 0 0
723 T 136 288 921 0 0
723 T 7 115 793 0 0
723 T 610 159 115 0 0
723 T 86 815 325 0 0
723 T 845 813 77 0 0
723 T 640 30 347 0 0
723 T 134 909 444 0 0
723 T 931 44 1054 0 0
723 T 244 652 874 0 0
723 T 108 571 242 0 0
723 T 683 252 758 0 0
723 T 295 84 964 0 0
723 T 980 43 722 0 0
723 T 43 471 604 0 0
723 T 582 192 88 0 0
723 T 67 174 518 0 0
723 T 761 142 558 0 0
723 T 578 157 769 0 0
723 T 861 532 339 0 0
723 T 49 417 862 0 0
723 T 869 419 39 0 0
723 T 678 659 408 0 0
723 T 181 141 659 0 0
723 T 74 403 784 0 0
723 T 782 357 615 0 0
723 T 404 742 698 0 0
723 T 43 322 598 0 0
723 T 165 658 890 0 0
723 T 296 71 653 0 0
723 T 655 89 963 0 0
723 T 802 173 948 0 0
723 T 823 290 526 0 0
723 T 464 571 870 0 0
723 T 617 323 89 0 0
723 T 815 190 920 0 0
723 T 803 354 774 0 0
723 T 865 687 355 0 0
723 T 804 397 204 0 0
723 T 118 234 959 0 0
723 T 229 651 181 0 0
723 T 839 631 198 0 0
723 T 398 686 944 0 0
723 T 116 1012 851 0 0
723 T 918 187 358 0 0
723 T 832 1066 90 0 0
723 T 395 658 69 0 0
723 T 543 30 367 0 0
723 T 238 146 497 0 0
723 T 601 476 647 0 0
723 U 1007 3 10 0 0
723 U 628 7 3 0 0
723 U 266 10 7 0 0
723 U 17 4 3 0 0
723 U 1127 3 3 0 0
723 U 21 3 4 1 0
723 U 7 11 12 0 0
723 U 993 6 11 0 0
723 U 634 12 6 0 0
723 U 238 6 12 0 0
723 U 16 12 11 0 0
723 U 230 4 8 0 0
723 U 641 8 9 0 0
723 U 999 5 8 0 0
723 U 639 9 5 0 0
723 U 284 10 6 0 0
723 U 986 9 11 0 0
723 U 11 1 2 0 0
723 U 4 2 2 0 0
723 U 9 2 1 1 0
723 U 24 2 1 0 0
723 U 1017 15 14 0 0
723 U 600 19 15 0 0
723 U 222 14 19 0 0
723 U 1036 17 22 0 0
723 U 260 22 18 0 0
723 U 13 18 17 0 0
723 U 1122 15 15 0 0
723 U 269 15 19 0 0
723 U 607 19 14 0 0
723 U 1014 22 19 0 0
723 U 595 14 22 0 0
723 U 19 15 16 0 0
723 U 22 16 15 0 0
723 U 1010 14 18 0 0
723 U 8 18 17 0 0
723 U 612 17 21 0 0
723 U 256 22 14 0 0
723 Q 138 348 1 422 0 0 0 0 0 0
723 Q 1037 343 2 439 0 0 0 0 0 0
723 Q 273 737 110 792 0 0 0 0 0 0
723 Q 93 127 1114 128 0 0 0 0 0 0
723 Q 1116 970 1 909 1 -1 0 0 0 0
723 Q 333 1 466 94 0 0 0 0 0 0
723 Q 375 61 479 2 0 0 0 0 0 0
723 Q 1140 150 1140 150 0 0 0 0 0 0
723 Q 523 1146 575 1138 0 0 0 0 0 0
723 Q 62 1148 62 1148 0 0 0 0 0 0
723 Q 5 512 56 498 0 0 0 0 0 0
723 Q 664 0 675 3 0 0 0 0 0 0
723 Q 698 0 716 54 0 0 0 0 0 0
723 Q 3 425 59 363 0 0 0 0 0 0
723 Q 435 33 459 5 0 0 0 0 0 0
723 Q 395 35 349 57 0 0 0 0 0 0
723 Q 656 112 671 33 0 0 0 0 0 0
723 Q 747 1136 772 1130 0 0 0 0 0 0
723 Q 138 392 61 390 0 0 0 0 1 0
723 Q 0 860 2 866 0 0 0 0 0 0
723 Q 299 62 292 209 0 0 0 0 0 0
723 Q 0 954 1040 941 0 0 0 0 0 0
723 Q 488 329 487 0 0 0 0 0 0 0
723 Q 588 149 528 329 0 0 0 0 0 0
723 Q 1114 849 36 878 0 0 0 0 0 0
723 Q 533 1136 577 1116 0 0 0 0 0 0
723 Q 929 1138 976 1119 0 0 0 0 0 0
723 Q 1117 736 1141 767 0 0 0 0 0 0
723 Q 165 1143 146 1140 0 0 0 0 0 0
723 Q 311 25 311 25 1 0 -1 0 0 0
723 Q 67 28 88 309 0 0 0 0 1 0
723 Q 1152 555 1148 549 0 0 0 0 0 0
723 Q 475 329 475 329 0 0 0 0 0 0
723 Q 247 63 245 897 0 0 1 0 0 0
723 Q 1147 787 1142 742 0 0 0 0 0 0
723 Q 228 151 226 180 0 0 -1 0 1 0
723 Q 282 1132 254 36 0 0 0 0 0 0
723 Q 160 1130 164 1114 0 0 0 0 0 0
723 Q 16 6 14 3 0 0 0 0 0 0
723 Q 58 1097 3 1072 0 0 0 0 0 0
723 Q 172 210 172 210 0 0 0 0 0 0
723 Q 137 602 0 648 0 0 0 0 0 0
723 Q 711 4 724 139 0 0 0 0 0 0
723 Q 933 34 961 1119 0 0 0 0 0 0
723 Q 752 180 763 1039 0 0 0 0 0 0
723 Q 174 28 192 171 0 0 0 0 1 0
723 Q 55 298 332 289 0 0 0 0 0 0
723 Q 151 812 54 821 0 0 0 0 0 0
723 Q 1151 3 1151 3 0 0 0 0 0 0
723 Q 109 91 1119 73 0 0 0 0 0 0
723 Q 474 320 1117 323 0 0 0 0 0 0
723 Q 528 473 588 1137 0 0 0 0 0 0
723 Q 9 1136 11 1133 0 0 0 0 0 0
723 Q 1152 23 1151 24 0 0 0 0 1 0
