0
0 d=303
0
303 A 4 0 -1 2 1 -2
303 A 8 0 3 2 -3 -2
303 A 8 0 -3 2 3 -2
303 A 8 0 1 2 -1 -2
303 A 8 0 -1 2 1 -2
303 A -1 1 37 0 -37 0
303 A 0 1 37 0 -37 0
303 A -2 1 25 0 -25 0
303 A 1 1 25 0 -25 0
303 A -4 1 17 1 -17 -1
303 A -4 1 19 1 -19 -1
303 A -4 1 35 2 -35 -2
303 A 3 1 -37 2 37 -2
303 A 3 1 -18 1 18 -1
303 A 3 1 -20 1 20 -1
303 A -5 1 12 1 -12 -1
303 A 4 1 -13 1 13 -1
303 A 11 0 3 5 -3 -5
303 A -8 1 15 1 -15 -1
303 A 7 1 -16 1 16 -1
303 A -12 1 31 4 -31 -4
303 A -12 1 13 1 -13 -1
303 A 11 1 -14 1 14 -1
303 A 11 1 -35 4 35 -4
303 A 16 0 -7 6 7 -6
303 A 16 0 1 6 -1 -6
303 A 16 0 7 2 -7 -2
303 A -1 2 -52 1 52 -1
303 A -4 2 25 0 -25 0
303 A 2 2 25 0 -25 0
303 A -10 2 21 2 -21 -2
303 A 8 2 -23 2 23 -2
303 A 7 0 2 3 2 3
303 A 5 0 -3 2 -2 1
303 A 5 0 2 1 1 -2
303 A 5 0 -2 2 0 -2
303 A 5 0 1 2 1 1
303 A 5 0 -1 1 0 1
303 A 7 0 -4 3 4 -2
303 A 7 0 3 1 -1 2
303 A 7 0 -3 1 -1 3
303 A 7 0 -3 2 -1 -2
303 A 7 0 -3 3 0 2
303 A 7 0 2 2 -1 -3
303 A 7 0 2 1 -2 3
303 A 7 0 -2 1 1 1
303 A 7 0 -2 2 0 3
303 A 7 0 -1 1 0 -1
303 A -1 1 35 0 13 0
303 A -1 1 29 0 -21 0
303 A -1 1 17 0 -9 0
303 A 0 1 35 0 13 0
303 A 0 1 29 0 -21 0
303 A 0 1 17 0 -9 0
303 A -2 1 35 1 -19 0
303 A -2 1 33 1 -27 -1
303 A -2 1 23 0 -17 0
303 A 1 1 23 0 -17 0
303 A 1 1 19 0 -36 1
303 A 1 1 -28 1 34 -1
303 A 9 0 -5 2 3 -4
303 A 9 0 -4 1 -6 4
303 A 9 0 -4 4 0 4
303 A 9 0 3 2 1 -4
303 A 9 0 3 1 2 4
303 A 9 0 -3 1 2 1
303 A 9 0 -3 2 1 2
303 A -3 1 11 0 -15 0
303 A -3 1 16 1 -13 0
303 A -3 1 28 1 34 1
303 A -3 1 36 1 18 1
303 A 2 1 -37 1 -19 1
303 A 2 1 -35 1 -29 1
303 A 2 1 15 0 -11 0
303 A 2 1 13 0 -17 1
303 A -4 1 33 2 11 1
303 A 3 1 -12 1 -35 2
303 A -5 1 33 2 24 1
303 A -5 1 18 1 20 1
303 A -5 1 8 1 -27 -2
303 A -5 1 6 1 -25 -2
303 A 4 1 -35 2 -25 1
303 A 4 1 -19 1 -21 1
303 A 4 1 -9 1 29 -2
303 A 4 1 -7 1 27 -2
303 A -6 1 31 3 -7 -1
303 A -6 1 19 1 -11 -1
303 A -6 1 13 1 27 2
303 A -6 1 5 1 -17 -2
303 A -6 1 33 3 21 1
303 A 5 1 -12 1 20 -1
303 A 5 1 -22 1 -36 3
303 A 5 1 -29 2 -14 1
303 A 5 1 -6 1 19 -2
303 A 5 1 -34 3 8 -1
303 A -7 1 31 2 -14 -1
303 A -7 1 17 2 12 1
303 A -7 1 32 3 -28 -3
303 A -7 1 8 1 34 3
303 A -7 1 21 2 -20 -1
303 A 6 1 -33 2 15 -1
303 A 6 1 -21 1 23 -2
303 A 6 1 -9 1 -37 3
303 A 6 1 -13 1 -19 2
303 A 6 1 -35 3 31 -3
303 A 11 0 -6 5 4 -2
303 A 11 0 -6 3 -7 4
303 A 11 0 -5 3 2 3
303 A 11 0 -4 3 2 -5
303 A 11 0 -3 5 -1 -3
303 A 11 0 1 5 -2 -2
303 A 11 0 3 3 3 4
303 A -8 1 19 2 25 3
303 A -8 1 9 1 15 2
303 A 7 1 -21 2 -28 3
303 A 7 1 -10 1 -17 2
303 A 12 0 -5 2 -3 2
303 A 12 0 3 2 1 2
303 A -9 1 28 3 -17 -2
303 A -9 1 10 1 -21 -2
303 A -9 1 14 1 18 3
303 A -9 1 35 4 16 1
303 A 8 1 -21 3 -15 1
303 A 8 1 -39 4 -17 1
303 A 8 1 -31 3 19 -2
303 A 8 1 -23 2 11 -1
303 A -10 1 7 2 23 2
303 A -10 1 23 4 -9 -2
303 A -10 1 29 5 11 1
303 A 9 1 -25 2 -9 2
303 A 9 1 -34 5 -12 1
303 A 9 1 -27 4 11 -2
303 A 13 0 -7 5 -8 6
303 A 13 0 -7 2 5 2
303 A 13 0 -5 6 -1 6
303 A 13 0 -4 6 1 -3
303 A 13 0 -3 6 1 -2
303 A 13 0 -2 3 2 -6
303 A 13 0 2 5 2 6
303 A -12 1 9 2 27 3
303 A -12 1 15 1 29 4
303 A 11 1 -16 1 -33 4
303 A 11 1 -30 3 -11 2
303 A 15 0 -9 4 5 4
303 A -13 1 31 6 31 4
303 A 12 1 -35 4 -37 6
303 A 16 0 -9 6 -7 2
303 A 16 0 -5 2 -3 -2
303 A 16 0 3 6 5 2
303 A -15 1 5 2 19 2
303 A -15 1 14 5 -15 -2
303 A 14 1 -17 2 19 -5
303 A 14 1 -21 2 -7 2
303 A 17 0 -11 6 -4 2
303 A 17 0 5 6 2 2
303 A -1 2 -27 1 72 -1
303 A -1 2 34 0 -54 1
303 A -7 2 50 3 28 0
303 A 5 2 -53 3 -28 0
303 A 19 0 -6 9 -3 9
303 A 23 0 -15 8 7 8
303 S -1 1 4 0
303 S 3 1 8 0
303 S 1 3 8 0
303 S -2 1 6 0
303 S 1 1 6 0
303 S -4 3 8 0
303 S -4 1 8 0
303 S 0 1 4 0
303 T 74 88 84 0 0
303 T 90 88 90 0 0
303 T 80 77 83 0 0
303 T 79 71 77 0 0
303 T 509 121 498 0 0
303 T 542 61 507 0 0
303 T 496 64 546 0 0
303 T 544 120 540 0 0
303 T 164 498 283 0 0
303 T 204 170 166 0 0
303 T 188 159 177 0 0
303 T 507 168 299 0 0
303 T 297 158 27 0 0
303 T 157 7 295 0 0
303 T 580 582 580 1 0
303 T 53 390 147 0 0
303 T 149 97 258 0 0
303 T 97 388 503 0 0
303 T 304 171 30 0 0
303 T 6 219 306 0 0
303 T 171 221 16 0 0
303 T 84 492 244 0 0
303 T 463 46 86 0 0
303 T 246 177 465 0 0
303 T 46 175 492 0 0
303 T 194 189 180 0 0
303 T 184 200 198 0 0
303 T 182 227 76 0 0
303 T 78 216 192 0 0
303 T 216 229 189 0 0
303 T 236 471 211 0 0
303 T 97 346 213 0 0
303 T 336 97 238 0 0
303 T 346 1 338 0 0
303 T 440 10 392 0 0
303 T 437 14 390 0 0
303 T 129 325 442 0 0
303 T 394 302 127 0 0
303 T 325 300 10 0 0
303 T 471 473 471 -1 0
303 T 487 482 478 0 0
303 T 2 4 2 0 0
303 T 432 224 443 0 0
303 T 6 432 239 0 0
303 T 445 297 241 0 0
303 T 297 226 5 0 0
303 T 184 50 279 0 0
303 T 282 184 39 0 0
303 T 167 93 73 0 0
303 T 114 69 93 0 0
303 T 105 110 94 0 0
303 T 112 105 125 0 0
303 T 98 110 116 0 0
303 T 101 117 119 0 0
303 T 98 124 100 0 0
303 T 119 127 130 0 0
303 T 165 85 112 0 0
303 T 92 330 265 0 0
303 T 263 375 103 0 0
303 T 110 377 330 0 0
303 T 41 381 243 0 0
303 T 464 84 42 0 0
303 T 84 176 381 0 0
303 T 419 214 167 0 0
303 T 510 410 421 0 0
303 T 410 300 214 0 0
303 T 85 191 358 0 0
303 T 356 217 82 0 0
303 T 461 332 6 0 0
303 T 243 538 459 0 0
303 T 5 424 245 0 0
303 T 538 426 332 0 0
303 T 278 1 259 0 0
303 T 250 1 263 0 0
303 T 261 365 291 0 0
303 T 314 383 276 0 0
303 T 293 511 312 0 0
303 T 476 515 522 0 0
303 T 564 487 520 0 0
303 T 482 564 515 0 0
303 T 461 119 452 0 0
303 T 454 347 6 0 0
303 T 334 349 119 0 0
303 T 171 10 220 0 0
303 T 516 431 571 0 0
303 T 568 3 573 0 0
303 T 577 424 431 0 0
303 T 570 426 519 0 0
303 T 422 540 67 0 0
303 T 210 86 271 0 0
303 T 117 78 208 0 0
303 T 273 81 115 0 0
303 T 349 479 141 0 0
303 T 555 518 347 0 0
303 T 139 563 557 0 0
303 T 452 240 549 0 0
303 T 547 433 347 0 0
303 T 401 31 141 0 0
303 T 34 396 137 0 0
303 T 139 206 153 0 0
303 T 151 23 392 0 0
303 T 388 26 148 0 0
303 T 394 203 399 0 0
303 T 245 132 407 0 0
303 T 132 379 37 0 0
303 T 208 318 244 0 0
303 T 535 528 210 0 0
303 T 528 462 318 0 0
303 T 403 236 285 0 0
303 T 283 158 146 0 0
303 T 144 240 405 0 0
303 T 240 156 236 0 0
303 T 197 178 275 0 0
303 T 266 167 181 0 0
303 T 313 112 195 0 0
303 T 112 384 178 0 0
303 T 369 383 363 0 0
303 T 377 370 374 0 0
303 T 365 161 94 0 0
303 T 221 323 131 0 0
303 T 133 300 174 0 0
303 T 536 199 547 0 0
303 T 233 281 241 0 0
303 T 550 529 231 0 0
303 T 529 453 281 0 0
303 T 221 364 522 0 0
303 T 224 515 384 0 0
303 T 128 331 486 0 0
303 T 484 373 326 0 0
303 T 439 371 331 0 0
303 T 82 136 108 0 0
303 T 328 227 80 0 0
303 T 227 375 136 0 0
303 T 411 230 482 0 0
303 T 489 217 438 0 0
303 T 436 4 413 0 0
303 T 150 270 435 0 0
303 T 439 269 154 0 0
303 T 133 310 217 0 0
303 T 230 289 143 0 0
303 T 310 90 289 0 0
303 T 497 428 406 0 0
303 T 428 545 65 0 0
303 T 563 151 551 0 0
303 T 292 0 313 0 0
303 T 511 513 511 -1 0
303 T 144 359 36 0 0
303 T 44 361 242 0 0
303 T 274 136 96 0 0
303 T 493 315 274 0 0
303 T 315 178 534 0 0
303 T 306 174 8 0 0
303 T 427 250 99 0 0
303 T 117 263 420 0 0
303 T 374 355 124 0 0
303 T 106 250 372 0 0
303 T 355 248 113 0 0
303 T 102 193 235 0 0
303 T 337 191 124 0 0
303 T 107 182 346 0 0
303 T 91 185 294 0 0
303 T 260 183 162 0 0
303 T 194 248 166 0 0
303 T 456 512 443 0 0
303 T 445 384 574 0 0
303 T 567 366 458 0 0
303 T 71 329 179 0 0
303 T 84 319 38 0 0
303 T 319 176 134 0 0
303 T 159 143 339 0 0
303 T 341 88 320 0 0
303 T 282 200 315 0 0
303 T 562 315 548 0 0
303 T 560 537 280 0 0
303 T 141 416 251 0 0
303 T 413 252 135 0 0
303 T 416 399 12 0 0
303 T 412 397 14 0 0
303 T 73 242 467 0 0
303 T 469 160 51 0 0
303 T 52 447 71 0 0
303 T 447 162 242 0 0
303 T 347 130 483 0 0
303 T 501 2 504 0 0
303 T 98 396 499 0 0
303 T 396 387 2 0 0
303 T 118 181 214 0 0
303 T 48 318 196 0 0
303 T 198 40 317 0 0
303 T 234 100 75 0 0
303 T 207 122 232 0 0
303 T 164 427 238 0 0
303 T 444 471 455 0 0
303 T 73 36 339 0 0
303 T 323 368 352 0 0
303 T 354 377 485 0 0
303 T 11 225 158 0 0
303 T 156 18 226 0 0
303 T 162 72 359 0 0
303 T 7 237 445 0 0
303 T 11 353 283 0 0
303 T 285 127 402 0 0
303 T 415 129 353 0 0
303 T 395 137 55 0 0
303 T 20 427 545 0 0
303 T 541 420 21 0 0
303 T 44 450 73 0 0
303 T 519 551 334 0 0
303 T 210 560 454 0 0
303 T 457 213 7 0 0
303 T 82 101 258 0 0
303 T 149 123 80 0 0
303 T 246 174 214 0 0
303 T 456 304 244 0 0
303 T 561 460 232 0 0
303 T 334 490 153 0 0
303 T 372 270 490 0 0
303 T 523 161 281 0 0
303 T 374 218 150 0 0
303 T 280 469 255 0 0
303 T 257 71 234 0 0
303 T 307 3 288 0 0
303 T 133 145 478 0 0
303 T 424 220 457 0 0
303 T 144 223 351 0 0
303 T 378 254 480 0 0
303 T 418 377 347 0 0
303 U 17 2 2 0 0
303 U 28 2 2 -1 1
303 U 5 2 2 -1 1
303 U 268 6 6 0 0
303 U 10 6 5 0 0
303 U 24 5 6 0 0
303 U 13 5 6 0 0
303 U 25 6 5 0 0
303 U 45 10 9 0 0
303 U 534 8 10 0 0
303 U 274 9 8 0 0
303 U 48 7 8 0 0
303 U 277 10 7 0 0
303 U 502 9 7 0 0
303 U 56 10 9 0 0
303 U 58 8 7 0 0
303 U 64 11 12 0 0
303 U 406 12 12 0 0
303 U 65 12 11 0 0
303 U 35 12 11 0 0
303 U 43 11 12 0 0
303 U 20 3 4 0 0
303 U 2 4 4 0 0
303 U 21 4 3 1 0
303 U 60 4 3 0 0
303 U 61 14 13 0 0
303 U 409 13 13 0 0
303 U 67 13 14 0 0
303 U 37 13 14 0 0
303 U 41 14 13 0 0
303 U 259 18 15 0 0
303 U 57 17 18 1 0
303 U 505 15 17 0 0
303 U 524 16 18 0 0
303 U 255 18 15 0 0
303 U 51 15 16 0 0
303 U 50 18 17 0 0
303 U 53 15 16 0 0
303 U 14 20 19 0 0
303 U 33 19 20 0 0
303 U 253 20 20 0 0
303 U 32 20 19 0 0
303 U 11 19 20 0 0
303 U 30 1 1 0 -1
303 U 6 1 1 0 -1
303 U 16 1 1 0 0
303 Q 88 206 88 206 0 0 0 0 0 0
303 Q 88 565 581 563 1 0 0 0 0 0
303 Q 0 151 90 141 0 0 0 0 0 0
303 Q 555 579 553 0 0 0 0 0 0 0
303 Q 200 0 200 0 0 0 0 0 0 0
303 Q 582 4 582 4 0 0 0 0 0 0
303 Q 59 579 60 580 -1 0 -1 0 0 0
303 Q 551 1 557 199 0 0 0 0 0 0
