0
0 d=137
0
137 A 6 0 0 1 0 -1
137 A 6 0 3 2 -3 -2
137 A 9 0 0 2 0 -2
137 A -1 1 47 0 -47 0
137 A 1 1 47 0 -47 0
137 A -2 1 44 1 -44 -1
137 A 2 1 -44 1 44 -1
137 A 12 0 3 2 -3 -2
137 A 12 0 -3 2 3 -2
137 A -4 1 31 1 -31 -1
137 A 4 1 -31 1 31 -1
137 A -13 1 22 1 -22 -1
137 A 13 1 -22 1 22 -1
137 A 18 0 9 2 -9 -2
137 A 0 2 -136 1 136 -1
137 A 2 2 47 0 -47 0
137 A -2 2 47 0 -47 0
137 A 4 2 -44 1 44 -1
137 A -4 2 44 1 -44 -1
137 A -22 1 56 11 -56 -11
137 A 22 1 -56 11 56 -11
137 A 4 0 0 1 0 1
137 A 4 0 2 1 2 1
137 A 7 0 0 3 0 3
137 A 8 0 0 3 0 3
137 A 8 0 0 1 0 1
137 A 8 0 4 3 4 3
137 A 8 0 4 1 4 1
137 A 11 0 0 3 0 3
137 A 16 0 8 5 8 5
137 A 5 0 2 2 -1 1
137 A 5 0 2 1 -2 1
137 A 5 0 -2 2 1 1
137 A 5 0 1 2 1 -2
137 A 5 0 0 2 0 -1
137 A 7 0 3 3 -1 1
137 A 7 0 3 2 1 -3
137 A 7 0 3 1 3 -1
137 A 7 0 -3 2 -1 -3
137 A 7 0 -3 3 1 1
137 A 7 0 2 3 1 2
137 A 7 0 2 2 2 -2
137 A 7 0 2 1 -2 1
137 A 7 0 -2 3 -1 2
137 A 7 0 0 2 0 1
137 A 8 0 2 3 -2 -1
137 A 8 0 -2 1 2 -3
137 A 9 0 3 4 3 -1
137 A 9 0 3 2 3 -2
137 A 9 0 3 1 3 -4
137 A 9 0 0 4 0 -1
137 A 10 0 4 3 4 -3
137 A 10 0 4 1 2 -3
137 A 10 0 -4 1 -2 -3
137 A 10 0 2 1 -2 1
137 A 10 0 0 3 0 1
137 A 11 0 5 5 4 -4
137 A 11 0 5 4 1 -3
137 A 11 0 5 3 -4 -2
137 A 11 0 5 2 -5 2
137 A 11 0 5 1 -2 -4
137 A 11 0 -5 1 2 -4
137 A 11 0 -5 3 4 -2
137 A 11 0 -5 4 -1 -3
137 A 11 0 -5 5 -4 -4
137 A 11 0 4 5 2 3
137 A 11 0 4 3 3 -5
137 A 11 0 4 1 4 -1
137 A 11 0 -4 3 -3 -5
137 A 11 0 -4 5 -2 3
137 A 11 0 3 4 -3 4
137 A 11 0 3 3 3 -3
137 A 11 0 3 2 -2 5
137 A 11 0 3 1 -1 4
137 A 11 0 -3 1 1 4
137 A 11 0 -3 2 2 5
137 A 11 0 2 2 -1 1
137 A 11 0 2 1 1 5
137 A 11 0 -2 1 -1 5
137 A 11 0 -2 2 1 1
137 A 11 0 1 2 1 -2
137 A 11 0 0 5 0 4
137 A 11 0 0 2 0 -1
137 A 0 1 62 0 -42 0
137 A 0 1 57 0 12 0
137 A 0 1 53 0 31 0
137 A 0 1 21 0 13 0
137 A -1 1 67 0 35 0
137 A -1 1 65 0 -17 0
137 A -1 1 61 0 -43 0
137 A -1 1 53 0 13 0
137 A -1 1 49 0 -31 0
137 A -1 1 41 0 37 0
137 A 1 1 67 0 35 0
137 A 1 1 65 0 -17 0
137 A 1 1 61 0 -43 0
137 A 1 1 53 0 13 0
137 A 1 1 49 0 -31 0
137 A 1 1 41 0 37 0
137 A -2 1 41 1 57 1
137 A -2 1 47 1 23 0
137 A -2 1 60 1 25 0
137 A -2 1 48 1 31 0
137 A -2 1 42 1 16 0
137 A -2 1 32 0 22 0
137 A 2 1 23 0 47 -1
137 A 2 1 25 0 60 -1
137 A 2 1 31 0 48 -1
137 A 2 1 -41 1 -57 1
137 A 2 1 32 0 22 0
137 A 2 1 16 0 42 -1
137 A 12 0 6 5 6 1
137 A -3 1 64 1 58 1
137 A -3 1 52 1 66 1
137 A -3 1 40 1 -17 0
137 A -3 1 22 1 32 1
137 A -3 1 19 0 23 0
137 A -3 1 13 0 -42 -1
137 A -3 1 36 1 -15 0
137 A 3 1 -64 1 -58 1
137 A 3 1 -52 1 -66 1
137 A 3 1 19 0 23 0
137 A 3 1 13 0 -42 1
137 A 3 1 17 0 -40 1
137 A 3 1 -32 1 -22 1
137 A 3 1 15 0 -36 1
137 A -4 1 22 1 -49 -1
137 A -4 1 62 2 51 2
137 A -4 1 59 2 -16 0
137 A -4 1 51 1 -56 -2
137 A -4 1 43 1 13 0
137 A -4 1 21 1 -45 -1
137 A -4 1 48 1 46 1
137 A 4 1 -22 1 49 -1
137 A 4 1 -46 1 -48 1
137 A 4 1 -62 2 -51 2
137 A 4 1 -51 1 56 -2
137 A 4 1 -43 1 -13 0
137 A 4 1 -21 1 45 -1
137 A 4 1 16 0 -59 2
137 A -5 1 61 2 63 2
137 A -5 1 14 1 12 1
137 A -5 1 24 1 57 2
137 A -5 1 39 2 -38 -1
137 A -5 1 13 0 -20 -1
137 A -5 1 30 1 32 1
137 A 5 1 -61 2 -63 2
137 A 5 1 -14 1 -12 1
137 A 5 1 -24 1 -57 2
137 A 5 1 -39 2 38 -1
137 A 5 1 13 0 -20 1
137 A 5 1 -32 1 -30 1
137 A 13 0 6 6 -3 3
137 A 13 0 6 4 4 6
137 A 13 0 6 2 6 -2
137 A 13 0 6 1 5 -3
137 A 13 0 -6 1 -5 -3
137 A 13 0 -6 4 -4 6
137 A 13 0 -6 6 3 3
137 A 13 0 5 6 2 -5
137 A 13 0 5 4 3 -5
137 A 13 0 5 2 -5 2
137 A 13 0 -5 4 -3 -5
137 A 13 0 -5 6 -2 -5
137 A 13 0 4 5 1 2
137 A 13 0 4 4 2 -2
137 A 13 0 4 3 -4 3
137 A 13 0 -4 4 -2 -2
137 A 13 0 -4 5 -1 2
137 A 13 0 3 6 -3 6
137 A 13 0 2 4 2 -4
137 A 13 0 2 3 -1 -5
137 A 13 0 -2 3 1 -5
137 A -6 1 9 1 17 1
137 A -6 1 21 1 26 1
137 A -6 1 39 2 60 3
137 A -6 1 50 2 41 2
137 A -6 1 14 0 31 1
137 A -6 1 58 3 54 2
137 A 6 1 -9 1 -17 1
137 A 6 1 -21 1 -26 1
137 A 6 1 -39 2 -60 3
137 A 6 1 -50 2 -41 2
137 A 6 1 14 0 31 -1
137 A 6 1 -58 3 -54 2
137 A -7 1 51 2 -62 -3
137 A -7 1 41 2 50 3
137 A -7 1 27 2 -45 -2
137 A -7 1 18 1 -46 -3
137 A -7 1 56 3 -22 -1
137 A 7 1 -51 2 62 -3
137 A 7 1 -41 2 -50 3
137 A 7 1 -22 1 56 -3
137 A 7 1 -45 2 27 -2
137 A 7 1 -18 1 46 -3
137 A 14 0 6 5 -2 -3
137 A 14 0 -6 5 2 -3
137 A -8 1 28 2 -24 -1
137 A -8 1 60 4 -43 -2
137 A -8 1 30 2 59 3
137 A -8 1 14 1 -40 -3
137 A -8 1 47 3 -9 -1
137 A -8 1 15 1 -27 -1
137 A -8 1 41 3 26 1
137 A -8 1 56 4 -8 -1
137 A 8 1 -28 2 24 -1
137 A 8 1 -60 4 43 -2
137 A 8 1 -27 1 15 -1
137 A 8 1 -59 3 -30 2
137 A 8 1 -26 1 -41 3
137 A 8 1 -9 1 47 -3
137 A 8 1 -8 1 56 -4
137 A 8 1 -40 3 14 -1
137 A -9 1 10 1 -14 -1
137 A -9 1 54 3 -26 -1
137 A 9 1 -26 1 54 -3
137 A 9 1 -14 1 10 -1
137 A 15 0 6 7 6 -7
137 A -10 1 52 3 16 1
137 A -10 1 32 2 21 2
137 A -10 1 18 2 66 4
137 A -10 1 43 4 -10 -1
137 A -10 1 57 5 21 1
137 A -10 1 60 5 18 1
137 A 10 1 -52 3 -16 1
137 A 10 1 -32 2 -21 2
137 A 10 1 -18 1 -60 5
137 A 10 1 -18 2 -66 4
137 A 10 1 -21 1 -57 5
137 A 10 1 -10 1 43 -4
137 A 16 0 4 5 -4 5
137 A -11 1 52 5 -19 -2
137 A 11 1 -19 2 52 -5
137 A -12 1 30 3 -60 -6
137 A -12 1 35 4 20 2
137 A -12 1 55 4 18 1
137 A 12 1 -18 1 -55 4
137 A 12 1 -30 3 60 -6
137 A 12 1 -20 2 -35 4
137 A 17 0 -8 5 2 -3
137 A 17 0 -8 6 -4 -3
137 A 17 0 -4 3 -8 -6
137 A 17 0 -4 4 -2 -2
137 A 17 0 -4 6 4 6
137 A 17 0 -3 3 3 3
137 A 17 0 -2 2 -4 -4
137 A 17 0 2 3 -8 -5
137 A -13 1 28 3 59 6
137 A -13 1 27 2 62 5
137 A 13 1 -62 5 -27 2
137 A 13 1 -28 3 -59 6
137 A 18 0 8 3 -8 3
137 A 18 0 3 8 3 4
137 A 18 0 3 2 3 -2
137 A 18 0 -3 4 -3 8
137 A 18 0 9 8 9 4
137 A -14 1 18 1 24 2
137 A -14 1 57 7 30 2
137 A -14 1 16 2 -25 -2
137 A -14 1 51 4 14 1
137 A 14 1 -18 1 -24 2
137 A 14 1 -16 2 25 -2
137 A 14 1 -30 2 -57 7
137 A 14 1 -51 4 -14 1
137 A 19 0 5 5 3 -3
137 A 19 0 -5 5 -3 -3
137 A 19 0 4 5 -2 -7
137 A 19 0 4 3 -3 7
137 A 19 0 -4 3 3 7
137 A 19 0 -4 5 2 -7
137 A 19 0 2 2 -2 2
137 A -15 1 16 1 20 1
137 A 15 1 -16 1 -20 1
137 A -16 1 22 4 -16 -1
137 A -16 1 20 3 20 2
137 A -16 1 37 3 -5 -2
137 A -16 1 11 2 -16 -3
137 A 16 1 -22 4 16 -1
137 A 16 1 -20 2 -20 3
137 A 16 1 -37 3 5 -2
137 A 16 1 -11 2 16 -3
137 A -18 1 31 5 26 3
137 A 18 1 -26 3 -31 5
137 A 22 0 8 7 -8 7
137 A 23 0 -10 11 5 -6
137 A 23 0 -2 7 2 7
137 A 23 0 5 6 -10 -11
137 A -20 1 56 10 26 3
137 A -20 1 18 2 -70 -9
137 A 20 1 -70 9 18 -2
137 A 20 1 -56 10 -26 3
137 A 2 2 103 0 -67 0
137 A -2 2 103 0 -67 0
137 A 8 2 -46 1 -48 1
137 A -8 2 46 1 48 1
137 A -22 1 19 4 -76 -10
137 A 22 1 -76 10 19 -4
137 A 25 0 12 12 4 -4
137 A 25 0 -12 12 -4 -4
137 A 26 0 4 3 -4 3
137 A -24 1 54 12 27 4
137 A 24 1 -54 12 -27 4
137 A 31 0 -15 3 15 3
137 A 37 0 -14 14 14 14
137 A 41 0 15 5 -15 5
137 A 55 0 27 9 -27 9
137 A 61 0 15 15 -15 15
137 A 67 0 33 33 -33 33
137 S -4 1 9 0
137 S 2 4 9 0
137 S 1 2 9 0
137 S 1 1 6 0
137 S -1 1 6 0
137 S 4 1 9 0
137 S -2 4 9 0
137 S -1 2 9 0
137 T 895 812 579 0 0
137 T 924 848 893 0 0
137 T 577 320 926 0 0
137 T 848 322 812 0 0
137 T 497 758 15 0 0
137 T 470 16 781 0 0
137 T 263 274 266 0 0
137 T 170 197 204 0 0
137 T 248 232 256 0 0
137 T 268 258 242 0 0
137 T 254 268 236 0 0
137 T 209 229 220 0 0
137 T 264 248 273 0 0
137 T 221 201 174 0 0
137 T 240 215 187 0 0
137 T 207 229 218 0 0
137 T 224 187 191 0 0
137 T 233 178 210 0 0
137 T 216 192 247 0 0
137 T 198 61 172 0 0
137 T 253 263 247 0 0
137 T 215 188 237 0 0
137 T 180 182 180 1 0
137 T 171 226 201 0 0
137 T 194 183 176 0 0
137 T 514 280 261 0 0
137 T 264 83 512 0 0
137 T 280 81 274 0 0
137 T 729 489 66 0 0
137 T 846 907 731 0 0
137 T 64 939 844 0 0
137 T 907 937 489 0 0
137 T 134 889 168 0 0
137 T 206 446 132 0 0
137 T 446 199 889 0 0
137 T 76 80 73 0 0
137 T 76 64 81 0 0
137 T 71 67 75 0 0
137 T 71 69 71 1 0
137 T 75 524 777 0 0
137 T 779 629 78 0 0
137 T 629 526 80 0 0
137 T 83 666 700 0 0
137 T 702 602 78 0 0
137 T 64 600 666 0 0
137 T 167 809 415 0 0
137 T 799 167 433 0 0
137 T 975 754 321 0 0
137 T 578 440 973 0 0
137 T 754 442 925 0 0
137 T 4 883 902 0 0
137 T 900 517 1073 0 0
137 T 1075 1001 5 0 0
137 T 1001 519 883 0 0
137 T 442 802 1114 0 0
137 T 1108 806 407 0 0
137 T 1107 1134 45 0 0
137 T 1088 1000 1105 0 0
137 T 44 293 1090 0 0
137 T 1000 295 1134 0 0
137 T 830 256 705 0 0
137 T 907 248 828 0 0
137 T 707 234 905 0 0
137 T 647 220 337 0 0
137 T 109 209 645 0 0
137 T 339 231 111 0 0
137 T 238 2 413 0 0
137 T 415 279 252 0 0
137 T 268 277 2 0 0
137 T 814 836 297 0 0
137 T 397 599 812 0 0
137 T 299 126 399 0 0
137 T 599 124 836 0 0
137 T 395 743 552 0 0
137 T 554 334 168 0 0
137 T 170 489 393 0 0
137 T 489 332 743 0 0
137 T 762 494 324 0 0
137 T 417 1004 968 0 0
137 T 970 1013 237 0 0
137 T 239 1022 419 0 0
137 T 1022 1015 1004 0 0
137 T 1008 1000 1019 0 0
137 T 311 779 461 0 0
137 T 788 467 300 0 0
137 T 463 423 203 0 0
137 T 201 577 309 0 0
137 T 577 421 779 0 0
137 T 1151 921 1144 0 0
137 T 37 1131 1146 0 0
137 T 1131 922 1127 0 0
137 T 1125 35 1149 0 0
137 T 381 567 522 0 0
137 T 363 546 571 0 0
137 T 81 714 643 0 0
137 T 641 4 264 0 0
137 T 512 5 714 0 0
137 T 958 849 1097 0 0
137 T 959 1103 838 0 0
137 T 571 608 565 0 0
137 T 557 585 581 0 0
137 T 588 560 563 0 0
137 T 616 587 607 0 0
137 T 593 573 599 0 0
137 T 623 575 559 0 0
137 T 600 595 615 0 0
137 T 580 552 634 0 0
137 T 555 611 577 0 0
137 T 596 576 630 0 0
137 T 137 654 567 0 0
137 T 569 676 136 0 0
137 T 654 69 676 0 0
137 T 286 22 634 0 0
137 T 83 8 284 0 0
137 T 632 548 81 0 0
137 T 726 945 685 0 0
137 T 311 526 724 0 0
137 T 687 953 309 0 0
137 T 694 302 967 0 0
137 T 437 128 688 0 0
137 T 711 125 400 0 0
137 T 943 21 868 0 0
137 T 75 820 941 0 0
137 T 870 767 73 0 0
137 T 820 765 21 0 0
137 T 1055 750 354 0 0
137 T 352 190 1044 0 0
137 T 1046 1034 1053 0 0
137 T 1034 188 750 0 0
137 T 382 364 372 0 0
137 T 374 3 692 0 0
137 T 694 470 380 0 0
137 T 686 371 451 0 0
137 T 470 2 364 0 0
137 T 18 1095 1130 0 0
137 T 1128 321 1059 0 0
137 T 1057 976 19 0 0
137 T 976 323 1095 0 0
137 T 326 716 965 0 0
137 T 963 706 335 0 0
137 T 716 866 692 0 0
137 T 302 864 324 0 0
137 T 85 300 606 0 0
137 T 521 788 87 0 0
137 T 604 465 523 0 0
137 T 236 467 672 0 0
137 T 674 624 2 0 0
137 T 624 465 415 0 0
137 T 5 1146 1139 0 0
137 T 1005 1068 4 0 0
137 T 1137 316 1007 0 0
137 T 1068 318 1146 0 0
137 T 583 131 851 0 0
137 T 849 384 559 0 0
137 T 585 386 131 0 0
137 T 275 291 5 0 0
137 T 248 643 291 0 0
137 T 322 54 296 0 0
137 T 298 775 995 0 0
137 T 993 183 972 0 0
137 T 561 93 431 0 0
137 T 92 112 93 0 0
137 T 102 112 84 0 0
137 T 102 122 116 0 0
137 T 107 109 98 0 0
137 T 106 120 84 0 0
137 T 90 117 108 0 0
137 T 90 51 96 0 0
137 T 560 411 94 0 0
137 T 90 700 898 0 0
137 T 896 4 931 0 0
137 T 929 537 88 0 0
137 T 537 5 700 0 0
137 T 172 461 119 0 0
137 T 117 423 223 0 0
137 T 1139 1121 1129 0 0
137 T 537 249 280 0 0
137 T 158 107 501 0 0
137 T 509 437 156 0 0
137 T 437 135 107 0 0
137 T 734 347 335 0 0
137 T 136 361 732 0 0
137 T 146 752 349 0 0
137 T 333 353 138 0 0
137 T 356 327 141 0 0
137 T 361 355 347 0 0
137 T 835 409 854 0 0
137 T 202 125 833 0 0
137 T 852 802 200 0 0
137 T 125 800 409 0 0
137 T 147 798 259 0 0
137 T 257 432 276 0 0
137 T 278 164 145 0 0
137 T 874 65 734 0 0
137 T 389 874 544 0 0
137 T 732 678 546 0 0
137 T 678 67 391 0 0
137 T 103 547 760 0 0
137 T 326 612 101 0 0
137 T 612 492 547 0 0
137 T 767 365 311 0 0
137 T 309 450 820 0 0
137 T 824 468 300 0 0
137 T 450 367 21 0 0
137 T 451 472 469 0 0
137 T 367 11 449 0 0
137 T 789 0 761 0 0
137 T 1021 1082 424 0 0
137 T 399 1091 1011 0 0
137 T 128 135 683 0 0
137 T 681 300 586 0 0
137 T 387 302 135 0 0
137 T 375 309 139 0 0
137 T 843 744 7 0 0
137 T 830 797 841 0 0
137 T 998 830 6 0 0
137 T 797 998 744 0 0
137 T 818 774 451 0 0
137 T 449 780 7 0 0
137 T 6 792 816 0 0
137 T 792 782 774 0 0
137 T 896 615 148 0 0
137 T 150 340 88 0 0
137 T 700 342 615 0 0
137 T 657 116 710 0 0
137 T 708 120 600 0 0
137 T 602 102 659 0 0
137 T 185 153 649 0 0
137 T 651 492 242 0 0
137 T 215 494 153 0 0
137 T 908 920 905 0 0
137 T 902 921 931 0 0
137 T 1056 697 907 0 0
137 T 910 722 1041 0 0
137 T 697 54 722 0 0
137 T 875 84 979 0 0
137 T 977 639 547 0 0
137 T 639 86 390 0 0
137 T 769 218 337 0 0
137 T 109 207 771 0 0
137 T 189 636 131 0 0
137 T 187 124 661 0 0
137 T 663 113 636 0 0
137 T 150 97 376 0 0
137 T 378 715 604 0 0
137 T 606 882 148 0 0
137 T 882 713 97 0 0
137 T 333 728 549 0 0
137 T 932 730 706 0 0
137 T 84 680 618 0 0
137 T 491 84 699 0 0
137 T 84 939 1056 0 0
137 T 42 316 1080 0 0
137 T 621 485 452 0 0
137 T 3 435 242 0 0
137 T 651 627 2 0 0
137 T 627 492 435 0 0
137 T 108 738 223 0 0
137 T 228 315 110 0 0
137 T 738 313 210 0 0
137 T 724 461 75 0 0
137 T 887 418 172 0 0
137 T 531 235 348 0 0
137 T 350 178 90 0 0
137 T 88 208 529 0 0
137 T 861 982 6 0 0
137 T 819 808 863 0 0
137 T 982 810 793 0 0
137 T 292 1149 1075 0 0
137 T 1135 4 1149 0 0
137 T 822 909 726 0 0
137 T 941 463 909 0 0
137 T 723 172 123 0 0
137 T 696 123 196 0 0
137 T 1167 1165 1167 1 0
137 T 58 409 429 0 0
137 T 1014 131 978 0 0
137 T 544 189 1012 0 0
137 T 153 1030 414 0 0
137 T 159 434 1035 0 0
137 T 889 1048 806 0 0
137 T 1065 886 802 0 0
137 T 307 252 486 0 0
137 T 256 331 453 0 0
137 T 597 421 76 0 0
137 T 78 342 595 0 0
137 T 573 340 421 0 0
137 T 329 616 291 0 0
137 T 164 689 331 0 0
137 T 289 122 166 0 0
137 T 689 120 616 0 0
137 T 216 96 506 0 0
137 T 504 370 247 0 0
137 T 194 368 96 0 0
137 T 1097 795 559 0 0
137 T 573 747 1101 0 0
137 T 216 111 671 0 0
137 T 669 107 506 0 0
137 T 263 290 667 0 0
137 T 665 5 266 0 0
137 T 682 691 104 0 0
137 T 1064 359 497 0 0
137 T 1051 468 385 0 0
137 T 1093 1080 1007 0 0
137 T 1137 42 1095 0 0
137 T 73 454 233 0 0
137 T 247 485 67 0 0
137 T 156 135 669 0 0
137 T 314 447 158 0 0
137 T 671 205 312 0 0
137 T 263 306 67 0 0
137 T 218 559 543 0 0
137 T 518 48 541 0 0
137 T 516 573 208 0 0
137 T 545 215 970 0 0
137 T 356 593 126 0 0
137 T 836 575 358 0 0
137 T 744 752 757 0 0
137 T 759 476 6 0 0
137 T 841 478 752 0 0
137 T 774 146 369 0 0
137 T 136 764 380 0 0
137 T 786 374 1038 0 0
137 T 1055 0 1036 0 0
137 T 917 352 374 0 0
137 T 1061 1036 1031 0 0
137 T 186 374 1063 0 0
137 T 1029 784 184 0 0
137 T 242 1011 445 0 0
137 T 855 142 1066 0 0
137 T 203 885 142 0 0
137 T 909 245 685 0 0
137 T 687 255 863 0 0
137 T 861 263 911 0 0
137 T 765 654 522 0 0
137 T 520 391 870 0 0
137 T 391 652 73 0 0
137 T 165 709 306 0 0
137 T 768 393 97 0 0
137 T 104 395 206 0 0
137 T 736 421 88 0 0
137 T 152 140 644 0 0
137 T 338 416 154 0 0
137 T 416 223 140 0 0
137 T 518 315 150 0 0
137 T 604 313 1002 0 0
137 T 199 106 489 0 0
137 T 18 846 735 0 0
137 T 875 939 19 0 0
137 T 233 847 934 0 0
137 T 125 1019 988 0 0
137 T 990 523 662 0 0
137 T 184 521 1019 0 0
137 T 119 644 529 0 0
137 T 458 152 117 0 0
137 T 554 407 994 0 0
137 T 299 914 552 0 0
137 T 914 774 407 0 0
137 T 593 327 659 0 0
137 T 1027 744 794 0 0
137 T 1138 39 1093 0 0
137 T 824 382 965 0 0
137 T 823 369 954 0 0
137 T 967 360 855 0 0
137 T 845 961 350 0 0
137 T 853 589 826 0 0
137 T 589 362 382 0 0
137 T 19 477 347 0 0
137 T 345 13 476 0 0
137 T 465 2 784 0 0
137 T 748 3 494 0 0
137 T 26 59 28 0 0
137 T 59 533 508 0 0
137 T 73 617 642 0 0
137 T 251 330 75 0 0
137 T 242 1018 984 0 0
137 T 986 522 215 0 0
137 T 352 3 718 0 0
137 T 716 499 360 0 0
137 T 707 349 478 0 0
137 T 346 497 3 0 0
137 T 584 376 78 0 0
137 T 76 395 582 0 0
137 T 395 378 558 0 0
137 T 320 427 128 0 0
137 T 1015 425 1094 0 0
137 T 1000 446 987 0 0
137 T 539 81 265 0 0
137 T 425 634 879 0 0
137 T 812 580 427 0 0
137 T 877 554 814 0 0
137 T 823 244 944 0 0
137 T 827 858 431 0 0
137 T 806 170 825 0 0
137 T 429 128 804 0 0
137 T 170 130 858 0 0
137 T 1126 297 1040 0 0
137 T 629 25 285 0 0
137 T 817 685 147 0 0
137 T 793 386 956 0 0
137 T 1007 896 542 0 0
137 T 540 931 1068 0 0
137 T 441 49 404 0 0
137 T 830 0 862 0 0
137 T 605 158 986 0 0
137 T 461 723 101 0 0
137 T 103 1042 941 0 0
137 T 740 549 65 0 0
137 T 79 635 742 0 0
137 T 147 808 255 0 0
137 T 1117 1134 1124 0 0
137 T 913 876 839 0 0
137 T 737 574 149 0 0
137 T 982 0 997 0 0
137 T 398 894 630 0 0
137 T 1154 1152 1154 1 0
137 T 1060 70 1047 0 0
137 T 1153 1047 1062 0 0
137 T 969 152 615 0 0
137 T 613 336 1007 0 0
137 T 1107 1017 398 0 0
137 T 358 957 747 0 0
137 T 294 49 316 0 0
137 T 1172 1174 1172 1 0
137 T 843 146 705 0 0
137 T 660 390 102 0 0
137 T 100 869 988 0 0
137 T 1135 41 1105 0 0
137 T 847 477 335 0 0
137 T 853 497 324 0 0
137 T 483 478 498 0 0
137 T 827 132 1050 0 0
137 T 76 715 617 0 0
137 T 533 403 153 0 0
137 T 403 141 118 0 0
137 T 156 215 464 0 0
137 T 673 190 158 0 0
137 T 650 415 786 0 0
137 T 835 112 858 0 0
137 T 305 600 291 0 0
137 T 769 559 151 0 0
137 T 658 125 142 0 0
137 T 989 1042 20 0 0
137 T 1104 297 991 0 0
137 T 21 1124 1106 0 0
137 T 97 901 515 0 0
137 T 542 338 148 0 0
137 T 433 750 675 0 0
137 U 481 4 4 0 0
137 U 7 4 5 -1 0
137 U 15 5 4 0 0
137 U 2 5 4 0 0
137 U 12 4 5 0 0
137 U 944 10 8 0 0
137 U 527 10 10 0 0
137 U 952 8 10 0 0
137 U 134 7 8 0 0
137 U 502 8 7 0 0
137 U 510 7 7 0 0
137 U 8 10 11 0 0
137 U 25 11 10 0 0
137 U 507 8 8 0 0
137 U 30 6 7 1 0
137 U 29 7 6 0 0
137 U 5 13 12 0 0
137 U 37 12 13 0 0
137 U 1122 13 13 0 0
137 U 39 13 12 0 0
137 U 18 12 13 0 0
137 U 32 1 1 0 0
137 U 1 1 1 -1 0
137 U 1117 15 15 0 0
137 U 21 15 14 0 0
137 U 41 14 15 0 0
137 U 4 14 15 0 0
137 U 34 15 14 0 0
137 U 9 21 20 0 0
137 U 549 21 21 0 0
137 U 23 20 21 0 0
137 U 142 19 16 0 0
137 U 529 19 19 0 0
137 U 458 16 19 0 0
137 U 932 21 19 0 0
137 U 963 19 21 0 0
137 U 535 17 17 0 0
137 U 27 16 17 0 0
137 U 31 17 16 0 0
137 U 3 3 2 0 0
137 U 11 2 3 0 0
137 U 472 3 3 0 0
137 U 17 3 2 0 0
137 U 6 2 3 0 0
137 Q 14 1077 16 1078 0 0 0 0 0 0
137 Q 1076 468 949 499 0 0 0 0 0 0
137 Q 758 951 783 1079 0 0 0 0 0 0
137 Q 413 0 435 1085 0 0 0 0 0 0
137 Q 1087 167 1025 165 0 0 0 0 0 0
137 Q 1112 1157 1110 1168 0 0 0 0 0 0
137 Q 1170 405 1164 440 0 0 0 0 0 0
137 Q 802 1166 806 1159 0 0 0 0 0 0
137 Q 52 268 1 270 0 0 0 0 0 0
137 Q 240 160 238 52 0 0 0 0 0 0
137 Q 162 258 1 252 0 0 0 0 0 0
137 Q 112 361 48 383 0 0 0 0 0 0
137 Q 569 0 567 48 0 0 0 0 0 0
137 Q 162 957 1143 956 0 0 0 0 0 0
137 Q 1099 1 1103 160 0 1 0 0 0 -1
137 Q 836 1 849 1141 0 1 0 0 0 -1
137 Q 690 1159 709 1087 0 0 0 0 0 0
137 Q 1085 402 1162 439 0 0 0 0 0 0
137 Q 128 1160 125 1157 0 0 0 0 0 0
137 Q 282 0 280 51 0 0 0 0 0 0
137 Q 426 1 397 52 0 0 0 0 0 0
137 Q 52 1009 47 1023 0 0 0 0 0 0
137 Q 1082 47 1091 1 0 0 0 0 0 0
137 Q 192 48 178 71 0 0 0 0 -1 0
137 Q 1 43 1 45 0 0 0 1 0 1
137 Q 294 47 316 1 0 0 0 -1 0 0
137 Q 1 623 1 623 0 -1 0 1 0 1
137 Q 454 57 485 1 0 0 0 -1 1 0
137 Q 174 47 196 56 0 0 0 0 0 0
137 Q 56 888 160 885 0 0 0 0 1 0
137 Q 447 47 418 162 0 0 0 0 0 0
137 Q 1109 56 1115 47 0 0 0 0 -1 0
137 Q 47 443 951 406 0 0 0 0 0 0
137 Q 805 949 801 56 0 0 -1 0 0 0
137 Q 1164 409 1162 431 0 0 0 0 0 0
137 Q 1086 157 1155 155 0 0 0 0 0 0
137 Q 950 1048 161 1067 0 0 0 0 0 0
137 Q 56 331 160 305 0 0 0 0 1 0
137 Q 557 63 575 1 -1 0 0 -1 0 0
137 Q 795 162 747 63 0 0 0 0 0 0
137 Q 387 1078 359 162 0 0 0 0 0 0
137 Q 146 55 144 50 0 0 0 0 0 0
137 Q 330 1025 304 1157 0 0 0 0 0 0
137 Q 1079 745 1140 793 0 0 0 0 0 0
137 Q 1142 755 951 775 0 0 0 0 0 0
137 Q 61 47 61 47 0 0 0 0 0 0
137 Q 163 1025 163 1025 0 0 0 0 0 0
137 Q 52 629 47 635 0 0 0 0 0 0
137 Q 287 46 285 52 0 0 0 0 0 0
137 Q 24 46 22 47 0 0 0 0 0 0
137 Q 182 68 182 68 0 0 0 0 0 0
137 Q 1 877 46 894 0 0 0 1 0 1
137 Q 1169 292 1175 318 0 0 0 0 0 0
137 Q 1171 47 1171 47 0 0 0 0 0 0
137 Q 1 1173 1 1173 0 -1 0 1 0 1
137 Q 56 1156 56 1156 -1 0 1 0 0 0
137 Q 46 914 1143 927 0 0 0 0 0 0
137 Q 591 113 591 113 0 0 0 0 0 0
137 Q 533 1163 510 1155 0 0 0 0 0 0
137 Q 1173 32 1172 33 1 0 1 0 0 0
