257 A 6 0 3 -2 -3 2
257 A 6 0 0 -1 0 1
257 A 7 0 0 -2 0 2
257 A 9 0 0 4 0 -4
257 A 12 0 3 2 -3 -2
257 A 12 0 -3 2 3 -2
257 A 13 0 0 3 0 -3
257 A 14 0 0 5 0 -5
257 A 14 0 7 2 -7 -2
257 A -1 1 -85 0 85 0
257 A 1 1 85 0 -85 0
257 A -2 1 -28 0 28 0
257 A 2 1 28 0 -28 0
257 A -3 1 -110 -1 110 1
257 A 3 1 110 -1 -110 1
257 A -4 1 110 2 -110 -2
257 A -4 1 88 1 -88 -1
257 A -4 1 -60 -1 60 1
257 A 4 1 -110 2 110 -2
257 A 4 1 -60 1 60 -1
257 A 4 1 88 -1 -88 1
257 A 17 0 0 -5 0 5
257 A -7 1 28 1 -28 -1
257 A 7 1 -28 1 28 -1
257 A 18 0 9 4 -9 -4
257 A -10 1 119 5 -119 -5
257 A 10 1 119 -5 -119 5
257 A -16 1 70 4 -70 -4
257 A 16 1 70 -4 -70 4
257 A -17 1 -90 -7 90 7
257 A 17 1 90 -7 -90 7
257 A 24 0 -9 -4 9 4
257 A 24 0 -9 4 9 -4
257 A 26 0 13 10 -13 -10
257 A 28 0 7 2 -7 -2
257 A 28 0 -7 2 7 -2
257 A 0 2 -256 1 256 -1
257 A -2 2 -85 0 85 0
257 A 2 2 -85 0 85 0
257 A -6 2 -107 -2 107 2
257 A 6 2 -107 2 107 -2
257 A -8 2 -114 -1 114 1
257 A -8 2 -88 -1 88 1
257 A 8 2 -114 1 114 -1
257 A 8 2 88 -1 -88 1
257 A 34 0 17 -12 -17 12
257 A -42 1 -106 -21 106 21
257 A 42 1 106 -21 -106 21
257 A 4 0 0 -1 0 -1
257 A 4 0 2 1 2 1
257 A 8 0 0 -1 0 -1
257 A 8 0 0 -3 0 -3
257 A 8 0 4 -1 4 -1
257 A 8 0 4 3 4 3
257 A 11 0 0 5 0 5
257 A 13 0 0 2 0 2
257 A 16 0 8 -1 8 -1
257 A 16 0 8 -7 8 -7
257 A 16 0 0 7 0 7
257 A 16 0 0 -1 0 -1
257 A 17 0 0 -3 0 -3
257 A 5 0 2 -1 -2 -1
257 A 5 0 1 -1 -2 -2
257 A 5 0 1 -2 1 2
257 A 5 0 2 -2 -1 -1
257 A 5 0 0 2 0 -1
257 A 7 0 2 2 -3 3
257 A 7 0 0 1 0 3
257 A 7 0 3 2 -3 2
257 A 7 0 3 3 -2 2
257 A 7 0 2 1 -1 -3
257 A 7 0 1 1 1 -1
257 A 7 0 -1 3 2 -1
257 A 8 0 2 -1 -2 3
257 A 8 0 -2 -3 2 1
257 A 9 0 0 2 0 1
257 A 9 0 3 1 3 2
257 A 9 0 3 4 3 -4
257 A 9 0 -3 2 -3 1
257 A 10 0 4 3 4 -3
257 A 10 0 2 3 4 -1
257 A 10 0 4 1 2 -3
257 A 10 0 2 1 -2 1
257 A 10 0 0 3 0 1
257 A 11 0 4 1 2 5
257 A 11 0 2 4 -1 2
257 A 11 0 3 1 4 -5
257 A 11 0 3 2 -1 -3
257 A 11 0 3 3 -3 3
257 A 11 0 1 -3 -3 2
257 A 11 0 3 4 -2 -1
257 A 11 0 3 5 3 -5
257 A 11 0 2 3 -5 2
257 A 11 0 4 2 4 -2
257 A 11 0 4 3 5 -1
257 A 11 0 4 4 -5 5
257 A 11 0 4 5 3 -1
257 A 11 0 5 1 4 -3
257 A 11 0 5 2 -2 3
257 A 11 0 5 3 1 -5
257 A 11 0 5 4 -5 4
257 A 11 0 5 5 -4 4
257 A 11 0 0 -3 0 -1
257 A 11 0 0 4 0 -2
257 A 11 0 1 -1 2 2
257 A 11 0 1 1 2 -2
257 A 11 0 1 2 -2 4
257 A 11 0 1 -4 1 4
257 A 11 0 1 5 5 -3
257 A 11 0 -2 1 3 -4
257 A 11 0 -2 5 -4 1
257 A 12 0 0 -1 0 -5
257 A 12 0 6 1 6 5
257 A 13 0 3 2 1 -5
257 A 13 0 6 1 1 2
257 A 13 0 3 3 -2 2
257 A 13 0 3 5 3 -5
257 A 13 0 3 6 2 -4
257 A 13 0 4 2 -1 -6
257 A 13 0 4 3 -2 -5
257 A 13 0 4 4 5 -5
257 A 13 0 4 5 -5 3
257 A 13 0 4 6 4 -6
257 A 13 0 5 1 -2 3
257 A 13 0 5 3 -4 5
257 A 13 0 5 4 -6 -3
257 A 13 0 5 5 4 -4
257 A 13 0 6 6 -1 1
257 A 13 0 5 6 1 4
257 A 13 0 0 1 0 4
257 A 13 0 0 5 0 6
257 A 13 0 1 1 -6 6
257 A 13 0 3 1 6 -2
257 A 13 0 1 5 3 -2
257 A 13 0 2 1 -2 1
257 A 13 0 2 2 -3 3
257 A 13 0 2 3 -5 1
257 A 13 0 2 4 3 -6
257 A 13 0 5 -4 -6 3
257 A 13 0 6 -4 -6 -4
257 A 13 0 6 -1 1 -2
257 A 13 0 5 -6 1 -4
257 A 13 0 -6 -2 -3 1
257 A 13 0 1 -6 -4 2
257 A 13 0 2 -5 -4 3
257 A 14 0 6 3 2 -1
257 A 14 0 0 1 0 3
257 A 14 0 2 1 6 -3
257 A 14 0 2 5 4 -3
257 A 14 0 4 3 2 -5
257 A 14 0 4 5 -4 5
257 A 14 0 6 1 6 -1
257 A 15 0 6 7 6 -7
257 A 15 0 6 4 3 -7
257 A 15 0 6 2 6 -2
257 A 15 0 6 1 3 2
257 A 15 0 3 7 6 -4
257 A 15 0 3 4 -3 -1
257 A 15 0 0 7 0 -1
257 A 15 0 0 4 0 2
257 A 15 0 -3 4 3 -1
257 A 15 0 -3 2 -6 1
257 A 16 0 6 -3 2 1
257 A 16 0 6 -1 2 3
257 A 16 0 -6 -7 -2 5
257 A 16 0 -6 7 -2 -5
257 A 16 0 -6 5 -2 -7
257 A 16 0 8 -3 8 5
257 A 16 0 -6 -5 -2 7
257 A 16 0 4 -3 -4 5
257 A 16 0 4 -7 -4 -7
257 A 16 0 2 -1 6 3
257 A 16 0 2 -3 6 1
257 A 16 0 -4 1 4 1
257 A 16 0 -4 -5 4 3
257 A 16 0 0 -3 0 5
257 A 0 1 -100 0 18 0
257 A 0 1 -19 0 -27 0
257 A 0 1 -30 0 60 0
257 A 0 1 -48 0 -91 0
257 A 0 1 -69 0 -108 0
257 A 0 1 -71 0 -76 0
257 A 0 1 -80 0 -106 0
257 A -1 1 -77 0 -67 0
257 A -1 1 -127 0 -65 0
257 A -1 1 -125 0 -97 0
257 A -1 1 -121 0 -113 0
257 A -1 1 -115 0 -83 0
257 A -1 1 -107 0 41 0
257 A -1 1 -95 0 -19 0
257 A -1 1 -91 0 -17 0
257 A -1 1 -89 0 29 0
257 A -1 1 -79 0 49 0
257 A -1 1 -61 0 55 0
257 A -1 1 -59 0 35 0
257 A -1 1 -31 0 25 0
257 A 1 1 107 0 -41 0
257 A 1 1 67 0 77 0
257 A 1 1 127 0 65 0
257 A 1 1 125 0 97 0
257 A 1 1 121 0 113 0
257 A 1 1 115 0 83 0
257 A 1 1 95 0 19 0
257 A 1 1 91 0 17 0
257 A 1 1 89 0 -29 0
257 A 1 1 79 0 -49 0
257 A 1 1 61 0 -55 0
257 A 1 1 59 0 -35 0
257 A 1 1 31 0 -25 0
257 A -2 1 -17 0 -46 0
257 A -2 1 -22 0 -81 -1
257 A -2 1 -23 0 -34 0
257 A -2 1 -31 0 -99 -1
257 A -2 1 -35 0 -80 -1
257 A -2 1 -41 0 -68 -1
257 A -2 1 -43 0 83 1
257 A -2 1 -44 0 87 1
257 A -2 1 -59 0 -113 -1
257 A -2 1 -61 0 -75 -1
257 A -2 1 86 1 84 1
257 A -2 1 -89 -1 107 1
257 A -2 1 -90 -1 120 1
257 A -2 1 -108 -1 -119 -1
257 A 2 1 -113 1 -59 0
257 A 2 1 -22 0 -81 1
257 A 2 1 -108 1 -119 1
257 A 2 1 -107 1 89 -1
257 A 2 1 -99 1 -31 0
257 A 2 1 -90 1 120 -1
257 A 2 1 -87 1 44 0
257 A 2 1 -86 1 -84 1
257 A 2 1 -83 1 43 0
257 A 2 1 -80 1 -35 0
257 A 2 1 -75 1 -61 0
257 A 2 1 -68 1 -41 0
257 A 2 1 46 0 17 0
257 A 2 1 34 0 23 0
257 A -3 1 -33 0 126 1
257 A -3 1 -31 0 100 1
257 A -3 1 -27 0 66 1
257 A -3 1 -25 0 -114 -1
257 A -3 1 -23 0 78 1
257 A -3 1 -17 0 44 1
257 A -3 1 -37 0 -112 -1
257 A -3 1 -39 0 -72 -1
257 A -3 1 -43 0 96 1
257 A -3 1 -98 -1 -76 -1
257 A -3 1 -108 -1 -124 -1
257 A -3 1 -122 -1 80 1
257 A -3 1 42 1 62 1
257 A 3 1 -76 1 -98 1
257 A 3 1 -80 1 122 -1
257 A 3 1 -78 1 23 0
257 A 3 1 -72 1 -39 0
257 A 3 1 -66 1 27 0
257 A 3 1 -62 1 -42 1
257 A 3 1 -44 1 17 0
257 A 3 1 124 -1 108 -1
257 A 3 1 114 -1 25 0
257 A 3 1 112 -1 37 0
257 A 3 1 100 -1 -31 0
257 A 3 1 96 -1 -43 0
257 A 3 1 126 -1 -33 0
257 A -4 1 119 2 -39 -1
257 A -4 1 117 2 -79 -1
257 A -4 1 114 2 -43 -1
257 A -4 1 113 2 -84 -1
257 A -4 1 108 2 36 1
257 A -4 1 107 2 -19 0
257 A -4 1 105 2 -29 0
257 A -4 1 98 2 -81 -1
257 A -4 1 93 1 -72 -1
257 A -4 1 91 1 -23 0
257 A -4 1 90 1 -57 -1
257 A -4 1 85 1 42 1
257 A -4 1 120 2 -32 0
257 A -4 1 -58 -1 -22 0
257 A -4 1 -55 -1 -33 -1
257 A -4 1 20 0 -37 -1
257 A -4 1 31 0 40 1
257 A -4 1 34 1 75 1
257 A -4 1 54 1 76 1
257 A -4 1 69 1 82 1
257 A 4 1 -19 0 107 -2
257 A 4 1 -98 2 81 -1
257 A 4 1 -58 1 -22 0
257 A 4 1 -57 1 90 -1
257 A 4 1 -55 1 -33 1
257 A 4 1 -54 1 -76 1
257 A 4 1 -43 1 114 -2
257 A 4 1 -42 1 -85 1
257 A 4 1 -40 1 -31 0
257 A 4 1 -39 1 119 -2
257 A 4 1 -37 1 20 0
257 A 4 1 -36 1 -108 2
257 A 4 1 -34 1 -75 1
257 A 4 1 -105 2 29 0
257 A 4 1 -23 0 91 -1
257 A 4 1 -32 0 120 -2
257 A 4 1 -69 1 -82 1
257 A 4 1 -72 1 93 -1
257 A 4 1 -79 1 117 -2
257 A 4 1 -113 2 84 -1
257 A -5 1 -91 -2 -62 -1
257 A -5 1 -23 0 -44 -1
257 A -5 1 -123 -2 -48 -1
257 A -5 1 -121 -2 -117 -2
257 A -5 1 -115 -2 -87 -2
257 A -5 1 -109 -2 -99 -2
257 A -5 1 -78 -1 17 0
257 A -5 1 -68 -1 75 2
257 A -5 1 -56 -1 32 1
257 A -5 1 -19 0 -79 -2
257 A -5 1 -24 -1 97 2
257 A -5 1 -26 -1 81 2
257 A 5 1 -24 1 97 -2
257 A 5 1 -26 1 81 -2
257 A 5 1 -32 1 56 -1
257 A 5 1 -44 1 -23 0
257 A 5 1 -48 1 -123 2
257 A 5 1 -99 2 -109 2
257 A 5 1 -91 2 -62 1
257 A 5 1 -87 2 -115 2
257 A 5 1 -79 2 -19 0
257 A 5 1 -75 2 68 -1
257 A 5 1 17 0 -78 1
257 A 5 1 -117 2 -121 2
257 A 17 0 -7 -8 1 -6
257 A 17 0 -7 -7 -4 4
257 A 17 0 -6 -7 -3 -5
257 A 17 0 -7 -6 -5 -3
257 A 17 0 -7 -4 -6 1
257 A 17 0 -7 -3 -7 3
257 A 17 0 -7 -2 4 -6
257 A 17 0 -6 2 4 7
257 A 17 0 -6 5 6 5
257 A 17 0 -6 7 -3 5
257 A 17 0 -6 8 -1 -7
257 A 17 0 -6 -8 -1 7
257 A 17 0 8 -1 4 -8
257 A 17 0 -7 8 1 6
257 A 17 0 -7 7 -4 -4
257 A 17 0 -7 6 -5 3
257 A 17 0 -7 4 -6 -1
257 A 17 0 -7 2 4 6
257 A 17 0 -8 -1 -4 -8
257 A 17 0 -8 -7 -1 3
257 A 17 0 -8 -8 5 -5
257 A 17 0 -8 8 5 5
257 A 17 0 -8 7 -1 -3
257 A 17 0 1 -2 -2 -4
257 A 17 0 -4 2 3 -7
257 A 17 0 -3 3 2 2
257 A 17 0 -4 -2 3 7
257 A 17 0 -4 -5 -2 -6
257 A 17 0 -4 7 6 2
257 A 17 0 -4 5 -2 6
257 A 17 0 -5 -2 -5 2
257 A 17 0 -5 -4 -2 5
257 A 17 0 -5 -7 -3 -6
257 A 17 0 -5 7 -3 6
257 A 17 0 -5 4 -2 -5
257 A 17 0 3 -8 -3 -8
257 A 17 0 2 -2 -3 -3
257 A 17 0 2 -3 3 -4
257 A 17 0 2 -4 -1 -2
257 A 17 0 2 3 3 4
257 A -6 1 -109 -2 -40 -1
257 A -6 1 -18 0 102 2
257 A -6 1 -19 0 96 2
257 A -6 1 -20 0 38 1
257 A -6 1 -46 -1 56 1
257 A -6 1 -92 -2 25 1
257 A -6 1 -100 -2 -28 -1
257 A -6 1 -69 -2 105 3
257 A -6 1 -74 -2 80 2
257 A -6 1 -79 -2 -114 -3
257 A -6 1 -118 -3 -22 -1
257 A 6 1 -92 2 25 -1
257 A 6 1 -20 0 38 -1
257 A 6 1 -100 2 -28 1
257 A 6 1 -56 1 46 -1
257 A 6 1 -18 0 102 -2
257 A 6 1 -19 0 96 -2
257 A 6 1 -114 3 -79 2
257 A 6 1 -22 1 -118 3
257 A 6 1 -40 1 -109 2
257 A 6 1 -69 2 105 -3
257 A 6 1 -74 2 80 -2
257 A -7 1 -42 -1 18 1
257 A -7 1 -19 0 124 3
257 A -7 1 -46 -1 -106 -3
257 A -7 1 -48 -1 -75 -2
257 A -7 1 -58 -1 92 3
257 A -7 1 -77 -2 30 1
257 A -7 1 -81 -2 22 1
257 A -7 1 -83 -2 -34 -1
257 A -7 1 -93 -2 122 3
257 A -7 1 -95 -2 59 2
257 A -7 1 -112 -3 -16 -1
257 A -7 1 -116 -3 -53 -2
257 A -7 1 57 2 -104 -3
257 A 7 1 -106 3 -46 1
257 A 7 1 -104 3 57 -2
257 A 7 1 -92 3 58 -1
257 A 7 1 -59 2 95 -2
257 A 7 1 -53 2 -116 3
257 A 7 1 -34 1 -83 2
257 A 7 1 -30 1 77 -2
257 A 7 1 -22 1 81 -2
257 A 7 1 -18 1 42 -1
257 A 7 1 -16 1 -112 3
257 A 7 1 -19 0 124 -3
257 A 7 1 93 -2 -122 3
257 A 7 1 75 -2 48 -1
257 A -8 1 -26 -1 69 2
257 A -8 1 -35 -1 88 3
257 A -8 1 -44 -1 110 4
257 A -8 1 -47 -1 -27 -1
257 A -8 1 -48 -1 70 2
257 A -8 1 -73 -2 77 3
257 A -8 1 -101 -3 89 3
257 A -8 1 -109 -3 54 2
257 A -8 1 -110 -3 -79 -3
257 A -8 1 -14 -1 57 2
257 A -8 1 -18 -1 -29 -1
257 A -8 1 -20 -1 -117 -4
257 A -8 1 80 3 -55 -2
257 A -8 1 52 2 94 3
257 A 8 1 -80 3 55 -2
257 A 8 1 -79 3 -110 3
257 A 8 1 -77 3 73 -2
257 A 8 1 -57 2 14 -1
257 A 8 1 -54 2 109 -3
257 A 8 1 -52 2 -94 3
257 A 8 1 -29 1 -18 1
257 A 8 1 -27 1 -47 1
257 A 8 1 -26 1 69 -2
257 A 8 1 -20 1 -117 4
257 A 8 1 -88 3 35 -1
257 A 8 1 -89 3 101 -3
257 A 8 1 -110 4 44 -1
257 A 8 1 70 -2 -48 1
257 A 18 0 -3 4 -3 -4
257 A 18 0 -3 8 -3 -2
257 A 18 0 -3 -8 -3 2
257 A 18 0 6 5 6 -5
257 A 18 0 8 3 -8 3
257 A 18 0 9 2 9 -8
257 A -9 1 -75 -2 -113 -4
257 A -9 1 -121 -4 -119 -4
257 A -9 1 -104 -3 -102 -3
257 A -9 1 -98 -3 -55 -2
257 A -9 1 -92 -3 -53 -2
257 A -9 1 -71 -2 10 1
257 A -9 1 -61 -2 -59 -2
257 A -9 1 -46 -1 -34 -1
257 A -9 1 -44 -1 -42 -1
257 A -9 1 78 3 76 3
257 A -9 1 45 2 41 2
257 A -9 1 26 1 -20 -1
257 A -9 1 18 1 16 1
257 A -9 1 14 1 -111 -4
257 A 9 1 -45 2 -41 2
257 A 9 1 -98 3 -55 2
257 A 9 1 -92 3 -53 2
257 A 9 1 -75 2 -113 4
257 A 9 1 -71 2 10 -1
257 A 9 1 -61 2 -59 2
257 A 9 1 -14 1 111 -4
257 A 9 1 -16 1 -18 1
257 A 9 1 76 -3 78 -3
257 A 9 1 -20 1 26 -1
257 A 9 1 -102 3 -104 3
257 A 9 1 -119 4 -121 4
257 A 9 1 -34 1 -46 1
257 A 9 1 -42 1 -44 1
257 A -10 1 76 3 -44 -2
257 A -10 1 -85 -4 10 1
257 A -10 1 117 5 -42 -2
257 A -10 1 -116 -5 117 4
257 A -10 1 -99 -4 -83 -3
257 A -10 1 -91 -4 -79 -3
257 A -10 1 -88 -4 43 1
257 A -10 1 -87 -4 -74 -3
257 A -10 1 -73 -3 42 1
257 A -10 1 -70 -3 15 1
257 A -10 1 -65 -3 -94 -3
257 A -10 1 -41 -2 -118 -4
257 A -10 1 91 3 39 2
257 A -10 1 92 3 59 2
257 A -10 1 106 4 12 1
257 A -10 1 108 4 31 1
257 A -10 1 111 4 16 1
257 A -10 1 115 4 56 2
257 A -10 1 120 4 19 1
257 A -10 1 -38 -2 -60 -2
257 A -10 1 -21 -1 -13 -1
257 A -10 1 -63 -2 -33 -1
257 A -10 1 -37 -1 28 1
257 A 10 1 -56 2 -115 4
257 A 10 1 -43 1 88 -4
257 A 10 1 -63 2 -33 1
257 A 10 1 -59 2 -92 3
257 A 10 1 -60 2 -38 2
257 A 10 1 -79 3 -91 4
257 A 10 1 -42 1 73 -3
257 A 10 1 -37 1 28 -1
257 A 10 1 -31 1 -108 4
257 A 10 1 87 -4 74 -3
257 A 10 1 -120 4 -19 1
257 A 10 1 117 -5 -42 2
257 A 10 1 116 -5 -117 4
257 A 10 1 118 -4 41 -2
257 A 10 1 111 -4 16 -1
257 A 10 1 106 -4 12 -1
257 A 10 1 99 -4 83 -3
257 A 10 1 85 -4 -10 1
257 A 10 1 94 -3 65 -3
257 A 10 1 91 -3 39 -2
257 A 10 1 44 -2 -76 3
257 A 10 1 70 -3 -15 1
257 A 10 1 13 -1 21 -1
257 A 19 0 5 2 -3 5
257 A 19 0 5 3 -5 3
257 A 19 0 5 5 -9 9
257 A 19 0 6 5 -6 5
257 A 19 0 6 6 2 -2
257 A 19 0 6 7 1 2
257 A 19 0 7 8 -9 -6
257 A 19 0 7 9 3 7
257 A 19 0 8 3 -4 -8
257 A 19 0 8 8 -8 8
257 A 19 0 9 2 -4 3
257 A 19 0 9 9 -5 5
257 A 19 0 -3 -6 -2 4
257 A 19 0 4 6 1 8
257 A 19 0 4 3 -9 2
257 A 19 0 3 5 -5 2
257 A 19 0 2 8 1 -4
257 A 19 0 2 4 3 -6
257 A 19 0 2 3 2 -3
257 A 19 0 2 2 6 -6
257 A 19 0 1 4 2 -8
257 A 19 0 -6 7 -1 2
257 A 19 0 -7 9 -3 7
257 A 19 0 -7 8 9 -6
257 A 19 0 -8 3 4 -8
257 A 19 0 -4 6 -1 8
257 A -11 1 -95 -4 -100 -5
257 A -11 1 -82 -3 -12 -1
257 A -11 1 -63 -2 114 5
257 A -11 1 -61 -2 30 1
257 A -11 1 -32 -1 -112 -5
257 A -11 1 14 1 -77 -4
257 A -11 1 39 2 -20 -1
257 A 11 1 100 -5 95 -4
257 A 11 1 -20 1 39 -2
257 A 11 1 63 -2 -114 5
257 A 11 1 82 -3 12 -1
257 A 11 1 -112 5 -32 1
257 A 11 1 -77 4 14 -1
257 A 11 1 -61 2 30 -1
257 A 20 0 -4 3 -4 7
257 A 20 0 2 -9 -2 -9
257 A 20 0 4 -9 -8 7
257 A 20 0 8 -9 -8 -9
257 A 20 0 10 -9 10 3
257 A 20 0 -8 -7 4 9
257 A 20 0 -4 -7 -4 -3
257 A -12 1 -116 -6 20 1
257 A -12 1 -51 -3 -70 -3
257 A -12 1 -55 -3 -93 -4
257 A -12 1 -59 -3 26 1
257 A -12 1 -78 -4 -23 -1
257 A -12 1 -79 -4 36 2
257 A -12 1 -93 -5 -52 -2
257 A -12 1 -112 -6 49 3
257 A -12 1 -39 -2 -46 -2
257 A 12 1 -70 3 -51 3
257 A 12 1 93 -4 55 -3
257 A 12 1 93 -5 52 -2
257 A 12 1 112 -6 -49 3
257 A 12 1 116 -6 -20 1
257 A 12 1 -46 2 -39 2
257 A 12 1 -26 1 59 -3
257 A 12 1 -23 1 -78 4
257 A 12 1 36 -2 -79 4
257 A -13 1 22 1 47 2
257 A -13 1 -36 -1 -74 -3
257 A -13 1 -53 -2 86 5
257 A -13 1 16 1 -113 -6
257 A 13 1 -47 2 -22 1
257 A 13 1 -16 1 113 -6
257 A 13 1 -86 5 53 -2
257 A 13 1 -36 1 -74 3
257 A -14 1 49 2 58 3
257 A -14 1 -116 -6 104 6
257 A -14 1 -115 -6 -103 -5
257 A -14 1 -102 -5 103 6
257 A -14 1 -93 -5 116 7
257 A -14 1 -78 -4 43 2
257 A -14 1 -23 -1 21 2
257 A -14 1 -45 -2 113 7
257 A -14 1 117 7 -31 -2
257 A -14 1 -33 -2 24 2
257 A -14 1 -65 -4 -76 -5
257 A -14 1 -106 -6 17 1
257 A 14 1 -104 6 116 -6
257 A 14 1 -17 1 106 -6
257 A 14 1 -21 2 23 -1
257 A 14 1 -24 2 33 -2
257 A 14 1 -31 2 117 -7
257 A 14 1 -65 4 -76 5
257 A 14 1 -103 6 102 -5
257 A 14 1 -113 7 45 -2
257 A 14 1 -116 7 93 -5
257 A 14 1 103 -5 115 -6
257 A 14 1 78 -4 -43 2
257 A 14 1 58 -3 49 -2
257 A -15 1 26 1 32 1
257 A -15 1 47 2 94 5
257 A -15 1 38 3 -76 -5
257 A -15 1 64 3 -109 -6
257 A -15 1 98 5 24 1
257 A 15 1 24 -1 98 -5
257 A 15 1 26 -1 32 -1
257 A 15 1 -47 2 -94 5
257 A 15 1 -64 3 109 -6
257 A 15 1 76 -5 -38 3
257 A 22 0 -8 3 8 3
257 A 22 0 -6 7 6 7
257 A 22 0 -10 -7 -10 7
257 A -16 1 -82 -6 17 2
257 A -16 1 103 7 72 4
257 A -16 1 127 7 40 3
257 A -16 1 114 8 -21 -2
257 A -16 1 116 8 -34 -3
257 A -16 1 117 8 35 2
257 A -16 1 -35 -3 36 2
257 A -16 1 19 1 -28 -1
257 A -16 1 48 2 61 3
257 A -16 1 64 3 -78 -4
257 A -16 1 73 4 -96 -5
257 A 16 1 78 -4 -64 3
257 A 16 1 116 -8 -34 3
257 A 16 1 114 -8 -21 2
257 A 16 1 127 -7 40 -3
257 A 16 1 103 -7 72 -4
257 A 16 1 82 -6 -17 2
257 A 16 1 96 -5 -73 4
257 A 16 1 48 -2 61 -3
257 A 16 1 35 -3 -36 2
257 A 16 1 -19 1 28 -1
257 A 16 1 -35 2 -117 8
257 A 23 0 10 -5 8 4
257 A 23 0 -11 -4 11 -4
257 A 23 0 10 -2 -10 -2
257 A 23 0 11 -11 5 5
257 A 23 0 11 -5 -9 -2
257 A 23 0 -11 -11 -5 5
257 A 23 0 -11 -5 9 -2
257 A 23 0 10 -8 -3 -7
257 A 23 0 9 -3 7 10
257 A 23 0 9 -11 -6 8
257 A 23 0 8 -4 10 5
257 A 23 0 -7 -7 2 -2
257 A 23 0 7 -10 9 3
257 A 23 0 7 -7 -2 -2
257 A 23 0 8 -8 4 4
257 A 23 0 8 -5 5 6
257 A 23 0 -4 5 4 5
257 A 23 0 -6 -8 9 11
257 A 23 0 -5 6 -8 -5
257 A 23 0 -4 4 -8 -8
257 A 23 0 -3 3 -3 -3
257 A 23 0 -3 7 10 8
257 A -17 1 20 1 25 2
257 A -17 1 -60 -5 105 8
257 A 17 1 60 -5 -105 8
257 A 17 1 -20 1 -25 2
257 A 24 0 -3 -2 -9 -10
257 A 24 0 -3 -10 -9 -2
257 A 24 0 -3 10 -9 2
257 A 24 0 -3 2 -9 10
257 A -18 1 -78 -6 -116 -9
257 A -18 1 22 1 -114 -9
257 A -18 1 100 6 27 3
257 A -18 1 66 4 -44 -2
257 A 18 1 -66 4 44 -2
257 A 18 1 22 -1 -114 9
257 A 18 1 27 -3 100 -6
257 A 18 1 78 -6 116 -9
257 A -19 1 -24 -1 39 4
257 A 19 1 -24 1 39 -4
257 A 25 0 -6 2 4 -7
257 A 25 0 -7 6 7 6
257 A 25 0 -9 -3 11 -12
257 A 25 0 -9 3 11 12
257 A 25 0 -10 -3 -5 -6
257 A 25 0 -10 -12 -5 11
257 A 25 0 -10 12 -5 -11
257 A 25 0 -10 3 -5 6
257 A 25 0 -12 -4 2 -9
257 A 25 0 -12 -12 6 -6
257 A 25 0 -12 12 6 6
257 A 25 0 -12 4 2 9
257 A 25 0 -6 -2 4 7
257 A 25 0 -2 -11 2 -11
257 A -20 1 23 1 115 8
257 A -20 1 28 3 -52 -3
257 A -20 1 -53 -3 -90 -8
257 A -20 1 -72 -5 -93 -7
257 A -20 1 -92 -6 -113 -10
257 A -20 1 -112 -8 -57 -5
257 A 20 1 113 -10 92 -6
257 A 20 1 -28 3 52 -3
257 A 20 1 112 -8 57 -5
257 A 20 1 115 -8 23 -1
257 A 20 1 -93 7 -72 5
257 A 20 1 -53 3 -90 8
257 A -21 1 15 2 -28 -1
257 A -21 1 -116 -9 -35 -4
257 A 21 1 35 -4 116 -9
257 A 21 1 -15 2 28 -1
257 A 27 0 12 13 12 -13
257 A -22 1 -133 -10 78 8
257 A -22 1 -105 -8 114 11
257 A -22 1 -28 -1 -53 -5
257 A -22 1 -27 -1 33 4
257 A -22 1 -34 -4 54 5
257 A -22 1 -47 -5 30 4
257 A -22 1 -66 -7 20 2
257 A 22 1 -28 1 -53 5
257 A 22 1 114 -11 -105 8
257 A 22 1 -133 10 78 -8
257 A 22 1 -27 1 33 -4
257 A 22 1 -66 7 20 -2
257 A 22 1 -54 5 34 -4
257 A 22 1 -47 5 30 -4
257 A 28 0 11 10 9 2
257 A 28 0 9 -2 11 -10
257 A -24 1 -24 -1 -103 -8
257 A -24 1 -32 -2 -57 -5
257 A -24 1 -36 -3 6 2
257 A -24 1 -85 -7 -109 -10
257 A -24 1 -132 -11 -13 -2
257 A -24 1 57 6 -114 -12
257 A 24 1 114 -12 -57 6
257 A 24 1 -6 2 36 -3
257 A 24 1 -13 2 -132 11
257 A 24 1 32 -2 57 -5
257 A 24 1 85 -7 109 -10
257 A 24 1 103 -8 24 -1
257 A 29 0 -14 -10 -14 10
257 A 29 0 2 -2 5 5
257 A 29 0 3 -3 13 13
257 A 29 0 5 -5 2 2
257 A 29 0 7 -7 -11 -11
257 A 29 0 11 -11 -7 -7
257 A 29 0 12 -10 -14 -2
257 A 29 0 -3 -3 -13 13
257 A 29 0 -13 -10 13 -10
257 A 29 0 -12 -10 14 -2
257 A 30 0 15 -2 15 -4
257 A -26 1 -46 -3 -54 -4
257 A -26 1 -56 -4 -111 -13
257 A -26 1 -86 -10 105 11
257 A 26 1 -105 11 86 -10
257 A 26 1 -111 13 -56 4
257 A 26 1 54 -4 46 -3
257 A 31 0 -10 2 6 -5
257 A 31 0 12 -4 9 3
257 A 31 0 -12 -4 -9 3
257 A 31 0 -11 4 -3 13
257 A 31 0 -11 11 11 11
257 A 31 0 -11 -4 -3 -13
257 A 31 0 -2 -13 -10 3
257 A 31 0 -2 13 -10 -3
257 A 31 0 -6 -5 10 2
257 A 32 0 -4 -7 4 -7
257 A 0 2 -50 1 36 1
257 A -2 2 127 0 65 0
257 A -2 2 -53 0 185 0
257 A 2 2 -127 0 -65 0
257 A 2 2 -53 0 185 0
257 A -28 1 33 2 -106 -10
257 A 28 1 -33 2 106 -10
257 A -4 2 -84 -1 -86 -1
257 A 4 2 86 -1 84 -1
257 A -6 2 -185 -2 39 0
257 A -6 2 -126 -1 -224 -3
257 A -6 2 -37 0 -109 -2
257 A 6 2 -224 3 -126 1
257 A 6 2 -109 2 -37 0
257 A 6 2 -39 0 185 -2
257 A -8 2 34 1 -182 -3
257 A -8 2 -112 -1 -36 -1
257 A 8 2 -182 3 34 -1
257 A 8 2 -36 1 -112 1
257 A -10 2 -41 0 -55 0
257 A 10 2 41 0 55 0
257 A 35 0 6 -6 13 13
257 A 35 0 13 -13 6 6
257 A -32 1 -120 -13 92 9
257 A -32 1 -68 -10 48 5
257 A 32 1 120 -13 -92 9
257 A 32 1 68 -10 -48 5
257 A 37 0 6 -6 -6 -6
257 A 37 0 7 -6 18 -11
257 A 37 0 -18 -11 -7 -6
257 A -34 1 45 4 38 6
257 A -34 1 -37 -6 -88 -10
257 A 34 1 -45 4 -38 6
257 A 34 1 -88 10 -37 6
257 A -20 2 184 7 42 1
257 A 20 2 184 -7 42 -1
257 A 39 0 -9 -10 -15 -5
257 A 39 0 -9 10 -15 5
257 A -36 1 110 15 75 9
257 A 36 1 -110 15 -75 9
257 A 41 0 6 -7 -6 -7
257 A 41 0 20 20 7 -7
257 A 41 0 13 4 -8 -7
257 A 41 0 7 7 20 -20
257 A 41 0 -8 7 13 -4
257 A -38 1 56 10 -49 -6
257 A 38 1 -56 10 49 -6
257 A 43 0 10 11 -20 -21
257 A 43 0 15 3 -15 3
257 A 43 0 -10 11 20 -21
257 A -40 1 -76 -10 -36 -7
257 A 40 1 76 -10 36 -7
257 A -44 1 -104 -22 50 7
257 A 44 1 -50 7 104 -22
257 A 47 0 8 8 12 -12
257 A 47 0 12 12 8 -8
257 A -46 1 35 8 148 22
257 A 46 1 35 -8 148 -22
257 A 55 0 -27 -4 27 -4
257 A 61 0 -15 -5 15 -5
257 A 79 0 8 8 -8 8
257 A 83 0 -8 -25 8 -25
257 A 91 0 -45 9 45 9
257 A 97 0 12 12 -12 12
257 A 101 0 13 -38 -13 -38
257 A 115 0 57 19 -57 19
257 A 121 0 30 30 -30 30
257 A 127 0 63 63 -63 63
257 S 1 1 6 0
257 S -1 1 6 0
257 S 3 1 7 0
257 S -1 2 7 0
257 S 2 3 7 0
257 S -3 1 7 0
257 S 1 2 7 0
257 S -2 3 7 0
257 S -2 1 9 0
257 S -4 2 9 0
257 S 1 4 9 0
257 S 2 1 9 0
257 S 4 2 9 0
257 S -1 4 9 0
257 S 4 1 13 0
257 S -5 2 13 0
257 S -1 3 13 0
257 S 3 4 13 0
257 S -6 5 13 0
257 S -2 6 13 0
257 S -4 1 13 0
257 S 5 2 13 0
257 S 1 3 13 0
257 S -3 4 13 0
257 S 6 5 13 0
257 S 2 6 13 0
257 S 3 1 14 0
257 S -5 3 14 0
257 S 1 5 14 0
257 S -3 1 14 0
257 S 5 3 14 0
257 S -1 5 14 0
257 S 7 1 17 0
257 S -3 2 17 0
257 S 4 3 17 0
257 S -6 4 17 0
257 S 1 5 17 0
257 S 8 6 17 0
257 S -2 7 17 0
257 S 5 8 17 0
257 S -7 1 17 0
257 S 3 2 17 0
257 S -4 3 17 0
257 S 6 4 17 0
257 S -1 5 17 0
257 S -8 6 17 0
257 S 2 7 17 0
257 S -5 8 17 0
257 T 1751 103 1701 1 0
257 T 642 2258 532 0 0
257 T 569 2243 697 0 0
257 T 530 1718 850 0 0
257 T 907 1737 567 0 0
257 T 852 907 576 1 0
257 T 2506 2508 2506 -1 0
257 T 574 1183 1121 0 0
257 T 155 157 155 -1 0
257 T 1119 815 1257 0 0
257 T 1206 755 1183 0 0
257 T 2852 2895 0 1 0
257 T 103 1503 1476 0 0
257 T 0 1797 1952 0 0
257 T 1950 1833 1753 0 0
257 T 1699 1956 1797 0 0
257 T 1833 1954 1989 -1 0
257 T 620 3194 99 0 0
257 T 97 3204 675 0 0
257 T 795 643 514 0 0
257 T 516 696 769 0 0
257 T 1075 1259 797 0 0
257 T 767 1216 983 0 0
257 T 831 2678 2875 0 0
257 T 2870 2693 931 0 0
257 T 3195 3150 833 0 0
257 T 933 3157 3205 0 0
257 T 1331 983 1077 0 0
257 T 1263 1239 1333 1 0
257 T 2498 2881 1445 0 0
257 T 1531 2860 2435 0 0
257 T 2651 1466 2500 0 0
257 T 2437 1510 2624 0 0
257 T 2685 946 2653 0 0
257 T 2622 1093 2686 0 0
257 T 2877 3047 2683 0 0
257 T 2688 3055 2872 0 0
257 T 23 807 979 0 0
257 T 981 801 2 0 0
257 T 801 809 803 0 0
257 T 2 749 1045 0 0
257 T 1043 743 24 0 0
257 T 761 745 749 0 0
257 T 3 1245 886 0 0
257 T 582 599 2 0 0
257 T 888 1161 584 0 0
257 T 599 1159 1245 0 0
257 T 583 1104 876 0 0
257 T 874 1191 3 0 0
257 T 1191 1102 600 0 0
257 T 3 949 1170 0 0
257 T 1172 943 798 0 0
257 T 980 945 949 0 0
257 T 746 1038 1113 0 0
257 T 1111 1091 3 0 0
257 T 1091 1040 1044 0 0
257 T 3 1300 1437 0 0
257 T 1435 1277 886 0 0
257 T 1243 1275 1300 0 0
257 T 874 1271 1384 0 0
257 T 1382 1306 3 0 0
257 T 1306 1273 1193 0 0
257 T 2653 2572 2 0 0
257 T 2572 2683 1171 0 0
257 T 2 2540 2623 0 0
257 T 1110 2689 2540 0 0
257 T 1299 1009 1694 0 0
257 T 1696 2024 2 0 0
257 T 2024 1007 1436 0 0
257 T 2 2045 1743 0 0
257 T 1745 1035 1309 0 0
257 T 1383 1037 2045 0 0
257 T 3 1639 1466 0 0
257 T 1468 169 2232 0 0
257 T 2230 2160 2 0 0
257 T 2160 167 1639 0 0
257 T 2 2136 2183 0 0
257 T 1511 1547 3 0 0
257 T 2185 169 1513 0 0
257 T 1547 167 2136 0 0
257 T 1641 2498 2570 0 0
257 T 2538 2434 1549 0 0
257 T 1644 1807 2 0 0
257 T 1696 145 1642 0 0
257 T 1807 143 2022 0 0
257 T 2 1949 1568 0 0
257 T 1566 142 1743 0 0
257 T 2043 144 1949 0 0
257 T 1644 336 2159 0 0
257 T 2231 334 1809 0 0
257 T 2135 416 1568 0 0
257 T 1947 414 2182 0 0
257 T 36 799 1839 0 0
257 T 1841 809 5 0 0
257 T 5 745 1958 0 0
257 T 1960 747 44 0 0
257 T 4 1842 1598 1 0
257 T 1600 1869 806 0 0
257 T 1840 1867 1842 0 0
257 T 742 1900 1590 0 0
257 T 1592 1894 4 0 0
257 T 1894 1898 1959 0 0
257 T 4 2824 2734 1 0
257 T 2736 2515 1598 0 0
257 T 1844 2517 2824 0 0
257 T 1592 2524 2744 0 0
257 T 2742 2787 4 0 0
257 T 2787 2522 1896 0 0
257 T 4 2482 2308 0 0
257 T 2334 2455 5 0 0
257 T 2306 236 2336 0 0
257 T 2455 234 2482 0 0
257 T 2334 1982 2734 0 0
257 T 2822 1984 2457 0 0
257 T 2742 2019 2309 0 0
257 T 2485 2021 2789 0 0
257 T 6 1280 1426 0 0
257 T 1428 1350 114 -1 0
257 T 124 1269 1280 0 0
257 T 1350 1267 7 0 0
257 T 6 2047 2196 0 0
257 T 1156 1441 7 0 0
257 T 2194 445 1154 0 0
257 T 1441 443 2047 0 0
257 T 7 1525 1101 0 0
257 T 1099 339 2219 0 0
257 T 2221 2047 6 0 0
257 T 2047 341 1525 0 0
257 T 1279 666 2196 0 0
257 T 2049 668 1427 0 0
257 T 2221 636 1269 0 0
257 T 1350 634 2049 0 0
257 T 8 607 47 0 0
257 T 1450 230 9 0 0
257 T 230 1963 607 0 0
257 T 9 239 1538 0 0
257 T 608 1791 239 0 0
257 T 8 1920 968 0 0
257 T 966 1202 233 0 0
257 T 240 1252 1083 0 0
257 T 1085 1818 8 0 0
257 T 896 1886 968 0 0
257 T 1918 1888 1908 0 0
257 T 1085 1814 861 0 0
257 T 1824 1816 1820 0 0
257 T 112 281 314 0 0
257 T 316 1747 10 0 0
257 T 1747 1679 121 1 0
257 T 11 1681 281 0 0
257 T 776 750 2715 -1 0
257 T 2138 2088 2117 0 0
257 T 3211 3187 12 0 0
257 T 89 3223 3213 0 0
257 T 3187 3225 3040 0 0
257 T 14 3193 3209 0 0
257 T 3207 3227 92 0 0
257 T 3036 3229 3193 0 0
257 T 13 743 1042 0 0
257 T 14 981 808 0 0
257 T 744 688 1550 0 0
257 T 1552 1934 12 0 0
257 T 1934 686 1043 0 0
257 T 14 1834 1648 0 0
257 T 1646 630 808 0 0
257 T 979 632 1834 0 0
257 T 1552 684 2294 0 0
257 T 2296 2470 12 0 0
257 T 2470 682 1936 0 0
257 T 14 2425 2344 0 0
257 T 2342 626 1648 0 0
257 T 1836 628 2425 0 0
257 T 2111 2234 12 0 0
257 T 2296 409 2113 0 0
257 T 2234 407 2472 0 0
257 T 14 2250 2102 0 0
257 T 2104 392 2344 0 0
257 T 2423 390 2250 0 0
257 T 2111 2556 3105 0 0
257 T 3103 3139 12 0 0
257 T 3139 2554 2236 0 0
257 T 14 3130 3113 0 0
257 T 3111 2547 2102 0 0
257 T 2252 2549 3130 0 0
257 T 3103 672 3188 0 0
257 T 3210 670 3141 0 0
257 T 3190 616 3113 0 0
257 T 3132 614 3208 0 0
257 T 17 183 597 0 0
257 T 595 1282 42 0 0
257 T 1703 1284 183 0 0
257 T 38 1343 596 0 0
257 T 184 1345 1756 0 0
257 T 296 1159 2282 0 0
257 T 19 601 294 0 0
257 T 2284 1243 18 0 0
257 T 18 1193 2348 0 0
257 T 2346 1102 295 0 0
257 T 3145 2882 1244 0 0
257 T 2285 2884 3043 0 0
257 T 1190 2867 3146 0 0
257 T 3063 2869 2349 0 0
257 T 21 1816 2647 0 0
257 T 2649 1818 1062 0 0
257 T 1004 1920 2632 0 0
257 T 2630 1888 21 0 0
257 T 1815 285 1886 0 0
257 T 2630 283 2646 0 0
257 T 188 2200 1974 0 0
257 T 1976 1633 26 0 0
257 T 2092 1631 2200 0 0
257 T 2035 2169 197 0 0
257 T 29 1542 2037 0 0
257 T 2169 1544 2131 0 0
257 T 31 1016 1855 0 0
257 T 1857 1057 165 0 0
257 T 1057 1014 1059 0 0
257 T 173 996 1938 0 0
257 T 1940 957 32 0 0
257 T 951 955 996 0 0
257 T 1015 75 1855 0 0
257 T 1940 73 954 0 0
257 T 800 69 1839 0 0
257 T 1960 66 748 0 0
257 T 1297 2315 2094 0 0
257 T 1852 1660 2315 0 0
257 T 2123 2271 1287 0 0
257 T 2271 1662 1916 0 0
257 T 1482 2141 1506 0 0
257 T 58 2035 898 0 0
257 T 839 1975 61 0 0
257 T 2562 195 898 0 0
257 T 58 2169 2564 0 0
257 T 2577 2200 60 0 0
257 T 838 186 2575 0 0
257 T 2166 90 2564 0 0
257 T 2577 86 2199 0 0
257 T 63 111 65 1 0
257 T 1689 111 1777 0 0
257 T 748 1028 2267 0 0
257 T 2269 2834 67 0 0
257 T 2834 1026 1960 0 0
257 T 68 2802 2360 0 0
257 T 2358 977 800 0 0
257 T 1839 975 2802 0 0
257 T 954 912 2627 0 0
257 T 2629 2885 72 0 0
257 T 2885 910 1940 0 0
257 T 74 2868 2642 0 0
257 T 2644 872 1015 0 0
257 T 1855 870 2868 0 0
257 T 2629 1243 3077 0 0
257 T 3068 1193 2642 0 0
257 T 3274 3276 3274 1 0
257 T 2447 2487 129 1 0
257 T 85 2839 2449 0 0
257 T 2487 2809 82 0 0
257 T 2809 2841 126 -1 0
257 T 464 453 2449 0 0
257 T 3071 2839 453 0 0
257 T 2486 412 472 0 0
257 T 412 2808 3078 0 0
257 T 2198 522 462 0 0
257 T 522 2574 3061 0 0
257 T 470 513 2167 0 0
257 T 3052 2563 513 0 0
257 T 3180 3236 88 0 0
257 T 3224 676 3178 0 0
257 T 676 3210 3236 0 0
257 T 3170 618 3228 0 0
257 T 93 3231 3172 0 0
257 T 3231 3208 618 0 0
257 T 3180 97 3235 0 0
257 T 3232 98 3172 0 0
257 T 3196 3171 3206 0 0
257 T 3212 3179 3203 0 0
257 T 520 1468 1011 0 0
257 T 1080 1512 518 0 0
257 T 900 2977 3151 0 0
257 T 3156 2971 841 0 0
257 T 3013 1708 902 0 0
257 T 879 1784 3018 0 0
257 T 904 2775 3046 0 0
257 T 3054 2770 881 0 0
257 T 1013 1990 1545 0 0
257 T 1631 2051 1078 0 0
257 T 1094 321 2225 0 0
257 T 2176 244 1168 0 0
257 T 2679 1215 1096 0 0
257 T 1166 1260 2692 0 0
257 T 2223 717 1285 0 0
257 T 1345 662 2174 0 0
257 T 1700 1238 494 0 0
257 T 507 1264 1750 0 0
257 T 496 982 2240 0 0
257 T 2238 2262 102 1 0
257 T 2262 1074 509 0 0
257 T 102 677 620 1 0
257 T 618 3221 3190 0 0
257 T 3189 3216 677 0 0
257 T 3114 3219 3216 0 0
257 T 814 1224 754 0 0
257 T 904 879 102 1 0
257 T 3266 3268 3266 1 0
257 T 102 1181 1122 1 0
257 T 438 440 438 1 0
257 T 3192 3118 1122 0 0
257 T 1179 3122 3187 0 0
257 T 3122 3120 3116 -1 0
257 T 285 283 285 1 0
257 T 2238 1674 2599 0 0
257 T 2601 2596 102 -1 0
257 T 2596 1676 2264 0 0
257 T 2601 118 2594 -1 0
257 T 2860 2827 1708 0 0
257 T 1784 2801 2881 0 0
257 T 107 2109 2078 0 0
257 T 2080 1278 294 0 0
257 T 296 1269 2109 0 0
257 T 404 455 414 0 0
257 T 335 355 402 0 0
257 T 416 2017 1145 0 0
257 T 1143 1135 107 -1 0
257 T 1135 2033 337 0 0
257 T 1979 2031 2017 0 0
257 T 107 927 865 0 0
257 T 863 2840 1620 0 0
257 T 1595 2806 927 0 0
257 T 3257 3255 3257 -1 0
257 T 1618 141 2078 0 0
257 T 2107 133 1597 0 0
257 T 133 139 127 1 0
257 T 2550 918 498 0 0
257 T 499 855 2535 0 0
257 T 500 2722 2942 0 0
257 T 2963 2749 501 0 0
257 T 1030 2816 2941 0 0
257 T 2939 2794 992 -1 0
257 T 2944 2267 1032 0 0
257 T 990 2359 2965 0 0
257 T 2977 916 2552 0 0
257 T 2537 845 2971 0 0
257 T 1500 1455 110 1 0
257 T 128 126 128 -1 0
257 T 110 681 624 1 0
257 T 622 2958 2764 0 0
257 T 2726 2946 681 0 0
257 T 2509 2960 2946 0 0
257 T 3090 3172 624 0 0
257 T 679 3181 3095 0 0
257 T 3168 3179 3172 0 0
257 T 1500 2518 3028 0 0
257 T 3031 2528 1457 0 0
257 T 2512 2520 2528 0 0
257 T 2209 131 1688 0 0
257 T 1776 139 2186 0 0
257 T 2762 1721 2207 0 0
257 T 2188 1734 2728 0 0
257 T 3026 1099 3092 0 0
257 T 3097 1155 3033 0 0
257 T 355 739 314 0 0
257 T 279 819 455 0 0
257 T 739 1979 819 0 0
257 T 114 445 340 0 0
257 T 338 1526 150 0 0
257 T 1526 1480 120 1 0
257 T 152 1478 445 0 0
257 T 1428 332 340 -1 0
257 T 443 330 1352 -1 0
257 T 2800 2803 2794 0 0
257 T 2816 2834 2826 0 0
257 T 146 154 158 0 0
257 T 160 1273 628 0 0
257 T 626 683 119 1 0
257 T 1224 1276 1273 0 0
257 T 683 1274 148 0 0
257 T 1981 2344 2295 0 0
257 T 1648 821 2600 0 0
257 T 2595 741 1553 0 0
257 T 3239 3241 3239 1 0
257 T 464 393 2212 0 0
257 T 2210 2191 129 -1 0
257 T 2191 409 473 0 0
257 T 419 407 393 0 0
257 T 451 413 421 1 0
257 T 553 1175 2661 0 0
257 T 2655 1131 551 0 0
257 T 2210 287 1454 0 0
257 T 1499 263 2193 0 0
257 T 285 289 263 0 0
257 T 2659 2846 2242 0 0
257 T 2259 2843 2657 0 0
257 T 1763 2845 2380 0 0
257 T 2846 1728 2384 0 0
257 T 134 1644 1319 0 0
257 T 131 145 136 0 0
257 T 1321 1694 133 0 0
257 T 136 142 138 0 0
257 T 140 1745 1323 0 0
257 T 1325 1568 134 0 0
257 T 131 571 1357 0 0
257 T 1355 1944 136 0 0
257 T 1944 573 143 0 0
257 T 136 1847 1412 0 0
257 T 1410 535 138 0 0
257 T 144 537 1847 0 0
257 T 131 559 1018 0 0
257 T 388 702 133 0 0
257 T 702 1716 559 0 0
257 T 140 652 364 0 0
257 T 964 579 138 0 0
257 T 579 1769 652 0 0
257 T 388 2118 1357 0 0
257 T 573 2120 704 0 0
257 T 1410 2084 364 0 0
257 T 650 2082 537 0 0
257 T 561 388 2209 0 0
257 T 2187 364 581 0 0
257 T 131 1007 1199 0 0
257 T 1201 1329 1195 0 0
257 T 1197 706 133 0 0
257 T 706 1327 1007 0 0
257 T 140 656 1247 0 0
257 T 1229 1037 138 0 0
257 T 1249 1315 1227 0 0
257 T 1037 1317 656 0 0
257 T 1197 1340 1267 0 0
257 T 1269 1408 133 0 0
257 T 1408 1338 708 0 0
257 T 140 1368 1279 0 0
257 T 1281 1346 1247 0 0
257 T 654 1348 1368 0 0
257 T 1321 1301 1199 0 0
257 T 1229 1307 1323 0 0
257 T 1597 294 1406 0 0
257 T 1366 297 1619 0 0
257 T 134 1489 366 0 0
257 T 368 1890 790 0 0
257 T 792 1286 136 0 0
257 T 136 1296 733 0 0
257 T 379 1496 134 0 0
257 T 731 1877 381 0 0
257 T 1355 1256 366 0 0
257 T 379 1206 1412 0 0
257 T 792 1312 837 0 0
257 T 835 1305 136 0 0
257 T 1305 1310 1288 0 0
257 T 136 1220 922 0 0
257 T 924 1312 733 0 0
257 T 1294 1310 1220 0 0
257 T 835 1214 1566 0 0
257 T 1325 1216 1303 0 0
257 T 1642 1260 922 0 0
257 T 1218 1258 1319 0 0
257 T 144 2055 1162 0 0
257 T 588 467 142 0 0
257 T 1164 2310 586 0 0
257 T 467 2312 2055 0 0
257 T 589 2318 1117 0 0
257 T 1115 2039 143 0 0
257 T 2039 2320 468 0 0
257 T 144 582 612 0 0
257 T 1231 1161 142 0 0
257 T 610 886 1233 0 0
257 T 145 1104 1237 0 0
257 T 1235 874 613 0 0
257 T 1949 2074 1162 0 0
257 T 2057 2076 2043 0 0
257 T 1115 2029 1807 0 0
257 T 2022 2027 2041 0 0
257 T 535 1530 1159 0 0
257 T 1102 1445 571 0 0
257 T 1668 1379 146 0 0
257 T 1379 237 1433 0 0
257 T 1431 1667 158 0 0
257 T 236 1609 1562 0 0
257 T 1564 2068 146 0 0
257 T 2068 2000 2012 1 0
257 T 158 1998 1609 0 0
257 T 148 955 1967 0 0
257 T 1969 994 894 0 0
257 T 859 1055 1827 0 0
257 T 1829 1014 161 0 0
257 T 1007 1882 146 0 0
257 T 1003 992 1009 0 0
257 T 1882 990 919 0 0
257 T 159 1858 1037 0 0
257 T 1035 1031 1065 0 0
257 T 855 1033 1858 0 0
257 T 1436 544 146 0 0
257 T 544 2022 1884 0 0
257 T 159 538 1383 0 0
257 T 1860 2043 538 0 0
257 T 683 889 542 0 0
257 T 540 877 629 0 0
257 T 1564 1133 1967 0 0
257 T 957 1131 2066 0 0
257 T 1829 1176 1608 0 0
257 T 2001 1174 1016 0 0
257 T 152 1732 1401 0 0
257 T 168 172 150 0 0
257 T 1399 529 166 0 0
257 T 172 527 1732 0 0
257 T 153 164 168 0 0
257 T 166 504 1364 0 0
257 T 1362 1758 151 0 0
257 T 1758 502 164 0 0
257 T 1512 2074 150 0 0
257 T 2074 2182 170 0 0
257 T 153 2029 1469 0 0
257 T 162 2231 2029 0 0
257 T 338 486 1401 0 0
257 T 1730 488 1528 0 0
257 T 1362 486 444 0 0
257 T 1481 488 1760 0 0
257 T 518 602 150 0 0
257 T 602 1078 2076 0 0
257 T 2027 1012 605 0 0
257 T 260 331 1430 1 0
257 T 1380 333 273 1 0
257 T 156 2459 2452 0 0
257 T 2450 2526 258 0 0
257 T 271 2520 2459 0 0
257 T 280 1509 2452 0 0
257 T 2461 1485 317 0 0
257 T 164 1115 334 0 0
257 T 356 785 162 0 0
257 T 785 405 1115 0 0
257 T 170 770 457 0 0
257 T 414 1162 172 0 0
257 T 1162 402 770 0 0
257 T 1710 2006 162 0 0
257 T 2006 1050 783 0 0
257 T 170 2073 1787 0 0
257 T 772 935 2073 0 0
257 T 164 548 734 0 0
257 T 736 1132 504 0 0
257 T 1758 1130 548 0 0
257 T 529 1177 813 0 0
257 T 811 554 172 0 0
257 T 554 1175 1732 0 0
257 T 164 2771 2746 0 0
257 T 2748 2370 734 0 0
257 T 546 2372 2771 0 0
257 T 811 2398 2722 0 0
257 T 2724 2775 172 0 0
257 T 2775 2400 556 0 0
257 T 1856 453 2008 0 0
257 T 2071 412 1939 0 0
257 T 424 711 166 0 0
257 T 1399 1579 422 0 0
257 T 711 1581 527 0 0
257 T 166 661 345 0 0
257 T 343 1611 1364 0 0
257 T 502 1613 661 0 0
257 T 424 2170 2161 0 0
257 T 1638 2172 713 0 0
257 T 2137 2202 345 0 0
257 T 659 2204 1546 0 0
257 T 181 729 242 0 0
257 T 244 1972 1361 0 0
257 T 1359 503 179 0 0
257 T 503 1970 729 0 0
257 T 175 526 1416 0 0
257 T 318 829 177 0 0
257 T 1414 1872 320 0 0
257 T 829 1870 526 0 0
257 T 181 1879 1994 0 0
257 T 1996 1773 242 0 0
257 T 727 1771 1879 0 0
257 T 318 1724 2059 0 0
257 T 2061 1912 177 0 0
257 T 1912 1722 827 0 0
257 T 181 1877 361 0 0
257 T 359 379 346 0 0
257 T 348 733 179 0 0
257 T 175 792 348 0 0
257 T 460 1890 177 0 0
257 T 346 366 458 0 0
257 T 348 922 1374 0 0
257 T 1376 1312 179 0 0
257 T 175 1312 1403 0 0
257 T 1405 835 348 0 0
257 T 181 1515 866 0 0
257 T 868 1316 361 0 0
257 T 460 1326 885 0 0
257 T 883 1459 177 0 0
257 T 181 2670 2790 0 0
257 T 622 833 179 0 0
257 T 2792 2784 624 0 0
257 T 833 2782 2670 0 0
257 T 175 932 680 0 0
257 T 678 2784 2821 0 0
257 T 2819 2676 177 0 0
257 T 2676 2782 932 0 0
257 T 3090 3128 179 0 0
257 T 3128 3172 831 0 0
257 T 175 3134 3094 0 0
257 T 930 3180 3134 0 0
257 T 181 2331 2004 0 0
257 T 2002 2463 865 0 0
257 T 863 1707 179 0 0
257 T 1707 2465 2331 0 0
257 T 175 1782 926 0 0
257 T 2063 2298 177 0 0
257 T 928 2432 2065 0 0
257 T 2298 2430 1782 0 0
257 T 1359 1443 2004 0 0
257 T 2333 1445 505 0 0
257 T 2063 1532 1416 0 0
257 T 528 1530 2300 0 0
257 T 1376 1286 2278 0 0
257 T 2280 1303 179 0 0
257 T 175 1218 2340 0 0
257 T 2338 1296 1403 0 0
257 T 181 1151 1690 0 0
257 T 1692 182 1994 0 0
257 T 1881 184 1151 0 0
257 T 2061 185 1739 0 0
257 T 1741 1127 177 0 0
257 T 1127 183 1910 0 0
257 T 181 2986 2957 0 0
257 T 2955 2039 1690 0 0
257 T 1153 2041 2986 0 0
257 T 1741 2055 2951 0 0
257 T 2953 2980 177 0 0
257 T 2980 2057 1129 0 0
257 T 2280 912 2790 0 0
257 T 2672 910 1305 0 0
257 T 2819 872 2340 0 0
257 T 1220 870 2674 0 0
257 T 3090 1493 2957 0 0
257 T 2988 1491 3126 0 0
257 T 2953 1448 3094 0 0
257 T 3136 1446 2978 0 0
257 T 466 590 182 0 0
257 T 1738 691 468 0 0
257 T 590 693 2060 0 0
257 T 467 641 1693 0 0
257 T 1995 639 593 0 0
257 T 184 1584 1022 0 0
257 T 1024 1070 1026 0 0
257 T 1028 698 182 0 0
257 T 698 1072 1584 0 0
257 T 185 648 977 0 0
257 T 975 971 987 0 0
257 T 989 1625 183 0 0
257 T 1625 973 648 0 0
257 T 1582 428 1283 0 0
257 T 1342 377 1623 0 0
257 T 2267 1554 182 0 0
257 T 1554 746 700 0 0
257 T 185 1627 2358 0 0
257 T 646 798 1627 0 0
257 T 2267 2724 1126 0 0
257 T 1911 2722 1556 0 0
257 T 1150 2746 2358 0 0
257 T 1629 2748 1880 0 0
257 T 188 358 834 0 0
257 T 1217 2203 186 0 0
257 T 2203 1569 358 0 0
257 T 195 2171 1259 0 0
257 T 923 459 197 0 0
257 T 459 1645 2171 0 0
257 T 188 378 1404 0 0
257 T 1375 367 197 0 0
257 T 188 478 1397 0 0
257 T 1395 2759 838 0 0
257 T 2575 2761 478 0 0
257 T 898 2730 1372 0 0
257 T 1370 474 197 0 0
257 T 474 2732 2562 0 0
257 T 188 1601 1146 0 0
257 T 958 1616 186 0 0
257 T 1148 1603 960 0 0
257 T 1616 1605 1601 0 0
257 T 195 1572 1068 0 0
257 T 1066 1574 1139 0 0
257 T 1141 1591 197 0 0
257 T 1591 1576 1572 0 0
257 T 958 1323 1397 0 0
257 T 480 1325 1614 0 0
257 T 1370 1321 1068 0 0
257 T 1570 1319 476 0 0
257 T 188 1868 999 0 0
257 T 1001 809 1146 0 0
257 T 1047 1901 197 0 0
257 T 1141 745 1049 0 0
257 T 188 658 2326 0 0
257 T 2328 2440 999 0 0
257 T 1866 2438 658 0 0
257 T 1047 2490 2304 0 0
257 T 2302 712 197 0 0
257 T 712 2492 1899 0 0
257 T 1217 1549 2326 0 0
257 T 2302 1641 1259 0 0
257 T 188 2375 1295 0 0
257 T 380 2341 2375 0 0
257 T 1289 2397 197 0 0
257 T 2397 2281 369 0 0
257 T 2377 2315 750 0 0
257 T 775 2271 2395 0 0
257 T 192 543 1418 0 0
257 T 268 916 190 0 0
257 T 1420 1462 266 0 0
257 T 916 1464 543 0 0
257 T 190 844 228 0 0
257 T 226 1518 1389 0 0
257 T 1387 541 192 0 0
257 T 541 1520 844 0 0
257 T 192 1187 1805 0 0
257 T 1803 446 539 0 0
257 T 1387 448 1187 0 0
257 T 545 396 1933 0 0
257 T 1931 1106 192 0 0
257 T 1106 394 1418 0 0
257 T 1092 688 190 0 0
257 T 191 631 947 0 0
257 T 1834 944 190 0 0
257 T 190 1041 1934 0 0
257 T 1039 1929 1108 0 0
257 T 1931 1927 1934 0 0
257 T 1189 1798 942 0 0
257 T 1834 1800 1805 0 0
257 T 200 757 382 0 0
257 T 384 437 441 -1 0
257 T 815 199 437 0 0
257 T 200 1185 2082 0 0
257 T 2084 1208 382 0 0
257 T 436 1254 2118 0 0
257 T 2120 1120 200 0 0
257 T 1180 670 198 0 0
257 T 199 615 1125 0 0
257 T 3113 3118 198 0 0
257 T 198 3123 3103 0 0
257 T 200 2554 2830 0 0
257 T 2832 1972 1118 0 0
257 T 2120 1970 2554 0 0
257 T 1183 1872 2811 0 0
257 T 2813 2549 200 0 0
257 T 2549 1870 2082 0 0
257 T 2813 2104 3120 0 0
257 T 3125 2113 2830 0 0
257 T 204 1393 430 0 0
257 T 938 323 202 0 0
257 T 323 1779 1393 0 0
257 T 206 218 1087 0 0
257 T 350 1424 208 0 0
257 T 1424 1682 218 0 0
257 T 204 2416 2533 0 0
257 T 2531 1535 430 0 0
257 T 1391 1537 2416 0 0
257 T 350 1473 2587 0 0
257 T 2589 2478 208 0 0
257 T 2478 1471 1422 0 0
257 T 204 900 614 0 0
257 T 1274 2427 202 0 0
257 T 616 1982 1276 0 0
257 T 2427 1984 900 0 0
257 T 206 2468 1272 0 0
257 T 1270 2019 672 0 0
257 T 670 840 208 0 0
257 T 840 2021 2468 0 0
257 T 204 2993 2862 0 0
257 T 2864 3159 614 0 0
257 T 898 3161 2993 0 0
257 T 670 3165 2890 0 0
257 T 2892 2995 208 0 0
257 T 2995 3163 838 0 0
257 T 204 2033 2286 0 0
257 T 884 1137 202 0 0
257 T 2288 335 882 0 0
257 T 206 1142 869 0 0
257 T 867 415 2354 0 0
257 T 2356 2016 208 0 0
257 T 204 2388 890 0 0
257 T 892 1071 2533 0 0
257 T 2414 1073 2388 0 0
257 T 2589 970 848 0 0
257 T 846 2363 208 0 0
257 T 2363 972 2480 0 0
257 T 1769 1462 202 0 0
257 T 1462 430 325 0 0
257 T 206 1518 1716 0 0
257 T 220 350 1518 0 0
257 T 204 1372 1299 0 0
257 T 1199 1066 202 0 0
257 T 206 960 1229 0 0
257 T 1309 1395 208 0 0
257 T 1199 634 2286 0 0
257 T 2031 636 1068 0 0
257 T 2356 668 1229 0 0
257 T 958 666 2014 0 0
257 T 1370 1244 2429 0 0
257 T 2466 1190 1397 0 0
257 T 1769 2026 2862 0 0
257 T 2991 2028 1464 0 0
257 T 2892 2077 1716 0 0
257 T 1520 2075 2997 0 0
257 T 228 265 245 0 0
257 T 320 289 269 0 0
257 T 2929 686 2050 0 0
257 T 1991 633 2907 0 0
257 T 3016 263 2927 0 0
257 T 2909 287 3022 0 0
257 T 216 592 400 0 0
257 T 398 693 1812 0 0
257 T 1810 2058 214 0 0
257 T 217 1997 1903 0 0
257 T 1905 639 401 0 0
257 T 216 299 1964 0 0
257 T 606 291 214 0 0
257 T 291 233 299 0 0
257 T 1792 305 215 0 0
257 T 305 240 292 0 0
257 T 892 1725 214 0 0
257 T 1810 321 890 0 0
257 T 217 1772 848 0 0
257 T 846 245 1903 0 0
257 T 216 716 1458 0 0
257 T 301 1336 716 0 0
257 T 1514 662 215 0 0
257 T 662 1292 303 0 0
257 T 220 246 226 0 0
257 T 246 350 1389 0 0
257 T 266 246 325 0 0
257 T 1420 430 246 0 0
257 T 220 1108 1634 0 0
257 T 1636 370 226 0 0
257 T 370 1106 248 0 0
257 T 266 370 1587 0 0
257 T 1589 1189 325 0 0
257 T 248 1187 370 0 0
257 T 272 316 218 0 0
257 T 1424 506 270 0 0
257 T 316 508 1684 0 0
257 T 323 280 260 0 0
257 T 258 494 1393 0 0
257 T 1781 496 280 0 0
257 T 2519 1484 218 0 0
257 T 323 1509 2528 0 0
257 T 220 2156 972 0 0
257 T 970 1471 1634 0 0
257 T 1106 1473 2156 0 0
257 T 1073 2144 325 0 0
257 T 1589 1537 1071 0 0
257 T 2144 1535 1187 0 0
257 T 220 2257 2444 0 0
257 T 2442 645 972 0 0
257 T 2154 643 2257 0 0
257 T 1073 695 2496 0 0
257 T 2494 2247 325 0 0
257 T 2247 697 2142 0 0
257 T 2519 473 2444 0 0
257 T 2255 471 1482 0 0
257 T 2494 465 2528 0 0
257 T 1507 463 2249 0 0
257 T 224 305 242 0 0
257 T 1168 1341 222 0 0
257 T 1341 2174 305 0 0
257 T 307 1347 1095 0 0
257 T 318 299 309 0 0
257 T 299 2222 1347 0 0
257 T 224 571 1361 0 0
257 T 303 1972 571 0 0
257 T 1414 535 309 0 0
257 T 535 1872 301 0 0
257 T 310 295 222 0 0
257 T 224 1409 474 0 0
257 T 476 1594 312 0 0
257 T 312 1620 480 0 0
257 T 307 296 310 0 0
257 T 478 1369 309 0 0
257 T 310 2348 2004 0 0
257 T 2002 1102 222 0 0
257 T 307 1159 2065 0 0
257 T 2063 2284 310 0 0
257 T 1168 707 474 0 0
257 T 478 657 1095 0 0
257 T 228 446 846 0 0
257 T 1903 448 263 0 0
257 T 890 396 268 0 0
257 T 286 394 1810 0 0
257 T 1636 350 846 0 0
257 T 448 352 372 0 0
257 T 890 430 1587 0 0
257 T 372 432 394 0 0
257 T 232 251 254 0 0
257 T 256 2260 1205 0 0
257 T 967 2258 251 0 0
257 T 254 274 241 0 0
257 T 1251 2244 256 0 0
257 T 274 2242 1082 0 0
257 T 232 1560 1734 0 0
257 T 1736 1211 254 0 0
257 T 253 1213 1560 0 0
257 T 254 1211 1718 0 0
257 T 1720 1653 241 0 0
257 T 1653 1213 276 0 0
257 T 298 2227 580 0 0
257 T 578 1012 230 0 0
257 T 290 1010 2227 0 0
257 T 239 1078 558 0 0
257 T 560 2178 304 0 0
257 T 2178 1080 293 0 0
257 T 578 2398 1734 0 0
257 T 1558 2400 1010 0 0
257 T 1720 2370 558 0 0
257 T 1080 2372 1651 0 0
257 T 252 274 234 -1 0
257 T 512 851 250 0 0
257 T 908 524 274 0 0
257 T 252 551 1562 0 0
257 T 276 1609 551 0 0
257 T 260 271 234 1 0
257 T 260 2416 1957 0 0
257 T 1832 2479 273 0 0
257 T 2479 2931 2416 0 0
257 T 2336 2126 510 0 0
257 T 524 2098 2306 0 0
257 T 2126 2100 577 1 0
257 T 1955 2900 2455 0 0
257 T 2482 2901 1830 0 0
257 T 2901 2898 2931 1 0
257 T 512 719 1561 0 0
257 T 1210 721 853 0 0
257 T 1652 823 523 0 0
257 T 909 825 1210 0 0
257 T 966 2843 1967 0 0
257 T 1969 2655 250 0 0
257 T 275 2660 1827 0 0
257 T 1829 2847 1083 0 0
257 T 566 824 254 0 0
257 T 254 720 530 0 0
257 T 1251 694 822 0 0
257 T 718 644 1205 0 0
257 T 496 1537 1957 0 0
257 T 1833 1471 508 0 0
257 T 1887 2153 262 1 0
257 T 2153 1816 286 0 0
257 T 264 408 638 0 0
257 T 640 470 1498 0 0
257 T 692 393 289 0 0
257 T 1454 462 690 0 0
257 T 406 398 447 0 0
257 T 397 401 391 0 0
257 T 1887 412 2379 0 0
257 T 2381 1924 262 0 0
257 T 1924 410 2151 0 0
257 T 287 1862 2384 0 0
257 T 2382 453 1815 0 0
257 T 2152 451 1862 0 0
257 T 2381 1770 3017 0 0
257 T 2926 1772 1922 0 0
257 T 3022 1723 2384 0 0
257 T 1864 1725 2909 0 0
257 T 820 936 494 0 0
257 T 506 1053 741 0 0
257 T 1476 2639 2631 0 0
257 T 2647 2636 1505 0 0
257 T 2669 2634 2639 0 0
257 T 604 329 291 0 0
257 T 329 2028 2226 0 0
257 T 2179 2075 326 0 0
257 T 651 2546 300 0 0
257 T 302 2557 705 0 0
257 T 2229 1768 2548 0 0
257 T 2555 1717 2180 0 0
257 T 1335 1283 1346 0 0
257 T 1340 1342 1291 0 0
257 T 476 2807 2708 0 0
257 T 2706 928 312 0 0
257 T 312 865 2696 0 0
257 T 2694 2840 480 0 0
257 T 2346 2463 2696 0 0
257 T 2706 2432 2282 0 0
257 T 329 1236 2216 0 0
257 T 400 610 327 0 0
257 T 2214 875 398 0 0
257 T 401 887 2164 0 0
257 T 2162 1230 326 0 0
257 T 2555 2891 327 0 0
257 T 328 2865 2548 0 0
257 T 329 1448 2235 0 0
257 T 2237 1928 2216 0 0
257 T 2162 1799 2253 0 0
257 T 2251 1493 326 0 0
257 T 1446 3140 2893 0 0
257 T 2863 3133 1491 0 0
257 T 1524 669 330 0 0
257 T 333 635 1440 0 0
257 T 424 460 334 0 0
257 T 414 361 345 0 0
257 T 424 1326 2289 0 0
257 T 2355 1316 345 0 0
257 T 376 424 338 0 0
257 T 488 1579 374 0 0
257 T 427 1611 488 0 0
257 T 444 345 429 0 0
257 T 376 1341 1098 0 0
257 T 422 2220 1341 0 0
257 T 1155 1347 429 0 0
257 T 1347 2197 343 0 0
257 T 344 668 1249 0 0
257 T 1195 634 425 0 0
257 T 364 2350 555 0 0
257 T 384 379 362 0 0
257 T 557 753 382 0 0
257 T 379 751 2350 0 0
257 T 386 366 434 0 0
257 T 436 776 547 0 0
257 T 549 2274 388 0 0
257 T 2274 774 366 0 0
257 T 364 2729 2399 0 0
257 T 2352 2776 2729 0 0
257 T 2371 2762 388 0 0
257 T 2762 2772 2276 0 0
257 T 2274 2270 2278 0 0
257 T 2338 2314 2350 0 0
257 T 488 2780 1762 0 0
257 T 988 2778 1581 0 0
257 T 1726 2766 488 0 0
257 T 1613 2768 1023 0 0
257 T 1622 1292 1098 0 0
257 T 1155 1336 1583 0 0
257 T 396 886 490 0 0
257 T 492 2163 390 0 0
257 T 407 2217 492 0 0
257 T 490 874 446 0 0
257 T 492 1798 2423 0 0
257 T 2472 1929 492 0 0
257 T 1933 684 490 0 0
257 T 490 626 1803 0 0
257 T 404 514 586 0 0
257 T 770 2310 514 0 0
257 T 517 2318 785 0 0
257 T 420 1865 1924 0 0
257 T 412 897 2711 0 0
257 T 2713 1966 1764 0 0
257 T 2665 860 453 0 0
257 T 1728 1828 2663 0 0
257 T 2884 2431 410 0 0
257 T 2431 911 2071 0 0
257 T 451 2464 2869 0 0
257 T 2008 871 2464 0 0
257 T 2379 967 2711 0 0
257 T 2665 1082 2382 0 0
257 T 3043 2709 410 0 0
257 T 451 2695 3063 0 0
257 T 420 2325 2290 0 0
257 T 2292 1675 1924 1 0
257 T 1863 1677 2325 1 0
257 T 2112 2031 2290 0 0
257 T 2323 2015 2104 0 0
257 T 690 3032 2495 0 0
257 T 2445 3026 640 0 0
257 T 464 824 2544 0 0
257 T 2542 945 1506 0 0
257 T 2248 943 824 0 0
257 T 2504 720 472 0 0
257 T 1483 1040 2502 0 0
257 T 720 1038 2254 0 0
257 T 2092 2605 462 0 0
257 T 2605 1631 524 0 0
257 T 470 2591 2131 0 0
257 T 511 1544 2591 0 0
257 T 2092 1627 2544 0 0
257 T 822 1629 2603 0 0
257 T 2504 1554 2131 0 0
257 T 2593 1556 718 0 0
257 T 638 2957 2318 0 0
257 T 2310 2953 692 0 0
257 T 1168 2740 1321 0 0
257 T 1570 2738 709 0 0
257 T 1323 2750 1095 0 0
257 T 655 2752 1614 0 0
257 T 2730 510 3074 0 0
257 T 3067 525 2759 0 0
257 T 488 3008 3082 0 0
257 T 3084 2365 1762 0 0
257 T 2778 2363 3008 0 0
257 T 1726 2386 3086 0 0
257 T 3088 3007 488 1 0
257 T 3007 2388 2768 -1 0
257 T 820 1001 2240 0 0
257 T 984 999 934 0 0
257 T 2263 1049 741 0 0
257 T 1051 1047 1077 0 0
257 T 1030 1126 498 0 0
257 T 1126 1861 2534 0 0
257 T 498 1150 993 0 0
257 T 2550 1885 1150 0 0
257 T 1973 722 1130 0 0
257 T 736 724 728 0 0
257 T 1175 781 1873 0 0
257 T 828 779 813 0 0
257 T 504 2585 2878 0 0
257 T 2332 2501 2585 0 0
257 T 2858 2585 529 0 0
257 T 2585 2437 2301 0 0
257 T 1611 1869 2798 0 0
257 T 2800 2439 502 0 0
257 T 527 2493 2827 0 0
257 T 2829 1900 1579 0 0
257 T 2583 1783 2441 0 0
257 T 2491 1706 2583 0 0
257 T 1543 1557 1561 0 0
257 T 1652 1628 1632 0 0
257 T 512 957 2421 0 0
257 T 1984 2628 510 0 0
257 T 2419 913 1982 0 0
257 T 525 2643 2021 0 0
257 T 2019 873 2476 0 0
257 T 2474 1016 523 0 0
257 T 1984 1242 2730 0 0
257 T 2759 1192 2021 0 0
257 T 2336 1602 2421 0 0
257 T 955 1604 2128 0 0
257 T 2474 1575 2307 0 0
257 T 2101 1577 1014 0 0
257 T 795 788 784 0 0
257 T 2321 786 645 0 0
257 T 771 764 768 0 0
257 T 695 762 2313 0 0
257 T 1861 2856 844 0 0
257 T 1518 2854 2044 0 0
257 T 916 2886 1885 0 0
257 T 2025 2888 1462 0 0
257 T 2721 3098 1121 0 0
257 T 1185 3109 2757 0 0
257 T 3109 3100 2012 1 0
257 T 2127 2000 2719 0 0
257 T 2755 2066 2099 0 0
257 T 2020 1988 1984 0 0
257 T 3208 1492 3161 0 0
257 T 3163 1449 3210 0 0
257 T 3219 3035 3170 0 0
257 T 3178 3039 3215 0 0
257 T 2701 2871 2782 0 0
257 T 624 2917 2699 0 0
257 T 2917 2790 2871 0 0
257 T 2705 2920 678 0 0
257 T 2782 2875 2703 0 0
257 T 2875 2819 2920 0 0
257 T 2960 879 2699 0 0
257 T 879 2762 2915 0 0
257 T 2705 903 2949 0 0
257 T 2918 2729 903 0 0
257 T 1675 998 1646 0 0
257 T 632 1149 1677 0 0
257 T 1674 1138 686 1 0
257 T 1550 1046 1676 0 0
257 T 632 780 1863 0 0
257 T 2325 778 1147 0 0
257 T 1925 723 686 0 0
257 T 1140 725 2293 0 0
257 T 1990 780 1722 0 0
257 T 1771 723 2050 0 0
257 T 2607 2110 634 0 0
257 T 1068 2292 2609 0 0
257 T 2619 2324 958 0 0
257 T 668 2103 2621 0 0
257 T 636 3124 3098 0 0
257 T 3109 3120 667 0 0
257 T 2607 1973 2721 0 0
257 T 2719 3000 634 0 0
257 T 2112 2998 1973 0 0
257 T 668 2969 2754 0 0
257 T 2756 1873 2621 0 0
257 T 1873 2967 2105 0 0
257 T 3122 1119 2998 0 0
257 T 2967 1182 3119 0 0
257 T 3090 2910 638 0 0
257 T 1491 2320 2910 0 0
257 T 692 2902 3094 0 0
257 T 2902 2312 1446 0 0
257 T 2912 2443 1101 0 0
257 T 1156 2497 2904 0 0
257 T 973 2612 789 0 0
257 T 2320 2610 2443 0 0
257 T 765 2614 1072 0 0
257 T 2497 2616 2312 0 0
257 T 1205 1038 2155 0 0
257 T 2143 943 1251 0 0
257 T 648 1660 1170 0 0
257 T 787 1850 646 0 0
257 T 1172 2317 789 0 0
257 T 700 1914 763 0 0
257 T 765 2273 1113 0 0
257 T 1111 1662 698 0 0
257 T 2579 1291 646 0 0
257 T 787 1491 2581 0 0
257 T 2560 1446 763 0 0
257 T 700 1335 2558 0 0
257 T 1658 943 1627 0 0
257 T 1554 1038 1664 0 0
257 T 2579 1101 971 0 0
257 T 1070 1156 2558 0 0
257 T 656 1031 2635 0 0
257 T 2637 1063 1315 0 0
257 T 1329 1005 2639 0 0
257 T 2641 992 706 0 0
257 T 1033 993 2569 -1 0
257 T 2702 2699 2668 -1 0
257 T 656 2517 2704 0 0
257 T 2517 2569 2523 0 0
257 T 2525 709 2699 0 0
257 T 2751 913 2704 0 0
257 T 913 1617 2515 0 0
257 T 2698 873 2741 0 0
257 T 2524 1573 873 0 0
257 T 736 2053 1878 0 0
257 T 813 1911 1991 0 0
257 T 724 1576 2607 0 0
257 T 1576 1132 2721 0 0
257 T 2621 1605 779 0 0
257 T 2756 1177 1605 0 0
257 T 2051 1627 2372 0 0
257 T 2400 1554 1991 0 0
257 T 2007 2366 786 0 0
257 T 1053 797 2366 0 0
257 T 762 2392 2072 0 0
257 T 2392 766 936 0 0
257 T 872 2572 786 0 0
257 T 2368 2570 2465 0 0
257 T 762 2540 912 0 0
257 T 2430 2538 2390 0 0
257 T 872 2683 2314 0 0
257 T 2270 2689 912 0 0
257 T 1492 1100 2611 0 0
257 T 2617 1157 1449 0 0
257 T 2367 1046 1260 0 0
257 T 1214 998 2393 0 0
257 T 2681 2704 2671 0 0
257 T 2677 2698 2691 0 0
257 T 3129 3208 3153 0 0
257 T 3155 3210 3135 0 0
257 T 3176 3137 2972 0 0
257 T 840 3210 3174 0 0
257 T 2975 3127 3184 0 0
257 T 3182 3208 900 0 0
257 T 2995 1449 3174 0 0
257 T 3182 1492 2993 0 0
257 T 2970 1128 2854 0 0
257 T 2888 1152 2977 0 0
257 T 2740 2692 1220 0 0
257 T 1305 2678 2750 0 0
257 T 872 2743 1574 0 0
257 T 1603 2735 912 0 0
257 T 2685 2352 2819 0 0
257 T 2790 2276 2687 0 0
257 T 2919 2351 3046 0 0
257 T 3055 2275 2914 0 0
257 T 1132 2412 2129 0 0
257 T 1603 2410 2067 0 0
257 T 2100 2412 1177 0 0
257 T 2000 2410 1574 0 0
257 T 2937 1578 975 0 0
257 T 973 2779 2935 0 0
257 T 2924 2769 1072 0 0
257 T 1026 1610 2922 0 0
257 T 2481 3007 2935 0 0
257 T 2924 3008 2415 -1 0
257 T 977 1655 1843 0 0
257 T 2802 1866 1655 0 0
257 T 1895 1655 1028 0 0
257 T 1655 1899 2834 0 0
257 T 2937 2814 1843 0 0
257 T 1580 1655 2814 0 0
257 T 1895 2797 2922 0 0
257 T 2797 1655 1612 0 0
257 T 1547 2440 2392 0 0
257 T 2366 2490 1639 0 0
257 T 2814 2794 2568 -1 0
257 T 2854 2997 2054 0 0
257 T 2997 2972 2981 0 0
257 T 2038 2991 2888 0 0
257 T 2987 2975 2991 0 0
257 T 2439 2433 2437 0 0
257 T 2501 2462 2493 0 0
257 T 2933 2789 2825 0 0
257 T 2937 2925 2931 -1 0
257 U 76 1 1 0 0
257 U 1 1 1 -1 0
257 U 2 2 3 0 0
257 U 804 2 2 0 0
257 U 23 3 2 0 0
257 U 36 3 2 0 0
257 U 5 2 3 -1 0
257 U 3 4 5 0 0
257 U 25 5 4 0 0
257 U 759 5 5 0 0
257 U 5 5 4 0 0
257 U 44 4 5 0 0
257 U 7 6 7 0 0
257 U 3041 6 6 0 0
257 U 79 7 6 0 0
257 U 89 7 6 0 0
257 U 12 6 7 0 0
257 U 3036 8 8 0 0
257 U 6 9 8 0 0
257 U 80 8 9 0 0
257 U 15 9 8 0 0
257 U 93 8 9 0 0
257 U 858 10 12 0 0
257 U 1823 13 10 0 0
257 U 9 12 13 0 0
257 U 21 11 10 0 0
257 U 1065 13 11 0 0
257 U 856 14 10 0 0
257 U 160 12 14 0 0
257 U 164 15 10 0 0
257 U 40 14 15 0 0
257 U 1060 14 10 0 0
257 U 31 15 14 0 0
257 U 921 16 20 0 0
257 U 1005 18 16 0 0
257 U 148 20 18 0 0
257 U 21 17 16 -1 0
257 U 1909 18 17 0 0
257 U 894 18 16 0 0
257 U 8 19 18 0 0
257 U 951 20 16 0 0
257 U 171 21 16 0 0
257 U 33 20 21 0 0
257 U 34 21 20 0 0
257 U 1664 22 27 0 0
257 U 2131 25 22 0 0
257 U 1483 27 25 0 0
257 U 28 23 22 0 0
257 U 195 25 23 0 0
257 U 2122 26 22 0 0
257 U 776 24 26 0 0
257 U 48 23 22 0 0
257 U 53 25 24 -1 0
257 U 2116 26 25 0 0
257 U 11 27 26 0 0
257 U 26 28 29 0 0
257 U 2091 31 28 0 0
257 U 187 29 31 0 0
257 U 1659 33 28 0 0
257 U 1507 31 33 0 0
257 U 51 29 28 0 0
257 U 2097 33 29 0 0
257 U 752 32 30 0 0
257 U 2088 33 30 0 0
257 U 10 32 33 0 0
257 U 53 31 30 0 0
257 U 1764 34 34 0 0
257 U 986 38 34 0 0
257 U 374 34 38 0 0
257 U 1756 38 38 0 0
257 U 997 37 34 0 0
257 U 410 34 37 0 0
257 U 1787 37 37 0 0
257 U 934 45 36 0 0
257 U 456 36 45 0 0
257 U 1781 45 45 0 0
257 U 39 39 38 0 0
257 U 16 38 39 0 0
257 U 1769 40 40 0 0
257 U 962 43 40 0 0
257 U 362 40 43 0 0
257 U 1777 43 43 0 0
257 U 938 45 40 0 0
257 U 430 40 45 0 0
257 U 63 43 42 0 0
257 U 70 42 43 1 0
257 U 1057 46 49 0 0
257 U 1727 46 46 0 0
257 U 450 49 46 0 0
257 U 426 50 46 0 0
257 U 1024 46 50 0 0
257 U 1702 50 50 0 0
257 U 1711 49 49 0 0
257 U 356 57 48 0 0
257 U 1050 48 57 0 0
257 U 1685 57 57 0 0
257 U 17 51 50 0 0
257 U 42 50 51 0 0
257 U 1021 52 55 0 0
257 U 1717 52 52 0 0
257 U 387 55 52 0 0
257 U 351 57 52 0 0
257 U 1086 52 57 0 0
257 U 1689 55 55 0 0
257 U 71 55 54 0 0
257 U 65 54 55 0 0
257 U 3078 58 60 0 0
257 U 3043 63 58 0 0
257 U 477 60 63 0 0
257 U 3143 62 58 0 0
257 U 19 63 62 0 0
257 U 73 59 58 0 0
257 U 3074 62 59 0 0
257 U 3052 60 58 0 0
257 U 472 61 58 0 0
257 U 90 60 61 0 0
257 U 83 61 60 0 0
257 U 3060 64 66 0 0
257 U 3069 69 64 0 0
257 U 478 66 69 0 0
257 U 75 65 64 0 0
257 U 3146 69 65 0 0
257 U 3064 69 64 0 0
257 U 18 68 69 0 0
257 U 3070 66 64 0 0
257 U 463 67 64 0 0
257 U 84 66 67 0 0
257 U 87 67 66 0 0
257 U 2850 70 80 0 0
257 U 1255 77 70 0 0
257 U 1474 80 77 0 0
257 U 1943 82 70 0 0
257 U 1486 77 82 0 0
257 U 1444 85 70 0 0
257 U 1236 82 85 0 0
257 U 1265 84 70 0 0
257 U 56 85 84 0 0
257 U 1950 81 70 0 0
257 U 1473 84 81 0 0
257 U 94 81 80 1 0
257 U 1461 72 79 0 0
257 U 1337 74 72 0 0
257 U 1965 79 74 0 0
257 U 1916 82 72 0 0
257 U 1446 74 82 0 0
257 U 48 73 72 0 0
257 U 1289 82 73 0 0
257 U 1890 76 72 0 0
257 U 1326 76 79 0 0
257 U 1452 78 74 0 0
257 U 46 79 78 0 0
257 U 1203 80 74 0 0
257 U 1921 78 80 0 0
257 U 1926 85 74 0 0
257 U 1208 86 93 0 0
257 U 2895 96 86 0 0
257 U 1503 93 96 0 0
257 U 1795 97 86 0 0
257 U 95 96 97 0 0
257 U 1241 100 86 0 0
257 U 1534 97 100 0 0
257 U 1532 101 86 0 0
257 U 55 100 101 0 0
257 U 1847 98 86 0 0
257 U 1231 101 98 0 0
257 U 1494 98 93 0 0
257 U 1514 88 95 0 0
257 U 1874 92 88 0 0
257 U 1317 95 92 0 0
257 U 1297 99 88 0 0
257 U 51 89 88 0 0
257 U 1850 99 89 0 0
257 U 1290 90 88 0 0
257 U 1490 98 90 0 0
257 U 1792 90 95 0 0
257 U 1798 101 90 0 0
257 U 1250 96 90 0 0
257 U 1539 94 90 0 0
257 U 1818 96 94 0 0
257 U 47 94 95 0 0
257 Q 0 123 0 123 0 0 0 0 0 0
257 Q 123 695 482 644 0 0 0 0 0 0
257 Q 642 2982 697 0 0 0 0 0 0 0
257 Q 2984 484 2984 484 0 0 0 0 0 0
257 Q 530 128 567 0 0 0 0 0 0 0
257 Q 2258 2982 2243 126 0 0 0 0 0 0
257 Q 852 2506 909 0 0 0 0 0 0 0
257 Q 128 1737 2508 1718 0 0 0 0 0 0
257 Q 1119 157 1183 0 0 0 0 0 0 0
257 Q 755 103 815 157 -1 0 0 0 0 0
257 Q 1 54 1 57 0 -1 0 0 0 0
257 Q 1263 117 1241 1 0 0 0 0 1 0
257 Q 1444 1 1530 117 0 1 1 0 0 -1
257 Q 3276 1 3276 1 0 0 0 0 0 0
257 Q 77 3275 76 3274 0 0 0 0 -1 0
257 Q 1 677 101 618 0 0 0 0 0 0
257 Q 98 1 96 1 0 1 0 0 0 -1
257 Q 1 3194 101 3204 0 0 0 1 0 1
257 Q 1 767 483 797 0 0 0 0 0 0
257 Q 516 122 514 1 0 0 0 0 0 0
257 Q 3276 677 3270 618 0 0 0 0 0 0
257 Q 101 3272 101 3272 0 0 0 0 0 0
257 Q 1 985 108 1077 -1 0 0 0 0 0
257 Q 483 1259 108 1216 0 0 0 0 0 0
257 Q 1 933 108 833 0 0 0 0 0 0
257 Q 2877 100 2872 1 0 0 0 0 0 0
257 Q 100 2678 108 2693 -1 0 0 0 0 0
257 Q 100 3157 108 3150 0 0 0 0 0 0
257 Q 1 1333 1 1333 0 0 0 0 0 0
257 Q 1 2437 105 2500 0 0 0 0 0 0
257 Q 2860 116 2881 105 1 0 0 0 0 0
257 Q 1 2622 2408 2653 0 0 0 0 0 0
257 Q 105 1466 2406 1510 0 0 0 0 0 0
257 Q 1 2688 562 2683 0 0 0 0 0 0
257 Q 2408 946 564 1093 0 0 0 0 0 0
257 Q 3047 100 3055 562 0 0 0 0 0 0
257 Q 3115 6 3168 7 0 0 0 0 0 0
257 Q 79 3114 80 3117 0 0 0 0 0 0
257 Q 1156 2513 1100 3169 0 0 0 0 0 0
257 Q 3114 1522 2511 1439 0 0 0 0 0 0
257 Q 2716 1679 157 1749 0 0 0 0 0 0
257 Q 212 1544 100 1630 0 0 0 0 0 0
257 Q 27 213 29 210 0 0 0 0 0 0
257 Q 2037 211 1977 100 0 0 0 0 0 0
257 Q 163 2403 170 565 0 0 0 0 0 0
257 Q 563 34 564 40 0 0 0 0 0 0
257 Q 857 562 920 2405 0 0 0 0 0 0
257 Q 101 39 100 42 0 0 0 0 0 0
257 Q 595 104 597 101 0 0 0 0 0 0
257 Q 104 1284 100 1344 0 0 0 0 0 0
257 Q 101 60 100 59 0 0 0 0 0 0
257 Q 900 211 841 101 0 0 0 0 0 0
257 Q 1672 69 1671 67 0 0 0 0 0 0
257 Q 2269 3005 2361 1670 0 0 0 0 0 0
257 Q 1673 2805 3003 2836 0 0 0 0 0 0
257 Q 101 520 105 518 0 0 0 0 0 0
257 Q 1013 2406 1078 101 0 0 0 0 0 0
257 Q 2977 211 2971 109 0 0 1 0 0 0
257 Q 101 3020 105 3011 0 0 0 0 0 0
257 Q 904 1672 881 101 0 0 0 0 0 0
257 Q 1708 105 1784 1670 0 0 0 0 0 0
257 Q 1672 2770 563 2775 0 0 0 0 0 0
257 Q 2051 213 1990 2406 0 0 0 0 0 0
257 Q 101 1166 484 1096 0 0 0 0 0 0
257 Q 2223 211 2174 101 0 0 0 0 0 0
257 Q 213 321 482 244 0 0 0 0 0 0
257 Q 717 211 662 105 0 0 0 0 0 0
257 Q 3272 3020 3258 3011 0 0 0 0 0 0
257 Q 105 3260 105 3260 0 0 0 0 0 0
257 Q 156 1224 156 1224 0 0 0 0 0 0
257 Q 904 3268 881 3270 0 0 0 0 0 0
257 Q 1124 440 1181 1986 0 0 0 0 0 0
257 Q 3260 717 3247 662 0 0 0 0 0 0
257 Q 211 3249 211 3249 0 0 0 0 0 0
257 Q 2801 1670 2827 116 0 0 -1 0 0 0
257 Q 107 404 112 402 0 0 0 0 0 0
257 Q 3263 929 3267 865 0 0 0 0 0 0
257 Q 1143 3255 1137 3265 0 0 0 0 0 0
257 Q 109 2537 562 2552 0 0 -1 0 0 0
257 Q 500 2405 501 109 0 0 1 0 0 0
257 Q 2944 1672 2965 109 0 0 1 0 0 0
257 Q 2405 2749 1670 2722 0 0 0 0 0 0
257 Q 109 990 3003 1032 0 0 -1 0 0 0
257 Q 2939 117 2941 109 0 0 0 0 0 0
257 Q 2794 117 2816 3005 0 0 0 0 1 0
257 Q 916 211 845 562 0 0 0 0 0 0
257 Q 2717 1526 3241 1478 0 0 0 0 0 0
257 Q 129 553 438 551 0 0 0 0 1 0
257 Q 2659 3199 2657 129 0 0 0 0 0 0
257 Q 438 1131 3201 1175 0 0 0 0 0 0
257 Q 2378 2983 2382 3242 0 0 0 0 0 0
257 Q 3244 1728 3199 1765 0 0 0 0 0 0
257 Q 2010 1431 157 1381 0 0 0 0 0 0
257 Q 2512 333 2011 331 -1 0 1 0 0 0
257 Q 3263 174 3259 179 0 0 0 0 0 0
257 Q 3261 1785 3267 1709 0 0 0 0 0 0
257 Q 3263 882 3253 866 0 0 0 0 0 0
257 Q 1517 3251 1460 3259 0 0 0 0 0 0
257 Q 268 211 229 2149 0 0 0 0 0 0
257 Q 2147 191 562 190 0 0 0 0 0 0
257 Q 688 2409 631 2146 0 0 0 0 0 0
257 Q 3253 207 3255 202 0 0 0 0 0 0
257 Q 3253 847 3244 890 0 0 0 0 0 0
257 Q 2386 3242 2364 3255 0 0 0 0 0 0
257 Q 265 2148 289 483 0 0 0 0 0 0
257 Q 212 2909 2146 2927 0 0 0 0 0 0
257 Q 212 3024 483 3014 0 0 0 0 0 0
257 Q 3248 3024 2985 3014 0 0 0 0 0 0
257 Q 3253 216 3248 214 0 0 0 0 0 0
257 Q 3246 1771 3244 1723 0 0 0 0 0 0
257 Q 2714 1758 3200 1733 0 0 0 0 0 0
257 Q 3241 487 3201 486 0 0 0 0 0 0
257 Q 3241 3007 3255 3009 0 0 1 0 0 0
257 Q 3088 3257 3083 3201 0 0 0 0 0 0
