0
0 d=347
0
347 A 6 0 -1 2 1 -2
347 A 9 0 4 1 -4 -1
347 A -1 1 28 0 -28 0
347 A 0 1 28 0 -28 0
347 A -3 1 29 1 -29 -1
347 A 2 1 -30 1 30 -1
347 A -4 1 10 0 -10 0
347 A 3 1 10 0 -10 0
347 A -6 1 41 2 -41 -2
347 A 5 1 -43 2 43 -2
347 A 12 0 5 2 -5 -2
347 A 12 0 -1 2 1 -2
347 A 18 0 5 8 -5 -8
347 A 7 0 3 1 3 1
347 A 4 0 1 1 -2 1
347 A 4 0 -1 1 0 -1
347 A 5 0 -3 2 1 2
347 A 5 0 2 1 -1 2
347 A 5 0 -2 1 -1 -1
347 A 5 0 -2 2 0 -1
347 A 5 0 -1 1 0 -2
347 A 6 0 -2 1 -1 -1
347 A 7 0 -4 3 -2 1
347 A 7 0 -4 2 -2 -2
347 A 7 0 -3 1 1 -3
347 A 7 0 -3 2 1 2
347 A 7 0 -3 3 0 -3
347 A 7 0 2 3 1 -2
347 A 7 0 2 1 2 -3
347 A 7 0 -2 2 0 -1
347 A 7 0 1 3 1 1
347 A 7 0 -1 1 0 -2
347 A 8 0 -5 3 2 3
347 A 8 0 3 1 -4 3
347 A 8 0 -3 1 2 -3
347 A 8 0 -3 3 0 -3
347 A 8 0 2 1 1 -3
347 A 8 0 -2 1 1 1
347 A 8 0 1 3 -4 1
347 A 8 0 -1 1 0 -1
347 A 9 0 -5 4 -4 2
347 A 9 0 2 2 1 4
347 A 9 0 -2 1 -1 -1
347 A 9 0 -1 2 -2 4
347 A -1 1 38 0 16 0
347 A -1 1 32 0 19 0
347 A -1 1 31 0 14 0
347 A -1 1 26 0 10 0
347 A -1 1 20 0 13 0
347 A 0 1 38 0 16 0
347 A 0 1 32 0 19 0
347 A 0 1 31 0 14 0
347 A 0 1 26 0 10 0
347 A 0 1 20 0 13 0
347 A -2 1 37 1 -16 0
347 A 1 1 16 0 -38 1
347 A -3 1 31 1 38 1
347 A -3 1 25 1 -10 0
347 A -3 1 16 0 26 1
347 A -3 1 17 1 -14 0
347 A -3 1 17 0 -11 0
347 A 2 1 11 0 -17 0
347 A 2 1 -27 1 -16 0
347 A 2 1 -39 1 -32 1
347 A 2 1 14 0 -18 1
347 A 2 1 10 0 -26 1
347 A -4 1 13 1 -31 -1
347 A -4 1 19 1 35 2
347 A -4 1 28 1 30 1
347 A -4 1 12 1 -27 -1
347 A 3 1 -32 1 14 -1
347 A 3 1 -29 1 -31 1
347 A 3 1 -13 1 28 -1
347 A 3 1 -37 2 -20 1
347 A 10 0 -6 3 3 3
347 A 10 0 4 1 -5 3
347 A 10 0 2 3 -5 1
347 A 10 0 -2 3 -1 3
347 A -5 1 31 2 -37 -2
347 A -5 1 11 0 -29 -2
347 A -5 1 14 1 35 2
347 A -5 1 38 2 -24 -1
347 A 4 1 -25 1 40 -2
347 A 4 1 11 0 -31 2
347 A 4 1 -15 1 -37 2
347 A 4 1 -39 2 33 -2
347 A -6 1 8 1 19 1
347 A -6 1 14 1 -29 -2
347 A -6 1 20 2 -5 -1
347 A -6 1 37 2 -31 -2
347 A 5 1 -9 1 -20 1
347 A 5 1 -39 2 33 -2
347 A 5 1 -22 2 6 -1
347 A 5 1 -15 1 31 -2
347 A 11 0 -3 2 -1 -2
347 A 11 0 -2 4 -1 2
347 A -7 1 26 2 22 1
347 A -7 1 37 3 13 1
347 A -7 1 15 1 27 2
347 A -7 1 32 2 7 1
347 A -7 1 21 1 16 1
347 A 6 1 -16 1 -29 2
347 A 6 1 -22 1 -17 1
347 A 6 1 -28 2 -23 1
347 A 6 1 -34 2 -8 1
347 A 6 1 -40 3 -14 1
347 A -8 1 7 1 11 1
347 A 7 1 -8 1 -12 1
347 A -9 1 19 1 8 1
347 A -9 1 29 3 -35 -4
347 A 8 1 -20 1 -9 1
347 A 8 1 -32 3 39 -4
347 A 13 0 0 4 -4 4
347 A -10 1 11 2 -20 -2
347 A -10 1 26 3 39 4
347 A -10 1 8 2 -9 -1
347 A 9 1 -13 2 22 -2
347 A 9 1 -29 3 -43 4
347 A 9 1 -10 2 10 -1
347 A 14 0 -1 5 -4 5
347 A 14 0 -2 5 3 -5
347 A 14 0 1 5 2 3
347 A 14 0 -6 5 -5 3
347 A -12 1 14 2 -38 -5
347 A 11 1 -16 2 43 -5
347 A -13 1 31 6 29 6
347 A -13 1 14 3 16 3
347 A -13 1 15 1 13 1
347 A 12 1 -37 6 -35 6
347 A 12 1 -17 3 -19 3
347 A 12 1 -16 1 -14 1
347 A 18 0 1 4 -7 2
347 A 18 0 -5 4 5 2
347 S -6 4 9 0
347 S 3 1 9 0
347 S -3 2 9 0
347 S -4 1 9 0
347 S 2 4 9 0
347 S 1 2 9 0
347 T 240 282 20 0 0
347 T 207 18 280 0 0
347 T 469 325 204 0 0
347 T 202 460 424 0 0
347 T 422 358 471 0 0
347 T 358 458 325 0 0
347 T 378 52 356 0 0
347 T 354 197 156 0 0
347 T 154 143 380 0 0
347 T 169 150 367 0 0
347 T 143 199 52 0 0
347 T 105 107 105 -1 0
347 T 113 125 123 0 0
347 T 111 105 131 0 0
347 T 136 127 135 0 0
347 T 122 110 120 0 0
347 T 116 117 132 0 0
347 T 276 274 276 -1 0
347 T 287 285 287 0 0
347 T 281 275 277 0 0
347 T 169 432 63 0 0
347 T 61 242 163 0 0
347 T 161 157 171 0 0
347 T 157 244 432 0 0
347 T 437 253 168 0 0
347 T 58 360 334 0 0
347 T 82 173 60 0 0
347 T 336 232 84 0 0
347 T 173 230 360 0 0
347 T 389 268 214 0 0
347 T 219 395 259 0 0
347 T 387 381 391 0 0
347 T 216 63 385 0 0
347 T 381 61 268 0 0
347 T 48 91 213 0 0
347 T 388 297 46 0 0
347 T 91 299 64 0 0
347 T 80 71 70 0 0
347 T 82 91 97 0 0
347 T 68 74 82 0 0
347 T 96 101 78 0 0
347 T 31 89 73 0 0
347 T 99 96 85 0 0
347 T 88 104 66 0 0
347 T 72 345 280 0 0
347 T 284 332 71 0 0
347 T 332 0 345 0 0
347 T 257 465 51 0 0
347 T 49 339 217 0 0
347 T 395 337 465 0 0
347 T 225 425 210 0 0
347 T 188 412 212 0 0
347 T 412 0 417 0 0
347 T 166 225 419 0 0
347 T 240 103 402 0 0
347 T 147 167 238 0 0
347 T 157 232 150 0 0
347 T 404 133 145 0 0
347 T 167 135 103 0 0
347 T 26 266 210 0 0
347 T 212 12 265 0 0
347 T 352 421 155 0 0
347 T 371 6 350 0 0
347 T 153 435 369 0 0
347 T 6 433 421 0 0
347 T 38 39 33 0 0
347 T 34 36 34 -1 0
347 T 35 246 271 0 0
347 T 269 85 40 0 0
347 T 246 37 85 0 0
347 T 99 121 334 0 0
347 T 91 230 121 0 0
347 T 272 432 200 0 0
347 T 494 51 432 0 0
347 T 237 375 3 0 0
347 T 4 244 225 0 0
347 T 227 223 239 0 0
347 T 223 242 375 0 0
347 T 233 253 364 0 0
347 T 249 371 161 0 0
347 T 242 254 251 0 0
347 T 254 61 371 0 0
347 T 101 399 304 0 0
347 T 37 190 103 0 0
347 T 302 151 39 0 0
347 T 190 149 399 0 0
347 T 176 387 137 0 0
347 T 365 230 163 0 0
347 T 285 389 362 0 0
347 T 364 33 389 0 0
347 T 325 175 414 0 0
347 T 416 230 460 0 0
347 T 184 192 178 0 0
347 T 204 397 182 0 0
347 T 180 149 202 0 0
347 T 208 147 186 0 0
347 T 126 221 220 0 0
347 T 218 410 147 0 0
347 T 417 223 148 0 0
347 T 162 453 184 0 0
347 T 397 1 368 0 0
347 T 7 109 293 0 0
347 T 295 393 17 0 0
347 T 488 395 109 0 0
347 T 323 464 375 0 0
347 T 223 49 321 0 0
347 T 464 51 244 0 0
347 T 48 59 51 0 0
347 T 47 53 49 0 0
347 T 43 41 43 1 0
347 T 55 58 41 0 0
347 T 219 121 46 0 0
347 T 121 337 59 0 0
347 T 396 208 4 0 0
347 T 218 210 208 0 0
347 T 210 260 3 0 0
347 T 9 256 225 0 0
347 T 352 15 163 0 0
347 T 313 356 60 0 0
347 T 82 193 315 0 0
347 T 193 173 356 0 0
347 T 357 202 156 0 0
347 T 154 84 56 0 0
347 T 54 342 359 0 0
347 T 342 82 202 0 0
347 T 178 465 484 0 0
347 T 507 395 180 0 0
347 T 343 336 41 0 0
347 T 67 113 341 0 0
347 T 315 76 64 0 0
347 T 62 68 195 0 0
347 T 158 461 495 0 0
347 T 216 32 235 0 0
347 T 129 311 7 0 0
347 T 311 107 293 0 0
347 T 358 459 350 0 0
347 T 476 415 360 0 0
347 T 352 231 474 0 0
347 T 294 277 4 0 0
347 T 207 405 94 0 0
347 T 405 0 404 0 0
347 T 166 287 188 0 0
347 T 186 268 452 0 0
347 T 442 259 180 0 0
347 T 450 32 439 0 0
347 T 96 136 185 0 0
347 T 139 49 194 0 0
347 T 355 51 387 0 0
347 T 320 129 75 0 0
347 T 89 109 292 0 0
347 T 290 41 318 0 0
347 T 346 34 331 0 0
347 T 326 381 6 0 0
347 T 5 445 413 0 0
347 T 174 447 381 0 0
347 T 182 14 326 0 0
347 T 328 181 27 0 0
347 T 373 157 504 0 0
347 T 415 2 422 0 0
347 T 436 1 445 0 0
347 T 474 469 2 0 0
347 T 63 442 192 0 0
347 T 182 257 61 0 0
347 T 375 500 130 0 0
347 T 132 321 157 0 0
347 T 140 392 448 0 0
347 T 363 142 433 0 0
347 T 33 303 305 0 0
347 T 2 1 2 0 0
347 T 47 76 235 0 0
347 T 221 114 45 0 0
347 T 53 116 323 0 0
347 T 312 4 283 0 0
347 T 19 375 310 0 0
347 T 231 120 291 0 0
347 T 355 55 298 0 0
347 T 441 52 483 0 0
347 T 247 193 443 0 0
347 T 352 453 325 0 0
347 T 372 362 380 0 0
347 T 406 147 135 0 0
347 T 300 81 198 0 0
347 T 76 204 114 0 0
347 T 117 202 319 0 0
347 T 200 98 61 0 0
347 T 172 99 271 0 0
347 T 451 0 438 0 0
347 T 163 28 351 0 0
347 T 22 1 24 0 0
347 T 478 2 491 0 0
347 T 255 225 26 0 0
347 T 151 308 40 0 0
347 T 182 263 381 0 0
347 T 58 179 120 0 0
347 T 112 177 338 0 0
347 T 365 307 95 0 0
347 T 93 37 171 0 0
347 T 245 189 66 0 0
347 T 150 58 318 0 0
347 T 268 427 253 0 0
347 T 46 377 316 0 0
347 T 234 61 377 0 0
347 T 159 55 119 0 0
347 T 258 264 265 0 0
347 T 291 151 54 0 0
347 U 483 10 10 0 0
347 U 508 8 10 0 0
347 U 340 10 8 0 0
347 U 138 6 10 0 0
347 U 245 10 6 0 0
347 U 479 6 6 0 0
347 U 486 7 7 0 0
347 U 30 6 5 -1 0
347 U 23 5 6 0 0
347 U 8 8 7 0 0
347 U 18 7 8 0 0
347 U 12 3 4 0 0
347 U 262 4 4 0 0
347 U 4 4 3 -1 0
347 U 5 3 4 0 0
347 U 13 4 3 0 0
347 U 6 2 1 0 0
347 U 15 1 2 0 0
347 U 251 2 2 0 0
347 U 9 2 1 0 0
347 U 3 1 2 0 0
347 U 490 14 14 0 0
347 U 22 13 14 0 0
347 U 30 14 13 0 0
347 U 141 15 13 0 0
347 U 269 13 15 0 0
347 U 495 15 15 0 0
347 U 503 11 15 0 0
347 U 324 15 11 0 0
347 U 500 12 12 0 0
347 U 8 12 11 -1 0
347 U 20 11 12 0 0
347 Q 19 0 18 0 0 0 0 0 0 0
347 Q 105 43 105 43 0 0 0 0 0 0
347 Q 44 88 287 86 0 0 1 0 0 0
