57 A 0 1 20 0 -20 0
57 A 0 2 -56 1 56 -1
57 A 0 2 37 0 -37 0
57 A 0 2 -20 1 20 -1
57 A 0 4 -37 2 37 -2
57 A 4 0 0 1 0 1
57 A 4 0 2 1 2 1
57 A 7 0 0 1 0 1
57 A 8 0 0 3 0 3
57 A 8 0 4 3 4 3
57 A 8 0 4 1 4 1
57 A 16 0 0 5 0 5
57 A 5 0 2 2 -1 1
57 A 5 0 2 1 -2 1
57 A 5 0 -2 2 1 1
57 A 5 0 1 2 1 -2
57 A 5 0 0 2 0 -1
57 A 6 0 2 1 -2 1
57 A 7 0 3 3 1 -1
57 A 7 0 3 2 3 -2
57 A 7 0 3 1 -1 -2
57 A 7 0 -3 1 1 -2
57 A 7 0 -3 3 -1 -1
57 A 7 0 2 3 2 -3
57 A 7 0 2 2 -2 2
57 A 7 0 2 1 1 3
57 A 7 0 -2 1 -1 3
57 A 7 0 0 3 0 -2
57 A 0 1 17 0 10 0
57 A -1 1 27 0 15 0
57 A -1 1 13 0 -9 0
57 A 1 1 27 0 15 0
57 A 1 1 13 0 -9 0
57 A -2 1 21 1 -8 0
57 A 2 1 -21 1 8 0
57 A -3 1 22 1 26 1
57 A 3 1 -26 1 -22 1
57 A -4 1 24 2 -12 -1
57 A 4 1 -12 1 24 -2
57 A 9 0 4 4 -4 4
57 A -5 1 6 1 -10 -1
57 A 5 1 -10 1 6 -1
57 A 11 0 -2 2 2 2
57 A 12 0 1 2 -1 2
57 A -10 1 22 5 -4 -2
57 A 10 1 -4 2 22 -5
57 A -16 1 1 3 -19 -6
57 A 16 1 -19 6 1 -3
57 A 21 0 5 5 -5 5
57 A 27 0 13 13 -13 13
57 S 3 1 6 0
57 T 136 124 49 0 0
57 T 127 130 47 0 0
57 T 55 124 121 0 0
57 T 127 71 114 0 0
57 T 85 91 63 0 0
57 T 69 93 87 0 0
57 T 74 84 71 0 0
57 T 80 61 58 0 0
57 T 20 57 73 0 0
57 T 81 68 64 0 0
57 T 54 74 87 0 0
57 T 3 5 3 -1 0
57 T 39 71 102 0 0
57 T 137 74 41 0 0
57 T 104 82 135 0 0
57 T 126 159 168 0 0
57 T 165 125 172 0 0
57 T 138 165 159 0 0
57 T 170 2 166 0 0
57 T 57 112 31 0 0
57 T 33 37 39 0 0
57 T 45 46 31 0 0
57 T 36 34 36 -1 0
57 T 43 47 38 0 0
57 T 33 145 119 0 0
57 T 121 86 43 0 0
57 T 46 88 145 0 0
57 T 112 86 133 0 0
57 T 117 83 45 0 0
57 T 40 146 115 0 0
57 T 146 49 83 0 0
57 T 74 30 130 0 0
57 T 129 44 76 0 0
57 T 62 162 100 0 0
57 T 68 108 160 0 0
57 T 140 138 140 -1 0
57 T 94 64 147 0 0
57 T 46 90 96 0 0
57 T 67 142 95 0 0
57 T 125 74 42 0 0
57 T 181 179 181 1 0
57 T 18 101 109 0 0
57 U 8 1 1 0 0
57 U 1 1 1 -1 0
57 U 13 5 4 0 0
57 U 52 4 4 -1 0
57 U 15 5 4 0 0
57 U 6 3 2 0 0
57 U 3 3 3 0 0
57 U 10 3 2 0 0
57 Q 16 130 1 134 0 -1 0 0 0 0
57 Q 47 23 49 16 0 0 0 0 0 0
57 Q 23 124 1 129 0 -1 0 0 0 0
57 Q 119 5 116 0 0 0 0 0 0 0
57 Q 0 71 139 57 0 0 0 0 0 0
57 Q 65 16 67 51 0 0 0 0 0 0
57 Q 53 89 1 83 0 -1 0 0 0 0
57 Q 91 1 93 16 0 1 0 0 0 -1
57 Q 4 24 4 24 0 0 0 0 -1 0
57 Q 11 28 10 29 0 0 0 0 0 0
57 Q 4 78 4 78 0 0 0 0 0 0
57 Q 60 19 61 2 0 0 0 0 1 0
57 Q 166 51 170 22 0 0 0 0 0 0
57 Q 53 159 1 163 0 0 0 0 0 0
57 Q 16 176 16 176 0 0 0 0 0 0
57 Q 107 1 101 16 0 0 0 0 0 0
57 Q 174 99 180 109 0 0 0 0 0 0
57 Q 178 1 178 1 0 0 0 0 0 0
57 Q 62 26 68 3 1 0 0 0 0 0
57 Q 104 52 110 17 0 0 0 0 0 0
57 Q 7 172 14 169 0 0 0 0 0 0
57 Q 53 31 25 41 0 0 0 0 0 0
57 Q 151 51 151 51 0 0 0 0 0 0
57 Q 39 3 33 153 0 0 0 0 0 0
57 Q 18 105 157 111 0 0 1 0 0 0
57 Q 5 96 155 94 0 0 0 0 0 0
57 Q 96 21 94 29 0 0 0 0 0 0
57 Q 50 36 50 36 0 0 0 0 0 0
57 Q 23 7 22 6 0 0 0 0 0 0
57 Q 112 152 102 177 0 0 0 0 0 0
57 Q 148 27 144 154 -1 0 0 0 0 0
57 Q 150 142 0 146 0 0 0 0 0 0
57 Q 13 37 12 36 1 0 1 0 0 0
57 Q 180 9 181 8 0 0 0 0 -1 0
57 H 29 5 3 29 29 5 0 0 0 0 0 0 0 0 0 0
57 H 0 27 27 0 0 27 1 0 0 0 -1 0 0 0 1 0
57 H 35 19 19 37 35 19 0 0 1 0 0 0 -1 0 0 0
