0
0 d=671
0
671 A 4 0 -1 2 1 -2
671 A 5 0 2 1 -2 -1
671 A 6 0 -1 2 1 -2
671 A 7 0 -1 2 1 -2
671 A 8 0 3 2 -3 -2
671 A 8 0 -3 2 3 -2
671 A 8 0 1 2 -1 -2
671 A 8 0 -1 2 1 -2
671 A 9 0 4 1 -4 -1
671 A 10 0 3 4 -3 -4
671 A 12 0 5 2 -5 -2
671 A 12 0 -1 2 1 -2
671 A -1 1 83 0 -83 0
671 A -1 1 71 0 -71 0
671 A -1 1 55 0 -55 0
671 A -1 1 43 0 -43 0
671 A -1 1 41 0 -41 0
671 A -1 1 29 0 -29 0
671 A -1 1 13 0 -13 0
671 A 0 1 83 0 -83 0
671 A 0 1 71 0 -71 0
671 A 0 1 55 0 -55 0
671 A 0 1 43 0 -43 0
671 A 0 1 41 0 -41 0
671 A 0 1 29 0 -29 0
671 A 0 1 13 0 -13 0
671 A -2 1 67 1 -67 -1
671 A 1 1 -68 1 68 -1
671 A -3 1 56 1 -56 -1
671 A 2 1 -57 1 57 -1
671 A -4 1 81 2 -81 -2
671 A -4 1 67 1 -67 -1
671 A -4 1 19 0 -19 0
671 A 3 1 -68 1 68 -1
671 A 3 1 19 0 -19 0
671 A 3 1 -83 2 83 -2
671 A 14 0 -1 2 1 -2
671 A -6 1 77 2 -77 -2
671 A 5 1 -79 2 79 -2
671 A -7 1 22 1 -22 -1
671 A 6 1 -23 1 23 -1
671 A -8 1 7 1 -7 -1
671 A 7 1 -8 1 8 -1
671 A 15 0 -2 4 2 -4
671 A -9 1 32 1 -32 -1
671 A -9 1 44 3 -44 -3
671 A -9 1 62 3 -62 -3
671 A -9 1 22 1 -22 -1
671 A 8 1 -23 1 23 -1
671 A 8 1 -33 1 33 -1
671 A 8 1 -65 3 65 -3
671 A 8 1 -47 3 47 -3
671 A 16 0 -7 6 7 -6
671 A 16 0 -1 2 1 -2
671 A 16 0 1 6 -1 -6
671 A 16 0 7 2 -7 -2
671 A -12 1 25 2 -25 -2
671 A 11 1 -27 2 27 -2
671 A 18 0 5 8 -5 -8
671 A 20 0 7 6 -7 -6
671 A 20 0 -3 6 3 -6
671 A -16 1 73 6 -73 -6
671 A -16 1 19 1 -19 -1
671 A 15 1 -79 6 79 -6
671 A 15 1 -20 1 20 -1
671 A -17 1 46 5 -46 -5
671 A 16 1 -51 5 51 -5
671 A 21 0 8 5 -8 -5
671 A 24 0 -11 4 11 -4
671 A 24 0 -11 10 11 -10
671 A 24 0 7 10 -7 -10
671 A 24 0 7 4 -7 -4
671 A 24 0 -7 2 7 -2
671 A 24 0 5 2 -5 -2
671 A 24 0 -5 4 5 -4
671 A 24 0 1 10 -1 -10
671 A 24 0 1 4 -1 -4
671 A 24 0 -1 2 1 -2
671 A -21 1 34 3 -34 -3
671 A 20 1 -37 3 37 -3
671 A -1 2 -93 1 93 -1
671 A -8 2 101 2 -101 -2
671 A 6 2 -103 2 103 -2
671 A 28 0 13 2 -13 -2
671 A -16 2 65 4 -65 -4
671 A 14 2 -69 4 69 -4
671 A -18 2 31 2 -31 -2
671 A 16 2 -33 2 33 -2
671 A -29 1 12 3 -12 -3
671 A 28 1 -15 3 15 -3
671 A 35 1 -27 8 27 -8
671 A -36 1 19 8 -19 -8
671 A 5 0 -1 2 -1 2
671 A 17 0 7 3 7 3
671 A 5 0 -2 2 0 1
671 A 5 0 -1 1 0 2
671 A 7 0 -4 3 2 -1
671 A 7 0 -4 2 2 2
671 A 7 0 3 1 2 3
671 A 7 0 -3 1 -2 -1
671 A 7 0 -3 2 -2 3
671 A 7 0 1 3 -1 -1
671 A 7 0 1 2 -1 3
671 A 9 0 -5 4 -4 2
671 A 9 0 2 2 1 4
671 A 9 0 -2 1 -1 -1
671 A 9 0 -1 2 -2 4
671 A 11 0 -6 5 3 4
671 A 11 0 -6 4 -4 3
671 A 11 0 -6 3 3 3
671 A 11 0 -6 2 5 -3
671 A 11 0 -5 1 4 1
671 A 11 0 -5 2 5 -4
671 A 11 0 -5 5 0 3
671 A 11 0 -7 5 2 5
671 A 11 0 -7 4 1 5
671 A 11 0 4 2 -2 -3
671 A 11 0 -4 1 -2 3
671 A 11 0 -4 2 -1 -1
671 A 11 0 -4 4 0 1
671 A 11 0 -4 5 2 1
671 A 11 0 3 2 -1 -4
671 A 11 0 3 1 -1 3
671 A 11 0 -3 1 -1 5
671 A 11 0 -3 2 3 -5
671 A 11 0 -3 3 0 5
671 A 11 0 -3 4 -1 4
671 A 11 0 2 4 1 3
671 A 11 0 2 2 2 -1
671 A 11 0 -2 2 0 2
671 A 11 0 1 2 2 -5
671 A 11 0 -1 1 0 4
671 A -1 1 79 0 17 0
671 A -1 1 73 0 23 0
671 A -1 1 59 0 37 0
671 A -1 1 53 0 19 0
671 A -1 1 47 0 25 0
671 A 0 1 79 0 17 0
671 A 0 1 73 0 23 0
671 A 0 1 59 0 37 0
671 A 0 1 53 0 19 0
671 A 0 1 47 0 25 0
671 A 13 0 -7 6 4 -2
671 A 13 0 -7 5 1 -4
671 A 13 0 -7 4 -2 6
671 A 13 0 -7 3 5 -6
671 A 13 0 -7 2 1 3
671 A 13 0 6 1 3 -6
671 A 13 0 -6 1 6 -4
671 A 13 0 -6 2 -5 4
671 A 13 0 -6 3 -4 -4
671 A 13 0 -6 5 2 -3
671 A 13 0 -6 6 0 2
671 A 13 0 -8 6 -4 1
671 A 13 0 -8 5 -3 -5
671 A 13 0 -8 4 -3 -3
671 A 13 0 5 3 1 -2
671 A 13 0 5 2 -4 3
671 A 13 0 5 1 -2 -4
671 A 13 0 -5 1 5 -2
671 A 13 0 -5 3 2 3
671 A 13 0 -5 5 0 5
671 A 13 0 -9 6 4 -5
671 A 13 0 4 5 -2 4
671 A 13 0 4 3 1 -6
671 A 13 0 4 2 1 4
671 A 13 0 4 1 -3 -2
671 A 13 0 -4 4 0 3
671 A 13 0 -4 6 3 4
671 A 13 0 3 6 1 -5
671 A 13 0 3 1 2 6
671 A 13 0 -3 1 3 -5
671 A 13 0 -3 2 -1 -2
671 A 13 0 -3 3 0 4
671 A 13 0 -3 4 -2 -5
671 A 13 0 2 2 -1 -6
671 A 13 0 2 1 2 -5
671 A 13 0 -2 1 1 1
671 A 13 0 -2 2 0 6
671 A 13 0 1 5 1 -3
671 A -2 1 81 1 43 0
671 A -2 1 79 1 -21 0
671 A -2 1 77 1 69 1
671 A -2 1 65 1 -33 0
671 A -2 1 61 1 -27 0
671 A -2 1 59 1 39 0
671 A -2 1 41 0 29 0
671 A -2 1 37 0 -23 0
671 A 1 1 43 0 82 -1
671 A 1 1 41 0 29 0
671 A 1 1 39 0 60 -1
671 A 1 1 37 0 -23 0
671 A 1 1 33 0 -66 1
671 A 1 1 27 0 -62 1
671 A 1 1 21 0 -80 1
671 A 1 1 -70 1 -78 1
671 A -3 1 82 1 -40 -1
671 A -3 1 70 1 -31 0
671 A -3 1 58 1 74 1
671 A -3 1 52 1 -19 0
671 A -3 1 34 1 44 1
671 A -3 1 38 1 -17 0
671 A -3 1 50 1 -23 0
671 A -3 1 62 1 -80 -1
671 A 2 1 -83 1 41 -1
671 A 2 1 -81 1 63 -1
671 A 2 1 -75 1 -59 1
671 A 2 1 -71 1 31 0
671 A 2 1 23 0 -51 1
671 A 2 1 19 0 -53 1
671 A 2 1 17 0 -39 1
671 A 2 1 -35 1 -45 1
671 A -4 1 69 1 -33 -1
671 A -4 1 57 1 55 1
671 A -4 1 49 1 -17 0
671 A -4 1 37 1 71 2
671 A -4 1 25 1 27 1
671 A -4 1 39 1 -63 -1
671 A -4 1 43 1 -23 0
671 A 3 1 -56 1 -58 1
671 A 3 1 -50 1 17 0
671 A 3 1 23 0 -44 1
671 A 3 1 -28 1 -26 1
671 A 3 1 -34 1 70 -1
671 A 3 1 -40 1 64 -1
671 A 3 1 -73 2 -38 1
671 A -5 1 79 2 19 0
671 A -5 1 69 2 59 2
671 A -5 1 44 1 18 1
671 A -5 1 26 1 -81 -2
671 A -5 1 36 1 50 1
671 A -5 1 61 2 40 1
671 A -5 1 77 2 -57 -2
671 A -5 1 52 1 -28 -1
671 A -5 1 30 1 -38 -1
671 A -5 1 20 1 15 0
671 A 4 1 -83 2 27 -1
671 A 4 1 -79 2 59 -2
671 A 4 1 -51 1 -37 1
671 A 4 1 -39 1 31 -1
671 A 4 1 19 0 81 -2
671 A 4 1 15 0 21 -1
671 A 4 1 -29 1 53 -1
671 A 4 1 -41 1 -63 2
671 A 4 1 -45 1 -19 1
671 A 4 1 -61 2 -71 2
671 A -6 1 79 3 -43 -1
671 A -6 1 73 3 -31 -1
671 A -6 1 61 2 -13 -1
671 A -6 1 37 1 17 1
671 A -6 1 25 1 71 2
671 A -6 1 19 1 77 3
671 A -6 1 29 1 -17 0
671 A -6 1 47 2 -41 -1
671 A -6 1 59 2 -47 -1
671 A 5 1 -44 1 82 -3
671 A 5 1 -26 1 -73 2
671 A 5 1 -61 2 48 -1
671 A 5 1 -76 3 32 -1
671 A 5 1 -42 1 49 -2
671 A 5 1 17 0 -30 1
671 A 5 1 -18 1 -38 1
671 A 5 1 -63 2 14 -1
671 A 5 1 -20 1 -80 3
671 A -7 1 80 3 65 2
671 A -7 1 59 2 16 1
671 A -7 1 45 2 -68 -3
671 A -7 1 24 1 -47 -2
671 A -7 1 10 1 30 1
671 A -7 1 36 1 62 3
671 A -7 1 40 1 53 2
671 A 6 1 -83 3 -67 2
671 A 6 1 -41 1 -55 2
671 A 6 1 -25 1 49 -2
671 A 6 1 -31 1 -11 1
671 A 6 1 -37 1 -65 3
671 A 6 1 -61 2 -17 1
671 A 6 1 -47 2 71 -3
671 A -8 1 75 4 -51 -2
671 A -8 1 59 3 -19 -1
671 A -8 1 43 2 -11 -1
671 A -8 1 21 1 -61 -3
671 A -8 1 37 2 -69 -3
671 A -8 1 77 4 -29 -1
671 A -8 1 57 3 31 2
671 A -8 1 49 2 23 1
671 A -8 1 41 2 39 2
671 A -8 1 9 1 55 3
671 A -8 1 15 1 -31 -1
671 A 7 1 -53 2 79 -4
671 A 7 1 -32 1 16 -1
671 A 7 1 -10 1 -58 3
671 A 7 1 -24 1 -51 2
671 A 7 1 -45 2 12 -1
671 A 7 1 -30 1 81 -4
671 A 7 1 -72 3 39 -2
671 A 7 1 -22 1 64 -3
671 A 7 1 -43 2 -41 2
671 A 7 1 -20 1 62 -3
671 A 7 1 -33 2 -60 3
671 A 15 0 -5 4 2 -7
671 A 15 0 -5 7 -1 -4
671 A 15 0 4 7 -1 2
671 A -9 1 14 1 46 3
671 A -9 1 77 4 -8 -1
671 A -9 1 10 1 65 4
671 A -9 1 71 4 -56 -3
671 A -9 1 20 1 64 3
671 A 8 1 -21 1 -67 3
671 A 8 1 -11 1 -69 4
671 A 8 1 -59 3 75 -4
671 A 8 1 -9 1 81 -4
671 A 8 1 -49 3 -15 1
671 A 16 0 -9 6 -7 2
671 A 16 0 -5 2 -3 -2
671 A 16 0 -5 6 -3 2
671 A 16 0 -3 6 -5 -6
671 A 16 0 -1 6 1 2
671 A 16 0 3 6 5 2
671 A -10 1 73 4 81 4
671 A -10 1 53 3 75 4
671 A -10 1 47 3 47 2
671 A -10 1 57 4 75 5
671 A -10 1 67 4 -21 -2
671 A -10 1 41 2 -35 -2
671 A -10 1 21 1 -15 -1
671 A -10 1 9 1 65 3
671 A -10 1 29 2 -49 -3
671 A -10 1 39 2 -25 -1
671 A 9 1 -56 3 -79 4
671 A 9 1 -16 1 22 -1
671 A 9 1 -43 2 37 -2
671 A 9 1 -52 3 31 -2
671 A 9 1 -61 4 -80 5
671 A 9 1 -26 1 41 -2
671 A 9 1 -10 1 -68 3
671 A 9 1 -77 4 -85 4
671 A 9 1 -49 2 -50 3
671 A 9 1 -23 2 71 -4
671 A -11 1 40 3 55 4
671 A -11 1 18 1 71 4
671 A -11 1 59 4 -16 -1
671 A -11 1 70 5 -74 -5
671 A -11 1 76 5 54 3
671 A -11 1 43 2 -44 -3
671 A -11 1 12 1 -78 -5
671 A -11 1 23 2 61 4
671 A -11 1 34 3 -50 -3
671 A -11 1 38 3 -25 -2
671 A -11 1 22 1 -37 -2
671 A 10 1 -75 4 -19 1
671 A 10 1 -45 2 47 -3
671 A 10 1 -25 2 -65 4
671 A 10 1 -75 5 79 -5
671 A 10 1 -83 5 13 -1
671 A 10 1 -53 3 37 -3
671 A 10 1 -23 1 39 -2
671 A 10 1 -17 1 63 -4
671 A 10 1 -27 2 41 -3
671 A 10 1 -57 3 -81 5
671 A 10 1 -59 4 -43 3
671 A 17 0 -9 7 -3 -2
671 A 17 0 -9 2 6 -8
671 A 17 0 -8 2 1 6
671 A 17 0 -8 3 1 4
671 A 17 0 -8 6 3 -8
671 A 17 0 -8 7 -7 2
671 A 17 0 -10 8 11 -7
671 A 17 0 -10 4 -1 5
671 A 17 0 -7 3 -3 2
671 A 17 0 -7 5 -1 6
671 A 17 0 -7 6 6 2
671 A 17 0 -7 7 0 6
671 A 17 0 -7 8 -1 8
671 A 17 0 -11 8 -2 6
671 A 17 0 -6 2 -4 -2
671 A 17 0 -6 5 -12 8
671 A 17 0 -6 6 0 7
671 A 17 0 -5 2 -2 -7
671 A 17 0 -5 4 5 3
671 A 17 0 -5 5 0 5
671 A 17 0 -5 6 2 5
671 A 17 0 -5 8 -2 -6
671 A 17 0 -4 4 0 2
671 A 17 0 -4 5 6 4
671 A 17 0 -4 6 3 8
671 A 17 0 -3 4 1 -4
671 A 17 0 -3 6 -5 -7
671 A 17 0 -2 2 0 4
671 A 17 0 -2 4 1 -2
671 A 17 0 -2 8 -7 -2
671 A 17 0 1 2 4 3
671 A 17 0 1 5 4 8
671 A 17 0 1 7 5 2
671 A 17 0 2 8 -4 -7
671 A -12 1 65 4 -41 -3
671 A -12 1 53 3 55 3
671 A -12 1 17 1 19 1
671 A -12 1 37 3 -25 -1
671 A -12 1 23 2 -47 -3
671 A -12 1 83 5 -59 -4
671 A 11 1 -18 1 -20 1
671 A 11 1 -26 1 40 -3
671 A 11 1 -56 3 -58 3
671 A 11 1 -50 3 25 -2
671 A 11 1 -63 4 88 -5
671 A 11 1 -69 4 44 -3
671 A 18 0 7 4 -1 2
671 A 18 0 -7 2 1 4
671 A 18 0 -7 8 1 -8
671 A 18 0 5 2 -5 4
671 A -13 1 45 4 -79 -6
671 A -13 1 32 3 34 3
671 A -13 1 73 6 -51 -4
671 A -13 1 29 2 27 2
671 A -13 1 49 4 -38 -3
671 A -13 1 67 6 65 6
671 A -13 1 24 1 22 1
671 A -13 1 35 2 -46 -3
671 A 12 1 -31 2 -29 2
671 A 12 1 -41 3 53 -4
671 A 12 1 -23 1 -25 1
671 A 12 1 -37 2 49 -3
671 A 12 1 -37 3 -35 3
671 A 12 1 -49 4 85 -6
671 A 12 1 -73 6 -71 6
671 A 12 1 -55 4 79 -6
671 A -14 1 23 1 -53 -5
671 A -14 1 37 4 59 6
671 A -14 1 51 4 73 6
671 A -14 1 53 4 33 2
671 A -14 1 71 7 -15 -1
671 A -14 1 15 2 -29 -2
671 A -14 1 31 2 -47 -3
671 A 13 1 -33 2 50 -3
671 A 13 1 -57 4 -35 2
671 A 13 1 -31 2 17 -2
671 A 13 1 -55 4 -79 6
671 A 13 1 -16 1 78 -7
671 A 13 1 -24 1 58 -5
671 A 13 1 -65 6 -41 4
671 A 19 0 -10 9 -4 2
671 A 19 0 -10 5 -4 -4
671 A 19 0 -9 2 2 6
671 A 19 0 -9 3 -4 -2
671 A 19 0 -9 4 -8 5
671 A 19 0 -9 5 -4 -5
671 A 19 0 -11 9 3 4
671 A 19 0 -11 5 12 -9
671 A 19 0 -8 3 -4 9
671 A 19 0 -8 4 -5 -5
671 A 19 0 -8 6 7 2
671 A 19 0 7 5 5 9
671 A 19 0 -7 2 6 -9
671 A 19 0 -7 3 4 3
671 A 19 0 -7 4 2 9
671 A 19 0 -7 8 -2 -3
671 A 19 0 -13 9 -4 -9
671 A 19 0 -13 8 4 -5
671 A 19 0 6 5 -3 -9
671 A 19 0 6 3 6 -2
671 A 19 0 5 8 1 -5
671 A 19 0 5 4 3 5
671 A 19 0 5 3 -5 9
671 A 19 0 5 2 3 -9
671 A 19 0 -5 3 1 -8
671 A 19 0 -5 5 0 5
671 A 19 0 -5 6 -1 6
671 A 19 0 -4 6 1 -3
671 A 19 0 -3 3 0 2
671 A 19 0 2 2 1 9
671 A 19 0 -2 2 0 3
671 A 19 0 -2 3 2 -6
671 A 19 0 -1 2 3 -6
671 A -15 1 35 2 67 6
671 A -15 1 76 7 26 3
671 A -15 1 41 4 -56 -5
671 A -15 1 37 4 53 4
671 A -15 1 68 5 22 1
671 A -15 1 16 1 -31 -2
671 A 14 1 -37 2 -73 6
671 A 14 1 -23 1 -73 5
671 A 14 1 -33 2 17 -1
671 A 14 1 -61 5 45 -4
671 A 14 1 -29 3 -83 7
671 A 14 1 -57 4 -41 4
671 A 20 0 -11 6 -5 2
671 A 20 0 -7 2 -5 6
671 A 20 0 5 6 3 2
671 A 20 0 5 2 -1 6
671 A -16 1 67 7 -59 -6
671 A -16 1 51 5 45 4
671 A -16 1 23 2 41 3
671 A -16 1 71 6 81 7
671 A 15 1 -49 4 -56 5
671 A 15 1 -44 3 -25 2
671 A 15 1 -77 6 -88 7
671 A 15 1 -65 6 74 -7
671 A -17 1 48 5 9 2
671 A -17 1 75 8 -69 -6
671 A -17 1 74 7 -23 -2
671 A -17 1 49 4 -71 -6
671 A -17 1 39 4 20 1
671 A 16 1 -11 2 -53 5
671 A 16 1 -43 4 -21 1
671 A 16 1 -75 6 83 -8
671 A 16 1 -77 6 53 -4
671 A 16 1 -25 2 81 -7
671 A 21 0 -13 8 -8 4
671 A 21 0 5 8 4 4
671 A 21 0 -4 8 -5 10
671 A -18 1 85 8 35 3
671 A -18 1 23 3 -71 -7
671 A -18 1 53 7 -53 -5
671 A -18 1 61 6 -43 -4
671 A -18 1 25 2 29 4
671 A 17 1 -67 6 47 -4
671 A 17 1 -78 7 26 -3
671 A 17 1 -27 2 -33 4
671 A 17 1 -58 5 60 -7
671 A 17 1 -93 8 -38 3
671 A -19 1 5 2 26 3
671 A 18 1 -29 3 -7 2
671 A 23 0 -12 6 3 3
671 A 23 0 -12 5 5 -3
671 A 23 0 -11 6 -8 -5
671 A 23 0 -13 6 8 -3
671 A 23 0 -13 5 -5 -6
671 A 23 0 10 3 -4 8
671 A 23 0 -10 6 6 9
671 A 23 0 9 5 -7 -9
671 A 23 0 -9 6 1 2
671 A 23 0 -9 8 -8 5
671 A 23 0 -15 9 4 6
671 A 23 0 -8 8 0 7
671 A 23 0 -8 11 -4 7
671 A 23 0 -16 11 4 -5
671 A 23 0 7 6 -5 -3
671 A 23 0 7 5 -2 -3
671 A 23 0 -7 2 3 -8
671 A 23 0 -7 3 -4 -3
671 A 23 0 -7 7 0 8
671 A 23 0 6 11 1 -2
671 A 23 0 6 6 -6 3
671 A 23 0 -6 7 3 2
671 A 23 0 5 11 1 -5
671 A 23 0 5 2 5 -8
671 A 23 0 -5 2 -1 7
671 A 23 0 3 6 -3 2
671 A 23 0 3 5 1 8
671 A 23 0 -2 4 -3 6
671 A 23 0 -3 11 -3 7
671 A -20 1 45 6 -33 -3
671 A -20 1 5 2 67 7
671 A -20 1 69 8 27 2
671 A -20 1 23 2 -27 -3
671 A 19 1 -30 3 25 -2
671 A 19 1 -36 3 51 -6
671 A 19 1 -74 7 -7 2
671 A 19 1 -77 8 -29 2
671 A -21 1 73 8 -19 -2
671 A -21 1 65 10 -74 -9
671 A -21 1 64 7 62 7
671 A -21 1 43 4 41 4
671 A -21 1 22 1 20 1
671 A 20 1 -83 9 75 -10
671 A 20 1 -23 1 -21 1
671 A 20 1 -71 7 -69 7
671 A 20 1 -21 2 81 -8
671 A 20 1 -47 4 -45 4
671 A 25 0 -12 12 0 11
671 A 25 0 -11 11 0 12
671 A 25 0 -10 11 -7 2
671 A 25 0 -9 3 -9 8
671 A 25 0 -8 8 0 4
671 A 25 0 -4 4 0 8
671 A 25 0 -3 6 -2 4
671 A 25 0 -1 11 5 2
671 A 25 0 1 8 6 3
671 A -22 1 31 6 33 5
671 A -22 1 9 2 -19 -4
671 A 21 1 -23 4 11 -2
671 A 21 1 -38 5 -37 6
671 A -1 2 -45 1 140 -1
671 A -1 2 54 0 -87 0
671 A -1 2 -74 1 105 0
671 A -2 2 29 0 139 0
671 A 0 2 139 0 29 0
671 A -23 1 40 7 11 2
671 A -23 1 49 8 -12 -3
671 A -23 1 50 7 -23 -4
671 A -23 1 23 2 -35 -4
671 A 22 1 -25 2 39 -4
671 A 22 1 -47 7 -13 2
671 A 22 1 -27 4 57 -7
671 A 22 1 -57 8 15 -3
671 A -3 2 115 1 -55 -1
671 A -3 2 29 0 -80 -1
671 A -3 2 32 1 -131 0
671 A -3 2 56 0 -107 -1
671 A -3 2 62 1 -101 0
671 A -3 2 119 1 28 0
671 A -3 2 128 0 58 0
671 A -3 2 34 0 -139 0
671 A 1 2 139 0 -34 0
671 A 1 2 131 0 -33 1
671 A 1 2 128 0 58 0
671 A 1 2 101 0 -63 1
671 A 1 2 56 0 -108 1
671 A 1 2 29 0 -81 1
671 A 1 2 28 0 120 -1
671 A 1 2 -56 1 116 -1
671 A -5 2 138 2 120 1
671 A -5 2 33 1 29 0
671 A -5 2 37 1 54 1
671 A -5 2 149 2 -58 0
671 A -5 2 55 1 108 1
671 A 3 2 -140 2 -121 1
671 A 3 2 -56 1 -109 1
671 A 3 2 -38 1 -55 1
671 A 3 2 29 0 34 -1
671 A 3 2 58 0 -151 2
671 A -7 2 158 3 -100 -2
671 A -7 2 30 0 -158 -2
671 A -7 2 148 3 -29 0
671 A -7 2 43 1 69 2
671 A 5 2 -44 1 -71 2
671 A 5 2 29 0 -151 3
671 A 5 2 -160 2 30 0
671 A 5 2 -161 3 102 -2
671 A -24 1 59 10 61 10
671 A -24 1 11 2 13 2
671 A -24 1 25 2 -49 -7
671 A 23 1 -56 7 27 -2
671 A 23 1 -69 10 -71 10
671 A 23 1 -13 2 -15 2
671 A -8 2 143 2 -31 0
671 A -8 2 141 2 -29 0
671 A 6 2 -143 2 29 0
671 A 6 2 31 0 -145 2
671 A 27 0 -14 13 14 -7
671 A 27 0 1 13 -7 -7
671 A -9 2 97 3 125 4
671 A -9 2 70 2 140 3
671 A -9 2 52 2 113 3
671 A -9 2 56 1 -35 -1
671 A -9 2 65 1 37 0
671 A -9 2 74 2 -53 -2
671 A 7 2 -66 1 -37 0
671 A 7 2 -129 4 -100 3
671 A 7 2 -143 3 -72 2
671 A 7 2 -36 1 57 -1
671 A 7 2 -55 2 76 -2
671 A 7 2 -54 2 -116 3
671 A -25 1 31 4 -49 -10
671 A -25 1 49 6 -47 -8
671 A -25 1 15 2 69 10
671 A 24 1 -35 4 59 -10
671 A 24 1 -17 2 -79 10
671 A 24 1 -55 6 55 -8
671 A -11 2 58 1 -148 -4
671 A -11 2 36 1 54 2
671 A -11 2 32 0 -104 -3
671 A -11 2 27 1 72 2
671 A 9 2 -59 1 152 -4
671 A 9 2 32 0 -107 3
671 A 9 2 -37 1 -56 2
671 A 9 2 -74 2 -28 1
671 A 28 0 -15 10 -13 2
671 A 28 0 -15 6 -13 10
671 A 28 0 11 2 5 10
671 A 28 0 9 6 3 10
671 A -13 2 28 2 133 4
671 A -13 2 143 4 89 3
671 A 11 2 -147 4 -92 3
671 A 11 2 -137 4 -30 2
671 A -26 1 83 12 55 8
671 A -26 1 81 12 23 6
671 A -26 1 29 7 49 9
671 A 25 1 -95 12 -63 8
671 A 25 1 -58 9 -36 7
671 A 25 1 -29 6 -93 12
671 A -14 2 103 4 81 4
671 A 12 2 -107 4 -85 4
671 A 29 0 -15 14 -1 -14
671 A 29 0 -14 14 0 10
671 A 29 0 -16 14 11 -10
671 A 29 0 -10 10 0 14
671 A 29 0 1 10 -2 -14
671 A -15 2 49 3 149 6
671 A -15 2 65 4 58 2
671 A 13 2 -155 6 -52 3
671 A 13 2 -60 2 -69 4
671 A -27 1 68 13 -56 -9
671 A -27 1 35 4 19 2
671 A 26 1 -21 2 -39 4
671 A 26 1 -65 9 81 -13
671 A -28 1 47 9 81 13
671 A 27 1 -94 13 -56 9
671 A -18 2 127 8 23 2
671 A 16 2 -135 8 -25 2
671 A 31 0 1 10 -15 8
671 A 31 0 -11 10 7 8
671 A 31 0 1 7 -9 4
671 A 31 0 -8 7 5 4
671 A -29 1 47 10 -50 -7
671 A 28 1 -57 10 57 -7
671 A -30 1 59 10 13 4
671 A 29 1 -69 10 -17 4
671 S -1 1 4 0
671 S -3 3 8 0
671 S -1 1 8 0
671 S 6 1 14 0
671 S 4 3 14 0
671 S 2 5 14 0
671 S -3 3 7 0
671 S -2 2 7 0
671 S -1 1 7 0
671 S 0 5 12 0
671 S 0 1 12 0
671 S 0 1 6 0
671 S -3 1 6 0
671 S 3 5 12 0
671 S 3 1 12 0
671 S -6 3 10 0
671 S -2 1 10 0
671 S -2 1 5 0
671 S 1 2 5 0
671 S 3 1 10 0
671 S -1 3 10 0
671 S -4 1 9 0
671 S 2 4 9 0
671 S 1 2 9 0
671 S 5 1 11 0
671 S 4 3 11 0
671 S 3 5 11 0
671 S -2 4 11 0
671 S -1 2 11 0
671 S -6 4 9 0
671 S 3 1 9 0
671 S -3 2 9 0
671 S -4 1 10 0
671 S -2 3 10 0
671 S -3 2 5 0
671 S 1 1 5 0
671 S 3 3 10 0
671 S 1 1 10 0
671 S -8 5 12 0
671 S -4 1 12 0
671 S 2 1 6 0
671 S -1 1 6 0
671 S -5 5 12 0
671 S -1 1 12 0
671 S 0 3 7 0
671 S 0 2 7 0
671 S 0 1 7 0
671 S -7 5 14 0
671 S -7 3 14 0
671 S -7 1 14 0
671 S 0 3 8 0
671 S 0 1 8 0
671 S 0 1 4 0
671 T 1426 1873 1268 0 0
671 T 2052 996 1424 0 0
671 T 2050 989 1440 0 0
671 T 1270 2265 2054 0 0
671 T 996 2263 1873 0 0
671 T 2647 1943 1876 0 0
671 T 1878 1242 1074 0 0
671 T 1072 2174 2649 0 0
671 T 2174 1240 1943 0 0
671 T 1988 1925 1913 0 0
671 T 1975 1989 1965 0 0
671 T 1935 1918 1934 0 0
671 T 1910 1977 1920 0 0
671 T 1916 1908 1967 0 0
671 T 1950 1925 1937 0 0
671 T 593 2379 1990 0 0
671 T 1911 2526 591 0 0
671 T 2379 2524 1925 0 0
671 T 1859 973 2246 0 0
671 T 330 1567 1861 0 0
671 T 2244 2168 328 0 0
671 T 1567 2170 973 0 0
671 T 1137 236 1404 0 0
671 T 288 1292 1135 0 0
671 T 1406 978 290 0 0
671 T 1292 976 236 0 0
671 T 1626 1415 845 0 0
671 T 832 1435 1624 0 0
671 T 1435 319 1415 0 0
671 T 1045 462 1048 0 0
671 T 462 1001 942 0 0
671 T 2496 1060 765 0 0
671 T 763 1343 2063 0 0
671 T 982 1345 1060 0 0
671 T 406 763 980 0 0
671 T 982 2 448 0 0
671 T 450 489 404 0 0
671 T 402 486 412 0 0
671 T 500 524 522 0 0
671 T 515 482 498 0 0
671 T 486 533 512 0 0
671 T 432 388 467 0 0
671 T 471 439 530 0 0
671 T 414 409 453 0 0
671 T 401 457 443 0 0
671 T 406 393 408 0 0
671 T 477 509 443 0 0
671 T 455 415 438 0 0
671 T 477 450 482 0 0
671 T 515 506 530 0 0
671 T 511 469 433 0 0
671 T 494 461 464 0 0
671 T 395 415 488 0 0
671 T 423 383 506 0 0
671 T 501 465 429 0 0
671 T 498 492 520 0 0
671 T 384 428 454 0 0
671 T 460 420 532 0 0
671 T 392 436 473 0 0
671 T 442 425 396 0 0
671 T 421 508 387 0 0
671 T 489 1 763 0 0
671 T 485 2143 1100 0 0
671 T 1981 352 483 0 0
671 T 1102 2537 1979 0 0
671 T 352 2535 2143 0 0
671 T 212 412 625 0 0
671 T 623 484 1129 0 0
671 T 1127 402 214 0 0
671 T 370 1797 227 0 0
671 T 229 580 199 0 0
671 T 81 582 1797 0 0
671 T 1165 2046 1554 0 0
671 T 2530 1951 1163 0 0
671 T 1552 2202 2528 0 0
671 T 1951 2200 2046 0 0
671 T 1040 2474 2393 0 0
671 T 2602 2101 1042 0 0
671 T 2391 731 2600 0 0
671 T 2101 733 2474 0 0
671 T 2397 1699 118 0 0
671 T 2213 376 2395 0 0
671 T 2200 372 2406 0 0
671 T 117 2113 2211 0 0
671 T 376 2111 1699 0 0
671 T 1740 1809 468 0 0
671 T 1809 260 1830 0 0
671 T 253 1820 1842 0 0
671 T 1828 1729 470 0 0
671 T 1729 262 1742 0 0
671 T 520 1233 1855 0 0
671 T 1857 1197 502 0 0
671 T 1197 1231 524 0 0
671 T 1015 1172 1277 0 0
671 T 1275 2085 743 0 0
671 T 745 247 1017 0 0
671 T 247 2083 1172 0 0
671 T 956 1383 1025 0 0
671 T 985 1335 958 0 0
671 T 1319 985 1023 0 0
671 T 1335 1319 1383 0 0
671 T 1268 1264 1345 0 0
671 T 1376 1310 1263 0 0
671 T 1355 1363 1391 0 0
671 T 1358 1386 1340 0 0
671 T 1368 1294 1274 0 0
671 T 1290 1338 1354 0 0
671 T 1374 1367 1360 0 0
671 T 1299 1275 1378 0 0
671 T 1348 1332 1380 0 0
671 T 1350 1373 1360 0 0
671 T 1387 1330 1318 0 0
671 T 1260 1280 1318 0 0
671 T 1312 1322 1298 0 0
671 T 1364 1314 1286 0 0
671 T 680 411 1557 0 0
671 T 977 1593 682 0 0
671 T 1555 612 975 0 0
671 T 1593 614 411 0 0
671 T 1963 2145 1130 0 0
671 T 1128 2627 1977 0 0
671 T 1989 2629 2145 0 0
671 T 639 1451 1055 0 0
671 T 1311 1161 641 0 0
671 T 1057 2062 1313 0 0
671 T 1161 2060 1451 0 0
671 T 1256 1345 1021 0 0
671 T 729 1268 1258 0 0
671 T 1019 1266 727 0 0
671 T 352 2013 1507 0 0
671 T 1447 878 354 0 0
671 T 896 1443 356 0 0
671 T 878 814 2013 0 0
671 T 203 1427 1400 0 0
671 T 94 203 106 0 0
671 T 1733 2456 2126 0 0
671 T 2312 2579 1731 0 0
671 T 2124 1453 2314 0 0
671 T 2579 1451 2456 0 0
671 T 1445 2460 2585 0 0
671 T 1607 1163 927 0 0
671 T 1646 1625 1609 0 0
671 T 1614 1670 1632 0 0
671 T 1635 1615 1654 0 0
671 T 1617 1601 1595 0 0
671 T 1657 1628 1667 0 0
671 T 1685 1706 1687 0 0
671 T 1583 1607 1606 0 0
671 T 1651 1623 1645 0 0
671 T 1709 1688 1699 0 0
671 T 1602 1665 1584 0 0
671 T 1694 1708 1704 0 0
671 T 1672 1593 1613 0 0
671 T 929 1383 1644 0 0
671 T 1625 1385 1163 0 0
671 T 729 699 33 0 0
671 T 714 740 35 0 0
671 T 727 702 114 0 0
671 T 739 108 712 0 0
671 T 712 997 726 0 0
671 T 755 699 989 0 0
671 T 264 1272 714 0 0
671 T 724 643 266 0 0
671 T 1272 645 997 0 0
671 T 397 764 576 0 0
671 T 578 245 229 0 0
671 T 227 1184 395 0 0
671 T 1184 243 764 0 0
671 T 553 1633 590 0 0
671 T 452 1119 588 0 0
671 T 1156 480 551 0 0
671 T 1119 0 1158 0 0
671 T 2650 542 2561 0 0
671 T 2559 822 2171 0 0
671 T 822 540 1071 0 0
671 T 1776 2474 1201 0 0
671 T 629 2101 1778 0 0
671 T 1199 731 627 0 0
671 T 817 1866 115 0 0
671 T 2042 1327 815 0 0
671 T 116 2274 2040 0 0
671 T 1327 2272 1866 0 0
671 T 1290 671 619 0 0
671 T 1222 9 1288 0 0
671 T 621 303 1220 0 0
671 T 9 305 671 0 0
671 T 1061 405 2074 0 0
671 T 341 2266 2447 0 0
671 T 2164 1303 339 0 0
671 T 2266 1305 2338 0 0
671 T 433 2445 2240 0 0
671 T 1870 2414 431 0 0
671 T 2242 749 1868 0 0
671 T 2414 747 2445 0 0
671 T 1199 1632 1226 0 0
671 T 1858 1614 1201 0 0
671 T 1224 1668 1856 0 0
671 T 278 318 248 0 0
671 T 338 314 334 0 0
671 T 274 278 244 0 0
671 T 282 325 300 0 0
671 T 287 263 294 0 0
671 T 305 269 297 0 0
671 T 310 318 284 0 0
671 T 336 328 309 0 0
671 T 305 285 261 0 0
671 T 266 247 256 0 0
671 T 300 328 341 0 0
671 T 257 252 279 0 0
671 T 313 296 287 0 0
671 T 323 245 269 0 0
671 T 320 292 342 0 0
671 T 744 1230 276 0 0
671 T 1230 1018 318 0 0
671 T 332 912 889 0 0
671 T 406 338 887 0 0
671 T 314 406 912 0 0
671 T 1933 467 2546 0 0
671 T 1210 2444 1931 0 0
671 T 2544 2176 1208 0 0
671 T 2444 2178 467 0 0
671 T 12 1550 560 0 0
671 T 562 2025 1238 0 0
671 T 1236 1099 11 0 0
671 T 1099 2023 1550 0 0
671 T 1692 2116 357 0 0
671 T 2422 116 1694 0 0
671 T 355 2250 2420 0 0
671 T 351 2261 2425 0 0
671 T 116 2248 2116 0 0
671 T 1378 793 1017 0 0
671 T 728 1681 793 0 0
671 T 2458 2098 762 0 0
671 T 760 2587 2427 0 0
671 T 2429 1055 2456 0 0
671 T 1055 2589 2098 0 0
671 T 1652 1578 1391 0 0
671 T 1393 663 1637 0 0
671 T 1615 665 1578 0 0
671 T 1767 854 621 0 0
671 T 619 571 978 0 0
671 T 976 750 1769 0 0
671 T 750 573 854 0 0
671 T 174 563 1786 0 0
671 T 1784 83 564 0 0
671 T 832 1355 1652 0 0
671 T 1576 1365 834 0 0
671 T 685 1396 961 0 0
671 T 959 687 1407 0 0
671 T 1409 1089 683 0 0
671 T 1089 689 1396 0 0
671 T 232 557 278 0 0
671 T 456 575 557 0 0
671 T 1574 1269 20 0 0
671 T 1572 775 1346 0 0
671 T 1265 777 19 0 0
671 T 2526 229 2101 0 0
671 T 2604 905 2524 0 0
671 T 2099 1133 2606 0 0
671 T 905 1131 229 0 0
671 T 2022 1830 719 0 0
671 T 721 1729 871 0 0
671 T 873 468 2020 0 0
671 T 2448 2251 996 0 0
671 T 1873 2253 342 0 0
671 T 2563 2636 2379 0 0
671 T 2381 537 2554 0 0
671 T 2552 2560 2565 0 0
671 T 2570 2554 2558 0 0
671 T 2560 535 2636 0 0
671 T 2376 2542 1915 0 0
671 T 2453 2610 2378 0 0
671 T 1917 895 2451 0 0
671 T 2610 897 2542 0 0
671 T 2615 1366 1999 0 0
671 T 2001 1356 2308 0 0
671 T 2310 1392 2617 0 0
671 T 230 1912 1845 0 0
671 T 1843 99 367 0 0
671 T 1798 100 1912 0 0
671 T 1661 702 209 0 0
671 T 207 2147 143 0 0
671 T 144 2507 1659 0 0
671 T 2507 2149 702 0 0
671 T 1947 2433 1250 0 0
671 T 1755 2384 1949 0 0
671 T 1248 784 1757 0 0
671 T 2384 786 2433 0 0
671 T 582 1976 1878 0 0
671 T 1876 1966 1615 0 0
671 T 1617 1988 580 0 0
671 T 197 1325 374 0 0
671 T 2485 2440 195 0 0
671 T 372 2220 2483 0 0
671 T 2440 2222 1325 0 0
671 T 1381 1538 358 0 0
671 T 356 653 238 0 0
671 T 642 351 242 0 0
671 T 236 967 1379 0 0
671 T 967 651 1538 0 0
671 T 1100 624 1963 0 0
671 T 522 1225 1731 0 0
671 T 1733 1667 1233 0 0
671 T 1578 1819 22 0 0
671 T 1819 1617 917 0 0
671 T 6 300 1011 0 0
671 T 661 282 5 0 0
671 T 1013 323 659 0 0
671 T 1902 1690 2476 0 0
671 T 890 1472 1900 0 0
671 T 2478 2193 888 0 0
671 T 1472 2191 1690 0 0
671 T 2045 1774 975 0 0
671 T 572 1204 2043 0 0
671 T 1204 620 1774 0 0
671 T 1342 930 1436 0 0
671 T 1438 1643 1356 0 0
671 T 1598 1932 916 0 0
671 T 1505 1598 5 0 0
671 T 1503 584 1932 0 0
671 T 2644 2195 1071 0 0
671 T 594 2569 2646 0 0
671 T 1073 868 592 0 0
671 T 2569 870 2195 0 0
671 T 1272 1558 486 0 0
671 T 484 375 1370 0 0
671 T 1294 377 1558 0 0
671 T 52 911 823 0 0
671 T 37 858 890 0 0
671 T 1289 1205 137 0 0
671 T 1205 135 1288 0 0
671 T 2538 2381 2568 0 0
671 T 2556 535 2536 0 0
671 T 2029 2223 887 0 0
671 T 889 784 408 0 0
671 T 410 1891 2027 0 0
671 T 1891 786 2223 0 0
671 T 14 1723 851 0 0
671 T 2203 1942 13 0 0
671 T 853 2188 2205 0 0
671 T 1942 2190 1723 0 0
671 T 1940 1505 289 0 0
671 T 292 1173 1942 0 0
671 T 1505 1171 263 0 0
671 T 2046 1532 2299 0 0
671 T 2301 309 2138 0 0
671 T 2136 2003 2044 0 0
671 T 2003 307 1532 0 0
671 T 1068 725 2054 0 0
671 T 1070 755 2048 0 0
671 T 2052 1640 1543 0 0
671 T 1545 553 1070 0 0
671 T 553 1642 725 0 0
671 T 1821 1933 1601 0 0
671 T 927 1960 738 0 0
671 T 736 2483 2187 0 0
671 T 2189 1541 929 0 0
671 T 1541 2485 1960 0 0
671 T 2155 1935 470 0 0
671 T 2545 1916 2157 0 0
671 T 2625 2637 1 0 0
671 T 2623 2533 538 0 0
671 T 2559 2531 2 0 0
671 T 1732 2594 159 0 0
671 T 704 2140 1734 0 0
671 T 297 2142 2276 0 0
671 T 2278 146 2579 0 0
671 T 2581 2592 295 0 0
671 T 295 1040 1999 0 0
671 T 2001 1748 303 0 0
671 T 269 1750 1040 0 0
671 T 2267 1657 1731 0 0
671 T 1231 1630 2269 0 0
671 T 586 2412 2216 0 0
671 T 584 2407 2210 0 0
671 T 2218 1725 1503 0 0
671 T 2216 1718 1512 0 0
671 T 1932 1723 2412 0 0
671 T 1439 714 1004 0 0
671 T 699 1424 1003 0 0
671 T 17 742 1441 0 0
671 T 1423 730 16 0 0
671 T 1104 901 4 0 0
671 T 1512 930 3 0 0
671 T 901 1868 1514 0 0
671 T 930 1870 1106 0 0
671 T 905 1687 439 0 0
671 T 441 1704 896 0 0
671 T 898 1685 903 0 0
671 T 2292 237 2395 0 0
671 T 2404 239 2299 0 0
671 T 117 2037 2294 0 0
671 T 2037 1701 237 0 0
671 T 389 2466 2047 0 0
671 T 742 1495 387 0 0
671 T 2049 1826 740 0 0
671 T 1495 1824 2466 0 0
671 T 235 1217 1261 0 0
671 T 1259 841 2035 0 0
671 T 1701 839 1217 0 0
671 T 610 1454 1041 0 0
671 T 2392 2572 608 0 0
671 T 2572 2471 1454 0 0
671 T 2481 2578 1445 0 0
671 T 1318 2198 877 0 0
671 T 653 2127 1316 0 0
671 T 875 2 651 0 0
671 T 2127 1 2198 0 0
671 T 2216 1849 1870 0 0
671 T 1849 584 431 0 0
671 T 275 1157 497 0 0
671 T 243 427 1122 0 0
671 T 1743 2471 2106 0 0
671 T 502 1202 1745 0 0
671 T 2104 1775 500 0 0
671 T 1772 2297 2006 0 0
671 T 2297 977 2135 0 0
671 T 496 1052 598 0 0
671 T 596 220 517 0 0
671 T 482 222 1052 0 0
671 T 2030 514 2476 0 0
671 T 2226 2191 514 0 0
671 T 1711 190 1738 0 0
671 T 605 92 1713 0 0
671 T 189 605 646 0 0
671 T 1736 102 644 0 0
671 T 1132 8 1039 0 0
671 T 8 2603 2599 0 0
671 T 2260 146 2429 0 0
671 T 62 2430 2262 0 0
671 T 1243 1181 322 0 0
671 T 635 364 1245 0 0
671 T 364 1307 346 0 0
671 T 344 629 1181 0 0
671 T 2430 642 2582 0 0
671 T 514 789 1475 0 0
671 T 1477 1359 484 0 0
671 T 1359 787 533 0 0
671 T 130 1216 2232 0 0
671 T 2234 365 1286 0 0
671 T 1284 543 129 0 0
671 T 1286 56 1802 0 0
671 T 1801 540 1259 0 0
671 T 543 363 1216 0 0
671 T 440 1354 884 0 0
671 T 886 1336 907 0 0
671 T 909 1290 442 0 0
671 T 1584 1920 1889 0 0
671 T 1887 1975 564 0 0
671 T 566 1910 1586 0 0
671 T 1362 742 421 0 0
671 T 419 1049 1372 0 0
671 T 1367 1047 742 0 0
671 T 1650 2513 144 0 0
671 T 2372 283 1648 0 0
671 T 2513 285 2612 0 0
671 T 2301 610 2202 0 0
671 T 2214 611 2293 0 0
671 T 372 608 239 0 0
671 T 611 375 238 0 0
671 T 1582 2088 1284 0 0
671 T 1800 1216 1580 0 0
671 T 1216 55 2088 0 0
671 T 16 559 1250 0 0
671 T 536 800 15 0 0
671 T 1248 950 538 0 0
671 T 800 948 559 0 0
671 T 387 2236 1830 0 0
671 T 2020 1837 389 0 0
671 T 2236 1835 721 0 0
671 T 660 1917 1601 0 0
671 T 1821 1938 662 0 0
671 T 580 1464 1152 0 0
671 T 1154 2631 1976 0 0
671 T 1876 2633 1464 0 0
671 T 1880 1173 13 0 0
671 T 2203 294 1882 0 0
671 T 1969 542 2539 0 0
671 T 2375 540 1908 0 0
671 T 1177 2055 178 0 0
671 T 181 2228 1175 0 0
671 T 2228 1404 2055 0 0
671 T 350 1784 233 0 0
671 T 1818 97 348 0 0
671 T 231 1967 1816 0 0
671 T 97 1969 1784 0 0
671 T 1336 1236 1206 0 0
671 T 1354 138 1236 0 0
671 T 1751 2400 720 0 0
671 T 1836 547 1753 0 0
671 T 547 2235 2400 0 0
671 T 2383 2243 547 0 0
671 T 1869 649 1068 0 0
671 T 1070 819 1103 0 0
671 T 819 647 927 0 0
671 T 195 850 494 0 0
671 T 187 191 197 0 0
671 T 191 466 805 0 0
671 T 1752 1145 2332 0 0
671 T 1671 2180 1754 0 0
671 T 2334 1773 1673 0 0
671 T 2180 1771 1145 0 0
671 T 2455 1224 1806 0 0
671 T 1804 521 2123 0 0
671 T 14 571 1208 0 0
671 T 1210 750 1724 0 0
671 T 718 1127 220 0 0
671 T 222 565 234 0 0
671 T 1510 563 1127 0 0
671 T 720 1253 1621 0 0
671 T 1524 1621 2 0 0
671 T 1526 1276 722 0 0
671 T 1253 1278 1 0 0
671 T 388 2239 2176 0 0
671 T 338 1534 1145 0 0
671 T 771 239 336 0 0
671 T 1143 509 773 0 0
671 T 239 507 1534 0 0
671 T 1553 567 732 0 0
671 T 1551 574 12 0 0
671 T 734 599 574 0 0
671 T 599 569 11 0 0
671 T 1307 1468 1522 0 0
671 T 1520 1709 344 0 0
671 T 366 1707 1468 0 0
671 T 1690 2121 1475 0 0
671 T 1477 1495 1684 0 0
671 T 1495 2119 1705 0 0
671 T 1176 238 1330 0 0
671 T 1328 591 1788 0 0
671 T 1394 57 1789 0 0
671 T 1392 598 126 0 0
671 T 1790 1697 1178 0 0
671 T 1697 593 238 0 0
671 T 1693 238 2039 0 0
671 T 238 2419 2271 0 0
671 T 2423 2277 240 0 0
671 T 528 1704 1521 0 0
671 T 1519 898 473 0 0
671 T 1198 1754 330 0 0
671 T 2298 1671 1196 0 0
671 T 328 2182 2296 0 0
671 T 819 1921 1609 0 0
671 T 1921 647 1163 0 0
671 T 1696 2058 1392 0 0
671 T 1177 58 2058 0 0
671 T 821 1604 1888 0 0
671 T 1890 1214 1072 0 0
671 T 541 1212 1604 0 0
671 T 19 1378 721 0 0
671 T 1525 1299 20 0 0
671 T 841 1883 117 0 0
671 T 1883 1259 2294 0 0
671 T 2147 689 2512 0 0
671 T 1649 687 209 0 0
671 T 2402 2344 1146 0 0
671 T 1144 389 193 0 0
671 T 191 2515 2400 0 0
671 T 2515 387 2344 0 0
671 T 1548 2259 2538 0 0
671 T 2023 1980 2259 0 0
671 T 611 2110 1318 0 0
671 T 613 921 2 0 0
671 T 1316 2174 921 0 0
671 T 2174 2108 1 0 0
671 T 2023 1766 969 0 0
671 T 967 2267 2139 0 0
671 T 2141 1994 2025 0 0
671 T 1994 2269 1766 0 0
671 T 1033 964 1277 0 0
671 T 1252 409 1031 0 0
671 T 964 407 1 0 0
671 T 1107 188 1167 0 0
671 T 1711 24 1169 0 0
671 T 188 1738 1713 0 0
671 T 1738 1107 24 0 0
671 T 7 1747 1779 0 0
671 T 1781 1682 1794 0 0
671 T 1792 1719 8 0 0
671 T 1719 1680 1747 0 0
671 T 1440 1068 701 0 0
671 T 1068 713 1424 0 0
671 T 2074 0 2079 0 0
671 T 0 87 86 0 0
671 T 567 2641 2569 0 0
671 T 2521 2620 569 0 0
671 T 2567 1 2519 0 0
671 T 2620 2 2641 0 0
671 T 1826 990 17 0 0
671 T 2121 1903 1824 0 0
671 T 18 2154 2119 0 0
671 T 1903 2152 990 0 0
671 T 1701 1474 2479 0 0
671 T 2481 2191 1707 0 0
671 T 2627 354 2646 0 0
671 T 1889 1509 2629 0 0
671 T 2644 2013 1887 0 0
671 T 1612 453 1031 0 0
671 T 1252 414 1614 0 0
671 T 1205 1165 12 0 0
671 T 1961 373 1438 0 0
671 T 1340 371 737 0 0
671 T 1685 356 376 0 0
671 T 378 1445 905 0 0
671 T 1455 921 374 0 0
671 T 184 563 2321 0 0
671 T 2319 98 564 0 0
671 T 417 1401 851 0 0
671 T 622 1066 415 0 0
671 T 628 1079 871 0 0
671 T 873 590 734 0 0
671 T 1200 588 1079 0 0
671 T 59 2199 2394 0 0
671 T 2601 2566 60 0 0
671 T 2566 734 2199 0 0
671 T 2550 1950 470 0 0
671 T 1925 2550 2155 0 0
671 T 2299 140 2574 0 0
671 T 2572 2597 309 0 0
671 T 681 2138 1744 0 0
671 T 1746 2595 162 0 0
671 T 1906 826 26 0 0
671 T 1492 912 1904 0 0
671 T 552 901 761 0 0
671 T 759 635 1224 0 0
671 T 1226 1080 554 0 0
671 T 1080 637 901 0 0
671 T 1797 2316 2091 0 0
671 T 171 579 1795 0 0
671 T 2316 581 186 0 0
671 T 484 2023 2425 0 0
671 T 242 1566 486 0 0
671 T 1566 2275 2023 0 0
671 T 1037 545 430 0 0
671 T 428 1284 2369 0 0
671 T 1972 284 1721 0 0
671 T 1719 316 1055 0 0
671 T 1057 310 1974 0 0
671 T 193 1605 1799 0 0
671 T 1261 1211 191 0 0
671 T 2394 2200 139 0 0
671 T 1864 816 154 0 0
671 T 1113 193 997 0 0
671 T 2252 2468 1111 0 0
671 T 193 2470 2449 0 0
671 T 307 1028 393 0 0
671 T 391 786 338 0 0
671 T 328 784 1028 0 0
671 T 2376 2552 568 0 0
671 T 2640 2558 2378 0 0
671 T 998 401 1107 0 0
671 T 946 1169 445 0 0
671 T 134 1351 1236 0 0
671 T 2632 2133 1910 0 0
671 T 2648 371 2634 0 0
671 T 1908 2527 2650 0 0
671 T 371 2529 2133 0 0
671 T 192 1304 353 0 0
671 T 2416 2337 194 0 0
671 T 351 2265 2418 0 0
671 T 2033 1410 946 0 0
671 T 2030 1396 937 0 0
671 T 796 1088 2031 0 0
671 T 782 1089 2028 0 0
671 T 944 684 798 0 0
671 T 938 779 688 0 0
671 T 297 2308 2075 0 0
671 T 2314 150 295 0 0
671 T 2077 498 2312 0 0
671 T 150 496 2308 0 0
671 T 1240 591 1635 0 0
671 T 1637 869 1878 0 0
671 T 1063 748 290 0 0
671 T 1500 877 1268 0 0
671 T 877 71 1573 0 0
671 T 1930 1748 699 0 0
671 T 1748 1364 2510 0 0
671 T 1364 1930 2150 0 0
671 T 216 204 226 0 0
671 T 202 211 210 0 0
671 T 219 209 213 0 0
671 T 203 205 203 -1 0
671 T 240 770 218 0 0
671 T 224 737 242 0 0
671 T 770 735 204 0 0
671 T 2061 309 2328 0 0
671 T 2330 1971 1312 0 0
671 T 1190 1 1343 0 0
671 T 776 1587 1188 0 0
671 T 1587 1571 1 0 0
671 T 1192 657 286 0 0
671 T 284 697 10 0 0
671 T 9 1351 1194 0 0
671 T 1351 695 657 0 0
671 T 1463 1946 373 0 0
671 T 2250 2620 1209 0 0
671 T 993 2519 2248 0 0
671 T 1207 567 991 0 0
671 T 675 1153 200 0 0
671 T 605 703 1169 0 0
671 T 1782 269 1131 0 0
671 T 1568 1195 4 0 0
671 T 3 1753 1860 0 0
671 T 784 970 1759 0 0
671 T 970 328 1421 0 0
671 T 2363 1393 495 0 0
671 T 508 2133 1166 0 0
671 T 1952 371 510 0 0
671 T 856 1900 26 0 0
671 T 2018 935 858 0 0
671 T 25 2152 2016 0 0
671 T 935 2154 1900 0 0
671 T 1652 1101 974 0 0
671 T 972 1320 1646 0 0
671 T 1320 1099 1626 0 0
671 T 449 1189 1059 0 0
671 T 2257 342 2339 0 0
671 T 2450 1304 2255 0 0
671 T 1417 1297 973 0 0
671 T 1998 354 1415 0 0
671 T 971 767 1996 0 0
671 T 354 769 1297 0 0
671 T 445 1154 214 0 0
671 T 212 647 475 0 0
671 T 509 649 1154 0 0
671 T 825 990 2016 0 0
671 T 990 261 935 0 0
671 T 675 446 210 0 0
671 T 402 718 208 0 0
671 T 718 458 677 0 0
671 T 561 761 633 0 0
671 T 631 536 12 0 0
671 T 1549 538 761 0 0
671 T 41 632 536 0 0
671 T 538 801 64 0 0
671 T 801 634 3 0 0
671 T 2244 1460 1752 0 0
671 T 1488 2245 1758 0 0
671 T 4 1462 973 0 0
671 T 2350 2504 512 0 0
671 T 2208 1810 513 0 0
671 T 66 2506 2210 0 0
671 T 2078 1357 1039 0 0
671 T 2335 1884 1640 0 0
671 T 1642 839 43 0 0
671 T 141 841 1884 0 0
671 T 1662 305 2359 0 0
671 T 1052 989 1660 0 0
671 T 989 127 305 0 0
671 T 758 447 648 0 0
671 T 447 2049 1870 0 0
671 T 216 1296 640 0 0
671 T 457 1112 1139 0 0
671 T 1141 196 944 0 0
671 T 558 438 1 0 0
671 T 2 417 578 0 0
671 T 988 90 303 0 0
671 T 285 89 937 0 0
671 T 1281 1544 1883 0 0
671 T 2338 2051 1279 0 0
671 T 1546 950 820 0 0
671 T 1106 948 552 0 0
671 T 1694 1175 815 0 0
671 T 530 343 1692 0 0
671 T 817 596 528 0 0
671 T 343 598 1175 0 0
671 T 2162 1325 293 0 0
671 T 291 2285 2440 0 0
671 T 2353 2283 1325 0 0
671 T 1648 1037 936 0 0
671 T 208 781 1037 0 0
671 T 2513 1720 1366 0 0
671 T 1720 688 1930 0 0
671 T 1568 2339 1983 0 0
671 T 1418 2257 1570 0 0
671 T 1985 340 1416 0 0
671 T 1687 1469 426 0 0
671 T 424 363 1702 0 0
671 T 781 213 452 0 0
671 T 454 202 1035 0 0
671 T 2325 2574 1745 0 0
671 T 147 307 2323 0 0
671 T 1743 2597 148 0 0
671 T 225 1678 1413 0 0
671 T 1411 815 923 0 0
671 T 29 817 1678 0 0
671 T 1095 8 1057 0 0
671 T 2096 2608 1097 0 0
671 T 2608 2587 8 0 0
671 T 762 949 4 0 0
671 T 2547 2194 1250 0 0
671 T 2431 2192 467 0 0
671 T 1238 657 1766 0 0
671 T 1282 813 192 0 0
671 T 813 2054 2418 0 0
671 T 2533 2109 822 0 0
671 T 689 793 47 0 0
671 T 790 686 49 0 0
671 T 13 791 1407 0 0
671 T 787 17 1396 0 0
671 T 2250 2128 1559 0 0
671 T 1561 868 991 0 0
671 T 2519 870 2128 0 0
671 T 2046 509 2406 0 0
671 T 645 256 217 0 0
671 T 215 249 724 0 0
671 T 795 323 225 0 0
671 T 606 300 797 0 0
671 T 223 282 604 0 0
671 T 1023 1094 350 0 0
671 T 348 1806 999 0 0
671 T 1001 493 1025 0 0
671 T 493 1804 1094 0 0
671 T 2206 943 2440 0 0
671 T 2283 945 1879 0 0
671 T 706 1656 970 0 0
671 T 554 1433 247 0 0
671 T 277 518 552 0 0
671 T 1433 516 315 0 0
671 T 928 1895 2218 0 0
671 T 2216 287 2188 0 0
671 T 1542 289 1895 0 0
671 T 1916 1584 2068 0 0
671 T 2070 1663 659 0 0
671 T 1079 808 1742 0 0
671 T 777 900 1740 0 0
671 T 808 638 775 0 0
671 T 708 1585 1530 0 0
671 T 1284 1604 710 0 0
671 T 1528 1607 1286 0 0
671 T 1135 293 934 0 0
671 T 932 266 1294 0 0
671 T 1583 1842 891 0 0
671 T 1842 1528 22 0 0
671 T 935 286 131 0 0
671 T 1108 643 679 0 0
671 T 316 1792 1097 0 0
671 T 1804 637 2097 0 0
671 T 1997 2469 1570 0 0
671 T 2469 770 2169 0 0
671 T 542 1115 364 0 0
671 T 1581 235 540 0 0
671 T 366 1419 1579 0 0
671 T 235 1421 1115 0 0
671 T 1630 1716 2184 0 0
671 T 2186 287 2267 0 0
671 T 1233 289 1716 0 0
671 T 549 1488 1948 0 0
671 T 2067 1968 563 0 0
671 T 1027 655 436 0 0
671 T 438 829 1430 0 0
671 T 829 657 1760 0 0
671 T 1778 942 368 0 0
671 T 1844 1078 1776 0 0
671 T 1706 2465 1904 0 0
671 T 1208 1915 2584 0 0
671 T 2586 2156 2178 0 0
671 T 214 482 755 0 0
671 T 1706 2176 1494 0 0
671 T 1492 2461 1692 0 0
671 T 2461 2178 1708 0 0
671 T 2157 1709 1443 0 0
671 T 2049 913 2240 0 0
671 T 2177 911 2466 0 0
671 T 376 2289 2479 0 0
671 T 2578 2287 903 0 0
671 T 1925 2435 903 0 0
671 T 2379 2606 2435 0 0
671 T 2031 2284 1302 0 0
671 T 862 2387 2033 0 0
671 T 1300 371 860 0 0
671 T 2387 373 2284 0 0
671 T 1382 300 1008 0 0
671 T 1010 685 1350 0 0
671 T 1332 683 300 0 0
671 T 1185 1468 1134 0 0
671 T 270 1021 1183 0 0
671 T 1021 1781 1468 0 0
671 T 1590 654 71 0 0
671 T 309 474 656 0 0
671 T 1191 472 315 0 0
671 T 220 817 506 0 0
671 T 588 1675 796 0 0
671 T 1090 1561 590 0 0
671 T 1561 2033 1675 0 0
671 T 1577 253 1530 0 0
671 T 1988 2538 2645 0 0
671 T 1630 778 71 0 0
671 T 653 1190 1628 0 0
671 T 1242 861 1316 0 0
671 T 921 859 1943 0 0
671 T 1165 1337 1102 0 0
671 T 2223 433 2431 0 0
671 T 1267 814 352 0 0
671 T 2325 1454 2106 0 0
671 T 291 2220 2357 0 0
671 T 1788 197 1637 0 0
671 T 777 1308 721 0 0
671 T 719 630 865 0 0
671 T 472 232 1230 0 0
671 T 746 555 474 0 0
671 T 2091 1923 1615 0 0
671 T 582 1913 2093 0 0
671 T 1214 2012 2198 0 0
671 T 195 2388 2351 0 0
671 T 1043 1350 790 0 0
671 T 534 1371 1045 0 0
671 T 482 1667 1060 0 0
671 T 1188 1669 477 0 0
671 T 70 2516 2236 0 0
671 T 1746 1196 1612 0 0
671 T 180 1217 2234 0 0
671 T 198 2505 2408 0 0
671 T 2410 2349 1123 0 0
671 T 1125 511 196 0 0
671 T 507 1347 356 0 0
671 T 358 1374 1498 0 0
671 T 1496 1361 509 0 0
671 T 1251 612 1674 0 0
671 T 2499 659 1255 0 0
671 T 1257 1665 1013 0 0
671 T 1256 1871 16 0 0
671 T 15 2253 2008 0 0
671 T 2010 340 1258 0 0
671 T 1010 341 1115 0 0
671 T 1117 330 1380 0 0
671 T 1621 68 612 0 0
671 T 720 1674 68 0 0
671 T 1215 2090 176 0 0
671 T 2090 2232 1422 0 0
671 T 2033 1390 2354 0 0
671 T 2352 1866 1677 0 0
671 T 1559 1864 1390 0 0
671 T 1034 0 1062 0 0
671 T 617 257 6 0 0
671 T 662 254 615 0 0
671 T 504 201 839 0 0
671 T 841 546 425 0 0
671 T 383 544 201 0 0
671 T 1728 1082 866 0 0
671 T 2157 2193 2576 0 0
671 T 921 1486 1299 0 0
671 T 1523 67 919 0 0
671 T 210 1054 755 0 0
671 T 1956 1811 512 0 0
671 T 1809 775 1958 0 0
671 T 1811 777 2209 0 0
671 T 1390 860 198 0 0
671 T 590 1148 991 0 0
671 T 1090 868 1148 0 0
671 T 606 1334 945 0 0
671 T 427 1161 2105 0 0
671 T 465 1778 1161 0 0
671 T 2277 2259 640 0 0
671 T 652 2272 2250 0 0
671 T 2075 1451 1093 0 0
671 T 1091 609 1358 0 0
671 T 1240 1328 195 0 0
671 T 1537 1334 510 0 0
671 T 2436 2625 45 0 0
671 T 694 2635 2438 0 0
671 T 1084 1245 1115 0 0
671 T 96 341 1245 0 0
671 T 1805 1815 1083 0 0
671 T 1085 541 638 0 0
671 T 2096 539 1815 0 0
671 T 1221 359 439 0 0
671 T 231 2539 2097 0 0
671 T 1124 287 1992 0 0
671 T 1566 313 1126 0 0
671 T 1994 298 1564 0 0
671 T 1542 1233 4 0 0
671 T 1718 1897 3 0 0
671 T 2318 580 99 0 0
671 T 836 567 73 0 0
671 T 3 600 838 0 0
671 T 567 602 27 0 0
671 T 225 610 1341 0 0
671 T 2588 2555 62 0 0
671 T 668 2557 2609 0 0
671 T 1194 379 439 0 0
671 T 688 1679 699 0 0
671 T 217 1639 1431 0 0
671 T 1301 793 1174 0 0
671 T 991 732 3 0 0
671 T 574 991 835 0 0
671 T 2508 2615 305 0 0
671 T 476 706 1535 0 0
671 T 652 1658 478 0 0
671 T 2281 2453 1210 0 0
671 T 2249 32 2279 0 0
671 T 32 2619 2453 0 0
671 T 1487 6 1665 0 0
671 T 1663 892 1949 0 0
671 T 1477 1831 2478 0 0
671 T 1900 1833 2121 0 0
671 T 1247 2287 2435 0 0
671 T 2624 2214 1249 0 0
671 T 2214 45 2287 0 0
671 T 749 911 449 0 0
671 T 1316 813 1212 0 0
671 T 244 384 590 0 0
671 T 899 1716 1847 0 0
671 T 2529 2561 2377 0 0
671 T 1148 873 3 0 0
671 T 971 1891 1150 0 0
671 T 1891 1460 873 0 0
671 T 587 1411 323 0 0
671 T 150 1731 2594 0 0
671 T 1559 2274 1317 0 0
671 T 672 695 262 0 0
671 T 788 683 112 0 0
671 T 792 687 114 0 0
671 T 2453 669 2642 0 0
671 T 1542 526 1570 0 0
671 T 1152 1921 2134 0 0
671 T 2007 1489 330 0 0
671 T 2168 1755 2009 0 0
671 T 714 932 1370 0 0
671 T 735 1141 853 0 0
671 T 1141 2484 2205 0 0
671 T 2290 2214 156 0 0
671 T 868 1965 1653 0 0
671 T 971 624 870 0 0
671 T 782 625 407 0 0
671 T 1892 623 1087 0 0
671 T 2282 898 2583 0 0
671 T 762 2259 2556 0 0
671 T 766 323 1020 0 0
671 T 951 265 6 0 0
671 T 953 615 248 0 0
671 T 1434 839 879 0 0
671 T 469 1957 901 0 0
671 T 1745 2295 1591 0 0
671 T 233 1098 896 0 0
671 T 2613 2329 1285 0 0
671 T 147 429 2329 0 0
671 T 2230 125 1176 0 0
671 T 2028 1833 789 0 0
671 T 17 1831 935 0 0
671 T 497 1094 2125 0 0
671 T 1610 1311 845 0 0
671 T 1417 1313 1645 0 0
671 T 1844 591 2099 0 0
671 T 2303 1629 1765 0 0
671 T 2349 775 2305 0 0
671 T 2183 1763 1123 0 0
671 T 562 969 657 0 0
671 T 827 785 560 0 0
671 T 314 487 750 0 0
671 T 216 1320 1160 0 0
671 T 1602 1949 1841 0 0
671 T 1471 2288 2114 0 0
671 T 2564 694 2605 0 0
671 T 198 532 751 0 0
671 T 753 485 1123 0 0
671 T 382 503 1431 0 0
671 T 1066 298 490 0 0
671 T 1522 1018 1794 0 0
671 T 1812 1716 586 0 0
671 T 776 2409 1716 0 0
671 T 267 383 1413 0 0
671 T 2325 2061 430 0 0
671 T 2566 569 2529 0 0
671 T 1171 1598 951 0 0
671 T 941 466 1026 0 0
671 T 828 1755 16 0 0
671 T 2252 2170 830 0 0
671 T 1487 300 1257 0 0
671 T 771 422 194 0 0
671 T 332 751 773 0 0
671 T 434 1894 2385 0 0
671 T 1363 843 1529 0 0
671 T 618 1842 1935 0 0
671 T 1718 1124 2304 0 0
671 T 1838 872 432 0 0
671 T 2533 2213 948 0 0
671 T 1546 2211 2107 0 0
671 T 53 524 40 0 0
671 T 1145 328 2005 0 0
671 T 394 743 2 0 0
671 T 904 396 1470 0 0
671 T 1135 1181 1078 0 0
671 T 1181 293 104 0 0
671 T 966 745 403 0 0
671 T 722 2344 2331 0 0
671 T 2248 151 2281 0 0
671 T 1373 377 1477 0 0
671 T 2576 1923 1247 0 0
671 T 351 2257 2469 0 0
671 T 273 1515 1480 0 0
671 T 2340 523 2357 0 0
671 T 2355 1541 1986 0 0
671 T 1272 681 402 0 0
671 T 326 1258 2063 0 0
671 T 2322 2069 1783 0 0
671 T 752 311 240 0 0
671 T 397 296 620 0 0
671 T 1221 270 395 0 0
671 T 356 2282 2460 0 0
671 T 1546 2294 1315 0 0
671 T 899 1812 431 0 0
671 T 505 361 1412 0 0
671 T 1881 1407 1299 0 0
671 T 1985 294 1438 0 0
671 T 2092 615 1596 0 0
671 T 1171 617 2494 0 0
671 T 1078 591 627 0 0
671 T 873 1852 1754 0 0
671 T 1891 2244 1852 0 0
671 T 1392 343 2229 0 0
671 T 1696 1405 343 0 0
671 T 704 1334 444 0 0
671 T 1973 1364 2614 0 0
671 T 346 1135 593 0 0
671 T 225 1092 1383 0 0
671 T 382 527 315 0 0
671 T 2490 1034 746 0 0
671 T 549 1853 432 0 0
671 T 1600 617 1926 0 0
671 T 770 1114 827 0 0
671 T 360 269 425 0 0
671 T 1025 370 1161 0 0
671 T 1521 1229 1096 0 0
671 T 837 569 13 0 0
671 T 1031 405 2081 0 0
671 T 2117 2282 1493 0 0
671 T 1542 2221 1438 0 0
671 U 41 2 2 0 0
671 U 64 2 2 -1 1
671 U 3 2 2 -1 1
671 U 17 7 8 0 0
671 U 49 8 7 0 0
671 U 962 7 7 0 0
671 U 48 7 8 0 0
671 U 14 8 7 0 0
671 U 1047 11 9 0 0
671 U 931 10 11 0 0
671 U 107 9 10 0 0
671 U 1078 12 10 0 0
671 U 942 10 11 0 0
671 U 99 11 12 0 0
671 U 104 10 9 0 0
671 U 109 11 12 0 0
671 U 2501 17 15 0 0
671 U 1011 15 17 0 0
671 U 2064 17 17 0 0
671 U 2072 13 13 0 0
671 U 2495 13 17 0 0
671 U 981 17 13 0 0
671 U 87 13 14 0 0
671 U 170 14 13 0 0
671 U 2067 16 16 0 0
671 U 183 15 16 0 0
671 U 174 16 15 0 0
671 U 75 23 24 0 0
671 U 883 24 21 0 0
671 U 985 21 23 0 0
671 U 215 21 19 0 0
671 U 44 19 20 0 0
671 U 882 20 21 0 0
671 U 381 24 22 0 0
671 U 10 22 21 0 0
671 U 199 19 24 0 0
671 U 370 23 19 0 0
671 U 81 24 23 0 0
671 U 29 26 25 0 0
671 U 2352 26 26 0 0
671 U 153 25 26 0 0
671 U 2160 27 25 0 0
671 U 2442 25 27 0 0
671 U 2357 27 27 0 0
671 U 39 28 27 0 0
671 U 157 27 28 0 0
671 U 26 30 29 0 0
671 U 1471 30 30 0 0
671 U 38 29 30 0 0
671 U 117 29 30 0 0
671 U 156 30 29 0 0
671 U 8 4 3 0 0
671 U 61 3 4 0 0
671 U 667 4 4 0 0
671 U 31 4 3 0 0
671 U 1 3 4 0 0
671 U 140 32 31 0 0
671 U 161 31 32 0 0
671 U 682 31 31 0 0
671 U 101 31 32 0 0
671 U 24 32 31 -1 0
671 U 2615 33 35 0 0
671 U 149 35 36 0 0
671 U 2366 36 33 0 0
671 U 143 33 34 0 0
671 U 2359 34 35 0 0
671 U 128 35 36 0 0
671 U 1053 33 35 0 0
671 U 126 33 34 0 0
671 U 1759 37 39 0 0
671 U 1028 39 37 0 0
671 U 1429 37 37 0 0
671 U 1420 40 40 0 0
671 U 175 40 39 0 0
671 U 180 39 40 0 0
671 U 93 38 37 0 0
671 U 121 37 38 1 0
671 U 21 43 44 0 0
671 U 915 41 43 0 0
671 U 663 44 41 0 0
671 U 198 44 42 0 0
671 U 583 42 43 0 0
671 U 66 43 44 0 0
671 U 58 44 43 0 0
671 U 6 42 41 -1 0
671 U 1774 48 46 0 0
671 U 674 46 47 0 0
671 U 135 47 48 0 0
671 U 165 48 47 0 0
671 U 1829 47 45 0 0
671 U 2344 45 48 0 0
671 U 68 45 46 0 0
671 U 124 48 47 0 0
671 U 1500 50 50 0 0
671 U 20 50 49 -1 0
671 U 72 49 50 0 0
671 U 233 51 53 0 0
671 U 717 53 51 0 0
671 U 1517 51 51 0 0
671 U 1509 53 53 0 0
671 U 814 49 53 0 0
671 U 1449 53 49 0 0
671 U 78 51 52 0 0
671 U 120 52 51 0 0
671 U 252 58 58 1 0
671 U 164 58 57 0 0
671 U 844 62 57 0 0
671 U 833 57 62 0 0
671 U 261 55 55 0 0
671 U 864 62 55 0 0
671 U 809 55 62 -1 0
671 U 826 56 63 0 0
671 U 857 63 56 0 0
671 U 332 64 64 0 0
671 U 847 59 64 0 0
671 U 806 64 59 0 0
671 U 273 59 59 0 0
671 U 320 62 62 0 0
671 U 80 60 59 1 0
671 U 78 59 60 0 0
671 U 228 66 70 0 0
671 U 675 70 66 0 0
671 U 1481 66 66 0 0
671 U 1456 68 70 0 0
671 U 862 70 68 0 0
671 U 1483 68 68 0 0
671 U 20 68 67 0 0
671 U 68 67 68 0 0
671 U 79 65 66 0 0
671 U 120 66 65 -1 0
671 U 1465 70 70 0 0
671 U 1765 73 71 0 0
671 U 698 71 74 0 0
671 U 133 74 73 0 0
671 U 1809 72 74 0 0
671 U 168 74 73 0 0
671 U 2347 73 72 0 0
671 U 71 72 71 0 0
671 U 123 73 74 0 0
671 U 22 76 75 -1 0
671 U 891 78 76 0 0
671 U 710 75 78 0 0
671 U 191 75 77 0 0
671 U 549 77 76 0 0
671 U 70 76 75 0 0
671 U 6 78 77 0 0
671 U 55 76 75 0 0
671 U 1768 80 82 0 0
671 U 1066 82 80 0 0
671 U 1401 80 80 0 0
671 U 105 79 80 0 0
671 U 122 80 79 0 0
671 U 1404 81 81 0 0
671 U 177 81 82 0 0
671 U 182 82 81 0 0
671 U 2613 86 84 0 0
671 U 144 84 83 -1 0
671 U 2373 83 86 0 0
671 U 2367 83 86 0 0
671 U 148 86 85 0 0
671 U 132 86 85 0 0
671 U 1037 84 86 0 0
671 U 130 84 83 0 0
671 U 145 87 88 0 0
671 U 159 88 87 0 0
671 U 704 88 88 0 0
671 U 91 88 87 0 0
671 U 23 87 88 0 0
671 U 46 5 6 0 0
671 U 692 6 6 0 0
671 U 2 6 5 -1 0
671 U 7 5 6 0 0
671 U 59 6 5 0 0
671 U 1492 90 90 0 0
671 U 115 90 89 0 0
671 U 151 89 90 0 0
671 U 25 89 90 0 0
671 U 51 90 89 0 0
671 U 2339 94 94 0 0
671 U 158 94 93 0 0
671 U 54 93 94 0 0
671 U 2165 94 92 0 0
671 U 2450 92 94 0 0
671 U 2335 92 92 0 0
671 U 44 91 92 0 0
671 U 142 92 91 0 0
671 U 84 100 99 0 0
671 U 222 99 96 0 0
671 U 347 96 100 0 0
671 U 926 95 98 0 0
671 U 224 98 96 0 0
671 U 29 96 95 0 0
671 U 362 99 97 0 0
671 U 9 97 98 0 0
671 U 909 98 99 0 0
671 U 957 100 98 0 0
671 U 76 100 99 0 0
671 U 2092 104 104 0 0
671 U 2494 102 104 0 0
671 U 953 104 102 0 0
671 U 2488 102 106 0 0
671 U 963 106 102 0 0
671 U 2086 102 102 0 0
671 U 2080 106 106 0 0
671 U 169 105 106 1 0
671 U 85 106 105 0 0
671 U 185 104 103 0 0
671 U 172 103 104 0 0
671 U 97 110 109 0 0
671 U 999 109 108 0 0
671 U 1084 108 110 0 0
671 U 96 107 108 0 0
671 U 1008 110 107 0 0
671 U 1044 109 107 0 0
671 U 110 110 109 0 0
671 U 112 108 107 0 0
671 U 1003 111 111 0 0
671 U 15 111 112 0 0
671 U 33 112 111 0 0
671 U 18 112 111 0 0
671 U 36 111 112 0 0
671 U 74 1 1 0 -1
671 U 4 1 1 0 -1
671 U 28 1 1 0 0
671 Q 522 187 500 0 0 0 0 0 0 0
671 Q 0 526 0 526 0 0 0 0 0 0
671 Q 39 0 54 0 0 0 0 0 0 0
671 Q 205 251 205 251 0 0 0 0 0 0
671 Q 204 163 203 164 0 0 0 0 1 0
