334 A 5 0 0 -1 0 1
334 A 7 0 0 -2 0 2
334 A 10 0 5 -1 -5 1
334 A 10 0 5 -4 -5 4
334 A 13 0 0 -6 0 6
334 A 14 0 7 -2 -7 2
334 A 14 0 7 -5 -7 5
334 A -1 1 -66 0 66 0
334 A 1 1 -66 0 66 0
334 A -4 1 -95 -1 95 1
334 A 4 1 95 -1 -95 1
334 A -6 1 -137 -2 137 2
334 A 6 1 137 -2 -137 2
334 A 20 0 -5 -6 5 6
334 A 20 0 5 -6 -5 6
334 A -11 1 -42 -2 42 2
334 A -11 1 -154 -5 154 5
334 A 11 1 42 -2 -42 2
334 A 11 1 154 -5 -154 5
334 A 25 0 0 -6 0 6
334 A 26 0 13 -6 -13 6
334 A 28 0 -7 -2 7 2
334 A 28 0 7 -2 -7 2
334 A -24 1 -65 -6 65 6
334 A 24 1 65 -6 -65 6
334 A 35 0 0 -9 0 9
334 A 0 2 -333 0 333 0
334 A -2 2 -65 -1 65 1
334 A 2 2 65 -1 -65 1
334 A -8 2 -243 -2 243 2
334 A 8 2 243 -2 -243 2
334 A -12 2 -197 -4 197 4
334 A 12 2 197 -4 -197 4
334 A -22 2 -53 -1 53 1
334 A 22 2 53 -1 -53 1
334 A 5 0 0 -2 0 -2
334 A 6 0 3 -1 3 -1
334 A 9 0 0 -1 0 -1
334 A 10 0 5 -3 5 -3
334 A 11 0 0 -5 0 -5
334 A 13 0 0 -4 0 -4
334 A 15 0 0 -2 0 -2
334 A 15 0 0 -7 0 -7
334 A 18 0 9 -1 9 -1
334 A 19 0 0 -8 0 -8
334 A 22 0 11 -5 11 -5
334 A 23 0 0 -5 0 -5
334 A 27 0 0 -10 0 -10
334 A 33 0 0 -16 0 -16
334 A 39 0 0 -4 0 -4
334 A 39 0 0 -17 0 -17
334 A 45 0 0 -17 0 -17
334 A 53 0 0 -13 0 -13
334 A 55 0 0 -27 0 -27
334 A 69 0 0 -5 0 -5
334 A 95 0 0 -8 0 -8
334 A 117 0 0 -35 0 -35
334 A 135 0 0 -17 0 -17
334 A 149 0 0 -25 0 -25
334 A 159 0 0 -40 0 -40
334 A 165 0 0 -82 0 -82
334 A 4 0 -1 -1 -1 1
334 A 5 0 -2 -1 -1 -2
334 A 5 0 2 -1 1 -2
334 A 6 0 -1 -1 -1 1
334 A 7 0 0 -1 0 -3
334 A 7 0 -1 -1 -1 1
334 A 7 0 -2 -1 1 3
334 A 7 0 2 -1 -1 3
334 A 7 0 -2 -2 3 -3
334 A 7 0 2 -2 -3 -3
334 A 7 0 -3 -2 3 -2
334 A 8 0 -1 -1 -1 1
334 A 8 0 -3 -1 -3 1
334 A 8 0 -1 -3 -1 3
334 A 8 0 -3 -3 -3 3
334 A 9 0 -1 -1 -4 4
334 A 9 0 1 -1 4 4
334 A 9 0 -2 -1 4 -2
334 A 9 0 2 -1 -4 -2
334 A 9 0 -3 -1 3 -1
334 A 9 0 -4 -1 -4 1
334 A 9 0 0 -2 0 4
334 A 9 0 -1 -2 2 -4
334 A 9 0 1 -2 -2 -4
334 A 9 0 -2 -2 -2 2
334 A 9 0 -3 -2 3 4
334 A 9 0 3 -2 -3 4
334 A 9 0 -1 -4 -1 4
334 A 10 0 -3 -1 1 3
334 A 10 0 3 -1 -1 3
334 A 11 0 0 -1 0 -3
334 A 11 0 -1 -1 -2 2
334 A 11 0 1 -1 2 2
334 A 11 0 -2 -1 3 4
334 A 11 0 2 -1 -3 4
334 A 11 0 -3 -1 -4 5
334 A 11 0 3 -1 4 5
334 A 11 0 -4 -1 -2 -5
334 A 11 0 4 -1 2 -5
334 A 11 0 -5 -1 -4 3
334 A 11 0 5 -1 4 3
334 A 11 0 0 -2 0 4
334 A 11 0 -1 -2 2 -4
334 A 11 0 1 -2 -2 -4
334 A 11 0 -3 -2 1 3
334 A 11 0 3 -2 -1 3
334 A 11 0 -4 -2 -4 2
334 A 11 0 -5 -2 2 -3
334 A 11 0 5 -2 -2 -3
334 A 11 0 -3 -3 3 -3
334 A 11 0 -5 -3 -1 5
334 A 11 0 5 -3 1 5
334 A 11 0 -1 -4 -1 4
334 A 11 0 -4 -4 5 -5
334 A 11 0 4 -4 -5 -5
334 A 11 0 -5 -4 5 -4
334 A 11 0 -3 -5 -3 5
334 A 12 0 -1 -1 -1 1
334 A 12 0 -3 -1 -3 5
334 A 12 0 3 -1 3 5
334 A 12 0 -5 -1 -5 1
334 A 12 0 -1 -5 -1 5
334 A 12 0 -5 -5 -5 5
334 A 13 0 0 -1 0 -3
334 A 13 0 -1 -1 4 -4
334 A 13 0 1 -1 -4 -4
334 A 13 0 -3 -1 -2 5
334 A 13 0 3 -1 2 5
334 A 13 0 -4 -1 -4 1
334 A 13 0 -5 -1 -1 -5
334 A 13 0 5 -1 1 -5
334 A 13 0 -6 -1 1 2
334 A 13 0 6 -1 -1 2
334 A 13 0 0 -2 0 5
334 A 13 0 -2 -2 2 -2
334 A 13 0 -3 -2 -6 4
334 A 13 0 3 -2 6 4
334 A 13 0 -5 -2 2 -6
334 A 13 0 5 -2 -2 -6
334 A 13 0 -6 -2 -1 -4
334 A 13 0 6 -2 1 -4
334 A 13 0 -1 -3 -3 -4
334 A 13 0 1 -3 3 -4
334 A 13 0 -2 -3 4 -6
334 A 13 0 2 -3 -4 -6
334 A 13 0 -3 -3 -3 3
334 A 13 0 -4 -3 5 6
334 A 13 0 4 -3 -5 6
334 A 13 0 -5 -3 -4 5
334 A 13 0 5 -3 4 5
334 A 13 0 -2 -4 3 -6
334 A 13 0 2 -4 -3 -6
334 A 13 0 -5 -5 6 -6
334 A 13 0 5 -5 -6 -6
334 A 13 0 -6 -5 6 -5
334 A 14 0 -1 -1 -1 1
334 A 14 0 -5 -1 -1 3
334 A 14 0 5 -1 1 3
334 A 14 0 7 -1 7 -3
334 A 14 0 -3 -3 -5 5
334 A 14 0 3 -3 5 5
334 A 14 0 -3 -5 3 -5
334 A 15 0 0 -1 0 -4
334 A 15 0 -2 -1 4 -2
334 A 15 0 2 -1 -4 -2
334 A 15 0 -3 -1 6 -7
334 A 15 0 3 -1 -6 -7
334 A 15 0 -5 -1 -5 1
334 A 15 0 -7 -1 -1 -2
334 A 15 0 7 -1 1 -2
334 A 15 0 -5 -2 -5 -7
334 A 15 0 5 -2 5 -7
334 A 15 0 -6 -2 3 4
334 A 15 0 6 -2 -3 4
334 A 15 0 -2 -4 4 7
334 A 15 0 2 -4 -4 7
334 A 15 0 -5 -4 -5 4
334 A 15 0 -7 -4 -1 7
334 A 15 0 7 -4 1 7
334 A 16 0 -1 -1 -1 1
334 A 16 0 -3 -1 5 -7
334 A 16 0 3 -1 -5 -7
334 A 16 0 -5 -1 3 -7
334 A 16 0 5 -1 -3 -7
334 A 16 0 -7 -1 -7 1
334 A 16 0 -1 -3 -1 3
334 A 16 0 -3 -3 5 -5
334 A 16 0 3 -3 -5 -5
334 A 16 0 -5 -3 3 -5
334 A 16 0 5 -3 -3 -5
334 A 16 0 -7 -3 -7 3
334 A 16 0 -1 -5 -1 5
334 A 16 0 -7 -5 -7 5
334 A 16 0 -1 -7 -1 7
334 A 16 0 -7 -7 -7 7
334 A 17 0 0 -1 0 3
334 A 17 0 -1 -1 -7 7
334 A 17 0 1 -1 7 7
334 A 17 0 -2 -1 -1 -8
334 A 17 0 2 -1 1 -8
334 A 17 0 -3 -1 1 -6
334 A 17 0 3 -1 -1 -6
334 A 17 0 -4 -1 -3 5
334 A 17 0 4 -1 3 5
334 A 17 0 -5 -1 -6 8
334 A 17 0 5 -1 6 8
334 A 17 0 -6 -1 7 -4
334 A 17 0 6 -1 -7 -4
334 A 17 0 -7 -1 -3 -2
334 A 17 0 7 -1 3 -2
334 A 17 0 -8 -1 6 -5
334 A 17 0 8 -1 -6 -5
334 A 17 0 0 -2 0 -7
334 A 17 0 -1 -2 -3 6
334 A 17 0 1 -2 3 6
334 A 17 0 -2 -2 5 -5
334 A 17 0 2 -2 -5 -5
334 A 17 0 -4 -2 8 -4
334 A 17 0 4 -2 -8 -4
334 A 17 0 -5 -2 5 -2
334 A 17 0 -6 -2 -8 -3
334 A 17 0 6 -2 8 -3
334 A 17 0 -7 -2 3 4
334 A 17 0 7 -2 -3 4
334 A 17 0 -8 -2 7 -6
334 A 17 0 8 -2 -7 -6
334 A 17 0 -1 -3 8 -7
334 A 17 0 1 -3 -8 -7
334 A 17 0 -2 -3 2 -3
334 A 17 0 -3 -3 -8 8
334 A 17 0 3 -3 8 8
334 A 17 0 -4 -3 -1 5
334 A 17 0 4 -3 1 5
334 A 17 0 -5 -3 1 -4
334 A 17 0 5 -3 -1 -4
334 A 17 0 -6 -3 -6 3
334 A 17 0 -7 -3 2 4
334 A 17 0 7 -3 -2 4
334 A 17 0 0 -4 0 5
334 A 17 0 -4 -4 -6 6
334 A 17 0 4 -4 6 6
334 A 17 0 -5 -4 4 7
334 A 17 0 5 -4 -4 7
334 A 17 0 -6 -4 5 8
334 A 17 0 6 -4 -5 8
334 A 17 0 -2 -5 -7 -8
334 A 17 0 2 -5 7 -8
334 A 17 0 -4 -5 2 6
334 A 17 0 4 -5 -2 6
334 A 17 0 -7 -5 7 -5
334 A 17 0 -8 -5 -8 5
334 A 17 0 0 -6 0 -8
334 A 17 0 -4 -6 1 7
334 A 17 0 4 -6 -1 7
334 A 17 0 -5 -6 3 -7
334 A 17 0 5 -6 -3 -7
334 A 17 0 -8 -6 8 -6
334 A 17 0 -2 -7 -2 7
334 A 17 0 -5 -7 -4 -8
334 A 17 0 5 -7 4 -8
334 A 17 0 -6 -7 -2 8
334 A 17 0 6 -7 2 8
334 A 17 0 -3 -8 -3 8
334 A 18 0 -1 -1 5 -5
334 A 18 0 1 -1 -5 -5
334 A 18 0 -3 -1 3 -1
334 A 18 0 -5 -1 -5 1
334 A 18 0 -7 -1 5 7
334 A 18 0 7 -1 -5 7
334 A 18 0 -1 -5 -1 5
334 A 18 0 -3 -5 3 7
334 A 18 0 3 -5 -3 7
334 A 18 0 -7 -5 -1 -7
334 A 18 0 7 -5 1 -7
334 A 18 0 9 -5 9 7
334 A 18 0 -7 -7 -7 7
334 A 0 1 -19 0 -123 0
334 A 0 1 -21 0 -159 0
334 A 0 1 -23 0 -29 0
334 A 0 1 -25 0 147 0
334 A 0 1 -27 0 99 0
334 A 0 1 -33 0 81 0
334 A 0 1 -35 0 105 0
334 A 0 1 -41 0 -57 0
334 A 0 1 -43 0 101 0
334 A 0 1 -53 0 -63 0
334 A 0 1 -55 0 -85 0
334 A 0 1 -71 0 -127 0
334 A 0 1 -79 0 -93 0
334 A 0 1 -83 0 165 0
334 A 0 1 -87 0 -119 0
334 A 0 1 -125 0 163 0
334 A 0 1 -129 0 145 0
334 A 0 1 -139 0 161 0
334 A -1 1 -19 0 -141 0
334 A -1 1 -22 0 -137 0
334 A -1 1 -23 0 102 0
334 A -1 1 -29 0 104 0
334 A -1 1 -32 0 -157 0
334 A -1 1 -33 0 132 0
334 A -1 1 -34 0 69 0
334 A -1 1 -39 0 -146 0
334 A -1 1 -44 0 99 0
334 A -1 1 -53 0 -158 0
334 A -1 1 -64 0 89 0
334 A -1 1 -68 0 -133 0
334 A -1 1 -71 0 151 0
334 A -1 1 -76 0 -119 0
334 A -1 1 -88 0 -118 0
334 A -1 1 -101 0 136 0
334 A -1 1 -123 0 -128 0
334 A -1 1 -131 0 156 0
334 A 1 1 -19 0 -141 0
334 A 1 1 -22 0 -137 0
334 A 1 1 -23 0 102 0
334 A 1 1 -29 0 104 0
334 A 1 1 -32 0 -157 0
334 A 1 1 -33 0 132 0
334 A 1 1 -34 0 69 0
334 A 1 1 -39 0 -146 0
334 A 1 1 -44 0 99 0
334 A 1 1 -53 0 -158 0
334 A 1 1 -64 0 89 0
334 A 1 1 -68 0 -133 0
334 A 1 1 -71 0 151 0
334 A 1 1 -76 0 -119 0
334 A 1 1 -88 0 -118 0
334 A 1 1 -101 0 136 0
334 A 1 1 -123 0 -128 0
334 A 1 1 -131 0 156 0
334 A -2 1 -19 0 87 1
334 A -2 1 -21 0 159 1
334 A -2 1 -23 0 145 1
334 A -2 1 -25 0 -27 0
334 A -2 1 -29 0 35 0
334 A -2 1 -33 0 41 0
334 A -2 1 -43 0 -55 0
334 A -2 1 -51 0 -53 0
334 A -2 1 -57 0 -83 0
334 A -2 1 -59 0 -63 0
334 A -2 1 -71 0 -117 -1
334 A -2 1 -73 0 -123 -1
334 A -2 1 -77 0 -79 0
334 A -2 1 -81 0 -119 -1
334 A -2 1 -83 -1 -165 -1
334 A -2 1 -85 -1 -99 -1
334 A -2 1 -91 -1 -147 -1
334 A -2 1 -101 -1 -103 -1
334 A -2 1 -125 -1 -163 -1
334 A -2 1 -127 -1 -129 -1
334 A -2 1 -139 -1 -161 -1
334 A -2 1 -153 -1 -155 -1
334 A 2 1 -19 0 87 -1
334 A 2 1 -21 0 159 -1
334 A 2 1 -23 0 145 -1
334 A 2 1 -25 0 -27 0
334 A 2 1 -29 0 35 0
334 A 2 1 -33 0 41 0
334 A 2 1 -43 0 -55 0
334 A 2 1 -51 0 -53 0
334 A 2 1 -57 0 -83 0
334 A 2 1 -59 0 -63 0
334 A 2 1 -71 0 -117 1
334 A 2 1 -73 0 -123 1
334 A 2 1 -77 0 -79 0
334 A 2 1 -81 0 -119 1
334 A 2 1 83 -1 165 -1
334 A 2 1 85 -1 99 -1
334 A 2 1 91 -1 147 -1
334 A 2 1 101 -1 103 -1
334 A 2 1 125 -1 163 -1
334 A 2 1 127 -1 129 -1
334 A 2 1 139 -1 161 -1
334 A 2 1 153 -1 155 -1
334 A -3 1 -22 0 75 1
334 A -3 1 -24 0 -97 -1
334 A -3 1 -25 0 -93 -1
334 A -3 1 -30 0 -77 -1
334 A -3 1 -33 0 52 0
334 A -3 1 -36 0 159 1
334 A -3 1 -45 0 58 1
334 A -3 1 -47 0 70 1
334 A -3 1 -48 0 -50 0
334 A -3 1 -51 0 71 1
334 A -3 1 -54 0 105 1
334 A -3 1 -62 -1 92 1
334 A -3 1 -69 -1 78 1
334 A -3 1 -94 -1 -96 -1
334 A -3 1 -119 -1 -146 -1
334 A -3 1 -120 -1 -142 -1
334 A -3 1 -128 -1 -141 -1
334 A -3 1 -143 -1 -145 -1
334 A 3 1 -22 0 75 -1
334 A 3 1 -24 0 -97 1
334 A 3 1 -25 0 -93 1
334 A 3 1 -30 0 -77 1
334 A 3 1 -33 0 52 0
334 A 3 1 -36 0 159 -1
334 A 3 1 -45 0 58 -1
334 A 3 1 -47 0 70 -1
334 A 3 1 -48 0 -50 0
334 A 3 1 -51 0 71 -1
334 A 3 1 -54 0 105 -1
334 A 3 1 62 -1 -92 1
334 A 3 1 69 -1 -78 1
334 A 3 1 94 -1 96 -1
334 A 3 1 119 -1 146 -1
334 A 3 1 120 -1 142 -1
334 A 3 1 128 -1 141 -1
334 A 3 1 143 -1 145 -1
334 A -4 1 -19 0 125 1
334 A -4 1 -23 0 129 2
334 A -4 1 -29 0 161 2
334 A -4 1 -33 0 -49 -1
334 A -4 1 -37 0 119 1
334 A -4 1 -43 0 53 1
334 A -4 1 -43 -1 -63 -1
334 A -4 1 -47 -1 143 2
334 A -4 1 -55 -1 85 1
334 A -4 1 -57 -1 -105 -1
334 A -4 1 -65 -1 -67 -1
334 A -4 1 -69 -1 -155 -2
334 A -4 1 -79 -1 93 1
334 A -4 1 -89 -1 -135 -2
334 A -4 1 -97 -1 -141 -2
334 A -4 1 -103 -1 -149 -2
334 A -4 1 -127 -1 163 2
334 A -4 1 -131 -2 -133 -2
334 A -4 1 -145 -2 159 2
334 A 4 1 -19 0 125 -1
334 A 4 1 -23 0 129 -2
334 A 4 1 -29 0 161 -2
334 A 4 1 -33 0 -49 1
334 A 4 1 -37 0 119 -1
334 A 4 1 -43 0 53 -1
334 A 4 1 43 -1 63 -1
334 A 4 1 47 -1 -143 2
334 A 4 1 55 -1 -85 1
334 A 4 1 57 -1 105 -1
334 A 4 1 65 -1 67 -1
334 A 4 1 69 -1 155 -2
334 A 4 1 79 -1 -93 1
334 A 4 1 89 -1 135 -2
334 A 4 1 97 -1 141 -2
334 A 4 1 103 -1 149 -2
334 A 4 1 127 -1 -163 2
334 A 4 1 131 -2 133 -2
334 A 4 1 145 -2 -159 2
334 A -5 1 -19 0 -160 -2
334 A -5 1 -22 0 44 1
334 A -5 1 -23 0 -73 -1
334 A -5 1 -31 0 129 2
334 A -5 1 -34 0 -90 -1
334 A -5 1 -33 -1 -80 -1
334 A -5 1 -42 -1 -79 -1
334 A -5 1 -49 -1 -103 -2
334 A -5 1 -63 -1 122 2
334 A -5 1 -71 -1 127 2
334 A -5 1 -77 -1 152 2
334 A -5 1 -116 -2 -141 -2
334 A 5 1 -19 0 -160 2
334 A 5 1 -22 0 44 -1
334 A 5 1 -23 0 -73 1
334 A 5 1 -31 0 129 -2
334 A 5 1 -34 0 -90 1
334 A 5 1 33 -1 80 -1
334 A 5 1 42 -1 79 -1
334 A 5 1 49 -1 103 -2
334 A 5 1 63 -1 -122 2
334 A 5 1 71 -1 -127 2
334 A 5 1 77 -1 -152 2
334 A 5 1 116 -2 141 -2
334 A 19 0 -6 -1 7 2
334 A 19 0 6 -1 -7 2
334 A 19 0 -7 -1 -4 6
334 A 19 0 7 -1 4 6
334 A 19 0 -8 -1 -8 1
334 A 19 0 -9 -1 -3 -6
334 A 19 0 9 -1 3 -6
334 A 19 0 -1 -2 -8 -3
334 A 19 0 1 -2 8 -3
334 A 19 0 -2 -2 4 -4
334 A 19 0 2 -2 -4 -4
334 A 19 0 -3 -2 4 -9
334 A 19 0 3 -2 -4 -9
334 A 19 0 -4 -2 -5 -7
334 A 19 0 4 -2 5 -7
334 A 19 0 -5 -2 2 3
334 A 19 0 5 -2 -2 3
334 A 19 0 -8 -2 5 -6
334 A 19 0 8 -2 -5 -6
334 A 19 0 -9 -2 6 5
334 A 19 0 9 -2 -6 5
334 A 19 0 0 -3 0 4
334 A 19 0 -1 -3 4 7
334 A 19 0 1 -3 -4 7
334 A 19 0 -4 -3 4 -3
334 A 19 0 -5 -3 -9 -6
334 A 19 0 5 -3 9 -6
334 A 19 0 -6 -3 3 8
334 A 19 0 6 -3 -3 8
334 A 19 0 -7 -3 3 -4
334 A 19 0 7 -3 -3 -4
334 A 19 0 -1 -4 -3 -7
334 A 19 0 1 -4 3 -7
334 A 19 0 -2 -4 -4 8
334 A 19 0 2 -4 4 8
334 A 19 0 -5 -4 -3 -9
334 A 19 0 5 -4 3 -9
334 A 19 0 -6 -4 2 5
334 A 19 0 6 -4 -2 5
334 A 19 0 -7 -4 4 -5
334 A 19 0 7 -4 -4 -5
334 A 19 0 -8 -4 7 6
334 A 19 0 8 -4 -7 6
334 A 19 0 -9 -4 -1 -8
334 A 19 0 9 -4 1 -8
334 A 19 0 0 -5 0 -9
334 A 19 0 -1 -5 2 9
334 A 19 0 1 -5 -2 9
334 A 19 0 -3 -5 -3 5
334 A 19 0 -5 -5 -6 6
334 A 19 0 5 -5 6 6
334 A 19 0 -7 -5 7 -5
334 A 19 0 -8 -5 -9 8
334 A 19 0 8 -5 9 8
334 A 19 0 -2 -6 2 -6
334 A 19 0 -8 -6 2 8
334 A 19 0 8 -6 -2 8
334 A 19 0 -1 -7 -7 -8
334 A 19 0 1 -7 7 -8
334 A 19 0 -2 -7 -5 8
334 A 19 0 2 -7 5 8
334 A 19 0 -6 -7 5 -9
334 A 19 0 6 -7 -5 -9
334 A 19 0 -7 -7 -7 7
334 A 19 0 -8 -7 6 9
334 A 19 0 8 -7 -6 9
334 A 19 0 -6 -8 -6 8
334 A 19 0 -1 -9 -1 9
334 A -6 1 -21 0 129 2
334 A -6 1 -23 0 159 3
334 A -6 1 -27 0 -125 -2
334 A -6 1 -25 -1 -161 -3
334 A -6 1 -41 -1 57 1
334 A -6 1 -43 -1 -139 -2
334 A -6 1 -53 -1 63 1
334 A -6 1 -65 -1 -87 -2
334 A -6 1 -71 -1 155 3
334 A -6 1 -73 -1 83 1
334 A -6 1 -85 -2 91 2
334 A -6 1 -101 -2 149 3
334 A -6 1 -119 -2 143 3
334 A -6 1 -121 -2 -141 -2
334 A -6 1 -131 -2 -145 -3
334 A 6 1 -21 0 129 -2
334 A 6 1 -23 0 159 -3
334 A 6 1 -27 0 -125 2
334 A 6 1 25 -1 161 -3
334 A 6 1 41 -1 -57 1
334 A 6 1 43 -1 139 -2
334 A 6 1 53 -1 -63 1
334 A 6 1 65 -1 87 -2
334 A 6 1 71 -1 -155 3
334 A 6 1 73 -1 -83 1
334 A 6 1 85 -2 -91 2
334 A 6 1 101 -2 -149 3
334 A 6 1 119 -2 -143 3
334 A 6 1 121 -2 141 -2
334 A 6 1 131 -2 145 -3
334 A -7 1 -20 0 -120 -2
334 A -7 1 -21 0 66 1
334 A -7 1 -22 0 -73 -2
334 A -7 1 -23 0 43 1
334 A -7 1 -26 -1 -51 -1
334 A -7 1 -29 -1 -103 -2
334 A -7 1 -33 -1 -60 -1
334 A -7 1 -45 -1 -74 -1
334 A -7 1 -53 -1 69 2
334 A -7 1 -77 -2 -87 -2
334 A -7 1 -89 -2 105 2
334 A -7 1 -92 -2 -98 -2
334 A -7 1 -125 -3 -160 -3
334 A -7 1 -136 -3 -140 -3
334 A -7 1 -146 -3 -151 -3
334 A 7 1 -20 0 -120 2
334 A 7 1 -21 0 66 -1
334 A 7 1 -22 0 -73 2
334 A 7 1 -23 0 43 -1
334 A 7 1 26 -1 51 -1
334 A 7 1 29 -1 103 -2
334 A 7 1 33 -1 60 -1
334 A 7 1 45 -1 74 -1
334 A 7 1 53 -1 -69 2
334 A 7 1 77 -2 87 -2
334 A 7 1 89 -2 -105 2
334 A 7 1 92 -2 98 -2
334 A 7 1 125 -3 160 -3
334 A 7 1 136 -3 140 -3
334 A 7 1 146 -3 151 -3
334 A -8 1 -23 0 -149 -3
334 A -8 1 -17 -1 -159 -4
334 A -8 1 -19 -1 51 1
334 A -8 1 -21 -1 127 3
334 A -8 1 -27 -1 75 2
334 A -8 1 -31 -1 -43 -1
334 A -8 1 -33 -1 -141 -3
334 A -8 1 -55 -1 115 3
334 A -8 1 -61 -1 59 2
334 A -8 1 -69 -2 -87 -2
334 A -8 1 -77 -2 91 2
334 A -8 1 -79 -2 -131 -3
334 A -8 1 -81 -2 103 2
334 A -8 1 -89 -2 139 3
334 A -8 1 -95 -2 -123 -3
334 A -8 1 -105 -2 101 3
334 A -8 1 -117 -3 -143 -4
334 A -8 1 -119 -3 143 3
334 A -8 1 -147 -4 157 4
334 A 8 1 -23 0 -149 3
334 A 8 1 17 -1 159 -4
334 A 8 1 19 -1 -51 1
334 A 8 1 21 -1 -127 3
334 A 8 1 27 -1 -75 2
334 A 8 1 31 -1 43 -1
334 A 8 1 33 -1 141 -3
334 A 8 1 55 -1 -115 3
334 A 8 1 61 -1 -59 2
334 A 8 1 69 -2 87 -2
334 A 8 1 77 -2 -91 2
334 A 8 1 79 -2 131 -3
334 A 8 1 81 -2 -103 2
334 A 8 1 89 -2 -139 3
334 A 8 1 95 -2 123 -3
334 A 8 1 105 -2 -101 3
334 A 8 1 117 -3 143 -4
334 A 8 1 119 -3 -143 3
334 A 8 1 147 -4 -157 4
334 A 20 0 -1 -2 -7 -6
334 A 20 0 1 -2 7 -6
334 A 20 0 -1 -3 3 -9
334 A 20 0 1 -3 -3 -9
334 A 20 0 -9 -3 7 -9
334 A 20 0 9 -3 -7 -9
334 A 20 0 -5 -9 -5 9
334 A -9 1 -21 0 -61 -2
334 A -9 1 -18 -1 96 3
334 A -9 1 -19 -1 -127 -4
334 A -9 1 -24 -1 -70 -2
334 A -9 1 -27 -1 160 4
334 A -9 1 -32 -1 63 2
334 A -9 1 -33 -1 132 4
334 A -9 1 -34 -1 -157 -4
334 A -9 1 -45 -1 -119 -3
334 A -9 1 -47 -1 99 3
334 A -9 1 -53 -1 -69 -2
334 A -9 1 -54 -1 94 2
334 A -9 1 -59 -2 -79 -2
334 A -9 1 -68 -2 93 2
334 A -9 1 -76 -2 -145 -4
334 A -9 1 -97 -3 128 4
334 A -9 1 -131 -3 161 4
334 A -9 1 -126 -4 -151 -4
334 A -9 1 -133 -4 158 4
334 A 9 1 -21 0 -61 2
334 A 9 1 18 -1 -96 3
334 A 9 1 19 -1 127 -4
334 A 9 1 24 -1 70 -2
334 A 9 1 27 -1 -160 4
334 A 9 1 32 -1 -63 2
334 A 9 1 33 -1 -132 4
334 A 9 1 34 -1 157 -4
334 A 9 1 45 -1 119 -3
334 A 9 1 47 -1 -99 3
334 A 9 1 53 -1 69 -2
334 A 9 1 54 -1 -94 2
334 A 9 1 59 -2 79 -2
334 A 9 1 68 -2 -93 2
334 A 9 1 76 -2 145 -4
334 A 9 1 97 -3 -128 4
334 A 9 1 131 -3 -161 4
334 A 9 1 126 -4 151 -4
334 A 9 1 133 -4 -158 4
334 A -10 1 -13 -1 121 3
334 A -10 1 -15 -1 151 4
334 A -10 1 -27 -1 -99 -3
334 A -10 1 -31 -1 -97 -3
334 A -10 1 -35 -1 -105 -3
334 A -10 1 -47 -1 79 2
334 A -10 1 -49 -1 83 2
334 A -10 1 -55 -1 157 5
334 A -10 1 -49 -2 155 4
334 A -10 1 -55 -2 -61 -2
334 A -10 1 -63 -2 -143 -4
334 A -10 1 -83 -3 129 4
334 A -10 1 -91 -3 125 4
334 A -10 1 -149 -5 -155 -5
334 A 10 1 13 -1 -121 3
334 A 10 1 15 -1 -151 4
334 A 10 1 27 -1 99 -3
334 A 10 1 31 -1 97 -3
334 A 10 1 35 -1 105 -3
334 A 10 1 47 -1 -79 2
334 A 10 1 49 -1 -83 2
334 A 10 1 55 -1 -157 5
334 A 10 1 49 -2 -155 4
334 A 10 1 55 -2 61 -2
334 A 10 1 63 -2 143 -4
334 A 10 1 83 -3 -129 4
334 A 10 1 91 -3 -125 4
334 A 10 1 149 -5 155 -5
334 A 21 0 0 -2 0 -5
334 A 21 0 -3 -2 3 -2
334 A 21 0 -4 -2 -10 5
334 A 21 0 4 -2 10 5
334 A 21 0 -5 -2 4 -10
334 A 21 0 5 -2 -4 -10
334 A 21 0 -7 -2 -7 2
334 A 21 0 -9 -2 3 4
334 A 21 0 9 -2 -3 4
334 A 21 0 -8 -4 -5 -8
334 A 21 0 8 -4 5 -8
334 A 21 0 -10 -4 2 -5
334 A 21 0 10 -4 -2 -5
334 A 21 0 -3 -5 3 -5
334 A 21 0 -9 -5 3 10
334 A 21 0 9 -5 -3 10
334 A 21 0 -1 -8 -1 8
334 A -11 1 -11 -1 -51 -1
334 A -11 1 -12 -1 -134 -4
334 A -11 1 -18 -1 149 5
334 A -11 1 -20 -1 -33 -1
334 A -11 1 -21 -1 95 3
334 A -11 1 -22 -1 -138 -5
334 A -11 1 -23 -1 130 4
334 A -11 1 -25 -1 -106 -3
334 A -11 1 -32 -1 94 3
334 A -11 1 -35 -1 -67 -2
334 A -11 1 -36 -1 158 5
334 A -11 1 -50 -1 -135 -4
334 A -11 1 -45 -2 119 4
334 A -11 1 -46 -2 65 2
334 A -11 1 -47 -2 -156 -5
334 A -11 1 -49 -2 108 3
334 A -11 1 -57 -2 111 3
334 A -11 1 -59 -2 136 5
334 A -11 1 -64 -2 -120 -4
334 A -11 1 -75 -2 -142 -5
334 A -11 1 -77 -2 -161 -5
334 A -11 1 -73 -3 132 4
334 A -11 1 -75 -3 -143 -5
334 A -11 1 -89 -3 105 3
334 A -11 1 -99 -3 -118 -4
334 A -11 1 -103 -3 -140 -4
334 A -11 1 -115 -4 -142 -4
334 A -11 1 -129 -4 137 5
334 A 11 1 11 -1 51 -1
334 A 11 1 12 -1 134 -4
334 A 11 1 18 -1 -149 5
334 A 11 1 20 -1 33 -1
334 A 11 1 21 -1 -95 3
334 A 11 1 22 -1 138 -5
334 A 11 1 23 -1 -130 4
334 A 11 1 25 -1 106 -3
334 A 11 1 32 -1 -94 3
334 A 11 1 35 -1 67 -2
334 A 11 1 36 -1 -158 5
334 A 11 1 50 -1 135 -4
334 A 11 1 45 -2 -119 4
334 A 11 1 46 -2 -65 2
334 A 11 1 47 -2 156 -5
334 A 11 1 49 -2 -108 3
334 A 11 1 57 -2 -111 3
334 A 11 1 59 -2 -136 5
334 A 11 1 64 -2 120 -4
334 A 11 1 75 -2 142 -5
334 A 11 1 77 -2 161 -5
334 A 11 1 73 -3 -132 4
334 A 11 1 75 -3 143 -5
334 A 11 1 89 -3 -105 3
334 A 11 1 99 -3 118 -4
334 A 11 1 103 -3 140 -4
334 A 11 1 115 -4 142 -4
334 A 11 1 129 -4 -137 5
334 A -12 1 -15 -1 -129 -4
334 A -12 1 -17 -1 21 1
334 A -12 1 -19 -1 -125 -5
334 A -12 1 -23 -1 29 1
334 A -12 1 -35 -1 -37 -2
334 A -12 1 -45 -1 -73 -3
334 A -12 1 -41 -2 -89 -3
334 A -12 1 -47 -2 65 3
334 A -12 1 -59 -2 -119 -4
334 A -12 1 -65 -2 -97 -4
334 A -12 1 -67 -3 121 5
334 A -12 1 -159 -5 155 6
334 A 12 1 15 -1 129 -4
334 A 12 1 17 -1 -21 1
334 A 12 1 19 -1 125 -5
334 A 12 1 23 -1 -29 1
334 A 12 1 35 -1 37 -2
334 A 12 1 45 -1 73 -3
334 A 12 1 41 -2 89 -3
334 A 12 1 47 -2 -65 3
334 A 12 1 59 -2 119 -4
334 A 12 1 65 -2 97 -4
334 A 12 1 67 -3 -121 5
334 A 12 1 159 -5 -155 6
334 A 22 0 -3 -3 3 -3
334 A 22 0 -5 -3 -1 5
334 A 22 0 5 -3 1 5
334 A 22 0 11 -7 11 9
334 A 22 0 -7 -9 -7 9
334 A -13 1 -13 -1 -45 -1
334 A -13 1 -14 -1 -97 -4
334 A -13 1 -24 -1 42 2
334 A -13 1 -27 -1 -62 -2
334 A -13 1 -31 -1 -54 -2
334 A -13 1 -34 -2 70 3
334 A -13 1 -40 -2 -143 -6
334 A -13 1 -49 -2 -75 -3
334 A -13 1 -50 -2 87 4
334 A -13 1 -67 -2 80 3
334 A -13 1 -66 -3 141 5
334 A -13 1 -94 -3 -143 -5
334 A -13 1 -96 -3 -153 -6
334 A -13 1 -95 -4 141 6
334 A -13 1 -101 -4 162 6
334 A -13 1 -116 -5 161 6
334 A -13 1 -121 -5 -127 -5
334 A 13 1 13 -1 45 -1
334 A 13 1 14 -1 97 -4
334 A 13 1 24 -1 -42 2
334 A 13 1 27 -1 62 -2
334 A 13 1 31 -1 54 -2
334 A 13 1 34 -2 -70 3
334 A 13 1 40 -2 143 -6
334 A 13 1 49 -2 75 -3
334 A 13 1 50 -2 -87 4
334 A 13 1 67 -2 -80 3
334 A 13 1 66 -3 -141 5
334 A 13 1 94 -3 143 -5
334 A 13 1 96 -3 153 -6
334 A 13 1 95 -4 -141 6
334 A 13 1 101 -4 -162 6
334 A 13 1 116 -5 -161 6
334 A 13 1 121 -5 127 -5
334 A 23 0 -1 -2 8 7
334 A 23 0 1 -2 -8 7
334 A 23 0 -3 -2 -6 4
334 A 23 0 3 -2 6 4
334 A 23 0 -7 -2 6 -5
334 A 23 0 7 -2 -6 -5
334 A 23 0 -8 -2 5 -7
334 A 23 0 8 -2 -5 -7
334 A 23 0 -11 -2 10 -6
334 A 23 0 11 -2 -10 -6
334 A 23 0 -1 -3 -4 -11
334 A 23 0 1 -3 4 -11
334 A 23 0 -5 -3 -1 -4
334 A 23 0 5 -3 1 -4
334 A 23 0 -6 -3 1 11
334 A 23 0 6 -3 -1 11
334 A 23 0 -7 -3 4 -5
334 A 23 0 7 -3 -4 -5
334 A 23 0 -10 -3 10 -3
334 A 23 0 -11 -3 -11 3
334 A 23 0 0 -4 0 11
334 A 23 0 -1 -5 -11 9
334 A 23 0 1 -5 11 9
334 A 23 0 -3 -5 -2 11
334 A 23 0 3 -5 2 11
334 A 23 0 -7 -5 -4 -7
334 A 23 0 7 -5 4 -7
334 A 23 0 -1 -6 -6 -10
334 A 23 0 1 -6 6 -10
334 A 23 0 -2 -6 -2 6
334 A 23 0 -3 -6 -5 10
334 A 23 0 3 -6 5 10
334 A 23 0 -11 -6 11 -6
334 A 23 0 -8 -9 8 -9
334 A 23 0 -8 -10 -8 10
334 A -14 1 -25 -1 -147 -6
334 A -14 1 -37 -1 -155 -6
334 A -14 1 -43 -2 -125 -6
334 A -14 1 -51 -2 -105 -4
334 A -14 1 -79 -3 -135 -6
334 A -14 1 -137 -5 149 6
334 A 14 1 25 -1 147 -6
334 A 14 1 37 -1 155 -6
334 A 14 1 43 -2 125 -6
334 A 14 1 51 -2 105 -4
334 A 14 1 79 -3 135 -6
334 A 14 1 137 -5 -149 6
334 A -15 1 -21 -1 159 7
334 A -15 1 -30 -1 -146 -6
334 A -15 1 -34 -1 146 7
334 A -15 1 -28 -2 -61 -3
334 A -15 1 -37 -2 162 7
334 A -15 1 -59 -2 126 5
334 A -15 1 -76 -3 141 6
334 A -15 1 -74 -4 -86 -4
334 A 15 1 21 -1 -159 7
334 A 15 1 30 -1 146 -6
334 A 15 1 34 -1 -146 7
334 A 15 1 28 -2 61 -3
334 A 15 1 37 -2 -162 7
334 A 15 1 59 -2 -126 5
334 A 15 1 76 -3 -141 6
334 A 15 1 74 -4 86 -4
334 A 24 0 -5 -5 -5 5
334 A -16 1 -27 -1 135 7
334 A -16 1 -47 -2 143 6
334 A -16 1 -99 -4 145 7
334 A 16 1 27 -1 -135 7
334 A 16 1 47 -2 -143 6
334 A 16 1 99 -4 -145 7
334 A -17 1 -23 -1 -58 -3
334 A -17 1 -29 -1 81 4
334 A -17 1 -33 -1 94 4
334 A -17 1 -26 -2 67 4
334 A -17 1 -41 -2 57 3
334 A -17 1 -41 -3 -135 -6
334 A -17 1 -48 -3 -139 -7
334 A -17 1 -67 -3 64 4
334 A -17 1 -119 -6 160 8
334 A 17 1 23 -1 58 -3
334 A 17 1 29 -1 -81 4
334 A 17 1 33 -1 -94 4
334 A 17 1 26 -2 -67 4
334 A 17 1 41 -2 -57 3
334 A 17 1 41 -3 135 -6
334 A 17 1 48 -3 139 -7
334 A 17 1 67 -3 -64 4
334 A 17 1 119 -6 -160 8
334 A 25 0 -9 -2 2 -6
334 A 25 0 9 -2 -2 -6
334 A 25 0 0 -3 0 12
334 A 25 0 -1 -3 -7 -4
334 A 25 0 1 -3 7 -4
334 A 25 0 0 -4 0 9
334 A 25 0 -8 -4 1 12
334 A 25 0 8 -4 -1 12
334 A -18 1 -31 -2 131 8
334 A 18 1 31 -2 -131 8
334 A -19 1 -28 -1 -93 -6
334 A -19 1 -29 -1 -162 -9
334 A -19 1 -18 -2 97 6
334 A -19 1 -30 -2 35 3
334 A -19 1 -33 -2 91 5
334 A -19 1 -46 -2 -53 -2
334 A -19 1 -53 -4 131 7
334 A -19 1 -92 -6 -163 -9
334 A 19 1 28 -1 93 -6
334 A 19 1 29 -1 162 -9
334 A 19 1 18 -2 -97 6
334 A 19 1 30 -2 -35 3
334 A 19 1 33 -2 -91 5
334 A 19 1 46 -2 53 -2
334 A 19 1 53 -4 -131 7
334 A 19 1 92 -6 163 -9
334 A 27 0 -8 -2 -2 -13
334 A 27 0 8 -2 2 -13
334 A 27 0 -11 -4 1 7
334 A 27 0 11 -4 -1 7
334 A 27 0 -13 -5 -1 -10
334 A 27 0 13 -5 1 -10
334 A 27 0 -12 -7 3 -13
334 A 27 0 12 -7 -3 -13
334 A 27 0 -5 -8 13 -10
334 A 27 0 5 -8 -13 -10
334 A 27 0 -6 -8 6 -8
334 A 27 0 -7 -8 -13 11
334 A 27 0 7 -8 13 11
334 A -20 1 -25 -1 121 7
334 A -20 1 -35 -2 -57 -4
334 A 20 1 25 -1 -121 7
334 A 20 1 35 -2 57 -4
334 A -21 1 -37 -2 -80 -6
334 A -21 1 -31 -3 -161 -10
334 A -21 1 -41 -3 -105 -6
334 A -21 1 -80 -4 -94 -7
334 A -21 1 -82 -5 163 10
334 A 21 1 37 -2 80 -6
334 A 21 1 31 -3 161 -10
334 A 21 1 41 -3 105 -6
334 A 21 1 80 -4 94 -7
334 A 21 1 82 -5 -163 10
334 A 28 0 -5 -2 -3 -10
334 A 28 0 5 -2 3 -10
334 A 29 0 -8 -2 1 7
334 A 29 0 8 -2 -1 7
334 A 29 0 -12 -2 12 -2
334 A 29 0 -13 -2 -14 -9
334 A 29 0 13 -2 14 -9
334 A 29 0 -11 -3 -8 -11
334 A 29 0 11 -3 8 -11
334 A 29 0 -12 -3 -9 -5
334 A 29 0 12 -3 9 -5
334 A 29 0 -13 -4 14 -11
334 A 29 0 13 -4 -14 -11
334 A 29 0 -14 -4 14 -4
334 A 29 0 -1 -5 -1 5
334 A 29 0 -10 -5 -7 -11
334 A 29 0 10 -5 7 -11
334 A 29 0 -14 -7 -5 -12
334 A 29 0 14 -7 5 -12
334 A 29 0 -4 -12 4 -12
334 A -23 1 -43 -2 113 9
334 A -23 1 -47 -4 -57 -4
334 A -23 1 -68 -5 162 11
334 A -23 1 -110 -7 -121 -9
334 A 23 1 43 -2 -113 9
334 A 23 1 47 -4 57 -4
334 A 23 1 68 -5 -162 11
334 A 23 1 110 -7 121 -9
334 A 30 0 -5 -3 5 -3
334 A 30 0 -5 -4 -5 4
334 A -25 1 -12 -2 -82 -6
334 A -25 1 -17 -2 -79 -6
334 A -25 1 -42 -2 119 9
334 A -25 1 -43 -2 65 4
334 A -25 1 -59 -3 115 10
334 A 25 1 12 -2 82 -6
334 A 25 1 17 -2 79 -6
334 A 25 1 42 -2 -119 9
334 A 25 1 43 -2 -65 4
334 A 25 1 59 -3 -115 10
334 A 31 0 -12 -3 -1 8
334 A 31 0 12 -3 1 8
334 A 31 0 -13 -3 1 -5
334 A 31 0 13 -3 -1 -5
334 A 31 0 -15 -4 -7 6
334 A 31 0 15 -4 7 6
334 A 31 0 0 -5 0 8
334 A 31 0 -11 -5 13 11
334 A 31 0 11 -5 -13 11
334 A 31 0 -5 -6 15 13
334 A 31 0 5 -6 -15 13
334 A 31 0 -6 -6 6 -6
334 A -26 1 -47 -4 93 8
334 A 26 1 47 -4 -93 8
334 A -27 1 -37 -2 68 7
334 A -27 1 -63 -4 -68 -6
334 A -27 1 -48 -5 125 10
334 A -27 1 -66 -5 -86 -7
334 A -27 1 -85 -7 -106 -8
334 A 27 1 37 -2 -68 7
334 A 27 1 63 -4 68 -6
334 A 27 1 48 -5 -125 10
334 A 27 1 66 -5 86 -7
334 A 27 1 85 -7 106 -8
334 A 33 0 -14 -7 13 10
334 A 33 0 14 -7 -13 10
334 A 33 0 -15 -8 6 10
334 A 33 0 15 -8 -6 10
334 A 33 0 -16 -8 -1 -16
334 A 33 0 16 -8 1 -16
334 A 33 0 -7 -10 2 16
334 A 33 0 7 -10 -2 16
334 A -29 1 -26 -4 -132 -10
334 A 29 1 26 -4 132 -10
334 A 35 0 -12 -6 -1 -17
334 A 35 0 12 -6 1 -17
334 A -31 1 -42 -2 -107 -9
334 A 31 1 42 -2 107 -9
334 A 0 2 -33 1 -253 1
334 A 0 2 -85 1 279 1
334 A -2 2 -67 -1 201 1
334 A 2 2 67 -1 -201 1
334 A 37 0 -16 -2 16 -2
334 A 37 0 -9 -7 18 -14
334 A 37 0 9 -7 -18 -14
334 A 37 0 -7 -11 2 18
334 A 37 0 7 -11 -2 18
334 A -6 2 -45 -1 -47 -1
334 A -6 2 -143 -1 -145 -1
334 A -6 2 -235 -3 -237 -3
334 A 6 2 45 -1 47 -1
334 A 6 2 143 -1 145 -1
334 A 6 2 235 -3 237 -3
334 A -8 2 -51 0 143 2
334 A -8 2 -69 0 -71 0
334 A -8 2 -81 -2 -275 -4
334 A -8 2 -141 -2 241 2
334 A -8 2 -201 -2 -203 -2
334 A 8 2 -51 0 143 -2
334 A 8 2 -69 0 -71 0
334 A 8 2 81 -2 275 -4
334 A 8 2 141 -2 -241 2
334 A 8 2 201 -2 203 -2
334 A -33 1 -47 -3 -164 -16
334 A 33 1 47 -3 164 -16
334 A 39 0 -16 -4 -1 10
334 A 39 0 16 -4 1 10
334 A -35 1 -39 -2 87 11
334 A -35 1 -47 -3 -85 -9
334 A 35 1 39 -2 -87 11
334 A 35 1 47 -3 85 -9
334 A 41 0 -5 -18 5 -18
334 A -37 1 -69 -6 108 11
334 A 37 1 69 -6 -108 11
334 A 43 0 -17 -13 -11 16
334 A 43 0 17 -13 11 16
334 A -25 2 -205 -7 -326 -12
334 A 25 2 205 -7 326 -12
334 A -41 1 -117 -12 -146 -15
334 A -41 1 -99 -13 -106 -16
334 A 41 1 117 -12 146 -15
334 A 41 1 99 -13 106 -16
334 A 47 0 -12 -3 12 -3
334 A 51 0 -25 -13 -13 19
334 A 51 0 25 -13 13 19
334 A 51 0 -12 -19 12 -19
334 A -49 1 -33 -5 -102 -19
334 A -49 1 -109 -12 -150 -18
334 A 49 1 33 -5 102 -19
334 A 49 1 109 -12 150 -18
334 A 53 0 -1 -13 -26 20
334 A 53 0 1 -13 26 20
334 A 55 0 -27 -14 -1 27
334 A 55 0 27 -14 1 27
334 A -53 1 -83 -13 -165 -26
334 A 53 1 83 -13 165 -26
334 A 57 0 -21 -25 21 -25
334 A 57 0 -1 -28 -1 28
334 A 71 0 -10 -5 10 -5
334 A 71 0 -35 -31 35 -31
334 A 87 0 -12 -31 12 -31
334 A 97 0 -16 -8 16 -8
334 A 103 0 -34 -43 34 -43
334 A 113 0 -56 -47 56 -47
334 A 119 0 -24 -12 24 -12
334 A 137 0 -34 -17 34 -17
334 A 143 0 -71 -18 71 -18
334 A 151 0 -50 -25 50 -25
334 A 161 0 -80 -40 80 -40
334 S 1 1 5 0
334 S 2 2 5 0
334 S -1 1 5 0
334 S -2 2 5 0
334 S 3 1 7 0
334 S -1 2 7 0
334 S 2 3 7 0
334 S -3 1 7 0
334 S 1 2 7 0
334 S -2 3 7 0
334 S -4 1 10 0
334 S -2 3 10 0
334 S 4 1 10 0
334 S 2 3 10 0
334 S 2 1 13 0
334 S 4 2 13 0
334 S 6 3 13 0
334 S -5 4 13 0
334 S -3 5 13 0
334 S -1 6 13 0
334 S -2 1 13 0
334 S -4 2 13 0
334 S -6 3 13 0
334 S 5 4 13 0
334 S 3 5 13 0
334 S 1 6 13 0
334 S -4 1 14 0
334 S 2 3 14 0
334 S -6 5 14 0
334 S 4 1 14 0
334 S -2 3 14 0
334 S 6 5 14 0
334 T 464 492 454 0 0
334 T 456 2212 2406 0 0
334 T 2408 591 462 0 0
334 T 591 2210 492 0 0
334 T 460 494 466 0 0
334 T 468 589 2331 0 0
334 T 2333 2271 458 0 0
334 T 2271 587 494 0 0
334 T 325 308 316 0 0
334 T 314 2594 839 0 0
334 T 841 2331 323 0 0
334 T 2331 2596 308 0 0
334 T 320 2409 834 0 0
334 T 316 311 318 0 0
334 T 836 2520 314 0 0
334 T 311 2518 2409 0 0
334 T 417 426 419 0 0
334 T 421 2262 523 0 0
334 T 525 2205 415 0 0
334 T 2205 2264 426 -1 0
334 T 178 1411 775 0 0
334 T 785 1756 180 0 0
334 T 777 839 783 0 0
334 T 1756 841 1411 0 0
334 T 180 1706 778 0 0
334 T 780 836 770 0 0
334 T 772 1484 178 0 0
334 T 1484 834 1706 0 0
334 T 210 786 1622 0 0
334 T 1624 849 1702 0 0
334 T 1704 780 212 0 0
334 T 780 847 786 0 0
334 T 212 783 1750 0 0
334 T 1549 793 210 0 0
334 T 1752 850 1547 0 0
334 T 793 852 783 0 0
334 T 649 2213 311 0 0
334 T 2520 455 647 0 0
334 T 308 2271 642 0 0
334 T 644 460 2594 0 0
334 T 197 193 83 -1 0
334 T 1813 2654 195 0 0
334 T 2654 81 2713 0 0
334 T 2711 1809 193 0 0
334 T 333 2616 987 0 0
334 T 337 86 331 0 0
334 T 989 2539 335 -1 0
334 T 86 2541 2616 0 0
334 T 777 773 769 -1 0
334 T 890 893 889 -1 0
334 T 525 2200 567 -1 0
334 T 565 2259 523 0 0
334 T 569 91 563 0 0
334 T 2259 91 2200 0 0
334 T 585 590 575 0 0
334 T 577 465 1706 0 0
334 T 1708 2407 583 0 0
334 T 580 2333 1754 0 0
334 T 572 589 578 0 0
334 T 1756 466 570 0 0
334 T 1484 318 583 0 0
334 T 580 325 1411 0 0
334 T 261 814 2634 0 0
334 T 253 308 259 0 0
334 T 2636 2277 251 0 0
334 T 308 2275 814 0 0
334 T 256 311 250 0 0
334 T 252 2215 2690 0 0
334 T 2692 821 254 0 0
334 T 821 2217 311 0 0
334 T 305 2102 799 0 0
334 T 801 797 805 1 0
334 T 537 2163 2102 0 0
334 T 797 2165 299 0 0
334 T 249 874 1478 0 0
334 T 1480 809 2194 0 0
334 T 2196 815 247 0 0
334 T 815 807 874 0 0
334 T 244 820 2254 0 0
334 T 1409 873 242 0 0
334 T 2256 810 1407 0 0
334 T 873 812 820 0 0
334 T 197 2432 747 0 0
334 T 191 743 2357 0 0
334 T 2355 536 2432 0 0
334 T 729 763 719 0 0
334 T 721 1260 2238 0 0
334 T 2240 205 727 0 0
334 T 205 1258 763 0 0
334 T 724 198 2179 0 0
334 T 716 760 722 0 0
334 T 2181 1347 714 0 0
334 T 760 1349 198 0 0
334 T 829 1655 311 0 0
334 T 821 845 827 0 0
334 T 1655 843 2215 0 0
334 T 308 1581 822 0 0
334 T 824 842 814 0 0
334 T 2277 844 1581 0 0
334 T 757 879 747 0 0
334 T 749 2099 1166 0 0
334 T 1168 165 755 0 0
334 T 165 2101 879 0 0
334 T 752 166 1095 0 0
334 T 744 884 750 0 0
334 T 1097 2161 742 0 0
334 T 884 2159 166 0 0
334 T 277 348 267 0 0
334 T 269 2026 2486 0 0
334 T 2488 2732 275 0 0
334 T 2732 2028 348 0 0
334 T 272 2674 2562 0 0
334 T 264 343 270 0 0
334 T 2564 2025 262 0 0
334 T 343 2023 2674 0 0
334 T 1044 11 843 0 0
334 T 1580 966 1042 0 0
334 T 11 968 2276 0 0
334 T 1045 966 1654 0 0
334 T 2214 968 11 0 0
334 T 413 396 404 0 0
334 T 402 2558 519 0 0
334 T 521 1719 411 0 0
334 T 1719 2560 396 0 0
334 T 408 1769 514 0 0
334 T 404 399 406 0 0
334 T 516 2484 402 0 0
334 T 399 2482 1769 0 0
334 T 142 806 1174 0 0
334 T 1176 1104 1877 -1 0
334 T 804 810 806 0 0
334 T 1104 812 143 0 0
334 T 489 2278 867 0 0
334 T 481 500 487 0 0
334 T 869 2677 479 0 0
334 T 500 2675 2278 0 0
334 T 484 503 474 0 0
334 T 476 2731 862 0 0
334 T 864 2220 482 0 0
334 T 2220 2733 503 0 0
334 T 205 231 195 0 0
334 T 197 2438 1827 0 0
334 T 1829 2884 203 0 0
334 T 2884 2440 231 0 0
334 T 200 2994 1822 0 0
334 T 192 236 198 0 0
334 T 1824 2364 190 0 0
334 T 236 2362 2994 0 0
334 T 2636 11 2947 0 0
334 T 2949 969 251 0 0
334 T 252 969 2835 0 0
334 T 2837 11 2690 0 0
334 T 737 1101 2242 0 0
334 T 729 755 735 0 0
334 T 2244 174 727 0 0
334 T 755 176 1101 0 0
334 T 732 752 722 0 0
334 T 724 174 2183 0 0
334 T 2185 1170 730 0 0
334 T 1170 176 752 0 0
334 T 141 909 1338 0 0
334 T 1340 852 1434 0 0
334 T 1436 858 139 0 0
334 T 858 850 909 0 0
334 T 136 857 1506 0 0
334 T 1253 910 134 0 0
334 T 1508 847 1251 0 0
334 T 910 849 857 0 0
334 T 169 3024 2670 0 0
334 T 2425 2007 167 0 0
334 T 2672 185 2423 0 0
334 T 2007 183 3024 0 0
334 T 164 2012 2347 0 0
334 T 2349 185 2726 0 0
334 T 2728 2910 162 0 0
334 T 2910 183 2012 0 0
334 T 913 919 903 0 0
334 T 905 377 1726 0 0
334 T 1728 2285 911 0 0
334 T 2285 375 919 0 0
334 T 908 2223 1774 0 0
334 T 900 919 906 0 0
334 T 1776 377 898 0 0
334 T 919 375 2223 0 0
334 T 197 666 1166 0 0
334 T 2430 2099 666 0 0
334 T 1097 666 190 0 0
334 T 666 2161 2356 0 0
334 T 173 171 173 -1 0
334 T 506 508 506 -1 0
334 T 577 480 2699 0 0
334 T 2701 473 1706 0 0
334 T 463 471 480 0 0
334 T 473 466 475 0 0
334 T 477 572 2645 0 0
334 T 2643 1754 471 0 0
334 T 1845 145 2194 0 0
334 T 1480 1177 1843 0 0
334 T 1840 1102 1407 0 0
334 T 2256 145 1838 0 0
334 T 305 2435 2870 0 0
334 T 2872 381 799 0 0
334 T 2104 379 2435 0 0
334 T 796 381 2982 0 0
334 T 2984 2361 298 0 0
334 T 2361 379 2162 0 0
334 T 305 339 295 0 0
334 T 297 2010 2870 0 0
334 T 2437 2012 339 0 0
334 T 296 339 298 0 0
334 T 2984 2009 294 0 0
334 T 339 2007 2359 0 0
334 T 949 2152 1298 0 0
334 T 1140 165 947 0 0
334 T 1300 1986 1138 0 0
334 T 165 1988 2152 0 0
334 T 944 166 1067 0 0
334 T 1069 1993 1211 0 0
334 T 1213 2090 942 0 0
334 T 2090 1991 166 0 0
334 T 721 863 711 0 0
334 T 713 2221 2110 0 0
334 T 2112 485 719 0 0
334 T 716 486 2051 0 0
334 T 708 868 714 0 0
334 T 2053 2279 706 0 0
334 T 2240 231 2626 0 0
334 T 2628 197 727 0 0
334 T 724 190 2682 0 0
334 T 2684 236 2179 0 0
334 T 370 1695 411 0 0
334 T 421 2248 372 0 0
334 T 413 424 419 0 0
334 T 2248 422 1695 0 0
334 T 372 2186 414 0 0
334 T 416 423 406 0 0
334 T 408 1744 370 0 0
334 T 1744 425 2186 0 0
334 T 830 834 827 0 0
334 T 829 2520 1334 0 0
334 T 1336 316 832 0 0
334 T 832 316 1247 0 0
334 T 824 841 830 0 0
334 T 1249 2594 822 0 0
334 T 1873 300 2074 0 0
334 T 1032 1714 1871 0 0
334 T 2076 630 1030 0 0
334 T 1714 632 300 0 0
334 T 1868 1764 1031 0 0
334 T 1033 630 2134 0 0
334 T 2136 303 1866 0 0
334 T 303 632 1764 0 0
334 T 141 2222 1955 0 0
334 T 1957 1777 1338 0 0
334 T 1952 2284 134 0 0
334 T 1253 1727 1950 0 0
334 T 829 455 1566 0 0
334 T 1568 649 1334 0 0
334 T 823 1643 459 0 0
334 T 1643 1246 645 0 0
334 T 369 857 1470 0 0
334 T 1472 863 2486 0 0
334 T 2488 924 367 0 0
334 T 924 865 857 0 0
334 T 364 927 2562 0 0
334 T 1401 858 362 0 0
334 T 2564 868 1399 0 0
334 T 858 866 927 0 0
334 T 8 2718 1911 0 0
334 T 1913 161 2589 0 0
334 T 2587 2854 9 0 0
334 T 2854 159 2718 0 0
334 T 154 2966 2664 0 0
334 T 1914 2513 156 0 0
334 T 2662 9 1916 0 0
334 T 2513 8 2966 0 0
334 T 557 573 547 0 0
334 T 549 2642 1458 0 0
334 T 1460 474 555 0 0
334 T 552 481 1387 0 0
334 T 544 574 550 0 0
334 T 1389 2700 542 0 0
334 T 1472 475 275 0 0
334 T 272 480 1399 0 0
334 T 996 2348 947 0 0
334 T 1140 2013 994 0 0
334 T 944 2422 995 0 0
334 T 997 2006 1067 0 0
334 T 1861 133 1702 0 0
334 T 1624 1197 1859 0 0
334 T 1197 849 133 0 0
334 T 1856 1122 1547 0 0
334 T 1752 133 1854 0 0
334 T 133 850 1122 0 0
334 T 369 1453 399 0 0
334 T 2484 1915 367 0 0
334 T 1915 1767 1453 0 0
334 T 364 1912 2558 0 0
334 T 396 1523 362 0 0
334 T 1523 1721 1912 0 0
334 T 915 917 915 1 0
334 T 352 350 352 1 0
334 T 1813 451 2695 0 0
334 T 2500 445 1811 0 0
334 T 2697 495 2498 0 0
334 T 445 497 451 0 0
334 T 441 2577 1809 0 0
334 T 449 491 439 0 0
334 T 1807 2638 447 0 0
334 T 491 2640 2577 0 0
334 T 585 2209 2703 0 0
334 T 2705 866 575 0 0
334 T 592 868 2209 0 0
334 T 572 865 2647 0 0
334 T 2649 2267 578 0 0
334 T 2267 863 587 0 0
334 T 1941 131 1434 0 0
334 T 1340 1124 1939 0 0
334 T 1936 1195 1251 0 0
334 T 1508 131 1934 0 0
334 T 749 898 739 0 0
334 T 741 904 743 0 0
334 T 626 562 2242 0 0
334 T 737 2552 628 0 0
334 T 2552 1101 562 0 0
334 T 628 2474 730 0 0
334 T 2185 569 626 0 0
334 T 569 1170 2474 0 0
334 T 349 345 353 1 0
334 T 2041 3072 347 0 0
334 T 345 3119 2035 0 0
334 T 3072 1 3119 0 -1
334 T 785 473 3095 0 0
334 T 3097 2645 180 0 0
334 T 180 2699 3047 0 0
334 T 3049 473 778 0 0
334 T 225 2228 2603 0 0
334 T 217 241 223 0 0
334 T 2605 663 215 0 0
334 T 241 665 2228 0 0
334 T 220 241 214 0 0
334 T 216 663 2527 0 0
334 T 2529 2286 218 0 0
334 T 2286 665 241 0 0
334 T 1501 1995 1427 0 0
334 T 1865 1906 1871 0 0
334 T 1032 9 1863 0 0
334 T 1906 8 1716 0 0
334 T 1868 1905 1862 0 0
334 T 1762 8 1905 0 0
334 T 349 505 1202 0 0
334 T 1204 2218 2027 0 0
334 T 2024 2280 1131 0 0
334 T 1133 498 342 0 0
334 T 421 1870 2118 0 0
334 T 2120 1256 523 0 0
334 T 2264 1254 1870 0 0
334 T 1344 2060 525 0 0
334 T 2203 1866 1342 0 0
334 T 2060 1868 415 0 0
334 T 261 806 1154 0 0
334 T 1156 877 2634 0 0
334 T 1085 813 254 0 0
334 T 2692 870 1083 0 0
334 T 161 1893 1326 0 0
334 T 1328 1883 1710 0 0
334 T 1712 2003 159 0 0
334 T 2003 1885 1893 0 0
334 T 156 2000 1758 0 0
334 T 1241 1886 154 0 0
334 T 1760 1880 1239 0 0
334 T 1886 1878 2000 0 0
334 T 207 199 203 0 0
334 T 205 2264 1843 0 0
334 T 1841 2203 199 0 0
334 T 2208 2419 859 0 0
334 T 926 2421 593 0 0
334 T 856 2345 2266 0 0
334 T 586 2343 925 0 0
334 T 1933 2418 139 0 0
334 T 1436 2207 1931 0 0
334 T 136 2344 1926 0 0
334 T 1928 2269 1506 0 0
334 T 1941 1971 1931 0 0
334 T 133 2207 1971 0 0
334 T 1928 1971 1934 0 0
334 T 1971 2269 133 0 0
334 T 1957 2004 1947 0 0
334 T 1949 6 1338 0 0
334 T 1775 4 2004 0 0
334 T 1944 1999 1950 0 0
334 T 1253 6 1942 0 0
334 T 1999 4 1729 0 0
334 T 1909 2019 1915 0 0
334 T 1769 182 1907 0 0
334 T 2019 184 1453 0 0
334 T 1912 2016 1902 0 0
334 T 1904 182 1719 0 0
334 T 1523 184 2016 0 0
334 T 289 597 1698 0 0
334 T 293 326 287 0 0
334 T 1748 596 291 0 0
334 T 1700 1983 1746 0 0
334 T 2200 1951 147 0 0
334 T 1951 1955 97 1 0
334 T 149 1957 2259 0 0
334 T 630 2875 295 0 0
334 T 341 2877 1764 0 0
334 T 296 2989 630 0 0
334 T 1714 2987 341 0 0
334 T 1793 1852 1783 0 0
334 T 1785 1623 2230 0 0
334 T 2232 7 1791 0 0
334 T 7 1625 1852 0 0
334 T 1788 7 2171 0 0
334 T 1780 1847 1786 0 0
334 T 2173 1548 1778 0 0
334 T 1847 1546 7 0 0
334 T 1813 1498 1018 0 0
334 T 1020 654 2695 0 0
334 T 453 656 1498 0 0
334 T 1021 1429 1806 0 0
334 T 2641 654 1019 0 0
334 T 1429 656 446 0 0
334 T 625 156 1734 0 0
334 T 721 3003 623 0 0
334 T 1736 2647 719 0 0
334 T 3003 2649 156 0 0
334 T 620 2893 714 0 0
334 T 716 2705 1687 0 0
334 T 1689 159 618 0 0
334 T 159 2703 2893 0 0
334 T 2030 2034 2027 0 0
334 T 1204 188 2032 0 0
334 T 188 2218 2034 0 0
334 T 2032 188 1131 0 0
334 T 2024 2041 2030 0 0
334 T 2041 2280 188 0 0
334 T 729 1166 2366 0 0
334 T 2368 165 735 0 0
334 T 732 166 2291 0 0
334 T 2293 1097 722 0 0
334 T 1785 1479 1730 0 0
334 T 1684 1409 1779 0 0
334 T 461 2094 1771 0 0
334 T 1773 357 467 0 0
334 T 357 2096 497 0 0
334 T 464 357 1723 0 0
334 T 1725 2156 454 0 0
334 T 490 2154 357 0 0
334 T 1736 570 711 0 0
334 T 708 577 1687 0 0
334 T 205 1254 1835 0 0
334 T 1837 1872 1843 0 0
334 T 1840 1867 1830 0 0
334 T 1832 1345 198 0 0
334 T 1853 1980 1859 0 0
334 T 1980 4 1195 0 0
334 T 1856 1975 1846 0 0
334 T 1124 4 1975 0 0
334 T 174 2503 747 0 0
334 T 1101 879 2503 0 0
334 T 744 2581 174 0 0
334 T 2581 884 1170 0 0
334 T 12 1858 1746 0 0
334 T 1700 1856 13 0 0
334 T 1856 1983 1858 0 0
334 T 681 800 671 0 0
334 T 673 2871 1138 0 0
334 T 1140 380 679 0 0
334 T 676 380 1067 0 0
334 T 672 795 674 0 0
334 T 1069 2985 670 0 0
334 T 197 1116 1819 0 0
334 T 1821 1919 1827 0 0
334 T 2440 1921 1116 0 0
334 T 1824 1924 1814 0 0
334 T 1816 1187 190 0 0
334 T 1187 1922 2362 0 0
334 T 673 294 994 0 0
334 T 142 2978 1883 0 0
334 T 1885 7 2395 0 0
334 T 2397 3061 144 0 0
334 T 3061 5 2978 0 0
334 T 144 3107 2319 0 0
334 T 1880 2868 142 0 0
334 T 2321 7 1878 0 0
334 T 2868 5 3107 0 0
334 T 1736 548 3030 0 0
334 T 3032 554 711 0 0
334 T 708 553 3078 0 0
334 T 3080 543 1687 0 0
334 T 2628 666 2366 0 0
334 T 2293 666 2682 0 0
334 T 261 298 267 0 0
334 T 265 304 255 0 0
334 T 625 1309 3030 0 0
334 T 154 548 1309 0 0
334 T 3080 1218 618 0 0
334 T 1218 543 161 0 0
334 T 2589 1901 1326 0 0
334 T 1891 1899 1913 0 0
334 T 1241 1894 2511 0 0
334 T 1914 1896 1888 0 0
334 T 965 3001 719 0 0
334 T 2112 1287 963 0 0
334 T 965 485 2238 0 0
334 T 489 961 2180 0 0
334 T 2886 717 961 0 0
334 T 2050 959 1374 0 0
334 T 1204 2611 2039 0 0
334 T 2611 188 2024 0 0
334 T 2036 2537 1131 0 0
334 T 2027 188 2537 0 0
334 T 1732 2040 1606 0 0
334 T 1532 2034 1682 0 0
334 T 281 497 2251 0 0
334 T 1544 443 279 0 0
334 T 2253 453 1542 0 0
334 T 449 2192 1620 0 0
334 T 1618 283 439 0 0
334 T 283 2190 493 0 0
334 T 585 1973 3050 0 0
334 T 3052 131 2703 0 0
334 T 2649 131 3098 0 0
334 T 3100 1973 578 0 0
334 T 437 658 1710 0 0
334 T 2862 1883 658 0 0
334 T 1885 2353 435 0 0
334 T 2353 660 1366 0 0
334 T 661 2977 1881 0 0
334 T 1879 431 2428 0 0
334 T 2426 1279 659 0 0
334 T 661 433 1761 0 0
334 T 6 3 7 0 0
334 T 5 3018 3135 0 0
334 T 3137 2909 4 0 0
334 T 2909 3020 3 -1 0
334 T 338 2014 1519 0 0
334 T 1521 2044 2358 0 0
334 T 2008 2042 2014 0 0
334 T 1449 2021 338 0 0
334 T 2436 2044 1447 0 0
334 T 2021 2042 2011 0 0
334 T 1316 2315 367 0 0
334 T 2488 1828 1314 0 0
334 T 2315 1826 922 0 0
334 T 364 2393 1227 0 0
334 T 1229 1823 2562 0 0
334 T 929 1825 2393 0 0
334 T 293 3245 2186 0 0
334 T 1744 980 291 0 0
334 T 980 425 3245 0 0
334 T 288 983 1695 0 0
334 T 2248 3175 286 0 0
334 T 3175 422 983 0 0
334 T 2368 2292 95 -1 0
334 T 173 167 163 0 0
334 T 1949 1977 1939 0 0
334 T 1936 1978 1942 0 0
334 T 293 330 283 0 0
334 T 285 2453 2186 0 0
334 T 3243 2451 330 0 0
334 T 280 337 286 0 0
334 T 2248 2454 278 0 0
334 T 337 2456 3177 0 0
334 T 549 3235 615 0 0
334 T 617 232 1458 0 0
334 T 2644 230 3235 0 0
334 T 612 3169 542 0 0
334 T 1389 235 610 0 0
334 T 3169 237 2698 0 0
334 T 503 2611 3070 0 0
334 T 3120 2537 500 0 0
334 T 261 2076 3227 0 0
334 T 3229 1871 267 0 0
334 T 264 1868 3159 0 0
334 T 3161 2134 254 0 0
334 T 269 1836 1314 0 0
334 T 2028 1828 1836 0 0
334 T 1229 1831 262 0 0
334 T 1831 1823 2023 0 0
334 T 413 2800 2302 0 0
334 T 2120 3206 411 0 0
334 T 2304 182 2118 0 0
334 T 3206 184 2800 0 0
334 T 408 3276 2059 0 0
334 T 2061 182 2378 0 0
334 T 2380 2800 406 0 0
334 T 2800 184 3276 0 0
334 T 1872 3206 422 0 0
334 T 1866 422 3275 0 0
334 T 1813 1899 1819 0 0
334 T 1114 1901 2656 0 0
334 T 1816 1896 1806 0 0
334 T 2710 1894 1189 0 0
334 T 1460 482 3034 0 0
334 T 3036 503 555 0 0
334 T 552 500 3082 0 0
334 T 3084 489 1387 0 0
334 T 793 1120 3095 0 0
334 T 850 473 1120 0 0
334 T 3049 1191 786 0 0
334 T 1191 473 849 0 0
334 T 277 354 283 0 0
334 T 2192 2155 275 0 0
334 T 280 354 270 0 0
334 T 272 2097 2250 0 0
334 T 521 1039 2302 0 0
334 T 2798 1041 1721 0 0
334 T 2380 1040 514 0 0
334 T 1767 1038 2798 0 0
334 T 1893 1776 2395 0 0
334 T 2321 1726 1886 0 0
334 T 705 870 711 0 0
334 T 3032 1463 703 0 0
334 T 870 1465 556 0 0
334 T 708 877 698 0 0
334 T 700 1392 3078 0 0
334 T 551 1390 877 0 0
334 T 393 1568 3223 0 0
334 T 385 455 391 0 0
334 T 3225 827 383 0 0
334 T 388 460 382 0 0
334 T 384 824 3155 0 0
334 T 3157 1642 386 0 0
334 T 277 2438 2755 0 0
334 T 2757 3205 267 0 0
334 T 346 3203 2438 0 0
334 T 264 3271 2750 0 0
334 T 2752 2364 270 0 0
334 T 2364 3273 345 0 0
334 T 533 342 1186 0 0
334 T 1925 3272 531 0 0
334 T 528 3202 1918 0 0
334 T 1117 349 526 0 0
334 T 2769 2138 291 0 0
334 T 1748 1181 2767 0 0
334 T 2138 1179 594 0 0
334 T 288 2080 2762 0 0
334 T 2764 1106 1699 0 0
334 T 594 1108 2080 0 0
334 T 549 2506 1146 0 0
334 T 1148 1199 1142 0 0
334 T 1144 2133 547 0 0
334 T 2133 1201 2506 0 0
334 T 544 2071 1071 0 0
334 T 1073 1128 1075 0 0
334 T 1077 2584 542 0 0
334 T 2584 1126 2071 0 0
334 T 1885 1881 1877 -1 0
334 T 84 2426 2351 0 0
334 T 507 499 503 0 0
334 T 2783 1430 1655 0 0
334 T 1657 974 2411 0 0
334 T 2413 141 2785 0 0
334 T 141 976 1430 0 0
334 T 135 1503 972 0 0
334 T 970 1580 2336 0 0
334 T 2334 2781 137 0 0
334 T 2781 1578 1503 0 0
334 T 793 532 3162 0 0
334 T 3164 229 3095 0 0
334 T 1118 227 532 0 0
334 T 3049 229 3230 0 0
334 T 3232 527 786 0 0
334 T 527 227 1193 0 0
334 T 150 154 147 0 0
334 T 2200 3104 152 0 0
334 T 3104 1951 154 0 0
334 T 152 3054 2258 0 0
334 T 148 161 150 0 0
334 T 161 1956 3054 0 0
334 T 2500 1653 1819 0 0
334 T 1653 445 1901 0 0
334 T 1816 1575 2574 0 0
334 T 1894 438 1575 0 0
334 T 713 2037 3026 0 0
334 T 3028 187 2110 0 0
334 T 2053 187 3074 0 0
334 T 3076 2038 706 0 0
334 T 1794 958 2806 0 0
334 T 2548 2177 1796 0 0
334 T 2808 137 2546 0 0
334 T 2177 135 958 0 0
334 T 1796 2234 2471 0 0
334 T 2473 138 2918 0 0
334 T 2920 965 1794 0 0
334 T 965 140 2234 0 0
334 T 733 889 735 0 0
334 T 1256 2027 2882 0 0
334 T 2996 2024 1343 0 0
334 T 1753 2789 1702 0 0
334 T 273 464 2383 0 0
334 T 2385 470 1398 0 0
334 T 469 276 2309 0 0
334 T 2307 1471 472 0 0
334 T 1453 2042 2911 0 0
334 T 3025 2042 1523 0 0
334 T 2308 1770 283 0 0
334 T 280 1724 2382 0 0
334 T 541 1582 1142 0 0
334 T 1148 3009 539 0 0
334 T 3009 1199 1582 0 0
334 T 1160 1536 2929 0 0
334 T 1156 1209 1158 0 0
334 T 2927 551 1154 0 0
334 T 1209 553 1536 0 0
334 T 1164 138 2494 0 0
334 T 1160 1185 1162 0 0
334 T 2496 1601 1158 0 0
334 T 1160 140 2490 0 0
334 T 2492 1571 1162 0 0
334 T 540 2895 1075 0 0
334 T 1073 1660 538 0 0
334 T 1660 1128 2895 0 0
334 T 1085 556 2817 0 0
334 T 1089 1134 1083 0 0
334 T 2815 1611 1087 0 0
334 T 1134 1613 556 0 0
334 T 1089 1112 1091 0 0
334 T 1093 1649 2566 0 0
334 T 2568 135 1087 0 0
334 T 1089 1675 2570 0 0
334 T 2572 137 1091 0 0
334 T 2739 1082 1154 0 0
334 T 149 2605 3170 0 0
334 T 2457 2228 147 0 0
334 T 3172 223 2455 0 0
334 T 148 2286 2450 0 0
334 T 2452 220 3238 0 0
334 T 3240 2527 146 0 0
334 T 453 89 447 0 0
334 T 689 932 679 0 0
334 T 681 3189 1298 0 0
334 T 1300 598 687 0 0
334 T 598 3187 932 0 0
334 T 684 605 1211 0 0
334 T 676 935 682 0 0
334 T 1213 3255 674 0 0
334 T 935 3257 605 0 0
334 T 3187 1986 378 0 0
334 T 378 1993 3257 0 0
334 T 14 2905 2608 1 0
334 T 2606 1127 1675 0 0
334 T 30 1129 2905 0 0
334 T 1601 1200 2532 0 0
334 T 2530 3015 14 0 0
334 T 3015 1198 33 0 0
334 T 0 3211 3142 0 0
334 T 3144 211 1783 0 0
334 T 1781 210 3211 0 0
334 T 211 212 208 1 0
334 T 510 386 1146 0 0
334 T 549 3220 512 0 0
334 T 3220 2506 386 0 0
334 T 512 3150 542 0 0
334 T 1077 393 510 0 0
334 T 393 2584 3150 0 0
334 T 617 1444 695 0 0
334 T 705 3262 615 0 0
334 T 697 880 703 0 0
334 T 3262 878 1444 0 0
334 T 612 3196 698 0 0
334 T 700 883 690 0 0
334 T 692 1514 610 0 0
334 T 1514 885 3196 0 0
334 T 767 759 763 0 0
334 T 1260 1348 99 1 0
334 T 1012 845 383 0 0
334 T 3225 819 1010 0 0
334 T 1013 816 3155 0 0
334 T 150 3238 3131 0 0
334 T 3133 2527 159 0 0
334 T 156 2605 3126 0 0
334 T 3128 3172 150 0 0
334 T 2758 242 2190 0 0
334 T 1620 1405 2760 0 0
334 T 1405 447 242 0 0
334 T 246 2761 2253 0 0
334 T 451 1477 248 0 0
334 T 1477 1544 2761 0 0
334 T 427 431 435 0 0
334 T 1716 2018 2662 0 0
334 T 2720 2017 1762 0 0
334 T 261 2716 3291 0 0
334 T 3293 142 3227 0 0
334 T 2074 144 2716 0 0
334 T 3288 2658 254 0 0
334 T 3161 142 3286 0 0
334 T 2658 144 2136 0 0
334 T 1785 246 3146 0 0
334 T 3148 875 1730 0 0
334 T 1685 872 3214 0 0
334 T 3216 245 1778 0 0
334 T 1468 163 2822 0 0
334 T 1464 1513 1466 0 0
334 T 2824 1588 1462 0 0
334 T 1464 11 2818 0 0
334 T 2820 27 1466 0 0
334 T 161 2881 1486 0 0
334 T 1488 1496 1490 0 0
334 T 1558 1494 2881 0 0
334 T 1521 1527 1515 0 0
334 T 1517 165 2900 0 0
334 T 2898 1586 1519 0 0
334 T 1521 160 2853 0 0
334 T 2851 1559 1515 0 0
334 T 1393 1441 1395 0 0
334 T 1397 28 2930 0 0
334 T 2932 11 1391 0 0
334 T 1393 1662 2934 0 0
334 T 2936 168 1395 0 0
334 T 1417 2991 154 0 0
334 T 1421 1423 1415 0 0
334 T 2991 1425 1636 0 0
334 T 1445 1457 1447 0 0
334 T 1449 1664 3012 0 0
334 T 3010 166 1443 0 0
334 T 1445 1637 2965 0 0
334 T 2963 155 1447 0 0
334 T 1829 939 2955 0 0
334 T 2957 933 2314 0 0
334 T 923 931 939 0 0
334 T 2392 934 2843 0 0
334 T 2845 939 1822 0 0
334 T 939 936 928 0 0
334 T 1308 3421 512 0 0
334 T 3421 157 3218 0 0
334 T 512 3443 1219 0 0
334 T 3152 158 3443 0 0
334 T 3164 3344 180 0 0
334 T 3344 229 2643 0 0
334 T 180 3347 3230 0 0
334 T 2701 229 3347 0 0
334 T 385 215 1006 0 0
334 T 1008 662 3443 0 0
334 T 3445 2528 383 0 0
334 T 384 2602 3419 0 0
334 T 3421 662 1007 0 0
334 T 829 3181 316 0 0
334 T 3181 1655 318 0 0
334 T 316 3247 822 0 0
334 T 325 1581 3247 0 0
334 T 3036 992 1610 0 0
334 T 1135 990 505 0 0
334 T 1537 992 3082 0 0
334 T 498 990 1208 0 0
334 T 954 706 1730 0 0
334 T 3148 700 956 0 0
334 T 956 703 3214 0 0
334 T 1685 713 954 0 0
334 T 1805 1788 1796 0 0
334 T 2548 643 1803 0 0
334 T 643 2177 1788 0 0
334 T 1800 648 2471 0 0
334 T 1796 1791 1798 0 0
334 T 1791 2234 648 0 0
334 T 141 3140 3182 0 0
334 T 2145 2544 139 0 0
334 T 3184 922 2143 0 0
334 T 2544 924 3140 0 0
334 T 136 2618 2083 0 0
334 T 2085 929 3250 0 0
334 T 3252 3140 134 0 0
334 T 3140 927 2618 0 0
334 T 385 3132 3150 0 0
334 T 2582 3130 457 0 0
334 T 3220 3127 382 0 0
334 T 458 3129 2508 0 0
334 T 253 3007 3283 0 0
334 T 3285 3065 259 0 0
334 T 3065 3009 306 0 0
334 T 256 3111 3278 0 0
334 T 3280 2897 250 0 0
334 T 313 2895 3111 0 0
334 T 3144 787 2230 0 0
334 T 2173 792 3210 0 0
334 T 2980 2869 802 -1 0
334 T 2758 3423 275 0 0
334 T 3423 242 2157 0 0
334 T 272 3449 2758 0 0
334 T 2095 249 3449 0 0
334 T 249 3199 2755 0 0
334 T 2757 2708 1474 0 0
334 T 450 2706 3199 0 0
334 T 2752 3269 242 0 0
334 T 1405 2650 2750 0 0
334 T 3269 2652 449 0 0
334 T 1040 3208 1907 0 0
334 T 1904 3274 1039 0 0
334 T 585 1936 1486 0 0
334 T 1488 1926 3050 0 0
334 T 1417 1939 578 0 0
334 T 3100 1933 1415 0 0
334 T 3168 221 3347 0 0
334 T 221 236 227 0 0
334 T 3344 222 3234 0 0
334 T 227 231 222 0 0
334 T 369 3460 2306 0 0
334 T 855 471 3460 0 0
334 T 2384 3434 362 0 0
334 T 3434 471 860 0 0
334 T 337 444 2592 0 0
334 T 605 1384 335 0 0
334 T 2590 2859 603 0 0
334 T 330 2516 441 0 0
334 T 1296 600 332 0 0
334 T 600 2973 2516 0 0
334 T 598 3191 17 0 0
334 T 3191 330 44 0 0
334 T 17 3261 605 0 0
334 T 41 337 3261 0 0
334 T 3229 1844 1314 0 0
334 T 1229 1839 3159 0 0
334 T 1865 1039 423 0 0
334 T 2589 1651 2858 0 0
334 T 2510 2971 1574 0 0
334 T 1535 618 3463 0 0
334 T 2540 2924 1537 0 0
334 T 3465 241 2538 0 0
334 T 2924 239 618 0 0
334 T 1610 2810 2614 0 0
334 T 2616 241 3439 0 0
334 T 3441 625 1612 0 0
334 T 625 239 2810 0 0
334 T 954 3074 1606 0 0
334 T 1533 3028 954 0 0
334 T 1925 940 2143 0 0
334 T 3184 930 1923 0 0
334 T 1920 937 3250 0 0
334 T 2085 940 1918 0 0
334 T 325 1504 652 0 0
334 T 650 2778 3247 0 0
334 T 652 1430 318 0 0
334 T 3181 2785 650 0 0
334 T 625 225 1738 0 0
334 T 1740 215 2810 0 0
334 T 1693 218 618 0 0
334 T 2924 216 1691 0 0
334 T 293 2516 1618 0 0
334 T 1545 2590 286 0 0
334 T 973 401 1468 0 0
334 T 1466 2826 2727 0 0
334 T 2729 1374 971 0 0
334 T 974 1397 396 0 0
334 T 1286 2673 976 0 0
334 T 1397 2671 2938 0 0
334 T 2989 1446 2662 0 0
334 T 2720 1520 2875 0 0
334 T 2634 2929 1392 0 0
334 T 2816 2691 1462 0 0
334 T 605 92 599 0 0
334 T 3192 87 3259 0 0
334 T 1004 251 539 0 0
334 T 1148 3285 1002 0 0
334 T 1005 3278 1075 0 0
334 T 1336 3247 839 0 0
334 T 836 3181 1247 0 0
334 T 393 3280 3038 0 0
334 T 3040 358 1310 0 0
334 T 2830 360 3280 0 0
334 T 358 1079 391 0 0
334 T 3280 1367 1079 0 0
334 T 358 2942 3283 0 0
334 T 3285 388 3088 0 0
334 T 3086 1223 360 0 0
334 T 358 386 1150 0 0
334 T 1152 1281 3283 0 0
334 T 1821 2082 2955 0 0
334 T 2845 2144 1814 0 0
334 T 1933 1658 3182 0 0
334 T 3138 1660 2420 0 0
334 T 3252 1584 1926 0 0
334 T 2342 1582 3138 0 0
334 T 801 2908 3107 0 0
334 T 2868 3134 799 -1 0
334 T 796 3137 2978 1 0
334 T 3061 3018 794 0 0
334 T 2593 2601 2587 0 0
334 T 2856 2079 2591 0 0
334 T 2079 8 2601 0 0
334 T 2513 2523 2515 0 0
334 T 2517 2141 2966 0 0
334 T 9 2139 2523 0 0
334 T 3461 913 1190 0 0
334 T 1121 906 3435 0 0
334 T 225 2467 1771 0 0
334 T 461 1667 223 0 0
334 T 1667 2094 2467 0 0
334 T 220 1593 454 0 0
334 T 1725 2467 218 0 0
334 T 2467 2156 1593 0 0
334 T 1152 636 259 0 0
334 T 636 1281 3063 0 0
334 T 256 639 1079 0 0
334 T 3113 1367 639 0 0
334 T 2461 2362 2650 0 0
334 T 1424 234 2459 0 0
334 T 2652 2996 1422 0 0
334 T 2464 233 1495 0 0
334 T 1497 2882 2706 0 0
334 T 2708 2440 2462 0 0
334 T 1712 1948 3054 0 0
334 T 3104 1943 1758 0 0
334 T 1152 1644 3291 0 0
334 T 2714 1642 634 0 0
334 T 3288 1566 1079 0 0
334 T 641 1568 2660 0 0
334 T 277 2464 1474 0 0
334 T 1405 2459 270 0 0
334 T 2656 348 3519 0 0
334 T 3521 529 1899 0 0
334 T 1896 530 3487 0 0
334 T 3489 343 2710 0 0
334 T 510 3086 1002 0 0
334 T 1005 3040 510 0 0
334 T 791 787 915 -1 0
334 T 721 2791 2114 0 0
334 T 2116 1681 623 0 0
334 T 1681 2793 3005 0 0
334 T 620 1603 2055 0 0
334 T 2057 2796 714 0 0
334 T 2891 2794 1603 0 0
334 T 358 3286 3223 0 0
334 T 3157 3293 358 0 0
334 T 1413 1485 3350 -1 0
334 T 1805 1997 1799 0 0
334 T 2444 1127 2570 0 0
334 T 1089 2608 2442 0 0
334 T 2448 2531 1159 0 0
334 T 2497 1201 2446 0 0
334 T 2709 1 2650 -1 -1
334 T 1300 1212 953 -1 0
334 T 593 2621 1659 0 0
334 T 1585 2543 586 0 0
334 T 617 2169 3034 0 0
334 T 230 482 2169 0 0
334 T 3084 2107 610 0 0
334 T 2107 489 237 0 0
334 T 606 1071 679 0 0
334 T 689 3500 608 0 0
334 T 3500 932 1071 0 0
334 T 608 3466 682 0 0
334 T 676 1144 606 0 0
334 T 1144 935 3466 0 0
334 T 558 2554 1610 0 0
334 T 1612 3369 1738 0 0
334 T 1740 516 560 0 0
334 T 516 3367 2554 0 0
334 T 518 2479 3363 0 0
334 T 3365 1536 1692 0 0
334 T 1690 559 520 0 0
334 T 559 1534 2479 0 0
334 T 2856 2765 1544 0 0
334 T 1619 2766 2966 0 0
334 T 1336 652 2399 0 0
334 T 2401 2778 839 0 0
334 T 836 2785 2323 0 0
334 T 2325 652 1247 0 0
334 T 3367 215 2614 0 0
334 T 2540 216 3364 0 0
334 T 2737 1042 251 0 0
334 T 2949 1657 2735 0 0
334 T 2736 1579 2835 0 0
334 T 541 1963 3466 0 0
334 T 1584 935 1963 0 0
334 T 3500 1968 538 0 0
334 T 1968 932 1658 0 0
334 T 1933 1966 1923 0 0
334 T 1920 1965 1926 0 0
334 T 3196 3417 167 0 0
334 T 3417 1516 2160 0 0
334 T 164 3417 3262 0 0
334 T 2098 1442 3417 0 0
334 T 369 2042 3503 0 0
334 T 3505 2913 399 0 0
334 T 396 3023 3471 0 0
334 T 3473 2042 362 0 0
334 T 697 895 687 0 0
334 T 685 897 691 0 0
334 T 3293 2197 1314 0 0
334 T 1229 2255 3286 0 0
334 T 326 324 320 0 0
334 T 533 906 3523 0 0
334 T 3525 3437 228 0 0
334 T 228 3459 3491 0 0
334 T 3493 913 526 0 0
334 T 150 3431 2583 0 0
334 T 3240 454 3431 0 0
334 T 2509 3457 150 0 0
334 T 3457 461 3170 0 0
334 T 3293 814 2630 0 0
334 T 2632 248 1314 0 0
334 T 1229 243 2686 0 0
334 T 2688 821 3286 0 0
334 T 965 2166 2626 0 0
334 T 2684 2108 958 0 0
334 T 2599 1651 602 0 0
334 T 2525 599 1575 0 0
334 T 1925 2796 2147 0 0
334 T 2149 1351 531 0 0
334 T 1351 2794 3270 0 0
334 T 528 1264 2087 0 0
334 T 2089 2791 1918 0 0
334 T 3204 2793 1264 0 0
334 T 358 2686 1010 0 0
334 T 1013 2632 358 0 0
334 T 1620 2459 3447 0 0
334 T 3425 2464 1543 0 0
334 T 626 2370 2114 0 0
334 T 2116 3320 2242 0 0
334 T 564 3318 2370 0 0
334 T 2057 2296 626 0 0
334 T 2185 3323 2055 0 0
334 T 2296 3325 567 0 0
334 T 689 2048 1302 0 0
334 T 1304 1001 608 0 0
334 T 1001 2046 3498 0 0
334 T 608 998 1215 0 0
334 T 1217 2048 682 0 0
334 T 3468 2046 998 0 0
334 T 12 3479 2767 0 0
334 T 1860 1181 3479 0 0
334 T 2764 3513 12 0 0
334 T 3513 1106 1855 0 0
334 T 541 1959 998 0 0
334 T 1965 2046 1959 0 0
334 T 1960 2046 1966 0 0
334 T 3457 1667 2455 0 0
334 T 2452 1593 3431 0 0
334 T 369 3492 3299 0 0
334 T 3301 227 2306 0 0
334 T 3296 3522 362 0 0
334 T 2384 227 3294 0 0
334 T 2116 3484 727 0 0
334 T 3484 3320 176 0 0
334 T 724 3514 2055 0 0
334 T 176 3323 3514 0 0
334 T 1853 641 3478 0 0
334 T 1178 639 1978 0 0
334 T 3512 634 1846 0 0
334 T 1977 636 1109 0 0
334 T 35 2902 1127 0 0
334 T 37 1198 3014 0 0
334 T 269 1265 2747 0 0
334 T 2749 2745 2741 -1 0
334 T 534 1353 1265 0 0
334 T 1353 265 2745 0 0
334 T 1933 3397 2326 0 0
334 T 2149 3495 1931 0 0
334 T 2328 131 2147 0 0
334 T 3495 133 3397 0 0
334 T 1928 3529 2087 0 0
334 T 2089 131 2402 0 0
334 T 2404 3397 1926 0 0
334 T 3397 133 3529 0 0
334 T 3196 2100 3011 0 0
334 T 2901 2158 3262 0 0
334 T 2757 2792 2747 0 0
334 T 2744 2795 2750 0 0
334 T 765 2791 3482 0 0
334 T 3516 2796 758 0 0
334 T 2557 3453 563 0 0
334 T 2553 2606 2555 0 0
334 T 3453 2608 1098 0 0
334 T 568 3427 2479 0 0
334 T 2481 2532 2475 0 0
334 T 1173 2530 3427 0 0
334 T 1608 1532 953 1 0
334 T 137 79 139 0 0
334 T 2785 2787 2779 0 0
334 T 130 2722 2334 0 0
334 T 2413 2669 131 0 0
334 T 1993 1989 1985 -1 0
334 T 3317 2151 291 0 0
334 T 1744 2725 3315 0 0
334 T 2151 2723 978 0 0
334 T 288 2093 3310 0 0
334 T 3312 2667 1695 0 0
334 T 985 2669 2093 0 0
334 T 2296 1 2371 -1 0
334 T 2308 222 3507 0 0
334 T 3509 2466 283 0 0
334 T 280 2466 3475 0 0
334 T 3477 221 2382 0 0
334 T 2401 2324 81 -1 0
334 T 2577 2085 1090 0 0
334 T 2573 2618 2575 0 0
334 T 1165 2143 2499 0 0
334 T 2501 2544 2495 0 0
334 T 2083 3530 1576 0 0
334 T 3530 1092 1817 0 0
334 T 1650 3530 2145 0 0
334 T 1818 1163 3530 0 0
334 T 3052 3399 159 0 0
334 T 3399 131 2893 0 0
334 T 156 3404 3098 0 0
334 T 3003 131 3404 0 0
334 T 2757 3321 2310 0 0
334 T 1320 3483 2755 0 0
334 T 2312 175 1318 0 0
334 T 2752 3517 1231 0 0
334 T 1233 175 2386 0 0
334 T 2388 3322 2750 0 0
334 T 2954 1163 1576 0 0
334 T 1650 1092 2844 0 0
334 T 249 1028 2310 0 0
334 T 3201 3321 1028 0 0
334 T 2388 1027 242 0 0
334 T 1027 3322 3267 0 0
334 T 3301 231 3507 0 0
334 T 3477 236 3294 0 0
334 T 697 3590 1302 0 0
334 T 897 2048 3590 0 0
334 T 1217 3628 690 0 0
334 T 3628 2048 894 0 0
334 T 3449 236 3570 0 0
334 T 3572 3382 247 0 0
334 T 3382 234 2095 0 0
334 T 244 3381 3606 0 0
334 T 3608 231 3423 0 0
334 T 2157 233 3381 0 0
334 T 2879 1926 3401 0 0
334 T 3402 1933 2993 0 0
334 T 370 3310 3603 0 0
334 T 3605 2667 411 0 0
334 T 408 2725 3567 0 0
334 T 3569 3317 370 0 0
334 T 1222 2935 3470 0 0
334 T 3504 2825 1313 0 0
334 T 2933 2949 2927 0 0
334 T 2969 2986 2963 0 0
334 T 2817 2835 2819 0 0
334 T 2853 2876 2855 0 0
334 T 1620 1422 3570 0 0
334 T 3608 1497 1543 0 0
334 T 617 1679 1302 0 0
334 T 1442 3590 1679 0 0
334 T 1217 1605 610 0 0
334 T 1605 3628 1516 0 0
334 T 641 1944 3623 0 0
334 T 3625 1934 1178 0 0
334 T 1109 1941 3587 0 0
334 T 3589 1947 634 0 0
334 T 1961 897 1050 0 0
334 T 1052 3627 1967 0 0
334 T 1964 3593 1051 0 0
334 T 141 1288 2775 0 0
334 T 2777 2673 1430 0 0
334 T 2772 1374 134 0 0
334 T 1504 2727 2770 0 0
334 T 1968 2796 3497 0 0
334 T 3527 2791 1963 0 0
334 T 1416 3588 1631 0 0
334 T 1633 1106 579 0 0
334 T 584 1181 1555 0 0
334 T 1557 3622 1487 0 0
334 T 1172 3014 3551 0 0
334 T 3553 14 3426 0 0
334 T 3452 14 3539 -1 0
334 T 3541 2904 1099 0 0
334 T 525 3104 2298 -1 0
334 T 2300 150 567 0 0
334 T 564 150 2374 0 0
334 T 2376 3054 522 0 0
334 T 3637 2411 411 0 0
334 T 3605 133 3635 0 0
334 T 408 2337 3630 0 0
334 T 3632 133 3567 0 0
334 T 606 3559 671 0 0
334 T 1073 800 3559 0 0
334 T 672 3597 606 0 0
334 T 3597 795 1142 0 0
334 T 1468 1581 3599 0 0
334 T 3601 2335 399 0 0
334 T 396 2413 3563 0 0
334 T 3565 1655 1395 0 0
334 T 549 3335 1302 0 0
334 T 3237 1679 3335 0 0
334 T 1217 3340 542 0 0
334 T 3340 1605 3167 0 0
334 T 1320 762 2747 0 0
334 T 2744 761 1231 0 0
334 T 25 2952 2493 0 0
334 T 9 1165 2952 0 0
334 T 2567 2838 23 0 0
334 T 2838 1090 9 0 0
334 T 1312 367 3547 0 0
334 T 3549 2042 2822 0 0
334 T 362 1225 3537 0 0
334 T 3535 2934 2044 0 0
334 T 3393 1602 1967 0 0
334 T 1052 1515 3391 0 0
334 T 1964 1680 3386 0 0
334 T 3388 1445 1051 0 0
334 T 3597 3329 547 0 0
334 T 3329 795 2131 0 0
334 T 544 3330 3559 0 0
334 T 2073 800 3330 0 0
334 T 2072 2908 2579 0 0
334 T 2581 3109 3331 0 0
334 T 3328 3059 2503 0 0
334 T 2505 3018 2130 0 0
334 T 749 3061 3611 0 0
334 T 3649 2395 747 0 0
334 T 3613 142 3647 0 0
334 T 744 2321 3642 0 0
334 T 3644 142 3575 0 0
334 T 3577 3107 742 0 0
334 T 174 3326 3611 0 0
334 T 3577 3333 174 0 0
334 T 2997 2612 3066 0 0
334 T 3068 189 1342 0 0
334 T 1257 189 3114 0 0
334 T 3116 2534 2883 0 0
334 T 2116 3377 1738 0 0
334 T 223 3375 1679 0 0
334 T 1693 3370 2055 0 0
334 T 1605 3372 220 0 0
334 T 285 1592 3307 0 0
334 T 3309 3432 2186 0 0
334 T 3304 1666 278 0 0
334 T 2248 3454 3302 0 0
334 T 2112 2776 2234 0 0
334 T 2177 2771 2051 0 0
334 T 95 2679 2622 -1 0
334 T 2624 5 1803 0 0
334 T 1801 4 2679 0 0
334 T 1893 377 3582 0 0
334 T 3584 900 2395 0 0
334 T 2321 903 3618 0 0
334 T 3620 377 1886 0 0
334 T 3176 3554 147 0 0
334 T 3554 334 2226 0 0
334 T 148 3544 3242 0 0
334 T 2288 333 3544 0 0
334 T 425 1059 147 0 0
334 T 1059 984 3556 0 0
334 T 3542 979 1060 0 0
334 T 2232 2680 1796 0 0
334 T 1796 2622 2171 0 0
334 T 3509 2157 3307 0 0
334 T 3304 2095 3475 0 0
334 T 3496 3391 2890 0 0
334 T 3004 3388 3526 0 0
334 T 421 3454 3678 0 0
334 T 3680 3304 372 0 0
334 T 372 3307 3710 0 0
334 T 3712 3432 414 0 0
334 T 1496 3114 3578 0 0
334 T 3580 2534 2707 0 0
334 T 2653 2612 3614 0 0
334 T 3616 3068 1423 0 0
334 T 1000 3360 671 0 0
334 T 3561 3358 1215 0 0
334 T 1304 3361 3595 0 0
334 T 3581 506 3614 0 0
334 T 2553 3704 559 0 0
334 T 3704 2606 1611 0 0
334 T 2573 1660 3719 0 0
334 T 3721 590 2575 0 0
334 T 559 3670 2475 0 0
334 T 1536 2532 3670 0 0
334 T 2501 589 3687 0 0
334 T 3689 1582 2495 0 0
334 T 737 3731 2294 0 0
334 T 2057 3733 2550 0 0
334 T 2372 3701 730 0 0
334 T 2476 3699 2114 0 0
334 T 3649 3582 739 0 0
334 T 740 3620 3642 0 0
334 T 1633 2548 2804 0 0
334 T 1556 139 2959 0 0
334 T 2915 2470 1554 0 0
334 T 2961 3413 2846 0 0
334 T 2802 0 2917 0 0
334 T 2848 137 1631 0 0
334 T 3317 3407 3311 0 0
334 T 3301 3379 3307 0 0
334 T 3304 3384 3294 0 0
334 T 3601 3632 404 0 0
334 T 404 3635 3563 0 0
334 T 1556 2493 3685 0 0
334 T 3683 1159 2959 0 0
334 T 2849 1088 3717 0 0
334 T 3715 2567 1630 0 0
334 T 3396 3391 3398 0 0
334 T 3405 3388 3396 0 0
334 T 2116 3677 560 0 0
334 T 3677 3377 514 0 0
334 T 560 3707 2055 0 0
334 T 521 3370 3707 0 0
334 T 2993 3389 2326 0 0
334 T 2404 3390 2879 0 0
334 T 1135 3410 1209 0 0
334 T 3337 3361 3327 0 0
334 T 3332 3358 3338 0 0
334 T 2449 3672 2929 0 0
334 T 2815 3702 2442 0 0
334 T 3688 3006 2447 0 0
334 T 2444 2896 3718 0 0
334 T 2072 3784 1170 0 0
334 T 3784 2908 882 0 0
334 T 1101 3779 2130 0 0
334 T 881 3018 3779 0 0
334 T 989 3462 1274 -1 0
334 T 1276 240 335 0 0
334 T 332 240 1362 0 0
334 T 1364 3440 986 0 0
334 T 1276 664 3555 0 0
334 T 3545 664 1362 0 0
334 T 3341 3373 3347 0 0
334 T 3344 3374 3334 0 0
334 T 3426 3125 3453 0 0
334 T 3538 3123 3553 0 0
334 T 2697 2272 3686 0 0
334 T 3720 2210 2639 0 0
334 T 2697 645 3799 0 0
334 T 3801 307 3686 0 0
334 T 3720 312 3791 0 0
334 T 3793 646 2639 0 0
334 T 3749 1051 2850 0 0
334 T 1560 3392 3747 0 0
334 T 3744 3387 1634 0 0
334 T 2964 1052 3742 0 0
334 T 1496 2402 3747 0 0
334 T 3744 2328 1423 0 0
334 T 3801 3062 2447 0 0
334 T 2444 3112 3791 0 0
334 T 705 2899 3795 0 0
334 T 3797 2158 615 0 0
334 T 612 2100 3787 0 0
334 T 3789 3013 698 0 0
334 T 2585 34 3810 0 0
334 T 3812 2902 2070 0 0
334 T 2132 3016 3830 0 0
334 T 3832 36 2507 0 0
334 T 178 3354 3723 0 0
334 T 3725 3692 769 -1 0
334 T 3352 3357 3354 0 0
334 T 3692 3355 179 0 0
334 T 1893 1291 3659 0 0
334 T 3661 1064 3582 0 0
334 T 375 1062 1291 0 0
334 T 3656 1381 1886 0 0
334 T 3620 1063 3654 0 0
334 T 1381 1065 375 0 0
334 T 370 2122 1614 0 0
334 T 1616 3764 3603 0 0
334 T 3312 3762 2122 0 0
334 T 1541 2064 370 0 0
334 T 3569 3759 1539 0 0
334 T 2064 3761 3315 0 0
334 T 1463 3846 2899 0 0
334 T 2825 1520 3846 0 0
334 T 3012 3844 1393 0 0
334 T 3844 1447 2934 0 0
334 T 51 1394 2930 0 0
334 T 53 2818 1467 0 0
334 T 325 2727 3694 0 0
334 T 3696 2772 652 0 0
334 T 652 2775 3726 0 0
334 T 3728 2673 318 0 0
334 T 1164 2523 3823 0 0
334 T 3825 599 2955 0 0
334 T 2845 604 3803 0 0
334 T 3805 2601 1091 0 0
334 T 1320 181 3091 0 0
334 T 3093 3355 3682 0 0
334 T 3684 3724 1318 0 0
334 T 1233 3690 3714 0 0
334 T 3045 181 1231 0 0
334 T 3716 3355 3043 0 0
334 T 3406 3408 3406 -1 0
334 T 1616 3820 3635 0 0
334 T 3820 3764 131 0 0
334 T 3761 3840 131 0 0
334 T 3840 1541 3632 0 0
334 T 3148 3771 3026 0 0
334 T 1533 3773 698 0 0
334 T 3076 3768 3214 0 0
334 T 705 3766 1606 0 0
334 T 3549 2360 3847 0 0
334 T 3844 2434 3535 0 0
334 T 3825 3186 2314 0 0
334 T 2392 3256 3803 0 0
334 T 3649 3659 3639 0 0
334 T 3641 1064 739 0 0
334 T 3640 3656 3642 0 0
334 T 101 3363 3367 0 0
334 T 3664 381 2314 0 0
334 T 3825 1987 3662 0 0
334 T 2392 381 3666 0 0
334 T 3668 1992 3803 0 0
334 T 3893 3580 1490 0 0
334 T 1488 3114 3891 0 0
334 T 3887 1418 3617 0 0
334 T 3067 1416 3889 0 0
334 T 174 2126 1022 0 0
334 T 1024 3900 3611 0 0
334 T 3328 3898 2126 0 0
334 T 1025 2068 174 0 0
334 T 3577 3900 1023 0 0
334 T 2068 3898 3331 0 0
334 T 1324 3926 3331 0 0
334 T 2068 142 1322 0 0
334 T 3926 144 3900 0 0
334 T 3328 3944 1235 0 0
334 T 1237 142 2126 0 0
334 T 3900 144 3944 0 0
334 T 2141 3825 2953 0 0
334 T 2839 3803 2079 0 0
334 T 1785 3938 3026 0 0
334 T 248 3771 3938 0 0
334 T 3076 3924 1778 0 0
334 T 3924 3768 243 0 0
334 T 1024 3928 3647 0 0
334 T 3644 3942 1023 0 0
334 T 1785 3874 2110 0 0
334 T 3940 187 3874 0 0
334 T 2053 3873 1778 0 0
334 T 3873 187 3922 0 0
334 T 3653 297 1030 0 0
334 T 2076 2875 3651 0 0
334 T 3652 2989 2134 0 0
334 T 3683 2740 3716 0 0
334 T 3857 1016 2814 0 0
334 T 3705 2341 3855 0 0
334 T 2341 2445 1016 0 0
334 T 3852 2415 3671 0 0
334 T 2928 1015 3850 0 0
334 T 1015 2446 2415 0 0
334 T 2480 2557 3861 -1 0
334 T 1616 1380 367 0 0
334 T 2484 3930 1614 0 0
334 T 1380 3932 1917 0 0
334 T 364 1290 1539 0 0
334 T 1541 3948 2558 0 0
334 T 1910 3946 1290 0 0
334 T 2064 1 2123 -1 0
334 T 130 1358 2338 0 0
334 T 2340 3730 3839 0 0
334 T 3760 3732 1358 0 0
334 T 2416 1272 130 0 0
334 T 3821 3700 2414 0 0
334 T 1272 3698 3763 0 0
334 T 1324 3659 3339 0 0
334 T 3659 3926 3361 0 0
334 T 3336 3656 1235 0 0
334 T 3358 3944 3656 0 0
334 T 1853 1568 3883 0 0
334 T 3885 2658 3478 0 0
334 T 3880 1642 1846 0 0
334 T 3512 2716 3878 0 0
334 T 1024 3359 3639 0 0
334 T 1901 3947 3659 0 0
334 T 3656 3933 1894 0 0
334 T 3958 2130 3551 0 0
334 T 1172 3832 3960 0 0
334 T 3960 3810 1099 0 0
334 T 3541 2072 3958 0 0
334 T 3909 3728 2399 0 0
334 T 1336 2775 3907 0 0
334 T 3904 2772 1247 0 0
334 T 2325 3694 3902 0 0
334 T 3032 3846 3795 0 0
334 T 3789 3845 3078 0 0
334 T 325 2346 3755 0 0
334 T 3757 184 3694 0 0
334 T 3752 2424 318 0 0
334 T 3728 184 3750 0 0
334 T 402 1539 3739 0 0
334 T 3741 3948 519 0 0
334 T 516 3930 3734 0 0
334 T 3736 1616 402 0 0
334 T 3541 3784 3830 0 0
334 T 3812 3779 3551 0 0
334 T 3768 3772 3774 1 0
334 T 4009 2329 3570 0 0
334 T 1620 3743 4007 0 0
334 T 4004 3748 1543 0 0
334 T 3608 2403 4002 0 0
334 T 12 3882 3995 0 0
334 T 3997 2659 2767 0 0
334 T 2764 2717 3975 0 0
334 T 3977 3881 12 0 0
334 T 558 3850 3962 0 0
334 T 3964 2415 2474 0 0
334 T 2552 2341 3982 0 0
334 T 3984 3857 558 0 0
334 T 4015 3995 143 0 0
334 T 2137 2769 4017 0 0
334 T 3975 4010 143 0 0
334 T 4010 2762 2075 0 0
334 T 2112 3937 1791 0 0
334 T 3937 2776 648 0 0
334 T 1788 3951 2051 0 0
334 T 643 2771 3951 0 0
334 T 3964 3818 2114 0 0
334 T 2057 3840 3982 0 0
334 T 2933 1657 3987 0 0
334 T 3989 2737 2927 0 0
334 T 1618 3991 2963 0 0
334 T 2769 2986 3991 0 0
334 T 2817 2734 3967 0 0
334 T 3969 1579 2819 0 0
334 T 2853 3973 1545 0 0
334 T 3973 2876 2762 0 0
334 T 3093 4019 2490 0 0
334 T 4019 3355 1557 0 0
334 T 2568 4024 3043 0 0
334 T 1631 3355 4024 0 0
334 T 3164 3374 3806 0 0
334 T 3808 3336 180 0 0
334 T 180 3339 3826 0 0
334 T 3828 3373 3230 0 0
334 T 3838 3857 3709 0 0
334 T 3675 3850 3820 0 0
334 T 1272 85 1359 0 0
334 T 1628 1237 180 0 0
334 T 3808 3656 1626 0 0
334 T 1324 1553 180 0 0
334 T 1553 3659 3826 0 0
334 T 437 3836 3054 0 0
334 T 660 1948 3836 0 0
334 T 3104 3814 430 0 0
334 T 3814 1943 660 0 0
334 T 2149 3914 3523 0 0
334 T 908 3916 1353 0 0
334 T 3493 3913 2087 0 0
334 T 1262 3911 911 0 0
334 T 1850 3874 3935 0 0
334 T 3953 3873 1849 0 0
334 T 54 99 56 0 0
334 T 18 3579 3999 0 0
334 T 4001 506 3978 0 0
334 T 3980 3616 19 0 0
334 T 3993 1053 4007 0 0
334 T 4004 1050 3971 0 0
334 T 1568 3934 3907 0 0
334 T 3904 3952 1642 0 0
334 T 3601 3838 3739 0 0
334 T 3736 3820 3563 0 0
334 T 3785 3781 3777 -1 0
334 T 4009 4094 247 0 0
334 T 4094 2329 3384 0 0
334 T 244 4076 4002 0 0
334 T 3379 2403 4076 0 0
334 T 3753 103 3755 0 0
334 T 3877 3909 3883 0 0
334 T 3880 3902 3870 0 0
334 T 2953 4043 3662 0 0
334 T 2141 1987 4043 0 0
334 T 1990 2081 4040 0 0
334 T 4038 2841 3668 0 0
334 T 39 3890 3999 0 0
334 T 3981 3889 42 0 0
334 T 369 3912 4079 0 0
334 T 4081 2088 3299 0 0
334 T 3296 2146 4059 0 0
334 T 4061 3915 362 0 0
334 T 3164 4065 1626 0 0
334 T 4065 3374 3654 0 0
334 T 3230 1551 4085 0 0
334 T 4083 3659 3371 0 0
334 T 3385 4112 2147 0 0
334 T 4095 131 4112 0 0
334 T 2089 4107 3378 0 0
334 T 4107 131 4077 0 0
334 T 525 3814 3867 -1 0
334 T 3869 432 2298 0 0
334 T 3864 3836 522 0 0
334 T 2376 435 3862 0 0
334 T 2917 3897 2802 0 0
334 T 3897 3895 3897 -1 0
334 T 3680 4126 2062 0 0
334 T 1541 4128 3302 0 0
334 T 2124 4125 3710 0 0
334 T 3309 4123 1614 0 0
334 T 2735 1014 47 0 0
334 T 46 3853 3989 0 0
334 T 3967 3854 46 0 0
334 T 3909 184 4066 0 0
334 T 4068 3752 2399 0 0
334 T 2325 3755 4086 0 0
334 T 4088 184 3902 0 0
334 T 1616 4116 4079 0 0
334 T 3910 4114 1378 0 0
334 T 4061 4119 1539 0 0
334 T 1292 4121 3917 0 0
334 T 2769 4090 4007 0 0
334 T 2988 1053 4090 0 0
334 T 4004 4072 2762 0 0
334 T 4072 1050 2874 0 0
334 T 3968 3600 53 0 0
334 T 51 3562 3986 0 0
334 T 4029 1051 3651 0 0
334 T 2076 4071 4027 0 0
334 T 4028 4093 2134 0 0
334 T 3913 3919 3915 0 0
334 T 4025 4046 4019 0 0
334 T 4017 4027 4007 0 0
334 T 4004 4028 4010 0 0
334 T 36 3456 4053 0 0
334 T 4051 153 3833 0 0
334 T 3811 153 4057 0 0
334 T 4055 3430 34 0 0
334 T 1628 3487 4130 0 0
334 T 1552 80 1626 0 0
334 T 4137 3520 1550 0 0
334 T 4132 351 4135 0 0
334 T 4047 4039 4043 0 0
334 T 793 4032 1626 0 0
334 T 530 4065 4032 0 0
334 T 1553 4035 786 0 0
334 T 4035 4083 529 0 0
334 T 2917 3891 4154 0 0
334 T 4156 3889 2802 1 0
334 T 3895 3887 3891 0 0
334 T 3869 3865 3861 -1 0
334 T 3093 3044 3957 1 0
334 T 36 3680 4153 0 0
334 T 4151 419 4053 0 0
334 T 4055 416 4149 0 0
334 T 4147 3710 34 0 0
334 T 1901 4194 4083 0 0
334 T 3949 3373 4194 0 0
334 T 4065 4208 1894 0 0
334 T 4208 3374 3931 0 0
334 T 3709 3741 4190 0 0
334 T 4192 3599 3855 0 0
334 T 3852 3565 4202 0 0
334 T 4204 3734 3675 0 0
334 T 4081 4106 3307 0 0
334 T 3304 4113 4059 0 0
334 T 793 4211 4130 0 0
334 T 4030 3487 4211 0 0
334 T 4136 4201 786 0 0
334 T 4201 3521 4037 0 0
334 T 3998 3896 3981 0 0
334 T 3955 3667 3662 0 0
334 T 1901 4247 4035 0 0
334 T 4032 4229 1894 0 0
334 T 3909 1282 4143 0 0
334 T 4145 1057 4066 0 0
334 T 182 1055 1282 0 0
334 T 4140 1372 3902 0 0
334 T 4088 1054 4138 0 0
334 T 1372 1056 182 0 0
334 T 3372 3741 4236 0 0
334 T 4215 3734 3375 0 0
334 T 1556 4179 3891 0 0
334 T 4179 3623 3116 0 0
334 T 3888 4176 1630 0 0
334 T 3066 3589 4176 0 0
334 T 4117 105 4119 0 0
334 T 4125 4116 4108 0 0
334 T 4111 4119 4126 0 0
334 T 3941 1595 4259 0 0
334 T 4261 1284 3875 0 0
334 T 1284 1597 188 0 0
334 T 3872 1370 4255 0 0
334 T 4257 1673 3923 0 0
334 T 188 1671 1370 0 0
334 T 4148 3775 4151 0 0
334 T 249 4186 4259 0 0
334 T 3772 1595 4186 0 0
334 T 4257 4185 242 0 0
334 T 4185 1673 3767 0 0
334 T 4156 4177 2546 1 0
334 T 2473 4178 4155 0 0
334 T 3997 1563 4283 0 0
334 T 4285 1036 4015 0 0
334 T 1036 1565 143 0 0
334 T 4012 1035 4275 0 0
334 T 4277 1641 3975 0 0
334 T 143 1639 1035 0 0
334 T 3113 4100 3623 0 0
334 T 1942 4098 1369 0 0
334 T 3589 4103 3063 0 0
334 T 1279 4105 1949 0 0
334 T 4145 4121 1330 0 0
334 T 1332 1244 81 -1 0
334 T 1244 4115 4139 0 0
334 T 12 4266 4283 0 0
334 T 3884 1563 4266 0 0
334 T 4277 4265 12 0 0
334 T 4265 1641 3879 0 0
334 T 4261 4145 3883 0 0
334 T 3880 4138 4255 0 0
334 T 4164 4126 4259 0 0
334 T 4188 4128 4250 0 0
334 T 4257 4125 4166 0 0
334 T 4232 4123 4183 0 0
334 T 4009 4284 62 0 0
334 T 4240 4267 4007 0 0
334 T 4004 4264 4219 0 0
334 T 65 4274 4002 0 0
334 T 4162 4267 4096 0 0
334 T 4074 4264 4168 0 0
334 T 3837 2428 4103 0 0
334 T 4100 2350 3815 0 0
334 T 1638 4291 4074 0 0
334 T 4168 4293 3878 0 0
334 T 4294 1563 4097 0 0
334 T 4163 3882 4296 0 0
334 T 1332 4111 4295 0 0
334 T 1564 130 1330 0 0
334 T 1245 130 1638 0 0
334 T 4293 4108 1243 0 0
334 T 4285 59 4007 0 0
334 T 4029 58 1034 0 0
334 T 4004 59 4275 0 0
334 T 3988 3853 75 0 0
334 T 3856 3968 76 0 0
334 T 4145 4128 4295 0 0
334 T 4293 4123 4138 0 0
334 T 1596 1 1671 0 -1
334 T 525 4099 4279 -1 0
334 T 4281 2351 3867 0 0
334 T 3864 2429 4271 0 0
334 T 4273 4104 522 0 0
334 T 3113 4314 4179 0 0
334 T 4314 4100 3116 0 0
334 T 4176 4324 3063 0 0
334 T 3066 4103 4324 0 0
334 T 4105 4302 1342 0 0
334 T 4324 189 4302 0 0
334 T 1257 4301 4098 0 0
334 T 4301 189 4314 0 0
334 T 2125 4308 4146 0 0
334 T 4122 34 4308 0 0
334 T 4129 4312 37 0 0
334 T 4312 2065 4152 0 0
334 T 72 4307 4183 0 0
334 T 4188 4313 71 0 0
334 T 4156 4320 1803 1 0
334 T 4320 4177 645 0 0
334 T 1800 4326 4155 0 0
334 T 646 4178 4326 0 0
334 T 4329 4320 1995 1 0
334 T 2120 4300 4279 0 0
334 T 4273 4303 2059 0 0
334 T 4341 4305 1270 0 0
334 T 1272 4323 4359 0 0
334 T 4361 188 4339 0 0
334 T 4336 188 4351 0 0
334 T 1360 4298 4334 0 0
334 T 4353 4317 1358 0 0
334 T 130 4351 4367 0 0
334 T 4369 4317 2338 0 0
334 T 4364 4361 130 0 0
334 T 2416 4323 4362 0 0
334 T 3801 4175 4346 0 0
334 T 4348 4325 2447 0 0
334 T 2444 4315 4354 0 0
334 T 4356 4180 3791 0 0
334 T 2697 4318 4346 0 0
334 T 4356 4328 2639 0 0
334 T 4377 1372 4339 0 0
334 T 4361 1671 4375 0 0
334 T 4336 1282 4370 0 0
334 T 4372 1597 4351 0 0
334 T 4348 4364 1014 0 0
334 T 1017 4367 4354 0 0
334 T 130 4370 4383 0 0
334 T 4385 1597 4367 0 0
334 T 4364 1671 4379 0 0
334 T 4381 4377 130 0 0
334 T 4346 107 4357 0 0
334 T 130 1354 1046 0 0
334 T 1048 4390 4383 0 0
334 T 4372 4392 1354 0 0
334 T 1049 1268 130 0 0
334 T 4381 4390 1047 0 0
334 T 1268 4392 4375 0 0
334 T 4341 4342 4335 0 0
334 T 4368 4364 112 1 0
334 T 4377 114 4371 0 0
334 T 1268 1 1355 -1 0
334 T 3093 4158 3662 0 0
334 T 3669 4160 3042 -1 0
334 T 4401 4399 4401 -1 0
334 T 3093 4243 2314 0 0
334 T 4243 4158 379 0 0
334 T 2392 4225 3043 0 0
334 T 379 4161 4225 1 0
334 T 4417 4415 4417 -1 0
334 T 4427 4429 4427 1 0
334 T 4437 4435 4437 -1 0
334 U 60 1 1 0 0
334 U 1 1 1 0 0
334 U 135 2 4 0 0
334 U 1649 2 2 0 0
334 U 1112 4 2 0 0
334 U 23 3 2 0 0
334 U 9 2 3 0 0
334 U 1675 4 4 0 0
334 U 31 5 4 0 0
334 U 15 4 5 -1 0
334 U 1182 6 8 0 0
334 U 1570 6 6 0 0
334 U 141 8 6 0 0
334 U 8 7 6 0 0
334 U 24 6 7 0 0
334 U 1600 8 8 0 0
334 U 14 9 8 0 0
334 U 33 8 9 0 0
334 U 1635 10 15 0 0
334 U 1418 10 10 0 0
334 U 157 15 10 0 0
334 U 18 11 10 1 0
334 U 43 10 11 0 0
334 U 1455 15 15 0 0
334 U 1663 12 14 0 0
334 U 1438 12 12 0 0
334 U 169 14 12 0 0
334 U 10 13 12 0 0
334 U 29 12 13 0 0
334 U 159 16 21 0 0
334 U 1492 16 16 0 0
334 U 1560 21 16 0 0
334 U 39 17 16 0 0
334 U 19 16 17 0 0
334 U 1528 21 21 0 0
334 U 1586 18 20 0 0
334 U 165 20 18 0 0
334 U 1513 18 18 0 0
334 U 27 19 18 0 0
334 U 11 18 19 0 0
334 U 247 22 25 0 0
334 U 4240 22 22 0 0
334 U 4164 25 22 0 0
334 U 63 23 22 0 0
334 U 13 22 23 0 0
334 U 4252 25 25 0 0
334 U 71 25 24 0 0
334 U 37 24 25 0 0
334 U 4167 26 29 0 0
334 U 4218 26 26 0 0
334 U 245 29 26 0 0
334 U 12 27 26 1 0
334 U 65 26 27 0 0
334 U 4231 29 29 0 0
334 U 34 29 28 0 0
334 U 73 28 29 0 0
334 U 1222 30 30 0 0
334 U 389 36 30 0 0
334 U 2943 30 36 0 0
334 U 1280 36 36 0 0
334 U 397 39 30 0 0
334 U 2939 30 39 0 0
334 U 1289 39 39 0 0
334 U 1238 32 32 0 0
334 U 433 37 32 0 0
334 U 2975 32 37 0 0
334 U 441 40 32 0 0
334 U 2971 32 40 0 0
334 U 1294 40 40 0 0
334 U 2999 34 39 0 0
334 U 1258 34 34 0 0
334 U 485 39 34 0 0
334 U 48 35 34 1 0
334 U 57 34 35 0 0
334 U 16 41 40 0 0
334 U 45 40 41 0 0
334 U 1312 42 42 0 0
334 U 2832 48 42 0 0
334 U 391 42 48 0 0
334 U 1367 48 48 0 0
334 U 2828 51 42 0 0
334 U 399 42 51 0 0
334 U 1374 51 51 0 0
334 U 1328 44 44 0 0
334 U 2864 49 44 0 0
334 U 435 44 49 0 0
334 U 2860 52 44 0 0
334 U 443 44 52 0 0
334 U 1385 52 52 0 0
334 U 487 46 51 0 0
334 U 1348 46 46 0 0
334 U 2888 51 46 0 0
334 U 55 47 46 0 0
334 U 49 46 47 0 0
334 U 41 53 52 0 0
334 U 17 52 53 0 0
334 U 4234 54 57 0 0
334 U 4190 54 54 0 0
334 U 521 57 54 0 0
334 U 52 55 54 0 0
334 U 77 54 55 0 0
334 U 4195 57 57 0 0
334 U 4247 56 59 0 0
334 U 529 59 56 0 0
334 U 4201 59 59 0 0
334 U 20 59 58 0 0
334 U 69 58 59 0 0
334 U 515 60 63 0 0
334 U 4205 60 60 0 0
334 U 4216 63 60 0 0
334 U 75 61 60 0 0
334 U 51 60 61 0 0
334 U 4208 63 63 0 0
334 U 4228 65 62 0 0
334 U 531 62 65 0 0
334 U 4210 65 65 0 0
334 U 67 65 64 0 0
334 U 21 64 65 -1 0
334 Q 207 773 81 775 1 0 0 0 0 0
334 Q 767 209 767 209 0 0 0 0 0 0
334 Q 171 893 84 892 0 0 0 0 0 0
334 Q 887 173 887 173 0 0 0 0 0 0
334 Q 171 989 508 987 0 0 0 0 1 0
334 Q 20 350 21 917 -1 0 0 0 0 0
334 Q 741 79 739 83 0 0 0 0 0 0
334 Q 536 904 79 898 0 0 0 0 0 0
334 Q 80 1429 2 1499 0 0 0 0 1 0
334 Q 1995 2 1995 2 0 0 0 0 0 0
334 Q 1732 1 1682 0 0 0 0 0 -1 0
334 Q 206 1409 1 1479 0 0 0 0 0 0
334 Q 1608 350 1530 0 0 0 0 0 0 0
334 Q 83 1020 3 1018 0 0 0 0 0 0
334 Q 1875 429 1875 429 0 0 0 0 0 0
334 Q 1 1175 426 1105 0 0 1 1 0 1
334 Q 951 693 2 695 0 0 0 0 0 0
334 Q 2 897 93 895 0 0 0 0 0 0
334 Q 1984 2669 79 2722 0 0 0 0 0 0
334 Q 978 172 984 78 0 0 0 0 0 0
334 Q 0 1212 3406 1298 0 0 0 0 0 0
334 Q 949 329 943 0 0 0 0 0 0 0
334 Q 91 1028 88 1026 0 0 0 0 0 0
334 Q 996 103 994 0 0 0 0 0 0 0
334 Q 918 3920 919 79 0 0 0 0 0 0
334 Q 376 97 377 3918 0 0 0 0 0 0
334 Q 3123 153 426 152 0 0 0 0 0 0
334 Q 1272 887 1359 3409 0 0 0 0 0 0
334 Q 1180 326 1106 4049 0 0 0 0 0 0
334 Q 1065 105 1063 96 0 0 0 0 0 0
334 Q 24 4047 23 4048 0 0 0 0 0 0
334 Q 350 66 353 68 0 0 0 0 0 0
334 Q 1057 105 1055 102 0 0 0 0 0 0
334 Q 1020 88 1018 107 0 0 0 0 0 0
334 Q 3859 2381 110 2302 0 0 0 0 0 0
334 Q 1041 110 1039 100 0 0 0 0 0 0
334 Q 72 3776 70 3775 0 0 0 0 0 0
334 Q 3859 2060 4345 2118 0 0 0 0 0 0
334 Q 185 110 184 4343 0 0 0 0 0 0
334 Q 1057 115 1055 110 0 0 0 0 0 0
334 Q 1794 4172 1795 0 0 0 0 0 0 0
334 Q 960 3413 962 4170 0 0 0 0 0 0
334 Q 3557 108 3542 173 0 0 0 0 0 0
334 Q 79 1060 108 1058 0 0 0 0 0 0
334 Q 4172 2625 917 2678 0 0 0 0 0 0
334 Q 1048 114 1046 113 0 0 0 0 0 0
334 Q 1276 4287 1363 173 0 0 0 0 0 0
334 Q 4289 662 108 663 0 0 0 0 0 0
334 Q 3464 4287 3439 508 0 0 0 0 0 0
334 Q 4331 621 4287 623 0 0 0 0 0 0
334 Q 1612 508 1534 4333 0 0 0 0 0 0
334 Q 3036 3411 3083 4333 0 0 0 0 0 0
334 Q 617 4389 611 4333 0 0 0 0 0 0
334 Q 2167 3411 2108 4387 0 0 0 0 0 0
334 Q 4171 2685 4386 2626 0 0 0 0 0 0
334 Q 117 3420 4289 3443 0 0 0 0 0 0
334 Q 1008 108 1006 117 0 0 0 0 0 0
334 Q 4395 513 116 512 0 0 0 0 0 0
334 Q 1308 4288 1218 4397 0 0 0 0 0 0
334 Q 4331 3081 4396 3030 0 0 0 0 0 0
334 Q 4171 2292 4401 2366 0 0 0 0 0 0
334 Q 669 4386 668 4399 0 0 0 0 0 0
334 Q 3797 4402 3786 4333 0 0 0 0 0 0
334 Q 4389 2099 4404 2160 0 0 0 0 0 0
334 Q 4395 3089 118 3038 0 0 0 0 0 0
334 Q 1005 118 1003 116 0 0 0 0 0 0
334 Q 4395 1224 4409 1310 0 0 0 0 0 0
334 Q 361 118 360 4407 0 0 0 0 0 0
334 Q 3535 4396 3548 4413 0 0 0 0 0 0
334 Q 4411 2359 4402 2436 0 0 0 0 0 0
334 Q 2356 4399 2431 4405 0 0 0 0 0 0
334 Q 4409 369 4412 363 0 0 0 0 0 0
334 Q 4407 2689 121 2630 0 0 0 0 0 0
334 Q 1013 121 1011 118 0 0 0 0 0 0
334 Q 4407 1228 4420 1314 0 0 0 0 0 0
334 Q 244 121 246 4418 0 0 0 0 0 0
334 Q 4412 2390 4420 2317 0 0 0 0 0 0
334 Q 4403 2104 4417 2163 0 0 0 0 0 0
334 Q 381 4410 380 4415 0 0 0 0 0 0
334 Q 4419 2389 123 2310 0 0 0 0 0 0
334 Q 1026 123 1028 120 0 0 0 0 0 0
334 Q 4419 1232 4424 1318 0 0 0 0 0 0
334 Q 176 123 177 4422 0 0 0 0 0 0
334 Q 4423 2129 124 2066 0 0 0 0 0 0
334 Q 1025 124 1023 122 0 0 0 0 0 0
334 Q 4423 1236 4433 1322 0 0 0 0 0 0
334 Q 145 124 144 4431 0 0 0 0 0 0
334 Q 4419 3044 4427 3091 0 0 0 0 0 0
334 Q 4424 179 4429 178 0 0 0 0 0 0
334 Q 4413 4222 4427 4245 0 0 0 0 0 0
334 Q 4427 4160 4414 4158 0 0 -1 0 0 0
334 Q 4431 1641 126 1562 0 0 0 0 0 0
334 Q 1037 126 1035 124 0 0 0 0 0 0
334 Q 4431 1244 4437 1330 0 0 0 0 0 0
334 Q 133 126 132 4435 0 0 0 0 0 0
334 Q 4428 1629 4433 1551 0 0 0 0 0 0
334 Q 4435 1357 129 1266 0 0 0 0 0 0
334 Q 1049 129 1047 126 0 0 0 0 0 0
334 Q 128 60 129 61 0 0 0 0 0 0
