1163 A 6 0 1 -2 -1 2
1163 A 9 0 2 -4 -2 4
1163 A 11 0 2 -4 -2 4
1163 A 12 0 1 -2 -1 2
1163 A 12 0 7 -2 -7 2
1163 A -1 1 -98 0 98 0
1163 A 0 1 -98 0 98 0
1163 A -3 1 -106 -1 106 1
1163 A 2 1 107 -1 -107 1
1163 A -4 1 -96 -1 96 1
1163 A 3 1 97 -1 -97 1
1163 A 18 0 11 -4 -11 4
1163 A -7 1 -66 -1 66 1
1163 A 6 1 67 -1 -67 1
1163 A -14 1 -59 -2 59 2
1163 A 13 1 61 -2 -61 2
1163 A 22 0 13 -4 -13 4
1163 A -16 1 -123 -7 123 7
1163 A 15 1 130 -7 -130 7
1163 A 7 0 1 -2 1 -2
1163 A 19 0 10 -1 10 -1
1163 A 23 0 4 -8 4 -8
1163 A 4 0 0 -1 -1 1
1163 A 4 0 -1 -1 2 -1
1163 A 5 0 0 -1 1 -1
1163 A 5 0 -1 -1 -1 -2
1163 A 5 0 2 -1 3 -2
1163 A 5 0 3 -1 -1 2
1163 A 5 0 0 -2 -2 2
1163 A 6 0 -1 -1 -2 1
1163 A 7 0 0 -1 2 -2
1163 A 7 0 1 -1 0 -2
1163 A 7 0 -1 -1 -2 1
1163 A 7 0 -2 -1 1 2
1163 A 7 0 3 -1 -3 2
1163 A 7 0 4 -1 2 3
1163 A 7 0 -2 -2 -1 -3
1163 A 7 0 4 -2 4 -3
1163 A 7 0 1 -3 -2 3
1163 A 7 0 0 -3 3 -3
1163 A 8 0 0 -1 3 -3
1163 A 8 0 1 -1 0 -3
1163 A 8 0 -1 -1 2 3
1163 A 8 0 2 -1 -5 3
1163 A 8 0 -2 -1 3 -1
1163 A 8 0 -3 -1 -4 1
1163 A 8 0 1 -3 2 -3
1163 A 8 0 -1 -3 -4 3
1163 A 9 0 -1 -1 4 -2
1163 A 9 0 2 -1 -2 -2
1163 A 9 0 5 -1 1 -2
1163 A 9 0 -1 -4 -5 4
1163 A 10 0 0 -1 1 -1
1163 A 10 0 -1 -1 -6 3
1163 A 10 0 2 -1 3 3
1163 A 10 0 -2 -1 -1 -3
1163 A 10 0 3 -1 4 -3
1163 A 10 0 -3 -1 -2 3
1163 A 10 0 4 -1 -1 3
1163 A 10 0 -4 -1 5 -1
1163 A 10 0 0 -3 -3 3
1163 A 10 0 -2 -3 -5 3
1163 A 11 0 0 -1 -2 2
1163 A 11 0 1 -1 0 2
1163 A 11 0 -1 -1 -6 3
1163 A 11 0 2 -1 3 3
1163 A 11 0 -3 -1 -3 -2
1163 A 11 0 4 -1 5 -2
1163 A 11 0 -4 -1 -2 -4
1163 A 11 0 5 -1 6 -4
1163 A 11 0 6 -1 3 5
1163 A 11 0 1 -2 7 -3
1163 A 11 0 -1 -2 3 -2
1163 A 11 0 -2 -2 -3 -4
1163 A 11 0 4 -2 7 -4
1163 A 11 0 1 -3 -2 3
1163 A 11 0 0 -3 3 -3
1163 A 11 0 -1 -3 3 -5
1163 A 11 0 4 -3 2 -5
1163 A 11 0 0 -4 5 -5
1163 A 11 0 4 -4 0 -5
1163 A 11 0 -1 -4 2 5
1163 A 11 0 5 -4 -7 5
1163 A 11 0 -1 -5 -6 5
1163 A 12 0 -1 -1 -2 -5
1163 A 12 0 2 -1 7 -5
1163 A 12 0 -4 -1 -5 1
1163 A 12 0 1 -5 -4 5
1163 A 13 0 0 -1 -5 5
1163 A 13 0 1 -1 0 5
1163 A 13 0 -1 -1 4 -2
1163 A 13 0 2 -1 -2 -2
1163 A 13 0 -2 -1 5 -6
1163 A 13 0 3 -1 1 -6
1163 A 13 0 -3 -1 1 3
1163 A 13 0 4 -1 -4 3
1163 A 13 0 -4 -1 -5 1
1163 A 13 0 -5 -1 5 -3
1163 A 13 0 6 -1 -2 -3
1163 A 13 0 7 -1 9 -5
1163 A 13 0 1 -2 -2 4
1163 A 13 0 0 -2 4 -4
1163 A 13 0 2 -2 0 -4
1163 A 13 0 -1 -2 -1 5
1163 A 13 0 3 -2 -4 5
1163 A 13 0 -3 -2 2 -6
1163 A 13 0 5 -2 4 -6
1163 A 13 0 -4 -2 -4 -3
1163 A 13 0 6 -2 7 -3
1163 A 13 0 -5 -2 -2 -5
1163 A 13 0 7 -2 7 -5
1163 A 13 0 1 -3 7 -4
1163 A 13 0 2 -3 -3 -4
1163 A 13 0 0 -3 -6 6
1163 A 13 0 3 -3 0 6
1163 A 13 0 -3 -3 -3 -5
1163 A 13 0 6 -3 8 -5
1163 A 13 0 8 -3 3 -6
1163 A 13 0 1 -4 -3 4
1163 A 13 0 -1 -4 -3 5
1163 A 13 0 5 -4 -2 5
1163 A 13 0 -2 -4 6 -4
1163 A 13 0 -4 -4 1 6
1163 A 13 0 8 -4 -7 6
1163 A 13 0 -1 -5 6 -5
1163 A 13 0 -2 -6 8 -6
1163 A 13 0 -3 -6 -9 6
1163 A 14 0 0 -1 -5 5
1163 A 14 0 1 -1 0 5
1163 A 14 0 -1 -1 -2 1
1163 A 14 0 -2 -1 1 -5
1163 A 14 0 3 -1 4 -5
1163 A 14 0 -3 -1 2 3
1163 A 14 0 4 -1 -5 3
1163 A 14 0 -4 -1 -3 -5
1163 A 14 0 5 -1 8 -5
1163 A 14 0 -5 -1 -6 1
1163 A 14 0 -6 -1 -7 5
1163 A 14 0 7 -1 2 5
1163 A 14 0 1 -3 -2 3
1163 A 14 0 0 -3 3 -3
1163 A 14 0 -1 -3 -2 5
1163 A 14 0 4 -3 -3 5
1163 A 14 0 -3 -3 4 5
1163 A 14 0 6 -3 -9 5
1163 A 14 0 -4 -3 7 -3
1163 A 14 0 -5 -3 -8 3
1163 A 14 0 -1 -5 6 -5
1163 A 15 0 -1 -1 4 -2
1163 A 15 0 2 -1 -2 -2
1163 A 15 0 -4 -1 -5 4
1163 A 15 0 5 -1 1 4
1163 A 15 0 8 -1 4 7
1163 A 15 0 1 -2 2 -4
1163 A 15 0 -5 -2 -7 2
1163 A 15 0 -4 -4 1 7
1163 A 15 0 8 -4 -8 7
1163 A 15 0 2 -7 -5 7
1163 A 16 0 0 -1 -5 5
1163 A 16 0 1 -1 0 5
1163 A 16 0 -1 -1 -6 3
1163 A 16 0 2 -1 3 3
1163 A 16 0 -2 -1 -5 7
1163 A 16 0 3 -1 -2 7
1163 A 16 0 -3 -1 -4 1
1163 A 16 0 -4 -1 3 -7
1163 A 16 0 5 -1 4 -7
1163 A 16 0 -5 -1 6 -1
1163 A 16 0 -6 -1 3 -5
1163 A 16 0 7 -1 2 -5
1163 A 16 0 -7 -1 8 -3
1163 A 16 0 8 -1 -5 -3
1163 A 16 0 1 -3 2 5
1163 A 16 0 2 -3 -7 5
1163 A 16 0 0 -3 -7 7
1163 A 16 0 3 -3 0 7
1163 A 16 0 -1 -3 -4 3
1163 A 16 0 -2 -3 1 -7
1163 A 16 0 5 -3 6 -7
1163 A 16 0 -4 -3 1 -5
1163 A 16 0 7 -3 4 -5
1163 A 16 0 -6 -3 9 -3
1163 A 16 0 -1 -5 6 -5
1163 A 16 0 -3 -5 8 -7
1163 A 16 0 8 -5 -1 -7
1163 A 16 0 -4 -5 -9 5
1163 A 16 0 -5 -5 2 7
1163 A 16 0 10 -5 -9 7
1163 A 16 0 -3 -7 10 -7
1163 A 16 0 -4 -7 -11 7
1163 A 17 0 0 -1 -8 8
1163 A 17 0 1 -1 0 8
1163 A 17 0 -1 -1 -8 4
1163 A 17 0 2 -1 4 4
1163 A 17 0 -2 -1 -6 2
1163 A 17 0 3 -1 4 2
1163 A 17 0 -3 -1 -7 6
1163 A 17 0 4 -1 1 6
1163 A 17 0 -4 -1 1 -7
1163 A 17 0 5 -1 6 -7
1163 A 17 0 -5 -1 -3 -8
1163 A 17 0 6 -1 11 -8
1163 A 17 0 -6 -1 -1 5
1163 A 17 0 7 -1 -4 5
1163 A 17 0 -7 -1 6 -5
1163 A 17 0 8 -1 -1 -5
1163 A 17 0 9 -1 10 -3
1163 A 17 0 1 -2 5 7
1163 A 17 0 0 -2 -4 4
1163 A 17 0 2 -2 0 4
1163 A 17 0 -1 -2 -9 6
1163 A 17 0 3 -2 3 6
1163 A 17 0 -2 -2 -4 2
1163 A 17 0 -3 -2 -2 -6
1163 A 17 0 5 -2 8 -6
1163 A 17 0 -5 -2 -3 -4
1163 A 17 0 7 -2 7 -4
1163 A 17 0 -6 -2 5 3
1163 A 17 0 8 -2 -8 3
1163 A 17 0 -7 -2 3 5
1163 A 17 0 9 -2 -8 5
1163 A 17 0 1 -3 -2 3
1163 A 17 0 0 -3 3 -3
1163 A 17 0 -1 -3 -6 -4
1163 A 17 0 4 -3 10 -4
1163 A 17 0 -2 -3 2 -8
1163 A 17 0 5 -3 6 -8
1163 A 17 0 -3 -3 3 7
1163 A 17 0 6 -3 -10 7
1163 A 17 0 -4 -3 2 4
1163 A 17 0 7 -3 -6 4
1163 A 17 0 -6 -3 -2 -5
1163 A 17 0 9 -3 7 -5
1163 A 17 0 2 -4 11 -5
1163 A 17 0 1 -4 -4 -6
1163 A 17 0 3 -4 10 -6
1163 A 17 0 -1 -4 -4 -7
1163 A 17 0 5 -4 11 -7
1163 A 17 0 -5 -4 1 -8
1163 A 17 0 9 -4 7 -8
1163 A 17 0 2 -5 2 8
1163 A 17 0 3 -5 -10 8
1163 A 17 0 0 -5 -5 5
1163 A 17 0 -4 -5 9 -5
1163 A 17 0 -5 -5 -5 -6
1163 A 17 0 10 -5 11 -6
1163 A 17 0 3 -6 -4 8
1163 A 17 0 2 -6 -1 -7
1163 A 17 0 4 -6 8 -7
1163 A 17 0 1 -6 -5 6
1163 A 17 0 0 -6 -7 7
1163 A 17 0 6 -6 0 7
1163 A 17 0 3 -7 4 -7
1163 A 17 0 2 -7 -4 -8
1163 A 17 0 5 -7 12 -8
1163 A 17 0 -2 -7 -3 8
1163 A 17 0 9 -7 -5 8
1163 A 17 0 -1 -8 9 -8
1163 A -1 1 -19 0 46 0
1163 A -1 1 -20 0 131 0
1163 A -1 1 -23 0 38 0
1163 A -1 1 -25 0 -128 0
1163 A -1 1 -31 0 -122 0
1163 A -1 1 -32 0 -100 0
1163 A -1 1 -34 0 -77 0
1163 A -1 1 -44 0 86 0
1163 A -1 1 -47 0 -130 0
1163 A -1 1 -49 0 -95 0
1163 A -1 1 -50 0 -64 0
1163 A -1 1 -65 0 -94 0
1163 A -1 1 -68 0 107 0
1163 A -1 1 -92 0 -136 0
1163 A -1 1 -101 0 -121 0
1163 A -1 1 -103 0 -113 0
1163 A 0 1 -19 0 46 0
1163 A 0 1 -20 0 131 0
1163 A 0 1 -23 0 38 0
1163 A 0 1 -25 0 -128 0
1163 A 0 1 -31 0 -122 0
1163 A 0 1 -32 0 -100 0
1163 A 0 1 -34 0 -77 0
1163 A 0 1 -44 0 86 0
1163 A 0 1 -47 0 -130 0
1163 A 0 1 -49 0 -95 0
1163 A 0 1 -50 0 -64 0
1163 A 0 1 -65 0 -94 0
1163 A 0 1 -68 0 107 0
1163 A 0 1 -92 0 -136 0
1163 A 0 1 -101 0 -121 0
1163 A 0 1 -103 0 -113 0
1163 A -2 1 -18 0 112 1
1163 A -2 1 -19 0 106 1
1163 A -2 1 -20 0 44 0
1163 A -2 1 -28 0 -134 -1
1163 A -2 1 -31 0 102 1
1163 A -2 1 -34 0 -110 -1
1163 A -2 1 -46 0 -119 -1
1163 A -2 1 -52 0 62 0
1163 A -2 1 -81 0 121 1
1163 A -2 1 -86 0 92 0
1163 A -2 1 -91 0 -130 -1
1163 A 1 1 -18 0 113 -1
1163 A 1 1 -19 0 107 -1
1163 A 1 1 -20 0 44 0
1163 A 1 1 -28 0 -135 1
1163 A 1 1 -31 0 103 -1
1163 A 1 1 -34 0 -111 1
1163 A 1 1 -46 0 -120 1
1163 A 1 1 -52 0 62 0
1163 A 1 1 -81 0 122 -1
1163 A 1 1 -86 0 92 0
1163 A 1 1 -91 0 -131 1
1163 A -3 1 -19 0 -122 -1
1163 A -3 1 -20 0 101 1
1163 A -3 1 -25 0 -92 -1
1163 A -3 1 -26 0 77 1
1163 A -3 1 -28 0 -53 0
1163 A -3 1 -31 0 112 1
1163 A -3 1 -32 0 62 1
1163 A -3 1 -34 0 -128 -1
1163 A -3 1 -40 0 52 0
1163 A -3 1 -47 0 -136 -1
1163 A -3 1 -49 0 94 1
1163 A -3 1 -50 0 98 1
1163 A -3 1 -64 -1 130 1
1163 A -3 1 -65 -1 80 1
1163 A -3 1 -76 -1 91 1
1163 A -3 1 -79 -1 -131 -1
1163 A -3 1 -95 -1 -97 -1
1163 A -3 1 -100 -1 121 1
1163 A -3 1 -104 -1 -133 -1
1163 A 2 1 -19 0 -123 1
1163 A 2 1 -20 0 102 -1
1163 A 2 1 -25 0 -93 1
1163 A 2 1 -26 0 78 -1
1163 A 2 1 -28 0 -53 0
1163 A 2 1 -31 0 113 -1
1163 A 2 1 -32 0 63 -1
1163 A 2 1 -34 0 -129 1
1163 A 2 1 -40 0 52 0
1163 A 2 1 -47 0 -137 1
1163 A 2 1 -49 0 95 -1
1163 A 2 1 -50 0 99 -1
1163 A 2 1 65 -1 -131 1
1163 A 2 1 66 -1 -81 1
1163 A 2 1 77 -1 -92 1
1163 A 2 1 80 -1 132 -1
1163 A 2 1 96 -1 98 -1
1163 A 2 1 101 -1 -122 1
1163 A 2 1 105 -1 134 -1
1163 A -4 1 -20 0 -102 -1
1163 A -4 1 -25 0 93 1
1163 A -4 1 -26 0 35 0
1163 A -4 1 -29 0 -90 -1
1163 A -4 1 -32 0 -134 -2
1163 A -4 1 -34 0 -94 -1
1163 A -4 1 -40 0 -49 -1
1163 A -4 1 -41 0 -125 -2
1163 A -4 1 -42 -1 108 1
1163 A -4 1 -45 -1 -64 -1
1163 A -4 1 -46 -1 -99 -1
1163 A -4 1 -48 -1 -126 -2
1163 A -4 1 -60 -1 -67 -1
1163 A -4 1 -63 -1 -100 -1
1163 A -4 1 -76 -1 121 1
1163 A -4 1 -91 -1 -114 -1
1163 A -4 1 -123 -1 128 2
1163 A 3 1 -20 0 -103 1
1163 A 3 1 -25 0 94 -1
1163 A 3 1 -26 0 35 0
1163 A 3 1 -29 0 -91 1
1163 A 3 1 -32 0 -136 2
1163 A 3 1 -34 0 -95 1
1163 A 3 1 -40 0 -50 1
1163 A 3 1 -41 0 -127 2
1163 A 3 1 43 -1 -109 1
1163 A 3 1 46 -1 65 -1
1163 A 3 1 47 -1 100 -1
1163 A 3 1 49 -1 128 -2
1163 A 3 1 61 -1 68 -1
1163 A 3 1 64 -1 101 -1
1163 A 3 1 77 -1 -122 1
1163 A 3 1 92 -1 115 -1
1163 A 3 1 124 -1 -130 2
1163 A -5 1 -18 0 111 2
1163 A -5 1 -19 0 121 2
1163 A -5 1 -20 0 130 2
1163 A -5 1 -23 0 -27 0
1163 A -5 1 -33 0 61 1
1163 A -5 1 -32 -1 -37 -1
1163 A -5 1 -42 -1 -81 -1
1163 A -5 1 -44 -1 136 2
1163 A -5 1 -66 -1 87 1
1163 A -5 1 -68 -1 93 1
1163 A -5 1 -77 -1 100 2
1163 A 4 1 -18 0 113 -2
1163 A 4 1 -19 0 123 -2
1163 A 4 1 -20 0 132 -2
1163 A 4 1 -23 0 -27 0
1163 A 4 1 -33 0 62 -1
1163 A 4 1 33 -1 38 -1
1163 A 4 1 43 -1 82 -1
1163 A 4 1 45 -1 -138 2
1163 A 4 1 67 -1 -88 1
1163 A 4 1 69 -1 -94 1
1163 A 4 1 78 -1 -102 2
1163 A -6 1 -22 0 67 1
1163 A -6 1 -26 0 -31 -1
1163 A -6 1 -28 0 -131 -3
1163 A -6 1 -28 -1 79 1
1163 A -6 1 -29 -1 -49 -1
1163 A -6 1 -37 -1 100 2
1163 A -6 1 -46 -1 130 2
1163 A -6 1 -47 -1 -97 -2
1163 A -6 1 -50 -1 80 1
1163 A -6 1 -62 -1 -106 -2
1163 A -6 1 -64 -1 121 2
1163 A -6 1 -65 -1 92 2
1163 A -6 1 -77 -2 89 2
1163 A -6 1 -91 -2 -122 -2
1163 A -6 1 -98 -2 131 2
1163 A -6 1 -101 -2 113 2
1163 A 5 1 -22 0 68 -1
1163 A 5 1 -26 0 -32 1
1163 A 5 1 -28 0 -134 3
1163 A 5 1 29 -1 -80 1
1163 A 5 1 30 -1 50 -1
1163 A 5 1 38 -1 -102 2
1163 A 5 1 47 -1 -132 2
1163 A 5 1 48 -1 99 -2
1163 A 5 1 51 -1 -81 1
1163 A 5 1 63 -1 108 -2
1163 A 5 1 65 -1 -123 2
1163 A 5 1 66 -1 -94 2
1163 A 5 1 79 -2 -91 2
1163 A 5 1 93 -2 124 -2
1163 A 5 1 100 -2 -133 2
1163 A 5 1 103 -2 -115 2
1163 A 18 0 -7 -1 -2 7
1163 A 18 0 8 -1 -5 7
1163 A 18 0 1 -2 5 8
1163 A 18 0 -5 -2 -1 8
1163 A 18 0 7 -2 -7 8
1163 A 18 0 -1 -4 -5 4
1163 A 18 0 1 -5 -4 5
1163 A 18 0 -2 -5 -7 5
1163 A 18 0 -5 -5 -10 5
1163 A -7 1 -19 0 -28 -1
1163 A -7 1 -20 0 43 1
1163 A -7 1 -22 0 92 2
1163 A -7 1 -23 0 22 1
1163 A -7 1 -21 -1 -93 -2
1163 A -7 1 -25 -1 -45 -1
1163 A -7 1 -31 -1 128 3
1163 A -7 1 -37 -1 46 1
1163 A -7 1 -48 -1 95 2
1163 A -7 1 -51 -1 -134 -3
1163 A -7 1 -63 -1 136 3
1163 A -7 1 -69 -1 -78 -2
1163 A -7 1 -74 -2 -119 -3
1163 A -7 1 -75 -2 102 2
1163 A -7 1 -101 -2 118 3
1163 A -7 1 -104 -2 113 2
1163 A -7 1 -109 -3 -125 -3
1163 A 6 1 -19 0 -29 1
1163 A 6 1 -20 0 44 -1
1163 A 6 1 -22 0 94 -2
1163 A 6 1 -23 0 23 -1
1163 A 6 1 22 -1 95 -2
1163 A 6 1 26 -1 46 -1
1163 A 6 1 32 -1 -131 3
1163 A 6 1 38 -1 -47 1
1163 A 6 1 49 -1 -97 2
1163 A 6 1 52 -1 137 -3
1163 A 6 1 64 -1 -139 3
1163 A 6 1 70 -1 80 -2
1163 A 6 1 76 -2 122 -3
1163 A 6 1 77 -2 -104 2
1163 A 6 1 103 -2 -121 3
1163 A 6 1 106 -2 -115 2
1163 A 6 1 112 -3 128 -3
1163 A -8 1 -19 0 -57 -2
1163 A -8 1 -20 0 -44 -1
1163 A -8 1 -21 0 -25 -1
1163 A -8 1 -16 -1 -135 -3
1163 A -8 1 -22 -1 65 2
1163 A -8 1 -39 -1 80 2
1163 A -8 1 -47 -1 -66 -2
1163 A -8 1 -58 -1 131 4
1163 A -8 1 -63 -2 99 3
1163 A -8 1 -76 -2 -108 -3
1163 A -8 1 -93 -2 132 3
1163 A -8 1 -98 -3 104 3
1163 A -8 1 -122 -3 132 4
1163 A 7 1 -19 0 -59 2
1163 A 7 1 -20 0 -45 1
1163 A 7 1 -21 0 -26 1
1163 A 7 1 17 -1 138 -3
1163 A 7 1 23 -1 -67 2
1163 A 7 1 40 -1 -82 2
1163 A 7 1 48 -1 68 -2
1163 A 7 1 59 -1 -135 4
1163 A 7 1 65 -2 -102 3
1163 A 7 1 78 -2 111 -3
1163 A 7 1 95 -2 -135 3
1163 A 7 1 101 -3 -107 3
1163 A 7 1 125 -3 -136 4
1163 A 19 0 -8 -1 -5 9
1163 A 19 0 9 -1 -4 9
1163 A 19 0 1 -2 5 9
1163 A 19 0 -1 -2 -2 -5
1163 A 19 0 3 -2 7 -5
1163 A 19 0 -3 -2 5 -2
1163 A 19 0 -4 -2 -7 -4
1163 A 19 0 6 -2 11 -4
1163 A 19 0 1 -3 11 -7
1163 A 19 0 2 -3 -4 -7
1163 A 19 0 -1 -3 4 -3
1163 A 19 0 -2 -3 -2 5
1163 A 19 0 5 -3 -3 5
1163 A 19 0 -5 -3 -8 3
1163 A 19 0 -7 -3 1 -6
1163 A 19 0 10 -3 5 -6
1163 A 19 0 11 -3 -3 6
1163 A 19 0 2 -4 12 -5
1163 A 19 0 -2 -4 -1 7
1163 A 19 0 6 -4 -6 7
1163 A 19 0 2 -6 -4 6
1163 A 19 0 -2 -6 2 8
1163 A 19 0 8 -6 -10 8
1163 A 19 0 -3 -6 12 -8
1163 A 19 0 9 -6 -4 -8
1163 A 19 0 -4 -6 -1 -7
1163 A 19 0 10 -6 8 -7
1163 A 19 0 -2 -7 13 -8
1163 A 19 0 9 -7 -5 -8
1163 A 19 0 -3 -7 10 -7
1163 A 19 0 13 -7 -4 8
1163 A -9 1 -20 0 -100 -3
1163 A -9 1 -14 -1 -115 -3
1163 A -9 1 -16 -1 -20 -1
1163 A -9 1 -22 -1 64 2
1163 A -9 1 -23 -1 -25 -1
1163 A -9 1 -26 -1 65 2
1163 A -9 1 -29 -1 68 2
1163 A -9 1 -32 -1 53 1
1163 A -9 1 -40 -1 127 4
1163 A -9 1 -49 -1 133 4
1163 A -9 1 -50 -1 62 2
1163 A -9 1 -47 -2 -49 -2
1163 A -9 1 -61 -2 -134 -4
1163 A -9 1 -67 -2 -122 -4
1163 A -9 1 -79 -2 -89 -3
1163 A -9 1 -80 -2 -82 -2
1163 A -9 1 -83 -2 -88 -3
1163 A -9 1 -97 -3 -125 -4
1163 A -9 1 -98 -3 -115 -4
1163 A -9 1 -104 -3 -106 -3
1163 A -9 1 -107 -3 122 3
1163 A -9 1 -116 -4 -124 -4
1163 A -9 1 -128 -4 -130 -4
1163 A 8 1 -20 0 -103 3
1163 A 8 1 15 -1 118 -3
1163 A 8 1 17 -1 21 -1
1163 A 8 1 23 -1 -66 2
1163 A 8 1 24 -1 26 -1
1163 A 8 1 27 -1 -67 2
1163 A 8 1 30 -1 -70 2
1163 A 8 1 33 -1 -54 1
1163 A 8 1 41 -1 -131 4
1163 A 8 1 50 -1 -137 4
1163 A 8 1 51 -1 -64 2
1163 A 8 1 49 -2 51 -2
1163 A 8 1 63 -2 138 -4
1163 A 8 1 69 -2 126 -4
1163 A 8 1 81 -2 92 -3
1163 A 8 1 82 -2 84 -2
1163 A 8 1 85 -2 91 -3
1163 A 8 1 100 -3 129 -4
1163 A 8 1 101 -3 119 -4
1163 A 8 1 107 -3 109 -3
1163 A 8 1 110 -3 -125 3
1163 A 8 1 120 -4 128 -4
1163 A 8 1 132 -4 134 -4
1163 A -10 1 -12 -1 42 1
1163 A -10 1 -13 -1 86 3
1163 A -10 1 -15 -1 41 2
1163 A -10 1 -16 -1 34 1
1163 A -10 1 -21 -1 -66 -2
1163 A -10 1 -31 -1 118 4
1163 A -10 1 -33 -1 -42 -2
1163 A -10 1 -40 -1 -120 -4
1163 A -10 1 -63 -2 71 3
1163 A -10 1 -69 -2 107 3
1163 A -10 1 -76 -3 103 3
1163 A -10 1 -91 -3 108 4
1163 A -10 1 -92 -3 -138 -4
1163 A -10 1 -94 -3 129 4
1163 A -10 1 -104 -3 -105 -4
1163 A -10 1 -110 -3 -126 -4
1163 A -10 1 -109 -4 139 4
1163 A 9 1 13 -1 -43 1
1163 A 9 1 14 -1 -89 3
1163 A 9 1 16 -1 -43 2
1163 A 9 1 17 -1 -35 1
1163 A 9 1 22 -1 68 -2
1163 A 9 1 32 -1 -122 4
1163 A 9 1 34 -1 44 -2
1163 A 9 1 41 -1 124 -4
1163 A 9 1 65 -2 -74 3
1163 A 9 1 71 -2 -110 3
1163 A 9 1 79 -3 -106 3
1163 A 9 1 94 -3 -112 4
1163 A 9 1 95 -3 142 -4
1163 A 9 1 97 -3 -133 4
1163 A 9 1 107 -3 109 -4
1163 A 9 1 113 -3 130 -4
1163 A 9 1 113 -4 -143 4
1163 A 20 0 -2 -3 5 -7
1163 A 20 0 5 -3 2 -7
1163 A 20 0 -4 -3 1 -9
1163 A 20 0 7 -3 8 -9
1163 A 20 0 -7 -3 10 -7
1163 A 20 0 10 -3 -3 -7
1163 A 20 0 0 -7 -7 7
1163 A 20 0 -2 -7 -3 9
1163 A 20 0 9 -7 -6 9
1163 A 20 0 -1 -9 10 -9
1163 A 20 0 -5 -9 14 -9
1163 A -11 1 -11 -1 -120 -4
1163 A -11 1 -12 -1 -89 -3
1163 A -11 1 -21 -1 133 5
1163 A -11 1 -24 -1 -93 -3
1163 A -11 1 -27 -1 73 2
1163 A -11 1 -38 -2 94 3
1163 A -11 1 -41 -2 -48 -2
1163 A -11 1 -54 -2 -109 -4
1163 A -11 1 -63 -2 129 5
1163 A -11 1 -65 -2 -73 -3
1163 A -11 1 -69 -2 -97 -4
1163 A 10 1 12 -1 124 -4
1163 A 10 1 13 -1 92 -3
1163 A 10 1 22 -1 -138 5
1163 A 10 1 25 -1 96 -3
1163 A 10 1 28 -1 -75 2
1163 A 10 1 40 -2 -97 3
1163 A 10 1 43 -2 50 -2
1163 A 10 1 56 -2 113 -4
1163 A 10 1 65 -2 -134 5
1163 A 10 1 67 -2 76 -3
1163 A 10 1 71 -2 101 -4
1163 A -12 1 -11 -1 56 3
1163 A -12 1 -17 -1 -115 -5
1163 A -12 1 -22 -1 76 3
1163 A -12 1 -23 -1 -97 -4
1163 A -12 1 -25 -1 -56 -2
1163 A -12 1 -28 -1 -50 -2
1163 A -12 1 -37 -1 -116 -4
1163 A -12 1 -43 -1 64 3
1163 A -12 1 -32 -2 44 2
1163 A -12 1 -40 -2 -104 -4
1163 A -12 1 -49 -2 -137 -5
1163 A -12 1 -77 -3 98 4
1163 A -12 1 -82 -3 130 5
1163 A -12 1 -85 -4 -134 -5
1163 A -12 1 -86 -4 113 4
1163 A -12 1 -124 -5 -140 -5
1163 A 11 1 12 -1 -59 3
1163 A 11 1 18 -1 120 -5
1163 A 11 1 23 -1 -79 3
1163 A 11 1 24 -1 101 -4
1163 A 11 1 26 -1 58 -2
1163 A 11 1 29 -1 52 -2
1163 A 11 1 38 -1 120 -4
1163 A 11 1 44 -1 -67 3
1163 A 11 1 34 -2 -46 2
1163 A 11 1 42 -2 108 -4
1163 A 11 1 51 -2 142 -5
1163 A 11 1 80 -3 -102 4
1163 A 11 1 85 -3 -135 5
1163 A 11 1 89 -4 139 -5
1163 A 11 1 90 -4 -117 4
1163 A 11 1 129 -5 145 -5
1163 A -13 1 -12 -1 -91 -4
1163 A -13 1 -16 -1 120 5
1163 A -13 1 -18 -1 -108 -5
1163 A -13 1 -24 -1 93 4
1163 A -13 1 -30 -1 39 1
1163 A -13 1 -36 -1 47 2
1163 A -13 1 -33 -2 119 6
1163 A -13 1 -44 -2 -57 -2
1163 A -13 1 -45 -2 105 5
1163 A -13 1 -59 -2 90 4
1163 A -13 1 -59 -3 -122 -5
1163 A -13 1 -62 -3 -130 -6
1163 A -13 1 -79 -3 -86 -3
1163 A -13 1 -96 -5 -133 -6
1163 A 12 1 13 -1 95 -4
1163 A 12 1 17 -1 -125 5
1163 A 12 1 19 -1 113 -5
1163 A 12 1 25 -1 -97 4
1163 A 12 1 31 -1 -40 1
1163 A 12 1 37 -1 -49 2
1163 A 12 1 35 -2 -125 6
1163 A 12 1 46 -2 59 -2
1163 A 12 1 47 -2 -110 5
1163 A 12 1 61 -2 -94 4
1163 A 12 1 62 -3 127 -5
1163 A 12 1 65 -3 136 -6
1163 A 12 1 82 -3 89 -3
1163 A 12 1 101 -5 139 -6
1163 A -14 1 -13 -1 -21 -1
1163 A -14 1 -27 -1 94 4
1163 A -14 1 -66 -3 -71 -4
1163 A -14 1 -69 -4 -84 -4
1163 A -14 1 -96 -5 -124 -6
1163 A 13 1 14 -1 22 -1
1163 A 13 1 28 -1 -98 4
1163 A 13 1 69 -3 75 -4
1163 A 13 1 73 -4 88 -4
1163 A 13 1 101 -5 130 -6
1163 A 22 0 -1 -3 -8 -5
1163 A 22 0 4 -3 13 -5
1163 A 22 0 -8 -3 11 -3
1163 A 22 0 0 -5 -7 7
1163 A 22 0 5 -5 0 7
1163 A 22 0 -1 -5 -6 5
1163 A 22 0 -2 -5 1 -7
1163 A 22 0 7 -5 6 -7
1163 A 22 0 -2 -7 -9 7
1163 A -15 1 -19 -1 -131 -6
1163 A -15 1 -26 -1 65 3
1163 A -15 1 -28 -1 -128 -7
1163 A -15 1 -37 -2 97 5
1163 A -15 1 -56 -2 74 4
1163 A -15 1 -79 -4 -98 -5
1163 A -15 1 -104 -6 -130 -7
1163 A -15 1 -118 -6 -134 -6
1163 A 14 1 20 -1 137 -6
1163 A 14 1 27 -1 -68 3
1163 A 14 1 29 -1 135 -7
1163 A 14 1 39 -2 -102 5
1163 A 14 1 58 -2 -78 4
1163 A 14 1 83 -4 103 -5
1163 A 14 1 110 -6 137 -7
1163 A 14 1 124 -6 140 -6
1163 A 23 0 2 -4 8 7
1163 A 23 0 -6 -4 10 -4
1163 A 23 0 -9 -4 3 -8
1163 A 23 0 13 -4 5 -8
1163 A 23 0 -3 -5 1 8
1163 A 23 0 8 -5 -9 8
1163 A -16 1 -27 -1 135 7
1163 A -16 1 -26 -2 -71 -3
1163 A -16 1 -39 -2 -92 -5
1163 A -16 1 -38 -3 -78 -4
1163 A 15 1 28 -1 -142 7
1163 A 15 1 28 -2 74 -3
1163 A 15 1 41 -2 97 -5
1163 A 15 1 41 -3 82 -4
1163 A 24 0 1 -2 11 2
1163 A 24 0 -5 -2 -7 2
1163 A 24 0 5 -10 7 10
1163 A 24 0 -1 -10 -11 10
1163 A -18 1 -32 -2 -43 -2
1163 A -18 1 -59 -4 134 8
1163 A -18 1 -76 -5 97 6
1163 A 17 1 34 -2 45 -2
1163 A 17 1 63 -4 -142 8
1163 A 17 1 81 -5 -103 6
1163 A 25 0 1 -2 2 -4
1163 A 25 0 -11 -2 9 -11
1163 A 25 0 13 -2 2 -11
1163 A 25 0 1 -11 10 -11
1163 A -19 1 -14 -2 128 8
1163 A -19 1 -46 -3 124 9
1163 A -19 1 -81 -5 -91 -6
1163 A 18 1 16 -2 -136 8
1163 A 18 1 49 -3 -133 9
1163 A 18 1 86 -5 97 -6
1163 A 26 0 1 -3 -6 9
1163 A 26 0 2 -3 -3 9
1163 A 26 0 2 -9 7 -9
1163 A -21 1 -31 -3 106 9
1163 A 20 1 34 -3 -115 9
1163 A -22 1 -38 -2 -35 -3
1163 A 21 1 40 -2 38 -3
1163 A 28 0 -8 -3 5 -9
1163 A 28 0 11 -3 4 -9
1163 A -25 1 -24 -1 -75 -5
1163 A -25 1 -23 -2 140 11
1163 A -25 1 -96 -10 119 11
1163 A 24 1 25 -1 80 -5
1163 A 24 1 25 -2 -151 11
1163 A 24 1 106 -10 -130 11
1163 A 30 0 -1 -4 -5 -14
1163 A 30 0 5 -4 19 -14
1163 A 31 0 19 -7 5 -10
1163 S -3 1 9 0
1163 S 3 2 9 0
1163 S -3 4 9 0
1163 S 2 1 9 0
1163 S -5 2 9 0
1163 S -1 4 9 0
1163 S 2 1 11 0
1163 S 4 2 11 0
1163 S -5 3 11 0
1163 S -3 4 11 0
1163 S -1 5 11 0
1163 S -3 1 11 0
1163 S -6 2 11 0
1163 S 2 3 11 0
1163 S -1 4 11 0
1163 S -4 5 11 0
1163 T 576 262 1958 0 0
1163 T 1960 267 1905 0 0
1163 T 1907 261 574 0 0
1163 T 261 265 262 0 0
1163 T 104 720 1457 -1 0
1163 T 1459 714 1389 0 0
1163 T 1391 719 102 0 0
1163 T 719 716 720 0 0
1163 T 532 528 524 0 0
1163 T 522 1621 1686 0 0
1163 T 1688 10 530 0 0
1163 T 10 1623 528 0 0
1163 T 60 58 60 0 0
1163 T 54 56 54 1 0
1163 T 728 989 722 0 0
1163 T 128 146 122 0 0
1163 T 124 2286 790 0 0
1163 T 792 2195 126 0 0
1163 T 2195 2288 146 -1 0
1163 T 944 940 936 -1 0
1163 T 934 1157 1201 0 0
1163 T 1203 4 942 1 0
1163 T 4 1159 940 0 0
1163 T 628 611 619 0 0
1163 T 617 1210 1545 0 0
1163 T 1547 113 626 0 0
1163 T 113 1212 611 0 0
1163 T 623 113 1502 0 0
1163 T 619 614 621 0 0
1163 T 1504 1287 617 0 0
1163 T 614 1285 113 0 0
1163 T 516 499 507 0 0
1163 T 505 1510 1829 0 0
1163 T 1831 233 514 0 0
1163 T 233 1512 499 0 0
1163 T 511 240 1762 0 0
1163 T 507 502 509 0 0
1163 T 1764 1555 505 0 0
1163 T 502 1553 240 0 0
1163 T 360 424 354 -1 0
1163 T 356 1970 514 0 0
1163 T 516 1810 358 0 0
1163 T 1810 1972 424 0 0
1163 T 359 1880 509 0 0
1163 T 351 425 357 0 0
1163 T 511 1920 349 0 0
1163 T 425 1918 1880 0 0
1163 T 180 895 2137 -1 0
1163 T 170 174 178 0 0
1163 T 2139 2232 172 0 0
1163 T 174 2230 895 0 0
1163 T 736 913 726 0 0
1163 T 724 919 730 0 0
1163 T 1831 241 1897 -1 0
1163 T 1899 287 514 0 0
1163 T 287 243 235 0 0
1163 T 511 290 1949 0 0
1163 T 1951 244 1762 1 0
1163 T 238 242 290 0 0
1163 T 516 549 510 0 0
1163 T 1877 551 1812 0 0
1163 T 630 1505 1549 0 0
1163 T 628 624 632 0 0
1163 T 1551 7 626 0 0
1163 T 624 8 1505 0 0
1163 T 800 905 790 0 0
1163 T 792 1419 1081 0 0
1163 T 1083 51 798 0 0
1163 T 51 1417 905 0 0
1163 T 795 51 1018 0 0
1163 T 791 912 793 1 0
1163 T 1020 1485 789 0 0
1163 T 912 1487 51 0 0
1163 T 686 688 686 1 0
1163 T 969 971 969 0 0
1163 T 896 106 2258 -1 0
1163 T 2260 118 2165 0 0
1163 T 2167 112 894 0 0
1163 T 112 120 106 0 0
1163 T 504 1920 1649 0 0
1163 T 1651 351 507 0 0
1163 T 507 354 1586 0 0
1163 T 1588 1970 497 0 0
1163 T 884 1412 1193 0 0
1163 T 876 911 882 0 0
1163 T 1195 65 874 0 0
1163 T 911 67 1412 0 0
1163 T 879 906 869 0 0
1163 T 871 64 1150 0 0
1163 T 1152 1478 877 0 0
1163 T 1478 62 906 0 0
1163 T 244 468 1657 -1 0
1163 T 1659 462 1593 0 0
1163 T 1595 467 242 0 0
1163 T 467 464 468 0 0
1163 T 112 711 1201 0 0
1163 T 714 707 711 0 0
1163 T 1159 705 106 0 0
1163 T 2112 113 2426 0 0
1163 T 2428 120 2357 0 0
1163 T 2359 114 2110 0 0
1163 T 114 118 113 0 0
1163 T 505 345 2121 0 0
1163 T 2123 307 1829 0 0
1163 T 1512 305 345 0 0
1163 T 1764 307 2213 0 0
1163 T 2215 345 505 0 0
1163 T 345 305 1553 0 0
1163 T 345 349 342 0 0
1163 T 344 1903 1553 0 0
1163 T 307 1901 349 0 0
1163 T 339 356 345 0 0
1163 T 1512 1953 337 0 0
1163 T 356 1955 307 0 0
1163 T 784 184 1945 0 0
1163 T 1947 190 2301 0 0
1163 T 2303 204 782 0 0
1163 T 204 192 184 0 0
1163 T 779 204 2369 0 0
1163 T 1896 185 777 0 0
1163 T 2371 195 1894 0 0
1163 T 185 193 204 0 0
1163 T 136 152 126 0 0
1163 T 128 1983 806 0 0
1163 T 808 2354 134 0 0
1163 T 2354 1981 152 0 0
1163 T 131 2424 801 0 0
1163 T 123 152 129 0 0
1163 T 803 1929 121 0 0
1163 T 152 1931 2424 0 0
1163 T 1651 344 2121 0 0
1163 T 2215 337 1586 0 0
1163 T 608 677 598 0 0
1163 T 600 1422 1165 0 0
1163 T 1167 63 606 0 0
1163 T 63 1424 677 0 0
1163 T 603 66 1122 0 0
1163 T 595 684 601 0 0
1163 T 1124 1492 593 0 0
1163 T 684 1490 66 0 0
1163 T 572 465 1950 0 0
1163 T 1952 464 1897 0 0
1163 T 1899 466 570 0 0
1163 T 1831 1594 570 0 0
1163 T 571 1659 1762 0 0
1163 T 760 963 750 0 0
1163 T 752 1054 1541 0 0
1163 T 1543 73 758 0 0
1163 T 73 1056 963 0 0
1163 T 755 73 1498 0 0
1163 T 747 966 753 0 0
1163 T 1500 1119 745 0 0
1163 T 966 1117 73 0 0
1163 T 396 430 386 0 0
1163 T 388 272 1521 0 0
1163 T 1523 1864 394 0 0
1163 T 1864 270 430 0 0
1163 T 391 1794 1565 0 0
1163 T 383 431 389 0 0
1163 T 1567 273 381 0 0
1163 T 431 275 1794 0 0
1163 T 808 899 798 0 0
1163 T 1083 1582 806 0 0
1163 T 1582 51 899 0 0
1163 T 803 1540 1018 0 0
1163 T 795 902 801 0 0
1163 T 902 51 1540 0 0
1163 T 260 2426 674 0 0
1163 T 250 254 258 0 0
1163 T 254 670 2357 0 0
1163 T 1275 1256 1252 0 0
1163 T 1250 1469 3 0 0
1163 T 1469 1254 18 0 0
1163 T 3 1403 1327 0 0
1163 T 1325 1329 1349 0 0
1163 T 16 1331 1403 0 0
1163 T 164 519 1557 0 0
1163 T 1559 521 1513 0 0
1163 T 1515 520 162 0 0
1163 T 520 523 519 0 0
1163 T 77 869 1189 0 0
1163 T 1191 982 1525 0 0
1163 T 1527 863 79 0 0
1163 T 863 984 869 0 0
1163 T 79 866 1569 0 0
1163 T 1148 876 77 0 0
1163 T 1571 987 1146 0 0
1163 T 876 985 866 0 0
1163 T 138 2325 2394 0 0
1163 T 136 132 140 1 0
1163 T 2396 2111 134 0 0
1163 T 132 2109 2325 -1 0
1163 T 240 260 230 0 0
1163 T 232 882 1901 0 0
1163 T 1903 2401 238 0 0
1163 T 2401 884 260 0 0
1163 T 235 2335 1953 0 0
1163 T 227 253 233 0 0
1163 T 1955 879 225 0 0
1163 T 253 877 2335 0 0
1163 T 141 1386 834 0 0
1163 T 836 1319 1517 0 0
1163 T 1519 579 143 0 0
1163 T 579 1317 1386 0 0
1163 T 143 579 1561 0 0
1163 T 831 1455 141 0 0
1163 T 1563 1242 829 0 0
1163 T 1455 1244 579 0 0
1163 T 928 991 922 0 0
1163 T 1864 266 1793 0 0
1163 T 274 268 272 0 0
1163 T 344 2401 502 0 0
1163 T 499 2335 337 0 0
1163 T 844 100 1517 0 0
1163 T 836 889 842 0 0
1163 T 889 1319 100 0 0
1163 T 839 888 829 0 0
1163 T 1563 93 837 0 0
1163 T 93 1242 888 0 0
1163 T 904 944 894 0 0
1163 T 896 1201 1578 0 0
1163 T 1580 4 902 1 0
1163 T 899 4 1534 0 0
1163 T 895 937 897 1 0
1163 T 1536 1160 893 0 0
1163 T 248 1633 654 0 0
1163 T 656 691 650 0 0
1163 T 652 1700 246 0 0
1163 T 1700 689 1633 0 0
1163 T 957 961 954 0 0
1163 T 956 75 1645 0 0
1163 T 1647 1056 959 0 0
1163 T 959 1117 1709 0 0
1163 T 951 968 957 0 0
1163 T 1711 75 949 0 0
1163 T 104 2083 2497 -1 0
1163 T 100 109 102 0 0
1163 T 2499 2271 98 0 0
1163 T 109 2269 2083 0 0
1163 T 103 108 93 0 0
1163 T 95 2177 2541 0 0
1163 T 2543 2086 101 0 0
1163 T 2086 2179 108 0 0
1163 T 784 88 1941 0 0
1163 T 1943 91 2297 0 0
1163 T 2299 93 782 0 0
1163 T 93 89 88 0 0
1163 T 779 100 2365 0 0
1163 T 1892 81 777 0 0
1163 T 2367 91 1890 0 0
1163 T 81 89 100 0 0
1163 T 676 659 667 0 0
1163 T 668 661 670 0 0
1163 T 412 694 2165 0 0
1163 T 408 448 410 0 0
1163 T 2260 700 406 0 0
1163 T 712 695 703 0 0
1163 T 701 1926 1205 0 0
1163 T 1207 166 710 0 0
1163 T 166 1928 695 0 0
1163 T 707 166 1162 0 0
1163 T 703 698 705 0 0
1163 T 1164 1980 701 0 0
1163 T 698 1978 166 0 0
1163 T 68 2287 2066 0 0
1163 T 58 62 66 0 0
1163 T 62 2062 2196 0 0
1163 T 744 821 734 0 0
1163 T 732 827 738 0 0
1163 T 2456 2340 98 0 0
1163 T 2499 4 2454 0 0
1163 T 2340 3 2269 0 0
1163 T 95 2406 2449 0 0
1163 T 2451 4 2541 1 0
1163 T 2179 3 2406 -1 0
1163 T 77 1030 1325 0 0
1163 T 1331 1679 79 0 0
1163 T 1679 1351 1030 0 0
1163 T 79 1613 1254 0 0
1163 T 1252 1095 77 0 0
1163 T 1095 1273 1613 0 0
1163 T 648 678 638 0 0
1163 T 640 1375 1945 0 0
1163 T 1947 226 646 0 0
1163 T 226 1373 678 0 0
1163 T 643 231 1894 0 0
1163 T 635 683 641 0 0
1163 T 1896 1442 633 0 0
1163 T 683 1444 231 0 0
1163 T 408 207 1529 0 0
1163 T 1576 208 410 0 0
1163 T 1531 933 1574 0 0
1163 T 776 192 1817 0 0
1163 T 1819 182 2481 0 0
1163 T 2483 202 774 0 0
1163 T 771 202 2525 0 0
1163 T 1752 193 769 0 0
1163 T 2527 187 1750 0 0
1163 T 88 44 82 0 0
1163 T 84 1739 1905 0 0
1163 T 1960 1740 86 0 0
1163 T 784 1024 1821 0 0
1163 T 776 932 782 0 0
1163 T 1823 81 774 0 0
1163 T 932 83 1024 0 0
1163 T 779 932 769 0 0
1163 T 771 88 1754 0 0
1163 T 1756 1085 777 0 0
1163 T 1085 86 932 0 0
1163 T 640 363 1821 0 0
1163 T 1823 365 2301 0 0
1163 T 2303 436 638 0 0
1163 T 436 367 363 0 0
1163 T 635 436 2369 0 0
1163 T 1756 362 633 0 0
1163 T 2371 372 1754 0 0
1163 T 362 370 436 0 0
1163 T 160 422 1185 0 0
1163 T 808 1972 158 0 0
1163 T 1187 1812 806 0 0
1163 T 155 1918 801 0 0
1163 T 803 1878 1142 0 0
1163 T 1144 427 153 0 0
1163 T 164 1529 838 0 0
1163 T 840 933 842 0 0
1163 T 844 1576 162 0 0
1163 T 809 813 806 0 0
1163 T 1187 131 811 0 0
1163 T 131 1812 813 0 0
1163 T 811 134 1142 0 0
1163 T 803 820 809 0 0
1163 T 820 1878 134 0 0
1163 T 216 853 2493 0 0
1163 T 212 251 214 0 0
1163 T 2540 859 210 0 0
1163 T 2495 53 2538 0 0
1163 T 504 803 2309 0 0
1163 T 2311 153 1649 0 0
1163 T 1588 160 2377 0 0
1163 T 2379 806 497 0 0
1163 T 344 1412 494 0 0
1163 T 496 537 502 0 0
1163 T 2403 539 1412 0 0
1163 T 499 536 489 0 0
1163 T 491 1478 337 0 0
1163 T 1478 534 2333 0 0
1163 T 1373 190 434 0 0
1163 T 434 195 1444 0 0
1163 T 1472 1484 1466 0 0
1163 T 1468 1629 1249 0 0
1163 T 1629 1482 4 0 0
1163 T 1328 1695 1398 0 0
1163 T 1400 1414 1402 0 0
1163 T 4 1416 1695 0 0
1163 T 1099 164 1603 0 0
1163 T 1095 1103 1097 0 0
1163 T 1601 1449 1093 0 0
1163 T 1103 1451 164 0 0
1163 T 1032 1384 1667 0 0
1163 T 1036 1038 1030 0 0
1163 T 1665 161 1034 -1 0
1163 T 1038 163 1384 0 0
1163 T 224 247 214 -1 0
1163 T 216 649 2489 0 0
1163 T 2491 1699 222 0 0
1163 T 219 1633 2533 0 0
1163 T 211 246 217 0 0
1163 T 2535 656 209 0 0
1163 T 1195 1857 866 0 0
1163 T 987 1859 67 0 0
1163 T 863 1791 1150 0 0
1163 T 62 1789 982 0 0
1163 T 260 539 1193 0 0
1163 T 1152 534 253 0 0
1163 T 172 170 172 0 0
1163 T 2 1 2 0 0
1163 T 1443 368 1769 0 0
1163 T 1771 362 194 0 0
1163 T 191 363 1837 0 0
1163 T 1839 369 1374 0 0
1163 T 128 1044 798 0 0
1163 T 1981 899 1044 0 0
1163 T 795 1105 121 0 0
1163 T 1105 902 1931 0 0
1163 T 1095 26 1850 0 0
1163 T 1852 5 1613 0 0
1163 T 1679 5 1782 0 0
1163 T 1784 23 1030 0 0
1163 T 776 1087 1941 0 0
1163 T 1892 1022 769 0 0
1163 T 1022 365 202 0 0
1163 T 202 372 1087 0 0
1163 T 2139 49 2006 0 0
1163 T 2004 50 2230 0 0
1163 T 49 52 56 0 0
1163 T 640 636 632 0 0
1163 T 630 1753 1821 0 0
1163 T 336 590 2485 0 0
1163 T 328 382 334 0 0
1163 T 2487 1572 326 0 0
1163 T 382 1570 590 0 0
1163 T 331 387 321 0 0
1163 T 323 1526 2529 0 0
1163 T 2531 590 329 0 0
1163 T 590 1528 387 0 0
1163 T 776 925 766 0 0
1163 T 768 1379 1817 0 0
1163 T 190 1377 925 0 0
1163 T 763 924 769 0 0
1163 T 1752 1446 761 0 0
1163 T 924 1448 195 0 0
1163 T 14 1253 1469 -1 0
1163 T 14 1401 1330 0 0
1163 T 656 697 662 0 0
1163 T 660 695 650 0 0
1163 T 58 2550 2505 0 0
1163 T 2507 443 654 0 0
1163 T 652 437 2550 0 0
1163 T 443 439 447 0 0
1163 T 77 877 1962 0 0
1163 T 1964 906 1189 0 0
1163 T 1148 911 1910 0 0
1163 T 1912 884 77 0 0
1163 T 2167 711 1578 0 0
1163 T 1536 706 2257 0 0
1163 T 788 1227 1945 -1 0
1163 T 784 888 786 0 0
1163 T 888 184 1227 0 0
1163 T 787 889 777 0 0
1163 T 1896 1302 785 0 0
1163 T 1302 185 889 0 0
1163 T 344 417 334 0 0
1163 T 336 2555 494 0 0
1163 T 1410 2553 417 0 0
1163 T 331 416 337 0 0
1163 T 491 2509 329 0 0
1163 T 416 2511 1480 0 0
1163 T 356 824 1653 0 0
1163 T 1655 1372 307 0 0
1163 T 1372 822 1953 0 0
1163 T 307 1437 1590 0 0
1163 T 1592 825 349 0 0
1163 T 1903 827 1437 0 0
1163 T 412 702 1578 0 0
1163 T 1536 702 405 0 0
1163 T 850 846 847 0 0
1163 T 845 245 1617 0 0
1163 T 1619 1684 852 -1 0
1163 T 1684 247 846 0 0
1163 T 568 269 1549 0 0
1163 T 1507 275 562 0 0
1163 T 860 918 866 0 0
1163 T 864 916 854 0 0
1163 T 304 1147 326 0 0
1163 T 2487 988 302 0 0
1163 T 299 981 2529 0 0
1163 T 323 1190 297 0 0
1163 T 496 2557 566 0 0
1163 T 568 1538 502 0 0
1163 T 1538 2559 539 0 0
1163 T 499 1584 561 0 0
1163 T 563 2515 489 0 0
1163 T 534 2513 1584 0 0
1163 T 128 1976 574 0 0
1163 T 576 1921 122 0 0
1163 T 148 1923 1976 0 0
1163 T 616 2360 1169 0 0
1163 T 608 669 614 0 0
1163 T 1171 255 606 0 0
1163 T 611 676 601 0 0
1163 T 603 258 1126 0 0
1163 T 1128 2426 609 0 0
1163 T 396 860 2501 0 0
1163 T 2503 1854 386 0 0
1163 T 432 1856 860 0 0
1163 T 383 1788 2545 0 0
1163 T 2547 853 389 0 0
1163 T 853 1786 429 0 0
1163 T 198 190 194 0 0
1163 T 1771 1840 200 0 0
1163 T 2041 2150 386 0 0
1163 T 2503 79 2043 0 0
1163 T 2150 77 1856 0 0
1163 T 383 2244 2041 0 0
1163 T 2043 79 2545 0 0
1163 T 1786 77 2244 0 0
1163 T 1042 905 2193 0 0
1163 T 2287 912 1107 0 0
1163 T 232 835 1437 0 0
1163 T 884 827 835 0 0
1163 T 1372 830 225 0 0
1163 T 830 822 877 0 0
1163 T 560 1846 1057 0 0
1163 T 1059 2025 1169 0 0
1163 T 1171 132 558 0 0
1163 T 132 2027 1846 0 0
1163 T 555 133 1126 0 0
1163 T 996 1780 553 0 0
1163 T 1128 2024 994 0 0
1163 T 1780 2022 133 0 0
1163 T 336 1283 486 0 0
1163 T 488 531 494 0 0
1163 T 2553 529 1283 0 0
1163 T 491 526 481 0 0
1163 T 483 1357 329 0 0
1163 T 1357 528 2511 0 0
1163 T 160 534 1181 0 0
1163 T 1183 1139 2012 -1 0
1163 T 544 538 534 0 0
1163 T 1139 540 154 0 0
1163 T 180 937 1181 0 0
1163 T 1183 899 2137 0 0
1163 T 1140 944 173 0 0
1163 T 2231 902 1138 0 0
1163 T 532 945 2161 0 0
1163 T 2163 2256 524 0 0
1163 T 526 2254 945 0 0
1163 T 224 1619 2650 0 0
1163 T 2652 847 214 0 0
1163 T 211 847 2586 0 0
1163 T 2588 1681 217 0 0
1163 T 72 973 1966 0 0
1163 T 1968 1915 688 -1 0
1163 T 971 977 973 0 0
1163 T 1915 979 70 0 0
1163 T 2483 372 1941 0 0
1163 T 1892 365 2525 0 0
1163 T 188 442 1305 0 0
1163 T 1307 1231 2012 0 0
1163 T 1231 440 182 0 0
1163 T 788 2250 646 -1 0
1163 T 643 2160 785 0 0
1163 T 180 205 186 0 0
1163 T 184 206 174 0 0
1163 T 113 2626 1986 0 0
1163 T 1935 2691 114 0 0
1163 T 2691 2 2626 1 -1
1163 T 1171 2109 1285 -1 0
1163 T 1287 2327 558 0 0
1163 T 555 2393 1210 0 0
1163 T 1212 2112 1126 0 0
1163 T 768 1936 1545 0 0
1163 T 760 978 766 0 0
1163 T 1547 309 758 0 0
1163 T 978 311 1936 0 0
1163 T 763 975 753 0 0
1163 T 755 309 1502 0 0
1163 T 1504 1986 761 0 0
1163 T 1986 311 975 0 0
1163 T 1411 1105 2066 0 0
1163 T 2063 1044 1477 0 0
1163 T 80 1406 1674 0 0
1163 T 1676 1708 1678 0 0
1163 T 1332 1706 1406 0 0
1163 T 1696 1701 1690 0 0
1163 T 1692 1807 1413 0 0
1163 T 1807 1703 3 0 0
1163 T 1612 1476 80 0 0
1163 T 1616 1642 1610 0 0
1163 T 1476 1644 1253 0 0
1163 T 1483 1873 1626 0 0
1163 T 1628 1639 1630 0 0
1163 T 3 1637 1873 1 0
1163 T 2040 1418 1189 0 0
1163 T 1964 50 2038 0 0
1163 T 2035 50 1910 0 0
1163 T 1148 1488 2033 0 0
1163 T 1439 161 2125 0 0
1163 T 1435 1452 1437 0 0
1163 T 2127 1102 1433 0 0
1163 T 1368 1039 2217 0 0
1163 T 1372 1381 1366 0 0
1163 T 2219 164 1370 0 0
1163 T 456 296 1205 0 0
1163 T 701 2681 454 0 0
1163 T 2681 1926 296 0 0
1163 T 451 2619 701 0 0
1163 T 1164 296 449 0 0
1163 T 296 1980 2619 0 0
1163 T 1720 440 2481 0 0
1163 T 1819 1229 1718 0 0
1163 T 1715 1308 1750 0 0
1163 T 2527 441 1713 0 0
1163 T 420 2620 1578 0 0
1163 T 412 450 418 0 0
1163 T 415 455 405 0 0
1163 T 1536 2682 413 0 0
1163 T 568 1020 2309 0 0
1163 T 2379 1081 561 0 0
1163 T 88 2613 2238 0 0
1163 T 2240 2443 91 0 0
1163 T 2443 2615 93 0 0
1163 T 91 2446 2146 0 0
1163 T 2148 2679 81 0 0
1163 T 100 2677 2446 0 0
1163 T 1720 380 1941 0 0
1163 T 438 372 380 0 0
1163 T 1892 373 1713 0 0
1163 T 373 365 443 0 0
1163 T 1183 1584 2006 0 0
1163 T 2003 1538 1138 0 0
1163 T 12 1781 1030 0 0
1163 T 12 1093 1849 0 0
1163 T 212 668 2581 0 0
1163 T 2648 667 214 0 0
1163 T 2583 58 2646 0 0
1163 T 360 2591 1653 -1 0
1163 T 422 824 2591 0 0
1163 T 1592 2653 357 0 0
1163 T 2653 825 427 0 0
1163 T 572 1915 646 -1 0
1163 T 644 1966 570 0 0
1163 T 648 686 642 0 0
1163 T 77 2154 1097 0 0
1163 T 1252 1103 2154 0 0
1163 T 1036 2248 77 0 0
1163 T 2248 1038 1325 0 0
1163 T 2096 290 1978 0 0
1163 T 2619 284 2094 0 0
1163 T 284 294 290 0 0
1163 T 2091 277 2681 0 0
1163 T 1928 287 2089 0 0
1163 T 287 294 277 0 0
1163 T 860 856 852 -1 0
1163 T 850 1785 1854 0 0
1163 T 2507 146 2550 0 0
1163 T 216 657 1069 0 0
1163 T 1071 696 2489 0 0
1163 T 1008 664 209 0 0
1163 T 2535 697 1006 0 0
1163 T 2556 283 2066 0 0
1163 T 283 420 1107 0 0
1163 T 2063 278 2510 0 0
1163 T 1042 413 278 0 0
1163 T 1187 2424 818 0 0
1163 T 815 2354 1142 0 0
1163 T 160 2513 2006 0 0
1163 T 2003 2559 153 0 0
1163 T 1435 1835 307 0 0
1163 T 1835 1452 1590 0 0
1163 T 307 1765 1366 0 0
1163 T 1655 1381 1765 0 0
1163 T 1472 1079 2392 0 0
1163 T 2390 158 1466 0 0
1163 T 1482 160 1079 0 0
1163 T 1400 155 2324 0 0
1163 T 2322 1014 1402 0 0
1163 T 1416 1016 155 0 0
1163 T 1580 2093 1105 0 0
1163 T 1931 2095 3 0 0
1163 T 1044 2092 1534 0 0
1163 T 3 2090 1981 0 0
1163 T 1079 1277 2386 0 0
1163 T 1075 1115 1077 0 0
1163 T 2388 309 1073 0 0
1163 T 1115 311 1277 0 0
1163 T 1012 309 2318 0 0
1163 T 1016 1050 1010 0 0
1163 T 2320 1355 1014 0 0
1163 T 1050 1353 309 0 0
1163 T 1720 72 1937 0 0
1163 T 1939 62 2477 0 0
1163 T 2479 74 1718 0 0
1163 T 74 64 72 0 0
1163 T 1715 74 2521 0 0
1163 T 1888 69 1713 0 0
1163 T 2523 67 1886 0 0
1163 T 69 65 74 0 0
1163 T 1167 1881 614 0 0
1163 T 1881 63 671 0 0
1163 T 611 1815 1122 0 0
1163 T 674 66 1815 0 0
1163 T 304 1156 222 0 0
1163 T 2491 2082 302 0 0
1163 T 1156 2084 1697 0 0
1163 T 219 1197 297 0 0
1163 T 299 2087 2533 0 0
1163 T 1635 2085 1197 0 0
1163 T 2068 2283 530 0 0
1163 T 1688 19 2066 0 0
1163 T 527 2189 2061 0 0
1163 T 2063 22 1622 0 0
1163 T 320 1975 2573 0 0
1163 T 1067 125 318 0 0
1163 T 2575 575 1065 0 0
1163 T 315 124 1002 0 0
1163 T 1004 574 2637 0 0
1163 T 2639 1921 313 0 0
1163 T 160 2517 818 0 0
1163 T 424 2424 2517 0 0
1163 T 815 2563 153 0 0
1163 T 2563 2354 425 0 0
1163 T 328 2666 486 0 0
1163 T 1281 2668 384 0 0
1163 T 483 2604 321 0 0
1163 T 385 2602 1359 0 0
1163 T 488 954 2569 0 0
1163 T 2571 1691 494 0 0
1163 T 1691 956 529 0 0
1163 T 491 1625 2633 0 0
1163 T 2635 951 481 0 0
1163 T 528 949 1625 0 0
1163 T 400 2411 2054 0 0
1163 T 404 460 398 0 0
1163 T 2056 2342 402 0 0
1163 T 460 2344 2411 0 0
1163 T 1027 2276 1678 0 0
1163 T 1676 168 1025 0 0
1163 T 168 1708 2276 0 0
1163 T 1092 168 1610 0 0
1163 T 1616 2182 1090 0 0
1163 T 2182 1642 168 0 0
1163 T 2299 1242 786 0 0
1163 T 787 1319 2365 0 0
1163 T 164 2398 1597 0 0
1163 T 1599 2059 1557 -1 0
1163 T 517 2057 2398 0 0
1163 T 1516 2058 1661 0 0
1163 T 1663 2332 161 0 0
1163 T 2332 2060 517 0 0
1163 T 170 2538 2493 0 0
1163 T 2041 1246 1525 0 0
1163 T 589 1248 2152 0 0
1163 T 1571 1323 2041 0 0
1163 T 2242 1321 589 0 0
1163 T 148 146 148 0 0
1163 T 477 481 474 0 0
1163 T 476 2604 1173 0 0
1163 T 1175 323 479 0 0
1163 T 479 326 1130 0 0
1163 T 471 488 477 0 0
1163 T 1132 2666 469 0 0
1163 T 1692 985 2161 0 0
1163 T 947 987 953 0 0
1163 T 2255 984 1626 0 0
1163 T 952 982 946 0 0
1163 T 768 2692 626 0 0
1163 T 623 2626 761 0 0
1163 T 2503 866 1321 0 0
1163 T 1248 863 2545 0 0
1163 T 456 463 450 0 0
1163 T 1163 2472 1205 0 0
1163 T 180 411 2133 0 0
1163 T 2135 1573 186 0 0
1163 T 183 1531 2225 0 0
1163 T 2227 406 173 0 0
1163 T 1664 1684 1666 0 0
1163 T 1033 1682 2329 0 0
1163 T 1604 1618 1598 0 0
1163 T 2399 1620 1100 0 0
1163 T 560 90 1173 0 0
1163 T 1063 2147 558 0 0
1163 T 1175 2445 1061 0 0
1163 T 555 2237 998 0 0
1163 T 1000 2444 1130 0 0
1163 T 1132 90 553 0 0
1163 T 232 2780 1769 0 0
1163 T 684 368 2780 0 0
1163 T 1839 2722 225 0 0
1163 T 2722 369 677 0 0
1163 T 304 1487 2573 0 0
1163 T 2575 2036 326 0 0
1163 T 323 2037 2637 0 0
1163 T 2639 1417 297 0 0
1163 T 396 918 1321 0 0
1163 T 1248 915 389 0 0
1163 T 1745 105 1197 0 0
1163 T 1635 2180 1747 0 0
1163 T 1747 2270 1697 0 0
1163 T 1156 112 1745 0 0
1163 T 1852 2417 1089 0 0
1163 T 2417 5 2183 0 0
1163 T 1028 2351 1782 0 0
1163 T 2273 5 2351 0 0
1163 T 320 376 326 0 0
1163 T 376 1975 2034 0 0
1163 T 323 377 313 0 0
1163 T 2039 1921 377 0 0
1163 T 240 2024 1769 0 0
1163 T 258 2780 2024 0 0
1163 T 1839 2025 233 0 0
1163 T 2025 2722 255 0 0
1163 T 476 549 470 0 0
1163 T 472 281 997 0 0
1163 T 1063 279 474 0 0
1163 T 999 2469 1061 0 0
1163 T 180 449 1177 0 0
1163 T 1179 419 2133 0 0
1163 T 1136 456 173 0 0
1163 T 2227 414 1134 0 0
1163 T 868 2747 258 0 0
1163 T 2747 2 2802 0 0
1163 T 2804 864 256 0 0
1163 T 2088 2290 698 0 0
1163 T 1980 1427 2086 0 0
1163 T 2290 1425 166 0 0
1163 T 695 2200 2081 0 0
1163 T 2083 1493 1926 0 0
1163 T 166 1495 2200 0 0
1163 T 388 2203 2446 0 0
1163 T 2448 1348 1521 0 0
1163 T 2443 2293 381 0 0
1163 T 1567 1270 2441 0 0
1163 T 2603 278 2446 0 0
1163 T 2443 283 2665 0 0
1163 T 2648 674 1069 0 0
1163 T 1008 671 2582 0 0
1163 T 2332 2399 521 -1 0
1163 T 752 815 742 0 0
1163 T 740 817 746 0 0
1163 T 1077 2141 1256 0 0
1163 T 2392 14 2141 1 0
1163 T 1329 2235 1016 0 0
1163 T 2235 14 2322 0 0
1163 T 1063 1092 1057 0 0
1163 T 1848 1090 2145 0 0
1163 T 996 1025 998 0 0
1163 T 2239 1027 1778 0 0
1163 T 141 144 140 -1 0
1163 T 828 2596 143 0 0
1163 T 2596 56 2657 0 0
1163 T 2659 824 144 0 0
1163 T 1872 4 2169 1 0
1163 T 1868 1875 1870 0 0
1163 T 2171 1637 1866 0 0
1163 T 1800 1703 2261 0 0
1163 T 1804 1805 1798 0 0
1163 T 2263 4 1802 0 0
1163 T 568 1869 1429 0 0
1163 T 1431 2466 1549 0 0
1163 T 271 2468 1869 0 0
1163 T 1364 1803 561 0 0
1163 T 1508 2463 1362 0 0
1163 T 1803 2461 274 0 0
1163 T 2157 2250 688 -1 0
1163 T 2272 2074 1197 0 0
1163 T 107 2076 1697 0 0
1163 T 1156 2079 2178 0 0
1163 T 1635 2077 110 0 0
1163 T 2652 2587 172 0 0
1163 T 744 2590 1165 0 0
1163 T 1167 423 734 0 0
1163 T 731 426 1122 0 0
1163 T 1124 2656 737 0 0
1163 T 68 2361 1966 0 0
1163 T 975 2363 73 0 0
1163 T 1916 2431 61 0 0
1163 T 73 2429 978 0 0
1163 T 1071 2199 302 0 0
1163 T 299 2289 1006 0 0
1163 T 537 1857 2745 0 0
1163 T 2803 1791 536 0 0
1163 T 404 428 394 0 0
1163 T 396 2562 2454 0 0
1163 T 2456 2353 402 0 0
1163 T 399 2423 2449 0 0
1163 T 391 421 397 0 0
1163 T 2451 2520 389 0 0
1163 T 1779 2781 126 0 0
1163 T 150 2783 2023 0 0
1163 T 123 2727 1845 0 0
1163 T 2026 2725 150 0 0
1163 T 1291 1672 558 0 0
1163 T 1287 1355 1289 0 0
1163 T 1672 1353 2325 0 0
1163 T 555 1606 1214 0 0
1163 T 1216 1277 1210 0 0
1163 T 2395 1279 1606 0 0
1163 T 1939 546 2565 0 0
1163 T 2567 2632 0 1 0
1163 T 2632 545 1885 0 0
1163 T 545 548 544 -1 0
1163 T 617 2753 758 0 0
1163 T 1212 309 2753 0 0
1163 T 755 2699 617 0 0
1163 T 2699 309 1285 0 0
1163 T 488 959 1289 0 0
1163 T 1291 961 2569 0 0
1163 T 1216 959 481 0 0
1163 T 2635 968 1214 0 0
1163 T 1827 1835 1829 0 0
1163 T 2123 1433 1825 0 0
1163 T 1760 1368 2213 0 0
1163 T 1764 1765 1758 0 0
1163 T 608 2724 1057 0 0
1163 T 1059 369 598 0 0
1163 T 595 368 994 0 0
1163 T 996 2778 601 0 0
1163 T 2135 163 2766 0 0
1163 T 2768 841 186 0 0
1163 T 183 840 2710 0 0
1163 T 2712 162 2225 1 0
1163 T 404 151 1393 0 0
1163 T 1464 152 398 0 0
1163 T 1395 2105 1462 0 0
1163 T 100 1263 394 0 0
1163 T 1523 1742 98 0 0
1163 T 1742 1864 1263 0 0
1163 T 95 1742 1565 0 0
1163 T 391 1337 93 0 0
1163 T 1337 1794 1742 0 0
1163 T 1291 2439 1173 0 0
1163 T 92 2437 1670 0 0
1163 T 1132 2434 1214 0 0
1163 T 1608 2436 92 0 0
1163 T 2000 1988 1073 0 0
1163 T 2388 973 1998 0 0
1163 T 1999 980 2318 1 0
1163 T 1012 1934 1997 0 0
1163 T 4 2421 2621 -1 0
1163 T 2623 149 2094 0 0
1163 T 2091 149 2685 0 0
1163 T 2687 2355 4 0 0
1163 T 1996 984 2477 0 0
1163 T 1939 1789 1994 0 0
1163 T 1991 1859 1886 0 0
1163 T 2523 985 1989 0 0
1163 T 2679 1348 1744 0 0
1163 T 1744 1270 2613 0 0
1163 T 1175 377 2701 0 0
1163 T 2703 315 479 0 0
1163 T 479 318 2757 0 0
1163 T 2759 376 1130 0 0
1163 T 752 476 2805 0 0
1163 T 2807 318 1541 0 0
1163 T 1056 320 476 0 0
1163 T 1500 315 2825 0 0
1163 T 2827 469 745 0 0
1163 T 469 313 1117 0 0
1163 T 2499 2685 402 0 0
1163 T 399 2623 2541 0 0
1163 T 2807 2828 0 0 0
1163 T 314 318 459 0 0
1163 T 1050 1291 2699 0 0
1163 T 2753 1214 1115 0 0
1163 T 2703 1119 486 0 0
1163 T 483 1054 2757 0 0
1163 T 1724 1643 1077 0 0
1163 T 2143 1473 1722 0 0
1163 T 1723 1407 2233 1 0
1163 T 1016 1705 1721 0 0
1163 T 1733 1630 1101 0 0
1163 T 2154 1465 1735 0 0
1163 T 1735 1399 2248 0 0
1163 T 1040 1696 1733 0 0
1163 T 2499 2089 1393 0 0
1163 T 1463 2096 2541 0 0
1163 T 304 2079 2830 0 0
1163 T 2832 2180 222 0 0
1163 T 219 2270 2810 0 0
1163 T 2812 2074 297 0 0
1163 T 54 2741 2798 0 0
1163 T 2800 110 1797 0 0
1163 T 1868 108 2741 0 0
1163 T 2207 1710 1718 0 0
1163 T 2479 952 2205 0 0
1163 T 1715 1648 2114 0 0
1163 T 2116 953 2521 0 0
1163 T 1388 881 2594 0 0
1163 T 2660 880 1453 0 0
1163 T 1599 2837 194 0 0
1163 T 192 2820 1662 0 0
1163 T 2837 53 2820 0 0
1163 T 2768 833 1301 0 0
1163 T 1228 832 2710 0 0
1163 T 2022 2026 2108 0 0
1163 T 1819 2014 1937 0 0
1163 T 70 2016 1231 -1 0
1163 T 1888 2019 1750 0 0
1163 T 1306 2017 71 0 0
1163 T 1599 581 1445 0 0
1163 T 923 583 2839 0 0
1163 T 1380 588 1661 0 0
1163 T 2817 586 926 0 0
1163 T 104 2099 1393 -1 0
1163 T 2081 2089 2099 0 0
1163 T 1463 2102 101 0 0
1163 T 2102 2096 2088 0 0
1163 T 292 1427 2102 0 0
1163 T 2099 1493 285 0 0
1163 T 2268 2337 1801 0 0
1163 T 2264 2272 2266 0 0
1163 T 1871 2407 2174 0 0
1163 T 2176 2178 2170 0 0
1163 T 617 1362 750 0 0
1163 T 2755 963 1362 0 0
1163 T 747 1431 617 0 0
1163 T 1431 966 2697 0 0
1163 T 2280 1425 1706 0 0
1163 T 2276 2292 2278 0 0
1163 T 1644 1495 2186 0 0
1163 T 2188 2198 2182 0 0
1163 T 640 2055 2305 0 0
1163 T 2307 2376 632 1 0
1163 T 634 2374 2055 0 0
1163 T 1709 1291 2703 0 0
1163 T 2757 1214 1647 0 0
1163 T 1459 2775 579 0 0
1163 T 1455 1474 1457 0 0
1163 T 2775 1476 1242 0 0
1163 T 579 2717 1390 0 0
1163 T 1392 1408 1386 0 0
1163 T 1319 1406 2717 0 0
1163 T 1431 2821 626 0 0
1163 T 2821 2466 8 0 0
1163 T 623 2843 1362 0 0
1163 T 8 2463 2843 0 0
1163 T 1827 2413 570 0 0
1163 T 2413 1835 1596 0 0
1163 T 571 2347 1758 0 0
1163 T 1657 1765 2347 0 0
1163 T 744 1238 614 0 0
1163 T 1238 2590 1883 0 0
1163 T 611 1315 737 0 0
1163 T 1813 2656 1315 0 0
1163 T 1379 2672 1666 0 0
1163 T 585 1684 2672 0 0
1163 T 1604 2606 1446 0 0
1163 T 2606 1618 584 0 0
1163 T 596 691 598 0 0
1163 T 1059 2031 993 0 0
1163 T 2008 1797 1073 0 0
1163 T 1011 1868 2002 0 0
1163 T 684 2071 2786 0 0
1163 T 2788 2342 66 0 0
1163 T 2342 2069 1492 0 0
1163 T 63 2412 2730 0 0
1163 T 2732 2071 677 0 0
1163 T 1422 2069 2412 0 0
1163 T 616 2843 750 0 0
1163 T 747 2821 609 0 0
1163 T 379 1711 2437 0 0
1163 T 2436 1645 374 0 0
1163 T 1849 2772 1451 0 0
1163 T 1601 2770 12 0 0
1163 T 1382 2714 1783 0 0
1163 T 12 2716 1667 0 0
1163 T 2040 2036 2032 0 0
1163 T 1775 2468 818 0 0
1163 T 2519 2466 1334 0 0
1163 T 815 2461 1841 0 0
1163 T 1260 2463 2561 0 0
1163 T 1315 2823 818 0 0
1163 T 815 2841 1238 0 0
1163 T 1348 2467 2406 0 0
1163 T 2464 1272 2340 0 0
1163 T 1267 2077 1797 0 0
1163 T 2800 1633 1265 0 0
1163 T 1343 1699 2742 0 0
1163 T 1867 2076 1341 0 0
1163 T 1943 2438 2205 0 0
1163 T 2207 1671 2297 0 0
1163 T 2116 2435 1890 0 0
1163 T 2367 1605 2114 0 0
1163 T 2097 2105 2103 0 0
1163 T 1543 2429 766 0 0
1163 T 763 2363 1498 0 0
1163 T 2056 2069 2050 0 0
1163 T 2052 1490 402 0 0
1163 T 399 1424 2045 0 0
1163 T 2047 2069 2053 0 0
1163 T 221 1178 582 0 0
1163 T 584 420 2836 0 0
1163 T 2834 2136 223 0 0
1163 T 218 2226 2816 0 0
1163 T 587 1135 220 0 0
1163 T 2814 413 585 0 0
1163 T 1819 1233 2565 0 0
1163 T 2016 546 1233 0 0
1163 T 2631 1312 1750 0 0
1163 T 1312 546 2017 0 0
1163 T 1075 2792 158 0 0
1163 T 2792 1115 1482 0 0
1163 T 155 2734 1010 0 0
1163 T 1416 1050 2734 0 0
1163 T 648 2729 1825 0 0
1163 T 1827 2072 638 0 0
1163 T 635 2072 1758 0 0
1163 T 1760 2787 641 0 0
1163 T 1826 2118 2410 0 0
1163 T 647 61 2118 0 0
1163 T 2344 2212 1759 0 0
1163 T 2212 68 642 0 0
1163 T 1263 1270 1257 0 0
1163 T 1259 2615 1862 0 0
1163 T 1335 1348 1337 0 0
1163 T 1796 2677 1333 0 0
1163 T 1291 2457 1429 0 0
1163 T 1431 1113 2569 0 0
1163 T 963 1115 2457 0 0
1163 T 1364 2457 1214 0 0
1163 T 2635 1052 1362 0 0
1163 T 2457 1050 966 0 0
1163 T 1261 2562 2338 0 0
1163 T 2408 2520 1339 0 0
1163 T 2244 2255 2246 0 0
1163 T 1036 2253 1786 0 0
1163 T 2276 1007 2644 0 0
1163 T 2642 298 2278 0 0
1163 T 2156 2161 2150 0 0
1163 T 1856 2163 1097 0 0
1163 T 2188 303 2580 0 0
1163 T 2578 1070 2182 0 0
1163 T 2768 1439 2131 0 0
1163 T 2221 1370 2710 0 0
1163 T 2220 2228 2222 0 0
1163 T 2132 2134 2126 0 0
1163 T 2727 459 2782 0 0
1163 T 2388 969 2317 0 0
1163 T 1071 2419 2762 0 0
1163 T 2764 5 2577 0 0
1163 T 2643 5 2706 0 0
1163 T 2708 2349 1006 0 0
1163 T 1996 948 2205 0 0
1163 T 2116 945 1989 0 0
1163 T 404 2905 1321 0 0
1163 T 426 918 2905 0 0
1163 T 1248 2939 397 0 0
1163 T 2939 915 423 0 0
1163 T 1564 2854 1517 0 0
1163 T 588 2892 1224 0 0
1163 T 1222 1218 1265 0 0
1163 T 1267 1110 586 0 0
1163 T 1110 1220 2892 0 0
1163 T 583 1047 1341 0 0
1163 T 1343 1295 1299 0 0
1163 T 1297 2922 581 0 0
1163 T 2922 1293 1047 0 0
1163 T 1587 1467 2374 0 0
1163 T 2376 2391 2378 0 0
1163 T 2308 1397 1650 0 0
1163 T 2312 2321 2306 0 0
1163 T 1109 1490 2907 0 0
1163 T 1321 2050 1111 0 0
1163 T 1046 2047 1248 0 0
1163 T 2937 1424 1048 0 0
1163 T 344 2868 2313 0 0
1163 T 2315 2794 334 0 0
1163 T 419 2796 2868 0 0
1163 T 331 2740 2381 0 0
1163 T 2383 2868 337 0 0
1163 T 2868 2738 414 0 0
1163 T 1167 2937 726 0 0
1163 T 723 2907 1122 0 0
1163 T 2127 2833 1297 0 0
1163 T 2924 419 2125 0 0
1163 T 1224 2815 2217 0 0
1163 T 2219 414 2890 0 0
1163 T 1827 2051 2305 0 0
1163 T 2375 2046 1758 0 0
1163 T 2854 1389 1457 0 0
1163 T 2832 2172 1297 0 0
1163 T 1224 2262 2810 0 0
1163 T 572 2432 2117 -1 0
1163 T 2211 2362 569 0 0
1163 T 2650 1177 2605 0 0
1163 T 2671 1136 2588 0 0
1163 T 600 1046 726 0 0
1163 T 723 1111 593 0 0
1163 T 1651 2873 1825 0 0
1163 T 342 1433 2873 0 0
1163 T 1760 2872 1586 0 0
1163 T 2872 1368 339 0 0
1163 T 1696 1296 2919 0 0
1163 T 2917 301 1690 0 0
1163 T 1703 303 1296 0 0
1163 T 1628 300 2887 0 0
1163 T 2885 1217 1630 0 0
1163 T 1637 1219 300 0 0
1163 T 1732 1092 2770 0 0
1163 T 1451 2418 1730 0 0
1163 T 1727 2352 1382 0 0
1163 T 2716 1025 1725 0 0
1163 T 2416 2431 2410 0 0
1163 T 2344 2361 2346 0 0
1163 T 46 2113 2205 -1 0
1163 T 1996 1992 46 0 0
1163 T 2412 1543 2695 0 0
1163 T 2750 1497 2341 0 0
1163 T 2693 0 2752 0 0
1163 T 2652 2946 178 0 0
1163 T 2946 2587 176 0 0
1163 T 1295 2863 2125 0 0
1163 T 1047 419 2863 0 0
1163 T 2219 2858 1218 0 0
1163 T 2858 414 1110 0 0
1163 T 1455 78 2597 0 0
1163 T 2599 1610 1457 0 0
1163 T 1392 1676 2661 0 0
1163 T 2663 78 1386 0 0
1163 T 1425 1494 2475 1 0
1163 T 200 198 200 -1 0
1163 T 2473 2475 2473 -1 0
1163 T 451 2607 2948 0 0
1163 T 2945 2669 454 0 0
1163 T 1689 2965 1115 0 0
1163 T 2965 496 1431 0 0
1163 T 1050 2964 1627 0 0
1163 T 1362 489 2964 0 0
1163 T 2672 464 2605 0 0
1163 T 1455 2950 1385 0 0
1163 T 2664 2029 2597 0 0
1163 T 2773 137 2720 0 0
1163 T 1435 2860 2313 0 0
1163 T 2315 414 2986 0 0
1163 T 2988 1112 1433 0 0
1163 T 1368 1045 2970 0 0
1163 T 2383 2861 1366 0 0
1163 T 2972 419 2381 0 0
1163 T 2020 2016 2012 -1 0
1163 T 2790 2513 1799 0 0
1163 T 1865 2559 2736 0 0
1163 T 1267 2880 2262 0 0
1163 T 2079 1704 2880 0 0
1163 T 2172 2880 1341 0 0
1163 T 2880 1638 2074 0 0
1163 T 344 2738 2986 0 0
1163 T 2972 2796 337 0 0
1163 T 2875 2051 1400 0 0
1163 T 1466 2046 2870 0 0
1163 T 764 2347 2750 0 0
1163 T 2416 768 2695 0 0
1163 T 1724 2912 2386 0 0
1163 T 1641 1277 2912 0 0
1163 T 2320 2942 1721 0 0
1163 T 2942 1355 1707 0 0
1163 T 1733 2316 2919 0 0
1163 T 1040 1296 2316 0 0
1163 T 2885 2382 1733 0 0
1163 T 2382 1217 1101 0 0
1163 T 1607 2959 1317 0 0
1163 T 2959 2116 787 0 0
1163 T 1244 2954 1669 0 0
1163 T 786 2205 2954 0 0
1163 T 1321 1397 2739 0 0
1163 T 2737 2874 1111 0 0
1163 T 1046 2871 2795 0 0
1163 T 2793 1467 1248 0 0
1163 T 2640 2673 2642 0 0
1163 T 2278 2675 1420 0 0
1163 T 2580 2611 2574 0 0
1163 T 1486 2609 2188 0 0
1163 T 1295 2878 2830 0 0
1163 T 2812 2878 1218 0 0
1163 T 2376 2997 562 0 0
1163 T 2997 2391 1084 0 0
1163 T 567 2983 2306 0 0
1163 T 1017 2321 2983 0 0
1163 T 2898 2143 1083 0 0
1163 T 2998 14 2900 1 0
1163 T 1018 2233 2932 0 0
1163 T 2930 14 2984 0 0
1163 T 1067 2894 2577 0 0
1163 T 2764 2995 1065 0 0
1163 T 2995 5 2894 0 0
1163 T 1004 2977 2706 0 0
1163 T 2643 2928 1002 0 0
1163 T 2928 5 2977 0 0
1163 T 2983 266 2998 0 0
1163 T 2900 268 2929 0 0
1163 T 2846 2145 1334 0 0
1163 T 1795 84 2848 0 0
1163 T 2849 85 1861 0 0
1163 T 1260 2239 2851 0 0
1163 T 575 2673 2925 0 0
1163 T 2895 2611 574 0 0
1163 T 2917 2486 2161 0 0
1163 T 2255 2532 2887 0 0
1163 T 2559 1869 2965 0 0
1163 T 2964 1803 2513 0 0
1163 T 2115 48 2205 0 0
1163 T 1323 3035 2246 0 0
1163 T 589 2255 3035 0 0
1163 T 2156 3021 1246 0 0
1163 T 3021 2161 589 0 0
1163 T 2910 969 2943 0 0
1163 T 1434 3008 1219 0 0
1163 T 2382 3006 2128 0 0
1163 T 1294 3008 1367 0 0
1163 T 2218 3006 2316 0 0
1163 T 2917 333 3021 0 0
1163 T 3035 332 2887 0 0
1163 T 999 165 2914 0 0
1163 T 2916 716 2881 0 0
1163 T 2883 166 1061 0 0
1163 T 2883 1612 1057 0 0
1163 T 996 1674 2913 0 0
1163 T 2964 1806 2790 0 0
1163 T 2966 2733 1873 0 0
1163 T 1876 3013 1113 0 0
1163 T 3013 1627 2792 0 0
1163 T 1052 3013 1806 0 0
1163 T 2734 1689 3013 0 0
1163 T 2610 261 2936 0 0
1163 T 2934 1959 2896 0 0
1163 T 2926 1905 2904 0 0
1163 T 2902 261 2676 0 0
1163 T 33 686 35 0 0
1163 T 320 2784 3042 0 0
1163 T 3044 2725 314 0 0
1163 T 1067 1778 3042 0 0
1163 T 3043 1848 1002 0 0
1163 T 1007 3054 1069 0 0
1163 T 2143 1243 3017 0 0
1163 T 3019 2774 1722 0 0
1163 T 1723 2720 3029 1 0
1163 T 3031 1318 2233 0 0
1163 T 3023 2795 1735 0 0
1163 T 1735 2737 3033 0 0
1163 T 1279 3009 2185 0 0
1163 T 2912 1496 3009 0 0
1163 T 2279 3012 1353 0 0
1163 T 3012 1426 2942 0 0
1163 T 1815 3056 1882 0 0
1163 T 1589 3070 1730 0 0
1163 T 3070 1834 2420 0 0
1163 T 1727 3060 1656 0 0
1163 T 2350 1768 3060 0 0
1163 T 3019 138 3030 0 0
1163 T 5 3040 3067 0 0
1163 T 3065 88 2996 0 0
1163 T 2893 86 3040 0 0
1163 T 2978 81 3079 0 0
1163 T 3077 3026 5 0 0
1163 T 3026 83 2927 0 0
1163 T 2934 1739 3039 0 0
1163 T 3025 1739 2904 0 0
1163 T 3078 268 3067 0 0
1163 T 3038 266 3027 0 0
1163 T 2670 12 3064 0 0
1163 T 3062 2715 1379 0 0
1163 T 1446 2769 3076 0 0
1163 T 3074 12 2608 0 0
1163 T 2911 2474 2942 0 0
1163 T 1081 3086 2674 0 0
1163 T 792 2279 3086 0 0
1163 T 2612 3083 1020 0 0
1163 T 3083 2185 789 0 0
1163 T 2934 44 2903 0 0
1163 T 2903 48 2934 0 0
1163 T 1353 3089 1280 0 0
1163 T 2186 3091 2279 0 0
1163 T 2761 3001 1836 0 0
1163 T 3001 1070 3070 0 0
1163 T 1766 3004 2707 1 0
1163 T 3060 1007 3004 0 0
1163 T 3064 464 3073 0 0
1163 T 2960 48 2954 0 0
1163 T 2898 2953 2674 0 0
1163 T 3088 2955 2141 0 0
1163 T 2612 2960 2932 0 0
1163 T 2235 2958 3081 0 0
1163 T 1315 3048 1591 0 0
1163 T 1813 360 3048 0 0
1163 T 1654 3049 1238 0 0
1163 T 3049 357 1883 0 0
1163 T 1607 3084 3032 0 0
1163 T 3018 3085 1669 0 0
1163 T 2185 1608 3096 0 0
1163 T 3097 1669 2280 0 0
1163 T 3094 139 3099 0 0
1163 T 3095 792 3032 1 0
1163 T 3018 789 3097 0 0
1163 T 1732 2147 3106 0 0
1163 T 3108 1846 2770 0 0
1163 T 2716 1780 3102 0 0
1163 T 3104 2237 1725 0 0
1163 T 2695 3112 1817 0 0
1163 T 1377 3110 2416 0 0
1163 T 1752 3113 2749 0 0
1163 T 2346 3115 1448 0 0
1163 T 2846 3108 2975 0 0
1163 T 2989 3102 2851 0 0
1163 T 3060 3054 3069 0 0
1163 T 39 3048 3072 0 0
1163 T 3058 3049 42 0 0
1163 T 3004 1594 3134 0 0
1163 T 3136 2415 2762 0 0
1163 T 2708 2345 3122 0 0
1163 T 3124 1659 3001 0 0
1163 T 3076 3143 1847 0 0
1163 T 3143 1448 3107 0 0
1163 T 1777 3146 3062 0 0
1163 T 3101 1377 3146 0 0
1163 T 1749 3117 2973 0 0
1163 T 28 3119 2632 -1 0
1163 T 2991 3131 1820 0 0
1163 T 2566 3129 28 0 0
1163 T 3117 0 3132 0 0
1163 T 3123 461 3134 0 0
1163 T 2996 2414 3146 0 0
1163 T 3101 3110 2994 0 0
1163 T 3143 2348 2978 0 0
1163 T 2980 3115 3107 0 0
1163 T 3152 3080 1793 0 0
1163 T 1864 3065 3150 0 0
1163 T 2996 3152 2850 0 0
1163 T 2847 3149 2978 -1 0
1163 T 3136 3147 1065 0 0
1163 T 1004 3142 3122 0 0
1163 T 3062 3043 3135 0 0
1163 T 3121 3042 3076 0 0
1163 T 2975 3150 3114 1 0
1163 T 3111 3151 2989 0 0
1163 T 3132 3150 2693 0 0
1163 T 2752 3152 3117 0 0
1163 T 40 1816 3128 0 0
1163 T 3126 359 3071 0 0
1163 T 3057 358 3140 0 0
1163 T 3138 1882 41 0 0
1163 T 3140 3053 3125 0 0
1163 U 3 1 2 0 0
1163 U 1352 1 1 0 0
1163 U 16 2 1 0 0
1163 U 24 2 1 0 0
1163 U 6 1 2 0 0
1163 U 3 3 4 1 0
1163 U 18 4 3 0 0
1163 U 1274 4 4 0 0
1163 U 5 4 3 0 0
1163 U 26 3 4 0 0
1163 U 2973 5 7 0 0
1163 U 1732 10 5 0 0
1163 U 1334 7 10 0 0
1163 U 1315 9 5 0 0
1163 U 40 10 9 0 0
1163 U 1775 10 5 0 0
1163 U 8 9 10 0 0
1163 U 160 7 5 0 0
1163 U 1311 8 5 0 0
1163 U 29 7 8 0 0
1163 U 27 8 7 1 0
1163 U 1726 11 16 0 0
1163 U 2992 13 11 0 0
1163 U 1259 16 13 0 0
1163 U 1235 14 11 0 0
1163 U 28 13 14 0 0
1163 U 156 13 11 0 0
1163 U 31 14 13 0 0
1163 U 1844 16 11 0 0
1163 U 1239 15 11 0 0
1163 U 7 16 15 0 0
1163 U 42 15 16 0 0
1163 U 1221 17 22 0 0
1163 U 220 22 17 0 0
1163 U 2265 22 22 0 0
1163 U 2222 17 17 0 0
1163 U 1227 19 17 0 0
1163 U 226 17 19 0 0
1163 U 2250 19 19 0 0
1163 U 34 20 19 0 0
1163 U 38 19 20 -1 0
1163 U 1271 25 21 0 0
1163 U 274 21 25 0 0
1163 U 2294 25 25 0 0
1163 U 282 23 25 0 0
1163 U 2282 23 23 0 0
1163 U 1283 25 23 0 0
1163 U 20 24 23 0 0
1163 U 10 23 24 0 0
1163 U 1301 27 29 0 0
1163 U 2129 27 27 0 0
1163 U 232 29 27 0 0
1163 U 224 32 27 0 0
1163 U 1297 27 32 0 0
1163 U 2176 32 32 0 0
1163 U 2159 29 29 0 0
1163 U 37 30 29 0 0
1163 U 36 29 30 0 0
1163 U 1346 31 35 0 0
1163 U 272 35 31 0 0
1163 U 2203 35 35 0 0
1163 U 1358 33 35 0 0
1163 U 2191 33 33 0 0
1163 U 280 35 33 0 0
1163 U 9 34 33 0 0
1163 U 22 33 34 0 0
1163 Q 58 2060 56 2058 -1 0 0 0 0 0
1163 Q 0 724 1 726 1 -1 0 0 0 0
1163 Q 2 989 2 989 0 -1 0 1 -1 1
1163 Q 0 732 53 734 0 0 0 0 0 0
1163 Q 55 919 1 913 1 -1 0 0 0 0
1163 Q 44 924 2 926 0 -1 0 0 0 0
1163 Q 118 661 57 659 0 0 0 0 0 0
1163 Q 0 740 137 742 0 0 0 0 0 0
1163 Q 170 2000 1 1998 0 -1 0 0 0 0
1163 Q 198 1515 57 1557 0 0 0 0 0 0
1163 Q 170 1011 120 1073 0 0 0 0 0 0
1163 Q 1688 146 1621 60 0 0 0 0 0 0
1163 Q 145 22 148 20 0 0 0 0 0 0
1163 Q 0 1992 1 1994 1 -1 0 0 0 0
1163 Q 244 2473 242 200 0 0 0 0 -1 0
1163 Q 30 543 32 542 0 0 0 0 0 0
