0
0 d=887
0
887 A 4 0 -1 2 1 -2
887 A 6 0 -1 2 1 -2
887 A 7 0 2 3 -2 -3
887 A 8 0 3 2 -3 -2
887 A 8 0 -3 2 3 -2
887 A 8 0 1 2 -1 -2
887 A 8 0 -1 2 1 -2
887 A 9 0 4 1 -4 -1
887 A 11 0 5 1 -5 -1
887 A 12 0 5 2 -5 -2
887 A 12 0 -1 2 1 -2
887 A 13 0 -2 4 2 -4
887 A 14 0 5 4 -5 -4
887 A -1 1 73 0 -73 0
887 A 0 1 73 0 -73 0
887 A -2 1 95 1 -95 -1
887 A -2 1 15 0 -15 0
887 A -2 1 109 1 -109 -1
887 A 1 1 15 0 -15 0
887 A 1 1 -96 1 96 -1
887 A 1 1 -110 1 110 -1
887 A -3 1 37 0 -37 0
887 A -3 1 74 1 -74 -1
887 A -3 1 110 1 -110 -1
887 A 2 1 -111 1 111 -1
887 A 2 1 37 0 -37 0
887 A 2 1 -75 1 75 -1
887 A -4 1 49 1 -49 -1
887 A 3 1 -50 1 50 -1
887 A -6 1 49 1 -49 -1
887 A -6 1 59 2 -59 -2
887 A 5 1 -50 1 50 -1
887 A 5 1 -61 2 61 -2
887 A 16 0 -5 2 5 -2
887 A 16 0 -3 6 3 -6
887 A 16 0 3 2 -3 -2
887 A 16 0 5 6 -5 -6
887 A -7 1 88 3 -88 -3
887 A -7 1 53 2 -53 -2
887 A -7 1 51 2 -51 -2
887 A -7 1 16 1 -16 -1
887 A -7 1 36 1 -36 -1
887 A 6 1 -37 1 37 -1
887 A 6 1 -55 2 55 -2
887 A 6 1 -91 3 91 -3
887 A 6 1 -17 1 17 -1
887 A 6 1 -53 2 53 -2
887 A -10 1 15 1 -15 -1
887 A -10 1 33 2 -33 -2
887 A -10 1 91 4 -91 -4
887 A 9 1 -16 1 16 -1
887 A 9 1 -95 4 95 -4
887 A 9 1 -35 2 35 -2
887 A 18 0 5 8 -5 -8
887 A -15 1 86 5 -86 -5
887 A -15 1 25 2 -25 -2
887 A 14 1 -91 5 91 -5
887 A 14 1 -27 2 27 -2
887 A 21 0 -5 10 5 -10
887 A 22 0 -5 10 5 -10
887 A -18 1 97 8 -97 -8
887 A 17 1 -105 8 105 -8
887 A -19 1 38 3 -38 -3
887 A 18 1 -41 3 41 -3
887 A 24 0 11 2 -11 -2
887 A 24 0 -11 4 11 -4
887 A 24 0 -11 10 11 -10
887 A 24 0 7 10 -7 -10
887 A 24 0 7 4 -7 -4
887 A 24 0 -7 2 7 -2
887 A 24 0 5 2 -5 -2
887 A 24 0 -5 4 5 -4
887 A 24 0 1 10 -1 -10
887 A 24 0 1 4 -1 -4
887 A 24 0 -1 2 1 -2
887 A 24 0 -5 10 5 -10
887 A 26 0 11 4 -11 -4
887 A -23 1 40 5 -40 -5
887 A 22 1 -45 5 45 -5
887 A 28 0 9 10 -9 -10
887 A 28 0 -5 10 5 -10
887 A -4 2 97 0 -97 0
887 A 2 2 97 0 -97 0
887 A -27 1 35 6 -35 -6
887 A 26 1 -41 6 41 -6
887 A -12 2 157 4 -157 -4
887 A 10 2 -161 4 161 -4
887 A 13 0 -3 6 -3 6
887 A 23 0 -4 8 -4 8
887 A 5 0 -3 2 1 2
887 A 5 0 2 1 -1 2
887 A 5 0 -2 1 -1 -1
887 A 5 0 -2 2 0 -1
887 A 5 0 -1 1 0 -2
887 A 7 0 3 1 1 -2
887 A 7 0 -3 1 -3 2
887 A 7 0 -3 3 0 1
887 A 7 0 2 1 1 2
887 A 7 0 -2 2 0 -2
887 A 7 0 -2 3 -1 3
887 A 7 0 -1 1 0 3
887 A 9 0 -5 4 -4 2
887 A 9 0 2 2 1 4
887 A 9 0 -2 1 -1 -1
887 A 9 0 -1 2 -2 4
887 A 11 0 -6 5 1 5
887 A 11 0 -6 3 1 1
887 A 11 0 -6 2 -4 -2
887 A 11 0 -5 2 3 2
887 A 11 0 -5 3 4 -5
887 A 11 0 -5 4 3 1
887 A 11 0 -5 5 0 -1
887 A 11 0 -7 5 -1 3
887 A 11 0 -7 4 4 -2
887 A 11 0 4 3 2 -4
887 A 11 0 -4 1 1 4
887 A 11 0 -4 4 0 -4
887 A 11 0 3 5 -1 2
887 A 11 0 3 4 -2 -2
887 A 11 0 3 3 -2 1
887 A 11 0 -3 1 3 -4
887 A 11 0 -3 3 0 2
887 A 11 0 2 5 -2 3
887 A 11 0 2 3 1 -5
887 A 11 0 2 1 1 -4
887 A 11 0 -2 2 0 3
887 A 11 0 -1 1 0 -5
887 A 13 0 -7 6 -3 -5
887 A 13 0 -7 4 5 -2
887 A 13 0 -7 3 -2 5
887 A 13 0 6 1 -5 -3
887 A 13 0 -6 1 1 -5
887 A 13 0 -6 2 2 1
887 A 13 0 -6 3 3 3
887 A 13 0 -6 4 1 2
887 A 13 0 -6 5 -5 1
887 A 13 0 -6 6 0 -2
887 A 13 0 -8 5 -1 -6
887 A 13 0 -8 4 -1 -1
887 A 13 0 5 1 4 -5
887 A 13 0 -5 3 9 -6
887 A 13 0 -5 4 5 -6
887 A 13 0 -5 5 0 -5
887 A 13 0 4 5 -1 2
887 A 13 0 4 4 2 -1
887 A 13 0 4 3 -3 5
887 A 13 0 4 2 -3 1
887 A 13 0 4 1 1 5
887 A 13 0 -4 2 -2 -2
887 A 13 0 -4 4 0 -3
887 A 13 0 -4 6 -1 3
887 A 13 0 3 6 -2 -3
887 A 13 0 3 4 -3 -2
887 A 13 0 -3 2 2 4
887 A 13 0 -3 3 0 -4
887 A 13 0 -2 2 0 -6
887 A 13 0 -2 3 -2 6
887 A 13 0 1 4 1 -6
887 A 13 0 -1 1 0 1
887 A -1 1 109 0 -55 0
887 A -1 1 107 0 -83 0
887 A -1 1 103 0 -97 0
887 A -1 1 85 0 47 0
887 A -1 1 79 0 59 0
887 A -1 1 77 0 49 0
887 A -1 1 71 0 25 0
887 A -1 1 67 0 53 0
887 A -1 1 65 0 -41 0
887 A -1 1 35 0 19 0
887 A -1 1 29 0 -23 0
887 A 0 1 109 0 -55 0
887 A 0 1 107 0 -83 0
887 A 0 1 103 0 -97 0
887 A 0 1 85 0 47 0
887 A 0 1 79 0 59 0
887 A 0 1 77 0 49 0
887 A 0 1 71 0 25 0
887 A 0 1 67 0 53 0
887 A 0 1 65 0 -41 0
887 A 0 1 35 0 19 0
887 A 0 1 29 0 -23 0
887 A -2 1 107 1 -37 0
887 A -2 1 105 1 -67 0
887 A -2 1 93 1 33 0
887 A -2 1 91 1 -53 0
887 A -2 1 83 1 -29 0
887 A -2 1 81 1 -27 0
887 A -2 1 79 1 47 0
887 A -2 1 77 1 17 0
887 A -2 1 65 0 31 0
887 A -2 1 59 0 -19 0
887 A -2 1 57 0 55 0
887 A -2 1 39 0 -23 0
887 A 1 1 67 0 -106 1
887 A 1 1 65 0 31 0
887 A 1 1 59 0 -19 0
887 A 1 1 57 0 55 0
887 A 1 1 53 0 -92 1
887 A 1 1 47 0 80 -1
887 A 1 1 39 0 -23 0
887 A 1 1 37 0 -108 1
887 A 1 1 33 0 94 -1
887 A 1 1 29 0 -84 1
887 A 1 1 27 0 -82 1
887 A 1 1 17 0 78 -1
887 A 15 0 -8 7 -4 2
887 A 15 0 -8 4 -4 -4
887 A 15 0 7 1 -1 2
887 A 15 0 -7 2 -5 4
887 A 15 0 5 2 1 4
887 A 15 0 -5 1 2 -7
887 A 15 0 -5 7 -4 -1
887 A 15 0 4 7 2 -4
887 A 15 0 2 2 1 7
887 A -3 1 106 1 23 0
887 A -3 1 100 1 -31 0
887 A -3 1 82 1 56 1
887 A -3 1 76 1 98 1
887 A -3 1 70 1 -25 0
887 A -3 1 64 1 17 0
887 A -3 1 58 1 68 1
887 A -3 1 52 1 29 0
887 A -3 1 46 1 104 1
887 A -3 1 43 0 50 1
887 A 2 1 -107 1 -23 0
887 A 2 1 -105 1 -47 1
887 A 2 1 -101 1 31 0
887 A 2 1 -99 1 -77 1
887 A 2 1 43 0 51 -1
887 A 2 1 29 0 53 -1
887 A 2 1 25 0 -71 1
887 A 2 1 17 0 65 -1
887 A 2 1 -57 1 -83 1
887 A 2 1 -59 1 -69 1
887 A -4 1 31 1 -99 -2
887 A -4 1 51 1 17 0
887 A -4 1 55 1 107 2
887 A -4 1 95 2 -25 0
887 A -4 1 79 1 31 0
887 A -4 1 75 1 73 1
887 A -4 1 67 1 -85 -1
887 A -4 1 23 0 57 1
887 A -4 1 19 0 -33 -1
887 A -4 1 37 1 93 1
887 A -4 1 101 2 -69 -1
887 A -4 1 105 2 -29 0
887 A 3 1 -86 1 68 -1
887 A 3 1 -80 1 -31 0
887 A 3 1 -74 1 -76 1
887 A 3 1 29 0 -107 2
887 A 3 1 23 0 58 -1
887 A 3 1 17 0 52 -1
887 A 3 1 19 0 -34 1
887 A 3 1 25 0 -97 2
887 A 3 1 -70 1 103 -2
887 A 3 1 -94 1 -38 1
887 A 3 1 -109 2 -56 1
887 A 3 1 -32 1 101 -2
887 A -5 1 101 2 99 2
887 A -5 1 91 2 105 2
887 A -5 1 81 2 107 2
887 A -5 1 66 1 -70 -1
887 A -5 1 56 1 109 2
887 A -5 1 46 1 -19 0
887 A -5 1 36 1 54 1
887 A -5 1 26 1 34 1
887 A -5 1 21 0 23 0
887 A -5 1 24 1 25 0
887 A -5 1 79 2 77 2
887 A -5 1 68 1 -58 -1
887 A -5 1 38 1 40 1
887 A -5 1 60 1 62 1
887 A -5 1 52 1 -17 0
887 A 4 1 17 0 -53 1
887 A 4 1 21 0 23 0
887 A 4 1 25 0 25 -1
887 A 4 1 -37 1 -55 1
887 A 4 1 -41 1 -39 1
887 A 4 1 -57 1 -111 2
887 A 4 1 -61 1 -63 1
887 A 4 1 -69 1 59 -1
887 A 4 1 -81 2 -79 2
887 A 4 1 -93 2 -107 2
887 A 4 1 -101 2 -103 2
887 A 4 1 -109 2 -83 2
887 A 4 1 19 0 -47 1
887 A 4 1 -27 1 -35 1
887 A 4 1 -67 1 71 -1
887 A -6 1 103 3 -19 -1
887 A -6 1 97 2 -31 -1
887 A -6 1 67 2 -61 -1
887 A -6 1 61 2 95 2
887 A -6 1 55 1 83 2
887 A -6 1 37 1 35 1
887 A -6 1 25 1 59 1
887 A -6 1 19 0 47 1
887 A -6 1 23 1 -101 -2
887 A -6 1 77 2 -17 0
887 A -6 1 53 1 -41 -1
887 A 5 1 -56 1 -85 2
887 A 5 1 19 0 48 -1
887 A 5 1 -24 1 103 -2
887 A 5 1 -54 1 42 -1
887 A 5 1 -69 2 62 -1
887 A 5 1 -79 2 17 0
887 A 5 1 -99 2 32 -1
887 A 5 1 -97 2 -63 2
887 A 5 1 -60 1 -26 1
887 A 5 1 -20 1 106 -3
887 A 5 1 -38 1 -36 1
887 A 16 0 -9 6 1 2
887 A 16 0 -7 2 -1 6
887 A 16 0 -7 6 -1 -6
887 A 16 0 -5 6 5 2
887 A 16 0 -3 2 3 6
887 A 16 0 -1 2 -7 -2
887 A -7 1 104 3 19 0
887 A -7 1 83 2 -42 -1
887 A -7 1 69 2 -28 -1
887 A -7 1 22 1 77 2
887 A -7 1 57 2 -98 -3
887 A -7 1 81 2 18 1
887 A -7 1 24 1 17 0
887 A -7 1 59 2 40 1
887 A -7 1 94 3 87 2
887 A -7 1 65 2 -106 -3
887 A -7 1 52 1 71 2
887 A 6 1 -107 3 -19 0
887 A 6 1 -89 2 -97 3
887 A 6 1 -83 2 -19 1
887 A 6 1 -71 2 29 -1
887 A 6 1 -53 1 -73 2
887 A 6 1 -41 1 -61 2
887 A 6 1 17 0 25 -1
887 A 6 1 -43 1 85 -2
887 A 6 1 -67 2 109 -3
887 A 6 1 -79 2 -23 1
887 A 6 1 -59 2 101 -3
887 A -8 1 21 1 91 3
887 A -8 1 101 4 -15 -1
887 A -8 1 105 3 -101 -3
887 A -8 1 97 3 69 2
887 A -8 1 81 3 37 1
887 A -8 1 57 2 75 3
887 A -8 1 49 2 -61 -2
887 A -8 1 41 1 17 0
887 A -8 1 25 1 -43 -2
887 A -8 1 55 2 -39 -1
887 A -8 1 79 3 -19 -1
887 A -8 1 103 4 27 1
887 A -8 1 71 2 99 4
887 A -8 1 93 3 11 1
887 A -8 1 51 2 -67 -2
887 A 7 1 -104 3 108 -3
887 A 7 1 -69 2 53 -2
887 A 7 1 -22 1 -94 3
887 A 7 1 -57 2 40 -1
887 A 7 1 -71 2 -100 3
887 A 7 1 -78 3 -59 2
887 A 7 1 17 0 42 -1
887 A 7 1 -38 1 -84 3
887 A 7 1 -45 2 26 -1
887 A 7 1 -73 2 -103 4
887 A 7 1 -12 1 -96 3
887 A 7 1 -82 3 20 -1
887 A 7 1 -63 2 51 -2
887 A 7 1 -28 1 -107 4
887 A 7 1 -105 4 16 -1
887 A 17 0 -9 8 -10 5
887 A 17 0 -9 6 -4 -8
887 A 17 0 -9 5 -3 -8
887 A 17 0 -9 4 9 -3
887 A 17 0 -9 2 -7 -2
887 A 17 0 8 1 5 7
887 A 17 0 -8 2 6 2
887 A 17 0 -8 5 -10 6
887 A 17 0 -8 6 2 6
887 A 17 0 -8 7 3 4
887 A 17 0 -8 8 0 -2
887 A 17 0 -10 8 -2 -8
887 A 17 0 -10 4 5 -8
887 A 17 0 7 3 -4 8
887 A 17 0 -7 2 1 -3
887 A 17 0 -7 4 1 7
887 A 17 0 -7 6 2 -5
887 A 17 0 -7 7 0 5
887 A 17 0 -7 8 -3 7
887 A 17 0 -11 8 -4 -5
887 A 17 0 6 5 1 -2
887 A 17 0 6 4 3 -8
887 A 17 0 6 3 -5 -4
887 A 17 0 -6 2 5 -6
887 A 17 0 -6 3 2 2
887 A 17 0 -6 4 -6 5
887 A 17 0 -6 6 0 3
887 A 17 0 -6 7 -2 -3
887 A 17 0 -6 8 -2 8
887 A 17 0 -12 8 -3 -6
887 A 17 0 5 5 1 8
887 A 17 0 5 2 2 -3
887 A 17 0 -5 3 1 -7
887 A 17 0 -5 5 0 7
887 A 17 0 -5 7 3 -2
887 A 17 0 4 6 3 5
887 A 17 0 4 2 1 -6
887 A 17 0 -4 2 3 3
887 A 17 0 -4 3 4 -5
887 A 17 0 -4 4 0 -4
887 A 17 0 -4 7 -1 8
887 A 17 0 -3 3 0 6
887 A 17 0 -3 5 -1 -6
887 A 17 0 2 4 1 5
887 A 17 0 -2 2 0 -8
887 A 17 0 1 3 1 -5
887 A 17 0 1 2 2 -7
887 A 17 0 -2 4 -3 6
887 A -9 1 103 4 -37 -2
887 A -9 1 76 3 101 4
887 A -9 1 67 2 65 2
887 A -9 1 49 2 -61 -2
887 A -9 1 22 1 -10 -1
887 A -9 1 95 4 -74 -3
887 A -9 1 82 3 62 3
887 A -9 1 28 1 107 4
887 A -9 1 16 1 38 1
887 A -9 1 20 1 -53 -2
887 A 8 1 -11 1 23 -1
887 A 8 1 -51 2 63 -2
887 A 8 1 -67 2 -69 2
887 A 8 1 -99 4 77 -3
887 A 8 1 -107 4 39 -2
887 A 8 1 -21 1 55 -2
887 A 8 1 -29 1 -111 4
887 A 8 1 -85 3 -65 3
887 A 8 1 -39 1 -17 1
887 A 8 1 -79 3 -105 4
887 A -10 1 105 4 51 2
887 A -10 1 75 4 -9 -1
887 A -10 1 65 3 -13 -1
887 A -10 1 97 4 -31 -1
887 A -10 1 67 3 79 4
887 A -10 1 47 2 99 5
887 A -10 1 37 1 53 2
887 A -10 1 27 1 39 2
887 A -10 1 53 3 79 3
887 A -10 1 99 4 71 3
887 A -10 1 39 1 -81 -4
887 A -10 1 21 1 -101 -5
887 A 9 1 -101 4 32 -1
887 A 9 1 -74 3 -103 4
887 A 9 1 -38 1 -55 2
887 A 9 1 -70 3 -83 4
887 A 9 1 -79 4 10 -1
887 A 9 1 -106 5 22 -1
887 A 9 1 -53 2 -109 4
887 A 9 1 -28 1 -41 2
887 A 9 1 -82 3 -56 3
887 A 9 1 -40 1 85 -4
887 A 9 1 -49 2 -104 5
887 A 9 1 -14 1 68 -3
887 A 18 0 7 4 -1 2
887 A 18 0 -7 2 1 4
887 A 18 0 -7 8 1 -8
887 A 18 0 5 2 -5 4
887 A -11 1 34 1 37 2
887 A -11 1 12 1 68 3
887 A -11 1 10 1 57 2
887 A -11 1 54 3 90 5
887 A -11 1 102 5 -85 -4
887 A -11 1 41 2 93 4
887 A -11 1 52 3 -81 -4
887 A -11 1 104 5 -49 -2
887 A -11 1 16 1 -79 -4
887 A -11 1 94 5 83 4
887 A -11 1 106 5 -22 -1
887 A -11 1 95 4 -32 -1
887 A -11 1 18 1 70 3
887 A -11 1 48 3 -30 -1
887 A -11 1 108 5 -33 -2
887 A -11 1 75 4 31 2
887 A -11 1 35 2 66 3
887 A 10 1 -97 4 -43 2
887 A 10 1 -87 4 -99 5
887 A 10 1 -13 1 -71 3
887 A 10 1 -23 1 111 -5
887 A 10 1 -33 1 99 -4
887 A 10 1 -33 2 -79 4
887 A 10 1 -73 3 -19 1
887 A 10 1 -83 4 17 -1
887 A 10 1 -113 5 35 -2
887 A 10 1 -109 5 51 -2
887 A 10 1 -89 4 107 -5
887 A 10 1 -69 3 -37 2
887 A 10 1 -59 2 -11 1
887 A 10 1 -31 1 51 -3
887 A 10 1 -39 2 -35 1
887 A 10 1 -57 3 -95 5
887 A 10 1 -55 3 85 -4
887 A -12 1 17 1 37 2
887 A -12 1 29 2 -107 -5
887 A -12 1 41 3 -11 -1
887 A -12 1 109 5 95 5
887 A -12 1 49 3 -13 -1
887 A -12 1 79 4 83 4
887 A -12 1 55 3 23 1
887 A -12 1 31 1 71 3
887 A -12 1 19 1 89 4
887 A -12 1 59 3 -29 -1
887 A 11 1 -100 5 -114 5
887 A 11 1 -32 1 -74 3
887 A 11 1 -87 4 -83 4
887 A 11 1 -30 1 62 -3
887 A 11 1 -52 3 14 -1
887 A 11 1 -93 4 -20 1
887 A 11 1 -39 2 -18 1
887 A 11 1 -24 1 -58 3
887 A 11 1 -112 5 31 -2
887 A 11 1 -44 3 12 -1
887 A 19 0 -10 9 -1 -9
887 A 19 0 -10 8 12 -9
887 A 19 0 -9 2 7 2
887 A 19 0 -9 4 4 7
887 A 19 0 -9 6 3 6
887 A 19 0 -9 7 -4 5
887 A 19 0 -9 8 4 -6
887 A 19 0 -9 9 0 -6
887 A 19 0 -11 9 -5 6
887 A 19 0 -11 8 6 -3
887 A 19 0 -11 7 5 4
887 A 19 0 -11 5 4 -3
887 A 19 0 -8 2 5 8
887 A 19 0 -8 3 1 -7
887 A 19 0 -8 5 -5 -2
887 A 19 0 -8 6 -4 7
887 A 19 0 -8 7 -1 -7
887 A 19 0 -8 8 0 -2
887 A 19 0 -12 8 7 -5
887 A 19 0 -7 2 -3 -5
887 A 19 0 -7 3 -6 5
887 A 19 0 -7 7 0 -5
887 A 19 0 -13 9 -5 3
887 A 19 0 -13 8 6 2
887 A 19 0 -6 4 -5 9
887 A 19 0 -6 6 0 -9
887 A 19 0 -6 7 -5 -3
887 A 19 0 -5 5 0 -7
887 A 19 0 -4 9 2 4
887 A 19 0 -3 6 -1 2
887 A 19 0 -3 7 2 6
887 A 19 0 -2 2 0 -8
887 A 19 0 -2 3 -1 3
887 A 19 0 -2 4 8 3
887 A 19 0 -2 6 -1 -8
887 A 19 0 -1 5 2 7
887 A 19 0 -1 6 2 9
887 A 19 0 1 3 -6 -5
887 A 19 0 1 5 4 3
887 A 19 0 2 3 4 9
887 A 19 0 2 5 -4 -8
887 A 19 0 2 8 -3 -9
887 A 19 0 3 3 -3 -8
887 A 19 0 5 9 -7 -5
887 A -13 1 46 3 -91 -6
887 A -13 1 44 3 -28 -1
887 A -13 1 61 4 58 3
887 A -13 1 35 2 -18 -1
887 A -13 1 89 6 30 1
887 A -13 1 24 1 78 5
887 A -13 1 103 6 45 2
887 A -13 1 12 1 -69 -4
887 A -13 1 39 2 92 5
887 A 12 1 -19 1 37 -2
887 A 12 1 -31 1 -95 6
887 A 12 1 -47 2 -109 6
887 A 12 1 -13 1 73 -4
887 A 12 1 -25 1 -83 5
887 A 12 1 -49 3 97 -6
887 A 12 1 -61 3 -65 4
887 A 12 1 -97 5 -41 2
887 A 12 1 -29 1 47 -3
887 A 20 0 -11 6 -5 -2
887 A 20 0 9 2 7 6
887 A 20 0 -9 2 -3 2
887 A 20 0 -9 6 -3 -6
887 A 20 0 7 2 1 2
887 A 20 0 -7 2 -5 -6
887 A 20 0 -7 6 -1 -6
887 A 20 0 -5 2 1 -6
887 A 20 0 -5 6 -3 -2
887 A 20 0 -1 2 -3 6
887 A -14 1 75 5 25 1
887 A -14 1 33 3 -83 -6
887 A -14 1 19 1 -21 -2
887 A -14 1 79 5 -71 -5
887 A -14 1 93 6 -49 -4
887 A -14 1 45 3 37 2
887 A -14 1 85 6 -83 -5
887 A -14 1 71 4 -21 -1
887 A -14 1 15 1 97 7
887 A -14 1 27 2 -107 -6
887 A -14 1 41 2 -27 -1
887 A 13 1 -20 1 23 -2
887 A 13 1 -84 5 76 -5
887 A 13 1 -113 6 29 -2
887 A 13 1 -22 1 75 -4
887 A 13 1 -43 2 28 -1
887 A 13 1 -88 5 91 -6
887 A 13 1 -16 1 -104 7
887 A 13 1 -80 5 -26 1
887 A 13 1 -53 4 99 -6
887 A 13 1 -39 2 -48 3
887 A 13 1 -89 6 36 -3
887 A -15 1 23 2 88 5
887 A -15 1 53 4 -35 -2
887 A -15 1 41 2 43 2
887 A -15 1 71 4 -80 -5
887 A -15 1 14 1 -74 -5
887 A -15 1 89 6 91 6
887 A -15 1 104 7 16 1
887 A -15 1 20 1 22 1
887 A -15 1 58 3 -76 -5
887 A 14 1 -21 1 -23 1
887 A 14 1 -75 4 85 -5
887 A 14 1 -61 3 81 -5
887 A 14 1 -37 2 57 -4
887 A 14 1 -79 5 15 -1
887 A 14 1 -93 5 -25 2
887 A 14 1 -45 2 -43 2
887 A 14 1 -17 1 -111 7
887 A 14 1 -95 6 -97 6
887 A 21 0 -10 8 4 -5
887 A 21 0 -14 10 -1 8
887 A 21 0 -7 5 -2 -5
887 A 21 0 -7 8 4 10
887 A 21 0 2 8 1 -5
887 A 21 0 -1 2 4 -8
887 A -16 1 57 5 65 5
887 A -16 1 69 5 15 1
887 A -16 1 27 2 -15 -2
887 A -16 1 97 6 -31 -3
887 A 15 1 -70 5 -62 5
887 A 15 1 -103 6 34 -3
887 A 15 1 -16 1 -74 5
887 A 15 1 -29 2 17 -2
887 A -17 1 25 2 -33 -2
887 A -17 1 59 4 18 1
887 A -17 1 24 3 89 6
887 A -17 1 75 6 -85 -6
887 A -17 1 62 5 -86 -7
887 A -17 1 97 8 19 2
887 A -17 1 39 4 -98 -7
887 A -17 1 64 5 -29 -2
887 A -17 1 30 3 -27 -2
887 A -17 1 72 5 61 4
887 A -17 1 71 6 101 8
887 A -17 1 70 5 -17 -2
887 A -17 1 52 5 -51 -4
887 A 16 1 -55 4 57 -5
887 A 16 1 -105 7 43 -4
887 A 16 1 -105 8 -21 2
887 A 16 1 -27 2 35 -2
887 A 16 1 -27 3 -95 6
887 A 16 1 -75 5 19 -2
887 A 16 1 -91 6 81 -6
887 A 16 1 -19 1 -63 4
887 A 16 1 -29 2 33 -3
887 A 16 1 -77 5 -65 4
887 A 16 1 -77 6 -109 8
887 A 16 1 -93 7 67 -5
887 A 16 1 -31 2 69 -5
887 A -18 1 77 6 -47 -5
887 A -18 1 95 7 25 1
887 A -18 1 107 8 25 2
887 A -18 1 19 1 -67 -5
887 A 17 1 -26 1 -102 7
887 A 17 1 -27 2 -115 8
887 A 17 1 -72 5 20 -1
887 A 17 1 -83 6 52 -5
887 A 23 0 -12 10 8 -6
887 A 23 0 -12 5 -7 -5
887 A 23 0 -12 4 -6 -3
887 A 23 0 -12 2 -14 11
887 A 23 0 -11 5 -10 7
887 A 23 0 -11 6 6 -2
887 A 23 0 -13 11 2 11
887 A 23 0 -13 6 3 -4
887 A 23 0 -13 5 -2 -7
887 A 23 0 -13 4 -5 8
887 A 23 0 10 3 -3 6
887 A 23 0 10 2 3 11
887 A 23 0 -10 4 6 4
887 A 23 0 -10 6 10 -8
887 A 23 0 -14 6 1 -5
887 A 23 0 9 4 -3 8
887 A 23 0 -9 3 -8 -4
887 A 23 0 -9 4 -2 3
887 A 23 0 -9 5 -9 6
887 A 23 0 -9 7 -8 -5
887 A 23 0 -9 8 8 -5
887 A 23 0 8 7 2 -4
887 A 23 0 8 6 4 -5
887 A 23 0 -8 3 2 -8
887 A 23 0 -8 11 1 4
887 A 23 0 7 6 1 -4
887 A 23 0 -7 11 -6 5
887 A 23 0 6 5 3 7
887 A 23 0 -6 4 -2 -4
887 A 23 0 -6 8 -5 -3
887 A 23 0 5 6 -4 -2
887 A 23 0 5 4 -1 3
887 A 23 0 -5 3 -3 7
887 A 23 0 -5 4 -3 11
887 A 23 0 -5 5 0 4
887 A 23 0 4 6 -2 -8
887 A 23 0 4 5 3 6
887 A 23 0 -4 3 1 3
887 A 23 0 -4 4 0 5
887 A 23 0 -4 7 2 3
887 A 23 0 3 5 -1 -8
887 A 23 0 2 10 -2 -6
887 A 23 0 1 5 -4 11
887 A -19 1 67 6 82 7
887 A -19 1 61 4 95 8
887 A -19 1 23 2 -18 -1
887 A -19 1 17 2 22 1
887 A -19 1 56 5 -51 -4
887 A 18 1 -65 4 -103 8
887 A 18 1 -25 2 19 -1
887 A 18 1 -61 5 55 -4
887 A 18 1 -89 7 -73 6
887 A 18 1 -19 2 -23 1
887 A -20 1 11 2 19 2
887 A -20 1 71 7 37 3
887 A -20 1 91 9 111 9
887 A -20 1 71 6 -89 -8
887 A -20 1 69 7 -85 -9
887 A -20 1 55 5 67 5
887 A -20 1 39 3 -85 -7
887 A 19 1 -92 7 42 -3
887 A 19 1 -60 5 -72 5
887 A 19 1 -21 2 -13 2
887 A 19 1 -40 3 -78 7
887 A 19 1 -97 8 77 -6
887 A 19 1 -120 9 -100 9
887 A 19 1 -76 7 94 -9
887 A 25 0 -13 7 1 -3
887 A 25 0 -13 2 6 -8
887 A 25 0 -12 2 -5 -6
887 A 25 0 -14 7 7 7
887 A 25 0 -14 6 2 -11
887 A 25 0 -14 4 5 12
887 A 25 0 11 2 2 -8
887 A 25 0 -11 6 -10 -2
887 A 25 0 -11 11 0 3
887 A 25 0 -15 6 -8 3
887 A 25 0 10 4 -17 12
887 A 25 0 -10 6 -3 8
887 A 25 0 9 7 -3 6
887 A 25 0 9 6 5 3
887 A 25 0 -9 11 -8 -6
887 A 25 0 8 9 6 -12
887 A 25 0 -18 12 6 12
887 A 25 0 6 7 2 -3
887 A 25 0 -6 9 -2 6
887 A 25 0 -5 8 4 6
887 A 25 0 -4 6 -3 9
887 A 25 0 -3 3 0 11
887 A -21 1 22 3 98 9
887 A -21 1 71 8 -53 -4
887 A -21 1 101 10 100 9
887 A 20 1 -109 9 -111 10
887 A 20 1 -107 9 -25 3
887 A 20 1 -57 4 79 -8
887 A -22 1 71 6 -45 -5
887 A -22 1 69 8 23 2
887 A 21 1 -25 2 -77 8
887 A 21 1 -77 6 50 -5
887 A -23 1 88 11 -85 -8
887 A -23 1 42 5 5 2
887 A -23 1 58 7 -31 -4
887 A -23 1 20 3 89 10
887 A -23 1 71 8 62 5
887 A -23 1 24 3 66 7
887 A -23 1 7 2 -77 -8
887 A -23 1 91 8 22 1
887 A -23 1 98 9 97 10
887 A -23 1 29 2 50 5
887 A 22 1 -9 2 85 -8
887 A 22 1 -31 2 -55 5
887 A 22 1 -7 2 -47 5
887 A 22 1 -73 7 -27 3
887 A 22 1 -93 8 99 -11
887 A 22 1 -107 10 -107 9
887 A 22 1 -23 1 -99 8
887 A 22 1 -23 3 -99 10
887 A 22 1 -67 5 -79 8
887 A 22 1 -65 7 35 -4
887 A 27 0 -14 10 -13 8
887 A 27 0 -11 7 8 -13
887 A 27 0 -5 10 -4 8
887 A 27 0 -5 13 -4 -7
887 A 27 0 4 10 5 8
887 A -24 1 83 10 31 4
887 A -24 1 71 9 -17 -3
887 A 23 1 -35 4 -93 10
887 A 23 1 -20 3 80 -9
887 A 28 0 -13 2 9 -6
887 A 28 0 -13 6 -7 -10
887 A 28 0 -17 10 -7 -6
887 A 28 0 11 2 -3 -6
887 A 28 0 -11 6 3 -2
887 A 28 0 -7 6 3 -10
887 A 28 0 -7 10 -1 -6
887 A 28 0 5 6 -1 -2
887 A -25 1 93 10 -39 -4
887 A -25 1 35 6 91 12
887 A -25 1 84 11 -70 -7
887 A 24 1 -103 10 43 -4
887 A 24 1 -103 12 -41 6
887 A 24 1 -77 7 95 -11
887 A 29 0 -15 5 -3 13
887 A 29 0 -14 2 1 5
887 A 29 0 -16 5 12 -13
887 A 29 0 -13 2 -12 11
887 A 29 0 -13 12 -5 -2
887 A 29 0 -13 13 0 2
887 A 29 0 -17 7 -10 -7
887 A 29 0 12 5 1 -2
887 A 29 0 12 2 -6 5
887 A 29 0 11 7 9 11
887 A 29 0 11 5 1 -13
887 A 29 0 11 2 1 11
887 A 29 0 -11 3 -4 13
887 A 29 0 -11 13 2 -13
887 A 29 0 10 5 -10 13
887 A 29 0 -20 14 4 -10
887 A 29 0 -9 13 8 3
887 A 29 0 -9 14 -6 11
887 A 29 0 -8 14 5 -2
887 A 29 0 -7 2 -1 -12
887 A 29 0 6 14 6 -10
887 A 29 0 3 2 6 -14
887 A 29 0 -2 2 0 13
887 A 29 0 -5 14 -5 11
887 A -26 1 35 6 27 3
887 A -26 1 23 2 15 3
887 A -26 1 77 9 -39 -4
887 A 25 1 -86 9 43 -4
887 A 25 1 -30 3 -41 6
887 A 25 1 -25 2 -18 3
887 A -1 2 31 0 72 -1
887 A -1 2 -38 1 -101 1
887 A -1 2 54 0 -115 0
887 A -1 2 -124 1 -158 0
887 A -1 2 132 0 -168 0
887 A -3 2 184 1 -139 -1
887 A -3 2 151 1 -73 -1
887 A -3 2 118 0 74 1
887 A -3 2 73 0 29 1
887 A -3 2 43 0 71 1
887 A -3 2 143 1 -74 0
887 A 1 2 -185 1 140 -1
887 A 1 2 -152 1 74 -1
887 A 1 2 -144 1 74 0
887 A 1 2 118 0 75 -1
887 A 1 2 73 0 30 -1
887 A 1 2 -72 1 -43 0
887 A -5 2 197 2 -76 0
887 A -5 2 72 1 49 1
887 A -5 2 38 0 45 1
887 A -5 2 58 0 -109 0
887 A -5 2 73 1 144 1
887 A -5 2 74 0 61 0
887 A -5 2 195 1 32 0
887 A 3 2 74 0 61 0
887 A 3 2 38 0 46 -1
887 A 3 2 32 0 196 -1
887 A 3 2 58 0 -109 0
887 A 3 2 -73 1 -50 1
887 A 3 2 76 0 -199 2
887 A 3 2 -145 1 -74 1
887 A -7 2 215 2 -72 -2
887 A -7 2 212 3 105 2
887 A -7 2 183 3 31 0
887 A -7 2 181 3 140 2
887 A -7 2 154 3 -195 -2
887 A 5 2 -217 2 74 -2
887 A 5 2 -197 2 157 -3
887 A 5 2 -142 2 -184 3
887 A 5 2 -107 2 -215 3
887 A 5 2 -186 3 -31 0
887 A -27 1 37 6 11 2
887 A -27 1 43 4 68 7
887 A -27 1 88 9 -13 -2
887 A 26 1 -47 4 -75 7
887 A 26 1 -43 6 -13 2
887 A 26 1 -15 2 97 -9
887 A -9 2 70 2 149 3
887 A -9 2 52 2 119 3
887 A -9 2 47 1 -74 -1
887 A -9 2 128 3 -98 -1
887 A -9 2 163 3 -211 -4
887 A -9 2 28 1 -76 -1
887 A -9 2 71 2 -98 -2
887 A 7 2 -215 4 166 -3
887 A 7 2 -152 3 -72 2
887 A 7 2 -131 3 99 -1
887 A 7 2 -75 1 48 -1
887 A 7 2 -54 2 -122 3
887 A 7 2 -29 1 77 -1
887 A 7 2 -73 2 100 -2
887 A 31 0 -17 5 -1 -3
887 A 31 0 -17 4 2 3
887 A 31 0 14 3 -12 -7
887 A 31 0 13 4 -5 3
887 A 31 0 12 5 4 -3
887 A 31 0 11 9 -4 8
887 A 31 0 -9 15 -4 10
887 A 31 0 -8 8 0 7
887 A 31 0 -7 7 0 8
887 A 31 0 -6 10 -6 15
887 A -11 2 152 3 71 2
887 A -11 2 196 4 -76 -1
887 A -11 2 72 2 48 1
887 A -11 2 188 5 -30 -1
887 A 9 2 -77 1 200 -4
887 A 9 2 -31 1 193 -5
887 A 9 2 -49 1 -74 2
887 A 9 2 -73 2 -155 3
887 A -12 2 185 4 -41 0
887 A -12 2 187 4 -43 0
887 A 10 2 43 0 -191 4
887 A 10 2 41 0 -189 4
887 A -13 2 77 1 199 5
887 A -13 2 213 5 -42 0
887 A 11 2 42 0 -218 5
887 A 11 2 -204 5 -78 1
887 A -29 1 24 5 -88 -13
887 A 28 1 -101 13 29 -5
887 A -14 2 179 6 29 2
887 A 12 2 -31 2 -185 6
887 A -15 2 67 3 197 6
887 A -15 2 76 2 89 4
887 A -15 2 155 5 -128 -3
887 A 13 2 -131 3 160 -5
887 A 13 2 -70 3 -203 6
887 A 13 2 -78 2 -93 4
887 A 33 0 -14 10 5 -4
887 A 33 0 4 10 -1 -4
887 A -30 1 19 2 -55 -6
887 A -30 1 55 7 59 6
887 A 29 1 -62 7 -65 6
887 A 29 1 -61 6 21 -2
887 A -17 2 144 5 -78 -2
887 A 15 2 -80 2 149 -5
887 A -31 1 42 7 -86 -11
887 A 30 1 -49 7 97 -11
887 A -18 2 157 6 155 6
887 A 16 2 -163 6 -161 6
887 A -19 2 53 3 66 4
887 A -19 2 126 6 -168 -6
887 A 17 2 -56 3 -70 4
887 A 17 2 -132 6 174 -6
887 A -32 1 73 10 67 12
887 A -32 1 73 9 -65 -11
887 A 31 1 -76 11 82 -9
887 A 31 1 -83 10 -79 12
887 A 35 0 -18 13 10 -9
887 A 35 0 -17 13 -1 -12
887 A 35 0 -13 12 -4 -13
887 A 35 0 -12 12 0 9
887 A 35 0 -9 9 0 12
887 A 35 0 5 13 -1 -9
887 A -20 2 33 2 179 8
887 A 18 2 -35 2 -187 8
887 A -34 1 11 3 83 14
887 A -34 1 63 11 27 4
887 A 33 1 -31 4 -74 11
887 A 33 1 -14 3 -97 14
887 A 37 0 -11 12 -10 9
887 A 37 0 -1 12 1 9
887 A -35 1 92 17 -63 -12
887 A 34 1 -109 17 75 -12
887 A 39 0 -2 19 11 -10
887 A 39 0 -17 19 -1 -10
887 A -37 1 61 12 -91 -18
887 A 36 1 -73 12 109 -18
887 A -27 2 55 3 -106 -7
887 A 25 2 -58 3 113 -7
887 A 41 0 1 5 -12 10
887 A 41 0 -6 5 2 10
887 A 41 0 -2 20 18 -20
887 A 38 1 -89 13 -111 19
887 A -39 1 76 13 92 19
887 A -31 2 110 7 203 15
887 A 29 2 -117 7 -218 15
887 A 43 0 -2 14 -18 21
887 A 43 0 -12 14 -3 21
887 S 1 1 4 0
887 S -5 3 8 0
887 S 1 1 8 0
887 S -6 3 14 0
887 S 4 5 14 0
887 S -2 1 14 0
887 S -4 2 7 0
887 S -2 1 7 0
887 S 1 3 7 0
887 S 5 1 14 0
887 S -3 5 14 0
887 S 1 3 14 0
887 S -6 4 9 0
887 S 3 1 9 0
887 S -3 2 9 0
887 S -7 5 13 0
887 S 5 2 13 0
887 S -4 1 13 0
887 S -3 4 13 0
887 S 2 6 13 0
887 S 1 3 13 0
887 S 2 1 12 0
887 S -2 5 12 0
887 S 2 1 6 0
887 S -1 1 6 0
887 S 5 1 12 0
887 S 1 5 12 0
887 S -5 1 11 0
887 S -4 3 11 0
887 S -3 5 11 0
887 S 2 4 11 0
887 S 1 2 11 0
887 S -6 4 11 0
887 S 4 1 11 0
887 S -3 2 11 0
887 S -2 5 11 0
887 S 1 3 11 0
887 S -6 5 12 0
887 S -6 1 12 0
887 S 0 1 6 0
887 S -3 1 6 0
887 S -3 1 12 0
887 S -3 5 12 0
887 S -7 2 13 0
887 S -8 6 13 0
887 S -4 3 13 0
887 S 3 1 13 0
887 S 2 5 13 0
887 S -1 4 13 0
887 S -4 1 9 0
887 S 2 4 9 0
887 S 1 2 9 0
887 S -6 1 14 0
887 S -4 3 14 0
887 S -2 5 14 0
887 S -4 3 7 0
887 S 2 2 7 0
887 S 1 1 7 0
887 S -9 5 14 0
887 S 3 3 14 0
887 S 1 1 14 0
887 S 2 3 8 0
887 S -2 1 8 0
887 S -2 1 4 0
887 T 2326 1512 3127 0 0
887 T 2255 3185 2328 0 0
887 T 3125 2758 2253 0 0
887 T 3185 2760 1512 0 0
887 T 632 2061 1822 0 0
887 T 419 2066 630 0 0
887 T 1824 2056 417 0 0
887 T 2066 2054 2061 0 0
887 T 2025 2027 2025 0 0
887 T 1901 1921 1930 0 0
887 T 2036 2024 2014 0 0
887 T 1979 1972 1936 0 0
887 T 2035 2062 2041 0 0
887 T 1902 1934 1985 0 0
887 T 2046 2054 2072 0 0
887 T 1944 1987 2071 0 0
887 T 1945 1905 1989 0 0
887 T 1966 1922 2015 0 0
887 T 2068 2060 2052 0 0
887 T 1997 1931 1899 0 0
887 T 1897 1925 2044 0 0
887 T 1991 1956 1969 0 0
887 T 1974 1946 2057 0 0
887 T 1321 2113 2092 0 0
887 T 1010 1321 1031 0 0
887 T 1916 1038 985 0 0
887 T 987 2072 1274 0 0
887 T 1225 1916 1276 0 0
887 T 1038 1225 2072 0 0
887 T 1494 179 1567 0 0
887 T 1565 2599 1351 0 0
887 T 2575 1494 1349 0 0
887 T 2599 179 2573 0 0
887 T 2656 2548 2576 0 0
887 T 2605 2585 2663 0 0
887 T 2647 2572 2544 0 0
887 T 2692 2706 2670 0 0
887 T 2643 2673 2633 0 0
887 T 2541 2553 2615 0 0
887 T 2604 2597 2630 0 0
887 T 2589 2611 2618 0 0
887 T 2697 2681 2679 0 0
887 T 184 182 184 -1 0
887 T 193 187 191 0 0
887 T 198 195 183 0 0
887 T 188 199 191 0 0
887 T 507 3805 3791 0 0
887 T 3789 3815 3768 0 0
887 T 3766 3741 505 0 0
887 T 3741 3813 3805 0 0
887 T 1503 1173 242 0 0
887 T 1506 237 1157 0 0
887 T 244 3156 2980 0 0
887 T 2978 1974 1501 0 0
887 T 1974 3154 1173 0 0
887 T 305 2311 1716 0 0
887 T 2004 1524 307 0 0
887 T 1714 411 2002 0 0
887 T 1524 409 2311 0 0
887 T 1075 2416 1865 0 0
887 T 2779 1266 1073 0 0
887 T 1867 3213 2777 0 0
887 T 1266 3215 2416 0 0
887 T 3568 1930 2809 0 0
887 T 2811 1923 3584 0 0
887 T 3582 1901 3566 0 0
887 T 930 552 508 0 0
887 T 3742 3346 932 0 0
887 T 552 3348 3767 0 0
887 T 2436 2807 3401 0 0
887 T 3403 207 3322 0 0
887 T 3324 2468 2434 0 0
887 T 2468 205 2807 0 0
887 T 1909 189 1094 0 0
887 T 951 620 1911 0 0
887 T 189 618 299 0 0
887 T 2102 3387 2034 0 0
887 T 2016 2734 2104 0 0
887 T 2734 2022 3387 0 0
887 T 857 178 958 0 0
887 T 242 450 859 0 0
887 T 960 426 244 0 0
887 T 450 428 178 0 0
887 T 459 457 459 0 0
887 T 425 392 424 0 0
887 T 431 360 388 0 0
887 T 370 334 399 0 0
887 T 417 340 364 0 0
887 T 375 447 397 0 0
887 T 394 383 415 0 0
887 T 340 353 378 0 0
887 T 352 396 368 0 0
887 T 403 458 377 0 0
887 T 372 363 391 0 0
887 T 440 434 418 0 0
887 T 436 409 402 0 0
887 T 344 408 358 0 0
887 T 454 443 451 0 0
887 T 384 407 346 0 0
887 T 456 448 440 0 0
887 T 351 344 345 0 0
887 T 2193 1884 1353 0 0
887 T 1355 2623 1861 0 0
887 T 1863 377 2195 0 0
887 T 2623 1882 377 0 0
887 T 1934 557 417 0 0
887 T 419 2280 1977 0 0
887 T 2280 559 1972 0 0
887 T 3574 3322 730 0 0
887 T 261 3403 3576 0 0
887 T 732 205 263 0 0
887 T 938 3710 3799 0 0
887 T 3797 3274 1782 0 0
887 T 1784 1215 940 0 0
887 T 1215 3276 3710 0 0
887 T 94 1295 2581 0 0
887 T 2583 2064 3547 0 0
887 T 2509 2062 1295 0 0
887 T 13 874 464 0 0
887 T 3803 3762 14 0 0
887 T 462 3789 3801 0 0
887 T 3762 3791 874 0 0
887 T 3714 964 3764 0 0
887 T 3778 1082 3716 0 0
887 T 3762 1556 3780 0 0
887 T 1082 1554 964 0 0
887 T 2979 3439 2248 0 0
887 T 828 3503 2977 0 0
887 T 2246 1251 826 0 0
887 T 3503 1249 3439 0 0
887 T 904 2083 2160 0 0
887 T 2158 3665 3031 0 0
887 T 3029 3713 902 0 0
887 T 3713 3667 2083 0 0
887 T 2127 2361 1526 0 0
887 T 120 1489 2119 0 0
887 T 2724 413 2125 0 0
887 T 1528 913 2722 0 0
887 T 413 915 2361 0 0
887 T 3643 3729 2434 0 0
887 T 1737 3816 3641 0 0
887 T 2436 1517 1739 0 0
887 T 3816 1519 3729 0 0
887 T 84 1183 2550 0 0
887 T 2552 1903 3549 0 0
887 T 2523 1901 1183 0 0
887 T 2732 2201 10 0 0
887 T 3008 736 2730 0 0
887 T 2505 3008 9 0 0
887 T 736 2505 2201 0 0
887 T 1802 1001 9 0 0
887 T 14 993 1813 0 0
887 T 96 743 1804 0 0
887 T 1815 756 89 0 0
887 T 1001 741 589 0 0
887 T 756 995 589 0 0
887 T 462 3772 3748 0 0
887 T 3746 3810 3801 0 0
887 T 3791 3812 3772 0 0
887 T 3424 3268 532 0 0
887 T 3250 526 3437 0 0
887 T 3535 149 3422 0 0
887 T 530 3345 3533 0 0
887 T 149 3347 3268 0 0
887 T 742 2601 1388 0 0
887 T 561 1767 744 0 0
887 T 586 753 1779 0 0
887 T 1386 848 563 0 0
887 T 1767 846 2601 0 0
887 T 3697 866 3755 0 0
887 T 3753 627 3509 0 0
887 T 3511 2779 3699 0 0
887 T 2779 625 866 0 0
887 T 3648 3047 1679 0 0
887 T 526 3701 3646 0 0
887 T 1677 1171 528 0 0
887 T 1151 530 1665 0 0
887 T 3701 1169 3047 0 0
887 T 2981 3137 2691 0 0
887 T 2265 3286 2983 0 0
887 T 2689 998 2267 0 0
887 T 3286 1000 3137 0 0
887 T 2195 1002 588 0 0
887 T 562 2210 993 0 0
887 T 586 2637 1884 0 0
887 T 1355 2639 1002 0 0
887 T 1166 2503 1555 0 0
887 T 963 787 1168 0 0
887 T 2503 785 1081 0 0
887 T 3320 2408 1811 0 0
887 T 42 3531 3318 0 0
887 T 1809 2704 41 0 0
887 T 3531 2702 2408 0 0
887 T 270 391 1775 0 0
887 T 249 261 272 0 0
887 T 321 267 291 0 0
887 T 283 323 249 0 0
887 T 254 258 253 0 0
887 T 318 302 332 0 0
887 T 307 290 285 0 0
887 T 279 258 297 0 0
887 T 303 305 281 0 0
887 T 248 314 274 0 0
887 T 329 272 248 0 0
887 T 311 295 315 0 0
887 T 295 325 273 0 0
887 T 1773 708 251 0 0
887 T 261 706 391 0 0
887 T 1667 3520 3611 0 0
887 T 3513 1675 3605 0 0
887 T 3609 3310 1130 0 0
887 T 1132 486 1665 0 0
887 T 1669 1102 484 0 0
887 T 486 3312 3520 0 0
887 T 1371 1484 1337 0 0
887 T 1436 1473 1458 0 0
887 T 1481 1395 1427 0 0
887 T 1438 1415 1375 0 0
887 T 1458 1372 1412 0 0
887 T 1390 1354 1401 0 0
887 T 1346 1310 1351 0 0
887 T 1401 1361 1477 0 0
887 T 1330 1302 1415 0 0
887 T 1436 1445 1406 0 0
887 T 1334 1366 1470 0 0
887 T 1385 1349 1382 0 0
887 T 1419 1344 1376 0 0
887 T 1356 1424 1322 0 0
887 T 1324 1315 1314 0 0
887 T 1412 1383 1347 0 0
887 T 1405 1365 1478 0 0
887 T 1297 1337 1377 0 0
887 T 1361 1329 1466 0 0
887 T 1418 1378 1475 0 0
887 T 1400 1430 1358 0 0
887 T 1466 1451 1463 0 0
887 T 1307 1303 1325 0 0
887 T 1300 1306 1342 0 0
887 T 1442 1422 1463 0 0
887 T 1427 1432 1449 0 0
887 T 1339 239 2422 0 0
887 T 2424 1178 1369 0 0
887 T 1178 237 1484 0 0
887 T 2987 2431 25 0 0
887 T 414 2974 2416 0 0
887 T 443 2445 2979 0 0
887 T 1147 118 2985 0 0
887 T 3001 2331 1139 0 0
887 T 2331 1160 2999 0 0
887 T 26 2694 1145 0 0
887 T 118 2696 2431 0 0
887 T 2832 2041 3564 0 0
887 T 3562 2064 3586 0 0
887 T 3588 2035 2830 0 0
887 T 2830 382 2743 0 0
887 T 2741 1023 2851 0 0
887 T 2849 2833 2832 0 0
887 T 2872 2870 2872 -1 0
887 T 2883 2816 2812 0 0
887 T 2848 2870 2826 0 0
887 T 2833 1021 382 0 0
887 T 216 1156 1681 0 0
887 T 1683 1450 202 0 0
887 T 204 217 214 0 0
887 T 207 217 201 0 0
887 T 222 224 222 0 0
887 T 226 212 224 0 0
887 T 217 1452 1156 0 0
887 T 289 1961 1837 0 0
887 T 1839 1282 323 0 0
887 T 267 1284 1961 0 0
887 T 3498 791 2971 0 0
887 T 3465 1215 3500 0 0
887 T 2969 2228 3467 0 0
887 T 1215 2226 791 0 0
887 T 1932 1152 3087 0 0
887 T 3568 3087 345 0 0
887 T 1152 2811 347 0 0
887 T 1720 3199 2905 0 0
887 T 1621 2710 1718 0 0
887 T 2907 3507 1623 0 0
887 T 2710 3505 3199 0 0
887 T 3343 243 3437 0 0
887 T 238 3421 3339 0 0
887 T 2248 3153 3341 0 0
887 T 2213 1038 251 0 0
887 T 323 2018 2215 0 0
887 T 1038 2020 281 0 0
887 T 1995 1133 1028 0 0
887 T 1026 349 197 0 0
887 T 199 1700 1993 0 0
887 T 1700 351 1133 0 0
887 T 1904 1373 1050 0 0
887 T 212 2239 1902 0 0
887 T 2239 583 1373 0 0
887 T 501 2664 595 0 0
887 T 593 2225 2163 0 0
887 T 2161 2400 503 0 0
887 T 2400 2227 2664 0 0
887 T 3560 332 3485 0 0
887 T 3487 3292 46 0 0
887 T 45 3579 3558 0 0
887 T 3579 3290 332 0 0
887 T 3600 2455 1487 0 0
887 T 3657 284 3598 0 0
887 T 1485 2879 3659 0 0
887 T 284 2877 2455 0 0
887 T 3095 130 2137 0 0
887 T 2139 998 3034 0 0
887 T 3036 145 3093 0 0
887 T 328 664 1683 0 0
887 T 664 909 214 0 0
887 T 2487 3516 2889 0 0
887 T 2404 3315 2485 0 0
887 T 2891 1582 2402 0 0
887 T 3315 1584 3516 0 0
887 T 3337 3267 699 0 0
887 T 3342 3251 695 0 0
887 T 697 529 240 0 0
887 T 693 525 244 0 0
887 T 16 2769 2453 0 0
887 T 2449 2784 15 0 0
887 T 2455 2820 2451 0 0
887 T 2784 2818 2769 0 0
887 T 3723 2763 2215 0 0
887 T 2213 3271 3737 0 0
887 T 2296 3269 2763 0 0
887 T 3785 3733 3747 0 0
887 T 3745 1132 3626 0 0
887 T 3628 3219 3787 0 0
887 T 3219 1130 3733 0 0
887 T 896 1057 822 0 0
887 T 824 1292 1088 0 0
887 T 1086 2398 894 0 0
887 T 2398 1290 1057 0 0
887 T 2162 891 2786 0 0
887 T 1637 1060 2164 0 0
887 T 2788 1295 1639 0 0
887 T 1060 1293 891 0 0
887 T 2029 878 795 0 0
887 T 1655 199 2031 0 0
887 T 199 416 878 0 0
887 T 1135 3049 1785 0 0
887 T 2643 2938 1133 0 0
887 T 1787 66 2641 0 0
887 T 2192 182 2272 0 0
887 T 797 254 2270 0 0
887 T 255 848 2190 0 0
887 T 1987 417 1889 0 0
887 T 1891 559 1904 0 0
887 T 3653 283 3603 0 0
887 T 1486 2886 3655 0 0
887 T 3601 2450 1488 0 0
887 T 2886 2452 283 0 0
887 T 2869 2220 2255 0 0
887 T 2253 459 2220 0 0
887 T 914 424 1758 0 0
887 T 669 425 916 0 0
887 T 1760 390 671 0 0
887 T 3280 3512 2 0 0
887 T 30 3312 3278 0 0
887 T 3312 784 3512 0 0
887 T 2595 483 2507 0 0
887 T 2201 244 2593 0 0
887 T 244 734 483 0 0
887 T 746 237 485 0 0
887 T 1210 1436 186 0 0
887 T 1460 715 188 0 0
887 T 1212 713 1473 0 0
887 T 1222 806 1085 0 0
887 T 1087 927 2378 0 0
887 T 2380 980 1224 0 0
887 T 980 925 806 0 0
887 T 3056 1437 3451 0 0
887 T 2916 949 3054 0 0
887 T 3449 3031 2914 0 0
887 T 949 3029 1437 0 0
887 T 2223 2043 1100 0 0
887 T 646 1342 2221 0 0
887 T 1098 803 648 0 0
887 T 1342 801 2043 0 0
887 T 1820 998 544 0 0
887 T 2111 24 1818 0 0
887 T 542 87 2109 0 0
887 T 3415 47 3252 0 0
887 T 3644 5 3413 0 0
887 T 3250 819 3642 0 0
887 T 3345 1151 3594 0 0
887 T 1667 3533 3596 0 0
887 T 3527 1674 3590 0 0
887 T 505 771 15 0 0
887 T 16 1213 931 0 0
887 T 1213 769 551 0 0
887 T 818 3814 3794 0 0
887 T 3796 1737 3249 0 0
887 T 2011 1711 119 0 0
887 T 1712 160 2009 0 0
887 T 887 1935 1766 0 0
887 T 660 1980 885 0 0
887 T 1768 1969 658 0 0
887 T 3447 3605 735 0 0
887 T 733 1673 1544 0 0
887 T 1542 3513 3445 0 0
887 T 3608 2910 3313 0 0
887 T 2910 1674 1584 0 0
887 T 1885 2925 1259 0 0
887 T 1257 1110 828 0 0
887 T 826 2153 1887 0 0
887 T 2153 1112 2925 0 0
887 T 3279 2779 3678 0 0
887 T 745 3299 3277 0 0
887 T 3273 735 3296 0 0
887 T 3680 3038 747 0 0
887 T 3299 3040 2779 0 0
887 T 2478 1193 3210 0 0
887 T 3212 2773 1838 0 0
887 T 1840 1076 2480 0 0
887 T 1076 2775 1193 0 0
887 T 3259 2939 2207 0 0
887 T 1193 3120 3257 0 0
887 T 2205 519 1195 0 0
887 T 3120 517 2939 0 0
887 T 1489 1383 738 0 0
887 T 740 405 185 0 0
887 T 187 1789 1491 0 0
887 T 1789 407 1383 0 0
887 T 3199 996 3383 0 0
887 T 3381 2883 3507 0 0
887 T 2883 994 2710 0 0
887 T 3087 2552 3232 0 0
887 T 3230 20 3479 0 0
887 T 977 3087 3477 0 0
887 T 2552 977 20 0 0
887 T 2231 1056 607 0 0
887 T 1022 613 2250 0 0
887 T 605 691 1714 0 0
887 T 709 613 1728 0 0
887 T 1716 1078 2229 0 0
887 T 1078 2250 1728 0 0
887 T 1078 689 1056 0 0
887 T 1021 710 1077 0 0
887 T 1238 246 1186 0 0
887 T 386 232 1240 0 0
887 T 1188 236 429 0 0
887 T 3029 3704 3682 0 0
887 T 2920 3645 3031 0 0
887 T 3684 525 2918 0 0
887 T 3673 2160 3014 0 0
887 T 3016 3425 2897 0 0
887 T 2899 2645 3675 0 0
887 T 2645 3427 2160 0 0
887 T 3448 3275 56 0 0
887 T 5 3638 3446 0 0
887 T 3638 784 3275 0 0
887 T 2552 3568 132 0 0
887 T 131 345 3230 0 0
887 T 692 610 1023 0 0
887 T 610 1053 710 0 0
887 T 498 399 1850 0 0
887 T 1852 336 272 0 0
887 T 270 370 500 0 0
887 T 2284 3671 3314 0 0
887 T 3316 687 3580 0 0
887 T 3578 3147 2282 0 0
887 T 3147 685 3671 0 0
887 T 3363 2811 3556 0 0
887 T 135 1921 3361 0 0
887 T 1231 3259 3044 0 0
887 T 2105 3112 1229 0 0
887 T 3042 1064 2107 0 0
887 T 3112 1062 3259 0 0
887 T 3118 1043 2478 0 0
887 T 3210 1041 3257 0 0
887 T 257 1491 1548 0 0
887 T 1546 1352 256 0 0
887 T 255 1350 1491 0 0
887 T 2319 2576 1309 0 0
887 T 1311 2546 710 0 0
887 T 712 2656 2317 0 0
887 T 2482 3329 1693 0 0
887 T 2537 3522 2484 0 0
887 T 1695 33 2539 0 0
887 T 3522 34 3329 0 0
887 T 3164 3158 3146 0 0
887 T 3160 3107 3115 0 0
887 T 2601 732 3162 0 0
887 T 3148 2896 2603 0 0
887 T 732 2894 3158 0 0
887 T 972 2487 1087 0 0
887 T 3460 3395 970 0 0
887 T 1085 2876 3458 0 0
887 T 3395 2874 2487 0 0
887 T 1238 2076 1643 0 0
887 T 197 1600 1483 0 0
887 T 1425 906 199 0 0
887 T 1600 908 1395 0 0
887 T 1292 1638 501 0 0
887 T 303 3483 3459 0 0
887 T 3394 3289 301 0 0
887 T 3289 971 3483 0 0
887 T 1668 2717 1894 0 0
887 T 2725 1871 1671 0 0
887 T 1896 3461 3612 0 0
887 T 3517 3463 2717 0 0
887 T 1476 470 2890 0 0
887 T 2892 2428 1209 0 0
887 T 2428 472 714 0 0
887 T 1289 1518 4 0 0
887 T 1740 625 3 0 0
887 T 1291 627 2435 0 0
887 T 1247 1457 2463 0 0
887 T 238 1435 1245 0 0
887 T 2461 1476 240 0 0
887 T 3362 1333 2881 0 0
887 T 2816 1335 3553 0 0
887 T 2054 364 1276 0 0
887 T 1274 338 1824 0 0
887 T 3579 3393 320 0 0
887 T 845 2995 3161 0 0
887 T 1766 731 2995 0 0
887 T 2408 3189 3028 0 0
887 T 2681 3405 2406 0 0
887 T 3026 1709 2683 0 0
887 T 3405 1711 3189 0 0
887 T 1555 3804 3785 0 0
887 T 3735 3809 1553 0 0
887 T 1972 1694 8 0 0
887 T 2280 1047 1694 0 0
887 T 1044 1690 2308 0 0
887 T 1470 1017 493 0 0
887 T 495 311 219 0 0
887 T 217 1285 1472 0 0
887 T 1285 309 1017 0 0
887 T 1830 1659 243 0 0
887 T 2262 2071 1832 0 0
887 T 241 2628 2264 0 0
887 T 2071 2626 1659 0 0
887 T 1254 2614 2458 0 0
887 T 2460 727 516 0 0
887 T 514 392 1256 0 0
887 T 392 725 2614 0 0
887 T 3190 2122 3507 0 0
887 T 3381 1873 3192 0 0
887 T 1873 2883 2122 0 0
887 T 77 561 1333 0 0
887 T 195 1752 78 0 0
887 T 1335 1018 193 0 0
887 T 1752 1020 561 0 0
887 T 585 988 1775 0 0
887 T 3618 2136 3774 0 0
887 T 3776 12 3781 0 0
887 T 3783 1234 3620 0 0
887 T 1234 11 2136 0 0
887 T 287 1771 1522 0 0
887 T 1771 292 2004 0 0
887 T 2492 2590 2 0 0
887 T 2590 691 2199 0 0
887 T 2197 1960 1 0 0
887 T 1960 689 2490 0 0
887 T 2476 684 1998 0 0
887 T 1956 699 2492 0 0
887 T 708 2473 1953 0 0
887 T 2462 1999 700 0 0
887 T 905 1450 540 0 0
887 T 538 217 326 0 0
887 T 1848 401 2232 0 0
887 T 1077 1557 1846 0 0
887 T 1557 1715 401 0 0
887 T 2599 3168 3372 0 0
887 T 3370 2219 3133 0 0
887 T 3135 2289 2597 0 0
887 T 2289 2217 3168 0 0
887 T 1393 622 240 0 0
887 T 1177 624 1427 0 0
887 T 2867 2120 277 0 0
887 T 299 2099 2865 0 0
887 T 2120 2097 258 0 0
887 T 1660 2056 2205 0 0
887 T 2207 2046 2627 0 0
887 T 3561 3098 345 0 0
887 T 132 2582 3563 0 0
887 T 2582 3230 3098 0 0
887 T 3589 134 3344 0 0
887 T 693 3415 3591 0 0
887 T 3415 3249 134 0 0
887 T 2930 2146 2972 0 0
887 T 422 2371 2932 0 0
887 T 2970 2476 424 0 0
887 T 26 2955 2504 0 0
887 T 368 2957 2478 0 0
887 T 2371 2474 2146 0 0
887 T 3487 2751 835 0 0
887 T 833 1521 46 0 0
887 T 3290 1523 2751 0 0
887 T 3294 243 3466 0 0
887 T 3455 239 3298 0 0
887 T 3468 484 3275 0 0
887 T 487 3455 3278 0 0
887 T 3201 232 2840 0 0
887 T 1269 2544 3203 0 0
887 T 2838 2458 1271 0 0
887 T 2544 2460 232 0 0
887 T 556 1560 510 0 0
887 T 512 1217 721 0 0
887 T 723 2165 554 0 0
887 T 2165 1219 1560 0 0
887 T 1059 2584 19 0 0
887 T 3287 1278 3035 0 0
887 T 3140 2140 1278 0 0
887 T 3238 68 3597 0 0
887 T 1486 2856 3240 0 0
887 T 68 2854 2456 0 0
887 T 2889 3733 1606 0 0
887 T 1608 1132 235 0 0
887 T 233 3219 2891 0 0
887 T 1760 2614 1895 0 0
887 T 1893 727 671 0 0
887 T 3323 1619 3526 0 0
887 T 3528 2837 2433 0 0
887 T 2465 2839 1619 0 0
887 T 1208 1529 594 0 0
887 T 596 239 1447 0 0
887 T 1445 1114 1206 0 0
887 T 1114 237 1529 0 0
887 T 1533 241 1105 0 0
887 T 1835 750 1233 0 0
887 T 11 2483 1833 0 0
887 T 750 2481 2135 0 0
887 T 164 3240 284 0 0
887 T 3240 3603 63 0 0
887 T 1091 3062 1709 0 0
887 T 2012 1007 1089 0 0
887 T 439 1226 1987 0 0
887 T 1942 1039 437 0 0
887 T 1607 2744 1756 0 0
887 T 1754 408 236 0 0
887 T 408 2742 1129 0 0
887 T 2494 2679 3026 0 0
887 T 3028 753 3442 0 0
887 T 3444 2233 2496 0 0
887 T 2233 755 2679 0 0
887 T 3032 1375 2936 0 0
887 T 2934 1413 950 0 0
887 T 2352 473 1591 0 0
887 T 1183 349 2350 0 0
887 T 1589 968 1181 0 0
887 T 349 966 473 0 0
887 T 1249 3707 3252 0 0
887 T 526 3705 3501 0 0
887 T 2448 2166 2385 0 0
887 T 2387 555 1928 0 0
887 T 1926 722 2446 0 0
887 T 2437 748 1975 0 0
887 T 2445 760 1973 0 0
887 T 755 2017 2440 0 0
887 T 1927 748 2422 0 0
887 T 467 1267 628 0 0
887 T 626 888 824 0 0
887 T 822 1069 465 0 0
887 T 1069 886 1267 0 0
887 T 2547 1728 798 0 0
887 T 800 615 1312 0 0
887 T 1966 3033 3456 0 0
887 T 3454 146 3520 0 0
887 T 3518 3096 1968 0 0
887 T 660 1105 731 0 0
887 T 208 944 658 0 0
887 T 533 1760 765 0 0
887 T 1235 2172 535 0 0
887 T 767 2517 1233 0 0
887 T 2172 2519 1760 0 0
887 T 1786 3019 2609 0 0
887 T 2611 2483 3390 0 0
887 T 3392 3180 1788 0 0
887 T 3180 2481 3019 0 0
887 T 1456 914 765 0 0
887 T 444 490 1454 0 0
887 T 490 1664 914 0 0
887 T 676 2726 1569 0 0
887 T 2989 1917 674 0 0
887 T 1571 3650 2991 0 0
887 T 1917 3652 2726 0 0
887 T 482 3711 3499 0 0
887 T 2504 2430 2686 0 0
887 T 2688 501 545 0 0
887 T 547 2181 2502 0 0
887 T 2181 503 2430 0 0
887 T 1318 1207 846 0 0
887 T 797 1263 1320 0 0
887 T 655 225 1232 0 0
887 T 225 546 2024 0 0
887 T 2022 1505 1230 0 0
887 T 1505 548 653 0 0
887 T 532 2525 1931 0 0
887 T 3088 2527 1665 0 0
887 T 1603 2 1039 0 0
887 T 284 2233 1601 0 0
887 T 2233 2017 2 0 0
887 T 399 225 1137 0 0
887 T 1139 471 373 0 0
887 T 447 469 225 0 0
887 T 576 1711 2865 0 0
887 T 2867 2297 3412 0 0
887 T 3079 2299 1711 0 0
887 T 861 2344 1460 0 0
887 T 2293 2342 224 0 0
887 T 956 1370 2295 0 0
887 T 1910 2914 111 0 0
887 T 638 1210 1912 0 0
887 T 2914 1212 1083 0 0
887 T 474 415 1008 0 0
887 T 194 394 476 0 0
887 T 1006 381 196 0 0
887 T 1403 2640 2533 0 0
887 T 2535 1003 1392 0 0
887 T 1547 717 1348 0 0
887 T 1310 719 253 0 0
887 T 1485 914 1014 0 0
887 T 2974 916 2877 0 0
887 T 1226 871 1373 0 0
887 T 1375 216 1889 0 0
887 T 1891 435 1228 0 0
887 T 435 214 871 0 0
887 T 441 2919 2386 0 0
887 T 2388 1375 804 0 0
887 T 1375 2917 1643 0 0
887 T 1805 1477 201 0 0
887 T 813 1401 1807 0 0
887 T 203 1363 815 0 0
887 T 1176 3343 3253 0 0
887 T 1159 3340 3259 0 0
887 T 3255 2246 1975 0 0
887 T 229 3522 3633 0 0
887 T 3391 3329 232 0 0
887 T 2131 314 2727 0 0
887 T 1010 1869 314 0 0
887 T 1861 1321 1848 0 0
887 T 1846 928 2151 0 0
887 T 2149 896 1863 0 0
887 T 928 1323 896 0 0
887 T 2971 242 3172 0 0
887 T 3170 3293 2228 0 0
887 T 3201 2570 3619 0 0
887 T 3784 3630 3203 0 0
887 T 2570 3632 1235 0 0
887 T 1753 3175 2904 0 0
887 T 330 2366 1755 0 0
887 T 2902 1764 332 0 0
887 T 2366 1762 3175 0 0
887 T 2527 2561 2516 0 0
887 T 2514 3097 1667 0 0
887 T 3097 2563 3086 0 0
887 T 3130 3006 2306 0 0
887 T 2862 2732 3132 0 0
887 T 2308 736 2864 0 0
887 T 1202 1627 203 0 0
887 T 217 1399 1204 0 0
887 T 1627 1397 205 0 0
887 T 995 351 2815 0 0
887 T 2813 2521 564 0 0
887 T 2521 349 2210 0 0
887 T 12 1705 1021 0 0
887 T 1735 1055 10 0 0
887 T 80 692 1705 0 0
887 T 712 1735 82 0 0
887 T 1483 188 1272 0 0
887 T 1270 728 1340 0 0
887 T 728 186 1370 0 0
887 T 2 1415 1226 0 0
887 T 1275 1304 1 0 0
887 T 2138 3122 3463 0 0
887 T 3461 3360 3095 0 0
887 T 3093 135 2140 0 0
887 T 135 3358 3122 0 0
887 T 3316 213 3394 0 0
887 T 213 687 317 0 0
887 T 771 37 508 0 0
887 T 3097 1060 3480 0 0
887 T 1071 2211 1765 0 0
887 T 2195 1069 1779 0 0
887 T 744 994 1069 0 0
887 T 755 1071 1004 0 0
887 T 2100 1548 119 0 0
887 T 1551 2347 2094 0 0
887 T 380 1780 1515 0 0
887 T 1513 1951 338 0 0
887 T 353 1949 1780 0 0
887 T 3692 3703 2 0 0
887 T 1171 699 1 0 0
887 T 699 3045 3690 0 0
887 T 814 1741 885 0 0
887 T 660 523 816 0 0
887 T 1741 521 1978 0 0
887 T 3475 251 3418 0 0
887 T 2579 1842 3473 0 0
887 T 3420 2783 2577 0 0
887 T 1842 2781 251 0 0
887 T 2286 1559 291 0 0
887 T 1770 435 2288 0 0
887 T 435 2003 1559 0 0
887 T 722 956 1177 0 0
887 T 1179 3270 2448 0 0
887 T 1928 3272 956 0 0
887 T 3128 2375 1624 0 0
887 T 2908 2297 3126 0 0
887 T 2375 2299 3506 0 0
887 T 3464 2943 1758 0 0
887 T 3611 2616 2943 0 0
887 T 3164 2910 3672 0 0
887 T 2281 3606 3162 0 0
887 T 3247 2796 2344 0 0
887 T 3725 2242 3245 0 0
887 T 2242 3717 2796 0 0
887 T 800 2382 100 0 0
887 T 3107 2968 798 0 0
887 T 99 3341 3105 0 0
887 T 2968 3343 2382 0 0
887 T 1861 822 598 0 0
887 T 600 465 1516 0 0
887 T 1514 1071 1863 0 0
887 T 3248 1998 862 0 0
887 T 1245 2476 3246 0 0
887 T 864 682 1247 0 0
887 T 2507 2565 1464 0 0
887 T 1462 997 2792 0 0
887 T 2790 1943 2505 0 0
887 T 1943 999 2565 0 0
887 T 2558 2492 2241 0 0
887 T 3223 1956 2560 0 0
887 T 2243 697 3221 0 0
887 T 1441 1160 1042 0 0
887 T 2306 2857 1443 0 0
887 T 2857 1692 1160 0 0
887 T 3651 3037 1671 0 0
887 T 482 3700 3649 0 0
887 T 3700 1104 3037 0 0
887 T 985 2243 301 0 0
887 T 283 1960 987 0 0
887 T 2243 1958 305 0 0
887 T 1408 594 1248 0 0
887 T 115 2898 1938 0 0
887 T 1940 172 2897 0 0
887 T 963 2127 721 0 0
887 T 723 2173 1168 0 0
887 T 2173 2125 785 0 0
887 T 1955 2969 1536 0 0
887 T 1534 423 706 0 0
887 T 1409 725 716 0 0
887 T 69 1620 2945 0 0
887 T 76 2961 1633 0 0
887 T 2842 3336 70 0 0
887 T 2947 2732 2844 0 0
887 T 3336 2730 1620 0 0
887 T 3022 2197 1363 0 0
887 T 1361 2442 1166 0 0
887 T 1168 3431 3024 0 0
887 T 3431 2444 2197 0 0
887 T 1646 1209 191 0 0
887 T 1094 639 1648 0 0
887 T 634 1620 1123 0 0
887 T 640 1634 1114 0 0
887 T 635 1631 1100 0 0
887 T 1134 1410 1091 0 0
887 T 861 1280 1089 0 0
887 T 1280 222 1231 0 0
887 T 956 1134 1229 0 0
887 T 2257 478 826 0 0
887 T 828 1984 1219 0 0
887 T 1217 290 2259 0 0
887 T 290 1982 478 0 0
887 T 2264 223 2204 0 0
887 T 223 2716 2731 0 0
887 T 9 2714 2262 0 0
887 T 764 274 201 0 0
887 T 203 316 853 0 0
887 T 855 248 762 0 0
887 T 2128 2416 306 0 0
887 T 308 2976 2721 0 0
887 T 3244 2367 2183 0 0
887 T 1167 3174 3242 0 0
887 T 2181 1761 1165 0 0
887 T 641 3524 3375 0 0
887 T 3373 229 3055 0 0
887 T 1250 873 1739 0 0
887 T 3796 875 3706 0 0
887 T 683 1283 465 0 0
887 T 467 1076 867 0 0
887 T 865 2095 681 0 0
887 T 2095 1074 1283 0 0
887 T 2918 902 3502 0 0
887 T 3708 904 3684 0 0
887 T 2716 1139 3141 0 0
887 T 2859 3001 2714 0 0
887 T 2331 2859 3143 0 0
887 T 2867 1786 620 0 0
887 T 2099 191 1786 0 0
887 T 1221 549 2486 0 0
887 T 807 969 549 0 0
887 T 3292 2926 1770 0 0
887 T 1772 777 972 0 0
887 T 3482 779 2926 0 0
887 T 1991 2227 2389 0 0
887 T 2391 2588 2382 0 0
887 T 2384 2246 1947 0 0
887 T 3003 1582 73 0 0
887 T 1576 2998 75 0 0
887 T 568 1584 1137 0 0
887 T 1147 568 1586 0 0
887 T 1575 1158 569 0 0
887 T 1164 570 1599 0 0
887 T 3057 1327 3428 0 0
887 T 2898 898 3059 0 0
887 T 898 3013 1327 0 0
887 T 486 2041 2516 0 0
887 T 2041 1132 3097 0 0
887 T 3327 2475 2242 0 0
887 T 606 1953 3325 0 0
887 T 2244 708 608 0 0
887 T 613 719 2269 0 0
887 T 1563 2304 353 0 0
887 T 793 144 1561 0 0
887 T 3084 3436 3385 0 0
887 T 2022 3534 3082 0 0
887 T 3534 2734 3436 0 0
887 T 3257 3424 1508 0 0
887 T 3615 3218 2613 0 0
887 T 1243 3788 3613 0 0
887 T 2615 3627 1241 0 0
887 T 278 573 189 0 0
887 T 191 1940 1161 0 0
887 T 897 1938 573 0 0
887 T 1876 3124 1336 0 0
887 T 1472 2520 1874 0 0
887 T 2520 1368 3124 0 0
887 T 1831 224 1860 0 0
887 T 1858 2201 2070 0 0
887 T 2380 2247 2607 0 0
887 T 2399 1908 2378 0 0
887 T 834 1183 2846 0 0
887 T 2848 1616 3486 0 0
887 T 2752 1614 1183 0 0
887 T 137 800 2381 0 0
887 T 2392 847 138 0 0
887 T 847 2587 800 0 0
887 T 1084 3668 3615 0 0
887 T 3613 2555 1209 0 0
887 T 2913 2553 3668 0 0
887 T 663 2057 1727 0 0
887 T 685 1175 661 0 0
887 T 1725 2965 687 0 0
887 T 1175 2967 2057 0 0
887 T 1871 310 1353 0 0
887 T 1391 521 1869 0 0
887 T 310 523 1404 0 0
887 T 382 1295 2357 0 0
887 T 2251 2509 384 0 0
887 T 2359 2064 2249 0 0
887 T 3011 1796 2172 0 0
887 T 2170 2530 1688 0 0
887 T 1686 3434 3009 0 0
887 T 3434 2532 1796 0 0
887 T 1674 1618 2896 0 0
887 T 2894 2629 1541 0 0
887 T 2629 1620 736 0 0
887 T 599 2000 2369 0 0
887 T 2148 684 597 0 0
887 T 2305 1382 1565 0 0
887 T 2597 1385 2307 0 0
887 T 1973 1102 2678 0 0
887 T 2680 1 2439 0 0
887 T 748 2 1102 0 0
887 T 3040 1870 1917 0 0
887 T 2301 3301 3205 0 0
887 T 3207 1177 3722 0 0
887 T 1177 3303 3740 0 0
887 T 1398 765 701 0 0
887 T 1244 2356 1400 0 0
887 T 703 1875 1242 0 0
887 T 2356 1873 765 0 0
887 T 3027 14 3383 0 0
887 T 3199 1816 3025 0 0
887 T 961 3750 3704 0 0
887 T 2773 552 963 0 0
887 T 3702 3540 2775 0 0
887 T 552 3538 3750 0 0
887 T 2718 2015 2122 0 0
887 T 2124 1924 3359 0 0
887 T 3357 1966 2720 0 0
887 T 1389 2843 2319 0 0
887 T 2951 1803 1391 0 0
887 T 2317 3129 2949 0 0
887 T 1803 3131 2843 0 0
887 T 921 1184 980 0 0
887 T 2156 2751 923 0 0
887 T 978 1615 2154 0 0
887 T 366 194 965 0 0
887 T 3471 3261 54 0 0
887 T 53 1562 795 0 0
887 T 793 2788 3469 0 0
887 T 2788 1564 3261 0 0
887 T 1504 758 441 0 0
887 T 3180 1835 3353 0 0
887 T 3496 2104 3178 0 0
887 T 3355 2850 3494 0 0
887 T 2104 2852 1835 0 0
887 T 1865 1961 289 0 0
887 T 306 1220 1867 0 0
887 T 1961 1218 288 0 0
887 T 2856 2452 63 0 0
887 T 2109 457 2085 0 0
887 T 2087 1883 24 0 0
887 T 1883 459 1820 0 0
887 T 645 514 1620 0 0
887 T 2466 1339 647 0 0
887 T 1339 2840 514 0 0
887 T 124 177 126 0 0
887 T 140 3296 3605 0 0
887 T 3445 3273 139 0 0
887 T 903 480 2285 0 0
887 T 436 2051 901 0 0
887 T 480 2049 1771 0 0
887 T 1723 272 2908 0 0
887 T 3200 2367 1721 0 0
887 T 272 2365 1717 0 0
887 T 1635 0 1574 0 0
887 T 2998 0 2961 0 0
887 T 2665 1099 25 0 0
887 T 2502 113 2667 0 0
887 T 113 2953 1099 0 0
887 T 2275 1123 2945 0 0
887 T 1115 2963 2273 0 0
887 T 1993 1788 119 0 0
887 T 1787 157 1995 0 0
887 T 3435 3594 1828 0 0
887 T 1667 2733 1826 0 0
887 T 1854 2737 1678 0 0
887 T 811 1125 866 0 0
887 T 868 1520 1065 0 0
887 T 1067 2431 809 0 0
887 T 2431 1518 1125 0 0
887 T 3620 1067 3674 0 0
887 T 2646 1270 3618 0 0
887 T 1270 2900 1067 0 0
887 T 1372 2764 1926 0 0
887 T 2623 1819 401 0 0
887 T 3728 1247 3326 0 0
887 T 1686 665 453 0 0
887 T 2570 1825 1688 0 0
887 T 455 715 2572 0 0
887 T 1825 713 665 0 0
887 T 3778 3615 2084 0 0
887 T 1543 3167 2799 0 0
887 T 2797 2220 3195 0 0
887 T 3193 2290 1541 0 0
887 T 462 50 873 0 0
887 T 1568 178 1493 0 0
887 T 3472 272 3572 0 0
887 T 2828 1638 3470 0 0
887 T 3570 2757 2826 0 0
887 T 1638 2759 272 0 0
887 T 2385 2041 1417 0 0
887 T 2382 2060 3255 0 0
887 T 818 3765 3752 0 0
887 T 3750 3792 3794 0 0
887 T 226 438 1189 0 0
887 T 2704 2324 228 0 0
887 T 1191 901 2702 0 0
887 T 2324 903 438 0 0
887 T 2321 983 1810 0 0
887 T 1014 2320 1800 0 0
887 T 21 3558 3146 0 0
887 T 515 209 370 0 0
887 T 363 211 1253 0 0
887 T 497 364 1776 0 0
887 T 1011 293 1354 0 0
887 T 1424 295 1030 0 0
887 T 3083 128 2107 0 0
887 T 3042 150 3081 0 0
887 T 2361 787 491 0 0
887 T 2911 687 3157 0 0
887 T 229 1623 1149 0 0
887 T 1151 3730 3202 0 0
887 T 2839 3732 1623 0 0
887 T 972 2052 662 0 0
887 T 1726 2068 970 0 0
887 T 1572 2129 1186 0 0
887 T 2319 693 2821 0 0
887 T 2823 1581 710 0 0
887 T 1581 695 2656 0 0
887 T 2498 2107 1480 0 0
887 T 1478 2651 1748 0 0
887 T 1746 1425 2500 0 0
887 T 1425 2649 2107 0 0
887 T 3591 3108 2336 0 0
887 T 1454 920 832 0 0
887 T 422 533 1456 0 0
887 T 533 1577 920 0 0
887 T 2374 2124 36 0 0
887 T 35 3190 2300 0 0
887 T 1553 2485 1781 0 0
887 T 1783 3640 3811 0 0
887 T 3640 2487 3735 0 0
887 T 546 2378 2156 0 0
887 T 1615 1222 548 0 0
887 T 2157 2555 3450 0 0
887 T 3452 231 3092 0 0
887 T 3090 1255 2159 0 0
887 T 1255 229 2555 0 0
887 T 676 2737 1644 0 0
887 T 1237 273 674 0 0
887 T 273 2075 2737 0 0
887 T 2774 3267 3692 0 0
887 T 3267 3537 2 0 0
887 T 1905 838 775 0 0
887 T 1991 775 7 0 0
887 T 8 840 1947 0 0
887 T 457 642 580 0 0
887 T 380 580 2 0 0
887 T 1 644 402 0 0
887 T 2828 1294 796 0 0
887 T 1128 3198 3242 0 0
887 T 2181 1723 1126 0 0
887 T 947 791 2145 0 0
887 T 2931 3500 945 0 0
887 T 1689 2998 3142 0 0
887 T 1800 0 1691 0 0
887 T 3144 2961 1798 0 0
887 T 2720 0 2733 0 0
887 T 1828 0 1893 0 0
887 T 675 1260 1413 0 0
887 T 1260 1197 1332 0 0
887 T 1197 675 1302 0 0
887 T 1954 2590 1171 0 0
887 T 1860 1591 244 0 0
887 T 2595 1589 2072 0 0
887 T 1113 1390 1016 0 0
887 T 1798 2842 1115 0 0
887 T 1724 504 1520 0 0
887 T 1639 1724 4 0 0
887 T 829 1836 2355 0 0
887 T 1241 2529 831 0 0
887 T 1836 2531 1397 0 0
887 T 3008 1443 1733 0 0
887 T 2507 1053 1443 0 0
887 T 362 946 2280 0 0
887 T 1979 948 340 0 0
887 T 1316 928 18 0 0
887 T 896 1907 928 0 0
887 T 1315 18 894 0 0
887 T 698 2796 1246 0 0
887 T 2796 1997 1458 0 0
887 T 3493 3173 2743 0 0
887 T 1606 2904 3495 0 0
887 T 404 750 872 0 0
887 T 409 213 750 0 0
887 T 2280 212 2540 0 0
887 T 1224 1553 4 0 0
887 T 1783 552 3 0 0
887 T 3792 3800 3754 0 0
887 T 3756 782 3771 0 0
887 T 3809 784 3800 0 0
887 T 2339 1785 3068 0 0
887 T 3397 2866 2337 0 0
887 T 689 307 2558 0 0
887 T 1528 491 2173 0 0
887 T 947 3710 3688 0 0
887 T 3686 481 2929 0 0
887 T 246 1717 1756 0 0
887 T 2571 3010 3596 0 0
887 T 290 2315 1514 0 0
887 T 2006 523 292 0 0
887 T 1516 945 2008 0 0
887 T 523 947 2315 0 0
887 T 1581 2715 3306 0 0
887 T 3308 2858 73 0 0
887 T 2918 2168 2980 0 0
887 T 2168 902 825 0 0
887 T 2672 1089 3140 0 0
887 T 2982 1091 2706 0 0
887 T 287 2039 826 0 0
887 T 951 1257 2039 0 0
887 T 197 1702 92 0 0
887 T 1358 1034 199 0 0
887 T 91 615 1360 0 0
887 T 1034 613 1702 0 0
887 T 1732 1037 607 0 0
887 T 2101 0 2124 0 0
887 T 605 650 303 0 0
887 T 301 757 1730 0 0
887 T 1037 759 650 0 0
887 T 2931 3650 3015 0 0
887 T 3013 3697 3688 0 0
887 T 2124 3364 3123 0 0
887 T 4 2297 2256 0 0
887 T 2217 2338 3 0 0
887 T 2338 458 2297 0 0
887 T 452 319 1501 0 0
887 T 1589 1658 2870 0 0
887 T 2872 1829 1860 0 0
887 T 2163 1844 790 0 0
887 T 1214 1842 593 0 0
887 T 3223 1245 3718 0 0
887 T 3294 2993 2391 0 0
887 T 107 3161 3296 0 0
887 T 2389 845 108 0 0
887 T 3696 3709 3698 0 0
887 T 3714 3703 3707 0 0
887 T 3016 946 3694 0 0
887 T 1438 3375 3092 0 0
887 T 1983 904 1557 0 0
887 T 2635 3111 1133 0 0
887 T 2940 3109 2673 0 0
887 T 1132 2832 348 0 0
887 T 484 2691 1463 0 0
887 T 2789 2265 482 0 0
887 T 842 2371 1308 0 0
887 T 1306 2930 1570 0 0
887 T 1493 1488 426 0 0
887 T 450 1486 1568 0 0
887 T 1021 3356 3175 0 0
887 T 2820 1499 1538 0 0
887 T 3492 2782 1540 0 0
887 T 2769 3492 1499 0 0
887 T 492 884 1748 0 0
887 T 1746 622 2176 0 0
887 T 1525 624 884 0 0
887 T 287 2927 2750 0 0
887 T 1294 1660 879 0 0
887 T 877 519 381 0 0
887 T 2358 517 1660 0 0
887 T 1865 3038 1392 0 0
887 T 1390 3299 3213 0 0
887 T 1263 279 1576 0 0
887 T 1207 1635 299 0 0
887 T 1345 1797 670 0 0
887 T 1383 667 1692 0 0
887 T 235 3367 3060 0 0
887 T 3425 3102 233 0 0
887 T 3367 3104 1328 0 0
887 T 888 2434 1088 0 0
887 T 2185 1868 268 0 0
887 T 1281 292 2187 0 0
887 T 2636 1478 1167 0 0
887 T 954 2107 2634 0 0
887 T 1165 2500 956 0 0
887 T 2701 3104 2083 0 0
887 T 2081 701 2405 0 0
887 T 3530 703 3104 0 0
887 T 717 186 342 0 0
887 T 360 739 719 0 0
887 T 3211 3337 1443 0 0
887 T 1887 15 1526 0 0
887 T 1528 2454 303 0 0
887 T 301 2772 1885 0 0
887 T 15 463 852 0 0
887 T 850 44 464 0 0
887 T 3090 2537 2136 0 0
887 T 2134 947 2159 0 0
887 T 1253 945 2537 0 0
887 T 780 661 478 0 0
887 T 353 205 704 0 0
887 T 2634 2443 1404 0 0
887 T 1402 525 2676 0 0
887 T 2644 527 2443 0 0
887 T 3218 1209 2543 0 0
887 T 607 2309 2558 0 0
887 T 2309 3326 3221 0 0
887 T 2055 2359 1196 0 0
887 T 3573 3263 269 0 0
887 T 3263 3402 252 0 0
887 T 750 3523 3091 0 0
887 T 2711 351 2811 0 0
887 T 522 1867 1919 0 0
887 T 313 429 1285 0 0
887 T 295 1019 429 0 0
887 T 849 627 1249 0 0
887 T 1251 881 15 0 0
887 T 881 625 464 0 0
887 T 1748 1367 2139 0 0
887 T 2137 1405 2649 0 0
887 T 739 1387 254 0 0
887 T 676 315 1185 0 0
887 T 275 1854 1032 0 0
887 T 325 1424 1854 0 0
887 T 755 71 1813 0 0
887 T 1801 69 743 0 0
887 T 71 3444 3200 0 0
887 T 2513 600 1379 0 0
887 T 1337 1897 2515 0 0
887 T 600 1899 1299 0 0
887 T 1197 1920 899 0 0
887 T 897 2990 1302 0 0
887 T 3399 457 3411 0 0
887 T 2134 3695 3674 0 0
887 T 3143 1124 2729 0 0
887 T 2276 3143 2843 0 0
887 T 2012 191 1489 0 0
887 T 1789 193 2010 0 0
887 T 2684 1810 234 0 0
887 T 236 3317 3406 0 0
887 T 3576 3570 54 0 0
887 T 748 2761 1178 0 0
887 T 3206 2215 746 0 0
887 T 3526 3642 1623 0 0
887 T 2805 3420 1086 0 0
887 T 1088 2577 3233 0 0
887 T 3235 2781 2807 0 0
887 T 964 1075 509 0 0
887 T 1218 1073 2126 0 0
887 T 2338 39 3178 0 0
887 T 3496 2396 2340 0 0
887 T 39 2394 2102 0 0
887 T 739 564 2189 0 0
887 T 2214 759 588 0 0
887 T 235 3532 3623 0 0
887 T 3024 1466 2234 0 0
887 T 2236 1331 2197 0 0
887 T 930 3593 3630 0 0
887 T 1235 3009 932 0 0
887 T 3312 3277 145 0 0
887 T 1788 2620 2443 0 0
887 T 66 527 2620 0 0
887 T 1544 2599 3147 0 0
887 T 2370 1299 1931 0 0
887 T 680 1343 2239 0 0
887 T 581 1418 678 0 0
887 T 386 1034 293 0 0
887 T 1019 1036 360 0 0
887 T 21 3228 3134 0 0
887 T 3369 2847 22 0 0
887 T 2847 2220 3228 0 0
887 T 2443 3019 2591 0 0
887 T 2833 614 2511 0 0
887 T 1621 5 1510 0 0
887 T 2376 2328 5 0 0
887 T 309 659 1805 0 0
887 T 2144 2697 1101 0 0
887 T 2697 62 481 0 0
887 T 2238 1930 1148 0 0
887 T 1146 842 677 0 0
887 T 1344 844 1930 0 0
887 T 2325 2575 3135 0 0
887 T 2291 179 2327 0 0
887 T 554 1897 1418 0 0
887 T 1604 1331 1651 0 0
887 T 1649 2199 281 0 0
887 T 547 623 2608 0 0
887 T 2606 1263 656 0 0
887 T 1263 621 1508 0 0
887 T 986 708 651 0 0
887 T 568 678 373 0 0
887 T 230 1695 2610 0 0
887 T 1306 3016 2992 0 0
887 T 427 1533 264 0 0
887 T 1762 1613 3 0 0
887 T 2799 2904 4 0 0
887 T 332 2799 1613 0 0
887 T 2578 3482 1888 0 0
887 T 1258 777 2580 0 0
887 T 692 3017 3430 0 0
887 T 1429 2529 3184 0 0
887 T 3182 3433 2108 0 0
887 T 2106 1795 1431 0 0
887 T 1473 2402 680 0 0
887 T 1378 581 2402 0 0
887 T 2289 0 2325 0 0
887 T 6 2396 2291 0 0
887 T 2396 2373 0 0 0
887 T 1180 2497 2173 0 0
887 T 318 758 456 0 0
887 T 3759 938 3789 0 0
887 T 3755 3712 3757 0 0
887 T 3780 13 3786 0 0
887 T 13 2084 1243 0 0
887 T 693 2949 2715 0 0
887 T 2713 3131 2823 0 0
887 T 1591 2848 2030 0 0
887 T 2828 1660 2032 0 0
887 T 3764 3707 3749 0 0
887 T 2774 3337 3047 0 0
887 T 3041 3423 2024 0 0
887 T 189 2117 1712 0 0
887 T 68 2820 64 0 0
887 T 1839 3047 1443 0 0
887 T 1833 1358 3181 0 0
887 T 1656 183 1609 0 0
887 T 1611 193 2032 0 0
887 T 623 1885 1251 0 0
887 T 1379 2807 1539 0 0
887 T 1377 3489 3233 0 0
887 T 2096 2477 321 0 0
887 T 2067 2251 1196 0 0
887 T 1849 1880 184 0 0
887 T 2026 541 497 0 0
887 T 541 400 1880 0 0
887 T 2561 978 1060 0 0
887 T 1549 1844 16 0 0
887 T 2450 249 1551 0 0
887 T 929 1795 536 0 0
887 T 2426 2569 1189 0 0
887 T 1191 454 472 0 0
887 T 1652 988 2 0 0
887 T 834 966 2032 0 0
887 T 2188 790 522 0 0
887 T 1919 792 265 0 0
887 T 148 3081 2108 0 0
887 T 3182 3388 147 0 0
887 T 1206 2661 653 0 0
887 T 655 502 1529 0 0
887 T 2493 1463 2671 0 0
887 T 2669 1449 1127 0 0
887 T 1125 1466 2495 0 0
887 T 2162 1144 2923 0 0
887 T 2921 266 2786 0 0
887 T 816 3474 2921 0 0
887 T 2923 3261 1741 0 0
887 T 887 3263 3474 0 0
887 T 536 2348 812 0 0
887 T 2348 919 366 0 0
887 T 530 1997 1473 0 0
887 T 1475 1899 2525 0 0
887 T 11 507 938 0 0
887 T 940 52 508 0 0
887 T 938 769 4 0 0
887 T 2408 1876 13 0 0
887 T 3113 3664 730 0 0
887 T 3107 2896 3664 0 0
887 T 3530 579 3367 0 0
887 T 2852 3378 1358 0 0
887 T 1360 3541 2834 0 0
887 T 2829 3543 3378 0 0
887 T 2418 1126 861 0 0
887 T 1246 2179 2420 0 0
887 T 2179 683 1126 0 0
887 T 1016 3287 3213 0 0
887 T 1113 3299 3287 0 0
887 T 1105 3281 3294 0 0
887 T 3136 2253 3352 0 0
887 T 3187 2576 3350 0 0
887 T 1789 384 1089 0 0
887 T 2943 1746 2170 0 0
887 T 3462 2517 1746 0 0
887 T 472 1581 679 0 0
887 T 280 1393 569 0 0
887 T 1393 1264 1160 0 0
887 T 208 1117 1808 0 0
887 T 496 195 1367 0 0
887 T 1478 936 494 0 0
887 T 195 934 1405 0 0
887 T 1811 7 2057 0 0
887 T 2059 631 2324 0 0
887 T 3102 2158 1190 0 0
887 T 1192 2647 235 0 0
887 T 2996 1970 1108 0 0
887 T 2747 918 1549 0 0
887 T 2096 365 2745 0 0
887 T 1496 669 1014 0 0
887 T 634 2665 788 0 0
887 T 567 2695 810 0 0
887 T 1517 3773 3758 0 0
887 T 3760 3696 867 0 0
887 T 1066 3694 3773 0 0
887 T 3131 3308 710 0 0
887 T 2904 3195 2339 0 0
887 T 2536 9 2949 0 0
887 T 2415 474 3074 0 0
887 T 3626 884 3611 0 0
887 T 2943 882 1242 0 0
887 T 2321 417 2050 0 0
887 T 648 603 1298 0 0
887 T 1306 601 2223 0 0
887 T 1562 1743 268 0 0
887 T 2801 1104 840 0 0
887 T 234 2698 2803 0 0
887 T 1469 2356 1235 0 0
887 T 552 1195 510 0 0
887 T 1541 1606 6 0 0
887 T 3516 3640 1606 0 0
887 T 2216 3301 2446 0 0
887 T 514 333 1121 0 0
887 T 647 634 333 0 0
887 T 348 1381 1091 0 0
887 T 1744 340 2316 0 0
887 T 2657 2440 2216 0 0
887 T 324 755 2659 0 0
887 T 474 1267 2267 0 0
887 T 2265 1987 1590 0 0
887 T 1987 1265 2349 0 0
887 T 1099 225 2034 0 0
887 T 2016 548 1097 0 0
887 T 2924 1844 1200 0 0
887 T 1198 2579 813 0 0
887 T 1499 2874 1378 0 0
887 T 3234 2876 2769 0 0
887 T 1306 208 1823 0 0
887 T 2062 991 1308 0 0
887 T 2575 1511 3113 0 0
887 T 3115 2757 3351 0 0
887 T 1693 1954 773 0 0
887 T 491 1243 2171 0 0
887 T 2986 2955 2688 0 0
887 T 189 1600 1270 0 0
887 T 2037 676 2935 0 0
887 T 2179 596 1793 0 0
887 T 1795 1408 2418 0 0
887 T 3402 887 3419 0 0
887 T 1711 2697 2496 0 0
887 T 1975 2658 3208 0 0
887 T 1819 1423 2230 0 0
887 T 1423 2623 1846 0 0
887 T 2014 1146 504 0 0
887 T 502 211 1967 0 0
887 T 1921 209 1146 0 0
887 T 2758 2905 4 0 0
887 T 1927 485 1337 0 0
887 T 599 1060 2152 0 0
887 T 474 3151 2983 0 0
887 T 3151 2415 1015 0 0
887 T 606 2565 1817 0 0
887 T 541 1943 608 0 0
887 T 3312 3745 882 0 0
887 T 2859 1735 3132 0 0
887 T 2765 1170 774 0 0
887 T 231 2620 2767 0 0
887 T 1170 2618 2080 0 0
887 T 2545 3105 688 0 0
887 T 3173 3020 1707 0 0
887 T 72 3429 3175 0 0
887 T 1705 691 71 0 0
887 T 1736 74 710 0 0
887 T 1265 1936 2211 0 0
887 T 2209 1902 2351 0 0
887 T 2580 2769 3458 0 0
887 T 1641 3646 2934 0 0
887 T 580 704 1327 0 0
887 T 1325 973 1 0 0
887 T 378 975 704 0 0
887 T 1283 789 2008 0 0
887 T 2467 603 1380 0 0
887 T 222 1121 1140 0 0
887 T 212 400 1121 0 0
887 T 625 3309 3772 0 0
887 T 3148 2799 3371 0 0
887 T 2799 3560 2847 0 0
887 T 152 499 2087 0 0
887 T 2085 85 500 0 0
887 T 1422 1056 2568 0 0
887 T 1201 1034 327 0 0
887 T 273 388 1203 0 0
887 T 3576 3115 2335 0 0
887 T 2333 3664 3322 0 0
887 T 3022 72 3241 0 0
887 T 234 2543 2428 0 0
887 T 3646 2740 2040 0 0
887 T 3783 3743 3732 0 0
887 T 1151 3741 3631 0 0
887 T 3416 1511 3525 0 0
887 T 696 1676 1511 0 0
887 T 2910 3115 2547 0 0
887 T 920 442 1686 0 0
887 T 1688 490 830 0 0
887 T 837 1974 1811 0 0
887 T 3171 1956 1107 0 0
887 T 2225 3283 1956 0 0
887 T 332 376 1880 0 0
887 T 541 446 330 0 0
887 T 2095 810 2179 0 0
887 T 1646 1446 934 0 0
887 T 193 1433 1648 0 0
887 T 2914 169 1911 0 0
887 T 1078 1193 970 0 0
887 T 2086 2027 2110 0 0
887 T 3349 2828 21 0 0
887 T 2254 3225 2828 0 0
887 T 2864 744 1618 0 0
887 T 3334 742 3130 0 0
887 T 3182 2101 3379 0 0
887 T 1127 3441 3024 0 0
887 T 651 585 249 0 0
887 T 1266 3285 3152 0 0
887 T 2178 533 1549 0 0
887 T 215 1471 1594 0 0
887 T 1471 752 832 0 0
887 T 1551 2886 321 0 0
887 T 1062 2676 2207 0 0
887 T 2753 1402 1064 0 0
887 T 2205 527 2755 0 0
887 T 2412 183 2469 0 0
887 T 833 142 1524 0 0
887 T 197 539 1432 0 0
887 T 1400 537 1034 0 0
887 T 3301 588 1974 0 0
887 T 3348 3268 31 0 0
887 T 820 3540 3346 0 0
887 T 1712 61 2707 0 0
887 T 1514 1281 2145 0 0
887 T 2308 2631 744 0 0
887 T 3324 2894 3590 0 0
887 T 644 1437 750 0 0
887 T 2 872 1437 0 0
887 T 215 2873 2403 0 0
887 T 3454 3285 1532 0 0
887 T 588 499 2048 0 0
887 T 2046 1064 2637 0 0
887 T 1882 1062 499 0 0
887 T 2627 527 2536 0 0
887 T 2534 693 2261 0 0
887 T 517 2478 3070 0 0
887 T 1025 368 519 0 0
887 T 1941 2593 2266 0 0
887 T 2654 1512 2911 0 0
887 T 1702 1751 183 0 0
887 T 1263 2586 1207 0 0
887 T 622 2245 2156 0 0
887 T 1596 1288 201 0 0
887 T 988 2047 361 0 0
887 T 1719 344 230 0 0
887 T 344 2711 1150 0 0
887 T 2592 2766 1693 0 0
887 T 520 197 393 0 0
887 T 208 974 339 0 0
887 T 553 2562 598 0 0
887 T 1379 2526 555 0 0
887 T 569 1938 1272 0 0
887 T 2045 2756 2535 0 0
887 T 1346 2318 1496 0 0
887 T 2396 1607 3194 0 0
887 T 1700 188 1545 0 0
887 T 1547 191 1995 0 0
887 T 920 450 665 0 0
887 T 2748 2957 322 0 0
887 T 2957 917 2887 0 0
887 T 1145 1098 2688 0 0
887 T 454 1731 332 0 0
887 T 438 541 1731 0 0
887 T 2 3699 3678 0 0
887 T 792 1198 1143 0 0
887 T 974 1306 1273 0 0
887 T 483 2706 2494 0 0
887 T 477 1443 1853 0 0
887 T 326 1462 479 0 0
887 T 2801 2680 1812 0 0
887 T 586 2657 2301 0 0
887 T 3048 2039 1856 0 0
887 T 1838 478 2039 0 0
887 T 1451 2417 2139 0 0
887 T 2651 1796 1449 0 0
887 T 1077 511 807 0 0
887 T 2257 1838 285 0 0
887 T 4 875 850 0 0
887 T 147 2036 3380 0 0
887 T 1329 813 778 0 0
887 T 780 201 1468 0 0
887 T 2670 2140 863 0 0
887 T 1520 3807 3781 0 0
887 T 11 3805 3759 0 0
887 T 3569 3116 21 0 0
887 T 1528 2880 305 0 0
887 T 1532 1968 1278 0 0
887 T 1280 210 654 0 0
887 T 544 151 2112 0 0
887 T 1446 637 299 0 0
887 T 977 553 2149 0 0
887 T 1682 780 1461 0 0
887 T 3018 12 3354 0 0
887 T 291 1951 1742 0 0
887 T 321 1563 1951 0 0
887 T 222 101 106 0 0
887 T 1119 1478 218 0 0
887 T 1764 1555 548 0 0
887 T 1969 2389 3281 0 0
887 T 1347 1134 348 0 0
887 T 1697 1347 343 0 0
887 T 2062 228 2223 0 0
887 T 1551 932 595 0 0
887 T 808 1845 554 0 0
887 T 920 1486 1044 0 0
887 T 2302 1780 321 0 0
887 T 668 1567 1043 0 0
887 U 52 2 2 0 0
887 U 3 2 2 -1 1
887 U 38 2 2 -1 1
887 U 13 7 8 0 0
887 U 90 8 7 0 0
887 U 591 8 8 0 0
887 U 96 8 7 0 0
887 U 9 7 8 0 0
887 U 571 11 10 0 0
887 U 76 10 9 -1 0
887 U 2329 9 11 0 0
887 U 1065 9 11 0 0
887 U 116 10 9 0 0
887 U 118 12 11 0 0
887 U 566 9 12 0 0
887 U 73 11 12 0 0
887 U 3636 17 14 0 0
887 U 167 14 13 0 0
887 U 3390 13 17 0 0
887 U 3056 15 14 0 0
887 U 642 17 15 0 0
887 U 3067 18 13 0 0
887 U 618 13 15 0 0
887 U 3398 15 18 0 0
887 U 169 14 13 0 0
887 U 39 18 17 0 0
887 U 162 16 15 0 0
887 U 982 23 22 0 0
887 U 226 22 24 0 0
887 U 42 24 23 0 0
887 U 992 23 19 0 0
887 U 207 19 21 0 0
887 U 630 21 23 0 0
887 U 604 21 19 0 0
887 U 1539 19 19 0 0
887 U 64 19 20 0 0
887 U 28 20 19 -1 0
887 U 8 24 23 0 0
887 U 61 30 29 0 0
887 U 3061 25 30 0 0
887 U 2983 29 25 0 0
887 U 3657 27 27 0 0
887 U 1014 27 26 0 0
887 U 2974 26 27 0 0
887 U 159 29 30 0 0
887 U 1007 30 26 0 0
887 U 164 28 27 0 0
887 U 174 27 28 0 0
887 U 3074 28 29 0 0
887 U 231 35 31 0 0
887 U 774 31 34 0 0
887 U 2080 34 35 0 0
887 U 1679 35 33 0 0
887 U 1029 33 32 0 0
887 U 2076 32 35 0 0
887 U 17 33 34 0 0
887 U 2090 31 33 0 0
887 U 110 32 31 -1 0
887 U 58 35 36 0 0
887 U 65 35 36 0 0
887 U 856 45 40 0 0
887 U 1593 40 48 0 0
887 U 431 48 45 0 0
887 U 412 42 40 0 0
887 U 836 40 41 0 0
887 U 98 41 42 0 0
887 U 1585 44 38 0 0
887 U 844 45 44 0 0
887 U 374 38 45 0 0
887 U 1571 48 46 0 0
887 U 59 47 48 0 0
887 U 2470 40 38 0 0
887 U 423 48 43 0 0
887 U 1611 37 40 0 0
887 U 367 41 37 0 0
887 U 809 37 44 0 0
887 U 26 44 43 0 0
887 U 156 40 39 0 0
887 U 1578 43 42 0 0
887 U 830 41 47 0 0
887 U 3740 52 50 0 0
887 U 3722 50 52 0 0
887 U 2301 50 50 0 0
887 U 2294 51 51 0 0
887 U 144 50 49 0 0
887 U 103 49 50 0 0
887 U 154 52 51 0 0
887 U 105 51 52 0 0
887 U 140 54 53 0 0
887 U 107 53 54 0 0
887 U 2283 54 54 0 0
887 U 45 54 53 0 0
887 U 21 53 54 0 0
887 U 32 5 6 0 0
887 U 818 6 6 0 0
887 U 2 6 5 -1 0
887 U 5 5 6 0 0
887 U 47 6 5 0 0
887 U 24 56 55 0 0
887 U 998 55 55 0 0
887 U 87 55 56 0 0
887 U 130 56 55 0 0
887 U 145 55 56 0 0
887 U 2512 57 59 0 0
887 U 91 59 60 0 0
887 U 3541 60 57 0 0
887 U 3585 57 59 0 0
887 U 147 59 60 0 0
887 U 131 57 58 0 0
887 U 3548 58 59 0 0
887 U 94 58 57 0 0
887 U 1117 64 70 0 0
887 U 312 70 64 0 0
887 U 942 64 64 0 0
887 U 936 70 70 0 0
887 U 1108 66 63 0 0
887 U 261 63 66 0 0
887 U 1110 67 61 0 0
887 U 949 67 67 0 0
887 U 285 61 67 0 0
887 U 84 61 62 0 0
887 U 921 62 62 0 0
887 U 20 62 61 -1 0
887 U 121 65 66 0 0
887 U 958 66 66 0 0
887 U 123 66 65 0 0
887 U 297 67 70 0 0
887 U 1096 70 67 0 0
887 U 891 74 74 0 0
887 U 94 74 73 0 0
887 U 19 73 74 0 0
887 U 1156 80 76 0 0
887 U 905 76 76 0 0
887 U 326 76 80 0 0
887 U 318 80 77 0 0
887 U 858 77 77 0 0
887 U 1176 77 80 0 0
887 U 1142 72 74 0 0
887 U 268 74 72 0 0
887 U 910 79 79 0 0
887 U 277 71 76 0 0
887 U 1162 76 71 0 0
887 U 898 71 71 0 0
887 U 121 77 78 0 0
887 U 126 78 77 0 0
887 U 3581 82 84 0 0
887 U 3550 83 82 0 0
887 U 132 84 83 -1 0
887 U 2522 84 82 0 0
887 U 77 82 81 0 0
887 U 3555 81 84 0 0
887 U 136 82 81 0 0
887 U 84 83 84 0 0
887 U 23 85 86 0 0
887 U 1062 86 86 0 0
887 U 85 86 85 0 0
887 U 128 85 86 0 0
887 U 150 86 85 0 0
887 U 6 4 3 0 0
887 U 55 3 4 0 0
887 U 781 4 4 0 0
887 U 29 4 3 0 0
887 U 1 3 4 0 0
887 U 2336 88 88 0 0
887 U 54 87 88 0 0
887 U 22 88 87 -1 0
887 U 133 87 88 0 0
887 U 99 88 87 0 0
887 U 3728 91 89 0 0
887 U 3718 89 91 0 0
887 U 2309 89 89 0 0
887 U 2342 92 92 0 0
887 U 153 91 92 0 0
887 U 101 92 91 0 0
887 U 97 90 89 0 0
887 U 141 89 90 0 0
887 U 443 104 97 0 0
887 U 766 97 99 0 0
887 U 1661 99 104 0 0
887 U 1629 103 101 0 0
887 U 801 96 103 0 0
887 U 336 101 96 0 0
887 U 1644 96 98 0 0
887 U 57 98 97 0 0
887 U 385 97 96 0 0
887 U 764 96 93 0 0
887 U 2410 93 101 0 0
887 U 1654 94 101 0 0
887 U 155 93 94 1 0
887 U 104 100 99 0 0
887 U 355 99 93 0 0
887 U 795 93 100 0 0
887 U 413 99 101 0 0
887 U 787 101 104 0 0
887 U 1627 97 93 0 0
887 U 25 103 104 0 0
887 U 18 106 105 -1 0
887 U 838 105 108 0 0
887 U 2116 108 106 0 0
887 U 2142 106 109 0 0
887 U 233 109 107 0 0
887 U 1010 105 108 0 0
887 U 110 108 107 0 0
887 U 2130 110 107 0 0
887 U 59 109 110 0 0
887 U 1670 106 110 0 0
887 U 61 110 109 0 0
887 U 176 116 115 0 0
887 U 163 115 116 0 0
887 U 3655 116 116 0 0
887 U 1042 116 111 0 0
887 U 2958 111 116 0 0
887 U 3072 115 114 0 0
887 U 1027 114 112 0 0
887 U 3050 112 113 0 0
887 U 158 113 114 0 0
887 U 65 113 114 0 0
887 U 2937 114 112 0 0
887 U 581 120 122 0 0
887 U 1050 118 120 0 0
887 U 212 122 118 0 0
887 U 216 120 122 0 0
887 U 559 122 118 0 0
887 U 1497 120 120 0 0
887 U 68 120 119 0 0
887 U 27 119 120 0 0
887 U 1045 117 122 0 0
887 U 8 118 117 -1 0
887 U 34 117 118 0 0
887 U 3621 128 125 0 0
887 U 166 125 126 0 0
887 U 3406 126 128 0 0
887 U 3058 124 125 0 0
887 U 579 128 124 0 0
887 U 161 123 124 1 0
887 U 3411 124 127 0 0
887 U 575 126 124 0 0
887 U 171 125 126 0 0
887 U 3078 126 127 0 0
887 U 35 128 127 0 0
887 U 1082 132 130 0 0
887 U 636 130 131 0 0
887 U 114 131 132 0 0
887 U 640 130 131 0 0
887 U 112 129 130 0 0
887 U 75 129 130 0 0
887 U 2275 130 132 0 0
887 U 70 132 131 0 0
887 U 12 134 133 0 0
887 U 612 133 133 0 0
887 U 80 133 134 0 0
887 U 82 133 134 0 0
887 U 10 134 133 -1 0
887 U 44 1 1 0 -1
887 U 4 1 1 0 -1
887 U 50 1 1 0 0
887 Q 1318 0 1320 184 0 0 0 0 -1 0
