0
0 d=623
0
623 A 4 0 -1 2 1 -2
623 A 6 0 -1 2 1 -2
623 A 8 0 3 2 -3 -2
623 A 8 0 -3 2 3 -2
623 A 8 0 1 2 -1 -2
623 A 8 0 -1 2 1 -2
623 A 9 0 -2 4 2 -4
623 A 11 0 5 1 -5 -1
623 A 12 0 5 2 -5 -2
623 A 12 0 -1 2 1 -2
623 A -1 1 77 0 -77 0
623 A -1 1 53 0 -53 0
623 A -1 1 25 0 -25 0
623 A 0 1 77 0 -77 0
623 A 0 1 53 0 -53 0
623 A 0 1 25 0 -25 0
623 A -4 1 37 1 -37 -1
623 A -4 1 25 1 -25 -1
623 A -4 1 13 0 -13 0
623 A -4 1 39 1 -39 -1
623 A -4 1 75 2 -75 -2
623 A -4 1 67 1 -67 -1
623 A -4 1 51 1 -51 -1
623 A 3 1 -68 1 68 -1
623 A 3 1 13 0 -13 0
623 A 3 1 -40 1 40 -1
623 A 3 1 -52 1 52 -1
623 A 3 1 -26 1 26 -1
623 A 3 1 -38 1 38 -1
623 A 3 1 -77 2 77 -2
623 A 13 0 -1 2 1 -2
623 A -5 1 18 1 -18 -1
623 A -5 1 55 2 -55 -2
623 A 4 1 -57 2 57 -2
623 A 4 1 -19 1 19 -1
623 A -7 1 68 3 -68 -3
623 A 6 1 -71 3 71 -3
623 A -9 1 28 1 -28 -1
623 A 8 1 -29 1 29 -1
623 A 16 0 -7 6 7 -6
623 A 16 0 -1 2 1 -2
623 A 16 0 1 6 -1 -6
623 A 16 0 7 2 -7 -2
623 A -13 1 12 1 -12 -1
623 A -13 1 27 2 -27 -2
623 A -13 1 66 5 -66 -5
623 A 12 1 -29 2 29 -2
623 A 12 1 -71 5 71 -5
623 A 12 1 -13 1 13 -1
623 A 18 0 7 4 -7 -4
623 A -16 1 41 3 -41 -3
623 A 15 1 -44 3 44 -3
623 A 22 0 -5 10 5 -10
623 A 24 0 11 2 -11 -2
623 A 24 0 -11 4 11 -4
623 A 24 0 -11 10 11 -10
623 A 24 0 7 10 -7 -10
623 A 24 0 7 4 -7 -4
623 A 24 0 -7 2 7 -2
623 A 24 0 5 2 -5 -2
623 A 24 0 -5 4 5 -4
623 A 24 0 1 10 -1 -10
623 A 24 0 1 4 -1 -4
623 A 24 0 -1 2 1 -2
623 A -1 2 90 0 -90 0
623 A 13 0 5 3 5 3
623 A 5 0 -3 2 -2 1
623 A 5 0 2 1 1 -2
623 A 5 0 -2 2 0 -2
623 A 5 0 1 2 1 1
623 A 5 0 -1 1 0 1
623 A 7 0 -4 3 1 3
623 A 7 0 -4 2 1 1
623 A 7 0 -3 1 2 1
623 A 7 0 -3 2 2 -3
623 A 7 0 -3 3 0 -1
623 A 7 0 2 2 -2 1
623 A 7 0 -2 2 0 2
623 A 7 0 1 2 1 -3
623 A 7 0 -1 1 0 -3
623 A 9 0 -5 4 -1 -4
623 A 9 0 4 1 -1 2
623 A 9 0 -4 2 1 1
623 A 9 0 2 2 -2 1
623 A 11 0 -6 5 1 5
623 A 11 0 -6 3 1 1
623 A 11 0 -6 2 -4 -2
623 A 11 0 -5 2 3 2
623 A 11 0 -5 3 4 -5
623 A 11 0 -5 4 3 1
623 A 11 0 -5 5 0 -1
623 A 11 0 -7 5 -1 3
623 A 11 0 -7 4 4 -2
623 A 11 0 4 3 2 -4
623 A 11 0 -4 1 1 4
623 A 11 0 -4 4 0 -4
623 A 11 0 3 5 -1 2
623 A 11 0 3 4 -2 -2
623 A 11 0 3 3 -2 1
623 A 11 0 -3 1 3 -4
623 A 11 0 -3 3 0 2
623 A 11 0 2 5 -2 3
623 A 11 0 2 3 1 -5
623 A 11 0 2 1 1 -4
623 A 11 0 -2 2 0 3
623 A 11 0 -1 1 0 -5
623 A -1 1 73 0 47 0
623 A -1 1 59 0 37 0
623 A -1 1 55 0 17 0
623 A -1 1 49 0 35 0
623 A -1 1 41 0 19 0
623 A 0 1 73 0 47 0
623 A 0 1 59 0 37 0
623 A 0 1 55 0 17 0
623 A 0 1 49 0 35 0
623 A 0 1 41 0 19 0
623 A -2 1 75 1 -39 0
623 A -2 1 73 1 -57 -1
623 A -2 1 71 1 -13 0
623 A -2 1 63 1 17 0
623 A -2 1 59 1 -55 -1
623 A -2 1 47 0 -37 0
623 A -2 1 41 0 -27 0
623 A -2 1 25 0 -19 0
623 A -2 1 21 0 15 0
623 A 1 1 47 0 -37 0
623 A 1 1 41 0 -27 0
623 A 1 1 39 0 -76 1
623 A 1 1 25 0 -19 0
623 A 1 1 21 0 15 0
623 A 1 1 17 0 64 -1
623 A 1 1 13 0 -72 1
623 A 1 1 -56 1 60 -1
623 A 1 1 -58 1 74 -1
623 A -3 1 76 1 38 1
623 A -3 1 70 1 68 1
623 A -3 1 64 1 29 0
623 A -3 1 58 1 74 1
623 A -3 1 52 1 50 1
623 A -3 1 46 1 -40 -1
623 A -3 1 34 1 32 1
623 A -3 1 25 0 -13 0
623 A -3 1 19 0 17 0
623 A 2 1 -77 1 -39 1
623 A 2 1 -75 1 -59 1
623 A 2 1 -71 1 -69 1
623 A 2 1 -65 1 -29 0
623 A 2 1 25 0 -13 0
623 A 2 1 19 0 17 0
623 A 2 1 -33 1 -35 1
623 A 2 1 -41 1 47 -1
623 A 2 1 -51 1 -53 1
623 A -4 1 65 2 23 0
623 A -4 1 49 1 19 0
623 A -4 1 33 1 55 1
623 A -4 1 21 1 43 1
623 A -4 1 17 0 71 2
623 A 3 1 -56 1 -34 1
623 A 3 1 -50 1 -19 0
623 A 3 1 23 0 67 -2
623 A 3 1 17 0 73 -2
623 A 3 1 -22 1 -44 1
623 A 13 0 -7 5 2 5
623 A 13 0 -7 4 2 -6
623 A 13 0 -7 3 2 -5
623 A 13 0 -7 2 2 6
623 A 13 0 -6 1 -2 -3
623 A 13 0 -6 3 -2 -2
623 A 13 0 -6 4 -2 -4
623 A 13 0 -6 5 -2 3
623 A 13 0 -8 6 5 2
623 A 13 0 -8 5 -8 4
623 A 13 0 -5 1 -5 2
623 A 13 0 -5 3 -5 -1
623 A 13 0 -5 4 -5 6
623 A 13 0 -9 6 3 6
623 A 13 0 -4 2 -3 -3
623 A 13 0 -4 3 -3 4
623 A 13 0 -4 5 -3 2
623 A 13 0 -4 6 -3 -4
623 A 13 0 -3 5 -4 -3
623 A 13 0 -3 6 -4 -5
623 A 13 0 -2 4 -6 -1
623 A 13 0 -1 3 1 5
623 A 13 0 -1 4 1 3
623 A 13 0 -1 5 1 2
623 A 13 0 -1 6 1 4
623 A 13 0 3 2 4 1
623 A 13 0 3 5 4 4
623 A -5 1 73 2 48 1
623 A -5 1 63 2 -36 -1
623 A -5 1 53 2 71 2
623 A -5 1 38 1 40 1
623 A -5 1 57 2 16 1
623 A -5 1 69 2 44 1
623 A -5 1 24 1 -75 -2
623 A -5 1 26 1 17 0
623 A -5 1 15 0 -42 -1
623 A 4 1 -75 2 -49 1
623 A 4 1 -71 2 -45 1
623 A 4 1 -43 1 15 0
623 A 4 1 -39 1 -41 1
623 A 4 1 17 0 27 -1
623 A 4 1 -17 1 -59 2
623 A 4 1 -25 1 77 -2
623 A 4 1 -37 1 65 -2
623 A 4 1 -73 2 -55 2
623 A -6 1 73 3 41 1
623 A -6 1 55 2 -19 -1
623 A -6 1 43 2 59 2
623 A -6 1 43 1 -13 -1
623 A -6 1 17 1 -71 -3
623 A -6 1 23 1 -65 -2
623 A -6 1 47 2 -35 -1
623 A -6 1 53 2 -71 -2
623 A 5 1 -73 2 55 -2
623 A 5 1 -42 1 -76 3
623 A 5 1 -57 2 20 -1
623 A 5 1 -67 2 24 -1
623 A 5 1 -44 1 14 -1
623 A 5 1 -36 1 49 -2
623 A 5 1 -61 2 -45 2
623 A 5 1 -74 3 18 -1
623 A -7 1 57 2 -39 -2
623 A -7 1 36 1 16 1
623 A -7 1 62 3 24 1
623 A -7 1 59 2 -12 -1
623 A -7 1 45 2 -33 -2
623 A -7 1 10 1 -28 -1
623 A -7 1 18 1 74 3
623 A -7 1 70 3 -30 -1
623 A 6 1 -77 3 -19 1
623 A 6 1 -59 2 41 -2
623 A 6 1 -29 1 11 -1
623 A 6 1 -13 1 61 -2
623 A 6 1 -25 1 -65 3
623 A 6 1 -31 1 73 -3
623 A 6 1 -37 1 -17 1
623 A 6 1 -35 2 47 -2
623 A -8 1 19 1 -39 -2
623 A -8 1 35 2 -55 -3
623 A -8 1 51 3 49 2
623 A -8 1 67 4 -7 -1
623 A -8 1 65 3 -57 -3
623 A -8 1 41 2 -69 -3
623 A -8 1 25 1 -29 -2
623 A -8 1 17 1 -9 -1
623 A -8 1 71 4 -27 -1
623 A -8 1 69 4 -13 -1
623 A -8 1 29 1 47 2
623 A 7 1 -43 2 72 -3
623 A 7 1 -20 1 41 -2
623 A 7 1 -18 1 10 -1
623 A 7 1 -60 3 68 -3
623 A 7 1 -26 1 31 -2
623 A 7 1 -30 1 -49 2
623 A 7 1 -37 2 58 -3
623 A 7 1 -51 2 -54 3
623 A 7 1 -28 1 75 -4
623 A 7 1 -14 1 73 -4
623 A 7 1 -8 1 71 -4
623 A 15 0 -8 7 8 -4
623 A 15 0 -5 7 2 -7
623 A 15 0 4 4 -1 -7
623 A 15 0 -1 2 -2 4
623 A -9 1 52 3 65 4
623 A -9 1 43 2 44 3
623 A -9 1 25 2 35 2
623 A -9 1 73 4 14 1
623 A -9 1 37 2 20 1
623 A -9 1 8 1 49 2
623 A -9 1 71 4 31 2
623 A -9 1 67 4 -22 -1
623 A -9 1 58 3 41 2
623 A 8 1 -21 1 -39 2
623 A 8 1 -37 2 -27 2
623 A 8 1 -45 2 -47 3
623 A 8 1 -61 3 -43 2
623 A 8 1 -69 4 -55 3
623 A 8 1 -77 4 -15 1
623 A 8 1 -23 1 71 -4
623 A 8 1 -9 1 -51 2
623 A 8 1 -33 2 -75 4
623 A -10 1 47 3 75 4
623 A -10 1 23 2 -63 -4
623 A -10 1 43 3 -51 -4
623 A -10 1 33 2 -35 -3
623 A -10 1 69 5 21 1
623 A -10 1 69 4 -49 -3
623 A -10 1 39 2 15 1
623 A 9 1 -41 2 -16 1
623 A 9 1 -22 1 -74 5
623 A 9 1 -67 4 25 -2
623 A 9 1 -35 2 38 -3
623 A 9 1 -46 3 55 -4
623 A 9 1 -73 4 52 -3
623 A 9 1 -79 4 -50 3
623 A 16 0 -9 6 -7 2
623 A 16 0 -5 2 -3 -2
623 A 16 0 -5 6 -3 2
623 A 16 0 -3 6 -5 -6
623 A 16 0 -1 6 1 2
623 A 16 0 3 6 5 2
623 A -11 1 23 2 32 3
623 A -11 1 12 1 -48 -3
623 A -11 1 21 2 -55 -4
623 A -11 1 36 3 -16 -1
623 A -11 1 14 1 62 5
623 A -11 1 50 3 -70 -5
623 A -11 1 72 5 67 4
623 A -11 1 46 3 57 4
623 A 10 1 -49 3 -61 4
623 A 10 1 -51 3 13 -1
623 A 10 1 -71 4 -77 5
623 A 10 1 -15 1 -67 5
623 A 10 1 -25 2 -35 3
623 A 10 1 -75 5 53 -3
623 A 10 1 -39 3 17 -1
623 A 10 1 -59 4 23 -2
623 A -12 1 55 4 77 5
623 A -12 1 67 6 17 1
623 A -12 1 61 5 59 5
623 A -12 1 25 2 23 2
623 A -12 1 13 1 11 1
623 A -12 1 23 1 -59 -4
623 A -12 1 25 1 -61 -4
623 A -12 1 41 3 -53 -4
623 A 11 1 -65 4 26 -1
623 A 11 1 -63 4 24 -1
623 A 11 1 -82 5 -59 4
623 A 11 1 -18 1 -73 6
623 A 11 1 -57 4 44 -3
623 A 11 1 -66 5 -64 5
623 A 11 1 -27 2 -25 2
623 A 11 1 -14 1 -12 1
623 A 17 0 -9 8 -6 3
623 A 17 0 -9 4 7 -8
623 A 17 0 -9 3 7 -5
623 A 17 0 -8 2 -5 4
623 A 17 0 -8 5 -1 4
623 A 17 0 -8 6 -3 8
623 A 17 0 7 3 2 -4
623 A 17 0 -7 2 3 8
623 A 17 0 -7 4 3 4
623 A 17 0 -7 6 4 7
623 A 17 0 -7 7 0 -4
623 A 17 0 -11 8 5 2
623 A 17 0 -11 7 1 6
623 A 17 0 6 3 -2 -5
623 A 17 0 6 2 1 4
623 A 17 0 -6 4 4 8
623 A 17 0 -12 8 2 4
623 A 17 0 5 7 -4 8
623 A 17 0 5 4 1 -8
623 A 17 0 -5 6 -1 6
623 A 17 0 -5 8 2 6
623 A 17 0 -4 4 0 -7
623 A 17 0 -4 6 1 -3
623 A 17 0 3 5 -3 4
623 A 17 0 3 3 1 8
623 A 17 0 -3 3 0 2
623 A 17 0 -3 5 -2 5
623 A 17 0 -2 2 0 3
623 A 17 0 -2 3 2 -6
623 A 17 0 -1 2 3 -6
623 A -13 1 45 4 54 5
623 A -13 1 32 3 67 6
623 A -13 1 72 5 -15 -2
623 A 12 1 -17 2 77 -5
623 A 12 1 -49 4 -59 5
623 A 12 1 -73 6 -35 3
623 A 18 0 -7 2 7 -8
623 A 18 0 5 8 1 -2
623 A 18 0 5 2 1 -8
623 A 18 0 -5 4 -1 -4
623 A -14 1 21 1 -15 -1
623 A -14 1 65 7 57 6
623 A -14 1 51 5 39 3
623 A -14 1 31 3 55 5
623 A -14 1 41 3 29 2
623 A -14 1 27 2 15 2
623 A -14 1 13 2 -19 -1
623 A -14 1 45 4 45 3
623 A 13 1 -20 1 15 -2
623 A 13 1 -31 2 -44 3
623 A 13 1 -48 3 -49 4
623 A 13 1 -22 1 16 -1
623 A 13 1 -17 2 -29 2
623 A 13 1 -56 5 -42 3
623 A 13 1 -63 6 -72 7
623 A 13 1 -34 3 -60 5
623 A 19 0 -10 3 -8 2
623 A 19 0 -9 2 -4 7
623 A 19 0 -9 3 -5 7
623 A 19 0 -8 5 6 -9
623 A 19 0 -8 7 -4 -9
623 A 19 0 -12 9 -3 -9
623 A 19 0 -7 2 -4 6
623 A 19 0 -7 3 6 -5
623 A 19 0 -13 9 -1 -7
623 A 19 0 -5 2 5 -3
623 A 19 0 -4 5 -1 5
623 A 19 0 -3 5 2 -5
623 A 19 0 -3 6 8 3
623 A 19 0 -3 7 7 2
623 A 19 0 -3 9 -3 -5
623 A 19 0 -2 6 5 2
623 A 19 0 -2 7 6 3
623 A 19 0 -1 2 5 9
623 A 19 0 1 5 -4 -3
623 A 19 0 2 3 -3 -2
623 A 19 0 6 2 7 3
623 A -15 1 49 6 -34 -3
623 A -15 1 49 4 17 2
623 A -15 1 19 2 -52 -5
623 A -15 1 35 4 -56 -5
623 A -15 1 16 1 29 2
623 A 14 1 -37 3 55 -6
623 A 14 1 -19 2 -53 4
623 A 14 1 -61 5 39 -4
623 A 14 1 -17 1 -31 2
623 A 14 1 -57 5 21 -2
623 A -16 1 21 2 47 5
623 A -16 1 11 2 -63 -7
623 A -16 1 17 3 19 3
623 A -16 1 25 3 67 7
623 A 15 1 -13 2 70 -7
623 A 15 1 -28 3 -74 7
623 A 15 1 -23 2 -52 5
623 A 15 1 -22 3 -20 3
623 A 20 0 9 2 3 -6
623 A 20 0 -9 6 1 2
623 A 20 0 7 6 1 -2
623 A 20 0 -5 2 -3 -2
623 A 20 0 3 6 -3 2
623 A -17 1 44 5 -22 -3
623 A -17 1 24 3 29 4
623 A -17 1 58 7 -48 -5
623 A -17 1 60 7 -21 -2
623 A -17 1 57 6 -18 -1
623 A 16 1 -25 3 49 -5
623 A 16 1 -19 1 63 -6
623 A 16 1 -33 4 -27 3
623 A 16 1 -65 7 53 -5
623 A 16 1 -23 2 67 -7
623 A 21 0 -10 5 13 -8
623 A 21 0 5 8 -5 -5
623 A -18 1 25 3 -67 -7
623 A -18 1 25 2 17 2
623 A -18 1 11 2 -23 -2
623 A -18 1 29 4 -71 -8
623 A 17 1 -27 2 -19 2
623 A 17 1 -25 2 13 -2
623 A 17 1 -79 8 33 -4
623 A 17 1 -74 7 28 -3
623 A -19 1 37 4 -43 -4
623 A -19 1 3 2 28 3
623 A 18 1 -41 4 47 -4
623 A 18 1 -31 3 -5 2
623 A 23 0 -11 11 0 5
623 A 23 0 -13 7 -1 -5
623 A 23 0 -13 4 -1 -3
623 A 23 0 10 3 -8 -7
623 A 23 0 -14 6 8 6
623 A 23 0 9 4 4 -3
623 A 23 0 -9 3 -7 8
623 A 23 0 -9 5 9 -6
623 A 23 0 -8 3 -1 4
623 A 23 0 -8 8 0 4
623 A 23 0 -16 11 7 -3
623 A 23 0 -7 7 0 -2
623 A 23 0 6 11 2 -4
623 A 23 0 6 7 6 -5
623 A 23 0 6 3 -1 8
623 A 23 0 5 11 -4 -3
623 A 23 0 5 3 -3 4
623 A 23 0 -5 5 0 11
623 A 23 0 4 5 -3 -6
623 A 23 0 -4 4 0 8
623 A 23 0 -3 3 0 3
623 A 23 0 -2 2 0 -7
623 A 23 0 -3 6 -4 8
623 A -20 1 29 5 -61 -9
623 A -20 1 51 7 -27 -3
623 A -20 1 55 9 -63 -7
623 A -20 1 13 2 31 3
623 A 19 1 -70 7 64 -9
623 A 19 1 -70 9 34 -5
623 A 19 1 -58 7 30 -3
623 A 19 1 -34 3 -15 2
623 A -21 1 58 7 17 2
623 A -21 1 5 2 7 2
623 A -21 1 50 9 52 9
623 A 20 1 -19 2 -65 7
623 A 20 1 -61 9 -59 9
623 A 20 1 -9 2 -7 2
623 A -22 1 33 7 -73 -9
623 A -22 1 53 8 43 7
623 A 21 1 -40 7 82 -9
623 A 21 1 -61 8 -50 7
623 A -1 2 -26 1 -31 1
623 A -1 2 -54 1 99 0
623 A 25 0 -13 12 -12 6
623 A 25 0 -13 6 1 8
623 A 25 0 -13 4 -7 8
623 A 25 0 -12 12 0 8
623 A 25 0 -14 12 6 11
623 A 25 0 -14 4 10 -11
623 A 25 0 -11 6 5 11
623 A 25 0 10 4 1 -11
623 A 25 0 -16 11 5 6
623 A 25 0 9 4 -1 8
623 A 25 0 -9 8 7 6
623 A 25 0 -17 11 2 12
623 A 25 0 -8 8 0 12
623 A 25 0 -18 12 -2 -4
623 A 25 0 6 12 6 -4
623 A 25 0 6 6 1 12
623 A 25 0 -3 6 -4 8
623 A -3 2 52 1 41 0
623 A -3 2 32 1 -50 -1
623 A -3 2 53 0 -71 0
623 A -3 2 107 1 52 0
623 A -3 2 82 0 -130 0
623 A 1 2 130 0 -82 0
623 A 1 2 71 0 -53 0
623 A 1 2 52 0 108 -1
623 A 1 2 41 0 53 -1
623 A 1 2 -33 1 51 -1
623 A -5 2 96 1 -128 -2
623 A -5 2 51 1 -108 -1
623 A -5 2 24 1 112 1
623 A -5 2 53 0 -100 -1
623 A 3 2 -113 1 -25 1
623 A 3 2 -101 1 53 0
623 A 3 2 -97 1 130 -2
623 A 3 2 -109 1 52 -1
623 A -7 2 40 1 53 0
623 A 5 2 -41 1 -53 0
623 A -23 1 50 7 -44 -9
623 A -23 1 45 8 -44 -5
623 A -23 1 11 2 -36 -5
623 A 22 1 -57 7 53 -9
623 A 22 1 -53 8 49 -5
623 A 22 1 -41 5 13 -2
623 A -8 2 29 0 131 2
623 A 6 2 29 0 133 -2
623 A -9 2 49 2 -136 -4
623 A -9 2 35 1 52 1
623 A -9 2 97 3 53 1
623 A 7 2 -100 3 -54 1
623 A 7 2 -51 2 140 -4
623 A 7 2 -53 1 -36 1
623 A -24 1 77 11 -53 -8
623 A -24 1 25 6 35 5
623 A 23 1 -88 11 61 -8
623 A 23 1 -40 5 -31 6
623 A -11 2 123 5 112 3
623 A -11 2 72 2 -25 -1
623 A -11 2 55 1 100 3
623 A 9 2 -128 5 -115 3
623 A 9 2 -74 2 26 -1
623 A 9 2 -56 1 -103 3
623 A 27 0 -14 13 -1 -13
623 A -13 2 139 5 -55 -1
623 A 11 2 -56 1 144 -5
623 A 28 0 -13 10 -11 10
623 A 28 0 3 10 1 10
623 A -26 1 51 8 -77 -12
623 A 25 1 -59 8 89 -12
623 A -15 2 46 3 -103 -5
623 A 13 2 -108 5 49 -3
623 A 29 0 -14 14 0 13
623 A 29 0 -13 7 8 -10
623 A 29 0 -13 13 0 14
623 A 29 0 6 7 2 -10
623 A -27 1 52 9 62 13
623 A 26 1 -61 9 -75 13
623 A -28 1 71 11 21 2
623 A 27 1 -23 2 -82 11
623 A -26 2 27 2 129 10
623 A 24 2 -139 10 -29 2
623 A -37 1 14 3 64 15
623 A 36 1 -17 3 -79 15
623 S 0 5 12 0
623 S 0 1 12 0
623 S 0 1 6 0
623 S -1 1 4 0
623 S 3 1 8 0
623 S 1 3 8 0
623 S -3 1 6 0
623 S -6 4 11 0
623 S 4 1 11 0
623 S -3 2 11 0
623 S -2 5 11 0
623 S 1 3 11 0
623 S 3 5 12 0
623 S 3 1 12 0
623 S 3 2 9 0
623 S -3 1 9 0
623 S -3 4 9 0
623 S 3 1 7 0
623 S 2 3 7 0
623 S -1 2 7 0
623 S -5 2 9 0
623 S 2 1 9 0
623 S -1 4 9 0
623 S -8 5 12 0
623 S -4 1 12 0
623 S -5 1 11 0
623 S -4 3 11 0
623 S -3 5 11 0
623 S 2 4 11 0
623 S 1 2 11 0
623 S 2 1 6 0
623 S -4 3 8 0
623 S -4 1 8 0
623 S 0 1 4 0
623 S -1 1 6 0
623 S -5 5 12 0
623 S -1 1 12 0
623 T 288 1312 311 0 0
623 T 313 1328 1175 0 0
623 T 1177 1326 290 0 0
623 T 1326 1330 1312 0 0
623 T 1226 1272 1240 0 0
623 T 1278 1270 1256 0 0
623 T 1262 1294 1280 0 0
623 T 1271 1243 1275 0 0
623 T 1327 1319 1300 0 0
623 T 1301 1324 1287 0 0
623 T 1316 1318 1316 0 0
623 T 1250 1280 1232 0 0
623 T 1484 1053 1900 0 0
623 T 1563 1438 1902 0 0
623 T 1053 1462 1565 0 0
623 T 1438 1460 1486 0 0
623 T 1516 1490 1502 0 0
623 T 1478 1481 1480 0 0
623 T 1436 1444 1440 0 0
623 T 1497 1515 1483 0 0
623 T 1119 581 2117 0 0
623 T 2201 2013 1121 0 0
623 T 2115 691 2199 0 0
623 T 2013 693 581 0 0
623 T 2077 1023 2108 0 0
623 T 1589 2129 2075 0 0
623 T 2110 1917 1587 0 0
623 T 2129 1915 1023 0 0
623 T 119 461 1552 0 0
623 T 1554 80 462 0 0
623 T 2164 379 2179 0 0
623 T 2181 2126 2094 0 0
623 T 2092 1880 2166 0 0
623 T 1880 2124 379 0 0
623 T 1658 1913 1810 0 0
623 T 1808 1866 624 0 0
623 T 626 355 1656 0 0
623 T 355 1864 1913 0 0
623 T 1932 1375 746 0 0
623 T 1513 1153 1934 0 0
623 T 744 347 1511 0 0
623 T 1153 349 1375 0 0
623 T 824 1694 607 0 0
623 T 1632 1132 826 0 0
623 T 609 1957 1634 0 0
623 T 1132 1955 1694 0 0
623 T 233 1830 2061 0 0
623 T 962 367 231 0 0
623 T 2059 1947 960 0 0
623 T 367 1949 1830 0 0
623 T 122 1535 437 0 0
623 T 435 620 40 0 0
623 T 1854 622 1535 0 0
623 T 2180 931 2170 0 0
623 T 2168 1802 382 0 0
623 T 2163 1800 931 0 0
623 T 561 1092 1635 0 0
623 T 1637 269 1836 0 0
623 T 1838 1551 559 0 0
623 T 1551 267 1092 0 0
623 T 1100 291 191 0 0
623 T 157 1129 1102 0 0
623 T 1118 1113 180 0 0
623 T 1124 156 1107 0 0
623 T 234 1127 192 0 0
623 T 210 293 232 0 0
623 T 291 265 281 0 0
623 T 265 267 243 0 0
623 T 254 249 269 0 0
623 T 241 220 259 0 0
623 T 214 284 244 0 0
623 T 228 252 284 0 0
623 T 258 288 236 0 0
623 T 215 219 216 0 0
623 T 214 233 224 0 0
623 T 256 276 274 0 0
623 T 236 208 278 0 0
623 T 1 977 763 0 0
623 T 696 588 2 0 0
623 T 977 590 223 0 0
623 T 1935 1767 1422 0 0
623 T 1823 1148 1937 0 0
623 T 1420 741 1825 0 0
623 T 1148 739 1767 0 0
623 T 1891 1879 1885 0 0
623 T 1942 1926 1914 0 0
623 T 1920 1928 1940 0 0
623 T 1896 1880 1906 0 0
623 T 1883 380 2144 0 0
623 T 2146 2125 1893 0 0
623 T 1278 1381 1188 0 0
623 T 1504 1029 1276 0 0
623 T 1190 323 1506 0 0
623 T 1029 325 1381 0 0
623 T 2172 338 2176 0 0
623 T 2178 2123 2085 0 0
623 T 2083 1942 2174 0 0
623 T 1942 2125 338 0 0
623 T 993 281 177 0 0
623 T 390 291 991 0 0
623 T 175 263 388 0 0
623 T 666 900 1292 0 0
623 T 1294 2 1106 0 0
623 T 1104 546 664 0 0
623 T 546 1 900 0 0
623 T 165 161 177 0 0
623 T 156 172 189 0 0
623 T 184 176 190 0 0
623 T 185 169 181 0 0
623 T 174 161 169 0 0
623 T 703 740 163 0 0
623 T 175 243 705 0 0
623 T 740 245 161 0 0
623 T 1533 1261 1970 0 0
623 T 1968 135 1737 0 0
623 T 1735 488 1531 0 0
623 T 488 137 1261 0 0
623 T 1392 1934 1750 0 0
623 T 1681 1513 1394 0 0
623 T 1748 1151 1679 0 0
623 T 1216 1701 1338 0 0
623 T 1336 579 316 0 0
623 T 329 1335 568 0 0
623 T 330 549 1332 0 0
623 T 580 321 1331 0 0
623 T 318 780 1218 0 0
623 T 780 581 1701 0 0
623 T 943 1492 1141 0 0
623 T 1500 1144 77 0 0
623 T 963 1144 1508 0 0
623 T 1608 629 945 0 0
623 T 1139 471 1610 0 0
623 T 629 473 1492 0 0
623 T 2037 633 2198 0 0
623 T 1089 308 2035 0 0
623 T 2196 1619 1087 0 0
623 T 308 1621 633 0 0
623 T 1785 1978 1160 0 0
623 T 96 1991 1783 0 0
623 T 1978 1993 123 0 0
623 T 1393 715 862 0 0
623 T 860 1020 363 0 0
623 T 365 1066 1391 0 0
623 T 1066 1022 715 0 0
623 T 78 1986 1518 0 0
623 T 1490 1984 1144 0 0
623 T 1522 1432 1074 0 0
623 T 1383 1540 1072 0 0
623 T 1432 154 1385 0 0
623 T 1540 152 1520 0 0
623 T 1120 568 234 0 0
623 T 2048 329 1122 0 0
623 T 232 1337 2050 0 0
623 T 712 243 1440 0 0
623 T 1442 269 1416 0 0
623 T 1418 265 714 0 0
623 T 612 884 173 0 0
623 T 743 143 614 0 0
623 T 171 1156 745 0 0
623 T 143 1158 884 0 0
623 T 506 1240 1003 0 0
623 T 580 1226 504 0 0
623 T 1005 1274 582 0 0
623 T 502 1780 1548 0 0
623 T 1250 148 500 0 0
623 T 1550 1964 1248 0 0
623 T 148 1966 1780 0 0
623 T 227 1247 2052 0 0
623 T 2184 2111 229 0 0
623 T 2111 1847 1247 0 0
623 T 1548 2004 661 0 0
623 T 659 1630 966 0 0
623 T 631 1623 948 0 0
623 T 964 254 1550 0 0
623 T 254 1628 2004 0 0
623 T 887 585 140 0 0
623 T 142 143 150 0 0
623 T 136 144 140 0 0
623 T 151 153 151 0 0
623 T 149 153 135 0 0
623 T 148 722 889 0 0
623 T 722 145 585 0 0
623 T 1056 1256 483 0 0
623 T 610 1278 1058 0 0
623 T 485 1268 608 0 0
623 T 528 540 611 0 0
623 T 595 587 624 0 0
623 T 541 620 563 0 0
623 T 574 572 574 -1 0
623 T 556 520 626 0 0
623 T 604 550 522 0 0
623 T 543 523 618 0 0
623 T 551 571 531 0 0
623 T 566 602 580 0 0
623 T 593 577 583 0 0
623 T 609 538 599 0 0
623 T 593 134 530 0 0
623 T 536 560 578 0 0
623 T 596 525 555 0 0
623 T 546 590 568 0 0
623 T 708 372 530 0 0
623 T 613 161 710 0 0
623 T 372 159 540 0 0
623 T 1528 828 1798 0 0
623 T 1796 1480 1178 0 0
623 T 1176 929 1530 0 0
623 T 929 1482 828 0 0
623 T 1957 538 1697 0 0
623 T 92 1641 1955 0 0
623 T 1695 783 91 0 0
623 T 1641 785 538 0 0
623 T 95 1616 1974 0 0
623 T 1972 563 1704 0 0
623 T 1706 805 96 0 0
623 T 805 565 1616 0 0
623 T 598 147 791 0 0
623 T 698 400 596 0 0
623 T 147 402 262 0 0
623 T 891 38 1222 0 0
623 T 1220 458 167 0 0
623 T 169 1010 893 0 0
623 T 1010 456 38 0 0
623 T 692 941 142 0 0
623 T 144 548 694 0 0
623 T 941 550 138 0 0
623 T 774 746 113 0 0
623 T 98 172 772 0 0
623 T 1820 193 1913 0 0
623 T 1030 291 1822 0 0
623 T 1911 1102 1028 0 0
623 T 1860 1441 503 0 0
623 T 2009 1091 1862 0 0
623 T 505 1952 2007 0 0
623 T 2015 499 1955 0 0
623 T 1091 1954 1441 0 0
623 T 417 1728 1649 0 0
623 T 691 1238 415 0 0
623 T 1647 967 693 0 0
623 T 1635 674 980 0 0
623 T 1238 969 1728 0 0
623 T 195 1489 1431 0 0
623 T 308 484 197 0 0
623 T 304 490 201 0 0
623 T 1433 1867 310 0 0
623 T 484 1869 1489 0 0
623 T 1541 624 1762 0 0
623 T 1760 589 958 0 0
623 T 956 595 1539 0 0
623 T 378 1214 918 0 0
623 T 427 894 376 0 0
623 T 916 315 429 0 0
623 T 894 317 1214 0 0
623 T 565 881 199 0 0
623 T 201 365 539 0 0
623 T 620 363 881 0 0
623 T 38 1948 1716 0 0
623 T 1718 2023 20 0 0
623 T 1568 2131 2060 0 0
623 T 959 2133 2023 0 0
623 T 914 573 842 0 0
623 T 0 842 912 0 0
623 T 610 634 1987 0 0
623 T 1620 1251 608 0 0
623 T 1989 1156 1622 0 0
623 T 1251 1158 634 0 0
623 T 2038 2103 1164 0 0
623 T 2103 634 2203 0 0
623 T 1743 2015 92 0 0
623 T 1639 501 1745 0 0
623 T 2088 1651 1521 0 0
623 T 308 1885 2090 0 0
623 T 1519 2030 310 0 0
623 T 1885 2028 1651 0 0
623 T 495 1371 343 0 0
623 T 918 747 497 0 0
623 T 345 213 916 0 0
623 T 747 211 1371 0 0
623 T 1220 1716 1545 0 0
623 T 1543 1950 893 0 0
623 T 1933 1206 1755 0 0
623 T 1687 1378 1757 0 0
623 T 1206 745 1689 0 0
623 T 1256 497 439 0 0
623 T 759 1458 1258 0 0
623 T 441 908 761 0 0
623 T 1458 910 497 0 0
623 T 399 1 624 0 0
623 T 520 351 401 0 0
623 T 351 556 1 0 0
623 T 814 189 64 0 0
623 T 771 156 812 0 0
623 T 63 174 773 0 0
623 T 496 658 1211 0 0
623 T 748 375 658 0 0
623 T 924 711 514 0 0
623 T 395 266 926 0 0
623 T 512 1415 397 0 0
623 T 220 939 974 0 0
623 T 972 604 150 0 0
623 T 1665 305 1764 0 0
623 T 1766 1977 1420 0 0
623 T 1422 2080 1663 0 0
623 T 2080 1975 305 0 0
623 T 1833 1098 763 0 0
623 T 1292 988 1831 0 0
623 T 765 1447 1294 0 0
623 T 988 1449 1098 0 0
623 T 982 1465 1094 0 0
623 T 1444 80 1094 0 0
623 T 410 380 24 0 0
623 T 735 410 4 0 0
623 T 380 735 62 0 0
623 T 511 465 1242 0 0
623 T 1003 1462 513 0 0
623 T 1462 504 465 0 0
623 T 849 983 1175 0 0
623 T 928 188 847 0 0
623 T 983 190 1529 0 0
623 T 473 618 279 0 0
623 T 938 543 471 0 0
623 T 281 525 936 0 0
623 T 877 1478 828 0 0
623 T 929 1479 875 0 0
623 T 691 1305 185 0 0
623 T 183 1524 1649 0 0
623 T 1524 1303 967 0 0
623 T 1753 2049 581 0 0
623 T 316 231 1751 0 0
623 T 1526 1730 1266 0 0
623 T 868 1982 1524 0 0
623 T 1264 58 870 0 0
623 T 1982 57 1730 0 0
623 T 174 2023 1901 0 0
623 T 1054 1562 172 0 0
623 T 1562 1483 2023 0 0
623 T 1686 1370 1337 0 0
623 T 1678 1361 1342 0 0
623 T 568 723 1684 0 0
623 T 723 327 1370 0 0
623 T 1361 325 729 0 0
623 T 985 734 194 0 0
623 T 1821 2172 983 0 0
623 T 734 2174 1912 0 0
623 T 511 1438 534 0 0
623 T 532 459 398 0 0
623 T 1418 461 1438 0 0
623 T 477 2085 2144 0 0
623 T 1891 2178 475 0 0
623 T 1963 1140 394 0 0
623 T 392 205 147 0 0
623 T 1779 203 1140 0 0
623 T 1096 1738 202 0 0
623 T 347 1967 1098 0 0
623 T 200 138 349 0 0
623 T 1926 2083 732 0 0
623 T 1395 1062 807 0 0
623 T 498 717 1397 0 0
623 T 809 342 496 0 0
623 T 717 340 1062 0 0
623 T 206 855 537 0 0
623 T 1642 1322 204 0 0
623 T 1322 786 855 0 0
623 T 561 1463 674 0 0
623 T 1090 1987 2203 0 0
623 T 294 1351 2035 0 0
623 T 1089 617 292 0 0
623 T 617 308 1351 0 0
623 T 609 302 1347 0 0
623 T 607 298 1353 0 0
623 T 1347 308 605 0 0
623 T 250 1262 2055 0 0
623 T 2190 2099 248 0 0
623 T 2099 1841 1262 0 0
623 T 170 1624 1546 0 0
623 T 457 1715 1624 0 0
623 T 1190 269 863 0 0
623 T 1470 254 1188 0 0
623 T 865 247 1468 0 0
623 T 869 1048 261 0 0
623 T 1048 182 1013 0 0
623 T 892 241 1011 0 0
623 T 771 1688 22 0 0
623 T 21 1660 812 0 0
623 T 158 1662 1688 0 0
623 T 1678 1665 164 0 0
623 T 1667 1472 1419 0 0
623 T 1768 1194 1669 0 0
623 T 1194 1936 1472 0 0
623 T 1006 533 1483 0 0
623 T 2188 1995 1260 0 0
623 T 250 1997 1837 0 0
623 T 1657 2098 1542 0 0
623 T 2040 1920 1655 0 0
623 T 1540 329 2042 0 0
623 T 1920 327 2098 0 0
623 T 877 14 950 0 0
623 T 12 965 895 0 0
623 T 312 53 875 0 0
623 T 59 895 301 0 0
623 T 948 640 314 0 0
623 T 963 299 641 0 0
623 T 1605 908 1191 0 0
623 T 1193 1037 390 0 0
623 T 388 1679 1603 0 0
623 T 1679 1035 908 0 0
623 T 2020 187 1907 0 0
623 T 1483 1585 2022 0 0
623 T 1909 1023 1485 0 0
623 T 1585 1025 187 0 0
623 T 1741 1321 1675 0 0
623 T 1677 2064 1394 0 0
623 T 1392 1205 1739 0 0
623 T 1205 2066 1321 0 0
623 T 1282 1126 1839 0 0
623 T 1126 1292 2099 0 0
623 T 1843 1142 799 0 0
623 T 2111 394 1845 0 0
623 T 801 1963 2113 0 0
623 T 156 1865 1858 0 0
623 T 1601 1128 1856 0 0
623 T 1599 1863 1099 0 0
623 T 1542 403 1776 0 0
623 T 1778 421 1383 0 0
623 T 1072 419 403 0 0
623 T 333 1320 272 0 0
623 T 674 857 331 0 0
623 T 691 322 843 0 0
623 T 936 802 1 0 0
623 T 637 525 2 0 0
623 T 739 286 367 0 0
623 T 369 214 162 0 0
623 T 227 1183 1397 0 0
623 T 594 357 756 0 0
623 T 421 1285 592 0 0
623 T 758 629 419 0 0
623 T 1285 627 357 0 0
623 T 1477 1176 1198 0 0
623 T 1196 1798 1479 0 0
623 T 753 1886 1699 0 0
623 T 1369 309 751 0 0
623 T 1362 306 732 0 0
623 T 1701 2087 1367 0 0
623 T 2002 1870 1146 0 0
623 T 689 1892 2000 0 0
623 T 1144 450 687 0 0
623 T 1892 448 1870 0 0
623 T 1234 1136 2 0 0
623 T 1000 726 1136 0 0
623 T 1232 500 1002 0 0
623 T 726 502 1 0 0
623 T 1596 427 1098 0 0
623 T 1096 376 1830 0 0
623 T 1828 892 1598 0 0
623 T 445 702 3 0 0
623 T 688 362 443 0 0
623 T 862 688 4 0 0
623 T 362 862 702 0 0
623 T 1001 922 1686 0 0
623 T 570 920 1137 0 0
623 T 246 1433 1018 0 0
623 T 1043 1384 244 0 0
623 T 1016 153 1045 0 0
623 T 1959 1734 1391 0 0
623 T 860 2091 1961 0 0
623 T 2091 717 1734 0 0
623 T 78 2000 1916 0 0
623 T 1918 483 1518 0 0
623 T 1984 485 2000 0 0
623 T 1991 1974 490 0 0
623 T 903 2073 2146 0 0
623 T 2085 1978 905 0 0
623 T 1978 477 2073 0 0
623 T 1238 948 1716 0 0
623 T 1562 1878 1718 0 0
623 T 948 1943 1560 0 0
623 T 1878 1945 1236 0 0
623 T 125 813 722 0 0
623 T 720 34 814 0 0
623 T 134 103 106 0 0
623 T 470 134 433 0 0
623 T 863 718 466 0 0
623 T 514 1458 865 0 0
623 T 718 1456 1239 0 0
623 T 1090 608 2105 0 0
623 T 668 16 168 0 0
623 T 170 453 224 0 0
623 T 2061 1801 1408 0 0
623 T 653 2169 2059 0 0
623 T 1410 379 651 0 0
623 T 519 1179 1173 0 0
623 T 1171 1720 623 0 0
623 T 1179 555 1720 0 0
623 T 90 0 100 0 0
623 T 0 1209 1166 0 0
623 T 885 631 300 0 0
623 T 882 660 313 0 0
623 T 302 1254 146 0 0
623 T 231 1801 1034 0 0
623 T 1032 1904 1128 0 0
623 T 193 1906 1801 0 0
623 T 27 773 746 0 0
623 T 546 838 2 0 0
623 T 838 630 1231 0 0
623 T 1135 628 544 0 0
623 T 1199 190 721 0 0
623 T 190 94 812 0 0
623 T 2043 490 1701 0 0
623 T 1699 1972 1085 0 0
623 T 1083 1991 2045 0 0
623 T 2176 2155 690 0 0
623 T 2155 477 1999 0 0
623 T 1264 417 183 0 0
623 T 840 1275 536 0 0
623 T 912 565 1273 0 0
623 T 1991 1975 26 0 0
623 T 1068 419 787 0 0
623 T 789 654 386 0 0
623 T 384 1092 1070 0 0
623 T 1092 652 419 0 0
623 T 664 1217 371 0 0
623 T 1714 1686 666 0 0
623 T 373 2088 1712 0 0
623 T 1686 2090 1217 0 0
623 T 887 1474 204 0 0
623 T 722 393 1474 0 0
623 T 806 882 1312 0 0
623 T 1790 949 968 0 0
623 T 970 1944 1584 0 0
623 T 1586 1561 1788 0 0
623 T 184 869 1039 0 0
623 T 1041 58 416 0 0
623 T 385 334 1464 0 0
623 T 560 858 383 0 0
623 T 767 889 386 0 0
623 T 384 1474 463 0 0
623 T 385 1063 1422 0 0
623 T 1670 1065 466 0 0
623 T 1921 1693 724 0 0
623 T 1693 2097 1369 0 0
623 T 489 1786 1617 0 0
623 T 704 1330 1676 0 0
623 T 1665 1328 741 0 0
623 T 364 1511 439 0 0
623 T 441 1681 1065 0 0
623 T 1343 1081 1807 0 0
623 T 1809 403 1924 0 0
623 T 1926 760 1345 0 0
623 T 760 405 1081 0 0
623 T 336 2150 1922 0 0
623 T 2150 2123 1928 0 0
623 T 1289 304 324 0 0
623 T 1148 1289 1187 0 0
623 T 1150 1505 304 0 0
623 T 618 753 1674 0 0
623 T 1672 1367 1352 0 0
623 T 1666 1362 1343 0 0
623 T 263 471 1088 0 0
623 T 1299 1804 1204 0 0
623 T 1189 1299 1755 0 0
623 T 1187 1931 1804 0 0
623 T 1477 312 332 0 0
623 T 334 1327 1198 0 0
623 T 1876 1728 1585 0 0
623 T 1485 19 1878 0 0
623 T 19 2022 1728 0 0
623 T 844 190 584 0 0
623 T 758 184 846 0 0
623 T 586 178 756 0 0
623 T 1261 2141 2100 0 0
623 T 1996 247 2141 0 0
623 T 721 1661 1161 0 0
623 T 2101 763 1967 0 0
623 T 349 1833 2099 0 0
623 T 955 1106 752 0 0
623 T 1673 922 957 0 0
623 T 922 615 1106 0 0
623 T 908 284 1150 0 0
623 T 1452 228 910 0 0
623 T 1148 254 1454 0 0
623 T 193 730 934 0 0
623 T 932 1195 874 0 0
623 T 872 278 191 0 0
623 T 278 1197 730 0 0
623 T 703 1300 1739 0 0
623 T 577 470 887 0 0
623 T 386 206 575 0 0
623 T 1390 361 11 0 0
623 T 335 689 1388 0 0
623 T 12 446 337 0 0
623 T 1120 1645 2192 0 0
623 T 2014 1199 1645 0 0
623 T 780 1612 1085 0 0
623 T 1413 780 7 0 0
623 T 1083 378 8 0 0
623 T 1411 376 1612 0 0
623 T 456 631 1236 0 0
623 T 1410 1032 1828 0 0
623 T 376 9 1408 0 0
623 T 9 1096 1032 0 0
623 T 503 1332 646 0 0
623 T 65 507 1341 0 0
623 T 197 330 505 0 0
623 T 500 323 204 0 0
623 T 644 547 195 0 0
623 T 686 606 196 0 0
623 T 643 520 684 0 0
623 T 1224 1185 831 0 0
623 T 833 1451 1272 0 0
623 T 1242 1453 1185 0 0
623 T 235 551 517 0 0
623 T 492 531 277 0 0
623 T 1577 1909 1515 0 0
623 T 1517 2129 1363 0 0
623 T 411 2127 1909 0 0
623 T 332 829 83 0 0
623 T 831 321 81 0 0
623 T 830 41 334 0 0
623 T 832 36 319 0 0
623 T 322 1305 755 0 0
623 T 174 927 873 0 0
623 T 931 1556 172 0 0
623 T 927 1558 1198 0 0
623 T 1708 1892 309 0 0
623 T 1434 450 1710 0 0
623 T 1042 221 1010 0 0
623 T 678 331 970 0 0
623 T 321 676 980 0 0
623 T 968 827 14 0 0
623 T 980 834 10 0 0
623 T 1971 580 1613 0 0
623 T 1611 600 1703 0 0
623 T 422 1929 1860 0 0
623 T 651 2009 1929 0 0
623 T 557 1711 1520 0 0
623 T 1652 374 555 0 0
623 T 430 766 899 0 0
623 T 663 1450 428 0 0
623 T 1141 325 1550 0 0
623 T 704 1804 1393 0 0
623 T 273 1302 1198 0 0
623 T 84 876 314 0 0
623 T 299 86 896 0 0
623 T 934 2061 2153 0 0
623 T 2151 651 2179 0 0
623 T 1167 1258 1470 0 0
623 T 1468 1276 898 0 0
623 T 896 1270 1169 0 0
623 T 1349 685 484 0 0
623 T 1345 479 71 0 0
623 T 1267 683 302 0 0
623 T 1050 403 297 0 0
623 T 295 1310 869 0 0
623 T 1310 405 261 0 0
623 T 389 1610 1525 0 0
623 T 789 943 387 0 0
623 T 1523 629 787 0 0
623 T 1753 1208 1119 0 0
623 T 1121 346 318 0 0
623 T 231 344 1208 0 0
623 T 867 1813 1608 0 0
623 T 1979 387 1813 0 0
623 T 1070 968 319 0 0
623 T 334 1069 981 0 0
623 T 758 1523 1068 0 0
623 T 1698 682 1871 0 0
623 T 1633 1593 682 0 0
623 T 600 1633 1696 0 0
623 T 1593 600 1873 0 0
623 T 1014 342 318 0 0
623 T 1117 1071 1012 0 0
623 T 316 447 1115 0 0
623 T 1071 449 342 0 0
623 T 2096 1761 358 0 0
623 T 1936 1430 720 0 0
623 T 1160 1758 1938 0 0
623 T 1430 1756 1662 0 0
623 T 1902 453 2132 0 0
623 T 960 451 173 0 0
623 T 253 1997 1638 0 0
623 T 981 1532 251 0 0
623 T 1532 671 1997 0 0
623 T 1324 1757 1148 0 0
623 T 1597 989 665 0 0
623 T 1498 441 483 0 0
623 T 485 1364 1026 0 0
623 T 1024 1578 1496 0 0
623 T 368 1669 1606 0 0
623 T 909 1768 370 0 0
623 T 643 319 1224 0 0
623 T 681 1308 511 0 0
623 T 513 405 778 0 0
623 T 1616 1311 199 0 0
623 T 238 1175 732 0 0
623 T 734 1326 256 0 0
623 T 956 1291 488 0 0
623 T 1281 956 135 0 0
623 T 1325 1824 1160 0 0
623 T 1783 1311 304 0 0
623 T 1162 2079 1311 0 0
623 T 1808 480 1174 0 0
623 T 1864 1721 480 0 0
623 T 1505 1273 1033 0 0
623 T 1031 1425 306 0 0
623 T 1425 1271 1148 0 0
623 T 1953 79 1438 0 0
623 T 647 668 182 0 0
623 T 1582 1573 154 0 0
623 T 728 2094 1898 0 0
623 T 1904 2164 730 0 0
623 T 613 852 142 0 0
623 T 852 746 138 0 0
623 T 932 5 1051 0 0
623 T 1053 2122 2061 0 0
623 T 2151 2120 5 0 0
623 T 1052 1357 503 0 0
623 T 1887 2131 1054 0 0
623 T 505 1437 1889 0 0
623 T 2131 1435 1357 0 0
623 T 1897 1340 717 0 0
623 T 1732 1342 727 0 0
623 T 560 51 459 0 0
623 T 663 447 708 0 0
623 T 530 449 1216 0 0
623 T 2109 2002 118 0 0
623 T 2115 2047 1210 0 0
623 T 2047 691 2191 0 0
623 T 2035 1792 609 0 0
623 T 298 1794 294 0 0
623 T 140 468 591 0 0
623 T 596 637 352 0 0
623 T 242 137 354 0 0
623 T 137 815 598 0 0
623 T 1510 364 311 0 0
623 T 313 1078 965 0 0
623 T 947 301 1078 0 0
623 T 1144 1076 364 0 0
623 T 1445 270 460 0 0
623 T 1232 2114 1107 0 0
623 T 945 1844 1234 0 0
623 T 1109 393 943 0 0
623 T 163 1341 1343 0 0
623 T 543 428 978 0 0
623 T 1211 340 242 0 0
623 T 430 212 1119 0 0
623 T 1678 325 1732 0 0
623 T 1959 323 2065 0 0
623 T 1320 325 1746 0 0
623 T 474 838 801 0 0
623 T 1535 438 77 0 0
623 T 1192 391 1430 0 0
623 T 2176 985 2159 0 0
623 T 2161 2078 690 0 0
623 T 2078 983 2157 0 0
623 T 737 381 7 0 0
623 T 1942 405 1657 0 0
623 T 528 431 142 0 0
623 T 249 1169 1403 0 0
623 T 1405 1258 865 0 0
623 T 2142 1534 763 0 0
623 T 5 2155 2109 0 0
623 T 1024 983 6 0 0
623 T 1180 1816 508 0 0
623 T 510 1857 1719 0 0
623 T 1857 1818 558 0 0
623 T 219 457 418 0 0
623 T 416 142 218 0 0
623 T 217 140 457 0 0
623 T 690 795 363 0 0
623 T 1022 797 4 0 0
623 T 1886 2 2045 0 0
623 T 1083 2074 1884 0 0
623 T 2074 1991 2 0 0
623 T 1495 1057 496 0 0
623 T 1562 5 1558 0 0
623 T 167 1227 631 0 0
623 T 1543 950 1227 0 0
623 T 355 953 538 0 0
623 T 576 178 357 0 0
623 T 953 176 560 0 0
623 T 648 15 183 0 0
623 T 1520 341 1710 0 0
623 T 2027 1894 341 0 0
623 T 958 151 1001 0 0
623 T 999 149 1281 0 0
623 T 870 474 361 0 0
623 T 359 1140 1814 0 0
623 T 1118 529 779 0 0
623 T 157 1427 1378 0 0
623 T 628 1673 1759 0 0
623 T 1673 1286 2096 0 0
623 T 862 2069 2150 0 0
623 T 2148 425 2091 0 0
623 T 1959 423 2069 0 0
623 T 349 990 1124 0 0
623 T 1873 17 109 0 0
623 T 785 1698 110 0 0
623 T 9 1425 1531 0 0
623 T 834 252 1425 0 0
623 T 160 224 962 0 0
623 T 1349 146 1621 0 0
623 T 590 630 920 0 0
623 T 801 1493 1231 0 0
623 T 145 1202 845 0 0
623 T 426 2007 2153 0 0
623 T 2120 2009 56 0 0
623 T 1165 395 292 0 0
623 T 2009 80 1889 0 0
623 T 854 200 1511 0 0
623 T 1585 5 1528 0 0
623 T 12 1027 1139 0 0
623 T 1548 1379 11 0 0
623 T 706 387 270 0 0
623 T 780 1315 824 0 0
623 T 1743 1960 1203 0 0
623 T 1960 2015 127 0 0
623 T 1763 1343 734 0 0
623 T 1082 1405 775 0 0
623 T 228 2004 1852 0 0
623 T 2185 2006 1250 0 0
623 T 1383 198 1442 0 0
623 T 1046 712 198 0 0
623 T 594 823 1113 0 0
623 T 1643 1298 582 0 0
623 T 1333 144 1645 0 0
623 T 144 319 1298 0 0
623 T 1723 1411 1402 0 0
623 T 747 1723 714 0 0
623 T 1400 1594 712 0 0
623 T 749 1592 1411 0 0
623 T 800 2136 1550 0 0
623 T 2136 228 2004 0 0
623 T 1812 291 2075 0 0
623 T 2077 993 1982 0 0
623 T 656 1613 1591 0 0
623 T 1871 1705 658 0 0
623 T 109 1705 805 0 0
623 T 1521 999 597 0 0
623 T 999 1714 526 0 0
623 T 2120 1569 1890 0 0
623 T 2010 111 2122 0 0
623 T 825 297 1283 0 0
623 T 421 295 1113 0 0
623 T 436 1517 1374 0 0
623 T 1372 1489 284 0 0
623 T 286 1499 438 0 0
623 T 373 1903 1855 0 0
623 T 1818 1905 1653 0 0
623 T 1748 1188 705 0 0
623 T 186 414 280 0 0
623 T 903 652 3 0 0
623 T 1036 386 905 0 0
623 T 4 789 1038 0 0
623 T 523 665 921 0 0
623 T 660 621 1508 0 0
623 T 877 1796 1558 0 0
623 T 885 169 710 0 0
623 T 952 0 997 0 0
623 T 564 374 995 0 0
623 T 374 1244 356 0 0
623 T 217 1236 940 0 0
623 T 971 1238 218 0 0
623 T 906 381 1083 0 0
623 T 895 1382 253 0 0
623 T 1383 329 1859 0 0
623 T 336 30 446 0 0
623 T 1076 709 1544 0 0
623 T 301 1230 709 0 0
623 T 159 997 619 0 0
623 T 257 1302 729 0 0
623 T 1034 1029 1244 0 0
623 T 362 1308 923 0 0
623 T 714 679 360 0 0
623 T 1192 945 3 0 0
623 T 4 1107 1430 0 0
623 T 158 850 873 0 0
623 T 499 2032 1692 0 0
623 T 1922 2034 2 0 0
623 T 753 2 488 0 0
623 T 818 792 152 0 0
623 T 1166 1088 1791 0 0
623 T 337 702 43 0 0
623 T 436 553 346 0 0
623 T 1153 990 3 0 0
623 T 4 1126 1375 0 0
623 T 1538 1146 283 0 0
623 T 285 1627 1851 0 0
623 T 621 1629 1146 0 0
623 T 512 1403 759 0 0
623 T 1748 863 388 0 0
623 T 1603 865 1153 0 0
623 T 1109 1848 1282 0 0
623 T 156 1841 1848 0 0
623 T 826 1400 8 0 0
623 T 1400 1317 1411 0 0
623 T 2130 2021 994 0 0
623 T 738 905 375 0 0
623 T 653 408 378 0 0
623 T 408 381 9 0 0
623 T 1133 2033 2018 0 0
623 T 1928 425 2182 0 0
623 T 328 1646 691 0 0
623 T 370 1597 1543 0 0
623 T 1295 691 1202 0 0
623 T 1694 1284 1353 0 0
623 T 2138 1248 2114 0 0
623 T 1653 342 1881 0 0
623 T 342 1816 1895 0 0
623 T 1724 1726 1724 1 0
623 T 1341 1061 1817 0 0
623 T 2017 2069 1 0 0
623 T 2015 32 1961 0 0
623 T 1089 298 395 0 0
623 T 363 851 821 0 0
623 T 539 432 851 0 0
623 T 304 1533 1097 0 0
623 T 361 1631 1401 0 0
623 T 7 1133 359 0 0
623 T 567 428 226 0 0
623 T 1813 1389 1029 0 0
623 T 1790 876 827 0 0
623 T 1529 1555 1788 0 0
623 T 1928 327 1778 0 0
623 T 496 1515 551 0 0
623 T 553 1485 1055 0 0
623 T 1063 1035 761 0 0
623 T 924 472 296 0 0
623 T 603 633 146 0 0
623 T 728 1287 732 0 0
623 T 600 1003 911 0 0
623 T 2067 1920 1132 0 0
623 T 1112 1047 1071 0 0
623 T 1421 903 762 0 0
623 T 2078 1819 1389 0 0
623 T 2161 1819 336 0 0
623 T 1160 1773 1421 0 0
623 T 1325 740 1773 0 0
623 T 762 1763 2083 0 0
623 T 1488 245 749 0 0
623 T 910 1241 1398 0 0
623 T 749 196 1017 0 0
623 T 1154 370 1020 0 0
623 T 370 989 797 0 0
623 T 406 1929 2041 0 0
623 T 1312 1774 1665 0 0
623 T 358 1027 1599 0 0
623 T 1056 572 1003 0 0
623 T 1017 1723 1044 0 0
623 T 700 336 7 0 0
623 T 192 236 849 0 0
623 T 374 1032 1599 0 0
623 T 47 2109 2001 0 0
623 T 1020 864 1669 0 0
623 T 447 795 1075 0 0
623 T 795 663 1543 0 0
623 T 971 633 139 0 0
623 T 840 1055 601 0 0
623 T 1133 337 861 0 0
623 T 187 991 413 0 0
623 U 2194 7 9 0 0
623 U 2200 9 7 0 0
623 U 1207 9 9 0 0
623 U 94 7 8 0 0
623 U 126 8 7 0 0
623 U 1200 8 8 0 0
623 U 130 10 9 0 0
623 U 90 9 10 0 0
623 U 29 2 2 0 0
623 U 44 2 2 -1 1
623 U 3 2 2 -1 1
623 U 1205 11 11 0 0
623 U 92 11 12 0 0
623 U 128 12 11 0 0
623 U 22 12 11 0 0
623 U 28 11 12 0 0
623 U 676 14 14 0 0
623 U 10 14 13 0 0
623 U 36 13 14 0 0
623 U 13 13 14 0 0
623 U 41 14 13 0 0
623 U 477 3 3 0 0
623 U 25 4 3 0 0
623 U 1 3 4 0 0
623 U 5 3 4 0 0
623 U 47 4 3 0 0
623 U 72 16 15 0 0
623 U 1081 15 17 0 0
623 U 1173 17 16 0 0
623 U 69 17 18 0 0
623 U 1167 16 17 0 0
623 U 683 15 17 0 0
623 U 85 17 18 0 0
623 U 87 15 16 0 0
623 U 112 20 19 0 0
623 U 1567 20 20 0 0
623 U 79 19 20 0 0
623 U 20 20 19 -1 0
623 U 38 19 20 0 0
623 U 282 27 30 0 0
623 U 649 30 28 0 0
623 U 76 28 27 0 0
623 U 239 21 26 0 0
623 U 638 27 21 0 0
623 U 816 26 27 0 0
623 U 809 22 23 0 0
623 U 68 21 22 0 0
623 U 229 23 21 0 0
623 U 657 24 26 0 0
623 U 1574 27 25 0 0
623 U 108 28 27 0 0
623 U 804 26 23 0 0
623 U 17 23 24 0 0
623 U 802 29 22 0 0
623 U 659 24 29 0 0
623 U 287 25 29 0 0
623 U 116 32 31 0 0
623 U 46 31 32 0 0
623 U 1848 32 32 0 0
623 U 2184 31 33 0 0
623 U 2052 33 31 0 0
623 U 1851 33 33 0 0
623 U 40 33 34 0 0
623 U 122 34 33 0 0
623 U 1355 37 40 0 0
623 U 452 40 40 0 0
623 U 1566 40 37 0 0
623 U 74 39 40 0 0
623 U 16 40 39 0 0
623 U 463 38 38 0 0
623 U 104 35 36 0 0
623 U 470 36 36 0 0
623 U 102 36 35 0 0
623 U 204 36 38 0 0
623 U 769 38 36 0 0
623 U 181 45 45 0 0
623 U 515 41 45 0 0
623 U 494 45 41 0 0
623 U 164 42 42 1 0
623 U 509 44 42 0 0
623 U 481 42 44 0 0
623 U 158 44 44 0 0
623 U 45 44 43 0 0
623 U 49 43 44 -1 0
623 U 131 46 45 0 0
623 U 15 51 52 0 0
623 U 76 52 51 0 0
623 U 413 52 52 0 0
623 U 200 48 50 0 0
623 U 441 50 50 0 0
623 U 822 50 48 0 0
623 U 1575 49 52 0 0
623 U 1365 52 49 0 0
623 U 431 48 48 0 0
623 U 102 48 47 -1 0
623 U 105 47 48 0 0
623 U 1835 56 56 0 0
623 U 120 56 55 0 0
623 U 52 55 56 0 0
623 U 2190 54 56 0 0
623 U 2055 56 54 0 0
623 U 1839 54 54 0 0
623 U 49 53 54 0 0
623 U 116 54 53 -1 0
623 U 260 64 65 0 0
623 U 777 57 64 0 0
623 U 682 65 57 0 0
623 U 223 59 62 0 0
623 U 696 62 64 0 0
623 U 763 64 59 0 0
623 U 669 59 61 0 0
623 U 74 61 62 0 0
623 U 107 61 62 0 0
623 U 791 62 65 0 0
623 U 1579 65 61 0 0
623 U 70 64 63 0 0
623 U 249 63 57 0 0
623 U 18 58 57 -1 0
623 U 785 65 58 0 0
623 U 274 66 60 0 0
623 U 672 60 57 0 0
623 U 118 68 67 0 0
623 U 1590 68 68 0 0
623 U 78 67 68 0 0
623 U 19 67 68 0 0
623 U 58 68 67 0 0
623 U 643 70 72 0 0
623 U 88 72 71 -1 0
623 U 1182 71 70 0 0
623 U 1062 72 70 0 0
623 U 67 70 69 0 0
623 U 1183 69 72 0 0
623 U 81 69 70 0 0
623 U 66 71 72 0 0
623 U 6 6 5 0 0
623 U 424 5 5 0 0
623 U 55 5 6 0 0
623 U 32 5 6 0 0
623 U 2 6 5 -1 0
623 U 14 74 73 0 0
623 U 53 73 74 0 0
623 U 641 74 74 0 0
623 U 60 74 73 0 0
623 U 11 73 74 0 0
623 U 21 75 76 0 0
623 U 33 76 75 0 0
623 U 1162 75 75 0 0
623 U 96 76 75 0 0
623 U 123 75 76 0 0
623 U 62 1 1 0 -1
623 U 4 1 1 0 -1
623 U 24 1 1 0 0
623 U 113 77 78 0 0
623 U 1157 78 78 0 0
623 U 98 78 77 0 0
623 U 2204 80 78 0 0
623 U 2196 78 80 0 0
623 U 1163 80 80 0 0
623 U 130 80 79 0 0
623 U 99 79 80 0 0
623 Q 153 255 571 257 0 0 0 0 0 0
623 Q 1315 181 1315 181 0 0 0 0 0 0
623 Q 132 1317 131 1318 0 0 0 0 0 0
623 Q 460 165 438 0 0 0 0 0 0 0
623 Q 0 52 0 39 0 0 0 0 0 0
